-9.5027 35.7378 -27.0103 -0.234056 -0.910738 -0.340256
-10.4204 36.0612 -27.2447 -0.23405 -0.910754 -0.340217
-10.3228 35.6372 -26.178 -0.232504 -0.910525 -0.341887
-9.18087 35.2666 -25.9734 -0.235664 -0.910512 -0.33975
-9.36819 35.6417 -26.8456 -0.234998 -0.910412 -0.340477
-8.59226 35.6134 -27.3201 -0.240417 -0.910569 -0.33625
-9.38344 36.196 -28.343 -0.240039 -0.911449 -0.334128
-10.3436 36.6359 -28.8529 -0.239914 -0.911417 -0.334306
-11.0601 36.5248 -28.0592 -0.226187 -0.911642 -0.343119
-11.5062 36.1418 -26.7313 -0.226889 -0.912524 -0.340326
-11.0479 35.565 -25.4985 -0.229002 -0.911079 -0.342771
-9.98955 35.1221 -25.0306 -0.229541 -0.910425 -0.344122
-8.93299 34.7982 -24.8862 -0.234057 -0.911392 -0.338497
-7.61389 34.6268 -25.3318 -0.23338 -0.911912 -0.337563
-7.93801 35.0458 -26.2407 -0.234267 -0.913027 -0.333902
-8.33915 35.3959 -26.9122 -0.240417 -0.910569 -0.33625
-7.52875 35.375 -27.4311 -0.237638 -0.911627 -0.335356
-8.07718 35.8246 -28.2671 -0.240273 -0.912105 -0.332165
-8.66701 36.2586 -29.0312 -0.24094 -0.911702 -0.332786
-9.28794 36.6402 -29.6441 -0.235361 -0.917522 -0.32056
-10.6796 37.1206 -29.996 -0.236271 -0.917489 -0.319984
-11.5196 37.0122 -29.0957 -0.219259 -0.923155 -0.315769
-12.0883 36.7869 -28.0797 -0.213408 -0.921237 -0.325238
-12.4242 36.5405 -27.1927 -0.223862 -0.913709 -0.33915
-12.5105 36.2123 -26.2704 -0.217786 -0.911546 -0.348776
-12.0456 35.6247 -25.023 -0.215329 -0.911286 -0.350984
-11.3017 35.2157 -24.4241 -0.225671 -0.909686 -0.348632
-10.4726 34.9048 -24.1479 -0.22551 -0.910727 -0.346001
-9.61854 34.6507 -24.0242 -0.222527 -0.916513 -0.332393
-8.6884 34.3997 -23.9657 -0.230567 -0.914511 -0.332428
-7.73686 34.1882 -24.0405 -0.224011 -0.917043 -0.329926
-6.66217 34.0338 -24.349 -0.227974 -0.916398 -0.329001
-6.4417 34.3617 -25.4101 -0.227246 -0.915148 -0.332963
-6.8005 34.7593 -26.2553 -0.234267 -0.913027 -0.333902
-7.30327 35.168 -27.0281 -0.236067 -0.912862 -0.333087
-7.47081 35.3193 -27.3208 -0.237638 -0.911628 -0.335356
-6.67813 35.325 -27.91 -0.236476 -0.91413 -0.329269
-6.17645 34.9194 -27.1365 -0.231737 -0.914827 -0.330738
-5.75389 34.5371 -26.3716 -0.230467 -0.915221 -0.330539
-5.2142 33.9474 -25.0742 -0.210784 -0.922987 -0.321971
-5.22385 33.5636 -23.9525 -0.212039 -0.924383 -0.3171
-6.17354 33.6276 -23.4982 -0.213668 -0.924325 -0.31618
-7.11521 33.7474 -23.2217 -0.211279 -0.922553 -0.322889
-8.00636 33.901 -23.0593 -0.224011 -0.917029 -0.329964
-9.1959 34.1905 -23.0383 -0.22655 -0.915513 -0.332407
-10.239 34.4713 -23.133 -0.208328 -0.91799 -0.33748
-11.1148 34.7476 -23.3185 -0.218492 -0.910654 -0.350672
-12.202 35.1797 -23.7702 -0.214546 -0.911723 -0.35033
-12.9168 35.5892 -24.3951 -0.215145 -0.911129 -0.351506
-13.3932 36.0476 -25.3019 -0.203246 -0.914285 -0.350351
-13.5352 36.4649 -26.2926 -0.204363 -0.912269 -0.354967
-13.2975 36.9152 -27.6483 -0.213732 -0.921183 -0.325177
-12.8687 37.1639 -28.6347 -0.213739 -0.921192 -0.325147
-12.4126 37.3467 -29.4556 -0.210286 -0.925812 -0.314079
-11.765 37.466 -30.2559 -0.218764 -0.92381 -0.314194
-11.1109 37.5285 -30.8953 -0.218952 -0.923841 -0.313972
-10.2736 37.4647 -31.2916 -0.226854 -0.921277 -0.315776
-9.43874 37.1577 -31.0124 -0.228135 -0.917373 -0.326161
-8.64683 36.7391 -30.3937 -0.23203 -0.917541 -0.322926
-7.82405 36.2294 -29.5622 -0.242046 -0.913064 -0.328219
-7.214 35.7753 -28.7575 -0.24215 -0.911428 -0.332659
-6.70795 35.3515 -27.9614 -0.2411 -0.912322 -0.330967
-5.86733 35.3308 -28.5024 -0.233885 -0.915716 -0.326746
-5.39164 34.9343 -27.7367 -0.237157 -0.91463 -0.327423
-4.87193 34.4726 -26.818 -0.226017 -0.92016 -0.319431
-4.37882 33.9986 -25.7724 -0.21397 -0.922795 -0.320415
-4.06999 33.5727 -24.7094 -0.206658 -0.930862 -0.301312
-4.06675 33.2367 -23.714 -0.191685 -0.927606 -0.320602
-4.60702 33.0983 -22.9906 -0.191685 -0.927604 -0.320608
-5.6735 33.2104 -22.6298 -0.207615 -0.922784 -0.3246
-6.77411 33.3663 -22.356 -0.211535 -0.922535 -0.322772
-7.97522 33.5497 -22.0914 -0.212325 -0.923797 -0.318618
-9.01204 33.7919 -22.0613 -0.227885 -0.916046 -0.330043
-10.1462 34.1071 -22.193 -0.211933 -0.918776 -0.333067
-11.0665 34.3639 -22.3126 -0.213207 -0.918228 -0.333766
-12.0681 34.7059 -22.6208 -0.209292 -0.915371 -0.343802
-13.2294 35.2295 -23.2732 -0.213876 -0.911354 -0.351697
-14.0247 35.7719 -24.2164 -0.187241 -0.913489 -0.361176
-14.3822 36.1687 -25.0443 -0.203246 -0.914285 -0.350351
-14.5694 36.5552 -25.9291 -0.204309 -0.912236 -0.355083
-14.473 36.8798 -26.8636 -0.185929 -0.923555 -0.335375
-14.2655 37.1402 -27.7039 -0.194987 -0.923639 -0.329912
-13.7831 37.4907 -28.981 -0.2049 -0.924946 -0.320129
-13.1505 37.7206 -30.0655 -0.208167 -0.92574 -0.315708
-12.587 37.8284 -30.7646 -0.212403 -0.925883 -0.312452
-11.7628 37.9134 -31.5831 -0.218751 -0.925218 -0.310031
-10.6412 37.8653 -32.2364 -0.220425 -0.925429 -0.30821
-9.59249 37.6219 -32.257 -0.222852 -0.924994 -0.307769
-8.79133 37.2782 -31.8041 -0.225505 -0.921188 -0.316944
-8.0236 36.8465 -31.1385 -0.233216 -0.916095 -0.326159
-7.39949 36.4638 -30.5196 -0.238221 -0.913514 -0.329759
-6.56453 35.8873 -29.5402 -0.243444 -0.911272 -0.332141
-6.07119 35.4928 -28.8103 -0.233883 -0.915722 -0.32673
-5.27808 35.5079 -29.4203 -0.233885 -0.915728 -0.326711
-4.67857 35.0144 -28.4735 -0.23731 -0.914032 -0.328983
-4.25887 34.6409 -27.7364 -0.226015 -0.920159 -0.319433
-3.51944 33.9992 -26.348 -0.2145 -0.923942 -0.316709
-3.10227 33.4879 -25.1111 -0.206065 -0.929017 -0.307287
-2.94206 33.1185 -24.0698 -0.20354 -0.93243 -0.298573
-3.05815 32.7896 -23.0055 -0.19479 -0.929147 -0.314137
-3.80771 32.6916 -22.2394 -0.190811 -0.934849 -0.299414
-4.79085 32.7664 -21.8621 -0.182843 -0.935113 -0.303533
-5.73397 32.8804 -21.6433 -0.197759 -0.929679 -0.310296
-6.61936 33.0032 -21.4097 -0.212153 -0.923923 -0.318368
-7.78291 33.1976 -21.1987 -0.212217 -0.923862 -0.318501
-9.06935 33.4453 -21.0598 -0.220102 -0.919922 -0.324329
-10.1689 33.7505 -21.1926 -0.211391 -0.919141 -0.332405
-11.3213 34.0762 -21.3623 -0.207678 -0.921395 -0.328482
-12.3997 34.4368 -21.6813 -0.203705 -0.91914 -0.337167
-13.2855 34.7681 -22.0568 -0.202232 -0.915583 -0.347352
-14.1782 35.2414 -22.7735 -0.185215 -0.915936 -0.356027
-14.8306 35.7111 -23.6397 -0.185805 -0.915637 -0.35649
-15.2377 36.0845 -24.3711 -0.185463 -0.912284 -0.365159
-15.4905 36.4553 -25.1777 -0.186455 -0.91641 -0.354157
-15.5711 36.7966 -26.0162 -0.187201 -0.915873 -0.355152
-15.4124 37.1909 -27.166 -0.197438 -0.92146 -0.334558
-15.0855 37.5311 -28.2969 -0.197776 -0.921625 -0.333904
-14.7515 37.7566 -29.1584 -0.178305 -0.935623 -0.304659
-14.2475 37.9784 -30.145 -0.181519 -0.937148 -0.298001
-13.5836 38.1306 -31.0301 -0.180741 -0.937609 -0.297019
-12.7697 38.249 -31.9082 -0.184207 -0.942129 -0.280057
-12.0384 38.2924 -32.553 -0.188079 -0.940273 -0.283686
-11.19 38.2767 -33.0813 -0.207971 -0.93197 -0.296513
-10.3116 38.1586 -33.3639 -0.230071 -0.925762 -0.300055
-9.19471 37.8909 -33.3629 -0.216664 -0.928417 -0.301826
-8.39117 37.5366 -32.8736 -0.227261 -0.923909 -0.307806
-7.57904 37.0675 -32.0856 -0.234316 -0.918907 -0.317343
-6.8459 36.6255 -31.3744 -0.247244 -0.913373 -0.323449
-6.28186 36.2508 -30.7465 -0.247009 -0.912578 -0.32585
-5.64303 35.7843 -29.9349 -0.24531 -0.912384 -0.327672
-5.28758 35.5154 -29.4347 -0.233885 -0.915728 -0.326712
-4.48561 35.523 -30.0537 -0.239665 -0.916198 -0.321156
-4.03722 35.1484 -29.3204 -0.240631 -0.915026 -0.323752
-3.34879 34.5556 -28.1048 -0.213334 -0.924931 -0.314628
-2.75518 34.064 -27.0543 -0.209206 -0.926716 -0.312137
-2.34527 33.6399 -26.0687 -0.201119 -0.929858 -0.307946
-2.02118 33.1476 -24.7681 -0.19329 -0.932361 -0.30552
-1.9018 32.8352 -23.8784 -0.164975 -0.945409 -0.280774
-1.91382 32.5308 -22.8765 -0.169244 -0.94365 -0.284375
-2.69629 32.3195 -21.7434 -0.159035 -0.942048 -0.295386
-3.7469 32.3376 -21.1764 -0.187129 -0.934184 -0.30378
-4.82604 32.4494 -20.8604 -0.183262 -0.935434 -0.302287
-5.84763 32.5689 -20.6102 -0.182892 -0.934358 -0.305798
-6.88031 32.705 -20.3824 -0.208559 -0.922044 -0.326094
-7.85588 32.8666 -20.2103 -0.212356 -0.921752 -0.324465
-9.01831 33.122 -20.1739 -0.212976 -0.923859 -0.318004
-9.94635 33.3627 -20.2564 -0.208567 -0.923004 -0.323317
-11.2977 33.7294 -20.4044 -0.210854 -0.92029 -0.329538
-12.2097 33.9901 -20.5717 -0.200836 -0.92125 -0.333111
-13.1844 34.3296 -20.9222 -0.201472 -0.920122 -0.335821
-14.2416 34.7443 -21.4331 -0.193971 -0.921154 -0.337418
-14.9793 35.1549 -22.1322 -0.178892 -0.924052 -0.3375
-15.817 35.7828 -23.3236 -0.178162 -0.916421 -0.358372
-16.3686 36.3616 -24.4956 -0.180829 -0.911805 -0.368664
-16.5505 36.752 -25.3861 -0.186448 -0.916079 -0.355016
-16.4823 37.2735 -26.8053 -0.176748 -0.923984 -0.339137
-16.2775 37.5586 -27.6953 -0.179051 -0.924541 -0.3364
-15.9196 37.8655 -28.8058 -0.177071 -0.936286 -0.30334
-15.3881 38.1893 -30.1223 -0.184029 -0.934487 -0.304653
-14.694 38.3886 -31.1635 -0.183541 -0.936554 -0.298629
-14.05 38.4966 -31.9163 -0.185814 -0.940684 -0.283865
-13.2555 38.599 -32.7655 -0.187228 -0.943337 -0.273704
-12.192 38.6706 -33.6814 -0.192331 -0.938307 -0.287323
-10.9441 38.5754 -34.2204 -0.195663 -0.936705 -0.290343
-9.97212 38.4045 -34.3994 -0.214356 -0.933344 -0.287953
-8.67881 38.077 -34.3158 -0.22373 -0.928499 -0.296321
-7.87254 37.7222 -33.8293 -0.231802 -0.925558 -0.299349
-7.16415 37.2913 -33.0456 -0.236602 -0.924509 -0.298794
-6.17679 36.6948 -32.0823 -0.245538 -0.917904 -0.311668
-5.36738 36.1607 -31.1872 -0.247005 -0.912578 -0.325852
-4.70865 35.6941 -30.3759 -0.240909 -0.914877 -0.32396
-4.02436 35.7837 -31.1393 -0.239665 -0.915702 -0.322521
-3.41192 35.316 -30.2596 -0.236342 -0.915896 -0.324464
-2.8601 34.8219 -29.2291 -0.220445 -0.923507 -0.313903
-2.33978 34.3823 -28.2909 -0.214587 -0.926132 -0.310213
-1.75966 33.9036 -27.2603 -0.206636 -0.929566 -0.305166
-1.43402 33.5786 -26.4709 -0.198589 -0.932245 -0.30246
-1.19701 33.2121 -25.4996 -0.19902 -0.931869 -0.303334
-0.922055 32.8777 -24.6353 -0.179296 -0.940633 -0.287242
-0.781805 32.4833 -23.3703 -0.163283 -0.94222 -0.292506
-0.981437 32.1777 -22.2281 -0.158664 -0.947425 -0.277869
-1.66686 32.0248 -21.3234 -0.153989 -0.947269 -0.281014
-2.42691 31.972 -20.7329 -0.146943 -0.946802 -0.286216
-3.67738 32.0052 -20.1432 -0.173609 -0.938552 -0.297954
-5.05495 32.1529 -19.8217 -0.180806 -0.934037 -0.308033
-5.99557 32.265 -19.6064 -0.181497 -0.933342 -0.309727
-6.90054 32.3797 -19.4244 -0.180183 -0.93306 -0.311338
-7.91846 32.5654 -19.3097 -0.213683 -0.922094 -0.322617
-8.82764 32.7611 -19.2594 -0.217736 -0.921281 -0.322231
-9.82887 33.0038 -19.2986 -0.203663 -0.924739 -0.321527
-10.9175 33.2814 -19.3888 -0.213041 -0.921234 -0.325487
-11.9544 33.554 -19.5083 -0.197577 -0.924504 -0.325969
-13.1633 33.9329 -19.8309 -0.205598 -0.921786 -0.328695
-13.9414 34.2354 -20.1991 -0.192228 -0.925192 -0.327212
-14.8677 34.5952 -20.6662 -0.193972 -0.921154 -0.337418
-15.7108 35.0366 -21.4522 -0.16435 -0.926698 -0.337965
-16.3309 35.4743 -22.2854 -0.176007 -0.915391 -0.362051
-16.7805 35.8523 -23.0299 -0.156966 -0.914371 -0.373197
-17.3072 36.3587 -24.0422 -0.158427 -0.91128 -0.38005
-17.5234 36.824 -25.0956 -0.171393 -0.915033 -0.365157
-17.5497 37.1916 -26.0186 -0.173971 -0.920866 -0.348708
-17.4767 37.4965 -26.8843 -0.192757 -0.914716 -0.355161
-17.175 37.8968 -28.1832 -0.220398 -0.926311 -0.305569
-16.8945 38.1229 -29.0313 -0.185293 -0.929235 -0.319098
-16.5375 38.3444 -29.8474 -0.193514 -0.922185 -0.334854
-15.9537 38.6149 -31.0582 -0.177679 -0.945924 -0.266065
-15.2272 38.7359 -32.0002 -0.122286 -0.962235 -0.242447
-14.4407 38.8676 -32.8899 -0.185813 -0.940684 -0.283866
-13.7765 38.9331 -33.5901 -0.191096 -0.945821 -0.262498
-13.0774 38.9917 -34.23 -0.160633 -0.945065 -0.284692
-12.1781 38.9857 -34.747 -0.185077 -0.94298 -0.27665
-11.1125 38.9064 -35.193 -0.194158 -0.942888 -0.270525
-10.1687 38.7516 -35.3783 -0.21436 -0.933345 -0.287949
-9.08713 38.5139 -35.4218 -0.218053 -0.935149 -0.279194
-8.2342 38.257 -35.237 -0.226232 -0.931811 -0.283703
-7.28224 37.8516 -34.6941 -0.231338 -0.92888 -0.289246
-6.6886 37.497 -34.0675 -0.241396 -0.923462 -0.298238
-5.942 37.026 -33.2426 -0.245537 -0.917904 -0.311669
-5.19933 36.5719 -32.475 -0.242941 -0.91657 -0.317529
-4.40692 36.0422 -31.5789 -0.2444 -0.913995 -0.323856
-4.05272 35.8042 -31.1757 -0.244566 -0.913727 -0.324486
-3.22533 35.7815 -31.7306 -0.243647 -0.918227 -0.312241
-2.58287 35.3161 -30.8464 -0.236456 -0.921008 -0.309568
-2.09919 34.9302 -30.0749 -0.222605 -0.922242 -0.316076
-1.64642 34.4728 -29.0378 -0.213198 -0.927076 -0.308332
-0.938335 33.8914 -27.7717 -0.202961 -0.931049 -0.30322
-0.589813 33.5685 -27.004 -0.200649 -0.93301 -0.298706
-0.276823 33.1713 -25.9759 -0.197782 -0.931986 -0.303783
0.144404 32.6801 -24.5666 -0.15556 -0.950114 -0.270313
0.277832 32.3722 -23.59 -0.159187 -0.946004 -0.282376
0.160446 32.0313 -22.3476 -0.126597 -0.957488 -0.259201
-0.224346 31.8232 -21.4153 -0.120329 -0.956787 -0.264726
-0.984479 31.6812 -20.5317 -0.152725 -0.949173 -0.275218
-2.08982 31.6234 -19.7691 -0.142591 -0.945745 -0.291948
-3.0797 31.6308 -19.3052 -0.155033 -0.943841 -0.291768
-4.32323 31.7314 -18.9698 -0.161289 -0.939763 -0.301145
-5.39193 31.8788 -18.7939 -0.180512 -0.933692 -0.309249
-6.32878 31.9821 -18.567 -0.178472 -0.933293 -0.311622
-7.43928 32.1525 -18.4027 -0.206347 -0.9284 -0.309023
-8.40185 32.3643 -18.3954 -0.213607 -0.926311 -0.310267
-9.87616 32.705 -18.4033 -0.204797 -0.92516 -0.319588
-10.9366 32.9467 -18.418 -0.208913 -0.924507 -0.318814
-12.2166 33.2784 -18.5469 -0.20665 -0.925238 -0.318166
-13.2502 33.5874 -18.7783 -0.20316 -0.926418 -0.316979
-14.1073 33.9063 -19.1657 -0.199391 -0.925159 -0.322972
-14.9661 34.2485 -19.6186 -0.199389 -0.925892 -0.320887
-15.7745 34.5537 -20.0686 -0.170673 -0.930045 -0.325383
-16.4744 34.9465 -20.8124 -0.166881 -0.929725 -0.328226
-17.1862 35.423 -21.7796 -0.163002 -0.921282 -0.352795
-17.785 35.8072 -22.4878 -0.157716 -0.916456 -0.36773
-18.1988 36.2978 -23.5254 -0.156786 -0.912534 -0.377649
-18.4961 36.7941 -24.5728 -0.15991 -0.908999 -0.384897
-18.5624 37.1827 -25.5089 -0.195311 -0.910777 -0.363785
-18.4829 37.6916 -26.8129 -0.205275 -0.908295 -0.364372
-18.2844 37.9867 -27.6805 -0.20709 -0.924163 -0.318135
-18.1132 38.2506 -28.6093 -0.209605 -0.93048 -0.300455
-17.7187 38.479 -29.5082 -0.208514 -0.918921 -0.334823
-17.2243 38.713 -30.6536 -0.151538 -0.962606 -0.224492
-16.7378 38.8877 -31.7095 -0.145492 -0.962677 -0.22822
-15.9813 38.9996 -32.6635 -0.140609 -0.963317 -0.228527
-15.3334 39.1063 -33.37 -0.105658 -0.964543 -0.24185
-14.4847 39.2166 -34.2565 -0.130548 -0.965125 -0.226917
-13.4623 39.3012 -35.1326 -0.135321 -0.959602 -0.246681
-12.4635 39.2921 -35.6529 -0.169819 -0.953105 -0.250505
-11.4862 39.248 -36.1466 -0.165316 -0.952537 -0.255539
-10.2544 39.0765 -36.4383 -0.202671 -0.941744 -0.268409
-8.93068 38.7729 -36.4166 -0.217114 -0.937057 -0.273385
-7.79634 38.4078 -36.0946 -0.224834 -0.934581 -0.275678
-7.01659 38.1041 -35.7232 -0.234664 -0.929979 -0.28297
-6.23652 37.7167 -35.1106 -0.241995 -0.923169 -0.298657
-5.64829 37.3232 -34.3721 -0.2383 -0.924628 -0.29707
-4.61702 36.7157 -33.3636 -0.245683 -0.919412 -0.30712
-3.84787 36.1979 -32.4543 -0.250427 -0.914925 -0.31654
-3.51066 35.972 -32.068 -0.247195 -0.916534 -0.314389
-3.39596 35.8975 -31.9387 -0.243649 -0.918227 -0.312239
