-12.32 37.9784 -23.9488 -0.21633 -0.91203 -0.348425
-13.0397 37.8323 -23.1193 -0.216333 -0.912031 -0.348421
-12.2642 37.4958 -22.7187 -0.222264 -0.918652 -0.326616
-11.2912 37.4995 -23.3527 -0.225614 -0.911452 -0.344027
-12.2508 37.9696 -23.9688 -0.221532 -0.911443 -0.346659
-12.7378 38.4041 -24.7976 -0.212484 -0.911206 -0.352922
-11.5719 38.1811 -24.9541 -0.224013 -0.909658 -0.349769
-10.5861 37.5765 -24.019 -0.225363 -0.910285 -0.347247
-10.1003 37.174 -23.2817 -0.229076 -0.909834 -0.346014
-10.0368 36.7969 -22.3169 -0.229501 -0.91371 -0.335356
-10.8898 36.9026 -22.0205 -0.23094 -0.913855 -0.33397
-12.0227 37.119 -21.8359 -0.226924 -0.914848 -0.334005
-13.037 37.3571 -21.8555 -0.191742 -0.919309 -0.343636
-14.0047 37.7299 -22.3002 -0.195583 -0.916255 -0.349604
-14.199 38.0813 -23.1122 -0.195028 -0.915663 -0.351455
-13.5255 38.3801 -24.257 -0.204845 -0.913848 -0.350434
-13.048 38.412 -24.6312 -0.212487 -0.911206 -0.352921
-13.4352 38.8348 -25.494 -0.21074 -0.912226 -0.351328
-12.3195 38.7955 -26.0741 -0.221642 -0.909892 -0.350673
-11.3695 38.5702 -26.0943 -0.230125 -0.908226 -0.349526
-10.6345 38.1539 -25.5033 -0.234179 -0.906172 -0.352153
-9.97151 37.7261 -24.8297 -0.23329 -0.909461 -0.344172
-9.40108 37.3178 -24.134 -0.232311 -0.909965 -0.343506
-8.79731 36.7892 -23.1387 -0.230362 -0.910832 -0.342518
-8.77508 36.3014 -21.8198 -0.228591 -0.914798 -0.332999
-9.6527 36.3709 -21.4069 -0.227111 -0.917008 -0.327898
-10.6112 36.5038 -21.1189 -0.230454 -0.914705 -0.331972
-11.6172 36.7021 -20.9644 -0.220838 -0.918618 -0.327424
-12.8665 36.9677 -20.8951 -0.204423 -0.916966 -0.342313
-13.9481 37.233 -21.0077 -0.189952 -0.920842 -0.340541
-14.9848 37.7022 -21.7109 -0.186336 -0.923575 -0.335094
-15.2491 38.1235 -22.6747 -0.177937 -0.91715 -0.356613
-15.0971 38.5397 -23.8072 -0.178483 -0.914515 -0.363052
-14.576 38.7332 -24.5813 -0.197953 -0.912488 -0.358022
-13.8795 38.8128 -25.1705 -0.210743 -0.912226 -0.351327
-14.4714 39.2259 -25.895 -0.198547 -0.914477 -0.35254
-15.2437 39.135 -25.2422 -0.187274 -0.912158 -0.364538
-15.8746 38.9825 -24.5355 -0.181123 -0.914838 -0.360905
-16.2976 38.5424 -23.2287 -0.165163 -0.913849 -0.370915
-16.2278 38.0884 -22.1233 -0.155142 -0.924498 -0.347674
-15.9395 37.703 -21.1971 -0.164756 -0.92643 -0.3385
-15.204 37.2498 -20.3377 -0.198129 -0.927575 -0.316781
-14.1542 36.9287 -20.0319 -0.186906 -0.933068 -0.307329
-12.9636 36.6548 -19.9582 -0.209793 -0.923399 -0.321437
-11.9751 36.4447 -20.0046 -0.210035 -0.922725 -0.323199
-10.5368 36.1423 -20.1707 -0.229618 -0.921677 -0.312707
-9.2842 35.9591 -20.5115 -0.222178 -0.919037 -0.325521
-8.37575 35.8772 -20.9092 -0.226412 -0.917246 -0.327716
-7.50952 35.8605 -21.458 -0.223847 -0.919452 -0.323211
-7.40246 36.1911 -22.4633 -0.235635 -0.914987 -0.327528
-7.88554 36.7765 -23.7246 -0.236004 -0.911143 -0.337817
-8.55555 37.3126 -24.6965 -0.236416 -0.909622 -0.341605
-9.2296 37.7896 -25.5031 -0.235728 -0.909155 -0.343315
-9.97046 38.2879 -26.3009 -0.23939 -0.907274 -0.345755
-10.5827 38.6733 -26.8997 -0.23557 -0.910177 -0.340711
-11.5387 39.0528 -27.2563 -0.23379 -0.911373 -0.338736
-12.8952 39.2598 -26.9151 -0.223103 -0.91162 -0.345165
-13.7526 39.2713 -26.4353 -0.205039 -0.914844 -0.347879
-14.2629 39.2425 -26.0588 -0.202728 -0.915329 -0.347949
-14.8957 39.6634 -26.8021 -0.20042 -0.915814 -0.348018
-15.6142 39.6053 -26.2367 -0.189009 -0.911948 -0.364169
-16.3905 39.4689 -25.4886 -0.187277 -0.912157 -0.364539
-16.938 39.2714 -24.7458 -0.16892 -0.909321 -0.380265
-17.2852 38.976 -23.8622 -0.16865 -0.91404 -0.368885
-17.3616 38.6459 -23.0166 -0.163581 -0.912348 -0.375316
-17.263 38.2465 -22.0818 -0.155141 -0.924498 -0.347674
-17.0006 37.8285 -21.0418 -0.127368 -0.928901 -0.347734
-16.515 37.4019 -20.0773 -0.128112 -0.929698 -0.345318
-15.7539 37.0658 -19.4942 -0.174957 -0.933489 -0.313031
-14.7885 36.7553 -19.129 -0.186807 -0.930671 -0.314569
-13.5324 36.4409 -18.9728 -0.204639 -0.923993 -0.323002
-12.3489 36.1881 -19.0101 -0.206981 -0.925108 -0.318323
-11.3807 35.981 -19.075 -0.230269 -0.921177 -0.313701
-10.2832 35.7642 -19.24 -0.228407 -0.922265 -0.31186
-9.09946 35.5864 -19.5677 -0.223643 -0.920648 -0.319987
-8.21134 35.4934 -19.9269 -0.227483 -0.920793 -0.316847
-7.33679 35.4346 -20.3705 -0.220096 -0.923211 -0.315023
-6.59263 35.4356 -20.8906 -0.222053 -0.921753 -0.317831
-6.15347 35.6042 -21.6829 -0.215142 -0.923655 -0.317134
-6.3034 35.9645 -22.6211 -0.231981 -0.917412 -0.323269
-6.58875 36.3426 -23.4568 -0.233825 -0.912826 -0.334774
-7.01769 36.7683 -24.3099 -0.236867 -0.910881 -0.33792
-7.69613 37.2993 -25.2584 -0.239257 -0.90947 -0.340029
-8.59277 37.9348 -26.3205 -0.239733 -0.908211 -0.343021
-9.16251 38.3145 -26.9299 -0.237709 -0.907816 -0.345486
-9.93458 38.8217 -27.7477 -0.23757 -0.910767 -0.337733
-10.6775 39.1796 -28.1851 -0.233091 -0.910015 -0.342842
-11.5803 39.4548 -28.2976 -0.226851 -0.910526 -0.345522
-12.573 39.6144 -28.0954 -0.219682 -0.914099 -0.340773
-13.4816 39.6939 -27.7314 -0.212169 -0.918266 -0.334324
-14.8526 39.6668 -26.8358 -0.200418 -0.915815 -0.348016
-15.5103 40.0709 -27.5076 -0.205334 -0.913564 -0.351047
-16.238 40.0086 -26.9157 -0.198642 -0.911963 -0.358784
-17.3407 39.8124 -25.8566 -0.176054 -0.908102 -0.379454
-17.9646 39.579 -25.04 -0.157693 -0.913623 -0.374734
-18.3958 39.1349 -23.844 -0.12094 -0.920043 -0.372676
-18.4416 38.6826 -22.7049 -0.127639 -0.918244 -0.374804
-18.3331 38.2684 -21.7617 -0.128223 -0.912167 -0.389243
-18.0683 37.9192 -20.9128 -0.105228 -0.92945 -0.353537
-17.5784 37.5588 -20.1023 -0.129181 -0.930172 -0.343647
-17.2527 37.2346 -19.3377 -0.126268 -0.939002 -0.319604
-16.4565 36.9375 -18.7635 -0.139042 -0.937831 -0.317693
-15.124 36.4836 -18.145 -0.179666 -0.930716 -0.318573
-13.9371 36.1931 -17.9903 -0.208576 -0.929904 -0.302944
-13.009 35.9956 -18.0283 -0.2104 -0.92771 -0.308141
-11.9427 35.7745 -18.0727 -0.214759 -0.922855 -0.319558
-10.6845 35.5107 -18.196 -0.226695 -0.921199 -0.316186
-9.77419 35.3464 -18.3753 -0.227222 -0.922785 -0.311189
-8.76432 35.1987 -18.671 -0.225637 -0.922081 -0.314405
-7.88115 35.0977 -19.0046 -0.219609 -0.922691 -0.316881
-6.91606 35.0179 -19.4431 -0.219972 -0.923256 -0.314977
-5.9126 34.9647 -19.981 -0.216704 -0.923647 -0.316095
-5.21936 35.0979 -20.8421 -0.209448 -0.924828 -0.317455
-4.99281 35.3683 -21.7815 -0.217981 -0.92239 -0.318876
-5.25362 35.772 -22.7798 -0.215539 -0.9242 -0.315273
-5.58252 36.2121 -23.8021 -0.235566 -0.914597 -0.328591
-6.02921 36.6432 -24.6982 -0.242273 -0.914103 -0.325098
-6.59006 37.0957 -25.5021 -0.248339 -0.90732 -0.339247
-7.27304 37.617 -26.4078 -0.239242 -0.909844 -0.339038
-8.00249 38.1275 -27.2555 -0.243428 -0.90792 -0.341211
-8.72622 38.6328 -28.0701 -0.24974 -0.903597 -0.348055
-9.38212 39.0269 -28.6766 -0.228416 -0.91173 -0.341427
-10.1384 39.3873 -29.1153 -0.24066 -0.907602 -0.344007
-10.9695 39.6856 -29.3309 -0.241146 -0.911249 -0.333875
-12.1494 39.9487 -29.2497 -0.213052 -0.915123 -0.342284
-13.3715 40.1012 -28.8802 -0.221565 -0.913344 -0.34163
-14.6257 40.1254 -28.1683 -0.204787 -0.915061 -0.347456
-15.1788 40.0957 -27.7642 -0.204028 -0.914537 -0.34927
-15.827 40.5208 -28.4726 -0.208579 -0.90972 -0.359032
-15.0682 40.5724 -29.0471 -0.209593 -0.909683 -0.358535
-14.0794 40.5552 -29.6106 -0.223413 -0.910439 -0.348091
-12.7636 40.4183 -30.1432 -0.229633 -0.918142 -0.322897
-11.4057 40.1649 -30.3636 -0.225763 -0.919648 -0.321358
-10.3437 39.8634 -30.2683 -0.236602 -0.912718 -0.33308
-9.44484 39.5147 -29.9365 -0.236359 -0.910894 -0.338146
-8.66354 39.1358 -29.4551 -0.234213 -0.911944 -0.336902
-8.0348 38.7541 -28.8805 -0.249456 -0.903529 -0.348435
-7.33662 38.265 -28.0942 -0.24243 -0.907877 -0.342034
-6.66776 37.8047 -27.3491 -0.243594 -0.907104 -0.343254
-6.12267 37.3758 -26.5938 -0.248151 -0.907488 -0.338928
-5.61025 36.9784 -25.9154 -0.250624 -0.906705 -0.339217
-4.92925 36.4374 -24.9094 -0.233049 -0.916289 -0.325734
-4.57104 36.0499 -24.07 -0.220314 -0.92336 -0.314434
-4.18293 35.5626 -22.9103 -0.220452 -0.923438 -0.314107
-3.86656 35.1869 -22.0267 -0.219121 -0.923001 -0.316303
-4.01951 34.851 -20.8879 -0.205501 -0.928293 -0.309784
-4.58497 34.5782 -19.7162 -0.199356 -0.929809 -0.309373
-5.6023 34.5471 -18.9568 -0.207734 -0.928198 -0.3087
-6.57461 34.6109 -18.4876 -0.220248 -0.923449 -0.314217
-7.55714 34.7052 -18.0838 -0.216615 -0.923752 -0.315849
-8.60024 34.8408 -17.7433 -0.227648 -0.921416 -0.31491
-9.72052 35.0124 -17.4353 -0.228027 -0.921347 -0.314838
-10.9377 35.2258 -17.1774 -0.225195 -0.922593 -0.313204
-12.0492 35.4718 -17.087 -0.224326 -0.928143 -0.296885
-13.3379 35.729 -16.9586 -0.210811 -0.93089 -0.298291
-14.5893 36.0244 -17.0089 -0.189308 -0.93691 -0.293136
-15.9248 36.3445 -17.2732 -0.166437 -0.940387 -0.296593
-16.8696 36.6323 -17.6756 -0.11993 -0.94003 -0.319314
-17.761 36.9048 -18.151 -0.107068 -0.943476 -0.313554
-18.303 37.2175 -18.9046 -0.113889 -0.939956 -0.321734
-18.7871 37.5634 -19.7283 -0.104867 -0.93385 -0.341868
-19.226 37.9232 -20.5975 -0.100579 -0.931794 -0.34856
-19.4876 38.4353 -21.8159 -0.0959945 -0.917719 -0.385401
-19.516 38.923 -22.9805 -0.100661 -0.917884 -0.383871
-19.4034 39.4916 -24.3317 -0.130498 -0.900892 -0.413961
-18.914 39.9169 -25.4527 -0.148161 -0.905327 -0.397872
-18.2305 40.1802 -26.3384 -0.159346 -0.906282 -0.391476
-17.5818 40.3282 -27.0157 -0.188784 -0.912759 -0.36226
-16.7112 40.4553 -27.7878 -0.199137 -0.911675 -0.359241
-16.2004 40.5063 -28.2204 -0.207649 -0.909727 -0.359553
-16.8505 40.9318 -28.9265 -0.200398 -0.913401 -0.354316
-15.7191 40.9929 -29.7894 -0.211032 -0.92407 -0.318684
-14.8661 40.9734 -30.2863 -0.19854 -0.9257 -0.321965
-14.0644 40.9373 -30.7306 -0.215824 -0.929161 -0.300132
-13.0378 40.8235 -31.1166 -0.215832 -0.929165 -0.300115
-11.7911 40.6048 -31.3651 -0.226996 -0.922476 -0.312268
-10.9159 40.3915 -31.3779 -0.231186 -0.921749 -0.311338
-9.48802 39.916 -31.0332 -0.234047 -0.918779 -0.31783
-8.55244 39.534 -30.6333 -0.234431 -0.917038 -0.32262
-7.79203 39.1336 -30.0738 -0.244562 -0.908886 -0.33781
-7.07844 38.6883 -29.3994 -0.252136 -0.907319 -0.336443
-6.18553 38.0802 -28.4196 -0.246959 -0.90741 -0.339947
-5.42556 37.5074 -27.4585 -0.252665 -0.905806 -0.340111
-4.83626 37.0113 -26.567 -0.248929 -0.905945 -0.342487
-4.31816 36.6204 -25.8531 -0.229231 -0.915881 -0.329564
-3.8532 36.2177 -25.0534 -0.222643 -0.919736 -0.323164
-3.5056 35.8456 -24.2092 -0.216226 -0.923516 -0.316804
-3.22305 35.4901 -23.3656 -0.208732 -0.927317 -0.310488
-2.89363 35.169 -22.5903 -0.193702 -0.931913 -0.306623
-2.7687 34.8259 -21.6268 -0.193691 -0.931827 -0.306892
-3.00476 34.5566 -20.6533 -0.189939 -0.933742 -0.303396
-3.32023 34.2687 -19.5799 -0.188491 -0.93317 -0.306046
-4.00151 34.1407 -18.7649 -0.189889 -0.933968 -0.30273
-5.12686 34.1386 -18.0677 -0.190235 -0.931267 -0.310729
-6.15319 34.1984 -17.5707 -0.220704 -0.923936 -0.312455
-7.41552 34.3515 -17.1527 -0.216481 -0.922401 -0.319862
-8.31933 34.4747 -16.8746 -0.227594 -0.92153 -0.314616
-9.92429 34.7343 -16.4598 -0.229743 -0.922504 -0.310158
-10.8722 34.8785 -16.186 -0.238526 -0.922488 -0.303515
-12.0583 35.1574 -16.0987 -0.233987 -0.92531 -0.298322
-13.0518 35.3336 -15.9158 -0.217494 -0.931499 -0.291557
-14.6022 35.7022 -15.9751 -0.209907 -0.932566 -0.293699
-15.9198 36.027 -16.2229 -0.183682 -0.947336 -0.262327
-16.8931 36.2655 -16.5498 -0.12717 -0.9503 -0.283667
-17.7359 36.5102 -16.9498 -0.13253 -0.945019 -0.298955
-18.4969 36.7364 -17.4097 -0.0986331 -0.944768 -0.312547
-19.0832 37.0282 -18.0754 -0.0869038 -0.942881 -0.320445
-19.4962 37.3781 -19.0348 -0.0733919 -0.940483 -0.331282
-20.0729 37.7233 -19.818 -0.0888714 -0.933212 -0.348164
-20.3859 38.0991 -20.7674 -0.0537146 -0.929469 -0.364969
-20.5584 38.5117 -21.7545 -0.0727068 -0.919568 -0.386145
-20.5877 38.8637 -22.5873 -0.0740265 -0.920749 -0.383053
-20.5947 39.2743 -23.5435 -0.0914166 -0.903366 -0.41901
-20.3898 39.8299 -24.7833 -0.103735 -0.905688 -0.410715
-19.8218 40.2114 -25.818 -0.12297 -0.90024 -0.416731
-19.2325 40.5253 -26.7341 -0.157545 -0.906167 -0.392481
-18.6586 40.7092 -27.4134 -0.189306 -0.912609 -0.362365
-17.8007 40.8198 -28.1246 -0.198687 -0.90619 -0.373286
-17.3589 40.8843 -28.5163 -0.19964 -0.909796 -0.363746
-17.0985 40.9127 -28.7369 -0.200496 -0.913401 -0.354261
