-58.4722 44.0696 26.2942 -0.203037 -0.97337 0.106429
-59.3728 44.2412 26.248 -0.182445 -0.976024 0.118703
-60.3191 44.3971 26.061 -0.186091 -0.975399 0.118182
-59.7491 44.1935 25.2777 -0.184268 -0.975712 0.118442
-58.8531 43.9994 25.092 -0.185182 -0.975133 0.121736
-57.8064 43.8287 25.1481 -0.174823 -0.980406 0.0907847
-56.955 43.7045 25.4453 -0.174314 -0.980517 0.0905625
-57.0275 43.7723 26.023 -0.167824 -0.980598 0.100881
-57.9798 43.9611 26.2131 -0.175216 -0.979904 0.0953302
-58.1355 43.9941 26.2459 -0.203033 -0.973371 0.106427
-58.0229 44.0755 27.2097 -0.19472 -0.973889 0.115977
-59.1532 44.308 27.2504 -0.192315 -0.975214 0.109116
-60.1848 44.5009 27.1097 -0.198947 -0.973228 0.1151
-61.1876 44.6554 26.7293 -0.206744 -0.970244 0.125289
-61.987 44.7272 25.8659 -0.219311 -0.967483 0.125981
-61.5474 44.5231 25.0789 -0.206896 -0.971037 0.118418
-60.7264 44.2962 24.5053 -0.190264 -0.975721 0.108485
-59.6836 44.06 24.208 -0.191428 -0.975521 0.108224
-58.485 43.8266 24.1035 -0.164966 -0.981006 0.101267
-57.5117 43.6839 24.1968 -0.1534 -0.982304 0.107449
-56.2598 43.5088 24.6589 -0.173667 -0.980702 0.0897937
-55.3345 43.4504 25.3905 -0.135642 -0.986241 0.094114
-55.109 43.4962 26.2385 -0.149669 -0.984331 0.0930853
-56.0295 43.6932 26.7821 -0.151464 -0.98361 0.0977831
-57.0218 43.885 27.0714 -0.160465 -0.981327 0.10606
-57.6335 43.9964 27.1767 -0.173801 -0.977723 0.116417
-57.5981 44.1105 28.1433 -0.183664 -0.977033 0.108048
-56.3127 43.8568 27.9571 -0.172943 -0.980224 0.096185
-55.435 43.6833 27.7064 -0.153733 -0.984248 0.0873085
-54.4642 43.4859 27.19 -0.157028 -0.983548 0.0892136
-53.793 43.279 26.1027 -0.14655 -0.985992 0.0775994
-54.1006 43.2473 25.1347 -0.135105 -0.986983 0.0872393
-54.8727 43.2849 24.3579 -0.139905 -0.98603 0.0902439
-55.7552 43.3607 23.8141 -0.139516 -0.986806 0.0821507
-56.6768 43.4703 23.425 -0.162998 -0.981638 0.0981205
-57.9248 43.6311 23.1307 -0.165016 -0.980311 0.10748
-59.0555 43.8329 23.1286 -0.174492 -0.97965 0.0991872
-60.2131 44.0581 23.2937 -0.190057 -0.974636 0.118161
-61.3089 44.3109 23.6382 -0.191996 -0.974921 0.112543
-62.1855 44.5531 24.2041 -0.201283 -0.972897 0.113665
-63.0345 44.8841 25.2735 -0.217273 -0.967552 0.128978
-63.0992 45.0236 26.1725 -0.224796 -0.966054 0.127303
-62.2757 44.9689 27.2094 -0.224274 -0.966152 0.12748
-61.3361 44.8312 27.7557 -0.216813 -0.965701 0.142831
-60.058 44.6025 28.1621 -0.214636 -0.968989 0.12216
-58.848 44.3628 28.2432 -0.19764 -0.973649 0.113778
-58.0183 44.1933 28.1778 -0.183664 -0.977033 0.108048
-57.6755 44.2373 29.1465 -0.196316 -0.974074 0.112282
-56.6388 44.0269 29.0237 -0.179826 -0.977943 0.106146
-55.72 43.8456 28.8673 -0.177715 -0.978764 0.102111
-54.693 43.6385 28.5161 -0.154901 -0.984451 0.0828383
-53.46 43.3687 27.6791 -0.157067 -0.983299 0.0919419
-52.8955 43.2178 26.9366 -0.13214 -0.988894 0.0680251
-52.5854 43.1002 25.8287 -0.131277 -0.988925 0.0692222
-52.9885 43.0777 24.931 -0.128271 -0.988202 0.0833549
-53.8063 43.1014 23.9399 -0.135108 -0.986983 0.087239
-54.7366 43.1672 23.2364 -0.135739 -0.986901 0.087181
-55.6643 43.2537 22.7406 -0.13811 -0.98561 0.0974591
-56.8963 43.3852 22.3219 -0.138481 -0.985568 0.0973558
-58.1853 43.5731 22.1187 -0.178234 -0.978688 0.10199
-59.4982 43.8056 22.167 -0.161696 -0.981681 0.100781
-60.6297 44.0258 22.3495 -0.192106 -0.974483 0.1161
-61.5236 44.2322 22.6001 -0.192538 -0.97438 0.116243
-62.5465 44.5089 23.1581 -0.207179 -0.971811 0.112515
-63.3035 44.7516 23.8032 -0.218389 -0.967767 0.125434
-63.912 44.9912 24.5925 -0.221526 -0.966289 0.131024
-64.2366 45.24 25.8225 -0.225832 -0.964739 0.135197
-64.0586 45.3343 26.7178 -0.2464 -0.959176 0.138807
-63.5086 45.3027 27.4761 -0.247436 -0.958091 0.144241
-62.5422 45.1818 28.2531 -0.222429 -0.963905 0.146331
-61.542 45.0181 28.7309 -0.232008 -0.964474 0.126228
-60.3796 44.7968 29.1229 -0.224826 -0.966395 0.124566
-59.3629 44.5906 29.2465 -0.208795 -0.971151 0.1152
-58.2662 44.3598 29.1935 -0.192767 -0.974287 0.116649
-58.0471 44.4267 30.167 -0.199864 -0.973862 0.107919
-58.9831 44.6269 30.2402 -0.199717 -0.973999 0.106947
-59.8842 44.8291 30.2072 -0.221853 -0.966157 0.131609
-61.056 45.0668 29.96 -0.227 -0.965443 0.128025
-62.1907 45.2809 29.5311 -0.237035 -0.963503 0.124403
-63.3003 45.479 28.9613 -0.250642 -0.956752 0.147662
-64.2156 45.598 28.1903 -0.247392 -0.957342 0.149305
-64.934 45.6344 27.2027 -0.258789 -0.953685 0.153039
-65.2513 45.5167 26.0074 -0.26018 -0.951874 0.161986
-65.1268 45.3139 24.8536 -0.255924 -0.957586 0.132411
-64.7936 45.116 24.0224 -0.221522 -0.966289 0.131029
-63.9493 44.7893 22.9692 -0.217109 -0.968933 0.118262
-63.2565 44.5666 22.4128 -0.222085 -0.968245 0.1148
-62.1254 44.2504 21.7642 -0.191006 -0.974605 0.116887
-60.7077 43.9338 21.3516 -0.179267 -0.978937 0.0976987
-59.5454 43.7125 21.1835 -0.161785 -0.981659 0.100854
-58.4306 43.5212 21.1115 -0.169971 -0.980586 0.0973778
-57.4066 43.3632 21.2056 -0.152069 -0.985292 0.0779402
-56.0636 43.1882 21.4998 -0.149042 -0.985101 0.0855662
-54.9114 43.0746 21.9669 -0.134137 -0.986517 0.0937667
-54.0451 43.0094 22.469 -0.128611 -0.987005 0.0963385
-53.0615 42.9509 23.2656 -0.12279 -0.988962 0.0829309
-52.4269 42.9308 23.9762 -0.130787 -0.98777 0.0848815
-51.7971 42.9201 24.8566 -0.12858 -0.988507 0.0795028
-51.5032 42.9469 25.8363 -0.141045 -0.988012 0.0627524
-51.8392 43.086 27.2641 -0.152073 -0.986469 0.060947
-52.6812 43.297 28.4067 -0.166318 -0.983426 0.0721609
-53.4178 43.467 29.0042 -0.171567 -0.981906 0.080164
-54.2978 43.6567 29.4718 -0.161611 -0.982651 0.0904053
-55.1674 43.8354 29.7668 -0.174214 -0.979724 0.0987664
-56.312 44.0661 30.0295 -0.187558 -0.97827 0.0876221
-57.5836 44.3274 30.1292 -0.192173 -0.975371 0.10798
-57.4984 44.4129 31.1572 -0.205303 -0.974285 0.0925994
-58.8959 44.7181 31.2433 -0.222405 -0.968697 0.107743
-60.0401 45.002 31.1771 -0.233531 -0.964373 0.122994
-61.3353 45.2742 30.9206 -0.234617 -0.961924 0.140207
-62.5436 45.5152 30.4421 -0.265683 -0.953284 0.143741
-63.5671 45.7215 29.94 -0.272366 -0.950303 0.150798
-64.8062 45.9107 29.0805 -0.261931 -0.949535 0.172558
-65.5143 45.9318 28.0809 -0.271612 -0.949048 0.159695
-66.0629 45.9313 27.129 -0.264962 -0.950319 0.163354
-66.3022 45.8171 26.077 -0.263781 -0.952157 0.154134
-66.2179 45.6096 24.8835 -0.261071 -0.955127 0.139609
-65.755 45.2986 23.5664 -0.252594 -0.957532 0.139028
-65.3018 45.0777 22.7796 -0.245612 -0.960849 0.128221
-64.596 44.8344 22.1116 -0.215726 -0.970052 0.111634
-63.8534 44.6039 21.5731 -0.221113 -0.969078 0.109386
-62.8494 44.3099 20.9562 -0.207908 -0.97268 0.102505
-61.7822 44.0614 20.6107 -0.194573 -0.975879 0.0990048
-60.8721 43.8657 20.3618 -0.179377 -0.979059 0.0962676
-59.4531 43.5946 20.17 -0.164785 -0.981683 0.0955376
-58.5438 43.4405 20.1171 -0.152544 -0.98378 0.0943829
-57.3282 43.2631 20.2212 -0.149993 -0.983948 0.0966858
-56.3014 43.1249 20.4103 -0.150333 -0.983887 0.0967789
-55.2849 43.0049 20.7186 -0.133492 -0.986346 0.0964416
-54.3894 42.9206 21.0958 -0.131805 -0.986775 0.0943147
-53.2762 42.8393 21.7545 -0.12884 -0.986958 0.0965078
-52.5206 42.8006 22.336 -0.126597 -0.987703 0.0915432
-51.8703 42.7701 22.9693 -0.130635 -0.987744 0.085418
-51.0628 42.7573 24.0626 -0.130943 -0.987795 0.0843517
-50.559 42.7563 24.9621 -0.141354 -0.98798 0.0625624
-50.4298 42.817 26.2334 -0.144327 -0.987713 0.0599336
-50.7077 42.9155 27.3331 -0.147211 -0.98774 0.0517259
-51.3592 43.0791 28.4808 -0.152089 -0.986801 0.055546
-52.1418 43.2694 29.3563 -0.17356 -0.983021 0.0595558
-52.8984 43.4441 29.9619 -0.175081 -0.982385 0.0653141
-53.8716 43.6546 30.4345 -0.184121 -0.980032 0.0750845
-54.6838 43.8311 30.7721 -0.176512 -0.981179 0.0782972
-55.872 44.0771 31.0787 -0.180967 -0.980069 0.0818001
-57.18 44.3476 31.1526 -0.198759 -0.975729 0.0919102
-57.3662 44.4876 32.2367 -0.200752 -0.975575 0.08911
-58.2971 44.6935 32.2316 -0.215346 -0.970851 0.105236
-59.2074 44.9083 32.2354 -0.238829 -0.964668 0.11098
-60.1119 45.1261 32.1268 -0.250612 -0.961944 0.108688
-61.0391 45.352 31.9671 -0.234794 -0.962573 0.135366
-62.3097 45.6331 31.6253 -0.274011 -0.949916 0.150146
-63.2438 45.8309 31.1997 -0.270207 -0.95006 0.156112
-64.1183 46.0094 30.7579 -0.272492 -0.950233 0.151016
-64.9914 46.1671 30.2159 -0.261094 -0.95001 0.171204
-66.0207 46.2628 29.1613 -0.266808 -0.949432 0.165443
-66.6747 46.2781 28.1672 -0.265209 -0.950545 0.161631
-67.1432 46.2716 27.3599 -0.264937 -0.950669 0.161362
-67.3114 46.0358 25.741 -0.257384 -0.953138 0.158582
-67.0767 45.7402 24.2099 -0.25276 -0.957291 0.140369
-66.7794 45.5266 23.2778 -0.25093 -0.957603 0.141506
-66.2538 45.2476 22.2457 -0.240922 -0.961607 0.131412
-65.5493 44.9818 21.5238 -0.217849 -0.969209 0.114698
-64.7754 44.7435 20.9992 -0.215195 -0.969502 0.117253
-63.6353 44.3978 20.2005 -0.213587 -0.970096 0.115302
-62.7565 44.1786 19.8637 -0.19872 -0.974955 0.099737
-61.7634 43.9448 19.5266 -0.187948 -0.976784 0.10216
-60.4831 43.6873 19.2703 -0.17761 -0.97891 0.100934
-59.2814 43.4646 19.143 -0.169023 -0.980213 0.103027
-58.2051 43.2877 19.141 -0.153678 -0.982158 0.108394
-56.7676 43.0911 19.3345 -0.1463 -0.984098 0.100521
-55.8815 42.9748 19.5274 -0.149941 -0.984106 0.095151
-54.9248 42.8697 19.7951 -0.130221 -0.98721 0.0919734
-53.8686 42.7658 20.1727 -0.129939 -0.987223 0.0922271
-52.9436 42.7007 20.7668 -0.116992 -0.989453 0.0854033
-51.8171 42.6437 21.5857 -0.116484 -0.988923 0.0919938
-50.7885 42.6102 22.6356 -0.117472 -0.990441 0.0722946
-50.0272 42.5852 23.6739 -0.131485 -0.988363 0.0760688
-49.582 42.5878 24.5046 -0.141265 -0.988007 0.0623411
-49.3497 42.6192 25.4932 -0.136339 -0.988904 0.0589991
-49.4624 42.7101 26.8766 -0.146607 -0.988091 0.0467127
-49.7243 42.7907 27.7436 -0.145504 -0.987804 0.0548875
-50.2374 42.9248 28.9387 -0.155631 -0.986766 0.0455166
-50.8354 43.058 29.5621 -0.164145 -0.984527 0.0613443
-51.6321 43.2411 30.3343 -0.177394 -0.982097 0.0633727
-52.3863 43.4102 30.8438 -0.177433 -0.982039 0.0641603
-53.421 43.6379 31.362 -0.183339 -0.98053 0.0703339
-54.2306 43.817 31.7306 -0.189013 -0.979337 0.0719245
-55.2229 44.0327 31.995 -0.198677 -0.976784 0.0790082
-56.1945 44.2442 32.2376 -0.19661 -0.976512 0.0879046
-56.3789 44.281 32.2207 -0.202746 -0.975421 0.0863045
-56.7838 44.3676 32.2485 -0.202745 -0.975421 0.0863048
