4.71092 5.04143 -53.2054 -0.132695 -0.99097 -0.01907
5.83985 4.87674 -52.6715 -0.130511 -0.991198 -0.0217375
4.86161 4.99739 -52.218 -0.134312 -0.990552 -0.0276951
3.94131 5.1287 -52.3184 -0.143004 -0.989308 -0.028621
3.12713 5.25913 -52.7588 -0.143446 -0.989404 -0.0211546
3.97626 5.13971 -53.0522 -0.143888 -0.989499 -0.0136882
4.2747 5.09697 -53.0992 -0.137203 -0.990393 -0.0157107
4.02252 5.14546 -53.954 -0.137204 -0.990393 -0.0157112
2.9259 5.3013 -53.6281 -0.144944 -0.989332 -0.0145991
2.06194 5.42544 -53.3456 -0.144271 -0.989348 -0.0186481
1.19228 5.54973 -52.9495 -0.152384 -0.987984 -0.0255397
0.238423 5.6846 -52.442 -0.156844 -0.987196 -0.0290427
-0.604324 5.80276 -51.8886 -0.164098 -0.985968 -0.0306386
-0.476539 5.77003 -51.5196 -0.160071 -0.986629 -0.0303854
0.502199 5.61203 -51.4113 -0.155983 -0.987305 -0.0299631
1.65858 5.43462 -51.3217 -0.148161 -0.988628 -0.0257549
2.57352 5.30003 -51.294 -0.144147 -0.989193 -0.0267741
3.557 5.15332 -51.2917 -0.143435 -0.989086 -0.0332776
4.57003 5.01359 -51.3367 -0.137559 -0.989997 -0.0313634
5.83395 4.84477 -51.3958 -0.129761 -0.99101 -0.0325623
6.68816 4.74107 -51.6437 -0.123586 -0.991878 -0.0292174
6.90939 4.74567 -52.6355 -0.121214 -0.992082 -0.0328812
6.77941 4.78345 -53.7993 -0.122906 -0.992196 -0.0206189
5.96359 4.89721 -54.4277 -0.130022 -0.99148 -0.00788241
4.71223 5.05818 -54.1636 -0.129085 -0.991567 -0.011447
4.21213 5.12152 -54.0115 -0.129803 -0.991427 -0.0145903
3.92565 5.17106 -54.8914 -0.132458 -0.991099 -0.0133239
2.9258 5.31374 -54.5974 -0.146763 -0.989111 -0.0109027
2.00964 5.44663 -54.3168 -0.146511 -0.989117 -0.0134925
1.09044 5.58023 -53.9607 -0.150868 -0.98849 -0.0112389
-0.31406 5.78713 -53.2396 -0.151019 -0.988366 -0.0180262
-1.26403 5.93288 -52.705 -0.162533 -0.986525 -0.0187537
-2.17112 6.0716 -52.2281 -0.160054 -0.986903 -0.0201407
-3.09097 6.20984 -51.7077 -0.161505 -0.986547 -0.0247588
-3.56762 6.27835 -51.34 -0.164335 -0.985969 -0.0293226
-2.72233 6.12184 -50.7888 -0.162495 -0.986286 -0.0288854
-1.7764 5.96407 -50.7085 -0.162331 -0.986386 -0.0261494
-0.792577 5.79571 -50.5541 -0.164247 -0.986114 -0.0245054
0.474033 5.58648 -50.4169 -0.151439 -0.988043 -0.0285552
1.85768 5.37612 -50.3567 -0.150847 -0.987858 -0.0371592
2.82119 5.22907 -50.3427 -0.149501 -0.988126 -0.0354015
3.89539 5.07765 -50.3815 -0.138846 -0.989839 -0.0306732
5.19122 4.9012 -50.4431 -0.132952 -0.990687 -0.0293662
6.10967 4.77753 -50.4808 -0.127313 -0.990959 -0.0409647
7.17236 4.65392 -50.5776 -0.119159 -0.992279 -0.0343901
7.76388 4.60265 -51.1548 -0.112832 -0.993235 -0.0271067
7.81535 4.63377 -52.5992 -0.118943 -0.992451 -0.0296315
7.69096 4.68258 -53.9537 -0.112969 -0.993251 -0.0262781
7.67652 4.69449 -55.0048 -0.111808 -0.993683 -0.00959427
6.85778 4.79733 -55.5799 -0.118438 -0.992887 -0.0121852
5.61528 4.95168 -55.3279 -0.131785 -0.991219 -0.0108119
4.64501 5.07783 -55.1082 -0.130772 -0.991333 -0.0123852
4.3043 5.12203 -55.0085 -0.132458 -0.991099 -0.0133239
4.12992 5.15509 -55.9219 -0.133287 -0.991043 -0.00830291
5.4167 4.98722 -56.2327 -0.13013 -0.991458 -0.00881254
6.82097 4.8133 -56.5438 -0.118568 -0.992907 -0.00770954
7.97966 4.67568 -56.6762 -0.113246 -0.993531 -0.0062146
8.66045 4.59432 -55.9556 -0.102878 -0.994574 -0.0154698
8.60268 4.58842 -54.8155 -0.111851 -0.993679 -0.00955719
8.6374 4.56474 -53.5246 -0.108902 -0.993739 -0.0249722
8.70968 4.53215 -52.5412 -0.108875 -0.993744 -0.024884
8.82773 4.4872 -51.4166 -0.101514 -0.994292 -0.0328302
8.90003 4.44555 -50.4163 -0.108599 -0.993338 -0.0375762
8.14437 4.51092 -49.7965 -0.117084 -0.992392 -0.0380768
6.67508 4.67607 -49.5998 -0.117591 -0.992221 -0.040853
5.36524 4.84017 -49.5287 -0.13788 -0.989538 -0.0424598
3.96103 5.03306 -49.4494 -0.138396 -0.989491 -0.0418834
3.05535 5.15692 -49.3893 -0.144424 -0.988682 -0.0400927
1.86828 5.33887 -49.4094 -0.15097 -0.9878 -0.0381859
0.848264 5.49684 -49.4301 -0.152239 -0.987688 -0.0359861
-0.348074 5.69289 -49.5314 -0.16491 -0.985555 -0.038544
-1.25593 5.85019 -49.6691 -0.163686 -0.985733 -0.0391731
-2.31112 6.02598 -49.8205 -0.161114 -0.986537 -0.0280268
-3.38455 6.20515 -49.937 -0.161543 -0.986395 -0.0304704
-4.61186 6.41091 -50.0402 -0.161151 -0.986442 -0.0309629
-5.87562 6.61889 -50.1806 -0.154684 -0.987508 -0.0297645
-6.05716 6.66242 -50.8373 -0.14992 -0.988492 -0.0200178
-5.08821 6.52471 -51.5733 -0.155468 -0.987652 -0.0192787
-4.16422 6.39213 -52.1851 -0.156825 -0.98742 -0.0201054
-3.24336 6.25494 -52.725 -0.158818 -0.987107 -0.0198973
-2.04026 6.07265 -53.3719 -0.161205 -0.986744 -0.0186748
-1.00855 5.91384 -53.9243 -0.160778 -0.986888 -0.0129276
0.203013 5.72703 -54.5954 -0.154519 -0.987949 -0.00900554
1.1833 5.57722 -55.0168 -0.150089 -0.988628 -0.00782601
2.10275 5.44496 -55.3182 -0.146038 -0.989227 -0.00988273
3.03525 5.30856 -55.5907 -0.147823 -0.989003 -0.00450925
3.90326 5.18494 -55.8464 -0.132951 -0.99109 -0.00806133
3.84722 5.20013 -56.8214 -0.132615 -0.991137 -0.00781916
2.87456 5.33626 -56.5355 -0.142861 -0.989741 -0.00175269
1.78698 5.49629 -56.2053 -0.148347 -0.988934 -0.0016145
0.653511 5.66681 -55.8338 -0.152348 -0.988308 -0.00396786
-0.292455 5.81237 -55.4118 -0.156023 -0.98773 -0.0038498
-1.25957 5.96116 -54.8681 -0.158871 -0.987272 -0.00728514
-2.19696 6.10839 -54.3691 -0.157816 -0.987428 -0.00873273
-3.23658 6.26742 -53.8198 -0.156294 -0.987658 -0.0101642
-4.20203 6.41386 -53.2795 -0.157369 -0.987466 -0.0120937
-5.23291 6.56786 -52.6381 -0.154293 -0.987862 -0.0179737
-6.27397 6.71561 -51.9507 -0.150685 -0.988511 -0.0118723
-7.57381 6.89647 -51.1991 -0.14607 -0.989041 -0.0214812
-8.39746 7.00666 -50.7054 -0.140962 -0.989827 -0.0192106
-9.5472 7.15331 -49.9091 -0.13546 -0.990516 -0.0222954
-8.4548 6.98804 -49.474 -0.143304 -0.989434 -0.0219079
-7.26041 6.80699 -49.4016 -0.149566 -0.988267 -0.030947
-6.3737 6.6687 -49.2628 -0.150162 -0.988216 -0.0296347
-5.48497 6.52408 -49.1806 -0.158976 -0.986683 -0.0344134
-4.41478 6.34624 -49.0638 -0.160311 -0.986404 -0.0361578
-3.20009 6.14263 -48.951 -0.163648 -0.985747 -0.0390187
-2.08735 5.95336 -48.8345 -0.162889 -0.985858 -0.0393693
-1.06422 5.77743 -48.6495 -0.162463 -0.985911 -0.039803
0.0395454 5.5928 -48.5129 -0.158591 -0.986763 -0.0338785
1.37124 5.38048 -48.4705 -0.153468 -0.987443 -0.0374788
2.47919 5.20933 -48.4669 -0.15119 -0.987783 -0.0377565
3.93134 4.99582 -48.4787 -0.137688 -0.989436 -0.0452646
5.16884 4.82661 -48.5706 -0.137648 -0.989594 -0.0419175
6.12821 4.70079 -48.6398 -0.117189 -0.992223 -0.0419627
7.252 4.57202 -48.7333 -0.11739 -0.992222 -0.0414081
8.5868 4.4204 -48.8982 -0.118401 -0.991948 -0.0449549
9.49393 4.33538 -49.0619 -0.0964386 -0.994444 -0.0422057
9.94229 4.34155 -50.433 -0.0934371 -0.994979 -0.0357979
9.73481 4.39786 -51.5154 -0.101391 -0.994309 -0.032705
9.6214 4.43693 -52.6111 -0.103437 -0.994423 -0.0205961
9.55981 4.47055 -53.8407 -0.110271 -0.993641 -0.0227754
9.57688 4.48561 -54.9137 -0.102892 -0.994626 -0.0109067
9.63969 4.49437 -55.9852 -0.10089 -0.994796 -0.0142516
9.86089 4.48193 -57.427 -0.102143 -0.994754 -0.00559206
8.36557 4.64223 -57.6708 -0.109079 -0.994031 -0.0019237
7.27512 4.76299 -57.5975 -0.117508 -0.993067 -0.00272781
6.19284 4.8897 -57.3718 -0.116664 -0.99317 -0.00186142
5.21972 5.01569 -57.1488 -0.131665 -0.991292 0.0020745
4.08607 5.16866 -56.8832 -0.134602 -0.990876 -0.00132839
3.94428 5.18735 -56.8474 -0.132615 -0.991137 -0.00781927
3.6903 5.21868 -57.7547 -0.136463 -0.990631 0.00524601
2.67318 5.3627 -57.4514 -0.140951 -0.98999 0.00727889
1.73078 5.50309 -57.1765 -0.145587 -0.989339 0.00348053
0.848908 5.63519 -56.9139 -0.151151 -0.988503 0.00392574
-0.228037 5.80026 -56.5417 -0.152984 -0.988221 0.000692626
-1.33611 5.97651 -55.9039 -0.156357 -0.987697 0.00258914
-2.54767 6.16837 -55.2841 -0.155872 -0.987776 -0.00151546
-3.9135 6.37956 -54.5238 -0.152925 -0.988211 -0.0070776
-4.6995 6.497 -54.0853 -0.15282 -0.988251 -0.00253863
-5.85614 6.67155 -53.3799 -0.147278 -0.98909 -0.00331099
-6.7518 6.79854 -52.7915 -0.148845 -0.988791 -0.0115338
-7.61544 6.92124 -52.2915 -0.144746 -0.989363 -0.0140093
-8.45198 7.03335 -51.8167 -0.141867 -0.989745 -0.0166998
-9.31913 7.14779 -51.305 -0.133972 -0.990918 -0.0115381
-10.2449 7.26405 -50.7246 -0.13003 -0.991326 -0.0184685
-11.0108 7.35285 -50.2172 -0.120693 -0.992387 -0.02248
-12.0178 7.44581 -49.4371 -0.109548 -0.993668 -0.0249595
-12.5259 7.4797 -48.7069 -0.0943533 -0.994936 -0.0344454
-11.5071 7.36955 -48.7255 -0.111401 -0.993378 -0.0281012
-10.5485 7.24435 -48.6231 -0.13047 -0.990895 -0.0332308
-9.61036 7.11735 -48.5475 -0.135526 -0.990138 -0.0353497
-8.51872 6.9647 -48.5103 -0.140378 -0.989353 -0.038246
-7.61866 6.8309 -48.4312 -0.146741 -0.988556 -0.0346443
-6.66063 6.68105 -48.3577 -0.154215 -0.987361 -0.0365425
-5.59133 6.50918 -48.2621 -0.160125 -0.98647 -0.0351346
-4.4332 6.31474 -48.123 -0.160792 -0.986331 -0.0360064
-3.52715 6.16095 -48.0372 -0.163967 -0.985587 -0.0415482
-2.35504 5.96107 -47.9186 -0.163485 -0.985606 -0.0430463
-0.995943 5.72849 -47.6981 -0.157607 -0.986392 -0.0467999
0.252153 5.52036 -47.5581 -0.159089 -0.986452 -0.0400382
1.45918 5.32873 -47.5353 -0.154935 -0.986948 -0.0437428
2.64523 5.14028 -47.5303 -0.155776 -0.986703 -0.0463864
3.97203 4.94494 -47.5504 -0.136566 -0.989465 -0.0480523
5.27971 4.76931 -47.6308 -0.135086 -0.98968 -0.0478041
6.60353 4.60517 -47.7518 -0.119739 -0.991738 -0.0460278
7.69936 4.47844 -47.8564 -0.118007 -0.991951 -0.0459075
8.62551 4.37231 -47.9443 -0.10912 -0.993003 -0.0441906
9.70386 4.27321 -48.1036 -0.0973944 -0.994228 -0.0450022
10.8475 4.1781 -48.401 -0.0915015 -0.994667 -0.0475992
11.1588 4.18853 -49.3605 -0.0906251 -0.995218 -0.0364337
10.8747 4.25695 -50.544 -0.0942816 -0.994974 -0.0337271
10.6298 4.31619 -51.6415 -0.0923946 -0.995221 -0.0315839
10.5126 4.36079 -53.0814 -0.0957103 -0.995193 -0.020579
10.5081 4.38852 -54.4774 -0.0930666 -0.995527 -0.0152441
10.6063 4.39496 -55.8889 -0.100849 -0.994802 -0.0140969
10.8832 4.37913 -57.2515 -0.0918465 -0.995733 -0.00898432
11.1177 4.36448 -58.3456 -0.0898692 -0.995942 -0.00484027
10.2916 4.44223 -58.699 -0.103115 -0.994664 -0.000281076
8.94349 4.58069 -58.6402 -0.105702 -0.994388 -0.00274273
7.72822 4.71303 -58.582 -0.107609 -0.994193 -0.000304228
6.82774 4.81566 -58.4717 -0.116204 -0.993224 0.00133193
5.59411 4.96091 -58.202 -0.125399 -0.99205 0.0059369
4.24005 5.1421 -57.9057 -0.133498 -0.991034 0.00436234
3.71328 5.21548 -57.7616 -0.136463 -0.990631 0.00524621
3.33143 5.26303 -58.6141 -0.13659 -0.990595 0.00802219
1.87926 5.47541 -58.2187 -0.147411 -0.989058 0.00590515
1.01047 5.60636 -57.9518 -0.148369 -0.988921 0.00370352
-0.318388 5.81103 -57.5019 -0.150754 -0.988562 0.00437693
-1.13504 5.94153 -57.1193 -0.156359 -0.987681 0.00624382
-2.25236 6.12044 -56.5209 -0.157108 -0.987577 0.00292581
-3.17704 6.26784 -56.0512 -0.151538 -0.988446 0.00328167
-4.19467 6.42513 -55.45 -0.151194 -0.988501 0.00231503
-5.24435 6.58404 -54.852 -0.149451 -0.988767 -0.00209086
-6.16516 6.72023 -54.2753 -0.146716 -0.989175 -0.00266489
-7.18999 6.87128 -53.6518 -0.146563 -0.989182 -0.00523824
-8.01451 6.98825 -53.1771 -0.140416 -0.990042 -0.00884152
-9.12109 7.13413 -52.5454 -0.135239 -0.990768 -0.00942405
-9.98672 7.24641 -52.023 -0.134181 -0.9909 -0.0106199
-10.7807 7.34403 -51.5008 -0.121743 -0.992511 -0.0100092
-11.6345 7.43799 -50.9231 -0.11078 -0.993619 -0.0211788
-12.3918 7.51135 -50.4147 -0.0954033 -0.995319 -0.0147836
-13.2085 7.58566 -49.8814 -0.10214 -0.994573 -0.0180293
-14.0738 7.64799 -49.454 -0.075325 -0.996834 -0.025465
-14.9915 7.70601 -48.9639 -0.0751323 -0.996548 -0.0339652
-15.9708 7.75827 -48.5509 -0.060824 -0.997158 -0.0432045
-16.3422 7.74357 -47.7848 -0.0548549 -0.997756 -0.0376716
-15.2817 7.67211 -47.565 -0.061735 -0.997522 -0.0337367
-14.1009 7.58487 -47.558 -0.0883214 -0.995516 -0.0338442
-12.9082 7.48145 -47.661 -0.0910597 -0.995286 -0.0333363
-11.7834 7.37122 -47.6977 -0.111121 -0.9934 -0.0284514
-10.887 7.25617 -47.6639 -0.130661 -0.990834 -0.0342836
-9.32402 7.04076 -47.5796 -0.137872 -0.98975 -0.0372194
-8.31467 6.89713 -47.5316 -0.144626 -0.988685 -0.0397719
-7.25831 6.73819 -47.4519 -0.145614 -0.988482 -0.0412231
-6.34865 6.59484 -47.3943 -0.160715 -0.985927 -0.0460343
-4.93236 6.35685 -47.2506 -0.161585 -0.985793 -0.0458445
-3.75368 6.15628 -47.096 -0.162831 -0.98562 -0.0451404
-2.85351 6.00429 -47.0218 -0.162277 -0.985787 -0.0434859
-1.88515 5.83646 -46.8667 -0.165239 -0.985268 -0.0440757
-0.824227 5.65464 -46.7198 -0.160094 -0.985903 -0.0485312
0.512988 5.43114 -46.5923 -0.157383 -0.985969 -0.0555755
1.44146 5.28357 -46.5762 -0.152658 -0.986617 -0.057299
2.60891 5.1 -46.572 -0.157043 -0.986414 -0.0482104
3.89205 4.90976 -46.5966 -0.136685 -0.989457 -0.0478807
4.94639 4.76442 -46.6439 -0.139579 -0.988703 -0.0546155
5.9152 4.63237 -46.7318 -0.12836 -0.990186 -0.0540896
7.219 4.48594 -46.8771 -0.115993 -0.991728 -0.0549302
8.16266 4.38119 -46.9487 -0.116179 -0.991936 -0.0504339
9.20962 4.27578 -47.0597 -0.100154 -0.994071 -0.0423348
10.5006 4.15816 -47.2542 -0.0946377 -0.994509 -0.0446817
11.4483 4.07781 -47.411 -0.0795053 -0.995799 -0.0453434
12.3077 4.0206 -47.6896 -0.0781981 -0.995974 -0.0437699
12.3654 4.06395 -48.7551 -0.0767633 -0.996276 -0.0388094
12.0679 4.12519 -49.7609 -0.0850399 -0.995574 -0.0400013
11.8097 4.17682 -50.631 -0.0861114 -0.995735 -0.0331067
11.5367 4.23675 -51.754 -0.0866823 -0.995875 -0.0266433
11.4556 4.27015 -52.8575 -0.0862359 -0.996055 -0.0206445
11.4576 4.29647 -54.2629 -0.0930668 -0.995527 -0.0152441
11.508 4.30756 -55.6373 -0.0882057 -0.996023 -0.0126021
11.6819 4.30077 -56.7349 -0.0910708 -0.995809 -0.00837935
12.0337 4.27855 -57.8789 -0.0892709 -0.995969 -0.00836842
12.356 4.25225 -58.8934 -0.0877535 -0.996142 0.00019964
11.5503 4.32308 -59.6346 -0.0898105 -0.995956 0.000950591
10.49 4.42211 -59.6747 -0.0932571 -0.995642 0.000322732
9.47647 4.52458 -59.6281 -0.102075 -0.99476 0.00502149
8.4489 4.6314 -59.5802 -0.106454 -0.994298 0.00620427
7.3615 4.75099 -59.5107 -0.115702 -0.993281 0.00248511
6.43993 4.85812 -59.389 -0.116143 -0.993209 0.00649474
5.03369 5.0267 -59.0463 -0.125398 -0.99205 0.00593663
3.93219 5.17876 -58.7902 -0.136356 -0.990628 0.00791381
3.63569 5.22036 -58.7023 -0.13659 -0.990595 0.00802244
3.44947 5.23836 -59.6468 -0.137454 -0.990455 0.0100197
4.7025 5.06174 -59.9574 -0.136804 -0.990538 0.0109154
6.00345 4.90374 -60.266 -0.118061 -0.992978 0.00751898
7.2616 4.75615 -60.4554 -0.114922 -0.993324 0.0100543
8.42755 4.62776 -60.563 -0.10703 -0.994242 0.00526429
9.54946 4.51015 -60.6075 -0.100772 -0.994878 0.00792103
10.5302 4.41536 -60.6366 -0.091513 -0.995776 0.00749745
11.4974 4.32533 -60.6386 -0.0905998 -0.995884 0.00273879
12.7574 4.21541 -60.587 -0.0805283 -0.996752 0.00105032
13.8326 4.1346 -59.9856 -0.07425 -0.997231 0.00407553
13.4793 4.16082 -59.0959 -0.0752963 -0.99716 -0.00174046
13.1479 4.18691 -58.1883 -0.0841199 -0.99639 -0.0114021
12.8093 4.2062 -57.0143 -0.0838916 -0.996474 -0.000949583
12.5062 4.2259 -55.9607 -0.080663 -0.996707 -0.00829257
12.4025 4.22203 -54.9664 -0.0841709 -0.996377 -0.0121834
12.398 4.19904 -53.4929 -0.0860987 -0.996121 -0.018141
12.4429 4.1678 -52.1249 -0.0866827 -0.995875 -0.0266432
12.6986 4.11651 -51.0681 -0.0747153 -0.996784 -0.0281867
12.9645 4.06171 -50.0771 -0.0744202 -0.996661 -0.0335449
13.2468 4.00944 -49.1749 -0.0749754 -0.99659 -0.0343474
13.7498 3.92196 -47.9096 -0.0735071 -0.996371 -0.0429223
13.7457 3.87982 -46.9476 -0.0737574 -0.996145 -0.0474819
12.611 3.95135 -46.7067 -0.0759545 -0.995861 -0.0497565
11.2385 4.04756 -46.4348 -0.0875298 -0.994968 -0.0479713
10.1864 4.13703 -46.2616 -0.0910241 -0.994192 -0.0574114
9.09018 4.2333 -46.0983 -0.098215 -0.993442 -0.0584757
7.84304 4.3644 -45.9837 -0.115052 -0.9918 -0.05564
6.75755 4.48535 -45.8795 -0.118779 -0.991481 -0.0534217
5.75771 4.60111 -45.7819 -0.119844 -0.99144 -0.0518036
4.5424 4.7689 -45.7013 -0.140058 -0.988547 -0.0561809
3.2929 4.9421 -45.6475 -0.146911 -0.986963 -0.0650039
2.09561 5.12604 -45.6119 -0.152463 -0.986627 -0.0576395
1.15682 5.27163 -45.6123 -0.152816 -0.986585 -0.0574258
0.255903 5.41985 -45.6671 -0.162002 -0.985245 -0.0552062
-0.719797 5.5854 -45.7587 -0.163313 -0.985068 -0.0544825
-2.01721 5.81129 -45.9293 -0.163125 -0.985133 -0.0538738
-3.18366 6.01007 -46.0798 -0.15969 -0.985695 -0.0538889
-4.67193 6.26792 -46.2501 -0.161673 -0.985811 -0.0451453
-5.66451 6.43508 -46.3908 -0.159611 -0.98597 -0.04885
-6.90589 6.64135 -46.4746 -0.156008 -0.986447 -0.0506318
-8.31384 6.85603 -46.5641 -0.145328 -0.988488 -0.0420779
-9.40717 7.01609 -46.6341 -0.139807 -0.989348 -0.0404673
-10.7105 7.193 -46.6987 -0.124141 -0.991086 -0.0483425
-11.654 7.312 -46.7212 -0.123859 -0.991135 -0.048074
-12.598 7.4157 -46.6952 -0.105819 -0.992871 -0.0548608
-13.9198 7.53683 -46.6417 -0.0819597 -0.995729 -0.0414299
-14.8759 7.60811 -46.6218 -0.0752574 -0.995999 -0.0481902
-16.3499 7.69776 -46.614 -0.0588274 -0.997388 -0.041909
-17.3466 7.75115 -46.6161 -0.0255131 -0.997977 -0.0582361
-18.4936 7.76872 -46.4581 -0.0126873 -0.998594 -0.0511857
-19.6115 7.77197 -46.3642 -0.00794844 -0.998817 -0.0477904
-20.9899 7.74549 -46.2451 0.0269038 -0.997915 -0.058665
-21.1518 7.75239 -46.4455 0.0274506 -0.998177 -0.0537488
-20.0439 7.81237 -47.0224 0.00601949 -0.998305 -0.0548271
-19.3214 7.83505 -47.5651 -0.0122573 -0.998239 -0.0580325
-18.1686 7.83934 -48.2092 -0.0292172 -0.998805 -0.0391694
-17.3583 7.83431 -48.723 -0.0392857 -0.998727 -0.0313638
-16.1483 7.80516 -49.4554 -0.0466964 -0.998607 -0.0222559
-15.2446 7.75028 -49.9246 -0.0790268 -0.996556 -0.0251084
-14.4358 7.69808 -50.3439 -0.0781907 -0.996705 -0.0209101
-13.2789 7.60491 -50.9886 -0.0954034 -0.995319 -0.0147836
-12.1815 7.51583 -51.714 -0.101903 -0.994556 -0.0198324
-10.8877 7.36565 -52.5585 -0.121171 -0.992615 -0.00573497
-9.9787 7.25128 -53.1388 -0.126173 -0.992006 -0.00199127
-9.02068 7.12954 -53.718 -0.128361 -0.991727 -0.00129858
-8.1897 7.0221 -54.1844 -0.140416 -0.990042 -0.00884099
-6.88766 6.82921 -54.948 -0.147429 -0.989069 -0.00255773
-6.10206 6.71358 -55.4218 -0.144592 -0.989462 0.00393316
-5.15282 6.5702 -55.9957 -0.145566 -0.989307 0.00910835
-4.01771 6.39441 -56.6372 -0.151711 -0.988416 0.00415323
-3.20241 6.26671 -57.0893 -0.154556 -0.987917 0.0103697
-2.28822 6.1166 -57.5541 -0.154704 -0.987836 0.0156803
-1.11113 5.92457 -58.1841 -0.149701 -0.988581 0.0172254
-0.269521 5.79314 -58.5467 -0.150098 -0.988579 0.0134985
1.07338 5.58619 -59.0248 -0.146042 -0.989224 0.0104003
2.0401 5.44059 -59.2872 -0.146045 -0.989227 0.0100513
3.04805 5.29464 -59.5255 -0.136436 -0.990615 0.00814038
2.88407 5.30748 -60.474 -0.138473 -0.990295 0.0118995
1.78841 5.46626 -60.2149 -0.142369 -0.98969 0.0156251
0.534565 5.65477 -59.8683 -0.145558 -0.989203 0.0170622
-0.76976 5.85585 -59.3829 -0.147179 -0.989002 0.0146391
-1.80337 6.01695 -58.9169 -0.151145 -0.988346 0.0175913
-2.76353 6.17771 -58.3871 -0.154476 -0.987823 0.0183768
-3.60268 6.31421 -57.9261 -0.149939 -0.988553 0.0167453
-4.56833 6.46784 -57.4015 -0.146969 -0.989066 0.0121744
-5.73848 6.64949 -56.7424 -0.146119 -0.989208 0.0106587
-6.64336 6.78336 -56.2086 -0.14167 -0.989872 0.00907543
-7.76327 6.94889 -55.5388 -0.139656 -0.990151 0.00987831
-9.00506 7.12423 -54.8254 -0.128323 -0.99171 0.00661476
-9.89842 7.24324 -54.3139 -0.128103 -0.991737 0.00688071
-10.7006 7.343 -53.8077 -0.1193 -0.992849 0.00433086
-12.1673 7.5081 -52.85 -0.103753 -0.994575 0.00340285
-12.9376 7.5924 -52.3652 -0.0967591 -0.995244 0.000324772
-13.8241 7.66786 -51.7791 -0.0849833 -0.996341 -0.00619369
-14.903 7.74733 -51.2119 -0.0766983 -0.996981 -0.0121296
-15.9648 7.80606 -50.6247 -0.0628843 -0.997916 -0.0137045
-17.2751 7.86725 -49.9128 -0.0423007 -0.998854 -0.0197207
-18.3334 7.88373 -49.2181 -0.0321486 -0.99886 -0.0348918
-19.1493 7.8856 -48.7619 -0.0202886 -0.999022 -0.0392883
-20.4649 7.85386 -48.0258 0.0269505 -0.998816 -0.0404952
-21.2637 7.81014 -47.5752 0.0282926 -0.998179 -0.0532675
-22.1061 7.76264 -47.142 0.0291352 -0.998181 -0.0527866
-22.9586 7.68786 -46.696 0.0616751 -0.996165 -0.0620462
-24.1082 7.57117 -46.0331 0.0710378 -0.99557 -0.0615937
-25.2208 7.40397 -45.4859 0.135035 -0.987432 -0.0821204
-26.1682 7.20911 -44.7081 0.145816 -0.985922 -0.0811355
-26.2299 7.1662 -44.3426 0.162601 -0.980876 -0.106109
-25.2156 7.32457 -44.5594 0.13202 -0.987273 -0.0886692
-24.2937 7.45088 -44.7431 0.104002 -0.991037 -0.0827142
-22.8586 7.58889 -44.971 0.0708664 -0.994743 -0.0739184
-21.7962 7.6589 -45.1832 0.0300771 -0.997646 -0.0616257
-20.6227 7.69956 -45.2954 0.0250774 -0.997916 -0.0594216
-19.5974 7.72992 -45.4026 0.00731258 -0.998465 -0.0518733
-18.1944 7.71182 -45.559 -0.0228971 -0.998041 -0.0582282
-17.1953 7.69065 -45.6374 -0.0267656 -0.997955 -0.058028
-15.9004 7.63124 -45.6726 -0.0588886 -0.997329 -0.0432184
-14.7 7.55037 -45.6881 -0.075119 -0.996093 -0.0464374
-13.3187 7.44683 -45.7108 -0.0929028 -0.99465 -0.0414758
-11.5992 7.2584 -45.7595 -0.114028 -0.992638 -0.0403785
-10.3915 7.10772 -45.7319 -0.122935 -0.991489 -0.0428631
-9.49957 6.9858 -45.6661 -0.139205 -0.98914 -0.047129
-8.58579 6.85337 -45.6106 -0.141272 -0.988858 -0.0469204
-7.67031 6.71243 -45.5665 -0.153644 -0.987186 -0.0431078
-6.73989 6.56524 -45.5033 -0.156008 -0.986447 -0.0506315
-5.47736 6.35683 -45.3998 -0.158944 -0.986125 -0.0479008
-4.19629 6.13597 -45.2054 -0.164969 -0.984733 -0.0555321
-2.92418 5.91555 -45.1095 -0.16634 -0.984519 -0.0552532
-1.68287 5.69866 -44.919 -0.163064 -0.984985 -0.0566903
-0.38294 5.47552 -44.7851 -0.163956 -0.98477 -0.057826
0.931315 5.25195 -44.6763 -0.162737 -0.985007 -0.0572587
2.16092 5.05789 -44.6569 -0.157132 -0.985529 -0.0635786
3.05025 4.91859 -44.6892 -0.156635 -0.985601 -0.0636928
4.38892 4.72915 -44.7525 -0.138219 -0.988137 -0.0669344
5.28891 4.60614 -44.7961 -0.13511 -0.98873 -0.0643493
6.21159 4.49205 -44.8898 -0.124713 -0.989851 -0.0681351
7.44374 4.35177 -45.0174 -0.1164 -0.99123 -0.0625568
8.71584 4.21441 -45.1113 -0.102309 -0.993217 -0.0552446
9.7374 4.11975 -45.2295 -0.0958974 -0.993586 -0.0599262
10.7148 4.03852 -45.3983 -0.0913553 -0.994125 -0.0580526
11.6436 3.96924 -45.5733 -0.0758666 -0.995353 -0.0592991
12.7245 3.89524 -45.7568 -0.0759541 -0.995861 -0.0497566
13.8523 3.82229 -45.9293 -0.0652081 -0.996479 -0.0522089
15.0864 3.76035 -46.1749 -0.0598253 -0.997314 -0.0421334
15.1765 3.80036 -47.1977 -0.0573379 -0.997382 -0.0440584
14.547 3.88961 -48.4459 -0.070747 -0.996682 -0.0399241
14.1667 3.94969 -49.3779 -0.0721765 -0.996765 -0.0353543
13.7759 4.01809 -50.5633 -0.0729705 -0.99681 -0.0323377
13.4957 4.06992 -51.6313 -0.0735593 -0.997056 -0.0216207
13.3076 4.11941 -53.3463 -0.076254 -0.99689 -0.0198677
13.3015 4.14256 -54.4615 -0.0731576 -0.997177 -0.0156085
13.4863 4.1464 -55.9388 -0.08138 -0.996615 -0.0112752
13.8416 4.12576 -57.2412 -0.0741929 -0.997226 -0.00605519
14.2615 4.10439 -58.4901 -0.0672556 -0.997712 -0.00314566
14.7968 4.06466 -59.6623 -0.0665003 -0.997783 0.00246538
15.559 4.01042 -60.762 -0.0640846 -0.997926 0.00600422
14.7791 4.06062 -61.3994 -0.0720005 -0.997378 0.00624896
13.5958 4.14425 -61.4923 -0.0753945 -0.997103 0.00910717
12.3477 4.24232 -61.6055 -0.0848644 -0.996352 0.00629563
11.3676 4.33004 -61.6158 -0.0876618 -0.996089 0.0110583
10.4662 4.41275 -61.6236 -0.0947792 -0.995427 0.0118855
9.39859 4.51694 -61.5907 -0.0992269 -0.995021 0.00930133
8.20036 4.64394 -61.5087 -0.110316 -0.993808 0.0132545
7.24826 4.74962 -61.4181 -0.107383 -0.994135 0.012828
6.23757 4.86765 -61.2753 -0.116567 -0.993147 0.00838911
5.27696 4.98305 -61.0793 -0.117952 -0.992982 0.00864435
4.12304 5.13201 -60.8023 -0.136423 -0.990577 0.0120731
3.10727 5.27559 -60.5311 -0.138473 -0.990295 0.0118992
2.7435 5.31048 -61.4547 -0.134058 -0.990808 0.018094
3.65744 5.18332 -61.6666 -0.131997 -0.991075 0.0186589
4.66435 5.04784 -61.908 -0.117992 -0.99293 0.0125022
5.57895 4.9355 -62.1042 -0.118558 -0.992822 0.0157731
6.48608 4.82696 -62.2721 -0.115111 -0.993235 0.0153078
7.73913 4.68245 -62.4212 -0.109675 -0.993872 0.0137637
9.05367 4.54225 -62.5539 -0.0993068 -0.995012 0.00949529
10.2635 4.4218 -62.6047 -0.0980368 -0.995142 0.00903151
11.5782 4.30159 -62.5945 -0.085763 -0.996288 0.00739306
12.6169 4.21418 -62.5401 -0.0801885 -0.996754 0.00710287
13.7739 4.12191 -62.464 -0.0753945 -0.997103 0.00910708
14.9264 4.04118 -62.3613 -0.0703984 -0.99748 0.00882164
16.086 3.96799 -62.3328 -0.0625942 -0.998018 0.00642608
16.9845 3.91688 -62.2422 -0.0544163 -0.998514 0.00303713
17.4805 3.89202 -61.625 -0.0519096 -0.998636 0.00554651
16.6243 3.94482 -60.6017 -0.0606806 -0.99814 0.00578099
15.9754 3.98808 -59.7164 -0.0644646 -0.99792 3.36403e-05
15.5133 4.01912 -58.9438 -0.0653984 -0.997857 0.00197936
15.0868 4.04452 -58.0013 -0.0649269 -0.997855 -0.0080709
14.7405 4.05986 -57.0617 -0.0630849 -0.997989 -0.00620183
14.472 4.07475 -56.0128 -0.0690182 -0.997612 -0.00258755
14.2652 4.07561 -54.7015 -0.0731575 -0.997177 -0.0156081
14.2781 4.04806 -53.4912 -0.075481 -0.996928 -0.020883
14.3093 4.03325 -52.5379 -0.0693444 -0.997522 -0.011878
14.5391 3.98864 -51.271 -0.0670352 -0.997321 -0.0287396
14.831 3.93559 -50.2974 -0.0642603 -0.997394 -0.0326709
15.2998 3.86247 -49.0507 -0.061746 -0.99734 -0.0387288
15.8659 3.79019 -47.9076 -0.0522318 -0.997766 -0.0416628
16.4634 3.71955 -46.9748 -0.0497661 -0.997682 -0.0464208
17.0831 3.64156 -45.8853 -0.0334497 -0.998246 -0.0488532
16.4189 3.65211 -45.4137 -0.0530137 -0.997324 -0.0500789
15.4182 3.6929 -45.2245 -0.0545466 -0.997028 -0.0542809
14.2252 3.7521 -45.0332 -0.0574807 -0.996838 -0.0548402
12.9504 3.82809 -44.8209 -0.0706853 -0.995927 -0.0559728
11.3487 3.93317 -44.5907 -0.0746442 -0.995555 -0.0573786
10.2956 4.01502 -44.3588 -0.0916569 -0.993647 -0.065298
9.37532 4.09179 -44.2085 -0.1001 -0.992866 -0.0645737
8.0214 4.2295 -44.1277 -0.102471 -0.992227 -0.0704475
7.12617 4.32376 -44.0323 -0.115563 -0.990466 -0.0749878
5.82834 4.47287 -43.8812 -0.132847 -0.988657 -0.0700412
4.86592 4.5997 -43.8256 -0.136054 -0.988284 -0.0691189
3.95632 4.72662 -43.7816 -0.140402 -0.988162 -0.0618261
2.69314 4.91324 -43.7313 -0.157349 -0.985429 -0.0645905
1.62778 5.07961 -43.6926 -0.154471 -0.985212 -0.0741346
0.286675 5.30607 -43.7966 -0.162926 -0.984494 -0.0650048
-0.886244 5.50568 -43.8839 -0.16338 -0.98461 -0.0619673
-2.01094 5.70188 -44.0216 -0.163821 -0.984918 -0.0556766
-2.9787 5.87047 -44.1403 -0.16627 -0.984537 -0.0551545
-4.01514 6.05029 -44.2258 -0.165118 -0.984576 -0.0577716
-5.08552 6.23478 -44.343 -0.163479 -0.984967 -0.0558057
-6.04263 6.39926 -44.4751 -0.158775 -0.985795 -0.0547002
-7.26101 6.60163 -44.579 -0.161394 -0.985501 -0.052342
-8.25061 6.75781 -44.6241 -0.14104 -0.988741 -0.0499143
-9.57743 6.94971 -44.7109 -0.13874 -0.988954 -0.0521644
-10.4721 7.07672 -44.7834 -0.121865 -0.991569 -0.0440256
-11.4322 7.19455 -44.8027 -0.120796 -0.991648 -0.0451889
-12.6583 7.33945 -44.7612 -0.114028 -0.992638 -0.0403785
-13.6471 7.42651 -44.7505 -0.0759413 -0.996002 -0.0470448
-14.5559 7.49496 -44.7351 -0.0696708 -0.996366 -0.0489717
-16.2156 7.60855 -44.7195 -0.0637863 -0.996854 -0.0466644
-17.1597 7.6339 -44.6767 -0.0288173 -0.998234 -0.0519536
-18.1819 7.65658 -44.5904 -0.0239337 -0.998222 -0.0545815
-19.0816 7.67273 -44.4975 -0.0120609 -0.997981 -0.0609217
-20.1155 7.65766 -44.3708 0.0259314 -0.997874 -0.0597088
-21.5619 7.60548 -44.208 0.0300452 -0.997624 -0.0620029
-22.5054 7.54701 -44.0702 0.0707941 -0.994736 -0.0740816
-23.6981 7.43913 -43.8679 0.103071 -0.990787 -0.0867164
-25.1763 7.24302 -43.597 0.12148 -0.988715 -0.0873431
-26.2536 7.0593 -43.4194 0.149671 -0.982606 -0.109929
-27.7384 6.77557 -43.3263 0.194918 -0.974182 -0.113918
-28.9218 6.56106 -43.4163 0.189344 -0.97407 -0.123684
-29.0431 6.61377 -44.0747 0.233274 -0.965822 -0.113007
-28.222 6.84801 -44.7276 0.178544 -0.978452 -0.1037
-27.2559 7.08654 -45.3263 0.165709 -0.981787 -0.0916416
-26.0605 7.3407 -46.1211 0.153211 -0.984123 -0.0890606
-24.9811 7.53575 -46.6868 0.125654 -0.989583 -0.068549
-24.1631 7.632 -47.1089 0.0735057 -0.995684 -0.0566594
-23.2629 7.72695 -47.6109 0.0622078 -0.996055 -0.0632841
-22.083 7.81495 -48.2253 0.0320838 -0.998586 -0.0423737
-21.2578 7.85889 -48.6796 0.0270882 -0.998815 -0.0404292
-20.2382 7.91101 -49.2845 0.00958896 -0.999192 -0.0344269
-19.4263 7.91571 -49.7184 -0.00790767 -0.999709 -0.0227816
-18.4829 7.91566 -50.2813 -0.0142022 -0.999741 -0.0178006
-17.6701 7.89876 -50.8127 -0.0503413 -0.998648 -0.0129519
-16.8062 7.8613 -51.2784 -0.0503294 -0.998647 -0.0130444
-15.5326 7.80357 -52.0207 -0.0524595 -0.99857 -0.0101911
-14.709 7.74068 -52.4525 -0.0803281 -0.996765 -0.00273332
-13.9152 7.67839 -52.9011 -0.0810528 -0.996708 0.00175875
-12.8766 7.58321 -53.5332 -0.0972765 -0.995252 0.00323553
-11.8177 7.47547 -54.2085 -0.112089 -0.993664 0.000610491
-10.7724 7.34694 -54.894 -0.11929 -0.99285 0.00422868
-9.84591 7.22832 -55.4443 -0.127957 -0.991702 0.0115752
-8.932 7.10209 -55.9546 -0.127757 -0.991679 0.0158199
-7.70268 6.92548 -56.6869 -0.136788 -0.990493 0.0145724
-6.87967 6.80173 -57.1742 -0.137849 -0.990287 0.018165
-5.9598 6.66393 -57.7171 -0.137607 -0.990325 0.0179241
-4.51103 6.43791 -58.4869 -0.145167 -0.989141 0.0229698
-3.72966 6.31106 -58.9327 -0.147271 -0.988843 0.0223784
-2.76857 6.15527 -59.4919 -0.150604 -0.988353 0.02157
-1.94817 6.02391 -59.9293 -0.148352 -0.988829 0.0144206
-0.829268 5.84676 -60.3966 -0.150806 -0.988342 0.0209004
0.195501 5.68741 -60.7633 -0.14359 -0.989455 0.0189936
1.31409 5.51807 -61.1032 -0.141532 -0.989694 0.0216376
2.49029 5.34566 -61.3964 -0.133642 -0.990877 0.0173851
2.65439 5.3229 -61.432 -0.133641 -0.990877 0.017385
2.49003 5.32702 -62.3854 -0.133459 -0.990841 0.0205703
3.42501 5.19697 -62.5862 -0.130721 -0.991277 0.0166138
4.47802 5.05584 -62.8342 -0.124179 -0.992134 0.0148952
5.68082 4.90785 -63.0731 -0.116015 -0.993117 0.0157512
6.76427 4.78008 -63.2738 -0.114981 -0.99327 0.0139467
8.04881 4.63377 -63.457 -0.104451 -0.994444 0.0117574
9.07874 4.53025 -63.5447 -0.100819 -0.994807 0.0133536
10.1553 4.42249 -63.5691 -0.0991126 -0.995012 0.0113353
11.0634 4.3345 -63.5562 -0.0829211 -0.996466 0.0134237
12.1236 4.24659 -63.5334 -0.0832089 -0.996435 0.0138829
13.6407 4.12381 -63.4515 -0.081255 -0.996649 0.00937613
14.8376 4.03834 -63.3403 -0.0687607 -0.997561 0.0113025
16.1325 3.95457 -63.298 -0.0610253 -0.998059 0.0117658
17.0931 3.90071 -63.2033 -0.0564759 -0.998336 0.0116358
18.3272 3.83718 -63.0131 -0.0510213 -0.998646 0.010133
19.488 3.78795 -62.7851 -0.0355348 -0.999338 0.00779447
19.2351 3.80269 -62.0479 -0.0425688 -0.999019 0.00975379
18.5916 3.83734 -61.3983 -0.0464235 -0.998908 0.00508235
17.8634 3.87552 -60.6342 -0.0491063 -0.998779 0.00396196
17.2672 3.90907 -59.9015 -0.0578654 -0.998308 0.00332556
16.666 3.94809 -59.0959 -0.0540004 -0.998524 0.00183804
16.2232 3.97489 -58.2384 -0.0635141 -0.997966 -0.00208652
15.8237 3.99303 -57.2759 -0.06269 -0.998008 -0.00700703
15.5317 4.00604 -56.3907 -0.0632252 -0.997984 -0.00550386
15.3167 4.01209 -55.4768 -0.0633053 -0.997937 -0.0106847
15.1939 4.00908 -54.5502 -0.0620481 -0.997956 -0.015058
15.1867 3.99378 -53.6313 -0.0602761 -0.998035 -0.0170872
15.2414 3.97294 -52.6454 -0.0617319 -0.997918 -0.0186093
15.5007 3.92463 -51.2921 -0.0624729 -0.997747 -0.0244328
15.8743 3.86609 -50.138 -0.0565239 -0.997987 -0.0281652
16.2634 3.81805 -49.2024 -0.0522735 -0.998111 -0.0322701
16.8723 3.74505 -48.0454 -0.0490437 -0.997991 -0.0401025
17.7975 3.65482 -46.7792 -0.0352596 -0.998626 -0.0387778
18.5658 3.59644 -45.9762 -0.0342743 -0.998439 -0.0439458
19.4819 3.5393 -45.2775 -0.012997 -0.999161 -0.0387363
18.8652 3.53299 -44.8571 -0.0246123 -0.998726 -0.0428964
17.8858 3.55725 -44.6876 -0.0315868 -0.998255 -0.0498355
16.9948 3.57605 -44.5256 -0.0397382 -0.997831 -0.0516582
15.6302 3.63038 -44.2796 -0.0462327 -0.997313 -0.0565393
14.6517 3.67804 -44.1474 -0.0568816 -0.996812 -0.0559533
13.6331 3.73356 -43.976 -0.0685277 -0.996187 -0.0539969
12.3462 3.81049 -43.7819 -0.0704666 -0.99545 -0.0641396
11.0576 3.89351 -43.5355 -0.0829473 -0.994731 -0.0602422
9.98587 3.97708 -43.3192 -0.0937863 -0.993045 -0.0707115
8.79489 4.07984 -43.1728 -0.100389 -0.992134 -0.0747779
7.8099 4.17857 -43.1215 -0.111477 -0.99117 -0.0717938
6.89754 4.27447 -43.0288 -0.11352 -0.990818 -0.0733912
5.92237 4.39225 -42.9202 -0.129768 -0.988809 -0.0735987
4.93098 4.52395 -42.8498 -0.140127 -0.987612 -0.0706147
3.79052 4.68532 -42.8143 -0.144557 -0.987122 -0.0685065
2.69955 4.84359 -42.7685 -0.151561 -0.98564 -0.0744448
1.63969 5.0036 -42.7071 -0.157098 -0.985011 -0.0711094
0.351746 5.23256 -42.8464 -0.165736 -0.983902 -0.0667645
-0.613147 5.3964 -42.9132 -0.162567 -0.984534 -0.0653009
-1.52166 5.55431 -43.0136 -0.168277 -0.983671 -0.0638281
-2.48369 5.72678 -43.1339 -0.16719 -0.983865 -0.0636868
-3.44995 5.89432 -43.2173 -0.163967 -0.984616 -0.0603889
-4.56216 6.08762 -43.3121 -0.167815 -0.983993 -0.059957
-5.59774 6.26631 -43.4212 -0.161126 -0.985368 -0.0555523
-6.63727 6.44444 -43.579 -0.156537 -0.986047 -0.0566243
-7.55233 6.5931 -43.6315 -0.158046 -0.98557 -0.0606006
-8.55913 6.74872 -43.6929 -0.144139 -0.987709 -0.0604601
-9.87889 6.94309 -43.7896 -0.138254 -0.988989 -0.0527804
-11.1855 7.11696 -43.8257 -0.122361 -0.991221 -0.0500928
-12.1141 7.22684 -43.813 -0.115985 -0.991759 -0.0544272
-13.324 7.35225 -43.7981 -0.0942199 -0.993509 -0.0637411
-14.4376 7.43946 -43.7908 -0.0707002 -0.996259 -0.0497002
-15.7002 7.52737 -43.7764 -0.0559584 -0.996789 -0.0553841
-16.9337 7.57864 -43.7402 -0.0360462 -0.997669 -0.0572397
-17.9926 7.6005 -43.6444 -0.0250261 -0.99838 -0.0511012
-19.0453 7.60792 -43.5221 -0.00146473 -0.99788 -0.0650661
-20.3695 7.58549 -43.3714 0.0237763 -0.99741 -0.0678888
-21.6619 7.52297 -43.2112 0.0515729 -0.996114 -0.0713925
-22.7175 7.4578 -43.0838 0.0775108 -0.993747 -0.0778746
-24.0484 7.3141 -42.8557 0.103071 -0.990787 -0.0867161
-25.0702 7.17073 -42.6816 0.126677 -0.987607 -0.0926611
-26.0395 7.00573 -42.5271 0.164575 -0.982539 -0.0867926
-27.4369 6.72729 -42.3734 0.195872 -0.975143 -0.10359
-28.4802 6.51303 -42.3748 0.206844 -0.9709 -0.11969
-29.441 6.33547 -42.4837 0.213681 -0.969474 -0.11833
-30.6043 6.0534 -42.7463 0.267807 -0.954202 -0.133335
-30.7832 6.10806 -43.4982 0.268206 -0.954112 -0.133178
-30.293 6.33242 -44.2536 0.236544 -0.96521 -0.111427
-29.557 6.59169 -44.9501 0.233267 -0.965959 -0.11185
-28.4676 6.9034 -45.7352 0.184832 -0.978177 -0.0948974
-27.6753 7.10016 -46.243 0.181648 -0.979125 -0.0911998
-26.6513 7.31996 -46.8943 0.141041 -0.986758 -0.0800971
-25.8145 7.47545 -47.3439 0.125654 -0.989583 -0.0685495
-24.7103 7.6352 -47.8751 0.0948979 -0.993646 -0.0565732
-23.3288 7.79194 -48.6987 0.0696281 -0.995617 -0.0619827
-22.4267 7.84236 -49.1439 0.0328957 -0.99855 -0.0426169
-21.3806 7.89976 -49.7152 0.0284944 -0.99868 -0.0426225
-20.1982 7.93734 -50.401 -0.00775068 -0.999712 -0.0227264
-19.3707 7.93902 -50.885 -0.0141875 -0.999721 -0.0188501
-18.4623 7.93719 -51.44 -0.0141724 -0.999702 -0.0198989
-17.3126 7.8962 -52.1014 -0.0404645 -0.999161 -0.00625205
-16.519 7.86021 -52.5742 -0.0525515 -0.998582 -0.00853329
-15.426 7.79601 -53.1866 -0.0759495 -0.997111 0.00115564
-14.2543 7.70293 -53.8229 -0.0756094 -0.997122 0.00551283
-13.2027 7.61205 -54.4663 -0.0976208 -0.995134 0.0109458
-12.305 7.5131 -55.0302 -0.0981592 -0.994994 0.0187776
-11.1896 7.38011 -55.7887 -0.109015 -0.993855 0.0191742
-10.0274 7.22851 -56.4439 -0.11492 -0.99297 0.0283425
-9.07307 7.10228 -56.9817 -0.123073 -0.992122 0.0233999
-7.99763 6.94785 -57.6153 -0.134422 -0.990566 0.0266254
-6.96101 6.79048 -58.2373 -0.133872 -0.990644 0.0265028
-5.88088 6.62753 -58.8485 -0.138084 -0.989969 0.0297329
-4.86267 6.46646 -59.3711 -0.14172 -0.989409 0.0313513
-4.04826 6.3323 -59.8364 -0.144749 -0.988899 0.0335699
-3.00941 6.16228 -60.436 -0.140492 -0.989626 0.0300469
-1.9024 5.98617 -61.0168 -0.14362 -0.98922 0.0285714
-0.555775 5.7778 -61.5136 -0.144015 -0.989213 0.0267533
0.301382 5.64455 -61.7895 -0.143049 -0.989412 0.0243003
1.17009 5.5168 -62.0272 -0.139484 -0.989974 0.0222473
1.96296 5.40084 -62.249 -0.135286 -0.990596 0.0203608
1.62373 5.42957 -63.1452 -0.137113 -0.99035 0.0201517
2.61196 5.29029 -63.397 -0.131897 -0.991098 0.0181351
3.74718 5.13693 -63.6556 -0.128336 -0.991576 0.0175289
4.74997 5.00682 -63.8579 -0.119187 -0.992739 0.0162252
5.90274 4.86678 -64.1034 -0.112812 -0.993499 0.0153031
6.98442 4.74022 -64.294 -0.112116 -0.993475 0.0209318
8.42624 4.5819 -64.449 -0.102163 -0.994611 0.0176573
10.065 4.41652 -64.5259 -0.0964752 -0.995196 0.0166629
11.2085 4.30911 -64.4996 -0.0850545 -0.996274 0.0140867
12.4934 4.20228 -64.4583 -0.0803505 -0.996649 0.0149799
13.583 4.1188 -64.4146 -0.0748496 -0.997106 0.0132025
14.5862 4.04677 -64.347 -0.0726158 -0.997312 0.00978349
15.5869 3.97745 -64.2855 -0.0612872 -0.998058 0.0102592
16.5353 3.92324 -64.2109 -0.0572652 -0.998327 0.0080088
17.9438 3.84634 -64.0468 -0.054375 -0.998496 0.00699826
19.3739 3.78199 -63.805 -0.0414505 -0.999116 0.0070453
20.7471 3.73452 -63.549 -0.0356783 -0.999306 0.010747
21.7621 3.70222 -63.3233 -0.0256458 -0.999651 0.00639771
21.7987 3.70378 -62.9332 -0.0305943 -0.99948 0.00863208
21.0001 3.73932 -62.1249 -0.0352239 -0.999352 0.00734783
20.0102 3.77876 -61.3759 -0.0370695 -0.999291 0.00653463
19.1896 3.81414 -60.6679 -0.0415956 -0.999105 0.00635232
18.5623 3.84693 -60.0229 -0.0461709 -0.998922 0.0045319
17.8367 3.88321 -59.1189 -0.0506909 -0.998689 0.00510133
17.1386 3.9208 -57.9543 -0.048427 -0.998822 -0.0011335
16.6144 3.94481 -56.697 -0.0543077 -0.998522 -0.00203453
16.2275 3.9522 -55.3193 -0.0588656 -0.998206 -0.00869684
16.0977 3.94772 -54.2775 -0.0558705 -0.998337 -0.0116535
16.1159 3.92596 -53.0685 -0.0630216 -0.997822 -0.0194611
16.2729 3.89541 -52.0737 -0.0624728 -0.997747 -0.0244331
16.5164 3.86 -51.1783 -0.0431915 -0.998714 -0.0263372
16.9659 3.8039 -49.9024 -0.0518509 -0.998234 -0.0287753
17.4057 3.7543 -48.9856 -0.0475665 -0.99841 -0.0302346
17.8982 3.70281 -48.1756 -0.0333723 -0.998879 -0.0335621
18.7329 3.63879 -47.1729 -0.0344336 -0.99861 -0.0399053
19.7184 3.57561 -46.2584 -0.0135312 -0.999015 -0.0420584
20.6321 3.54143 -45.6288 -0.00955319 -0.999165 -0.0397094
21.3875 3.50975 -45.0154 -0.00939758 -0.999142 -0.0403362
21.1334 3.48213 -44.272 -0.00997604 -0.999145 -0.0401132
19.9816 3.48582 -44.0924 -0.00898331 -0.999015 -0.0434591
19.0851 3.49159 -43.9233 -0.0153772 -0.998889 -0.0444728
18.0502 3.50248 -43.7291 -0.0304361 -0.998196 -0.0517447
17.0449 3.52372 -43.5477 -0.0304623 -0.998193 -0.0517974
16.0217 3.55788 -43.3825 -0.0434775 -0.997153 -0.0616131
15.0465 3.60153 -43.2474 -0.0587453 -0.99644 -0.0604603
13.8002 3.66511 -43.0543 -0.0619733 -0.99627 -0.06004
12.619 3.7333 -42.8745 -0.0697441 -0.99555 -0.0633725
11.333 3.80717 -42.6058 -0.0791812 -0.99392 -0.0765117
10.1953 3.88425 -42.3757 -0.0861587 -0.993493 -0.0744815
9.09348 3.97887 -42.2394 -0.10076 -0.992081 -0.0749902
7.96128 4.08971 -42.1529 -0.109133 -0.991236 -0.0744091
7.05564 4.18327 -42.0528 -0.118497 -0.990267 -0.0725255
5.88274 4.32638 -41.9596 -0.123078 -0.989475 -0.0757903
4.66507 4.48584 -41.9011 -0.134413 -0.987245 -0.0853232
3.4927 4.65731 -41.8534 -0.145538 -0.986705 -0.0722707
2.36035 4.8229 -41.786 -0.154197 -0.985562 -0.0696815
1.17372 5.01749 -41.7648 -0.169098 -0.983278 -0.0675975
0.151991 5.20314 -41.9152 -0.166932 -0.983703 -0.0667764
-1.01475 5.40342 -42.0047 -0.165192 -0.984219 -0.0633844
-2.28062 5.62845 -42.1508 -0.168034 -0.983759 -0.0630997
-3.31547 5.8088 -42.2303 -0.16658 -0.984055 -0.0623371
-4.25548 5.97238 -42.2953 -0.167184 -0.983975 -0.0619859
-5.38495 6.17129 -42.4068 -0.167463 -0.983941 -0.0617747
-6.34956 6.3379 -42.5297 -0.157649 -0.985856 -0.0568729
-7.27458 6.49166 -42.6481 -0.154365 -0.986309 -0.0579803
-8.37445 6.66624 -42.7222 -0.149529 -0.987121 -0.0567616
-9.53378 6.84052 -42.7993 -0.139049 -0.988783 -0.0545255
-10.608 6.99553 -42.8797 -0.129495 -0.989797 -0.0588592
-11.6368 7.11692 -42.8543 -0.117502 -0.991412 -0.0574069
-13.0165 7.26442 -42.8386 -0.0965133 -0.993748 -0.0561223
-14.309 7.38199 -42.842 -0.0817511 -0.994913 -0.0588712
-15.2314 7.44849 -42.832 -0.0565666 -0.996748 -0.0552541
-16.7348 7.51188 -42.8135 -0.0419392 -0.997131 -0.0630051
-17.7349 7.54699 -42.7253 -0.0328154 -0.997769 -0.0572856
-18.7848 7.54599 -42.5817 -0.00171182 -0.997868 -0.0652411
-19.7301 7.53996 -42.488 0.0225025 -0.996943 -0.0742054
-20.8837 7.49375 -42.3583 0.0312178 -0.996681 -0.0751208
-22.0765 7.42423 -42.2096 0.0578624 -0.995063 -0.0806372
-23.3656 7.31498 -42.0352 0.105109 -0.990585 -0.0865799
-24.3311 7.18883 -41.8763 0.113058 -0.988739 -0.0980481
-25.743 6.95745 -41.6177 0.158046 -0.980229 -0.119046
-26.7689 6.75405 -41.4611 0.185345 -0.976181 -0.112777
-27.7975 6.54865 -41.3735 0.190608 -0.975662 -0.108185
-28.7148 6.3509 -41.4229 0.219626 -0.969253 -0.110961
-30.0001 6.06155 -41.6189 0.268341 -0.953492 -0.137279
-31.067 5.79051 -41.8235 0.268894 -0.953318 -0.13741
-31.8615 5.61529 -42.234 0.322035 -0.934489 -0.151735
-32.1936 5.66036 -43.2393 0.289635 -0.947771 -0.133569
-31.7227 5.93086 -44.1297 0.282842 -0.949335 -0.136874
-31.0912 6.20289 -44.8261 0.236928 -0.964768 -0.114362
-30.4451 6.43795 -45.4513 0.233911 -0.965374 -0.115426
-29.5701 6.73459 -46.1784 0.211427 -0.971352 -0.10569
-28.6895 6.95983 -46.7562 0.1832 -0.978693 -0.0927018
-27.8062 7.18436 -47.3214 0.182512 -0.977205 -0.108443
-27.0051 7.34591 -47.7924 0.142597 -0.98627 -0.083213
-26.2114 7.48939 -48.2274 0.134435 -0.988032 -0.0756302
-25.3894 7.61485 -48.6512 0.0989811 -0.993206 -0.0611965
-24.3891 7.73547 -49.1778 0.0798001 -0.995183 -0.0569519
-23.4829 7.82316 -49.673 0.0499313 -0.998029 -0.0380203
-22.6367 7.87667 -50.1098 0.0321462 -0.998598 -0.0420483
-21.3705 7.94521 -50.8379 0.0258567 -0.999274 -0.0253045
-20.3896 7.96064 -51.3972 -0.00745939 -0.999743 -0.0214171
-19.6023 7.95998 -51.8558 -0.0119482 -0.999772 -0.0176726
-18.6969 7.95426 -52.3889 -0.0260672 -0.999535 -0.00650822
-17.8619 7.92204 -52.8997 -0.0421805 -0.999106 -0.00296647
-16.8576 7.87902 -53.4876 -0.0418115 -0.999095 0.00777362
-15.7 7.81023 -54.1452 -0.0645041 -0.997741 0.0187767
-14.731 7.73445 -54.6588 -0.076363 -0.99701 0.0106275
-13.8907 7.66151 -55.1615 -0.0771177 -0.996898 0.0157421
-12.8329 7.54958 -55.8564 -0.0949099 -0.995274 0.020262
-11.9742 7.45036 -56.4624 -0.102762 -0.994235 0.0292289
-11.0511 7.3317 -56.961 -0.110727 -0.99348 0.027004
-10.1803 7.22132 -57.4472 -0.112712 -0.993324 0.0245602
-9.02867 7.06727 -58.1007 -0.118995 -0.992231 0.0363048
-7.90062 6.90112 -58.7984 -0.129392 -0.99095 0.0357101
-7.07451 6.77525 -59.2848 -0.130253 -0.990748 0.0381164
-6.05713 6.62056 -59.8492 -0.129959 -0.99076 0.0387806
-4.88293 6.43292 -60.471 -0.143504 -0.989093 0.0331758
-3.68753 6.23807 -61.1348 -0.143596 -0.989193 0.0296258
-2.89399 6.11174 -61.5634 -0.140893 -0.989535 0.0311125
-1.96182 5.96295 -62.0288 -0.139366 -0.989665 0.0336482
-0.913649 5.80616 -62.3802 -0.139726 -0.989705 0.0305718
-0.0302117 5.67297 -62.6464 -0.140996 -0.989772 0.0217339
1.0379 5.51425 -62.9697 -0.138298 -0.990162 0.0211998
1.41247 5.46005 -63.0846 -0.137113 -0.99035 0.0201517
1.04668 5.48545 -63.953 -0.134047 -0.990455 0.0320604
2.21996 5.32181 -64.2742 -0.126154 -0.991706 0.0245775
3.52623 5.14811 -64.5857 -0.12499 -0.991819 0.0259307
4.60363 5.00747 -64.8075 -0.121397 -0.992347 0.022547
5.74308 4.86628 -65.0531 -0.114101 -0.993241 0.0212863
6.63855 4.75936 -65.238 -0.113356 -0.993336 0.0208011
7.90175 4.619 -65.3573 -0.105102 -0.994295 0.017876
8.83597 4.52181 -65.4364 -0.102008 -0.994614 0.0183908
9.75588 4.43105 -65.4887 -0.0928481 -0.995507 0.0185626
10.6916 4.34158 -65.4903 -0.0913709 -0.99571 0.0138222
11.9234 4.23478 -65.44 -0.0850549 -0.996274 0.0140865
13.0377 4.14743 -65.386 -0.0772178 -0.996925 0.0132905
14.0528 4.07243 -65.3503 -0.0730336 -0.997248 0.0127501
14.9553 4.00792 -65.2872 -0.0676476 -0.997636 0.0110029
16.5053 3.91482 -65.167 -0.0576934 -0.998252 0.0128063
17.4516 3.86366 -65.0756 -0.0545975 -0.99844 0.0117136
18.8005 3.79607 -64.8782 -0.0445133 -0.998951 0.0103872
19.7622 3.75725 -64.712 -0.0398795 -0.999132 0.0117386
21.0652 3.71227 -64.4853 -0.0360855 -0.999272 0.0123774
22.0203 3.68791 -64.2584 -0.02602 -0.999606 0.0105098
23.084 3.66422 -63.9649 -0.0211008 -0.999722 0.0103873
24.1627 3.64593 -63.6657 -0.0141322 -0.999834 0.00974823
25.173 3.63916 -63.3988 -0.00881198 -0.999933 0.00748289
25.9321 3.63659 -62.8992 -0.0040021 -0.999959 0.0078906
24.6913 3.64921 -62.4123 -0.013498 -0.99986 0.00812417
23.5677 3.67206 -62.2292 -0.0184611 -0.999789 0.00885962
22.4387 3.69651 -61.8424 -0.0200036 -0.999783 0.00587859
21.4928 3.7274 -61.3109 -0.0308991 -0.999507 0.00449956
20.467 3.7665 -60.5346 -0.0363148 -0.999325 0.00511988
19.6735 3.80072 -59.8368 -0.0377099 -0.999282 0.00273033
18.6998 3.84307 -58.7319 -0.0479848 -0.998847 0.00133519
18.1087 3.87273 -57.7798 -0.0488754 -0.998803 0.00143359
17.7207 3.88955 -56.9573 -0.0470585 -0.998885 -0.00378248
17.2681 3.9033 -55.7004 -0.0473532 -0.99885 -0.00732084
17.0534 3.90462 -54.5455 -0.0493492 -0.998702 -0.0123382
17.0113 3.89337 -53.6168 -0.0497728 -0.998565 -0.0191404
17.1198 3.86615 -52.6574 -0.0442021 -0.998846 -0.0187591
17.3623 3.8339 -51.5759 -0.0431915 -0.998714 -0.026337
17.8465 3.77362 -50.2237 -0.0428688 -0.998663 -0.0288747
18.4852 3.71256 -48.9826 -0.0283083 -0.999081 -0.0318343
19.122 3.6628 -48.1362 -0.0286578 -0.998938 -0.0360549
19.8081 3.62198 -47.4173 -0.0241839 -0.999234 -0.0307622
20.8213 3.57891 -46.6099 -0.0106643 -0.999264 -0.0366555
21.5955 3.55154 -46.1011 -0.0109301 -0.999169 -0.0392184
22.4896 3.51972 -45.5601 -0.0034115 -0.999332 -0.0351213
23.4113 3.51148 -45.1414 0.00524233 -0.999323 -0.0361861
24.3395 3.51966 -45.0331 0.0149829 -0.999431 -0.0302143
25.2336 3.53162 -44.9024 0.0257311 -0.999212 -0.0302156
26.28 3.56321 -45.0652 0.0237861 -0.999319 -0.0282016
26.3668 3.55351 -44.6847 0.0265881 -0.999074 -0.0337664
25.3266 3.51379 -44.2602 0.0246281 -0.999142 -0.0333023
24.4397 3.48914 -44.0943 0.0182759 -0.999187 -0.0359464
23.5236 3.46617 -43.8836 0.0157622 -0.999256 -0.035193
22.3507 3.44917 -43.5642 -0.00382477 -0.999311 -0.0369295
21.1215 3.43999 -43.2879 -0.00361609 -0.999051 -0.0430016
20.0492 3.44263 -43.1223 -0.00756291 -0.998896 -0.0462938
19.0832 3.44541 -42.9479 -0.015421 -0.998585 -0.050895
18.0899 3.45127 -42.7646 -0.0221 -0.998508 -0.0491626
17.1416 3.46644 -42.5793 -0.0267876 -0.99804 -0.0565607
16.2221 3.49152 -42.4425 -0.0423336 -0.99718 -0.0619486
15.2825 3.52732 -42.3258 -0.0617757 -0.995589 -0.0706108
14.2599 3.57915 -42.1919 -0.0579812 -0.995557 -0.0741779
12.8086 3.65011 -41.9419 -0.0636483 -0.99527 -0.0733917
11.8522 3.70215 -41.7439 -0.0752375 -0.994397 -0.074252
10.9614 3.75388 -41.5229 -0.0857926 -0.993455 -0.0754058
9.61105 3.85773 -41.3167 -0.0958438 -0.992734 -0.072658
8.56148 3.95655 -41.2277 -0.10022 -0.992207 -0.0740269
7.39367 4.07487 -41.1331 -0.113792 -0.989777 -0.0856684
6.16253 4.21581 -41.0335 -0.119877 -0.989404 -0.0819153
5.21623 4.33232 -40.9678 -0.136388 -0.987668 -0.0765712
3.97264 4.51383 -40.9238 -0.150618 -0.985685 -0.0757598
3.03608 4.65604 -40.8836 -0.150904 -0.98585 -0.0729297
2.08928 4.80018 -40.8214 -0.160321 -0.984741 -0.0676931
0.863382 5.00703 -40.8526 -0.169508 -0.983049 -0.0698669
-0.0194058 5.1666 -40.9694 -0.165678 -0.983475 -0.0729628
-1.19291 5.37349 -41.0818 -0.168071 -0.983437 -0.0678071
-2.11381 5.53596 -41.1825 -0.167648 -0.983675 -0.0653896
-3.2591 5.73775 -41.2594 -0.167756 -0.983772 -0.0636159
-4.16887 5.89446 -41.2942 -0.167635 -0.983936 -0.0613814
-5.34022 6.10038 -41.4165 -0.165505 -0.98423 -0.0624449
-6.26893 6.26573 -41.5536 -0.161977 -0.984856 -0.0616667
-7.41492 6.45583 -41.6981 -0.154603 -0.986098 -0.0609071
-8.52828 6.63187 -41.7605 -0.151504 -0.986664 -0.0594987
-9.61892 6.79855 -41.8489 -0.138305 -0.988668 -0.0583578
-10.7632 6.95469 -41.902 -0.121506 -0.990735 -0.0606711
-11.7417 7.07267 -41.8753 -0.110343 -0.991986 -0.0610157
-12.6545 7.16825 -41.8857 -0.103185 -0.992561 -0.0646242
-13.5835 7.26656 -41.9002 -0.092215 -0.99405 -0.0565331
-14.5847 7.34768 -41.8947 -0.0810481 -0.994778 -0.0620346
-15.5458 7.4063 -41.8772 -0.0429532 -0.99765 -0.0533825
-16.8169 7.45888 -41.8724 -0.0403384 -0.997616 -0.0559779
-18.1508 7.48666 -41.7052 -0.0123954 -0.997491 -0.0696984
-19.255 7.4748 -41.554 0.013182 -0.997001 -0.0762623
-20.5637 7.43762 -41.4417 0.0370853 -0.996328 -0.0768422
-21.5101 7.38793 -41.3263 0.0423471 -0.99577 -0.0815363
-22.4555 7.32433 -41.2113 0.0691087 -0.99393 -0.0846137
-23.3966 7.22604 -41.0887 0.117827 -0.989725 -0.080998
-24.3365 7.10208 -40.9413 0.126618 -0.987847 -0.0893086
-25.6153 6.88086 -40.6987 0.163946 -0.982937 -0.0834001
-26.5581 6.69613 -40.5306 0.180918 -0.978697 -0.0970082
-27.5525 6.49113 -40.4151 0.221932 -0.96749 -0.121286
-28.5478 6.26947 -40.4601 0.21796 -0.96812 -0.123439
-29.5479 6.04188 -40.5997 0.262952 -0.954514 -0.140431
-30.4256 5.81094 -40.7108 0.277832 -0.950358 -0.13973
-31.5788 5.50507 -40.943 0.278425 -0.948107 -0.153533
-32.5502 5.24992 -41.4454 0.322604 -0.934602 -0.149809
-33.1737 5.17656 -42.2525 0.329802 -0.929441 -0.165439
-33.2814 5.31612 -43.2512 0.330285 -0.92944 -0.164473
-32.8659 5.59466 -44.1914 0.286309 -0.947751 -0.140693
-32.2162 5.91358 -45.0424 0.279208 -0.951121 -0.131949
-31.5882 6.18786 -45.6973 0.27904 -0.951324 -0.130843
-30.6568 6.52047 -46.5401 0.231168 -0.965467 -0.120144
-29.6796 6.81797 -47.2752 0.19257 -0.97619 -0.099852
-28.7228 7.07156 -47.9159 0.191525 -0.976447 -0.0993448
-27.9428 7.24716 -48.3547 0.148202 -0.98648 -0.0699552
-27.1733 7.40109 -48.8391 0.154615 -0.98502 -0.0763474
-26.1345 7.57898 -49.3649 0.117928 -0.991207 -0.058584
-25.1133 7.71323 -49.8691 0.0921311 -0.994679 -0.0450316
-24.3009 7.80121 -50.3617 0.0802641 -0.99577 -0.0447269
-23.1347 7.88613 -50.9368 0.0482801 -0.998314 -0.0321669
-22.3145 7.93538 -51.4143 0.0258566 -0.999274 -0.0253053
-20.8975 7.97649 -52.1983 0.00878093 -0.999806 -0.0126612
-20.1158 7.97367 -52.648 -0.0128032 -0.999877 -0.00909491
-19.2562 7.96735 -53.1635 -0.0169214 -0.999825 -0.00298782
-18.2517 7.93583 -53.8098 -0.0399239 -0.999196 0.00369597
-17.1193 7.88409 -54.4482 -0.0482173 -0.998828 0.00416411
-15.9643 7.80949 -55.0958 -0.0644938 -0.997745 0.0185959
-15.1267 7.74626 -55.5335 -0.0699193 -0.997341 0.020558
-14.1998 7.66906 -56.0957 -0.0803193 -0.996311 0.0282899
-13.0944 7.54454 -56.8525 -0.0933038 -0.995196 0.0296495
-12.1318 7.43512 -57.4794 -0.0928707 -0.995157 0.0322138
-11.3353 7.33951 -57.9125 -0.109651 -0.993666 0.0245981
-10.5491 7.24109 -58.3403 -0.115965 -0.992764 0.0304398
-9.53772 7.0987 -58.9104 -0.119107 -0.992217 0.0363121
-8.72675 6.98311 -59.4195 -0.118651 -0.992285 0.0359437
-7.80213 6.84443 -59.9841 -0.130931 -0.990654 0.0382306
-6.69606 6.67553 -60.5778 -0.130345 -0.990679 0.0395588
-5.70891 6.52239 -61.1167 -0.133845 -0.990181 0.0403444
-4.89787 6.39399 -61.56 -0.137746 -0.989631 0.0406902
-4.10069 6.26565 -61.9827 -0.137553 -0.989679 0.040179
-3.23716 6.12817 -62.4433 -0.135837 -0.989965 0.038957
-2.21286 5.96516 -62.9884 -0.137102 -0.989766 0.0395705
-1.13155 5.80233 -63.3469 -0.136727 -0.989995 0.0348798
0.0979171 5.62206 -63.681 -0.13495 -0.990235 0.0349786
0.996958 5.49255 -63.9398 -0.1327 -0.990621 0.0325722
0.583043 5.51997 -64.8182 -0.132732 -0.990718 0.0293189
1.55252 5.3857 -65.0761 -0.12632 -0.991631 0.0266742
3.24734 5.15969 -65.4872 -0.125438 -0.991744 0.0266115
4.13715 5.04527 -65.6936 -0.122456 -0.992227 0.0221436
5.101 4.92178 -65.905 -0.11722 -0.992854 0.0221186
6.36217 4.77179 -66.1413 -0.114134 -0.993236 0.0213691
7.37761 4.65732 -66.2743 -0.104376 -0.994371 0.0182393
8.36121 4.55309 -66.3649 -0.101697 -0.994634 0.0189912
9.27398 4.45836 -66.4383 -0.101853 -0.994624 0.0186909
10.3642 4.35688 -66.4622 -0.0918627 -0.995632 0.0166551
11.7062 4.23721 -66.4067 -0.0883707 -0.995915 0.018549
12.9436 4.14142 -66.3382 -0.0776179 -0.996878 0.0144763
14.3006 4.04101 -66.2921 -0.0728435 -0.997227 0.0152532
15.3038 3.97652 -66.2157 -0.063265 -0.997922 0.0122273
16.55 3.90068 -66.1219 -0.0563057 -0.998346 0.0114263
17.8589 3.83038 -66.0004 -0.0518575 -0.998577 0.0120057
18.854 3.78489 -65.8451 -0.0473609 -0.998795 0.0128824
20.1642 3.73236 -65.6216 -0.0371102 -0.99926 0.0101537
21.156 3.69791 -65.4615 -0.0305339 -0.999464 0.010957
22.5142 3.66567 -65.1211 -0.0247683 -0.999613 0.012368
23.4567 3.6473 -64.8805 -0.022224 -0.999699 0.0103359
24.5229 3.63529 -64.6033 -0.00817709 -0.999933 0.00819932
25.8272 3.62721 -64.1717 -0.00982344 -0.999921 0.00787177
26.9194 3.62593 -63.6337 -0.00244313 -0.999922 0.0122259
27.88 3.63105 -63.1875 0.00110272 -0.999944 0.0105456
28.8685 3.64067 -62.7761 0.0114315 -0.999832 0.0142951
29.9374 3.65914 -62.2825 0.0102531 -0.999821 0.015897
30.7258 3.67445 -61.8416 0.0103536 -0.999815 0.0161983
31.5357 3.69453 -61.2478 0.0185194 -0.999704 0.015779
32.1297 3.71658 -60.5317 0.0186536 -0.999709 0.0153114
32.6982 3.74765 -59.4596 0.020457 -0.999617 0.0186119
32.9037 3.76682 -58.5826 0.0222062 -0.999634 0.0154214
32.842 3.78406 -57.4673 0.0245706 -0.999514 0.0192033
32.0424 3.75601 -58.0318 0.022299 -0.999626 0.0158442
31.3014 3.72433 -59.0128 0.0187981 -0.999701 0.0152422
30.6551 3.70319 -59.7505 0.01522 -0.999767 0.0153129
29.8279 3.68208 -60.3184 0.0131108 -0.999821 0.0134465
28.8017 3.66358 -60.8674 0.011314 -0.999871 0.0113657
27.7379 3.65001 -61.3689 0.00313701 -0.999924 0.0118243
26.5803 3.64564 -61.5917 0.00104772 -0.999936 0.0111898
25.4403 3.65055 -61.5908 -0.00561951 -0.999951 0.00820772
24.4378 3.66176 -61.4621 -0.0182807 -0.999806 0.00730617
23.2782 3.68512 -61.1509 -0.0180915 -0.99981 0.0072136
22.3835 3.7057 -60.7418 -0.0255124 -0.999654 0.00638373
21.2372 3.74335 -59.956 -0.0334103 -0.999424 0.00592366
20.498 3.77076 -59.3201 -0.0334737 -0.999435 0.00134363
19.6444 3.80285 -58.4356 -0.0356821 -0.999363 0.00096238
18.9911 3.8313 -57.4259 -0.0474138 -0.998874 0.00183516
18.5915 3.84766 -56.6103 -0.0452269 -0.998968 -0.0042138
18.2764 3.85758 -55.7363 -0.0463304 -0.998892 -0.00814422
17.9811 3.86133 -54.5918 -0.0463456 -0.998839 -0.0126074
17.9505 3.84629 -53.5866 -0.0450797 -0.998859 -0.0157142
18.1255 3.8166 -52.3537 -0.0426986 -0.998914 -0.0186211
18.3764 3.78899 -51.4717 -0.0395331 -0.998739 -0.0309572
18.6902 3.7503 -50.6243 -0.0344061 -0.999014 -0.0273423
19.0932 3.71818 -49.7954 -0.0290827 -0.999261 -0.0251505
19.7668 3.66943 -48.8203 -0.0276269 -0.99898 -0.0357165
20.665 3.62136 -47.8896 -0.0111726 -0.999472 -0.0305109
21.4567 3.59343 -47.2792 -0.0121411 -0.999368 -0.0334212
22.2928 3.56675 -46.7799 -0.0119457 -0.999371 -0.0333967
23.3099 3.54908 -46.2795 0.00942155 -0.99935 -0.0348077
24.4331 3.55195 -45.9859 0.0134684 -0.999326 -0.0341343
25.352 3.56456 -45.9189 0.0237674 -0.999279 -0.029581
26.6375 3.59714 -45.9812 0.0225109 -0.99937 -0.0274359
27.6241 3.6268 -46.2057 0.0314435 -0.999175 -0.0256963
28.6337 3.66733 -46.6322 0.029026 -0.999296 -0.0237887
29.8917 3.72683 -47.3731 0.0351575 -0.999196 -0.0192409
30.9965 3.7773 -48.0923 0.0334264 -0.999308 -0.0163205
31.7251 3.81338 -48.7818 0.0347256 -0.999344 -0.00939554
32.4558 3.84197 -49.4722 0.0340581 -0.999406 -0.00534013
32.9103 3.85844 -49.5642 0.0366323 -0.999311 -0.00603465
32.7854 3.84858 -48.6068 0.0347251 -0.999344 -0.00939564
32.3597 3.81508 -47.2193 0.0393132 -0.999099 -0.0155579
31.7844 3.77888 -46.4196 0.0365386 -0.999159 -0.0185902
30.852 3.72676 -45.6516 0.0402102 -0.998874 -0.0251895
29.9859 3.68098 -45.1248 0.0361286 -0.99908 -0.0231252
28.9097 3.62869 -44.5908 0.0375109 -0.998987 -0.0248582
28.0957 3.58701 -44.173 0.0369343 -0.998851 -0.0305309
26.6679 3.52687 -43.6552 0.0301835 -0.999059 -0.0311481
25.3794 3.48365 -43.3189 0.0231073 -0.999192 -0.0328343
23.991 3.44241 -42.9991 0.0221497 -0.999188 -0.0336683
22.8619 3.42007 -42.6956 0.0051851 -0.999506 -0.0309852
21.6662 3.40334 -42.3957 0.00013667 -0.998728 -0.0504264
20.6807 3.39691 -42.2478 -0.0065433 -0.998701 -0.0504611
19.3914 3.39433 -42.0389 -0.0106004 -0.998707 -0.049472
18.202 3.39393 -41.7957 -0.00992195 -0.998242 -0.0584317
17.3163 3.40507 -41.6165 -0.0279276 -0.997853 -0.0592427
15.8698 3.44469 -41.4368 -0.0378484 -0.99772 -0.0558856
14.9084 3.48078 -41.3542 -0.0565791 -0.995684 -0.0735653
13.9386 3.52258 -41.1771 -0.0564524 -0.995651 -0.0741108
12.9355 3.57242 -41.0105 -0.0640247 -0.995101 -0.075337
11.807 3.63248 -40.7295 -0.0757659 -0.994644 -0.0703019
10.796 3.69089 -40.4892 -0.0715165 -0.994257 -0.0792031
9.51967 3.79566 -40.3507 -0.0909226 -0.992087 -0.0864657
8.56954 3.87605 -40.2774 -0.0903843 -0.992324 -0.084399
7.60783 3.97166 -40.2037 -0.120207 -0.989343 -0.0821608
6.31077 4.12052 -40.1005 -0.11994 -0.989385 -0.0820483
5.23879 4.25952 -40.0348 -0.144328 -0.986159 -0.0816031
4.27263 4.39798 -40.0129 -0.14579 -0.986561 -0.0735762
3.26991 4.54704 -39.9577 -0.149979 -0.985124 -0.0838885
2.28012 4.70255 -39.9024 -0.160121 -0.984324 -0.0739445
1.03354 4.90497 -39.8977 -0.164076 -0.983516 -0.0758641
-0.147288 5.11665 -40.0208 -0.169627 -0.982554 -0.0762185
-1.03372 5.27834 -40.1315 -0.169513 -0.982965 -0.0710251
-2.20447 5.48751 -40.2271 -0.169199 -0.98315 -0.0691575
-3.33782 5.68486 -40.2813 -0.168031 -0.983469 -0.0674832
-4.62377 5.91449 -40.3729 -0.16928 -0.983464 -0.0642725
-5.642 6.09476 -40.5148 -0.165467 -0.984342 -0.0607503
-6.82286 6.30114 -40.6781 -0.157524 -0.985683 -0.060034
-7.982 6.48848 -40.7597 -0.153273 -0.986486 -0.0578738
-9.07759 6.66081 -40.8294 -0.145529 -0.987554 -0.0592935
-10.2601 6.83223 -40.951 -0.135001 -0.988713 -0.0649654
-11.5374 6.99745 -40.9413 -0.115746 -0.991763 -0.054236
-12.5926 7.1119 -40.9391 -0.106037 -0.992888 -0.0540717
-13.7108 7.21816 -40.9401 -0.0801226 -0.99493 -0.060783
-14.7061 7.29981 -40.9436 -0.0706308 -0.99585 -0.0557943
-15.6244 7.35189 -40.9247 -0.05664 -0.996541 -0.0607856
-16.645 7.40012 -40.9443 -0.0394899 -0.997529 -0.0581121
-17.6197 7.42074 -40.8506 -0.0119823 -0.997684 -0.066942
-18.5969 7.42096 -40.6723 0.00134602 -0.997533 -0.0687718
-19.9143 7.39378 -40.5553 0.0252885 -0.997127 -0.0702522
-21.1877 7.32947 -40.4072 0.044667 -0.99653 -0.0702392
-22.6237 7.21958 -40.2354 0.0810278 -0.992915 -0.0869098
-23.562 7.12678 -40.1164 0.126618 -0.987847 -0.0893089
-25.0192 6.90205 -39.8637 0.141683 -0.984669 -0.101366
-26.262 6.65766 -39.6 0.1788 -0.979332 -0.0945438
-27.411 6.40643 -39.4598 0.21851 -0.968553 -0.11886
-28.4643 6.16675 -39.4813 0.23045 -0.965463 -0.121125
-29.3584 5.94889 -39.6383 0.257584 -0.95558 -0.143238
-30.8629 5.53943 -39.7836 0.287344 -0.947268 -0.141836
-31.7673 5.28142 -39.9641 0.341432 -0.926172 -0.160018
-32.5954 5.03444 -40.2745 0.340675 -0.925847 -0.163515
-33.7113 4.79287 -41.223 0.33852 -0.925987 -0.167186
-34.1842 4.79066 -42.1486 0.343348 -0.923397 -0.171549
-34.246 5.00324 -43.4411 0.344038 -0.924469 -0.164257
-33.7358 5.40478 -44.6744 0.307934 -0.938758 -0.152234
-32.9195 5.80636 -45.7123 0.276733 -0.950352 -0.142015
-32.0439 6.18085 -46.5828 0.267783 -0.953694 -0.13693
-31.3516 6.43158 -47.1983 0.233317 -0.965808 -0.113042
-30.4709 6.70863 -47.8838 0.213869 -0.972652 -0.0905961
-29.6635 6.94119 -48.464 0.208646 -0.973031 -0.0983261
-28.8986 7.12167 -48.9436 0.169323 -0.981193 -0.0926843
-27.8944 7.33772 -49.5022 0.157196 -0.985382 -0.0656563
-27.0159 7.50355 -49.991 0.127334 -0.989655 -0.0661048
-25.9274 7.66181 -50.5553 0.103284 -0.99365 -0.0445758
-25.0082 7.7747 -51.0722 0.0824606 -0.995702 -0.0421406
-24.1164 7.85648 -51.5662 0.0582912 -0.997959 -0.0260619
-23.1659 7.91319 -52.0471 0.038564 -0.999223 -0.00813438
-22.1591 7.95768 -52.5804 0.0406184 -0.999138 -0.00860436
-20.9882 7.98201 -53.2348 -0.00101271 -0.999986 -0.00523629
-20.1674 7.98381 -53.737 0.00178691 -0.999954 0.00317
-19.3864 7.96616 -54.2315 -0.0203529 -0.999778 0.00542557
-18.6115 7.9397 -54.723 -0.0306215 -0.999362 0.0182666
-17.7177 7.9049 -55.2172 -0.0309886 -0.999291 0.0211142
-16.6348 7.84173 -55.8112 -0.0596156 -0.998056 0.0166317
-15.5502 7.75666 -56.3796 -0.069106 -0.997275 0.0258082
-14.4936 7.66527 -57.0632 -0.0803193 -0.996311 0.02829
-13.5356 7.55748 -57.7248 -0.0903997 -0.995416 0.0312127
-12.7767 7.47058 -58.2394 -0.0931131 -0.995122 0.0325906
-11.6007 7.33636 -58.8622 -0.103668 -0.993846 0.0385294
-10.6703 7.2133 -59.3585 -0.114316 -0.992481 0.0437406
-9.48246 7.04364 -60.0879 -0.114957 -0.992365 0.0446733
-8.56922 6.91237 -60.6507 -0.11555 -0.992271 0.0452427
-7.79597 6.79477 -61.1151 -0.127896 -0.990823 0.0437354
-6.91151 6.66148 -61.5587 -0.127169 -0.990924 0.0435694
-6.08787 6.53496 -62.0104 -0.130394 -0.990476 0.0442097
-5.28074 6.40925 -62.4463 -0.129763 -0.990626 0.0426398
-4.03786 6.21423 -63.0481 -0.136598 -0.989846 0.0393121
-3.07677 6.05773 -63.6457 -0.133716 -0.990165 0.041076
-2.14892 5.91576 -64.0468 -0.135649 -0.99007 0.036871
-0.625555 5.69262 -64.4772 -0.135746 -0.990102 0.0356314
0.259159 5.5659 -64.7325 -0.132732 -0.990718 0.0293184
0.0645675 5.5616 -65.6615 -0.124637 -0.991527 0.0366033
1.30593 5.39255 -66.0072 -0.126059 -0.991528 0.030963
2.24407 5.26677 -66.2275 -0.123552 -0.991913 0.0288816
3.22343 5.1372 -66.4528 -0.125186 -0.991787 0.0261986
4.21332 5.00838 -66.706 -0.119225 -0.992542 0.0252661
5.13473 4.89517 -66.8798 -0.115514 -0.993029 0.0233507
6.41518 4.74378 -67.106 -0.113191 -0.993306 0.0230228
7.56961 4.618 -67.2584 -0.102269 -0.994501 0.0225762
8.49182 4.52173 -67.3079 -0.0991637 -0.994926 0.0166609
9.82053 4.3913 -67.4063 -0.0944334 -0.995406 0.0155726
11.3721 4.24857 -67.3785 -0.0877605 -0.995919 0.0203665
12.658 4.14914 -67.2937 -0.0769653 -0.996841 0.0195755
14.0993 4.04047 -67.2636 -0.072589 -0.997205 0.0173906
15.0422 3.98058 -67.1903 -0.0636121 -0.997788 0.0193132
16.6201 3.88706 -67.0688 -0.0581322 -0.998167 0.0168211
17.5316 3.83515 -67.0115 -0.050883 -0.998585 0.0153674
18.9544 3.76729 -66.8188 -0.0446272 -0.998874 0.0152212
20.3457 3.71565 -66.5563 -0.0371593 -0.999215 0.0134497
21.5049 3.6783 -66.3917 -0.0339842 -0.999361 0.0108278
22.4772 3.65496 -66.1542 -0.0224037 -0.999687 0.0111565
23.5755 3.63351 -65.8741 -0.0178869 -0.99978 0.00998524
24.813 3.61983 -65.5378 -0.0114912 -0.999864 0.0113964
25.7735 3.61533 -65.2229 -0.00915417 -0.999861 0.0139263
26.7635 3.6136 -64.8215 0.000214789 -0.999951 0.00985353
27.9311 3.61967 -64.2818 0.000602115 -0.99994 0.0109432
28.7939 3.62434 -63.8831 0.00443951 -0.999907 0.0121526
30.0341 3.64428 -63.3008 0.00967322 -0.999845 0.0146816
31.1701 3.66502 -62.7091 0.0135924 -0.99979 0.0150621
32.0796 3.69312 -61.9562 0.0174362 -0.999715 0.016268
33.0347 3.72709 -60.9301 0.0186909 -0.999657 0.0182341
33.7015 3.7669 -59.5337 0.0205631 -0.999615 0.0186498
33.8289 3.7878 -58.5551 0.0213874 -0.999624 0.0170441
33.8154 3.81125 -57.3004 0.0245478 -0.999511 0.0193775
33.7826 3.8276 -56.3871 0.0240025 -0.999522 0.019482
33.7729 3.84333 -55.4456 0.0264532 -0.999536 0.0150976
33.6427 3.8585 -54.3141 0.02837 -0.999455 0.0168247
33.7358 3.87521 -53.3957 0.0318319 -0.999457 0.00849408
33.8019 3.88612 -52.4645 0.0324913 -0.999433 0.00879937
33.7621 3.89095 -51.5623 0.0315524 -0.99948 0.00659713
33.7771 3.89261 -50.4277 0.0348527 -0.99939 -0.00225539
33.8061 3.88989 -49.3328 0.0363855 -0.999318 -0.00630158
33.7503 3.88118 -48.3162 0.0361386 -0.999325 -0.00656834
33.424 3.85501 -47.1533 0.0384417 -0.999189 -0.0120151
32.9145 3.81996 -46.3043 0.0404 -0.999 -0.0191672
32.0279 3.76446 -45.3217 0.0380702 -0.998972 -0.0246048
31.2766 3.72184 -44.7805 0.040123 -0.998876 -0.0252223
30.4897 3.67949 -44.3267 0.0354703 -0.999021 -0.0264243
29.5762 3.63185 -43.8499 0.0375593 -0.998851 -0.0297795
28.4975 3.5743 -43.2765 0.0371628 -0.998834 -0.030816
27.1858 3.51521 -42.7814 0.0302542 -0.999053 -0.0312694
26.2077 3.4782 -42.5096 0.0262953 -0.999092 -0.0334943
25.2743 3.44525 -42.2956 0.0272868 -0.999021 -0.0348335
24.2943 3.41604 -42.0812 0.0202243 -0.999065 -0.038203
23.181 3.38416 -41.7923 0.0127194 -0.999023 -0.0423191
22.2176 3.36099 -41.535 0.014422 -0.998856 -0.0454508
20.8494 3.34566 -41.3032 -0.0029093 -0.998589 -0.0528412
19.3665 3.34108 -41.0685 -0.00516342 -0.998362 -0.0569714
18.4257 3.33773 -40.8622 -0.0087385 -0.998294 -0.0577166
17.2681 3.34887 -40.6323 -0.0316172 -0.997503 -0.0631503
16.3327 3.37233 -40.5065 -0.0349301 -0.997518 -0.061126
15.374 3.39877 -40.3977 -0.0313762 -0.997394 -0.0649726
14.083 3.44367 -40.2282 -0.0565803 -0.995628 -0.0743224
12.9532 3.5009 -40.0565 -0.0722084 -0.993784 -0.0847341
11.5378 3.56895 -39.6868 -0.0708054 -0.993246 -0.0919159
10.1065 3.66097 -39.4446 -0.0883331 -0.991994 -0.0902472
8.82122 3.76814 -39.3349 -0.0944678 -0.991615 -0.0881354
7.47782 3.9062 -39.2469 -0.12011 -0.989096 -0.0852169
6.22215 4.05346 -39.15 -0.125304 -0.988456 -0.0851688
4.9778 4.21645 -39.0539 -0.144195 -0.986159 -0.0818421
3.742 4.39697 -39.0293 -0.147501 -0.985696 -0.0815233
2.64971 4.56804 -38.9894 -0.167124 -0.982873 -0.0776521
1.40731 4.77272 -38.9428 -0.160081 -0.98442 -0.0727474
0.151993 4.9884 -39.0196 -0.169735 -0.983062 -0.0688628
-0.891238 5.18126 -39.1602 -0.171926 -0.982271 -0.074736
-2.45218 5.46419 -39.3012 -0.17116 -0.983333 -0.0613189
-3.49003 5.64655 -39.3205 -0.17396 -0.982868 -0.0608987
-4.55779 5.84059 -39.3967 -0.174222 -0.982793 -0.0613553
-5.78268 6.06071 -39.5798 -0.166099 -0.984177 -0.0616806
-6.78175 6.23267 -39.7007 -0.159732 -0.985193 -0.0623002
-7.72514 6.3906 -39.7795 -0.157524 -0.985683 -0.0600339
-8.90591 6.58124 -39.8862 -0.155364 -0.986446 -0.0527877
-10.0377 6.73832 -39.9845 -0.132999 -0.989248 -0.0606255
-10.9515 6.86546 -39.9954 -0.138109 -0.988805 -0.056489
-12.0009 6.99555 -39.9706 -0.108045 -0.992867 -0.0504146
-13.2128 7.12269 -39.9988 -0.0889603 -0.994306 -0.0585543
-14.3578 7.21996 -39.9775 -0.0845502 -0.994902 -0.0548866
-15.3512 7.27736 -39.9736 -0.055547 -0.996521 -0.0621251
-16.2739 7.3301 -39.9944 -0.0475186 -0.997025 -0.0601183
-17.2659 7.35201 -39.953 -0.0241127 -0.997172 -0.0711757
-18.4402 7.35477 -39.7802 0.00275926 -0.996985 -0.0775513
-19.4082 7.34202 -39.6507 0.00827012 -0.997394 -0.0711789
-20.3154 7.3027 -39.5513 0.0367964 -0.996452 -0.075699
-21.7274 7.21434 -39.383 0.0747866 -0.993179 -0.0894555
-22.8251 7.11682 -39.2492 0.0951814 -0.990387 -0.098641
-23.9029 6.98467 -39.1342 0.122338 -0.987028 -0.102879
-24.831 6.82951 -38.94 0.148023 -0.983141 -0.107346
-25.7064 6.6732 -38.7147 0.149702 -0.983455 -0.101995
-26.9093 6.40301 -38.5551 0.208407 -0.970366 -0.122141
-28.0406 6.14382 -38.4724 0.231188 -0.966022 -0.113891
-29.3577 5.82414 -38.6713 0.271294 -0.953382 -0.131526
-30.393 5.53403 -38.7743 0.281528 -0.94924 -0.140308
-31.6997 5.13315 -38.9423 0.345292 -0.925251 -0.15711
-32.9282 4.74572 -39.3664 0.354708 -0.91739 -0.180491
-33.6982 4.54339 -39.878 0.374523 -0.909141 -0.182116
-34.6776 4.35395 -40.9173 0.371372 -0.910152 -0.183595
-35.1964 4.43006 -42.3636 0.382208 -0.903573 -0.193577
-35.1594 4.71592 -43.7585 0.350555 -0.922055 -0.164092
-34.8702 4.97971 -44.6142 0.347846 -0.921497 -0.172756
-34.3298 5.34132 -45.5163 0.326976 -0.931526 -0.158582
-33.6764 5.66819 -46.3074 0.289061 -0.946741 -0.141861
-32.7498 6.07849 -47.2624 0.267186 -0.95431 -0.133808
-31.9699 6.37506 -47.9609 0.228609 -0.967555 -0.107324
-31.1604 6.62622 -48.5681 0.225124 -0.969436 -0.0975317
-30.2686 6.8888 -49.2377 0.206972 -0.973631 -0.0959407
-29.1097 7.16826 -49.9246 0.16247 -0.984396 -0.0675837
-28.0067 7.39011 -50.5107 0.16046 -0.984466 -0.0712723
-26.9966 7.56914 -51.1026 0.111706 -0.992786 -0.0435573
-26.0597 7.69145 -51.5679 0.103527 -0.993782 -0.0409346
-25.2121 7.79816 -52.062 0.0924392 -0.99487 -0.0398603
-24.1572 7.87479 -52.6186 0.0532426 -0.998507 -0.012204
-23.0982 7.92426 -53.1343 0.0407053 -0.999143 -0.00747866
-22.2451 7.96085 -53.6158 0.0410151 -0.999153 -0.00333306
-21.1632 7.97326 -54.2534 0.00458763 -0.999922 0.0115758
-20.2742 7.97372 -54.8097 0.00768071 -0.999935 0.00848433
-19.2061 7.94537 -55.489 -0.0326218 -0.999307 0.0179248
-18.4255 7.91178 -55.9401 -0.034301 -0.999238 0.0185563
-17.3717 7.86317 -56.5109 -0.0366538 -0.999128 0.0199693
-16.5793 7.81019 -56.9488 -0.0570945 -0.997871 0.030732
-15.6596 7.73449 -57.4464 -0.0688905 -0.996998 0.0353403
-14.9186 7.6647 -57.973 -0.0796639 -0.995936 0.0420088
-13.721 7.53682 -58.7757 -0.0833528 -0.995732 0.0393284
-12.5383 7.40328 -59.4592 -0.0891059 -0.99518 0.0409611
-11.5731 7.28406 -59.9327 -0.0992239 -0.993787 0.0504119
-10.7232 7.17239 -60.4251 -0.114713 -0.992415 0.0441958
-9.4272 6.98386 -61.2635 -0.113104 -0.99233 0.0498734
-8.53493 6.85368 -61.8078 -0.115698 -0.991929 0.051835
-7.67648 6.72883 -62.2472 -0.119522 -0.991574 0.0498279
-6.49683 6.54967 -62.8869 -0.12882 -0.990692 0.0439543
-5.39133 6.38231 -63.4437 -0.131984 -0.990364 0.0418349
-4.56147 6.24924 -63.8661 -0.133728 -0.990005 0.0447381
-3.71848 6.11384 -64.382 -0.133716 -0.990165 0.0410759
-2.64426 5.94909 -64.887 -0.131245 -0.990416 0.0430107
-1.44955 5.77172 -65.2993 -0.134707 -0.990074 0.040088
-0.483887 5.63533 -65.5346 -0.128869 -0.991004 0.0361016
-0.426191 5.6275 -65.5474 -0.124637 -0.991527 0.0366034
-0.434631 5.59299 -66.5089 -0.125308 -0.99134 0.0391568
0.480332 5.47038 -66.7256 -0.124328 -0.991581 0.036183
1.63111 5.31218 -67.1021 -0.122122 -0.99193 0.0339035
3.04007 5.13226 -67.3806 -0.121918 -0.992038 0.0315639
3.93713 5.01544 -67.6411 -0.116556 -0.992703 0.0309249
5.30093 4.85079 -67.875 -0.112481 -0.993287 0.0269947
6.36314 4.72583 -68.0699 -0.110767 -0.993514 0.0256402
7.37239 4.61525 -68.1922 -0.103053 -0.994337 0.0259477
8.31217 4.51754 -68.2459 -0.0968719 -0.995007 0.0240104
9.54924 4.39525 -68.3479 -0.0936125 -0.995316 0.0240319
10.9008 4.26975 -68.3735 -0.0877605 -0.995919 0.0203657
11.8412 4.19329 -68.2717 -0.0805315 -0.996564 0.0191601
12.8342 4.11781 -68.238 -0.0758458 -0.99694 0.0189227
14.0054 4.03172 -68.2343 -0.069632 -0.997449 0.0157248
15.197 3.95246 -68.1337 -0.0610421 -0.99797 0.0179391
16.2163 3.89417 -68.0477 -0.0584728 -0.998152 0.016565
17.1278 3.84199 -67.9884 -0.0550298 -0.998357 0.0156467
18.305 3.78183 -67.916 -0.0508829 -0.998585 0.0153676
19.4482 3.73495 -67.7246 -0.0394161 -0.999122 0.0141797
20.3808 3.70173 -67.5367 -0.0345922 -0.999318 0.0129551
21.6961 3.66165 -67.3972 -0.0275039 -0.999581 0.00900047
22.5676 3.64144 -67.1646 -0.02238 -0.999684 0.0114605
23.512 3.62368 -66.8944 -0.0182325 -0.999757 0.0118951
24.5255 3.61125 -66.6731 -0.0151354 -0.999811 0.0121861
25.7217 3.60246 -66.2613 -0.00862198 -0.999884 0.0125916
26.6095 3.59992 -65.9543 -0.00248581 -0.99992 0.0124232
27.5706 3.60343 -65.5236 -0.000239779 -0.999906 0.0136241
28.577 3.61046 -65.0948 0.000659789 -0.999921 0.0125181
29.4797 3.62036 -64.6577 0.00874341 -0.999879 0.0128746
30.4273 3.63597 -64.1778 0.0103151 -0.999848 0.0140531
31.3159 3.65176 -63.7208 0.0135923 -0.99979 0.0150624
32.3282 3.67962 -63.0005 0.0166911 -0.999729 0.0162147
33.0773 3.70456 -62.2819 0.0170372 -0.99971 0.0170127
33.761 3.72978 -61.5587 0.0203199 -0.999609 0.0192085
34.334 3.75714 -60.7332 0.0206677 -0.999605 0.019043
34.6663 3.7867 -59.5467 0.0208564 -0.999607 0.0187569
34.8011 3.81925 -58.0981 0.0225137 -0.999496 0.022389
34.7285 3.83945 -56.9651 0.0237467 -0.999545 0.018587
34.7269 3.85744 -56.0461 0.0241781 -0.999497 0.0205069
34.7156 3.87692 -55.0079 0.028161 -0.999417 0.019291
34.6534 3.89292 -54.0404 0.0288401 -0.999464 0.0154201
34.7308 3.91298 -52.7991 0.0301876 -0.999468 0.0119031
34.7732 3.92231 -51.7335 0.03292 -0.999433 0.00702414
34.775 3.92686 -50.2696 0.0355792 -0.999365 -0.00123837
34.7782 3.92678 -49.3146 0.0377282 -0.999275 -0.0036683
34.7664 3.919 -48.2888 0.038349 -0.999234 -0.00769518
34.5451 3.89998 -47.2593 0.039097 -0.999167 -0.0117212
33.9939 3.86146 -46.0976 0.0403074 -0.999047 -0.0167728
33.42 3.82402 -45.3963 0.0436228 -0.998712 -0.0258948
32.4865 3.76201 -44.467 0.0394286 -0.998948 -0.0233955
31.6764 3.71659 -43.9229 0.0422527 -0.998804 -0.0246011
30.8479 3.67127 -43.4683 0.0395543 -0.998909 -0.0248443
29.7038 3.61002 -42.8241 0.0417437 -0.998744 -0.0274736
28.6292 3.54751 -42.2494 0.0376927 -0.998797 -0.0313678
27.7773 3.50506 -41.941 0.0338841 -0.998886 -0.0325364
26.5679 3.45556 -41.599 0.0326476 -0.998785 -0.0369146
25.6806 3.42321 -41.3865 0.0273 -0.998855 -0.0392088
24.6073 3.38411 -41.1438 0.0249091 -0.998866 -0.0405747
23.4496 3.34834 -40.866 0.0144221 -0.998856 -0.045451
22.1797 3.3132 -40.5651 0.00974112 -0.998758 -0.0484402
20.8696 3.29286 -40.3596 0.00893204 -0.99831 -0.0574273
19.7742 3.28743 -40.1808 -0.00668394 -0.998293 -0.0579975
18.8719 3.28374 -39.9969 -0.00797157 -0.998346 -0.0569353
17.6123 3.27508 -39.7164 -0.0184585 -0.997012 -0.0730528
16.5541 3.29865 -39.5753 -0.0330793 -0.996104 -0.0817436
15.5771 3.32438 -39.4523 -0.0381863 -0.996167 -0.0786982
14.3678 3.3578 -39.2887 -0.0359594 -0.995869 -0.0832261
13.2793 3.39975 -39.148 -0.0606083 -0.994683 -0.082406
12.1639 3.45155 -38.8743 -0.0653474 -0.993814 -0.0897958
11.0986 3.50368 -38.614 -0.0775882 -0.993228 -0.0864806
10.1178 3.57455 -38.4948 -0.0877993 -0.992152 -0.0890298
9.16413 3.65159 -38.3901 -0.0978806 -0.99119 -0.0892316
8.21338 3.74183 -38.3496 -0.0969725 -0.991433 -0.0874868
7.11511 3.86474 -38.2694 -0.118599 -0.988865 -0.0898867
6.17323 3.97865 -38.1963 -0.128047 -0.98798 -0.0865229
5.0002 4.13029 -38.0876 -0.146329 -0.985492 -0.0859894
4.01303 4.27845 -38.089 -0.14731 -0.985686 -0.081992
2.96315 4.44261 -38.0635 -0.162316 -0.983903 -0.0747609
2.05988 4.59244 -38.0221 -0.167467 -0.982852 -0.0771778
1.08989 4.75529 -38.0084 -0.167703 -0.983321 -0.0699088
0.0759272 4.94144 -38.084 -0.171801 -0.982972 -0.0650639
-0.94216 5.12835 -38.2076 -0.175058 -0.982653 -0.0612121
-2.22198 5.3631 -38.3313 -0.172517 -0.983005 -0.0627631
-3.70514 5.62649 -38.3762 -0.173696 -0.982943 -0.0604426
-4.94913 5.8542 -38.4608 -0.176193 -0.982926 -0.0526749
-5.97176 6.04377 -38.6567 -0.173293 -0.983734 -0.047299
-7.02024 6.22151 -38.7498 -0.161599 -0.985688 -0.048016
-8.10406 6.39902 -38.8466 -0.15251 -0.986905 -0.0525179
-9.33583 6.59416 -38.9941 -0.139496 -0.988751 -0.0534082
-10.6538 6.7725 -39.0455 -0.1304 -0.99025 -0.0489937
-11.7944 6.91723 -39.0169 -0.118233 -0.99126 -0.0585111
-12.7548 7.02103 -39.0111 -0.0903499 -0.994369 -0.0551745
-13.8691 7.12449 -39.0553 -0.0816707 -0.994835 -0.060091
-14.9047 7.20407 -39.0337 -0.0666524 -0.996079 -0.0568058
-15.8438 7.25122 -39.0226 -0.0406325 -0.997173 -0.0632029
-16.7678 7.29145 -39.0633 -0.029973 -0.997827 -0.0574022
-17.7413 7.30235 -38.9744 -0.0056598 -0.998123 -0.0609738
-18.9145 7.29103 -38.7439 0.0148278 -0.997711 -0.0641979
-19.9919 7.25307 -38.6326 0.0327996 -0.997025 -0.0695113
-21.3724 7.17022 -38.4876 0.0593491 -0.994766 -0.0831739
-22.3074 7.08264 -38.336 0.097845 -0.99138 -0.0871353
-23.5562 6.94399 -38.2364 0.12664 -0.987594 -0.0903896
-24.4543 6.79579 -38.0655 0.145626 -0.984026 -0.102349
-25.5757 6.59354 -37.7645 0.150816 -0.983164 -0.103166
-26.8773 6.30268 -37.6074 0.213506 -0.971271 -0.105108
-27.9168 6.06398 -37.5638 0.224042 -0.967721 -0.11481
-28.9384 5.79178 -37.6423 0.274572 -0.950265 -0.14699
-29.8482 5.54565 -37.7652 0.278323 -0.949729 -0.143323
-30.9811 5.20043 -37.856 0.317624 -0.932605 -0.171359
-32.2708 4.75551 -38.1284 0.352848 -0.917957 -0.181247
-33.203 4.46318 -38.4704 0.35445 -0.917417 -0.180865
-34.1432 4.18913 -39.0113 0.377495 -0.90881 -0.177657
-34.8712 4.0259 -39.6914 0.371551 -0.909472 -0.186576
-35.5698 3.90639 -40.5746 0.392442 -0.901863 -0.180643
-35.9957 3.94004 -41.6661 0.39054 -0.901004 -0.188717
-36.1497 4.06698 -42.5642 0.38532 -0.90257 -0.192085
-36.1059 4.31411 -43.623 0.384562 -0.901992 -0.196273
-35.898 4.604 -44.6846 0.348584 -0.921006 -0.17389
-35.3581 5.00291 -45.7256 0.347106 -0.921988 -0.171624
-34.8011 5.33363 -46.4782 0.318366 -0.936264 -0.148502
-34.212 5.63568 -47.1818 0.288903 -0.946881 -0.14125
-33.2109 6.07777 -48.1943 0.267973 -0.955529 -0.122726
-32.4457 6.35094 -48.824 0.232406 -0.96765 -0.0981824
-31.5471 6.6286 -49.4872 0.225409 -0.969462 -0.0966141
-30.7001 6.87902 -50.1223 0.209241 -0.973833 -0.0886957
-29.825 7.09613 -50.6485 0.179411 -0.981471 -0.0654973
-28.7582 7.31163 -51.1552 0.167416 -0.983424 -0.0696388
-27.7877 7.50186 -51.7428 0.146739 -0.987941 -0.0493936
-26.6428 7.66485 -52.3403 0.108104 -0.992995 -0.046888
-25.7864 7.7734 -52.834 0.0909018 -0.995243 -0.0299367
-24.7028 7.85564 -53.4387 0.0533106 -0.998505 -0.0120858
-23.5669 7.91206 -53.9796 0.0380406 -0.999252 -0.00608261
-22.756 7.94259 -54.428 0.0382061 -0.999259 -0.00367852
-21.5392 7.96155 -55.1608 0.008466 -0.999926 0.00383147
-20.5532 7.96219 -55.782 0.00821317 -0.99991 0.010567
-19.5352 7.93839 -56.4116 -0.00852841 -0.999672 0.0235713
-18.5903 7.89891 -56.9374 -0.034301 -0.999238 0.0185562
-17.7865 7.86032 -57.3804 -0.0374178 -0.999076 0.0211204
-16.5643 7.77637 -58.0098 -0.0534029 -0.99813 0.0295254
-15.4183 7.6684 -58.8234 -0.0714262 -0.996653 0.0396028
-14.5867 7.58175 -59.413 -0.0768191 -0.996269 0.0392046
-13.8141 7.49949 -59.8677 -0.087605 -0.99528 0.0417461
-12.7822 7.38372 -60.3823 -0.0981643 -0.994093 0.0462202
-11.664 7.24312 -60.989 -0.100424 -0.993915 0.0452547
-10.8307 7.12927 -61.548 -0.107993 -0.992914 0.0493459
-9.73314 6.97181 -62.1901 -0.113375 -0.992277 0.0503303
-8.56163 6.80249 -62.8463 -0.116095 -0.992001 0.0495482
-7.76731 6.68702 -63.297 -0.119522 -0.991574 0.049827
-6.59116 6.5111 -63.9102 -0.122374 -0.991272 0.0490437
-5.74971 6.38571 -64.3121 -0.126227 -0.99075 0.0498035
-4.55171 6.19615 -65.006 -0.131728 -0.990132 0.0478222
-3.5818 6.04458 -65.5173 -0.127337 -0.990745 0.047004
-2.51329 5.88586 -65.9615 -0.130543 -0.990553 0.0419931
-1.58569 5.75046 -66.2727 -0.128699 -0.990799 0.0418499
-0.970625 5.6652 -66.4253 -0.12698 -0.991021 0.041875
-1.03626 5.6338 -67.4398 -0.123636 -0.991658 0.036439
-0.061478 5.5059 -67.6074 -0.124104 -0.991598 0.0364921
0.912155 5.37452 -67.8698 -0.124268 -0.991589 0.0361706
1.79399 5.26116 -68.0751 -0.119512 -0.99232 0.0319104
2.77676 5.13575 -68.2946 -0.120049 -0.992247 0.0321497
4.19806 4.95422 -68.6728 -0.114623 -0.993022 0.027617
5.3331 4.82011 -68.861 -0.111456 -0.993389 0.0274428
6.26731 4.71214 -69.0565 -0.109108 -0.993682 0.026293
7.35764 4.59182 -69.1531 -0.103682 -0.994254 0.0266245
8.38021 4.48822 -69.2042 -0.0968826 -0.995028 0.0230895
9.62873 4.36656 -69.288 -0.092808 -0.995448 0.0216492
11.1098 4.23472 -69.3176 -0.0836106 -0.996325 0.0185617
12.2121 4.14629 -69.1919 -0.0768703 -0.996847 0.019624
13.7158 4.03496 -69.2006 -0.0705578 -0.997345 0.0180168
14.6312 3.97207 -69.1366 -0.0673991 -0.997576 0.0170521
16.1296 3.88245 -69.0191 -0.0583848 -0.998132 0.017999
17.314 3.8172 -68.9519 -0.0535126 -0.99844 0.0158165
18.2848 3.76719 -68.9008 -0.0523346 -0.998482 0.0171676
19.6918 3.71217 -68.692 -0.0392645 -0.999143 0.0130887
20.9087 3.67053 -68.4508 -0.0353364 -0.999273 0.0142902
21.8855 3.64523 -68.3849 -0.0266625 -0.999566 0.0125017
23.0859 3.62004 -68.0176 -0.0216799 -0.999662 0.0143535
24.5438 3.59811 -67.7421 -0.0137221 -0.999849 0.0106588
25.532 3.59037 -67.376 -0.00797578 -0.999891 0.012422
26.3908 3.587 -67.063 -0.00547031 -0.99991 0.0119438
27.6102 3.58962 -66.5895 -0.00243691 -0.999921 0.0122999
28.8259 3.59718 -66.0835 0.00110054 -0.999904 0.0137935
30.0728 3.61463 -65.4214 0.0078322 -0.999869 0.0141685
31.1501 3.63291 -64.8856 0.00999563 -0.99984 0.0148561
31.9664 3.65005 -64.408 0.0138338 -0.999772 0.0161304
32.7284 3.67098 -63.865 0.0156912 -0.999717 0.0178665
33.4603 3.69429 -63.2404 0.0164934 -0.999711 0.0175083
34.2676 3.72295 -62.4044 0.0187814 -0.999639 0.0191589
35.1091 3.76054 -61.3701 0.0199813 -0.999598 0.0200998
35.587 3.79584 -60.0714 0.0201546 -0.999609 0.0193595
35.7184 3.81925 -59.0119 0.0219722 -0.999513 0.0221778
35.7639 3.84236 -58.0257 0.0220109 -0.999505 0.0224804
35.6497 3.86241 -56.916 0.024069 -0.999535 0.018715
35.6602 3.88124 -56.0074 0.0247978 -0.999481 0.0205605
35.6795 3.90298 -55.0774 0.0272656 -0.999403 0.0211094
35.6321 3.92377 -53.8864 0.0289397 -0.999453 0.0158841
35.6886 3.93915 -52.9267 0.0298678 -0.999449 0.0144841
35.7518 3.95837 -51.3236 0.0347469 -0.999373 0.00675597
35.7507 3.96241 -50.1901 0.0361235 -0.999347 -0.000130366
35.7776 3.96326 -49.2134 0.0362019 -0.999344 -4.36612e-05
35.7985 3.95766 -48.2284 0.0382603 -0.999234 -0.00827
35.5149 3.9346 -46.9757 0.0392711 -0.999162 -0.0115389
35.1397 3.90604 -46.0051 0.0400818 -0.999053 -0.0169199
34.5763 3.87031 -45.2317 0.0407472 -0.998997 -0.0184897
33.9276 3.82539 -44.5269 0.046246 -0.998662 -0.023159
33.2515 3.78 -43.9114 0.0433806 -0.998803 -0.0224027
32.5371 3.73854 -43.3456 0.0412378 -0.998863 -0.0238538
31.5067 3.67951 -42.734 0.0420134 -0.998788 -0.0256586
30.5947 3.62981 -42.2466 0.0380645 -0.998917 -0.0267636
29.803 3.58197 -41.772 0.0434075 -0.99856 -0.0315381
28.4292 3.50568 -41.1527 0.0390786 -0.998775 -0.0303406
27.4215 3.45564 -40.845 0.0326637 -0.998788 -0.0368149
26.2303 3.40403 -40.5259 0.031608 -0.99875 -0.0386493
25.3359 3.36756 -40.2683 0.0308574 -0.998692 -0.0407089
24.3315 3.33251 -40.0891 0.0256301 -0.998686 -0.0443721
22.841 3.28411 -39.7369 0.0163567 -0.998723 -0.0478044
21.9458 3.25762 -39.5754 0.0149166 -0.998367 -0.0547812
21.0254 3.24034 -39.4189 0.0065128 -0.998465 -0.0549043
19.686 3.2313 -39.1884 -0.00755682 -0.998293 -0.0579057
18.6073 3.21821 -38.9514 -0.00554611 -0.997051 -0.0765372
17.1192 3.20942 -38.691 -0.0222977 -0.996973 -0.0731611
15.8568 3.24202 -38.5264 -0.0338918 -0.996214 -0.0799684
14.8975 3.25556 -38.3323 -0.0337326 -0.995571 -0.0877543
13.7722 3.29482 -38.2159 -0.0530381 -0.994764 -0.0873563
12.7616 3.33638 -38.0468 -0.0606198 -0.994223 -0.0883747
11.873 3.37587 -37.8398 -0.065516 -0.993631 -0.0916841
10.7056 3.44245 -37.5564 -0.0775394 -0.99325 -0.0862673
9.53275 3.53254 -37.4436 -0.0819888 -0.992363 -0.0918934
8.2978 3.63787 -37.3491 -0.093961 -0.990977 -0.0955838
7.38476 3.74002 -37.3177 -0.12438 -0.987172 -0.100108
6.35831 3.86631 -37.2506 -0.129341 -0.986989 -0.0955194
5.03114 4.04208 -37.1267 -0.14825 -0.985105 -0.0871079
4.02919 4.19327 -37.1155 -0.157797 -0.983896 -0.0834092
3.09378 4.34938 -37.1302 -0.161931 -0.983805 -0.0768571
1.66982 4.58738 -37.118 -0.167314 -0.982812 -0.0780203
0.719823 4.76618 -37.1541 -0.178762 -0.981753 -0.0646795
-0.590499 5.00208 -37.192 -0.175159 -0.982587 -0.0619831
-1.70213 5.20491 -37.2964 -0.170497 -0.983285 -0.0638653
-2.89932 5.42334 -37.3741 -0.178131 -0.982214 -0.0592338
-4.25758 5.66917 -37.4586 -0.17387 -0.982955 -0.0597304
-5.16905 5.83762 -37.495 -0.179546 -0.98215 -0.0560708
-6.12648 6.02261 -37.6961 -0.165049 -0.98486 -0.0528347
-7.0638 6.18111 -37.7873 -0.156962 -0.986173 -0.052871
-8.1282 6.35224 -37.9143 -0.151981 -0.986838 -0.0552535
-9.48238 6.56045 -38.0382 -0.145648 -0.987819 -0.0547694
-10.8034 6.74811 -38.1281 -0.130814 -0.990307 -0.0466916
-11.7946 6.87146 -38.1262 -0.122053 -0.991206 -0.0511265
-12.7903 6.97798 -38.1075 -0.0883538 -0.994789 -0.0508721
-13.8338 7.07155 -38.1531 -0.081808 -0.99535 -0.0505875
-14.7984 7.14474 -38.1193 -0.067694 -0.99605 -0.0561099
-16.3498 7.21386 -38.0542 -0.0401218 -0.997671 -0.0551543
-17.5354 7.2463 -38.0536 -0.00546717 -0.998354 -0.0570825
-18.9177 7.22837 -37.7916 0.0177659 -0.997639 -0.0652562
-20.3361 7.16704 -37.6658 0.0566639 -0.995392 -0.0771943
-21.439 7.08784 -37.5225 0.059715 -0.995503 -0.0734635
-22.4793 6.96816 -37.2897 0.0989121 -0.990331 -0.0972647
-23.4224 6.87039 -37.2594 0.12381 -0.987691 -0.0929536
-24.4277 6.6986 -37.0506 0.156713 -0.982648 -0.0991613
-25.8265 6.44445 -36.7959 0.19032 -0.974247 -0.118355
-27.3155 6.08981 -36.6615 0.229345 -0.965272 -0.125106
-28.3663 5.8048 -36.5735 0.284319 -0.949225 -0.134664
-29.3498 5.52861 -36.7089 0.285392 -0.947974 -0.141042
-30.5238 5.18182 -36.8409 0.326046 -0.932894 -0.15298
-31.5084 4.82282 -36.9101 0.359466 -0.918373 -0.165453
-32.4314 4.51371 -37.2143 0.361649 -0.916271 -0.17205
-33.4857 4.18244 -37.6023 0.354276 -0.917371 -0.181437
-34.3396 3.90936 -37.9841 0.375638 -0.910079 -0.175076
-35.1712 3.69946 -38.6994 0.386007 -0.906463 -0.17124
-35.7954 3.55086 -39.32 0.38668 -0.904225 -0.180986
-36.4116 3.45286 -40.1482 0.402352 -0.896367 -0.186106
-36.8138 3.46496 -41.0768 0.405118 -0.894807 -0.187616
-37.1099 3.61365 -42.3798 0.387443 -0.900638 -0.196822
-37.0706 3.8576 -43.4206 0.386376 -0.901404 -0.195406
-36.7733 4.30073 -44.8585 0.369975 -0.909912 -0.186235
-36.2312 4.74435 -46.0894 0.349442 -0.920252 -0.176043
-35.6046 5.1371 -46.9669 0.327606 -0.93231 -0.152845
-34.7913 5.57747 -47.9699 0.303858 -0.940909 -0.148291
-34.1907 5.85336 -48.6025 0.275953 -0.952877 -0.125014
-33.2549 6.2135 -49.444 0.266668 -0.957141 -0.113001
-32.3108 6.51188 -50.098 0.226488 -0.968833 -0.100252
-31.4945 6.75826 -50.7269 0.220506 -0.971199 -0.0902041
-30.5175 7.01215 -51.3117 0.190189 -0.978147 -0.0839991
-29.6911 7.19309 -51.7355 0.16831 -0.983364 -0.0683178
-28.7704 7.38441 -52.2245 0.154368 -0.985883 -0.0632553
-27.6527 7.57417 -52.9211 0.124225 -0.991171 -0.045599
-26.7892 7.69831 -53.3913 0.108297 -0.993265 -0.0394076
-26.0185 7.77229 -53.8666 0.0759361 -0.996646 -0.0304901
-24.979 7.85116 -54.3693 0.0464035 -0.998818 -0.014472
-24.0087 7.90051 -54.827 0.0392332 -0.999201 -0.00655243
-22.7973 7.94378 -55.4944 0.0321978 -0.999479 -0.00208785
-22.0104 7.9518 -56.0442 0.00294525 -0.999951 0.00946687
-21.1255 7.94951 -56.5407 -0.0038627 -0.999863 0.0143083
-20.1218 7.92879 -57.201 -0.00836027 -0.999796 0.0183697
-19.2652 7.9022 -57.6195 -0.0227143 -0.999536 0.0193778
-18.3761 7.86784 -58.1217 -0.039097 -0.999054 0.019025
-17.4322 7.8065 -58.691 -0.0482151 -0.998278 0.0334086
-16.5363 7.73349 -59.2173 -0.0749381 -0.996577 0.0348946
-15.722 7.65093 -59.8278 -0.0751713 -0.996572 0.0345466
-14.8027 7.55875 -60.4828 -0.0805698 -0.995973 0.0387437
-13.6792 7.44016 -60.9869 -0.0857407 -0.99537 0.0434313
-12.4271 7.29059 -61.6428 -0.100431 -0.993963 0.0440534
-11.2358 7.13194 -62.3784 -0.104878 -0.993465 0.0450256
-10.3083 7.00042 -62.9513 -0.114383 -0.992281 0.0478999
-9.27594 6.85155 -63.5362 -0.11716 -0.991879 0.0494855
-8.48316 6.73506 -64.0111 -0.116039 -0.992003 0.0496433
-7.01788 6.52271 -64.7581 -0.123215 -0.991236 0.0476438
-6.00963 6.37147 -65.2901 -0.125287 -0.990985 0.0474499
-5.15206 6.23523 -65.8278 -0.130444 -0.990263 0.0486141
-4.1739 6.08477 -66.2918 -0.128005 -0.990827 0.0432879
-2.82701 5.88935 -66.8288 -0.126578 -0.991002 0.0435134
-1.65472 5.71723 -67.2726 -0.127486 -0.991061 0.0390312
-1.46793 5.69139 -67.337 -0.124359 -0.991594 0.0357234
-13.3944 7.56803 -48.8056 -0.0969428 -0.994601 -0.037013
-13.3929 7.56738 -48.7923 -0.0969426 -0.994602 -0.0370133
18.8706 3.80421 -53.5188 -0.0445708 -0.998892 -0.0150951
18.8912 3.81808 -54.5549 -0.0450125 -0.998939 -0.00946659
19.1403 3.81667 -55.4781 -0.0429226 -0.999028 -0.0100515
19.4974 3.80666 -56.3686 -0.0362868 -0.999309 -0.00323067
20.0239 3.79012 -57.3355 -0.033254 -0.999442 0.00315615
20.575 3.76985 -58.0775 -0.0334741 -0.999435 0.00134366
21.5442 3.73876 -58.9986 -0.0321714 -0.999472 0.00355475
22.293 3.71513 -59.584 -0.0252323 -0.999664 0.00590494
23.437 3.6874 -60.2237 -0.0170567 -0.999843 0.0048596
24.9846 3.66467 -60.6056 -0.0101686 -0.999935 0.00507965
26.4992 3.65648 -60.6413 0.000147242 -0.999971 0.00757509
27.6148 3.66196 -60.3802 0.00627809 -0.999925 0.0102597
28.5085 3.6712 -59.9621 0.00481453 -0.999919 0.0118121
29.316 3.68708 -59.5085 0.0144132 -0.999779 0.0152788
30.1182 3.7071 -58.9619 0.0152208 -0.999767 0.0153139
30.7832 3.72791 -58.1738 0.016297 -0.999794 0.0120748
31.6141 3.76105 -57.1111 0.0220431 -0.999631 0.0159025
32.3527 3.79734 -56.0605 0.0258069 -0.999531 0.0164743
32.7996 3.82132 -55.2439 0.0253951 -0.999565 0.0150196
32.5611 3.82802 -54.3778 0.0263332 -0.999524 0.0159821
32.5613 3.83861 -53.3749 0.0312803 -0.999482 0.00757926
32.2937 3.83876 -52.2977 0.0295846 -0.999533 0.00735144
31.9253 3.83309 -51.2195 0.0296631 -0.999557 -0.00239612
31.6238 3.82123 -50.3045 0.0305614 -0.999516 -0.00528259
31.1216 3.7998 -49.517 0.0324098 -0.999435 -0.00869961
30.0992 3.75638 -48.6494 0.0337989 -0.999338 -0.0130336
29.2955 3.72045 -48.1182 0.0288975 -0.999341 -0.0219644
28.3305 3.68009 -47.563 0.029428 -0.999316 -0.0224148
27.3034 3.64024 -47.0916 0.0246639 -0.999446 -0.022299
26.0772 3.6063 -46.8768 0.0203198 -0.999551 -0.0217048
25.1521 3.59003 -46.8935 0.0170996 -0.999339 -0.0315436
24.0362 3.58134 -47.0593 0.00962781 -0.999649 -0.0245192
22.6533 3.59105 -47.6371 -0.00141309 -0.99935 -0.0344272
21.7731 3.61797 -48.1897 -0.0111802 -0.999478 -0.0303118
20.902 3.65021 -48.9337 -0.011223 -0.999495 -0.0297384
20.2401 3.68275 -49.6977 -0.0281744 -0.999303 -0.024508
19.641 3.72493 -50.7291 -0.0292793 -0.99929 -0.0237271
19.1515 3.76993 -52.1335 -0.0236924 -0.999503 -0.0208093
18.98 3.78875 -52.8192 -0.0436347 -0.998903 -0.0168582
19.8828 3.76865 -53.1193 -0.0259839 -0.999578 -0.0129887
20.151 3.74392 -52.0221 -0.0244209 -0.99946 -0.0219461
20.6677 3.69961 -50.7305 -0.0214503 -0.999476 -0.0239238
21.2334 3.67231 -49.9307 -0.0136056 -0.99974 -0.0176887
21.8987 3.65076 -49.2869 -0.00672511 -0.99959 -0.027829
22.6674 3.62617 -48.7217 -0.00810169 -0.999444 -0.0323339
23.8459 3.60767 -48.1405 0.00706048 -0.999647 -0.0255945
25.0411 3.61258 -47.8455 0.0139368 -0.999606 -0.0243582
26.1364 3.62782 -47.8122 0.0203198 -0.999551 -0.0217047
27.3424 3.66471 -48.1067 0.0254291 -0.999409 -0.0231213
28.3842 3.7065 -48.6824 0.0286384 -0.999445 -0.0158723
29.2038 3.73452 -49.1685 0.0283795 -0.999549 -0.00978009
30.0329 3.76633 -49.7809 0.0307078 -0.999464 -0.0113477
30.9089 3.80166 -51.0148 0.0300419 -0.999543 -0.00333096
31.3211 3.81093 -52.4723 0.0267821 -0.999622 0.00629076
31.5331 3.81028 -53.4225 0.0268391 -0.999602 0.00873621
31.6441 3.80485 -54.3582 0.0263699 -0.999577 0.0118739
31.5116 3.78652 -55.3718 0.0253323 -0.999575 0.0144438
31.0188 3.76093 -56.233 0.0246069 -0.999559 0.0166369
30.4316 3.73657 -57.0013 0.0194485 -0.999716 0.0134817
29.7076 3.71162 -58.0473 0.0168527 -0.999787 0.011923
28.4932 3.68325 -58.8699 0.0155832 -0.9998 0.0125052
27.469 3.66925 -59.4138 0.00776703 -0.999924 0.00954961
26.2996 3.66397 -59.6813 -0.000393496 -0.999967 0.00810515
25.0747 3.66863 -59.6445 -0.0105049 -0.99993 0.00541223
24.1158 3.67987 -59.4986 -0.0138034 -0.999885 0.00555949
23.0189 3.70468 -58.967 -0.0207567 -0.999733 0.0101944
21.8479 3.7352 -58.032 -0.0186977 -0.999815 0.00444087
20.8703 3.76509 -56.9185 -0.0252496 -0.999678 0.00269576
20.274 3.78229 -55.8344 -0.0287799 -0.999581 -0.0031026
19.8262 3.79086 -54.6552 -0.0289678 -0.999539 -0.00803305
19.8345 3.77282 -53.3435 -0.026918 -0.999532 -0.0144252
20.7663 3.75181 -53.5792 -0.0257104 -0.999584 -0.0130784
20.7168 3.7639 -54.4858 -0.0251739 -0.999616 -0.0116064
21.2129 3.75552 -55.5196 -0.0269845 -0.999632 -0.00268982
21.6987 3.74344 -56.444 -0.0280552 -0.999606 -0.00106608
22.3817 3.72766 -57.2795 -0.0216846 -0.999764 0.00100041
23.3471 3.70647 -58.06 -0.0210923 -0.999761 0.00477422
24.2878 3.68338 -58.5661 -0.0116961 -0.99991 0.00649842
25.8247 3.6706 -58.7366 -0.00209772 -0.999969 0.00735942
26.8892 3.67174 -58.6352 0.00433315 -0.999956 0.00835139
27.6888 3.68191 -58.2276 0.00969376 -0.99992 0.0081411
28.5587 3.69783 -57.7071 0.0146858 -0.999828 0.0112917
29.2542 3.71545 -57.1012 0.0169307 -0.99977 0.0131425
29.8853 3.73856 -56.154 0.0174848 -0.999773 0.0121259
30.4602 3.76126 -55.3037 0.0229688 -0.999627 0.0147679
30.5946 3.78202 -53.8878 0.0242567 -0.999651 0.0104684
30.4422 3.787 -52.8833 0.0235284 -0.999715 0.00404655
30.1451 3.78248 -51.8151 0.0285088 -0.999592 0.00185684
29.6421 3.76705 -50.8256 0.027999 -0.999565 -0.00758535
28.5603 3.72564 -49.8894 0.0252508 -0.999599 -0.0128256
27.7509 3.69799 -49.3725 0.0245665 -0.999608 -0.0134278
26.3654 3.6531 -48.7765 0.0267719 -0.99946 -0.0190422
24.9441 3.6331 -48.8176 0.0138041 -0.999676 -0.0213718
23.745 3.63244 -49.2902 -0.00232061 -0.99962 -0.02568
22.5112 3.65839 -49.9626 -0.0093294 -0.999862 -0.0135762
21.824 3.67915 -50.6837 -0.0159755 -0.999639 -0.0216089
21.2872 3.70329 -51.443 -0.0191118 -0.999573 -0.0218249
20.9149 3.73836 -52.843 -0.0252731 -0.999598 -0.012836
20.8694 3.74235 -53.0588 -0.0257105 -0.999584 -0.0130784
28.5152 3.63849 -45.5702 0.0313646 -0.99915 -0.0267336
29.6147 3.68809 -46.0095 0.0362342 -0.999089 -0.0225417
28.5598 3.64029 -45.5868 0.0327565 -0.999195 -0.0228586
28.5493 3.63988 -45.5823 0.0302345 -0.999235 -0.0247427
