-60.6102 40.481 -22.5091 -0.0817641 -0.995797 -0.0412296
-59.6013 40.4135 -22.8261 -0.0771928 -0.996425 -0.034318
-59.2415 40.4233 -23.8177 -0.0648189 -0.997206 -0.0349912
-60.019 40.4908 -24.2231 -0.0755077 -0.996706 -0.0296035
-60.7622 40.539 -23.6746 -0.0821133 -0.996129 -0.0302041
-60.7926 40.5122 -22.9179 -0.0820279 -0.995863 -0.0390848
-61.9853 40.5997 -22.6651 -0.0805564 -0.995993 -0.0388126
-61.9094 40.6294 -23.5976 -0.0796222 -0.996095 -0.0381555
-61.37 40.6163 -24.6714 -0.0902781 -0.995559 -0.0266754
-60.4746 40.5481 -25.2736 -0.085907 -0.996107 -0.0197868
-59.5633 40.4823 -25.5085 -0.0670824 -0.99756 -0.0174613
-58.4924 40.4092 -25.1503 -0.0588591 -0.997975 -0.0239651
-58.1048 40.3598 -24.1129 -0.0648186 -0.997206 -0.0349913
-58.3421 40.3176 -22.8755 -0.0725466 -0.996505 -0.0406539
-58.9897 40.3184 -21.9927 -0.0822137 -0.995077 -0.0550011
-59.8476 40.3617 -21.3984 -0.0866511 -0.995091 -0.0477238
-61.0322 40.4692 -21.4303 -0.0855393 -0.995327 -0.044642
-61.9199 40.5799 -22.2995 -0.0817688 -0.995796 -0.0412323
-63.0202 40.671 -21.9982 -0.0989132 -0.994286 -0.039456
-62.4185 40.5795 -20.9839 -0.0942202 -0.995028 -0.0321697
-61.4596 40.4531 -20.3659 -0.104101 -0.992896 -0.0576219
-60.4837 40.3537 -20.1474 -0.0822406 -0.995002 -0.056634
-59.437 40.2806 -20.3379 -0.0706402 -0.996371 -0.0474863
-58.4785 40.2318 -20.8886 -0.0783373 -0.996129 -0.0398622
-57.7242 40.2218 -21.8002 -0.0625525 -0.99688 -0.0481399
-57.1438 40.2334 -22.8595 -0.0693368 -0.996651 -0.0433575
-56.9133 40.2635 -23.8575 -0.0724047 -0.996283 -0.0466605
-57.0084 40.3068 -24.7694 -0.0657489 -0.997465 -0.0272222
-57.3241 40.3507 -25.6138 -0.0649106 -0.997445 -0.0297316
-57.979 40.4066 -26.3129 -0.0568823 -0.998062 -0.0252358
-59.0093 40.4742 -26.6515 -0.059285 -0.997953 -0.0238403
-60.1322 40.5431 -26.5676 -0.0638393 -0.997674 -0.0238968
-61.0328 40.6142 -26.2359 -0.0895144 -0.995815 -0.0179984
-61.9094 40.6805 -25.6936 -0.0832629 -0.996476 -0.0101042
-62.5997 40.7336 -24.8072 -0.0945869 -0.995104 -0.0217679
-63.0558 40.737 -23.572 -0.10928 -0.993578 -0.0291265
-63.0568 40.6831 -22.1778 -0.101183 -0.993781 -0.0464828
-64.1835 40.8026 -21.9967 -0.120284 -0.991925 -0.0402026
-64.2557 40.8545 -23.0174 -0.115868 -0.992533 -0.0376466
-64.0203 40.8624 -24.235 -0.118662 -0.992591 -0.0261085
-63.5832 40.8366 -25.3005 -0.132461 -0.990853 -0.0257654
-63.0875 40.7883 -26.0872 -0.115593 -0.992818 -0.0222055
-61.8948 40.7107 -27.0363 -0.0878637 -0.995848 -0.0230372
-60.5366 40.5934 -27.656 -0.0845002 -0.996284 -0.0140167
-59.4564 40.5202 -27.7824 -0.067315 -0.997649 -0.0128385
-58.3927 40.4518 -27.7354 -0.0606426 -0.998097 -0.0108766
-57.4884 40.3968 -27.357 -0.0546373 -0.998454 -0.0101727
-56.6667 40.3395 -26.7109 -0.0591607 -0.997934 -0.0250737
-56.1398 40.2827 -25.8645 -0.0640658 -0.997425 -0.0322373
-55.8011 40.23 -24.8684 -0.0690763 -0.996874 -0.0369398
-55.7622 40.1808 -23.7001 -0.0585257 -0.997603 -0.0369129
-55.9887 40.1558 -22.7818 -0.06077 -0.997263 -0.0421148
-56.5385 40.1413 -21.6479 -0.054869 -0.996782 -0.0564469
-57.3189 40.116 -20.4732 -0.0790772 -0.994652 -0.0664403
-58.2275 40.1561 -19.6673 -0.0821555 -0.995501 -0.0471951
-59.099 40.1953 -19.2701 -0.0762309 -0.995566 -0.0546894
-60.2922 40.2801 -19.021 -0.0844443 -0.995353 -0.0458952
-61.2031 40.3628 -19.0665 -0.0911718 -0.994973 -0.0413367
-62.3091 40.4919 -19.4541 -0.1051 -0.992928 -0.0552121
-63.1262 40.6083 -19.9999 -0.104562 -0.99298 -0.0552899
-63.7676 40.7077 -20.7709 -0.098844 -0.99433 -0.0382441
-64.1271 40.7842 -21.7117 -0.120497 -0.991856 -0.0412465
-65.2302 40.9074 -21.4606 -0.118832 -0.99194 -0.0435107
-64.9163 40.8199 -20.4388 -0.116284 -0.992034 -0.0484413
-64.2742 40.7069 -19.5547 -0.111029 -0.992432 -0.0517864
-63.4731 40.5759 -18.77 -0.104312 -0.992964 -0.0560483
-62.4425 40.4349 -18.1837 -0.103787 -0.993052 -0.0554705
-61.5169 40.341 -17.9378 -0.0911196 -0.994266 -0.0540456
-60.2058 40.2075 -17.8966 -0.0978018 -0.992971 -0.0666614
-59.0806 40.1304 -18.1172 -0.0818535 -0.994936 -0.0583286
-58.0219 40.0712 -18.5206 -0.073596 -0.995211 -0.0643373
-57.1104 40.0364 -19.1214 -0.0851046 -0.99541 -0.0437745
-56.2928 40.0176 -19.9971 -0.0445635 -0.997535 -0.053646
-55.5686 40.0526 -21.0635 -0.0447436 -0.996839 -0.0653492
-55.1414 40.0714 -22.0068 -0.0597913 -0.997306 -0.0424878
-54.8247 40.0974 -22.924 -0.0487979 -0.997797 -0.0443219
-54.6299 40.1263 -23.9088 -0.0433173 -0.99818 -0.0417705
-54.6348 40.1841 -25.1709 -0.0422605 -0.998069 -0.045532
-54.8758 40.2148 -26.0351 -0.046741 -0.998394 -0.0299908
-55.3218 40.2702 -27.0515 -0.0585319 -0.997904 -0.0276043
-56.0403 40.3224 -27.7194 -0.0535158 -0.998505 -0.0111432
-57.0992 40.3866 -28.4321 -0.0555519 -0.998393 -0.0109007
-58.0237 40.4447 -28.8624 -0.0617667 -0.997986 -0.0144332
-59.3021 40.5245 -28.9403 -0.0654876 -0.997763 -0.0126825
-60.4058 40.6027 -28.8679 -0.0745141 -0.997141 -0.0125584
-61.5141 40.6898 -28.5462 -0.0850497 -0.996372 -0.00294259
-62.8868 40.8114 -27.6874 -0.0923216 -0.995695 -0.00642629
-63.7421 40.8813 -27.0047 -0.11411 -0.993137 -0.00904358
-64.2884 40.95 -26.2553 -0.138341 -0.99031 -0.0121415
-64.7922 40.9902 -25.2955 -0.126242 -0.991403 -0.0344088
-65.225 41.0034 -24.1699 -0.1174 -0.992423 -0.0359651
-65.3504 40.9885 -23.2464 -0.11537 -0.992781 -0.032781
-65.3496 40.9457 -22.0909 -0.115497 -0.992536 -0.0391564
-65.2921 40.925 -21.7353 -0.116268 -0.992479 -0.0382805
