-61.0136 44.1398 -20.9167 -0.108655 -0.99166 -0.0689093
-61.7119 44.2536 -21.3816 -0.126102 -0.990158 -0.0604608
-61.2908 44.274 -22.5848 -0.116119 -0.991673 -0.0551303
-60.46 44.1938 -22.7762 -0.106972 -0.992534 -0.0586003
-60.1019 44.1038 -21.9297 -0.106133 -0.992184 -0.0656193
-60.7158 44.1215 -21.1572 -0.110716 -0.991934 -0.0617183
-60.1588 43.9906 -20.1708 -0.106594 -0.991386 -0.0761005
-59.5069 43.9667 -20.819 -0.106959 -0.992101 -0.0655303
-59.0293 43.9694 -21.6465 -0.108733 -0.992001 -0.0640946
-58.9668 44.0382 -22.8429 -0.107546 -0.992329 -0.0608956
-59.4506 44.1384 -23.6992 -0.108789 -0.992614 -0.0536909
-60.6162 44.285 -24.0033 -0.114166 -0.992072 -0.0518055
-61.5077 44.3686 -23.7391 -0.118906 -0.99083 -0.0641669
-62.2467 44.4217 -23.1055 -0.130747 -0.989836 -0.0559375
-62.72 44.4381 -22.2999 -0.130948 -0.989777 -0.0565174
-62.8946 44.3865 -20.9965 -0.130372 -0.989849 -0.056576
-62.6038 44.2784 -20.1327 -0.131195 -0.987916 -0.082526
-61.4609 44.101 -19.7028 -0.115826 -0.990603 -0.0727375
-60.3398 44.0028 -20.0759 -0.106594 -0.991386 -0.0760977
-59.978 43.8815 -19.0086 -0.105176 -0.991316 -0.0789317
-59.1321 43.8355 -19.5909 -0.110359 -0.991067 -0.0748799
-58.463 43.8257 -20.4553 -0.110986 -0.991052 -0.0741521
-57.9301 43.8522 -21.6171 -0.0950818 -0.993107 -0.0685387
-57.8447 43.9134 -22.7564 -0.107957 -0.992978 -0.0483718
-58.1626 44.0001 -23.7765 -0.110832 -0.992379 -0.0538616
-58.6416 44.0964 -24.5743 -0.102455 -0.993539 -0.0487249
-59.7449 44.2314 -25.0826 -0.101769 -0.993791 -0.0448418
-61.2356 44.4087 -25.0393 -0.121498 -0.991386 -0.0489031
-62.2689 44.5124 -24.5845 -0.12005 -0.991376 -0.0525603
-63.0299 44.5689 -23.8906 -0.128191 -0.990271 -0.0540651
-63.5771 44.5984 -23.1116 -0.133972 -0.9896 -0.0520155
-63.8856 44.5782 -22.0489 -0.131158 -0.989745 -0.056581
-63.9882 44.5329 -21.0229 -0.131073 -0.989738 -0.0569087
-63.7757 44.4134 -19.873 -0.134444 -0.987368 -0.0838436
-63.1865 44.2679 -19.1031 -0.131244 -0.987637 -0.0857171
-62.0644 44.0898 -18.5854 -0.116272 -0.990568 -0.0724999
-60.9902 43.9673 -18.6779 -0.119517 -0.989783 -0.0777501
-60.4437 43.9167 -18.8292 -0.105173 -0.991316 -0.0789315
-60.0574 43.7904 -17.7947 -0.108943 -0.990798 -0.0803109
-60.9353 43.866 -17.5335 -0.10926 -0.990777 -0.0801387
-61.857 43.9699 -17.4559 -0.120535 -0.988902 -0.0868618
-63.2388 44.1696 -17.7862 -0.123285 -0.98883 -0.0831726
-64.1951 44.3478 -18.45 -0.13535 -0.987016 -0.0864651
-64.8197 44.5096 -19.3258 -0.134941 -0.987283 -0.0840402
-65.1145 44.6653 -20.6838 -0.135911 -0.988072 -0.0712051
-65.0959 44.7195 -21.6481 -0.135705 -0.989026 -0.0584081
-64.9533 44.7534 -22.5617 -0.13567 -0.989088 -0.0574325
-64.5231 44.7523 -23.6845 -0.12034 -0.991782 -0.0434364
-63.8327 44.7079 -24.5958 -0.12546 -0.990795 -0.0508397
-63.1938 44.6638 -25.286 -0.12317 -0.99094 -0.0535471
-62.0525 44.5493 -25.9393 -0.118304 -0.992264 -0.0376314
-60.5074 44.3769 -26.2458 -0.120034 -0.991891 -0.0413974
-58.9495 44.1986 -26.1404 -0.102513 -0.993994 -0.0377773
-58.0921 44.0924 -25.7235 -0.111898 -0.993132 -0.0341329
-57.4479 43.9806 -24.7875 -0.106831 -0.992789 -0.0541925
-56.9804 43.8821 -23.8246 -0.0888074 -0.994908 -0.0474907
-56.7348 43.8064 -22.6469 -0.0919352 -0.993993 -0.0580975
-56.8761 43.7293 -21.3689 -0.097301 -0.992595 -0.0727198
-57.2989 43.6951 -20.3015 -0.100159 -0.992441 -0.0709125
-58.1556 43.6824 -19.0689 -0.108891 -0.990233 -0.0866819
-59.0116 43.7149 -18.2682 -0.110759 -0.990363 -0.0831081
-59.6878 43.7616 -17.9404 -0.108943 -0.990798 -0.0803137
-59.238 43.6252 -16.9289 -0.116908 -0.989272 -0.0876029
-60.1371 43.6969 -16.5973 -0.10963 -0.988901 -0.100277
-61.1016 43.7822 -16.3815 -0.109954 -0.988836 -0.100568
-62.3773 43.9301 -16.3562 -0.117385 -0.988453 -0.095825
-63.2705 44.0611 -16.5938 -0.121916 -0.988311 -0.0915037
-64.2058 44.209 -16.931 -0.122567 -0.988053 -0.093428
-65.249 44.4451 -17.889 -0.136635 -0.986415 -0.0910648
-65.8132 44.5947 -18.725 -0.137284 -0.98697 -0.083929
-66.1473 44.7136 -19.5966 -0.13389 -0.98734 -0.0850142
-66.4769 44.8523 -20.6785 -0.13591 -0.988072 -0.0712043
-66.2254 44.8908 -21.9233 -0.135788 -0.989016 -0.058382
-65.9237 44.9104 -23.1519 -0.146725 -0.988014 -0.0479677
-65.5224 44.8958 -24.1492 -0.133365 -0.990025 -0.0439443
-64.8969 44.8588 -24.9849 -0.121371 -0.991417 -0.0485933
-63.9994 44.7997 -26.0139 -0.12789 -0.990636 -0.0472768
-63.2833 44.7282 -26.5743 -0.138298 -0.989669 -0.036463
-62.1155 44.5957 -27.0642 -0.116129 -0.992801 -0.0293279
-61.07 44.4778 -27.3605 -0.117645 -0.992879 -0.0184846
-60.1579 44.3673 -27.3659 -0.120282 -0.992536 -0.02012
-58.7988 44.217 -27.294 -0.104671 -0.994215 -0.0240768
-57.7753 44.0976 -26.9136 -0.10716 -0.993514 -0.038048
-57.0115 43.993 -26.1188 -0.0832301 -0.995628 -0.0423941
-56.4346 43.9093 -25.2778 -0.08549 -0.995187 -0.047485
-55.9828 43.8209 -24.3733 -0.0846215 -0.995051 -0.0519247
-55.7468 43.7562 -23.3739 -0.0905249 -0.994362 -0.0533431
-55.6657 43.68 -22.3552 -0.0994088 -0.992677 -0.0686254
-55.8051 43.6219 -21.3349 -0.0971971 -0.992608 -0.0726719
-56.1915 43.5691 -20.1026 -0.0987127 -0.992502 -0.0720622
-56.7336 43.549 -19.1562 -0.0949559 -0.991744 -0.086175
-57.4298 43.5352 -18.2354 -0.0945106 -0.991787 -0.0861772
-58.1645 43.5517 -17.5353 -0.117359 -0.989233 -0.087439
-58.6288 43.5724 -17.1465 -0.117132 -0.989252 -0.0875211
-58.6975 43.5794 -17.1338 -0.116906 -0.989272 -0.0876037
