-61.0594 45.0777 -20.9797 -0.131249 -0.988334 -0.077091
-61.9709 45.2153 -21.1896 -0.131664 -0.988533 -0.0733286
-61.3046 45.1902 -22.1231 -0.127728 -0.989635 -0.065639
-60.6253 45.0589 -21.5227 -0.133201 -0.988442 -0.072382
-60.9449 45.0658 -21.0282 -0.133198 -0.988443 -0.0723821
-60.2591 44.928 -20.4318 -0.119909 -0.989764 -0.076805
-61.2945 45.0065 -19.7303 -0.128864 -0.988466 -0.0795548
-62.4655 45.1854 -20.0371 -0.132872 -0.987693 -0.0825129
-62.9091 45.3329 -21.0903 -0.13166 -0.988533 -0.07333
-62.504 45.3562 -22.2876 -0.128957 -0.98954 -0.0646218
-61.3413 45.2624 -23.1043 -0.127384 -0.989488 -0.0684634
-60.4578 45.1576 -23.2297 -0.124568 -0.989827 -0.0686883
-59.6241 45.0055 -22.5064 -0.120326 -0.990514 -0.0663655
-59.663 44.939 -21.4941 -0.116497 -0.990306 -0.0756421
-60.0929 44.9216 -20.5936 -0.110372 -0.991275 -0.0719825
-60.1421 44.9227 -20.5357 -0.110178 -0.991113 -0.0745371
-59.5326 44.8019 -19.8295 -0.109398 -0.991163 -0.0750235
-60.3996 44.8462 -19.1265 -0.111039 -0.990853 -0.0766356
-61.5909 44.9593 -18.7134 -0.126238 -0.988476 -0.0835451
-62.6273 45.1155 -18.968 -0.130895 -0.987418 -0.0887262
-63.3051 45.2568 -19.5404 -0.131919 -0.987544 -0.0857009
-63.7679 45.4008 -20.4827 -0.139749 -0.986669 -0.0833992
-63.7149 45.4894 -21.8676 -0.134227 -0.989034 -0.0616004
-63.1875 45.4847 -22.8794 -0.128449 -0.989482 -0.0665225
-62.4747 45.4337 -23.5237 -0.123448 -0.991057 -0.0506685
-61.4364 45.3332 -24.0621 -0.119424 -0.991535 -0.0509531
-60.4653 45.2256 -24.2499 -0.118818 -0.991676 -0.0495639
-59.4304 45.0754 -23.9377 -0.127303 -0.98987 -0.0628566
-58.7287 44.9331 -22.8731 -0.105808 -0.992991 -0.0526735
-58.604 44.856 -21.9451 -0.100108 -0.991905 -0.0777845
-58.8673 44.8033 -20.8716 -0.111351 -0.991387 -0.0689398
-59.2238 44.7957 -20.1967 -0.109398 -0.991163 -0.0750235
-58.5336 44.6651 -19.53 -0.11839 -0.989431 -0.0837273
-57.9499 44.6888 -20.6664 -0.10537 -0.992052 -0.0687262
-57.6839 44.738 -21.7014 -0.109739 -0.990722 -0.0799766
-57.7378 44.8246 -22.8348 -0.10816 -0.992732 -0.052777
-58.0658 44.9066 -23.7052 -0.106985 -0.992861 -0.0527287
-58.5516 45.0084 -24.5195 -0.109623 -0.992198 -0.0593869
-59.7389 45.1864 -25.1719 -0.11691 -0.991889 -0.0498844
-60.9316 45.3274 -25.1575 -0.120726 -0.991464 -0.0492386
-61.8303 45.4245 -24.9154 -0.121465 -0.991294 -0.0507671
-62.8587 45.5254 -24.3727 -0.126102 -0.990511 -0.0546333
-63.7641 45.5967 -23.5781 -0.132365 -0.98976 -0.0529745
-64.3019 45.6271 -22.8285 -0.133037 -0.989414 -0.0579256
-64.7498 45.6002 -21.3958 -0.133765 -0.989275 -0.058642
-64.697 45.513 -20.2822 -0.136728 -0.98796 -0.0722517
-64.2207 45.35 -19.1372 -0.13914 -0.986621 -0.0849667
-63.2497 45.1321 -18.2185 -0.138283 -0.98604 -0.0925156
-62.1166 44.9431 -17.8107 -0.12441 -0.986392 -0.107484
-60.7641 44.7896 -17.8871 -0.112654 -0.988636 -0.0995381
-59.6848 44.7158 -18.4986 -0.114867 -0.990036 -0.0813367
-58.9795 44.6806 -19.0826 -0.118413 -0.989435 -0.0836467
-58.7169 44.669 -19.3169 -0.11839 -0.989431 -0.0837273
-57.9099 44.5282 -18.7944 -0.118412 -0.989435 -0.0836463
-58.6636 44.561 -18.1143 -0.118526 -0.989433 -0.0835093
-59.4599 44.6006 -17.5081 -0.116817 -0.98824 -0.0986679
-60.5754 44.6749 -16.9614 -0.11265 -0.988637 -0.0995316
-61.6369 44.7838 -16.8302 -0.115052 -0.988405 -0.099089
-62.6219 44.9124 -16.9443 -0.133899 -0.985496 -0.103746
-63.5893 45.0865 -17.2836 -0.135706 -0.985979 -0.0971007
-64.4825 45.2744 -17.9343 -0.136589 -0.985678 -0.0989076
-65.1246 45.4442 -18.7627 -0.134566 -0.986955 -0.0883029
-65.55 45.5758 -19.611 -0.136188 -0.987047 -0.0848027
-65.7135 45.6803 -20.5805 -0.138391 -0.987285 -0.0779722
-65.6571 45.7377 -21.6354 -0.134783 -0.989219 -0.0572639
-65.355 45.765 -22.763 -0.133889 -0.989005 -0.0627966
-64.7459 45.745 -23.7733 -0.138313 -0.988804 -0.0558405
-63.9562 45.683 -24.7104 -0.132369 -0.989759 -0.0529788
-63.2139 45.6191 -25.2554 -0.125212 -0.990621 -0.0547077
-62.0502 45.5006 -25.8504 -0.12956 -0.990297 -0.0502537
-60.7948 45.3601 -26.1535 -0.123577 -0.991159 -0.0482781
-59.4511 45.1932 -26.0804 -0.118477 -0.992059 -0.0422274
-58.164 45.0169 -25.4305 -0.111785 -0.992757 -0.0440117
-57.4725 44.8933 -24.6079 -0.10741 -0.992616 -0.0563677
-57.0805 44.803 -23.7558 -0.10704 -0.992773 -0.0542514
-56.7451 44.7142 -22.793 -0.1076 -0.992753 -0.0535115
-56.7794 44.6213 -21.4772 -0.105502 -0.991743 -0.0729043
-57.0143 44.5795 -20.49 -0.104249 -0.99232 -0.06657
-57.3767 44.547 -19.5973 -0.100895 -0.990566 -0.0927323
-57.8356 44.5267 -18.8812 -0.109643 -0.989999 -0.0882265
-57.1095 44.4007 -18.3375 -0.0990488 -0.990234 -0.0981124
-57.8263 44.4146 -17.5734 -0.11728 -0.988739 -0.0925434
-58.53 44.4407 -17.0106 -0.117605 -0.988078 -0.0993484
-59.4416 44.4847 -16.3853 -0.117864 -0.987713 -0.102618
-60.3688 44.5594 -16.0526 -0.112269 -0.988526 -0.101056
-61.51 44.6792 -15.8955 -0.117918 -0.988497 -0.0946793
-62.9167 44.8652 -16.0699 -0.133683 -0.986238 -0.0965969
-63.916 45.0367 -16.3405 -0.133635 -0.985648 -0.103127
-65.0855 45.2819 -17.1769 -0.137151 -0.985445 -0.100431
-65.9303 45.4767 -17.9454 -0.135 -0.986241 -0.0953199
-66.3973 45.6408 -19.0328 -0.138606 -0.986039 -0.0921066
-66.6252 45.7558 -19.9687 -0.140218 -0.98649 -0.0847127
-66.6043 45.8503 -21.1899 -0.143894 -0.987447 -0.064546
-66.3214 45.9132 -22.7773 -0.15862 -0.984404 -0.0760262
-65.875 45.9114 -23.7221 -0.156737 -0.985824 -0.0572351
-65.246 45.8584 -24.6197 -0.137469 -0.989244 -0.0499773
-64.0852 45.7592 -25.8022 -0.130883 -0.989914 -0.0539039
-63.3168 45.6893 -26.3137 -0.128626 -0.990438 -0.0498766
-62.3293 45.5817 -26.7919 -0.127294 -0.991203 -0.035397
-61.1925 45.4538 -27.0549 -0.122656 -0.991468 -0.0438707
-60.1386 45.3225 -27.1667 -0.128847 -0.991351 -0.0249474
-58.6552 45.1332 -26.837 -0.111462 -0.993151 -0.0341489
-57.6045 44.986 -26.1916 -0.113461 -0.992667 -0.0417072
-56.9272 44.8897 -25.485 -0.09438 -0.994053 -0.0534088
-56.442 44.7864 -24.6054 -0.0979732 -0.993203 -0.0628462
-56.0676 44.6981 -23.7353 -0.0962487 -0.993849 -0.0547456
-55.7548 44.6008 -22.6301 -0.101437 -0.992001 -0.0751298
-55.8458 44.5147 -21.3728 -0.103018 -0.991985 -0.073116
-56.1248 44.4669 -20.2365 -0.108258 -0.991818 -0.0676514
-56.4658 44.4311 -19.3356 -0.099152 -0.990888 -0.0911532
-56.7764 44.4085 -18.7522 -0.0991045 -0.990561 -0.0946314
-56.8092 44.4067 -18.7007 -0.0990509 -0.990234 -0.0981107
