-63.0932 51.586 -17.9413 -0.140663 -0.98173 -0.128133
-63.513 51.766 -18.8233 -0.147731 -0.980231 -0.131603
-62.6177 51.7202 -19.534 -0.156867 -0.981247 -0.112003
-62.1235 51.5304 -18.5898 -0.142494 -0.981756 -0.125888
-62.5181 51.5243 -18.1032 -0.141047 -0.981854 -0.126759
-62.284 51.352 -17.0439 -0.140275 -0.981606 -0.129507
-61.5214 51.3117 -17.5655 -0.142495 -0.981755 -0.125891
-60.9395 51.3393 -18.4506 -0.142269 -0.981988 -0.124338
-60.8922 51.4746 -19.6858 -0.155476 -0.982961 -0.0980603
-61.4225 51.6382 -20.4807 -0.157251 -0.982194 -0.102754
-62.3706 51.811 -20.6786 -0.156345 -0.982018 -0.105812
-63.5886 51.9673 -20.3275 -0.159919 -0.980578 -0.113547
-64.4611 51.986 -19.3924 -0.146766 -0.980172 -0.133126
-64.7946 51.8699 -18.1904 -0.143586 -0.980583 -0.1335
-64.4035 51.6809 -17.19 -0.143941 -0.980919 -0.130665
-63.0813 51.4382 -16.8342 -0.142685 -0.981269 -0.129409
-62.3875 51.3628 -17.0141 -0.140275 -0.981606 -0.129507
-61.9885 51.1655 -15.9638 -0.139578 -0.981069 -0.134196
-62.866 51.2617 -15.7696 -0.138005 -0.980833 -0.137555
-63.7952 51.3898 -15.7398 -0.139934 -0.980566 -0.137511
-64.9602 51.6076 -16.12 -0.135193 -0.981066 -0.138681
-65.6255 51.827 -17.0172 -0.139678 -0.980217 -0.140184
-65.9316 52.0501 -18.2719 -0.144975 -0.979906 -0.13699
-65.7664 52.1571 -19.2006 -0.157705 -0.977271 -0.141199
-65.0973 52.2106 -20.3723 -0.148073 -0.981188 -0.123703
-64.5037 52.2021 -21.0657 -0.160687 -0.98069 -0.111454
-63.614 52.1007 -21.4705 -0.161457 -0.980801 -0.109366
-62.1758 51.9022 -21.8135 -0.158901 -0.98141 -0.107586
-61.2723 51.7413 -21.6774 -0.160469 -0.981779 -0.10174
-60.4791 51.5619 -21.1857 -0.154382 -0.982807 -0.101268
-59.8829 51.3606 -20.1409 -0.154384 -0.982807 -0.101273
-59.7511 51.2326 -19.1049 -0.149226 -0.983484 -0.102421
-60.0293 51.1179 -17.7656 -0.151213 -0.980123 -0.128424
-60.5356 51.0941 -16.9946 -0.147569 -0.981865 -0.119012
-61.2402 51.1056 -16.3045 -0.133213 -0.982414 -0.13083
-61.5182 51.1239 -16.1593 -0.137181 -0.981859 -0.130835
-61.3119 50.9318 -15.0212 -0.130007 -0.980372 -0.14822
-60.377 50.883 -15.55 -0.138934 -0.980458 -0.139245
-59.6811 50.8847 -16.344 -0.150811 -0.98126 -0.119933
-59.0023 50.905 -17.3369 -0.148781 -0.981068 -0.123972
-58.7205 50.992 -18.3778 -0.154697 -0.980801 -0.118734
-58.5898 51.1114 -19.6347 -0.149403 -0.983484 -0.10217
-58.8509 51.2548 -20.6388 -0.149078 -0.9837 -0.100544
-59.2158 51.4004 -21.5235 -0.149062 -0.983812 -0.099468
-60.0634 51.6131 -22.3569 -0.156547 -0.982803 -0.0978941
-60.9625 51.8047 -22.8125 -0.160143 -0.982093 -0.0992308
-61.9188 51.9782 -22.9277 -0.167576 -0.980299 -0.104552
-62.8259 52.1386 -22.9122 -0.177091 -0.978673 -0.104106
-63.6889 52.2484 -22.6155 -0.160878 -0.979533 -0.12097
-64.5272 52.3469 -22.2544 -0.174696 -0.978534 -0.109326
-65.3367 52.4398 -21.8022 -0.167821 -0.977542 -0.127027
-65.9219 52.4412 -21.1058 -0.163224 -0.977336 -0.134807
-66.4937 52.42 -20.2467 -0.16427 -0.977493 -0.132375
-66.9296 52.3582 -19.3358 -0.151344 -0.976911 -0.150799
-67.0831 52.2459 -18.454 -0.14816 -0.978408 -0.143896
-66.9551 52.0905 -17.4971 -0.143472 -0.979645 -0.140401
-66.6582 51.9266 -16.6567 -0.141272 -0.978848 -0.147775
-66.0481 51.6717 -15.5797 -0.136982 -0.979024 -0.150822
-64.9197 51.4115 -14.8506 -0.129235 -0.980425 -0.148545
-63.9569 51.2424 -14.6147 -0.135743 -0.979207 -0.150759
-62.8773 51.0917 -14.6061 -0.135303 -0.979303 -0.150531
-61.9471 50.99 -14.8102 -0.140596 -0.979128 -0.146767
-61.4345 50.9414 -14.9771 -0.135302 -0.97975 -0.147493
-60.9604 50.7302 -13.9818 -0.125316 -0.981653 -0.14371
-60.1069 50.6675 -14.2973 -0.125305 -0.981651 -0.143738
-59.2304 50.6728 -15.2362 -0.14321 -0.980363 -0.135549
-58.4223 50.6674 -16.1436 -0.144961 -0.981783 -0.122826
-57.774 50.7523 -17.5685 -0.143841 -0.981809 -0.123935
-57.5906 50.8494 -18.6318 -0.149202 -0.981802 -0.117492
-57.466 50.965 -19.8646 -0.148802 -0.983586 -0.102056
-57.7398 51.1255 -21.0244 -0.145213 -0.98451 -0.0981392
-58.1192 51.2962 -22.1392 -0.148861 -0.983925 -0.0986497
-58.7128 51.4517 -22.7938 -0.141315 -0.985422 -0.0943147
-59.3743 51.6075 -23.4049 -0.158572 -0.982372 -0.0989963
-60.3794 51.8237 -23.9401 -0.158945 -0.982327 -0.0988472
-61.2882 51.9798 -24.0285 -0.170717 -0.980719 -0.095107
-62.3546 52.1761 -24.0647 -0.179378 -0.978316 -0.103517
-63.8313 52.4077 -23.7093 -0.170807 -0.978458 -0.115156
-64.7402 52.5135 -23.3695 -0.168033 -0.977663 -0.125975
-65.799 52.6491 -22.843 -0.18529 -0.975972 -0.114653
-66.4381 52.6772 -22.2099 -0.162209 -0.978068 -0.130656
-67.0248 52.6674 -21.418 -0.160527 -0.97743 -0.137199
-67.7168 52.6478 -20.4443 -0.157805 -0.978625 -0.131873
-68.1204 52.536 -19.3211 -0.147291 -0.977492 -0.151045
-68.217 52.3481 -17.982 -0.149291 -0.977815 -0.146937
-67.9698 52.1882 -17.1307 -0.145239 -0.979417 -0.14017
-67.6313 52.0011 -16.2589 -0.138061 -0.978127 -0.155586
-67.1917 51.7901 -15.3414 -0.134304 -0.978113 -0.158847
-66.2559 51.4954 -14.2626 -0.128009 -0.9799 -0.152986
-64.9339 51.2358 -13.6958 -0.131711 -0.979317 -0.153528
-64.0449 51.0699 -13.4225 -0.134986 -0.979155 -0.151766
-62.8154 50.891 -13.3583 -0.134412 -0.97942 -0.150565
-61.8849 50.811 -13.6773 -0.140451 -0.979059 -0.147368
-61.522 50.7775 -13.8007 -0.139131 -0.979399 -0.146349
-61.3542 50.763 -13.8624 -0.131569 -0.980697 -0.144509
