-64.6687 57.1918 -16.2847 -0.100978 -0.982591 -0.155942
-64.3056 57.0322 -15.5053 -0.100489 -0.983341 -0.151467
-63.4669 57.035 -16.0752 -0.103884 -0.982774 -0.152792
-63.865 57.2374 -17.1206 -0.106788 -0.982957 -0.149642
-64.6903 57.2208 -16.4534 -0.100978 -0.982592 -0.155939
-65.7567 57.374 -16.6537 -0.103661 -0.980618 -0.165864
-65.2432 57.4728 -17.5974 -0.114745 -0.979315 -0.166658
-64.2305 57.4561 -18.2368 -0.11435 -0.980381 -0.160435
-63.0772 57.2872 -17.9798 -0.119407 -0.980311 -0.156838
-62.2894 57.0734 -17.1775 -0.114388 -0.983648 -0.138868
-62.2189 56.9179 -16.1853 -0.107925 -0.983114 -0.147745
-62.6442 56.8276 -15.3025 -0.105178 -0.982781 -0.151919
-63.4917 56.8161 -14.6517 -0.104032 -0.982029 -0.157406
-64.6665 56.8965 -14.4628 -0.0871751 -0.983627 -0.157729
-65.5587 57.0626 -14.968 -0.0935281 -0.981729 -0.165711
-65.8096 57.3012 -16.212 -0.0945965 -0.980374 -0.172969
-66.8735 57.3959 -16.1627 -0.0958881 -0.980098 -0.173822
-66.7438 57.5439 -17.0785 -0.0966617 -0.981464 -0.165484
-66.2939 57.658 -18.0154 -0.0953744 -0.98146 -0.166255
-65.2423 57.7054 -18.979 -0.119423 -0.9786 -0.167574
-64.1769 57.6409 -19.3577 -0.118173 -0.978621 -0.168336
-62.8685 57.4378 -19.1103 -0.130754 -0.97929 -0.15458
-61.8798 57.2315 -18.6129 -0.124512 -0.980504 -0.152015
-61.1232 56.9687 -17.4597 -0.127635 -0.98314 -0.13094
-61.0781 56.8049 -16.2862 -0.120396 -0.982831 -0.139295
-61.3612 56.6929 -15.3336 -0.108042 -0.982458 -0.151995
-61.8867 56.6311 -14.5504 -0.106361 -0.983973 -0.143084
-62.6683 56.5946 -13.8217 -0.0839634 -0.985596 -0.146801
-63.8189 56.6425 -13.4008 -0.0999802 -0.981447 -0.163602
-64.8638 56.7474 -13.4235 -0.0856211 -0.983589 -0.158803
-66.0021 56.8977 -13.75 -0.0866542 -0.982938 -0.162206
-66.6412 57.1136 -14.6782 -0.0890433 -0.981246 -0.170961
-66.8564 57.2774 -15.5039 -0.0989232 -0.979983 -0.172734
-67.9252 57.3631 -15.3782 -0.0992296 -0.977887 -0.184096
-67.7259 57.1735 -14.445 -0.0902052 -0.979471 -0.180048
-67.2756 56.9447 -13.4305 -0.0754717 -0.981799 -0.174277
-66.5765 56.7813 -12.8096 -0.0788199 -0.981391 -0.1751
-65.3801 56.6147 -12.4183 -0.0770894 -0.982123 -0.171677
-64.0761 56.4834 -12.2976 -0.0934067 -0.981031 -0.16986
-62.7019 56.4094 -12.5841 -0.0757826 -0.984278 -0.159542
-61.8458 56.4041 -13.0192 -0.0923167 -0.983933 -0.152571
-61.1274 56.4279 -13.7068 -0.107816 -0.984257 -0.140052
-60.501 56.4902 -14.5969 -0.108146 -0.983394 -0.145707
-60.1025 56.5701 -15.4823 -0.123653 -0.984421 -0.124998
-59.9684 56.7081 -16.6509 -0.129428 -0.982165 -0.136387
-60.0824 56.8924 -17.8848 -0.131657 -0.982315 -0.133134
-60.6463 57.1215 -18.9941 -0.129427 -0.980901 -0.145191
-61.6929 57.3815 -19.7934 -0.133949 -0.98021 -0.14576
-62.9132 57.6279 -20.3302 -0.139768 -0.97873 -0.14993
-63.9312 57.8011 -20.517 -0.123814 -0.978695 -0.163686
-64.9216 57.8914 -20.2879 -0.125781 -0.977748 -0.167877
-65.9233 57.9403 -19.8432 -0.119628 -0.978069 -0.170484
-66.7639 57.9327 -19.2226 -0.111078 -0.977273 -0.180198
-67.3733 57.8487 -18.3999 -0.122459 -0.9755 -0.182768
-67.8407 57.6655 -17.0993 -0.110609 -0.977227 -0.181077
-67.9349 57.5137 -16.212 -0.106657 -0.978689 -0.175371
-67.9469 57.4168 -15.6519 -0.10059 -0.978878 -0.17787
-68.9792 57.4571 -15.3446 -0.088769 -0.979045 -0.183275
-68.7275 57.1955 -14.0926 -0.0875085 -0.97792 -0.189775
-68.1257 56.8845 -12.7589 -0.0769354 -0.979793 -0.184311
-66.9468 56.6138 -11.7482 -0.0715059 -0.979917 -0.186132
-65.921 56.472 -11.3975 -0.0691671 -0.980644 -0.183175
-65.0306 56.3878 -11.281 -0.0621735 -0.982295 -0.176466
-64.0854 56.2965 -11.2253 -0.0945917 -0.980218 -0.173856
-62.6715 56.2264 -11.5024 -0.0753715 -0.982209 -0.171946
-61.7975 56.2008 -11.7808 -0.101099 -0.981709 -0.161325
-60.9875 56.2061 -12.3209 -0.100829 -0.982247 -0.158156
-60.3058 56.2284 -12.9667 -0.110279 -0.98339 -0.144163
-59.5608 56.3093 -14.0892 -0.110319 -0.983395 -0.144097
-59.1007 56.3788 -14.9933 -0.131403 -0.984078 -0.119645
-58.9196 56.4737 -15.9568 -0.133044 -0.983585 -0.121905
-58.7625 56.5677 -16.856 -0.137445 -0.981068 -0.136427
-58.9753 56.7823 -18.1723 -0.14777 -0.98024 -0.130886
-59.2614 56.9457 -19.0865 -0.16178 -0.978917 -0.124694
-59.8519 57.1362 -19.8153 -0.162662 -0.978294 -0.128325
-60.8868 57.3969 -20.6537 -0.132509 -0.981315 -0.139507
-61.9293 57.6124 -21.1368 -0.13716 -0.98025 -0.142468
-62.899 57.8026 -21.4461 -0.150025 -0.976265 -0.156194
-63.7872 57.9635 -21.6224 -0.13093 -0.978814 -0.157421
-64.756 58.0617 -21.4272 -0.132234 -0.97838 -0.159003
-65.7014 58.1365 -21.1177 -0.130088 -0.975571 -0.177025
-66.6001 58.1716 -20.6853 -0.119269 -0.976291 -0.180557
-67.4373 58.1718 -20.1088 -0.12301 -0.976934 -0.174536
-68.1948 58.0852 -19.1094 -0.123095 -0.975335 -0.183219
-68.7467 57.9595 -18.1247 -0.109844 -0.976948 -0.183049
-69.0192 57.7259 -16.748 -0.0866366 -0.978529 -0.187017
-69.0201 57.6068 -16.1242 -0.086635 -0.978529 -0.187016
-69.025 57.5793 -15.978 -0.0874898 -0.978873 -0.184789
