-63.5961 57.933 -15.7313 -0.101599 -0.983902 -0.147012
-64.1205 58.1325 -16.699 -0.101191 -0.983811 -0.147908
-64.8114 58.0956 -16.0301 -0.08751 -0.982707 -0.163169
-64.4146 57.9304 -15.252 -0.0888489 -0.982894 -0.161315
-63.6362 57.9239 -15.6417 -0.0965365 -0.983507 -0.152734
-62.7758 57.7541 -15.0924 -0.0965364 -0.983507 -0.152733
-63.6632 57.7084 -14.2994 -0.0899723 -0.983056 -0.159691
-64.6939 57.767 -14.0906 -0.0882312 -0.983253 -0.159466
-65.6372 57.9325 -14.5975 -0.0867218 -0.98342 -0.159264
-65.8944 58.1099 -15.5512 -0.0860416 -0.983112 -0.161503
-65.7532 58.2852 -16.6255 -0.0940458 -0.98005 -0.175092
-65.2109 58.3665 -17.4282 -0.0985976 -0.981811 -0.162253
-64.1102 58.3078 -17.7807 -0.108709 -0.980386 -0.164395
-63.2405 58.1783 -17.5825 -0.108595 -0.980279 -0.165105
-62.5278 58.0057 -16.9528 -0.103663 -0.98373 -0.146732
-62.3985 57.8299 -15.8648 -0.0968614 -0.984741 -0.144509
-62.502 57.7951 -15.5588 -0.0968613 -0.984741 -0.144509
-61.6017 57.6187 -14.9424 -0.0941886 -0.984527 -0.147766
-62.1401 57.5555 -14.1235 -0.0968389 -0.985752 -0.137536
-62.8822 57.529 -13.5217 -0.0738812 -0.985901 -0.150133
-64.1368 57.5488 -12.997 -0.076708 -0.983301 -0.164181
-65.6265 57.6756 -13.1117 -0.0709361 -0.981582 -0.177384
-66.4698 57.8504 -13.7473 -0.0690951 -0.981782 -0.177005
-66.9079 58.0592 -14.773 -0.0799524 -0.982282 -0.168941
-67.0064 58.3061 -16.0617 -0.0907799 -0.978624 -0.184536
-66.7181 58.475 -17.1682 -0.0953087 -0.980324 -0.172852
-66.0538 58.5829 -18.16 -0.104258 -0.978723 -0.17666
-65.1889 58.5903 -18.694 -0.109903 -0.978094 -0.176615
-63.8602 58.471 -18.9131 -0.11228 -0.979268 -0.168522
-62.9781 58.341 -18.7221 -0.108809 -0.980267 -0.165037
-62.131 58.1562 -18.1818 -0.108277 -0.980413 -0.16452
-61.4185 57.9412 -17.2773 -0.0932167 -0.985511 -0.141703
-61.242 57.798 -16.3995 -0.093408 -0.985404 -0.142314
-61.3447 57.6751 -15.482 -0.093427 -0.984939 -0.145467
-61.4731 57.6397 -15.164 -0.0941877 -0.984527 -0.147771
-60.522 57.486 -14.6826 -0.0786332 -0.985618 -0.149581
-61.2761 57.3756 -13.4364 -0.0958042 -0.985961 -0.13676
-62.1633 57.3414 -12.6781 -0.0871297 -0.983456 -0.158501
-62.975 57.3236 -12.1708 -0.0718549 -0.983802 -0.164027
-64.0934 57.3464 -11.8668 -0.0659499 -0.983229 -0.170031
-65.3892 57.4455 -11.9352 -0.0759451 -0.979831 -0.184833
-66.7601 57.6237 -12.3639 -0.0726876 -0.981701 -0.176007
-67.396 57.7904 -13.0483 -0.0667086 -0.982799 -0.172211
-67.7994 57.9788 -13.9552 -0.0668405 -0.982084 -0.176193
-68.0574 58.1969 -14.9759 -0.0809552 -0.979467 -0.184636
-68.1014 58.4044 -16.0577 -0.0848198 -0.979431 -0.183085
-67.9325 58.5573 -16.9409 -0.102928 -0.979601 -0.172592
-67.5977 58.6946 -17.8635 -0.106011 -0.975908 -0.190674
-66.8771 58.8154 -18.9213 -0.110994 -0.976897 -0.182627
-65.7037 58.8221 -19.6596 -0.11621 -0.977896 -0.173732
-64.4709 58.7343 -20.0127 -0.11853 -0.978762 -0.167233
-63.5771 58.6182 -19.9781 -0.114858 -0.979614 -0.164705
-62.1225 58.3854 -19.5534 -0.125706 -0.979127 -0.158736
-61.2746 58.1616 -18.8833 -0.133984 -0.979481 -0.150537
-60.6058 57.9512 -18.0803 -0.125977 -0.981193 -0.146256
-60.1948 57.7634 -16.993 -0.122618 -0.985454 -0.117619
-60.1641 57.5821 -15.6245 -0.0945131 -0.986365 -0.134457
-60.45 57.502 -14.8257 -0.0786331 -0.985618 -0.149581
-59.5095 57.3466 -14.3172 -0.0971801 -0.984542 -0.145326
-59.1345 57.4321 -15.2644 -0.119018 -0.985948 -0.115894
-59.0458 57.5679 -16.5851 -0.135896 -0.983959 -0.115574
-59.1909 57.707 -17.5655 -0.125382 -0.984887 -0.119483
-59.6401 57.8981 -18.5537 -0.124092 -0.981495 -0.145828
-60.3662 58.1308 -19.4836 -0.128389 -0.980296 -0.150099
-61.2645 58.3788 -20.3132 -0.136832 -0.978872 -0.15182
-62.5172 58.6434 -20.8546 -0.12464 -0.980056 -0.153936
-63.4718 58.7993 -21.1715 -0.104679 -0.982108 -0.156545
-64.9702 58.9848 -21.1128 -0.134213 -0.976796 -0.166902
-65.8231 59.0333 -20.7779 -0.12713 -0.976566 -0.17354
-66.9044 59.0727 -20.2943 -0.112145 -0.977693 -0.177593
-67.6192 59.0548 -19.7419 -0.11464 -0.976029 -0.185001
-68.3857 58.935 -18.6774 -0.0971095 -0.977452 -0.187501
-68.7875 58.816 -17.8494 -0.0979006 -0.977187 -0.188473
-69.1052 58.6275 -16.7309 -0.0908315 -0.97711 -0.192367
-69.1757 58.449 -15.7908 -0.0898552 -0.977074 -0.193007
-69.1152 58.2393 -14.7295 -0.0830296 -0.978722 -0.18764
-68.8988 57.9959 -13.578 -0.0851381 -0.977681 -0.19207
-68.3593 57.7434 -12.4072 -0.0666838 -0.982798 -0.172224
-67.3587 57.4905 -11.4201 -0.0618085 -0.979147 -0.193406
-66.4125 57.348 -11.0268 -0.0679806 -0.979221 -0.191065
-65.3532 57.2424 -10.8589 -0.0575881 -0.983424 -0.17192
-64.0651 57.146 -10.747 -0.0581879 -0.98309 -0.17363
-62.7178 57.118 -11.0881 -0.0669424 -0.982744 -0.172431
-61.662 57.1262 -11.6467 -0.0936827 -0.98395 -0.151875
-60.9448 57.1553 -12.2727 -0.0965406 -0.982449 -0.159601
-60.1857 57.2081 -12.9999 -0.0791697 -0.986056 -0.146102
-59.7972 57.2762 -13.6931 -0.0889006 -0.984362 -0.152079
-59.6153 57.3165 -14.0608 -0.0888978 -0.984362 -0.152078
