-1.60402 3.63324 33.5116 -0.210982 -0.977483 -0.000988492
-0.936292 3.49152 33.5843 -0.207636 -0.978206 0.000669795
-0.165353 3.32735 34.1276 -0.209712 -0.977763 -0.000624861
1.15549 3.04638 34.0741 -0.202749 -0.979223 -0.00137451
2.4753 2.77948 33.9945 -0.196728 -0.980457 -0.00148595
3.31433 2.61217 33.8841 -0.186077 -0.982469 -0.0114008
2.88551 2.69868 33.1286 -0.189076 -0.981916 -0.00188043
1.65599 2.94665 33.0738 -0.196983 -0.980399 -0.00398521
0.764446 3.13238 33.0565 -0.205276 -0.978695 -0.00417135
-0.0996678 3.31377 33.335 -0.208674 -0.977985 2.2259e-05
-0.90841 3.48544 33.2922 -0.207739 -0.978184 0.000302694
-1.1825 3.54338 32.404 -0.210982 -0.977483 -0.000988489
-2.39109 3.80786 32.652 -0.217475 -0.976057 0.000354701
-3.44297 4.05052 32.9307 -0.224974 -0.974365 0.000154967
-4.68363 4.33785 33.4232 -0.225667 -0.974204 0.00050189
-4.19641 4.2251 33.6399 -0.225627 -0.974214 0.000507797
-3.42369 4.04556 34.2093 -0.223028 -0.974803 -0.00126345
-2.28241 3.78845 34.5921 -0.217304 -0.976083 0.00457655
-1.28652 3.56791 34.8193 -0.216478 -0.97624 -0.00962242
-0.348888 3.36373 35.009 -0.208659 -0.97797 -0.00599484
0.531698 3.17495 35.0801 -0.20613 -0.978522 -0.00203288
1.70162 2.93418 35.0031 -0.198426 -0.980107 -0.0040874
2.97321 2.67713 34.9056 -0.198569 -0.980059 -0.00743692
4.035 2.47142 34.7136 -0.17865 -0.983906 -0.00335595
4.68068 2.35756 34.1118 -0.178131 -0.983981 -0.0066779
4.47054 2.40895 32.5923 -0.184184 -0.982876 -0.000876764
3.59711 2.57009 32.2421 -0.179892 -0.983685 -0.00170892
2.25532 2.82826 32.1211 -0.19635 -0.980525 0.00139629
1.00896 3.08144 32.1191 -0.203528 -0.979067 0.00201191
0.118828 3.26625 32.2024 -0.205714 -0.978608 0.00126364
-0.9039 3.4842 32.3598 -0.20801 -0.978126 0.000645046
-1.06104 3.51064 31.4124 -0.208821 -0.977903 0.00853834
-0.0665619 3.30197 31.2401 -0.204224 -0.97888 0.00931784
0.96763 3.0876 31.1533 -0.202397 -0.979269 0.00681776
1.85051 2.90368 31.1425 -0.199176 -0.979944 0.00366383
2.9781 2.67915 31.2115 -0.188819 -0.981947 0.0080733
4.29051 2.43693 31.3784 -0.184245 -0.982868 0.00484275
5.1668 2.27311 31.5841 -0.18506 -0.982716 0.00465692
5.67086 2.18142 32.3182 -0.179002 -0.983823 0.00253209
5.72506 2.17233 33.3494 -0.172782 -0.98496 0.000158078
5.75954 2.16213 34.2795 -0.175792 -0.984394 -0.0081115
5.54181 2.19669 35.1943 -0.178631 -0.983901 -0.00536243
4.57996 2.3695 35.5892 -0.180067 -0.983647 -0.00386469
3.43962 2.57748 35.8283 -0.179984 -0.983664 -0.00316721
2.47806 2.76982 35.9177 -0.198616 -0.98005 -0.00738535
1.39877 2.99059 35.9992 -0.20023 -0.979707 -0.00887484
0.107304 3.26045 36.004 -0.204824 -0.978783 -0.0056607
-0.79308 3.45319 35.874 -0.208469 -0.978009 -0.00626395
-1.81984 3.67852 35.6823 -0.217487 -0.976029 -0.00819545
-2.78252 3.89635 35.4225 -0.223171 -0.97473 -0.00985075
-3.92435 4.15901 35.0506 -0.223028 -0.974803 -0.00126351
-4.74857 4.35126 34.7097 -0.225619 -0.97421 -0.00343695
-5.96325 4.64317 34.2441 -0.23938 -0.970921 -0.00311147
-6.76261 4.84126 33.8785 -0.238857 -0.97105 -0.00290498
-7.3104 4.97363 33.3219 -0.235086 -0.971935 0.00873817
-6.2162 4.70498 32.8659 -0.235435 -0.971853 0.0084574
-5.03916 4.41682 32.468 -0.2289 -0.973409 0.00714564
-3.73064 4.11136 32.0115 -0.224957 -0.974321 0.00965419
-2.84585 3.90616 31.7748 -0.218927 -0.975732 0.00428833
-1.66553 3.64378 31.5144 -0.212683 -0.977093 0.00731891
-1.16117 3.53269 31.4287 -0.213762 -0.976851 0.00825269
-1.54066 3.60713 30.523 -0.212219 -0.977158 0.011179
-0.319349 3.34548 30.31 -0.204021 -0.978898 0.0114574
0.616587 3.14903 30.2258 -0.202725 -0.979178 0.0104819
1.78622 2.91062 30.1984 -0.198592 -0.980052 0.00771508
2.84798 2.69817 30.2316 -0.196387 -0.9805 0.00721841
3.94766 2.49174 30.3549 -0.183176 -0.983007 0.0119563
4.85758 2.32834 30.496 -0.176092 -0.984307 0.0114285
5.91753 2.13789 30.7439 -0.170392 -0.985375 0.00165792
6.63111 2.01262 31.6738 -0.172559 -0.984999 -0.000168493
6.64541 2.0107 32.8559 -0.172892 -0.984941 0.000433814
6.68379 2.00059 33.8537 -0.173288 -0.984843 -0.00690018
6.78989 1.97398 35.3154 -0.171586 -0.985158 -0.00441527
5.79922 2.14407 36.2734 -0.175553 -0.984455 -0.00441326
4.92921 2.3021 36.5017 -0.179907 -0.983676 -0.00379719
3.63205 2.5377 36.7638 -0.178985 -0.983838 -0.00521267
2.71687 2.713 36.8634 -0.200614 -0.97962 -0.00993829
1.64252 2.93105 36.9427 -0.199704 -0.979786 -0.011644
0.481588 3.17099 36.9649 -0.208091 -0.978007 -0.0141562
-0.556215 3.3941 36.8851 -0.210552 -0.977465 -0.0151469
-1.47497 3.59254 36.7533 -0.212898 -0.977034 -0.00741409
-2.47365 3.81706 36.5163 -0.217389 -0.976048 -0.00847459
-3.38975 4.02787 36.2149 -0.223537 -0.974654 -0.00898263
-4.47574 4.2835 35.8564 -0.230954 -0.972927 -0.00857072
-5.49851 4.52556 35.4823 -0.23331 -0.972383 -0.0015527
-6.78769 4.8442 34.9422 -0.239213 -0.970963 -0.00269199
-7.90294 5.12419 34.4655 -0.244994 -0.969522 0.00223868
-8.84519 5.36032 33.9694 -0.244212 -0.969718 0.00280018
-9.58032 5.54454 33.5082 -0.252302 -0.967642 0.00174033
-9.11768 5.42503 32.8572 -0.249653 -0.968335 0.000339307
-8.0376 5.14927 32.46 -0.244328 -0.969672 0.00625753
-6.97977 4.88297 32.0632 -0.235609 -0.971824 0.00674244
-6.10094 4.66668 31.7856 -0.236389 -0.971565 0.0132581
-5.19092 4.4436 31.5051 -0.23091 -0.972891 0.0122322
-3.99938 4.16311 31.0886 -0.224091 -0.9745 0.011553
-3.13001 3.96107 30.853 -0.216956 -0.97608 0.0140407
-2.055 3.71992 30.6175 -0.213449 -0.976888 0.0112968
-1.7505 3.65315 30.5621 -0.212219 -0.977158 0.0111789
-1.85697 3.66554 29.624 -0.211711 -0.977274 0.0106951
-3.18487 3.95957 29.8722 -0.213198 -0.976904 0.0139741
-4.17492 4.19022 30.1362 -0.223996 -0.974454 0.0163135
-5.13496 4.41879 30.4598 -0.227838 -0.97356 0.01645
-6.51807 4.75809 30.9167 -0.238787 -0.970992 0.0124869
-7.36961 4.97056 31.168 -0.242936 -0.969925 0.0142142
-8.74545 5.32359 31.6811 -0.246069 -0.969236 0.00554733
-9.76399 5.58831 32.0412 -0.251174 -0.967924 0.00548658
-10.9087 5.89073 32.4723 -0.254295 -0.967115 0.0047471
-12.0386 6.19143 32.8918 -0.254033 -0.967146 0.00842555
-12.022 6.19005 33.3957 -0.258274 -0.966054 0.005877
-11.2339 5.98203 33.833 -0.258213 -0.966076 0.00467784
-10.2727 5.73015 34.3438 -0.254872 -0.966968 0.00365076
-9.27596 5.47345 34.83 -0.249356 -0.968396 0.00564708
-8.09833 5.17324 35.437 -0.245824 -0.969299 -0.0055533
-6.95062 4.87925 35.9754 -0.245645 -0.969345 -0.00538776
-6.11189 4.67178 36.3158 -0.237393 -0.971375 -0.00828286
-5.26078 4.46252 36.6249 -0.230373 -0.973053 -0.00978395
-4.29898 4.23181 36.9226 -0.231822 -0.972664 -0.0130566
-3.14974 3.96067 37.3362 -0.225212 -0.974205 -0.0140267
-1.85267 3.66538 37.6606 -0.218521 -0.975737 -0.0136595
-0.908522 3.45629 37.8221 -0.21245 -0.977087 -0.0129011
0.249333 3.20578 37.9285 -0.207823 -0.978052 -0.0149432
1.267 2.99446 37.9161 -0.199802 -0.979737 -0.0139483
2.47339 2.75025 37.8533 -0.198871 -0.979949 -0.0122271
3.52047 2.54532 37.7502 -0.185336 -0.982589 -0.0130433
4.59189 2.3477 37.5621 -0.183548 -0.982896 -0.0150234
5.58608 2.16921 37.3384 -0.172426 -0.984948 -0.0121243
6.91429 1.93963 36.9831 -0.172791 -0.984909 -0.00966173
7.70916 1.8057 36.5283 -0.171094 -0.985215 -0.0088995
7.76676 1.80697 35.4191 -0.162205 -0.986748 -0.00425186
7.6329 1.83308 34.4657 -0.161745 -0.986821 -0.00475449
7.58744 1.84841 33.3068 -0.168913 -0.985607 -0.00683756
7.59676 1.84756 32.3501 -0.166566 -0.98603 0.000763528
7.66424 1.83636 31.3214 -0.16678 -0.985991 -0.00174482
7.41039 1.87753 30.2531 -0.170569 -0.985327 0.00599619
6.57185 2.02044 29.8605 -0.17135 -0.985194 0.00561451
5.48874 2.20546 29.6362 -0.171774 -0.985059 0.0115232
4.26084 2.42282 29.4389 -0.176394 -0.984261 0.0107495
3.32989 2.59925 29.3204 -0.187314 -0.982291 0.00414581
2.30587 2.79957 29.2512 -0.194629 -0.980823 0.00973269
1.34189 2.98994 29.2474 -0.196017 -0.980492 0.0145783
0.152617 3.23371 29.2832 -0.203352 -0.979021 0.0128947
-1.15029 3.5111 29.4576 -0.211202 -0.977389 0.0102112
-1.46077 3.57886 29.5215 -0.211202 -0.977389 0.0102112
-1.72558 3.62145 28.5776 -0.206943 -0.97815 0.0199191
-2.788 3.85489 28.7937 -0.215137 -0.976335 0.022056
-3.78116 4.07962 29.0207 -0.224706 -0.974256 0.0182174
-4.91085 4.34776 29.3788 -0.227327 -0.973621 0.0194886
-6.08581 4.63345 29.7808 -0.238999 -0.970864 0.0173696
-7.05697 4.87781 30.0763 -0.238508 -0.97101 0.0158579
-8.13394 5.15558 30.442 -0.247857 -0.968694 0.0140816
-8.99577 5.38038 30.7503 -0.249716 -0.968199 0.0149782
-9.83217 5.6011 31.0437 -0.25092 -0.967941 0.0113761
-11.0996 5.93289 31.4985 -0.247488 -0.9688 0.013252
-12.5234 6.30349 31.9821 -0.247801 -0.968721 0.0132323
-13.3714 6.52466 32.2572 -0.242914 -0.969934 0.0148427
-14.2218 6.74105 32.4806 -0.241696 -0.970264 0.0128945
-15.0874 6.96005 33.01 -0.232721 -0.972447 0.013678
-14.2683 6.764 33.4885 -0.240288 -0.970633 0.0115128
-13.0778 6.47143 34.0451 -0.248609 -0.968558 0.00949063
-12.1832 6.23798 34.4687 -0.25683 -0.966451 0.00279337
-11.1844 5.97283 35.0226 -0.258577 -0.965985 0.00325117
-10.2993 5.73957 35.4075 -0.255419 -0.966831 -4.99668e-05
-9.51181 5.53631 35.791 -0.249117 -0.968472 0.00154471
-8.56288 5.29075 36.2684 -0.254702 -0.96702 -0.000286689
-7.60159 5.03721 36.7449 -0.243413 -0.96981 -0.0147877
-6.74415 4.81832 37.1213 -0.238471 -0.971091 -0.0106273
-5.76696 4.57391 37.5267 -0.238509 -0.971083 -0.010581
-4.68058 4.3071 37.8913 -0.23327 -0.972275 -0.0163295
-3.5838 4.04662 38.2568 -0.226781 -0.973814 -0.0160068
-2.48606 3.79309 38.548 -0.217751 -0.975851 -0.0173061
-1.18071 3.50243 38.7596 -0.211371 -0.977286 -0.0153295
0.0192437 3.24156 38.8637 -0.20909 -0.977809 -0.0130832
1.05933 3.02262 38.8983 -0.199199 -0.979826 -0.0160129
2.35598 2.75993 38.8474 -0.197467 -0.980205 -0.0143318
3.49753 2.53597 38.7407 -0.186165 -0.982416 -0.0142151
4.81172 2.29201 38.4999 -0.183559 -0.982886 -0.0155473
5.81552 2.11475 38.2771 -0.173714 -0.984646 -0.0172108
6.97933 1.91561 38.0001 -0.17026 -0.985258 -0.0166977
7.86607 1.76473 37.7571 -0.163802 -0.986393 -0.0108169
8.8599 1.61771 36.9214 -0.153439 -0.988093 -0.0113924
8.74363 1.64713 35.7098 -0.152823 -0.988235 -0.00607349
8.63006 1.66905 34.6664 -0.161285 -0.986894 -0.00525713
8.53028 1.68915 33.4962 -0.160403 -0.98705 -0.00170733
8.57178 1.68655 32.0237 -0.154607 -0.987971 -0.0032701
8.71658 1.66639 30.7005 -0.154722 -0.987954 0.0018736
8.62029 1.67803 29.561 -0.153283 -0.988181 0.00186277
7.34257 1.88165 29.0506 -0.17131 -0.985193 0.00692579
6.27223 2.06274 28.8018 -0.167131 -0.985879 0.010507
5.0063 2.2801 28.5749 -0.176614 -0.984231 0.00985948
4.01634 2.45628 28.4225 -0.183413 -0.982948 0.0112102
2.84238 2.681 28.3274 -0.188548 -0.981956 0.0145597
1.85509 2.87481 28.2898 -0.193897 -0.980902 0.0153195
0.921128 3.06036 28.2995 -0.202801 -0.979073 0.0168453
-0.110136 3.27551 28.3283 -0.203218 -0.979045 0.0131958
-1.39641 3.55039 28.5078 -0.208953 -0.97776 0.0177456
-1.55687 3.58504 28.5422 -0.206943 -0.97815 0.0199193
-1.83298 3.62332 27.5765 -0.207977 -0.977855 0.0233616
-2.94487 3.86706 27.8021 -0.217495 -0.975853 0.0199119
-4.16736 4.14931 28.1091 -0.221608 -0.974963 0.0183767
-5.2615 4.40937 28.4644 -0.22988 -0.973004 0.0202434
-6.38404 4.69111 28.8599 -0.242528 -0.969904 0.0216022
-7.32251 4.92901 29.1478 -0.243385 -0.969818 0.0143829
-8.48558 5.23087 29.5499 -0.246802 -0.96895 0.0149821
-9.41015 5.47562 29.8793 -0.252388 -0.967521 0.0142771
-10.3354 5.72075 30.19 -0.248827 -0.968341 0.0191138
-11.2742 5.96441 30.5266 -0.246636 -0.969013 0.013617
-12.21 6.20793 30.8714 -0.247585 -0.968769 0.0136934
-13.2205 6.47083 31.1946 -0.242961 -0.96992 0.0142194
-14.5223 6.79983 31.5883 -0.240717 -0.970392 0.0198534
-15.3671 7.0092 31.8449 -0.231995 -0.972585 0.0160448
-16.7348 7.32963 32.2999 -0.207369 -0.978125 0.0159728
-17.6404 7.52142 32.5729 -0.196676 -0.98035 0.015233
-17.2482 7.44989 33.254 -0.205175 -0.978641 0.0128624
-16.2246 7.24067 33.6733 -0.218603 -0.975635 0.0127605
-15.0988 6.97437 34.1784 -0.235805 -0.971792 0.00411324
-13.9342 6.69372 34.7317 -0.239199 -0.970952 -0.000961534
-12.8662 6.42014 35.2309 -0.254289 -0.967125 0.00241212
-12.0983 6.21707 35.6636 -0.256113 -0.966647 -0.000830919
-10.9374 5.90855 36.2539 -0.255981 -0.966682 0.000501351
-9.93083 5.64511 36.6898 -0.249026 -0.968497 0.000540858
-8.92441 5.38044 37.1837 -0.257419 -0.966278 -0.00644659
-8.12764 5.16613 37.5624 -0.256401 -0.966516 -0.0100478
-7.1753 4.91164 37.9844 -0.244934 -0.969418 -0.0128866
-5.94151 4.60165 38.485 -0.235361 -0.971796 -0.0147509
-4.9006 4.34312 38.8595 -0.230188 -0.972924 -0.0201309
-3.61821 4.0375 39.2698 -0.226882 -0.973779 -0.0166796
-2.21825 3.71507 39.609 -0.221728 -0.97488 -0.0202339
-0.823157 3.40476 39.7905 -0.213106 -0.97675 -0.0233417
0.281892 3.16568 39.8151 -0.210129 -0.977435 -0.0216013
1.68013 2.87719 39.8499 -0.19959 -0.97961 -0.0229971
2.96086 2.62369 39.7703 -0.196515 -0.980316 -0.018665
3.97057 2.43204 39.6394 -0.188737 -0.98178 -0.0220472
4.88542 2.26317 39.4807 -0.178342 -0.983755 -0.0205015
5.75525 2.10965 39.2964 -0.178058 -0.983799 -0.0208764
6.89278 1.91477 39.0103 -0.1674 -0.985766 -0.0152994
7.76171 1.76969 38.7977 -0.167576 -0.985783 -0.0122388
8.74055 1.61535 38.5073 -0.153424 -0.988028 -0.0152968
9.82152 1.45843 38.0316 -0.148124 -0.988885 -0.0128631
9.93211 1.45108 37.0987 -0.149956 -0.988633 -0.0106995
9.69372 1.49979 35.786 -0.152712 -0.988253 -0.00593495
9.57069 1.52228 34.6548 -0.148839 -0.988846 -0.00281147
9.48746 1.54116 33.5472 -0.146088 -0.98924 -0.00763845
9.4993 1.54496 32.5081 -0.147893 -0.989001 0.0020114
9.59663 1.52917 31.4814 -0.137206 -0.990542 -0.00110316
9.71924 1.51285 30.4708 -0.137972 -0.990435 0.000668108
9.8568 1.49315 29.4982 -0.140502 -0.99008 -0.000692516
9.09045 1.60005 28.5037 -0.148119 -0.988951 0.00582106
8.13679 1.74119 28.2544 -0.150959 -0.988522 0.00457553
7.23637 1.88974 28.0254 -0.169116 -0.985538 0.010695
6.36241 2.03712 27.8321 -0.168034 -0.985733 0.00968054
5.40209 2.20008 27.6492 -0.172724 -0.984919 0.00922989
4.02428 2.44196 27.4435 -0.173356 -0.984754 0.0143681
3.11934 2.61301 27.3742 -0.18861 -0.981923 0.0158961
2.14491 2.80041 27.3277 -0.190805 -0.981494 0.0162073
1.0066 3.02661 27.301 -0.201324 -0.979396 0.0158675
-0.260806 3.28985 27.3555 -0.202978 -0.978995 0.0191078
-1.37143 3.52349 27.507 -0.207977 -0.977855 0.0233616
-1.43505 3.51499 26.5469 -0.20543 -0.978477 0.0195212
-2.4993 3.74444 26.7122 -0.20802 -0.977847 0.0232854
-3.7873 4.04257 27.0129 -0.220811 -0.975099 0.0204243
-4.78301 4.27134 27.2879 -0.216589 -0.975973 0.0237888
-5.89633 4.54562 27.6729 -0.232799 -0.972229 0.023511
-6.78781 4.77084 27.9495 -0.239509 -0.970572 0.024989
-7.75963 5.02149 28.269 -0.246341 -0.968819 0.0265662
-8.70401 5.26903 28.6089 -0.245212 -0.969298 0.0182208
-9.95315 5.59451 29.0618 -0.245642 -0.969179 0.0187438
-10.8873 5.84279 29.3619 -0.250362 -0.967779 0.0268898
-11.716 6.06457 29.6481 -0.243552 -0.969625 0.0209377
-12.547 6.27867 29.956 -0.239565 -0.970468 0.0282984
-13.4998 6.51988 30.2672 -0.232094 -0.97223 0.0300128
-14.4498 6.75575 30.5489 -0.232161 -0.972201 0.0304348
-15.6149 7.04515 30.8948 -0.232484 -0.972101 0.0311681
-16.5133 7.25905 31.1927 -0.207786 -0.977891 0.0235228
-17.6961 7.51478 31.5564 -0.197728 -0.979973 0.0231783
-18.7224 7.72422 31.8073 -0.195278 -0.98055 0.0197187
-19.611 7.89686 32.0033 -0.179747 -0.983436 0.0224859
-20.4874 8.05834 32.2963 -0.161119 -0.986465 0.0258218
-20.887 8.13565 32.8769 -0.137555 -0.990364 0.0154611
-19.7707 7.94516 33.2526 -0.176417 -0.984228 0.0131517
-18.7621 7.75857 33.6916 -0.192949 -0.981156 0.0102042
-17.9329 7.59905 34.0089 -0.197222 -0.980309 0.00858781
-16.735 7.35555 34.5702 -0.20685 -0.978348 0.00158898
-15.8963 7.16678 34.8953 -0.227003 -0.973882 -0.00489285
-15.0976 6.97869 35.2773 -0.231232 -0.972879 -0.00040727
-14.2812 6.77457 35.658 -0.242249 -0.970195 -0.00607149
-13.4693 6.56959 36.0569 -0.241146 -0.970483 -0.00327793
-12.5714 6.34098 36.5114 -0.255016 -0.966935 -0.00188733
-11.4423 6.04199 37.0911 -0.248553 -0.968576 -0.00899422
-10.4795 5.78926 37.4971 -0.253917 -0.967224 0.0018704
-9.55045 5.53757 37.9846 -0.258053 -0.965963 -0.0180016
-8.66942 5.29777 38.3955 -0.252669 -0.967459 -0.0134955
-7.62439 5.01541 38.8457 -0.249861 -0.967882 -0.0278324
-6.46715 4.71202 39.3345 -0.236593 -0.971405 -0.019901
-5.2983 4.41895 39.7482 -0.237594 -0.97111 -0.0221096
-4.30298 4.1805 40.0722 -0.224026 -0.974187 -0.0277744
-3.23433 3.92688 40.3893 -0.2228 -0.974506 -0.0264313
-1.95424 3.63269 40.6398 -0.214522 -0.976474 -0.0218721
-1.06085 3.43368 40.7529 -0.215016 -0.976316 -0.0239807
0.0433829 3.19544 40.8142 -0.209724 -0.977536 -0.0209438
1.00148 2.99461 40.8439 -0.201658 -0.979251 -0.0200296
2.26474 2.73942 40.7977 -0.193237 -0.980846 -0.0245138
3.43676 2.51179 40.6919 -0.189604 -0.98164 -0.0207957
4.36235 2.33617 40.5549 -0.183682 -0.982746 -0.0210866
5.90341 2.06203 40.2766 -0.178342 -0.983755 -0.0205016
7.0088 1.87689 40.0042 -0.167798 -0.985662 -0.0177349
8.00735 1.7122 39.7343 -0.161107 -0.98679 -0.0156467
8.9036 1.57669 39.4667 -0.149546 -0.988594 -0.0178173
9.94989 1.42439 39.1354 -0.145423 -0.98924 -0.0152689
11.0052 1.27822 38.7101 -0.14013 -0.990075 -0.0105983
11.1572 1.26767 37.7822 -0.138659 -0.990282 -0.010698
10.7509 1.33848 36.3518 -0.139277 -0.990202 -0.0100912
10.5841 1.37226 35.2562 -0.142477 -0.989794 -0.00284571
10.4837 1.39275 33.9911 -0.142331 -0.989788 -0.00749226
10.4382 1.40902 32.8431 -0.1401 -0.990118 -0.0055115
10.5891 1.39207 31.1312 -0.138709 -0.99033 -0.00205624
10.8086 1.35845 29.6249 -0.137169 -0.990546 0.00119663
10.9859 1.32802 28.6841 -0.13632 -0.99064 0.00697565
10.4273 1.39751 27.8357 -0.13526 -0.990767 0.00923774
9.51839 1.52984 27.5966 -0.147692 -0.989013 0.00633065
8.41412 1.69541 27.3328 -0.154866 -0.987921 0.00528226
7.42975 1.84757 27.0889 -0.158472 -0.987282 0.0112112
6.5683 1.99036 26.8602 -0.167214 -0.985841 0.012536
5.26807 2.21009 26.6288 -0.170933 -0.985152 0.0157593
4.13513 2.4076 26.4656 -0.174327 -0.984562 0.0157431
3.19726 2.58187 26.3862 -0.188429 -0.981955 0.0160871
2.19053 2.7755 26.3564 -0.189409 -0.981732 0.0179343
1.25242 2.95584 26.3297 -0.201045 -0.979311 0.0230249
-0.0539222 3.22527 26.371 -0.201748 -0.979173 0.0227447
-1.15983 3.45656 26.5054 -0.203401 -0.978864 0.0211858
-1.36803 3.48084 25.5405 -0.20543 -0.978477 0.0195215
-2.67825 3.75929 25.7423 -0.209999 -0.977389 0.0238332
-3.95149 4.05067 26.0189 -0.218075 -0.975494 0.029236
-4.80221 4.24886 26.2901 -0.21986 -0.975156 0.0268793
-5.78971 4.49035 26.5971 -0.235757 -0.971468 0.0258557
-7.00217 4.79791 26.9757 -0.240007 -0.970401 0.0268019
-8.23727 5.12053 27.3899 -0.250137 -0.967937 0.0229969
-9.43975 5.43956 27.8327 -0.247018 -0.968749 0.0225449
-10.355 5.67809 28.1729 -0.243467 -0.969718 0.019276
-11.2273 5.90565 28.4587 -0.245732 -0.968897 0.0287793
-12.131 6.1404 28.7793 -0.241103 -0.970015 0.0306679
-12.9562 6.35451 29.0924 -0.235703 -0.971386 0.0289377
-14.1533 6.65046 29.4383 -0.231943 -0.972286 0.0293792
-15.1545 6.898 29.7242 -0.231701 -0.972273 0.0316119
-16.3562 7.18889 30.1016 -0.217812 -0.975453 0.0323841
-17.1927 7.38059 30.3885 -0.202592 -0.978851 0.0281921
-18.2905 7.6134 30.6998 -0.191033 -0.981169 0.0268382
-19.5898 7.8643 31.0053 -0.183339 -0.982574 0.0305929
-20.4685 8.02462 31.2095 -0.157433 -0.987061 0.0281313
-21.3974 8.17058 31.4299 -0.150875 -0.988376 0.0186924
-22.3004 8.29834 31.6316 -0.125217 -0.991773 0.026486
-23.1896 8.41383 31.8073 -0.123922 -0.991981 0.0248427
-24.107 8.49752 31.9408 -0.0726282 -0.996837 0.0298021
-24.2905 8.52488 32.7011 -0.065525 -0.997689 0.0177874
-23.3768 8.4549 32.9881 -0.107286 -0.994228 -0.00082788
-22.4515 8.35479 33.3002 -0.106469 -0.994309 0.00211988
-21.5792 8.24075 33.5972 -0.138687 -0.990273 0.0112163
-20.3898 8.06307 34.0816 -0.173322 -0.984824 0.00905584
-19.5386 7.91526 34.4319 -0.186034 -0.982529 0.00525108
-18.3546 7.69176 34.9072 -0.197222 -0.980309 0.00858765
-17.2892 7.47225 35.4028 -0.20709 -0.978309 -0.00201172
-16.3344 7.26445 35.7792 -0.218979 -0.975685 -0.00431634
-15.3189 7.02353 36.2513 -0.227966 -0.973641 -0.00741024
-14.1254 6.72897 36.8327 -0.237919 -0.971271 -0.00445597
-12.9289 6.42465 37.4216 -0.245254 -0.969335 -0.0154757
-11.929 6.15883 37.9598 -0.252465 -0.967553 -0.00933824
-11.0331 5.92092 38.3364 -0.253704 -0.967183 -0.0138469
-10.1217 5.67386 38.8095 -0.256435 -0.966383 -0.0185502
-9.09414 5.38809 39.3066 -0.255846 -0.966344 -0.0268746
-7.99988 5.08776 39.7624 -0.252845 -0.967161 -0.0258764
-6.89152 4.79547 40.2495 -0.235382 -0.971593 -0.0245377
-5.94881 4.55601 40.6628 -0.237707 -0.971021 -0.0247576
-4.88752 4.29388 40.9584 -0.229789 -0.972982 -0.0224272
-3.98452 4.07581 41.1815 -0.223814 -0.974246 -0.0273711
-3.00262 3.84341 41.4601 -0.218568 -0.975454 -0.0263651
-1.7812 3.5695 41.6805 -0.214704 -0.976386 -0.0239258
-0.789372 3.34832 41.785 -0.215252 -0.976261 -0.0241237
0.0943859 3.15958 41.8249 -0.204948 -0.978391 -0.0273214
1.02493 2.9663 41.8254 -0.203514 -0.978732 -0.0257299
2.13525 2.74008 41.7923 -0.191704 -0.981184 -0.0228386
3.09678 2.55581 41.6958 -0.190661 -0.981428 -0.0211595
4.26012 2.33348 41.5489 -0.183782 -0.982709 -0.0216524
5.14742 2.17632 41.4041 -0.178166 -0.983785 -0.0205906
6.43127 1.95288 41.1518 -0.172547 -0.984847 -0.0174055
7.35023 1.79965 40.919 -0.162503 -0.986519 -0.0180816
8.33346 1.64779 40.6441 -0.154994 -0.987784 -0.0161407
9.20877 1.51467 40.3855 -0.151291 -0.988377 -0.0142643
10.4498 1.34193 39.9996 -0.141415 -0.989869 -0.0126683
11.4542 1.20553 39.6754 -0.137052 -0.990512 -0.0101704
12.5259 1.07453 38.8926 -0.127676 -0.991731 -0.0129705
12.111 1.14173 37.5387 -0.12991 -0.991485 -0.00899636
11.8355 1.18595 36.6586 -0.129954 -0.991478 -0.00914434
11.5082 1.24302 35.063 -0.135121 -0.990798 -0.00784778
11.4087 1.2667 33.583 -0.134493 -0.990898 -0.00565276
11.4063 1.27279 32.5738 -0.139708 -0.990189 -0.00273014
11.5036 1.26262 31.3819 -0.139372 -0.990236 -0.00292031
11.6242 1.24651 30.4557 -0.137169 -0.990546 0.00119672
11.8698 1.21231 29.3138 -0.135631 -0.990745 0.00395681
12.2355 1.15495 27.9017 -0.131683 -0.991281 0.00456992
11.555 1.23844 27.0974 -0.132334 -0.991172 0.00793593
10.4863 1.37914 26.8393 -0.138513 -0.990273 0.0113001
9.60281 1.50656 26.6299 -0.14569 -0.989269 0.0109733
8.57113 1.66207 26.3673 -0.152679 -0.988196 0.0125258
7.63943 1.80307 26.134 -0.158472 -0.987282 0.0112111
6.4627 1.99191 25.8324 -0.164531 -0.986109 0.0221424
5.29761 2.18828 25.6404 -0.170528 -0.985113 0.0217241
4.39217 2.34731 25.5161 -0.174656 -0.984512 0.0152366
3.36966 2.53191 25.4275 -0.186731 -0.982196 0.0201956
2.39961 2.71329 25.3651 -0.189284 -0.981647 0.0232588
1.34776 2.91639 25.3772 -0.188572 -0.98176 0.0242032
0.347617 3.11944 25.3744 -0.201446 -0.979225 0.0231959
-0.774909 3.35492 25.4509 -0.206231 -0.978207 0.0236839
-0.786523 3.35738 25.4523 -0.204799 -0.978608 0.019568
-0.886662 3.34976 24.4687 -0.205605 -0.978159 0.0305092
-2.21465 3.63541 24.6621 -0.20647 -0.977968 0.030796
-3.3878 3.89525 24.882 -0.217513 -0.975786 0.0229988
-4.57995 4.17032 25.1781 -0.221405 -0.97489 0.0238439
-5.64063 4.42561 25.5045 -0.23552 -0.97154 0.0253013
-6.54677 4.65159 25.7886 -0.237345 -0.970934 0.0303007
-7.7619 4.96674 26.2011 -0.246514 -0.968799 0.0252393
-8.68031 5.21333 26.5151 -0.246095 -0.968697 0.0316553
-9.82371 5.51181 26.9249 -0.240542 -0.970123 0.031643
-10.9369 5.79949 27.3317 -0.238034 -0.970807 0.0295389
-12.0428 6.08288 27.7053 -0.24051 -0.970096 0.0326929
-12.9806 6.32708 28.0518 -0.236919 -0.970986 0.0322859
-13.841 6.54198 28.3068 -0.232666 -0.972076 0.0305463
-14.711 6.75673 28.5714 -0.229806 -0.972789 0.0295202
-16.1393 7.10156 29.0007 -0.219837 -0.974891 0.0354882
-16.9939 7.30426 29.2875 -0.211271 -0.976893 0.0316199
-18.0844 7.54363 29.6415 -0.202592 -0.978851 0.028192
-19.6043 7.83434 30.0072 -0.169511 -0.984606 0.0420431
-20.703 8.02691 30.2668 -0.162725 -0.985747 0.0427028
-22.1293 8.24591 30.594 -0.124926 -0.991585 0.0339383
-23.2176 8.38122 30.8324 -0.0822115 -0.995648 0.043782
-24.4179 8.48683 31.0582 -0.0806366 -0.995886 0.0413345
-25.3017 8.55311 31.2142 -0.0589288 -0.99781 0.0300406
-26.1982 8.58635 31.2925 -0.0210011 -0.999111 0.0365666
-27.3487 8.614 31.4669 -0.00798451 -0.999341 0.0345126
-28.1808 8.61398 31.406 0.0204994 -0.999048 0.0311175
-27.9519 8.63627 32.1851 0.0023909 -0.999194 0.0386744
-26.9203 8.6473 32.7082 -0.0225763 -0.999283 0.0304081
-25.8151 8.6227 33.1448 -0.047183 -0.998181 0.037519
-24.6758 8.56675 33.5906 -0.0716099 -0.997185 0.0222309
-23.6396 8.48441 33.9677 -0.107118 -0.994216 0.00733233
-22.4575 8.36068 34.3326 -0.119062 -0.992788 0.00328168
-21.3351 8.21422 34.7609 -0.130356 -0.99143 0.00862135
-20.4714 8.08096 35.1252 -0.165537 -0.986203 -0.000905975
-19.5416 7.91848 35.5188 -0.185655 -0.982614 -0.00136751
-18.3912 7.69707 36.0108 -0.193737 -0.981033 -0.00447848
-17.5608 7.52781 36.3276 -0.20516 -0.978631 -0.0102018
-16.5663 7.30715 36.7497 -0.213066 -0.976998 -0.00877851
-15.7375 7.11273 37.1402 -0.224763 -0.97433 -0.0126664
-14.7484 6.87325 37.6293 -0.2313 -0.97279 -0.0134285
-13.8263 6.64066 38.0717 -0.242458 -0.969994 -0.0180455
-12.9016 6.40006 38.5223 -0.24559 -0.96924 -0.0161277
-11.8609 6.12622 39.0313 -0.250692 -0.967898 -0.018028
-10.7171 5.81341 39.6095 -0.256729 -0.966201 -0.0233764
-9.57254 5.4937 40.1777 -0.259504 -0.965431 -0.0245198
-8.56715 5.21328 40.6126 -0.253858 -0.966907 -0.0254219
-7.64217 4.96387 40.994 -0.242684 -0.969866 -0.0215542
-6.81423 4.74763 41.4023 -0.239033 -0.970729 -0.0230455
-5.98413 4.53659 41.7102 -0.236931 -0.971122 -0.0280309
-5.08128 4.31264 41.9824 -0.231041 -0.972574 -0.0268343
-3.8883 4.02463 42.2643 -0.22512 -0.973983 -0.026026
-2.9634 3.80419 42.4914 -0.221816 -0.974661 -0.0288719
-2.01771 3.58919 42.6568 -0.213781 -0.976325 -0.0329701
-0.8766 3.33756 42.7782 -0.210031 -0.97711 -0.0338046
0.201431 3.10963 42.8265 -0.204061 -0.97857 -0.027564
1.22379 2.89743 42.8087 -0.200688 -0.979309 -0.0259075
2.1123 2.71943 42.7746 -0.189736 -0.981444 -0.0276998
3.16822 2.51714 42.6766 -0.192048 -0.980962 -0.0288174
4.501 2.2675 42.4783 -0.180715 -0.983226 -0.024562
5.83062 2.03343 42.2658 -0.174758 -0.984305 -0.0245597
6.79638 1.8674 42.0782 -0.166239 -0.985788 -0.0227537
7.6833 1.72992 41.8522 -0.157303 -0.987328 -0.0209735
8.63827 1.58368 41.5743 -0.152545 -0.988102 -0.0189199
9.60876 1.44377 41.2801 -0.147625 -0.988932 -0.0146505
10.4842 1.32243 41.0088 -0.137455 -0.990403 -0.0144317
11.5768 1.17582 40.6678 -0.137369 -0.990414 -0.0145038
12.4569 1.06419 40.3835 -0.127483 -0.991766 -0.0122107
13.3535 0.95462 40.0912 -0.11869 -0.992881 -0.00995747
13.7558 0.916319 39.0994 -0.119188 -0.99282 -0.0101376
13.4017 0.968784 38.2408 -0.125629 -0.99203 -0.0094833
13.0328 1.02541 37.2624 -0.123843 -0.992259 -0.00906721
12.6648 1.08311 35.9945 -0.130214 -0.991445 -0.00901486
12.4414 1.1217 34.8392 -0.128006 -0.991756 -0.00581964
12.3606 1.13837 33.8146 -0.12848 -0.991687 -0.00703628
12.3735 1.14605 32.3179 -0.130089 -0.991493 -0.00433638
12.4671 1.13508 31.2806 -0.127749 -0.991806 -0.000832494
12.7129 1.10147 29.8623 -0.126552 -0.991953 0.00379863
12.9601 1.06917 28.9443 -0.119038 -0.992854 0.00845531
13.4214 1.00267 27.5426 -0.117637 -0.993026 0.00780349
13.0337 1.04013 26.4741 -0.123657 -0.992279 0.00728383
11.9134 1.18356 26.1665 -0.129041 -0.9916 0.00884669
10.8302 1.3226 25.915 -0.128684 -0.99163 0.0103591
9.48795 1.51002 25.5668 -0.143888 -0.989514 0.0125915
8.56092 1.65007 25.3496 -0.153174 -0.988107 0.013476
7.29333 1.84062 25.0379 -0.158534 -0.987137 0.0206761
6.38633 1.98246 24.844 -0.164531 -0.986109 0.0221423
5.35643 2.15721 24.6587 -0.17129 -0.984999 0.0209098
4.474 2.31026 24.5441 -0.175577 -0.984144 0.0249756
3.09719 2.55672 24.3822 -0.186776 -0.982039 0.0267137
1.93953 2.77659 24.3394 -0.18786 -0.981874 0.0251478
0.923377 2.97649 24.3276 -0.200771 -0.979372 0.0228314
-0.0622577 3.17849 24.3807 -0.19772 -0.979798 0.0300533
-0.628897 3.29453 24.4358 -0.201698 -0.978969 0.0303549
-0.706906 3.27991 23.4462 -0.201698 -0.978969 0.0303546
-1.933 3.54371 23.6092 -0.208452 -0.97763 0.0280406
-2.90193 3.75584 23.7681 -0.214154 -0.976391 0.027824
-4.15291 4.04357 24.0505 -0.217013 -0.975639 0.0321417
-5.03245 4.24871 24.307 -0.220323 -0.974924 0.0311985
-6.02332 4.49101 24.5997 -0.231838 -0.972253 0.0311722
-7.17761 4.78353 24.9709 -0.239981 -0.970174 0.033972
-8.15654 5.0357 25.295 -0.24122 -0.969733 0.037819
-9.23732 5.32127 25.6834 -0.244775 -0.968803 0.0387643
-10.4679 5.64421 26.1213 -0.237252 -0.970763 0.0364874
-11.4566 5.8997 26.464 -0.238109 -0.970658 0.0334083
-12.6448 6.20441 26.8779 -0.240451 -0.970123 0.0323364
-13.6729 6.46388 27.2145 -0.229408 -0.972627 0.0369967
-14.5614 6.68129 27.492 -0.220675 -0.974625 0.0375348
-15.6122 6.93384 27.8216 -0.219786 -0.974645 0.0418364
-16.5608 7.15528 28.075 -0.216188 -0.97545 0.0419457
-17.676 7.4036 28.4658 -0.197847 -0.978983 0.0494802
-18.886 7.65354 28.818 -0.180184 -0.982498 0.0472365
-20.152 7.8866 29.1206 -0.162559 -0.985791 0.0423139
-21.129 8.05795 29.366 -0.14996 -0.987401 0.0491845
-22.4056 8.24604 29.6642 -0.134172 -0.989812 0.0476458
-23.2837 8.34212 29.8624 -0.0846351 -0.995354 0.045895
-24.6037 8.46255 30.0991 -0.0814867 -0.995831 0.0409992
-25.5909 8.53094 30.2445 -0.0249792 -0.99893 0.0389049
-26.6134 8.55991 30.3758 -0.0130316 -0.999024 0.0421931
-28.0703 8.58519 30.5011 0.00904551 -0.99836 0.0510676
-29.0286 8.5465 30.5836 0.0468833 -0.998147 0.0388004
-30.2864 8.49063 30.6638 0.0505508 -0.997659 0.0454237
-31.2572 8.40851 30.8648 0.10522 -0.99341 0.0454436
-32.1383 8.33286 31.3085 0.109697 -0.993022 0.043299
-32.0931 8.35803 31.7116 0.100356 -0.993142 0.0599779
-31.2406 8.46641 32.0797 0.0902816 -0.994549 0.0502334
-30.2945 8.5532 32.4359 0.071293 -0.996113 0.0517364
-29.3416 8.61745 32.7452 0.0367444 -0.998563 0.038822
-28.4477 8.66028 33.0594 0.0270481 -0.999045 0.0331947
-27.6145 8.67846 33.4271 0.00540933 -0.999802 0.0191326
-26.6046 8.66861 33.8647 -0.0246439 -0.999454 0.0219921
-25.6513 8.64802 34.2355 -0.0552727 -0.998372 0.00591738
-24.3319 8.56284 34.7736 -0.0713443 -0.997423 0.00193671
-23.2469 8.45067 35.13 -0.10858 -0.994077 0.00469607
-22.3827 8.3514 35.425 -0.121597 -0.992578 -0.00172779
-21.3762 8.22743 35.8121 -0.119754 -0.992784 0.00330184
-20.5391 8.08721 36.1704 -0.166912 -0.985934 -0.00861758
-19.5294 7.9131 36.6133 -0.176561 -0.984198 -0.00633253
-18.6358 7.7395 36.9799 -0.188767 -0.982006 -0.00549168
-17.7131 7.54473 37.2994 -0.212126 -0.977107 -0.0162414
-16.6529 7.31461 37.7868 -0.214769 -0.976477 -0.016237
-15.5111 7.0421 38.3554 -0.228269 -0.973359 -0.0206781
-14.3768 6.76237 38.9143 -0.226724 -0.973616 -0.0258317
-13.3926 6.50431 39.4298 -0.24339 -0.969699 -0.0211211
-12.4735 6.26512 39.8122 -0.246209 -0.96878 -0.0290599
-11.5799 6.02624 40.2445 -0.250424 -0.967736 -0.027232
-10.6001 5.75306 40.7639 -0.257232 -0.965967 -0.0271231
-9.41662 5.41827 41.3492 -0.257326 -0.965959 -0.0264076
-8.28674 5.10826 41.7748 -0.253129 -0.967012 -0.0283764
-6.9809 4.76344 42.3895 -0.241514 -0.97006 -0.0255496
-5.90403 4.48581 42.773 -0.236998 -0.970936 -0.0331325
-4.91139 4.24087 43.0399 -0.230796 -0.972454 -0.0326623
-3.90768 3.99809 43.3092 -0.226109 -0.973641 -0.0299513
-3.01529 3.78607 43.5018 -0.222192 -0.974566 -0.0291909
-1.77928 3.50337 43.6666 -0.214294 -0.976249 -0.0318736
-0.634275 3.25704 43.7743 -0.20506 -0.978382 -0.0268215
0.321868 3.05622 43.8109 -0.202194 -0.978981 -0.0266304
1.26807 2.86354 43.7883 -0.198165 -0.979831 -0.0257401
2.29966 2.65579 43.7544 -0.197912 -0.979889 -0.0254534
3.31484 2.45981 43.6539 -0.18802 -0.9818 -0.0264051
4.29524 2.28134 43.4939 -0.182624 -0.982865 -0.0250054
5.73988 2.02484 43.274 -0.174011 -0.98448 -0.0227719
6.96073 1.8209 43.0525 -0.159335 -0.987017 -0.0201921
7.99059 1.66104 42.7969 -0.1585 -0.987146 -0.0205148
9.1682 1.48992 42.4278 -0.147723 -0.988885 -0.0168899
10.2292 1.34095 42.1083 -0.141937 -0.989777 -0.0140145
11.0805 1.22602 41.8386 -0.137472 -0.990358 -0.0171308
12.0658 1.10096 41.547 -0.128856 -0.991568 -0.013738
13.377 0.941023 41.1399 -0.118293 -0.992926 -0.0102218
14.5868 0.800999 40.7811 -0.11742 -0.993039 -0.00923096
15.3202 0.722704 40.0726 -0.114186 -0.993384 -0.0122565
14.7978 0.796033 38.986 -0.114145 -0.993391 -0.0120125
14.3278 0.860471 38.0015 -0.115418 -0.993285 -0.0079583
14.0202 0.903174 37.1528 -0.123843 -0.992259 -0.0090672
13.6898 0.953757 36.0429 -0.122192 -0.992467 -0.00888269
13.4253 0.99577 35.0002 -0.12279 -0.992404 -0.00739175
13.2816 1.02103 33.8009 -0.123709 -0.992299 -0.00627861
13.3069 1.02339 32.6772 -0.125391 -0.992099 -0.00407907
13.3815 1.01793 31.6335 -0.125274 -0.992119 -0.00171198
13.5404 0.998191 30.4805 -0.123721 -0.992315 -0.00127889
13.8684 0.959453 29.2297 -0.122439 -0.992475 -0.00125513
14.2498 0.908368 28.1007 -0.11951 -0.992808 0.00697339
14.8089 0.833533 26.8405 -0.114928 -0.993332 0.0091024
14.9239 0.810854 25.85 -0.115954 -0.993187 0.0116113
13.7141 0.950094 25.5723 -0.117864 -0.992971 0.0108363
12.5483 1.09271 25.3173 -0.129921 -0.991474 0.0099923
11.522 1.22309 25.0702 -0.1295 -0.991481 0.0137466
10.6091 1.33837 24.8562 -0.135765 -0.990637 0.0120779
9.55805 1.48737 24.579 -0.142269 -0.989672 0.0169103
8.66247 1.61422 24.3658 -0.147299 -0.988822 0.0230963
7.77659 1.74423 24.1413 -0.158547 -0.987136 0.0206358
6.89277 1.88209 23.9447 -0.15856 -0.987134 0.0205953
5.5164 2.10351 23.6594 -0.172012 -0.98473 0.0268132
4.23847 2.32281 23.4921 -0.173482 -0.984468 0.0269603
3.05115 2.53746 23.3545 -0.186715 -0.982049 0.0267981
2.10883 2.71678 23.3301 -0.189309 -0.981546 0.0270244
1.06546 2.92022 23.3401 -0.196594 -0.979997 0.0308968
-0.175138 3.17139 23.4087 -0.197933 -0.979747 0.0302977
-0.46698 3.23099 23.4296 -0.197826 -0.979773 0.0301755
-0.334163 3.17159 22.419 -0.196832 -0.979897 0.0325377
0.564158 2.98945 22.3676 -0.197168 -0.979842 0.032161
1.81773 2.74333 22.3629 -0.18698 -0.981853 0.0316863
2.85591 2.54651 22.3533 -0.184484 -0.982313 0.0320466
4.11105 2.31807 22.4786 -0.174185 -0.984364 0.0262006
5.45622 2.08803 22.6601 -0.169093 -0.985329 0.0231222
6.63607 1.89846 22.8723 -0.155544 -0.987413 0.0286562
7.67771 1.73936 23.1177 -0.157104 -0.987394 0.0192963
8.85028 1.56575 23.3866 -0.14602 -0.989057 0.0210591
9.92093 1.41541 23.6519 -0.141044 -0.989767 0.0216147
10.805 1.2976 23.9128 -0.133182 -0.990892 0.0195875
11.762 1.17706 24.1563 -0.130606 -0.99126 0.0183525
12.6526 1.06517 24.3589 -0.125096 -0.992051 0.0136213
13.6047 0.951982 24.5425 -0.116499 -0.99311 0.0124849
14.5404 0.843347 24.7222 -0.116688 -0.993114 0.0104639
15.4881 0.735757 24.9267 -0.106611 -0.994227 0.0120675
16.7832 0.600417 25.2678 -0.100444 -0.994856 0.0113801
16.4745 0.641099 25.9943 -0.107761 -0.99413 0.00966514
15.7386 0.731488 27.1568 -0.107243 -0.994194 0.00879718
15.2198 0.796367 28.2387 -0.112432 -0.993646 0.00523628
14.9065 0.834421 29.1475 -0.10937 -0.994001 0.00082093
14.4968 0.87977 30.529 -0.110255 -0.993903 -0.000725595
14.2869 0.902149 31.8719 -0.126004 -0.992024 -0.00324816
14.2503 0.903421 32.9284 -0.118028 -0.992972 -0.0049074
14.2358 0.901158 33.9457 -0.123521 -0.992324 -0.00602219
14.4959 0.860613 35.3622 -0.12279 -0.992404 -0.00739156
14.7091 0.829491 36.2371 -0.11466 -0.993383 -0.00651561
15.0795 0.778799 37.3648 -0.114327 -0.99341 -0.00812558
15.4919 0.724413 38.2538 -0.113844 -0.993467 -0.00797404
16.1937 0.634435 39.4659 -0.105029 -0.994435 -0.0082821
16.8275 0.55593 40.5717 -0.102558 -0.994632 -0.0133555
16.3103 0.601139 41.2965 -0.105736 -0.994302 -0.0135792
15.3572 0.698344 41.5931 -0.111906 -0.993603 -0.0137742
14.4537 0.802494 41.8588 -0.118495 -0.992866 -0.0132558
13.2467 0.943779 42.2027 -0.120901 -0.992602 -0.0111575
12.3912 1.04576 42.4796 -0.129464 -0.991495 -0.0132462
11.4794 1.16068 42.7583 -0.12969 -0.991412 -0.0168015
10.5197 1.28424 43.0533 -0.133968 -0.990891 -0.0136859
9.62912 1.40721 43.318 -0.143382 -0.989515 -0.0173644
8.69202 1.53899 43.5876 -0.149384 -0.988603 -0.0185946
7.72201 1.68148 43.8712 -0.151838 -0.98815 -0.0224601
6.2099 1.9202 44.2058 -0.167116 -0.985686 -0.021052
5.31577 2.07288 44.3089 -0.170461 -0.984997 -0.0269083
4.1678 2.27877 44.5256 -0.182221 -0.982947 -0.0247053
2.82195 2.52587 44.6997 -0.189534 -0.981423 -0.029182
1.27935 2.83549 44.7568 -0.197722 -0.979737 -0.0319639
0.392887 3.01371 44.7663 -0.201607 -0.979017 -0.0293075
-0.548931 3.21289 44.7322 -0.205672 -0.978264 -0.026436
-2.04811 3.53268 44.5799 -0.208507 -0.977484 -0.0321678
-3.19275 3.79607 44.4392 -0.220431 -0.974793 -0.0344852
-4.15802 4.02653 44.2173 -0.225684 -0.973573 -0.0349593
-5.65597 4.39163 43.8616 -0.233489 -0.971869 -0.0308722
-6.69976 4.65547 43.5306 -0.243201 -0.96937 -0.0341366
-7.52306 4.87606 43.1884 -0.245894 -0.968739 -0.032881
-8.36842 5.1011 42.8081 -0.250921 -0.967644 -0.0265322
-9.37995 5.37635 42.4386 -0.252549 -0.967076 -0.0312127
-10.6219 5.72368 41.8635 -0.257528 -0.965526 -0.0379273
-11.9062 6.08113 41.1766 -0.245057 -0.969083 -0.0287157
-12.6932 6.29221 40.7702 -0.246209 -0.96878 -0.0290606
-13.5433 6.51703 40.458 -0.237966 -0.970619 -0.0356058
-14.4588 6.75285 39.9733 -0.230973 -0.972587 -0.026641
-15.3059 6.96113 39.573 -0.229057 -0.973076 -0.0254698
-16.3966 7.23533 39.0346 -0.228269 -0.973359 -0.020678
-17.7731 7.53578 38.3459 -0.199837 -0.979422 -0.0278197
-18.6238 7.72048 38.0335 -0.2022 -0.979048 -0.0240806
-19.5111 7.90245 37.7087 -0.179543 -0.983292 -0.025848
-20.4649 8.06381 37.2772 -0.16074 -0.986793 -0.0198825
-21.6337 8.26586 36.7493 -0.141596 -0.989595 -0.000635017
-22.7772 8.39815 36.3322 -0.119755 -0.992784 0.00330238
-23.9577 8.53116 35.9349 -0.0987788 -0.995031 0.00104867
-25.419 8.64174 35.3911 -0.0766643 -0.997016 0.00360303
-26.2656 8.67718 35.0496 -0.0427476 -0.99908 0.00352452
-27.1538 8.70145 34.7048 -0.0181098 -0.99959 0.0210929
-28.1919 8.69375 34.2364 0.00496131 -0.999621 0.0270832
-29.4062 8.64923 33.7658 0.0386865 -0.998799 0.0300725
-30.656 8.56801 33.3349 0.0759663 -0.996175 0.0427635
-31.6971 8.46756 32.9582 0.100849 -0.993774 0.0412537
-32.8315 8.30435 32.413 0.136387 -0.989593 0.0442053
-33.9643 8.11283 31.9445 0.149547 -0.987672 0.0462154
-34.9691 7.88921 31.0983 0.174073 -0.983246 0.0540244
-34.0847 8.00936 30.4181 0.173247 -0.98353 0.0515122
-33.0348 8.17493 30.1424 0.134538 -0.989657 0.0446487
-32.0179 8.28603 30.0283 0.111331 -0.992543 0.0495323
-30.8354 8.4022 29.7749 0.106719 -0.993106 0.0484363
-29.8538 8.462 29.6368 0.0569671 -0.99755 0.0406061
-28.3056 8.52054 29.5422 0.0284577 -0.998132 0.0536413
-27.2933 8.53053 29.47 -0.0130321 -0.999024 0.0421922
-26.1871 8.51063 29.3223 -0.0187826 -0.999001 0.0399959
-25.1695 8.46316 29.1932 -0.0456501 -0.997516 0.0536386
-24.2342 8.38934 29.0521 -0.085955 -0.99541 0.0420842
-23.2026 8.2919 28.8491 -0.0985508 -0.993696 0.0510205
-22.182 8.16181 28.5989 -0.111747 -0.992038 0.0580485
-21.2218 8.01851 28.3811 -0.139163 -0.988865 0.0527182
-20.2708 7.86119 28.1386 -0.161607 -0.985733 0.0470298
-18.9927 7.62423 27.8219 -0.178553 -0.982672 0.0497419
-17.991 7.42606 27.539 -0.187347 -0.981261 0.0435787
-16.7903 7.1651 27.1369 -0.216439 -0.975211 0.045892
-15.4494 6.8519 26.7338 -0.213903 -0.975938 0.041896
-14.427 6.60931 26.4285 -0.219997 -0.974649 0.0407479
-13.4491 6.36991 26.1366 -0.226953 -0.972996 0.0420847
-12.5209 6.13985 25.8623 -0.238472 -0.970635 0.0315263
-11.5206 5.87818 25.4607 -0.239726 -0.970169 0.0361016
-10.6171 5.64482 25.1676 -0.239197 -0.9702 0.0385725
-9.744 5.41368 24.8336 -0.242693 -0.969258 0.0404592
-8.78478 5.15905 24.4558 -0.240855 -0.969816 0.0380227
-7.53807 4.83623 24.0465 -0.23688 -0.970814 0.0375208
-6.55631 4.58702 23.7083 -0.228997 -0.972787 0.0352867
-5.17904 4.2513 23.2934 -0.222679 -0.974439 0.0297107
-4.18185 4.01717 23.0423 -0.217418 -0.975591 0.0308044
-3.26102 3.8064 22.8316 -0.216031 -0.97586 0.032048
-2.24691 3.58323 22.6391 -0.208955 -0.977501 0.0287962
-1.36315 3.39017 22.5177 -0.211726 -0.976716 0.0346169
-0.720376 3.24982 22.4387 -0.196832 -0.979897 0.0325377
-0.900085 3.25392 21.4749 -0.196679 -0.979933 0.0323964
-2.03206 3.49915 21.6111 -0.207266 -0.977495 0.0393065
-3.1313 3.74336 21.8077 -0.211485 -0.97661 0.0387639
-4.00231 3.94493 21.9879 -0.218805 -0.975321 0.0295607
-4.98683 4.17468 22.231 -0.221492 -0.974661 0.0312129
-5.96386 4.40374 22.4813 -0.224472 -0.973901 0.0333093
-6.99343 4.65644 22.7855 -0.228845 -0.972843 0.0347317
-8.33257 4.99418 23.2697 -0.229669 -0.972345 0.0424004
-9.51867 5.30479 23.6534 -0.237871 -0.970153 0.0470326
-10.3454 5.52299 24.0063 -0.23649 -0.970373 0.0494838
-11.2 5.74696 24.3133 -0.236586 -0.970349 0.0494946
-12.1063 5.982 24.6086 -0.232099 -0.971544 0.0471419
-12.9481 6.19756 24.9531 -0.229289 -0.972151 0.0484656
-13.8763 6.42966 25.2144 -0.228183 -0.972557 0.0453064
-14.7411 6.63924 25.4655 -0.213731 -0.975654 0.0482414
-15.736 6.86818 25.7801 -0.207904 -0.976596 0.0551045
-17.1856 7.19553 26.2483 -0.192551 -0.978972 0.0673718
-18.2402 7.42174 26.6069 -0.180521 -0.98214 0.053043
-19.8669 7.73622 27.0142 -0.162573 -0.984586 0.0638823
-21.0645 7.93345 27.3467 -0.134591 -0.988855 0.0635648
-22.2206 8.1099 27.6098 -0.123535 -0.990554 0.058267
-23.5191 8.27335 27.9326 -0.110159 -0.992228 0.0578688
-24.9693 8.40301 28.1755 -0.0601156 -0.996649 0.0535603
-26.4906 8.46822 28.3556 -0.0188646 -0.998339 0.0538558
-27.8676 8.48182 28.5333 0.0164628 -0.998313 0.0548918
-29.1236 8.45404 28.5992 0.0386639 -0.997364 0.059167
-30.0858 8.39859 28.6801 0.066957 -0.996022 0.058803
-31.0951 8.32738 28.8263 0.109108 -0.992882 0.0477617
-32.1913 8.21733 29.0428 0.112338 -0.992242 0.052897
-33.3286 8.08574 29.2103 0.149623 -0.98694 0.0529393
-34.3785 7.9107 29.4894 0.17923 -0.982908 0.0419135
-35.6709 7.68951 29.9356 0.187314 -0.981318 0.0434665
-36.3058 7.60446 30.8609 0.220346 -0.973494 0.0612903
-35.7199 7.78967 31.9746 0.205803 -0.976814 0.0589829
-34.9817 7.95959 32.5069 0.185109 -0.981038 0.0574308
-34.1741 8.13731 32.9395 0.16342 -0.984647 0.0572852
-33.3236 8.2784 33.3093 0.13726 -0.989343 0.0485733
-32.1974 8.44055 33.7775 0.114657 -0.992307 0.046692
-30.9978 8.57754 34.2552 0.0728361 -0.996622 0.0379427
-30.1451 8.64474 34.5674 0.0391628 -0.998749 0.0310567
-29.1993 8.69218 34.8759 0.0281429 -0.999182 0.0259424
-27.9423 8.71821 35.4138 0.00251313 -0.999924 0.00491068
-26.7879 8.70446 35.9008 -0.0293766 -0.999463 0.00211292
-25.9278 8.66897 36.252 -0.046965 -0.998891 0.00341192
-25.0303 8.62564 36.6314 -0.0824458 -0.996552 0.00682538
-24.036 8.54 36.9525 -0.0987797 -0.995031 0.00104861
-22.871 8.40291 37.3449 -0.116915 -0.993118 -0.0068554
-21.409 8.20124 37.908 -0.141913 -0.989299 -0.0338776
-20.5133 8.05169 38.3028 -0.162049 -0.986415 -0.025782
-19.1959 7.81131 38.8664 -0.173495 -0.984046 -0.0382069
-18.073 7.56867 39.3423 -0.199837 -0.979422 -0.0278207
-16.7465 7.27733 39.9628 -0.201797 -0.978573 -0.040911
-15.8731 7.06164 40.3928 -0.219655 -0.974928 -0.0355875
-15.0613 6.86456 40.7855 -0.219373 -0.974994 -0.0355165
-14.28 6.66931 41.211 -0.229773 -0.972497 -0.0374337
-13.4734 6.45838 41.5653 -0.23979 -0.970121 -0.0369624
-12.532 6.20605 42.0042 -0.243292 -0.969163 -0.0391326
-11.4014 5.8971 42.5619 -0.247296 -0.967983 -0.0430566
-10.3062 5.58924 43.1123 -0.249187 -0.967558 -0.0416614
-9.11831 5.2661 43.566 -0.246123 -0.968369 -0.0410244
-7.8377 4.92169 44.0984 -0.241882 -0.969514 -0.0391866
-6.95631 4.68549 44.4836 -0.23945 -0.970352 -0.0328836
-5.82247 4.39779 44.8302 -0.233648 -0.971672 -0.035506
-4.87589 4.16348 45.0325 -0.225542 -0.973598 -0.0351713
-3.88138 3.92432 45.2753 -0.225517 -0.973607 -0.035088
-2.88873 3.69088 45.4658 -0.22052 -0.974765 -0.0347007
-1.95603 3.48026 45.6051 -0.211985 -0.976784 -0.0308995
-0.989486 3.27264 45.6846 -0.206314 -0.977875 -0.0345564
0.0349239 3.05569 45.7235 -0.201598 -0.978904 -0.0330144
1.34797 2.7894 45.7441 -0.197843 -0.979723 -0.0316272
2.36517 2.58671 45.7145 -0.195319 -0.980307 -0.0291467
3.48314 2.37398 45.6338 -0.184864 -0.982294 -0.0303889
4.79568 2.1369 45.4216 -0.179888 -0.983193 -0.0311773
5.92777 1.945 45.2309 -0.166032 -0.985874 -0.022025
6.97921 1.77295 45.0802 -0.162692 -0.986394 -0.0236012
7.85902 1.6384 44.8593 -0.152511 -0.988058 -0.0219376
8.87213 1.49265 44.5482 -0.145108 -0.989207 -0.0203092
9.92456 1.34514 44.2551 -0.139876 -0.989958 -0.0199927
11.1279 1.18886 43.9164 -0.132404 -0.990975 -0.0209211
12.4159 1.02788 43.4915 -0.124555 -0.992111 -0.0142013
13.7993 0.862022 43.0625 -0.119972 -0.992643 -0.016128
15.0543 0.718228 42.7143 -0.115527 -0.993206 -0.0135512
16.3997 0.574963 42.33 -0.106212 -0.994194 -0.0172379
17.4823 0.473505 42.0473 -0.0955922 -0.995331 -0.01333
18.4338 0.393135 41.6615 -0.0782363 -0.996895 -0.00893684
18.3407 0.409089 40.7141 -0.0785888 -0.996845 -0.0109968
17.6295 0.489368 39.8105 -0.0967397 -0.995156 -0.0175128
16.8888 0.573276 38.7874 -0.0939585 -0.995493 -0.0128592
16.3181 0.637085 37.8159 -0.100634 -0.994842 -0.0104407
15.9183 0.691257 36.9523 -0.107102 -0.994197 -0.00967643
15.5871 0.73414 35.8717 -0.108568 -0.99406 -0.00739966
15.2889 0.776237 34.5918 -0.110188 -0.993892 -0.00609927
15.195 0.795048 33.3511 -0.112537 -0.993634 -0.00452612
15.2167 0.795226 32.2728 -0.113826 -0.993499 -0.00186399
15.3247 0.785816 31.2331 -0.111658 -0.99374 -0.0037336
15.6165 0.756078 30.0325 -0.110092 -0.993921 -0.000918669
16.0485 0.706446 28.7821 -0.109302 -0.993999 0.0042878
16.5874 0.641951 27.6671 -0.109626 -0.993961 0.00483433
17.3135 0.563767 26.5541 -0.096158 -0.995341 0.00705955
17.9333 0.496666 25.7324 -0.0896118 -0.995906 0.0109238
18.5766 0.433819 25.013 -0.0849407 -0.996327 0.0108154
17.9871 0.475198 24.271 -0.08892 -0.995952 0.0120758
17.0222 0.565291 24.1724 -0.0938749 -0.995509 0.0121891
16.0848 0.660409 24.0232 -0.106314 -0.994251 0.0127032
14.9158 0.787835 23.7807 -0.116554 -0.99308 0.0141708
13.7752 0.917709 23.5816 -0.116501 -0.993062 0.0159821
12.7103 1.04437 23.3748 -0.125085 -0.992052 0.0136434
11.8329 1.15216 23.1751 -0.124813 -0.992086 0.0136555
10.7586 1.28583 22.8931 -0.135805 -0.990591 0.0169099
9.60619 1.43669 22.5574 -0.13968 -0.98996 0.0207326
8.51049 1.59309 22.3094 -0.144117 -0.989286 0.0231199
7.61235 1.72349 22.0682 -0.153346 -0.987791 0.0274628
6.70193 1.85922 21.8528 -0.153559 -0.987749 0.0277784
5.69897 2.0208 21.7118 -0.167048 -0.985514 0.0292735
4.81031 2.1683 21.5902 -0.170318 -0.984971 0.028714
3.87562 2.32756 21.4451 -0.179435 -0.983282 0.0307332
2.88024 2.51041 21.3624 -0.18293 -0.982674 0.0298228
1.93558 2.68772 21.3582 -0.185999 -0.981991 0.0331424
0.862582 2.89673 21.3674 -0.196902 -0.979904 0.0319011
-0.293567 3.12987 21.4022 -0.196588 -0.979897 0.0339859
-0.368068 3.14512 21.4108 -0.196557 -0.979932 0.0331204
-0.414214 3.11942 20.4029 -0.19721 -0.979785 0.0336092
0.547079 2.92613 20.3791 -0.196326 -0.979916 0.034948
1.80168 2.68083 20.3797 -0.181981 -0.982667 0.0353345
2.78743 2.49731 20.3682 -0.183486 -0.982568 0.0298641
3.94374 2.28487 20.4542 -0.182748 -0.982707 0.0298223
4.85187 2.12962 20.5918 -0.168362 -0.985165 0.0331768
5.90375 1.95968 20.775 -0.164142 -0.985861 0.0336856
6.7897 1.81932 20.9338 -0.152631 -0.987922 0.026644
7.72822 1.67785 21.0467 -0.148988 -0.988508 0.0254167
8.76811 1.5293 21.2827 -0.144789 -0.989149 0.024794
9.6571 1.40767 21.5181 -0.134227 -0.990639 0.0245603
11.1446 1.21723 21.9843 -0.128718 -0.991442 0.0212304
12.0085 1.11365 22.2245 -0.124573 -0.992008 0.0200308
13.3292 0.952628 22.4948 -0.121355 -0.992477 0.0154792
14.5435 0.813713 22.7188 -0.114181 -0.993327 0.01607
15.514 0.706149 22.9056 -0.108903 -0.993945 0.0138952
16.8278 0.570238 23.1234 -0.0997761 -0.994914 0.0123602
18.0243 0.459345 23.2674 -0.0909241 -0.995763 0.0133426
19.2472 0.354843 23.3334 -0.0778129 -0.996818 0.015428
20.2307 0.29261 24.0614 -0.0717231 -0.997372 0.0101944
20.0512 0.315713 24.9915 -0.0725551 -0.997314 0.00996611
19.3151 0.376892 25.6873 -0.08093 -0.996658 0.00888143
18.5662 0.447978 26.4945 -0.0880115 -0.996086 0.00800454
17.8129 0.523487 27.5133 -0.0896511 -0.995957 0.00571793
17.1573 0.588257 28.6138 -0.0893143 -0.995989 0.00542664
16.6381 0.643243 29.9147 -0.110639 -0.99386 0.000194991
16.3575 0.674327 30.8891 -0.109263 -0.994013 0.000490912
16.2017 0.688462 31.798 -0.104274 -0.994548 -0.000935419
16.1319 0.692171 33.2417 -0.102348 -0.994741 -0.00383521
16.2069 0.680301 34.2724 -0.100268 -0.994943 -0.00593215
16.4272 0.650038 35.35 -0.10233 -0.994709 -0.00910975
16.6923 0.614193 36.2969 -0.102414 -0.994702 -0.00894236
17.0397 0.574772 37.1684 -0.0927808 -0.995648 -0.00873781
17.7083 0.503004 38.3099 -0.09174 -0.9957 -0.0122732
18.4601 0.41773 39.2875 -0.0858364 -0.996179 -0.0148278
19.3293 0.335717 40.3003 -0.0785886 -0.996845 -0.0109968
19.8091 0.291149 41.2115 -0.074835 -0.997157 -0.00879978
19.5648 0.299816 42.104 -0.0719875 -0.997315 -0.0134367
18.7713 0.34987 42.8051 -0.0842672 -0.996366 -0.0113301
17.5161 0.458763 43.0434 -0.0879114 -0.996074 -0.0101331
16.3413 0.566289 43.3813 -0.0951571 -0.995422 -0.00893839
15.4669 0.660209 43.6156 -0.111822 -0.993636 -0.0135179
14.2179 0.798945 43.9565 -0.11689 -0.993042 -0.0143089
13.1749 0.919678 44.2949 -0.124798 -0.992039 -0.0168461
11.934 1.0704 44.7115 -0.127701 -0.991709 -0.0143327
10.8156 1.20915 45.0105 -0.13145 -0.99119 -0.0154758
9.60525 1.36999 45.3354 -0.13694 -0.990441 -0.0165539
8.69284 1.4971 45.6114 -0.145245 -0.989188 -0.0202771
7.68553 1.64109 45.9206 -0.156353 -0.987488 -0.0200368
6.74268 1.78721 46.1191 -0.160861 -0.986591 -0.0270927
5.5444 1.98303 46.3145 -0.168127 -0.985477 -0.023613
4.66248 2.13259 46.4823 -0.169883 -0.985105 -0.0263668
3.63684 2.3153 46.6147 -0.185177 -0.982271 -0.0292124
2.37066 2.55355 46.6949 -0.188315 -0.98169 -0.0286607
1.08013 2.81143 46.7191 -0.199177 -0.979405 -0.0330881
0.0305074 3.02472 46.702 -0.200481 -0.979201 -0.0310711
-1.21932 3.28817 46.6289 -0.208564 -0.977462 -0.0326062
-2.13098 3.4872 46.5554 -0.21189 -0.97675 -0.0325778
-3.22422 3.73457 46.4 -0.219733 -0.975057 -0.0313412
-4.44625 4.02458 46.1256 -0.225492 -0.973616 -0.0350051
-5.43378 4.26264 45.9122 -0.233678 -0.971564 -0.0381711
-6.33771 4.48734 45.728 -0.236171 -0.970947 -0.0384587
-7.46921 4.78029 45.3422 -0.237942 -0.970558 -0.0374382
-8.59091 5.08 44.831 -0.241867 -0.969541 -0.0385927
-9.50343 5.32626 44.4687 -0.243916 -0.96869 -0.0459153
-10.449 5.58183 44.1222 -0.249929 -0.96706 -0.0481317
-11.4985 5.86903 43.6221 -0.236414 -0.970289 -0.0508208
-12.4996 6.14517 43.1712 -0.242095 -0.968579 -0.0569026
-13.4444 6.41007 42.6448 -0.241897 -0.969557 -0.0379364
-14.4001 6.65163 42.2408 -0.222373 -0.973876 -0.0460051
-15.4619 6.9205 41.6869 -0.222799 -0.97391 -0.0430052
-16.3104 7.12511 41.2735 -0.203773 -0.977673 -0.051294
-17.2307 7.33773 40.8346 -0.198671 -0.978874 -0.0483225
-18.3552 7.59228 40.3007 -0.189837 -0.980703 -0.0457771
-19.7978 7.88726 39.643 -0.173495 -0.984046 -0.0382069
-20.9885 8.10938 39.1204 -0.173828 -0.984387 -0.0276729
-21.954 8.26047 38.7249 -0.145208 -0.989319 -0.0127369
-22.9424 8.40513 38.3447 -0.125795 -0.99183 -0.0160683
-23.8181 8.5107 38.0674 -0.118282 -0.99297 -0.00452087
-24.8239 8.59568 37.7305 -0.0728613 -0.997224 -0.0151039
-25.6876 8.66174 37.4031 -0.0586313 -0.998146 -0.00607789
-26.6676 8.70209 37.0035 -0.0224074 -0.999733 0.00186124
-27.9133 8.72181 36.451 -0.0154573 -0.999869 0.00373278
-28.7733 8.71202 36.1356 0.0115085 -0.999897 0.00861721
-29.8695 8.68536 35.72 0.0442954 -0.998855 0.0173119
-30.9773 8.61423 35.3105 0.0654253 -0.997593 0.0229743
-32.1915 8.48521 34.8323 0.111116 -0.993039 0.0390627
-33.0448 8.37474 34.4953 0.146163 -0.98839 0.0413799
-33.9453 8.22782 34.1206 0.145225 -0.988644 0.0386314
-34.8766 8.05097 33.6899 0.180663 -0.982122 0.0519849
-35.6754 7.87419 33.2456 0.182942 -0.981201 0.061456
-36.402 7.69321 32.7131 0.202166 -0.977321 0.0630285
-37.2732 7.43284 31.6576 0.225549 -0.972141 0.0636976
-37.381 7.33367 30.458 0.230687 -0.970906 0.0639187
-36.606 7.45794 29.4088 0.231519 -0.971464 0.0515512
-35.5365 7.66475 28.8588 0.192547 -0.980182 0.0465781
-34.3173 7.87638 28.4645 0.17638 -0.983362 0.043473
-33.0359 8.05902 28.166 0.127981 -0.990172 0.0563871
-31.7726 8.20208 27.9484 0.115566 -0.991603 0.0580313
-30.8708 8.2941 27.799 0.0713964 -0.995701 0.05901
-29.8823 8.35142 27.6801 0.0517983 -0.996723 0.0618325
-28.5086 8.41938 27.613 0.0386639 -0.997364 0.0591671
-27.6154 8.42273 27.4984 0.00863229 -0.998418 0.0555551
-26.7121 8.42036 27.3768 -0.0150253 -0.998348 0.0534925
-25.4418 8.3789 27.2385 -0.0455741 -0.997127 0.0567524
-24.2863 8.28767 27.0932 -0.0730829 -0.995492 0.0604544
-23.2786 8.19084 26.8864 -0.110722 -0.99271 0.0476108
-22.1414 8.0347 26.6031 -0.138408 -0.988317 0.0638207
-21.0379 7.86795 26.3283 -0.134152 -0.989387 0.055831
-19.732 7.64428 25.9903 -0.169851 -0.983745 0.0582788
-18.8365 7.47539 25.7494 -0.168017 -0.984196 0.0558415
-17.7533 7.25998 25.4132 -0.188702 -0.980347 0.0575397
-16.6137 7.00978 25.0419 -0.202664 -0.977512 0.0582871
-15.523 6.76052 24.6758 -0.207392 -0.976713 0.0549588
-14.3587 6.49535 24.3513 -0.207131 -0.976746 0.0553568
-13.4548 6.27397 24.0884 -0.225856 -0.972756 0.0520552
-12.3818 5.9985 23.6766 -0.229925 -0.971839 0.0516125
-11.1935 5.69193 23.2658 -0.234583 -0.970751 0.0510615
-10.3237 5.46224 22.8961 -0.235178 -0.970702 0.0492751
-9.42026 5.22486 22.5287 -0.23448 -0.970889 0.0489324
-8.51884 4.99548 22.2942 -0.229977 -0.972131 0.0453551
-7.47557 4.73288 21.9058 -0.229463 -0.972427 0.0416203
-6.23982 4.43412 21.5206 -0.222535 -0.974061 0.0410201
-4.76606 4.08471 21.1787 -0.221781 -0.974292 0.0396013
-3.65381 3.82262 20.9054 -0.216404 -0.975538 0.0384893
-2.74673 3.6189 20.7512 -0.212895 -0.976355 0.0375044
-1.69219 3.38564 20.5788 -0.207216 -0.97751 0.03918
-0.855665 3.21028 20.4536 -0.197832 -0.979672 0.0332325
-1.19503 3.24251 19.5096 -0.200329 -0.97898 0.0381933
-2.48843 3.5227 19.6891 -0.211514 -0.976687 0.0366593
-3.44717 3.73813 19.8787 -0.214498 -0.97603 0.0367887
-4.34747 3.9438 20.0481 -0.218136 -0.975154 0.0384849
-5.44607 4.2035 20.3232 -0.220138 -0.974612 0.0408767
-6.75505 4.51524 20.6641 -0.222564 -0.974013 0.0419959
-7.92128 4.79678 20.9838 -0.226002 -0.973162 0.0433376
-8.80988 5.01685 21.2765 -0.229977 -0.972131 0.0453547
-9.85314 5.28267 21.5891 -0.227608 -0.972372 0.0512577
-10.7063 5.50365 21.957 -0.229233 -0.971852 0.0543757
-12.0019 5.84326 22.5095 -0.233233 -0.97082 0.055779
-13.1932 6.14476 22.9268 -0.218337 -0.974078 0.0591678
-14.1234 6.37547 23.2482 -0.224218 -0.972594 0.0615449
-15.3438 6.65848 23.6045 -0.204138 -0.977067 0.0605673
-16.7527 6.97795 24.0474 -0.19486 -0.978715 0.06386
-17.6433 7.16816 24.3295 -0.189434 -0.979494 0.0685961
-18.5793 7.36797 24.6472 -0.167348 -0.98328 0.0715181
-19.4525 7.52939 24.9044 -0.16105 -0.984539 0.0688833
-20.7005 7.75939 25.2617 -0.153987 -0.985315 0.0732726
-21.7615 7.91916 25.5134 -0.127847 -0.989768 0.0631091
-22.6454 8.04832 25.7287 -0.12845 -0.988921 0.0744054
-23.5492 8.15773 25.9607 -0.0826828 -0.994199 0.0687836
-25.0847 8.2868 26.2157 -0.0635667 -0.995694 0.0674666
-26.0061 8.35096 26.2946 -0.045574 -0.997127 0.0567525
-27.008 8.36169 26.404 -0.00246929 -0.998138 0.0609462
-27.9304 8.36673 26.541 0.0125193 -0.998252 0.0575968
-29.4111 8.32158 26.6616 0.0557996 -0.997367 0.0463219
-30.6001 8.25375 26.7692 0.0731463 -0.995578 0.058916
-31.936 8.13197 26.9766 0.129246 -0.989791 0.060082
-32.9601 8.0032 27.1474 0.141323 -0.9883 0.0573624
-34.107 7.85219 27.3329 0.158673 -0.984883 0.0653664
-35.1256 7.68135 27.6195 0.180418 -0.982019 0.0555748
-36.02 7.51368 27.8212 0.208986 -0.976504 0.0525848
-37.072 7.28923 28.3222 0.233918 -0.971169 0.0454917
-37.8347 7.13267 28.9279 0.241881 -0.969 0.0503317
-38.3692 7.05433 29.8952 0.247862 -0.966424 0.0665194
-38.5785 7.05793 30.7827 0.260244 -0.963333 0.0652807
-38.3726 7.18312 31.7642 0.247932 -0.965969 0.0718516
-37.5657 7.45248 32.961 0.229836 -0.971193 0.0629269
-36.9047 7.64215 33.5764 0.201091 -0.977783 0.0591826
-35.6873 7.94016 34.3792 0.184521 -0.981097 0.0559704
-34.4229 8.18967 34.9743 0.167446 -0.984613 0.0497268
-33.1981 8.39666 35.4973 0.129576 -0.99057 0.0406843
-31.8971 8.55998 35.9978 0.111243 -0.993217 0.0338496
-30.9119 8.6416 36.4051 0.0704271 -0.997316 0.0199613
-29.7067 8.70772 36.8827 0.0262241 -0.999484 0.0110489
-28.5478 8.72476 37.2801 0.0116845 -0.999891 0.0090001
-27.3288 8.71751 37.7877 -0.0133823 -0.999903 -0.00123458
-26.3257 8.69064 38.1764 -0.0331378 -0.999338 -0.011555
-25.2717 8.61799 38.5908 -0.0720741 -0.997386 -0.00511783
-24.325 8.53556 38.9396 -0.073428 -0.997038 -0.0228962
-23.1582 8.40554 39.3375 -0.121806 -0.991692 -0.0413642
-22.0759 8.25119 39.7188 -0.131949 -0.99077 -0.0308928
-21.0141 8.07698 40.1536 -0.166245 -0.985137 -0.0430594
-20.2045 7.92083 40.5333 -0.178752 -0.982842 -0.0454965
-18.7713 7.62933 41.1996 -0.179885 -0.982684 -0.0443886
-17.8042 7.41301 41.667 -0.198687 -0.978868 -0.0483724
-16.7809 7.17613 42.1571 -0.204829 -0.977252 -0.0549866
-15.5369 6.87783 42.7693 -0.208814 -0.976304 -0.0568057
-14.5075 6.62028 43.2692 -0.221825 -0.972917 -0.0650149
-13.5551 6.37046 43.7259 -0.224798 -0.972066 -0.0674787
-12.6451 6.12261 44.1978 -0.240081 -0.969174 -0.0553383
-11.7145 5.87058 44.6569 -0.230608 -0.971503 -0.054229
-10.8361 5.63303 45.0588 -0.244336 -0.967965 -0.05703
-9.7951 5.34787 45.4359 -0.23957 -0.969639 -0.049005
-8.91161 5.11508 45.7686 -0.235127 -0.970842 -0.0467002
-8.1003 4.90117 46.1309 -0.235287 -0.970781 -0.0471569
-7.28938 4.68944 46.4591 -0.233034 -0.971326 -0.0471326
-6.46018 4.47685 46.7404 -0.233285 -0.971236 -0.047723
-5.59304 4.26212 46.9015 -0.233635 -0.971577 -0.038116
-4.61769 4.02674 47.0902 -0.224019 -0.973843 -0.0380267
-3.71163 3.81028 47.2891 -0.220378 -0.974632 -0.0388721
-2.38932 3.51049 47.4924 -0.212166 -0.976562 -0.0361837
-1.47514 3.31021 47.5713 -0.208665 -0.977367 -0.0346905
-0.431402 3.08946 47.6389 -0.201025 -0.978961 -0.034997
0.714422 2.85192 47.6963 -0.200611 -0.979011 -0.0359484
1.96835 2.59986 47.6922 -0.189735 -0.981327 -0.0315291
3.1949 2.36787 47.6281 -0.185111 -0.982216 -0.031354
4.33197 2.15773 47.5265 -0.176567 -0.983821 -0.0291641
5.57199 1.95125 47.3188 -0.168015 -0.985267 -0.0318934
6.52305 1.79705 47.1735 -0.164237 -0.985866 -0.0330861
7.44305 1.6509 46.972 -0.150873 -0.988186 -0.0261963
8.54573 1.49581 46.6582 -0.145822 -0.989052 -0.0226517
9.50244 1.36409 46.3561 -0.138884 -0.990065 -0.0218371
10.3769 1.24883 46.1159 -0.131574 -0.991062 -0.0212473
11.6412 1.09185 45.7934 -0.128155 -0.991599 -0.0175642
13.0292 0.919438 45.3887 -0.122361 -0.992333 -0.0162973
13.8941 0.821326 45.0913 -0.117447 -0.992984 -0.0137429
14.7968 0.719784 44.7902 -0.110364 -0.993758 -0.0158489
15.966 0.592747 44.4851 -0.111205 -0.99372 -0.012394
17.1334 0.47918 44.1605 -0.0933631 -0.995539 -0.0126267
18.4587 0.364828 43.8994 -0.0881131 -0.996035 -0.0122186
19.6508 0.2783 43.6628 -0.0693346 -0.997567 -0.00726514
20.6331 0.218172 42.4668 -0.0657853 -0.997806 -0.00634384
20.8992 0.211823 41.5627 -0.0540403 -0.998496 -0.00919754
20.7424 0.233025 40.3589 -0.0543897 -0.998454 -0.0114535
20.0668 0.288815 39.6045 -0.0683287 -0.997635 -0.00746516
19.3019 0.35724 38.7964 -0.0774595 -0.996869 -0.0159069
18.7103 0.413336 38.1003 -0.08239 -0.996536 -0.00998634
18.1871 0.468174 37.3315 -0.0874794 -0.9961 -0.0115177
17.7538 0.514967 36.4636 -0.0877774 -0.996108 -0.00794991
17.4142 0.553585 35.3631 -0.0876056 -0.996134 -0.00652152
17.1862 0.581212 34.3387 -0.101299 -0.994826 -0.00752099
17.0705 0.597915 33.1016 -0.088101 -0.9961 -0.00415338
17.117 0.596336 32.0994 -0.0895319 -0.99598 -0.00263391
17.3779 0.574253 30.7065 -0.0894474 -0.995991 0.000932125
17.6992 0.545677 29.714 -0.0882234 -0.996089 0.00465794
18.4067 0.475063 28.4026 -0.0893143 -0.995989 0.00542664
19.0165 0.417644 27.4888 -0.0760895 -0.997059 0.00915779
19.8394 0.346894 26.5232 -0.0749131 -0.997142 0.00969549
20.8284 0.265071 25.6879 -0.0664373 -0.997718 0.00996832
21.4662 0.216376 24.7332 -0.0591435 -0.998203 0.00947508
21.1891 0.222885 23.591 -0.0577865 -0.998291 0.00874468
20.7956 0.237945 22.7398 -0.0686958 -0.997576 0.0110714
19.6288 0.314564 22.3263 -0.0709703 -0.997388 0.0134535
18.5325 0.40157 22.2955 -0.0885558 -0.995972 0.0140832
17.4931 0.495326 22.2098 -0.0933651 -0.995526 0.0144904
16.3631 0.604462 22.0632 -0.10415 -0.994441 0.0154842
15.3219 0.712024 21.852 -0.111421 -0.993647 0.0158673
14.2911 0.826274 21.6509 -0.115596 -0.993136 0.0177004
12.9062 0.986079 21.4338 -0.122528 -0.992288 0.0187261
11.7925 1.11858 21.1665 -0.123896 -0.992062 0.0215022
10.871 1.23024 20.8565 -0.132115 -0.990952 0.0234815
9.86045 1.35689 20.5547 -0.137765 -0.990195 0.0231164
8.58104 1.53038 20.2202 -0.145988 -0.988953 0.0256662
7.32379 1.7107 20.013 -0.147328 -0.988541 0.032867
6.23569 1.87475 19.8322 -0.160222 -0.986631 0.029803
5.19524 2.04003 19.6323 -0.16658 -0.985498 0.0323112
4.25299 2.19654 19.5 -0.178241 -0.983276 0.0373583
3.08844 2.40372 19.3682 -0.17929 -0.983027 0.0388873
2.17892 2.57301 19.3729 -0.183444 -0.982282 0.0383557
1.27874 2.74373 19.4145 -0.192727 -0.980384 0.0410148
0.105359 2.97727 19.4104 -0.194736 -0.980072 0.0391975
-0.525674 3.10328 19.4259 -0.196692 -0.979657 0.039749
-0.568306 3.07199 18.4466 -0.20009 -0.978979 0.0395361
-1.8962 3.35406 18.6116 -0.203579 -0.978253 0.0396946
-3.03768 3.60702 18.7953 -0.210297 -0.976867 0.038814
-3.93604 3.80739 18.9831 -0.215552 -0.975272 0.0488135
-4.87571 4.0252 19.1854 -0.218113 -0.974754 0.0476896
-6.32008 4.36566 19.5243 -0.218827 -0.974822 0.0428562
-7.28956 4.59898 19.7812 -0.222654 -0.973959 0.0427721
-8.28031 4.83978 20.0597 -0.221615 -0.973862 0.0491532
-9.16845 5.05444 20.3489 -0.21874 -0.974018 0.0585761
-10.5145 5.38966 20.8328 -0.226 -0.972348 0.0586258
-11.6431 5.68417 21.2642 -0.224332 -0.97244 0.063333
-12.7927 5.97563 21.7277 -0.220579 -0.973158 0.0656394
-13.6653 6.19321 22.0304 -0.219398 -0.973487 0.064708
-14.6527 6.43388 22.4016 -0.21014 -0.97533 0.0676225
-15.7226 6.6786 22.7077 -0.198717 -0.977647 0.0686892
-16.7249 6.89751 23.005 -0.185724 -0.979872 0.0731613
-17.9642 7.16541 23.4078 -0.184636 -0.979882 0.0757021
-19.025 7.38006 23.7705 -0.167348 -0.98328 0.0715179
-20.0646 7.57195 24.0907 -0.161039 -0.984502 0.0694339
-20.9969 7.73157 24.3397 -0.145956 -0.986254 0.0774557
-22.3321 7.93321 24.648 -0.121914 -0.990252 0.0673645
-23.6625 8.09992 24.9865 -0.0831572 -0.994192 0.0683192
-24.7059 8.19802 25.1632 -0.0806978 -0.994376 0.068586
-25.8805 8.27185 25.2944 -0.0315217 -0.996584 0.0763353
-27.2378 8.30709 25.438 0.00220747 -0.998315 0.0579911
-28.3691 8.30417 25.5896 0.0167821 -0.998301 0.0557937
-29.4665 8.26524 25.6897 0.0604713 -0.995618 0.0705909
-30.4819 8.20148 25.7582 0.0745119 -0.995435 0.0596497
-31.4504 8.13631 25.8747 0.103426 -0.992565 0.0566498
-32.3921 8.01842 26.0407 0.133466 -0.989627 0.0531429
-33.5263 7.86932 26.2364 0.141385 -0.988286 0.057459
-34.6394 7.70654 26.4127 0.180834 -0.982232 0.0501946
-35.6241 7.53588 26.6129 0.195705 -0.979336 0.0483886
-36.7405 7.31912 27.0717 0.222652 -0.97369 0.0460077
-37.7705 7.08945 27.5749 0.235342 -0.971118 0.0393043
-38.5431 6.92342 28.1728 0.252361 -0.966641 0.0408761
-39.1654 6.79479 29.0763 0.262158 -0.964056 0.0432403
-39.5558 6.75284 30.1393 0.267687 -0.96192 0.0535651
-39.5964 6.80182 31.0725 0.261094 -0.963168 0.0643219
-39.3988 6.9285 32.0421 0.260737 -0.961973 0.0813867
-38.7884 7.16531 33.0559 0.234659 -0.970017 0.063253
-38.0371 7.39997 33.8961 0.227093 -0.972017 0.0599113
-37.2856 7.61165 34.5389 0.220878 -0.973607 0.057364
-36.372 7.84089 35.1251 0.205903 -0.97721 0.0516104
-35.3072 8.07065 35.6422 0.168648 -0.984779 0.0418936
-34.2948 8.25611 36.0757 0.148958 -0.987973 0.041486
-32.9311 8.46149 36.654 0.117094 -0.992754 0.0269777
-32.0596 8.56918 36.9959 0.085967 -0.996242 0.010549
-31.1224 8.64783 37.4005 0.0584689 -0.998084 0.0146673
-30.082 8.70113 37.8064 0.0475945 -0.998801 0.0114678
-29.1377 8.72165 38.1304 0.0134174 -0.999849 -0.00606116
-27.97 8.7227 38.5565 -0.00545516 -0.999863 -0.0114219
-26.9756 8.70301 38.9705 -0.0331374 -0.999338 -0.0115545
-25.6256 8.63892 39.4963 -0.0563174 -0.998204 -0.0113751
-24.21 8.50551 40.0022 -0.097036 -0.994865 -0.0260137
-22.9579 8.34404 40.4435 -0.121496 -0.992255 -0.0258733
-21.892 8.18854 40.8281 -0.131739 -0.990791 -0.0311063
-20.7431 7.98078 41.3552 -0.169829 -0.984781 -0.0365422
-19.4063 7.71397 41.989 -0.179516 -0.983027 -0.0378412
-18.5889 7.53207 42.4091 -0.195871 -0.979262 -0.0517767
-17.5546 7.29625 42.8917 -0.203821 -0.977398 -0.0561258
-16.6762 7.08898 43.3109 -0.205147 -0.976816 -0.0609827
-15.5216 6.81157 43.8594 -0.215027 -0.974687 -0.0607204
-14.6376 6.58089 44.2986 -0.221841 -0.972822 -0.0663541
-13.8288 6.36839 44.6945 -0.224605 -0.9723 -0.0647008
-12.6985 6.06724 45.2374 -0.231578 -0.970728 -0.0636883
-11.6489 5.78516 45.7508 -0.230915 -0.970983 -0.0622092
-10.7162 5.53439 46.1477 -0.235422 -0.970176 -0.057752
-9.72208 5.27367 46.5129 -0.232016 -0.971 -0.0576829
-8.55093 4.96788 46.9906 -0.231887 -0.971301 -0.0529392
-7.18757 4.61218 47.5362 -0.233535 -0.971147 -0.0483137
-6.10807 4.34197 47.8014 -0.227159 -0.97274 -0.0466191
-4.98891 4.0748 48.0042 -0.221915 -0.974151 -0.0422118
-3.8075 3.79292 48.2668 -0.21952 -0.974843 -0.0383085
-2.68543 3.54061 48.4316 -0.213283 -0.976291 -0.0369767
-1.58951 3.30161 48.5251 -0.206873 -0.977728 -0.0353842
-0.361816 3.03969 48.6257 -0.203045 -0.978561 -0.0344711
0.890299 2.78027 48.6739 -0.198767 -0.979497 -0.0326134
2.03559 2.55608 48.6569 -0.191771 -0.980939 -0.0313436
2.92855 2.38717 48.6265 -0.18637 -0.981999 -0.0307302
4.0446 2.17974 48.5227 -0.178513 -0.983465 -0.0299451
5.15156 1.98894 48.3845 -0.171504 -0.984722 -0.0300387
6.51387 1.76458 48.1865 -0.165217 -0.985726 -0.0323542
7.47516 1.62238 47.9826 -0.149487 -0.988508 -0.0224624
8.86517 1.42758 47.5763 -0.142895 -0.989429 -0.0246246
9.99816 1.27556 47.2135 -0.134301 -0.990644 -0.023153
11.3855 1.10583 46.856 -0.126376 -0.991754 -0.021279
12.6147 0.952354 46.5562 -0.12844 -0.991546 -0.0183891
13.9103 0.804937 46.1268 -0.115756 -0.993153 -0.0157069
15.2438 0.653062 45.6889 -0.113641 -0.993371 -0.0166111
16.4457 0.533597 45.3747 -0.0978332 -0.995143 -0.0108406
17.4122 0.442742 45.1295 -0.0884882 -0.996005 -0.0119854
18.3438 0.362557 44.9219 -0.0825481 -0.996519 -0.00976608
19.2395 0.294651 44.7826 -0.0767254 -0.997025 -0.00732793
20.135 0.232828 44.6855 -0.0616019 -0.998036 -0.0113395
21.0618 0.181745 44.0753 -0.0627885 -0.997976 -0.0101173
21.5822 0.15835 43.0806 -0.0546195 -0.998434 -0.0121343
21.7836 0.158511 42.1223 -0.0544312 -0.99847 -0.00974738
22.0612 0.155638 40.9321 -0.0512499 -0.998634 -0.0101782
21.6024 0.192669 39.6998 -0.056123 -0.998387 -0.00862044
20.9183 0.23868 39.0914 -0.0638175 -0.997846 -0.0151756
20.2079 0.294745 38.3924 -0.0653388 -0.997758 -0.0144175
19.5595 0.351256 37.6564 -0.0773004 -0.996972 -0.00845478
18.8945 0.412828 36.7451 -0.0873863 -0.996126 -0.00961845
18.4466 0.461096 35.5811 -0.085288 -0.996314 -0.00889943
18.1768 0.492049 34.555 -0.081964 -0.996605 -0.00771058
18.0065 0.513644 33.2141 -0.0893999 -0.995993 -0.00224898
18.0783 0.51003 32.0527 -0.0853678 -0.996335 -0.00323064
18.2769 0.495633 31.0979 -0.0845194 -0.996421 -3.77564e-06
18.5596 0.472276 30.1334 -0.0851329 -0.996369 -0.000831376
19.1098 0.419507 29.0514 -0.0858402 -0.996288 0.00625073
19.8213 0.36119 28.0298 -0.0772519 -0.99699 0.00496812
20.4814 0.305201 27.254 -0.0707737 -0.99744 0.0102308
21.4202 0.235612 26.4892 -0.0624698 -0.998029 0.00578816
22.1834 0.183856 25.9976 -0.0583174 -0.998261 0.00729681
22.5334 0.158136 24.8709 -0.0510867 -0.998673 0.00593715
22.1981 0.163935 23.5389 -0.0541933 -0.998488 0.00811361
21.9162 0.168796 22.6662 -0.0506887 -0.998652 0.0112086
21.2351 0.195614 21.5319 -0.0555612 -0.998446 0.00425124
19.9333 0.279599 21.3099 -0.070569 -0.997422 0.0130247
18.9533 0.349943 21.3116 -0.0861078 -0.996169 0.0151381
18.0167 0.431923 21.2844 -0.0888407 -0.995913 0.0162465
16.9822 0.524816 21.1592 -0.0926334 -0.995537 0.0180202
15.7644 0.648538 20.9383 -0.103663 -0.994442 0.0183503
14.7238 0.758221 20.73 -0.112028 -0.993505 0.0197769
13.4991 0.895328 20.5534 -0.117208 -0.99287 0.0214292
12.4608 1.01698 20.3296 -0.12252 -0.99223 0.0216019
11.4324 1.13718 20.0045 -0.122853 -0.992143 0.0236585
10.5398 1.24533 19.724 -0.128307 -0.991456 0.023479
9.62135 1.36159 19.4544 -0.134736 -0.990569 0.0247846
8.60323 1.49878 19.218 -0.141485 -0.989416 0.0322267
7.52953 1.64916 19.049 -0.145796 -0.988819 0.0313055
6.4497 1.80906 18.8738 -0.158679 -0.986775 0.0331131
5.19764 2.00355 18.6278 -0.161878 -0.986037 0.0390649
4.13264 2.18044 18.4628 -0.177193 -0.983524 0.035829
3.12235 2.35748 18.356 -0.174291 -0.983827 0.0412969
2.22179 2.52637 18.3743 -0.18373 -0.982247 0.0378618
1.12219 2.73621 18.4328 -0.189533 -0.981149 0.0377414
0.051171 2.9444 18.4226 -0.198006 -0.979299 0.0419117
-0.265816 3.00945 18.4291 -0.20009 -0.978979 0.0395359
-0.34832 2.98406 17.4309 -0.202382 -0.978355 0.0431604
0.805644 2.75629 17.4598 -0.187942 -0.981231 0.0431698
1.94144 2.53448 17.3874 -0.186035 -0.981423 0.0469106
2.93317 2.34796 17.3484 -0.17319 -0.984 0.0418141
4.13091 2.14022 17.4518 -0.175297 -0.98368 0.0405478
5.29295 1.9503 17.6443 -0.159875 -0.986395 0.0382505
6.42594 1.77762 17.8561 -0.154178 -0.987307 0.0381357
7.55839 1.61081 18.0385 -0.144338 -0.988951 0.0338069
8.51443 1.47988 18.2034 -0.138649 -0.989861 0.0308059
9.87824 1.3024 18.4809 -0.129448 -0.99113 0.0300711
10.8999 1.17597 18.7706 -0.128099 -0.991477 0.0237386
11.9821 1.04817 19.181 -0.125237 -0.991771 0.0265612
13.0762 0.922193 19.4882 -0.117234 -0.992703 0.0282166
14.1913 0.796383 19.6523 -0.113886 -0.993252 0.0219042
15.2614 0.680048 19.8176 -0.107799 -0.993915 0.0226276
16.3691 0.568527 20.0647 -0.102697 -0.994534 0.0188352
17.4946 0.461757 20.2364 -0.0889777 -0.995842 0.0195133
18.6726 0.359835 20.3175 -0.0845588 -0.996321 0.0139604
19.7489 0.275381 20.3128 -0.0668759 -0.99764 0.0152024
21.1368 0.187226 20.2531 -0.0595533 -0.998138 0.0131915
22.4328 0.126906 21.0481 -0.055962 -0.998361 0.0103505
22.9051 0.118385 22.6465 -0.050372 -0.998677 0.0103379
23.2079 0.112686 23.5782 -0.0513615 -0.998625 0.0105336
23.5314 0.105169 24.6628 -0.045486 -0.998924 0.00564894
23.6961 0.105606 25.5547 -0.0387383 -0.999219 0.00778967
23.0465 0.146722 26.721 -0.0489409 -0.998756 0.00922743
22.049 0.200418 27.2528 -0.0505915 -0.998682 0.00859615
21.2827 0.254462 27.8505 -0.0710761 -0.997441 0.0069652
20.4685 0.315929 28.7139 -0.0713786 -0.997442 0.00369958
19.7591 0.372871 29.801 -0.0732716 -0.997304 0.00408591
19.2379 0.414691 31.0734 -0.0763052 -0.997054 0.0015439
19.0317 0.432778 31.9502 -0.08254 -0.996583 -0.00151872
18.9525 0.437434 32.9489 -0.0797073 -0.996817 -0.00132845
19.0381 0.425815 34.0524 -0.0810114 -0.996676 -0.00856997
19.2588 0.401162 35.0398 -0.0723149 -0.99734 -0.00891107
19.7246 0.355057 36.2562 -0.0711929 -0.997407 -0.010544
20.6093 0.276711 37.4082 -0.0698458 -0.997504 -0.00973131
21.6762 0.199187 38.4962 -0.0574153 -0.998295 -0.0104608
22.4691 0.149093 39.0558 -0.0564191 -0.998366 -0.00906053
23.1526 0.11143 39.6724 -0.0411022 -0.999111 -0.00936351
23.1571 0.102035 40.6551 -0.0468619 -0.998854 -0.00769879
22.8729 0.10773 41.7615 -0.0414574 -0.999126 -0.00533179
22.6699 0.107225 42.9628 -0.0419734 -0.999081 -0.00871503
22.4414 0.109282 43.8592 -0.042462 -0.999059 -0.00882334
21.9119 0.127858 44.7514 -0.0473387 -0.99887 -0.00432678
21.1435 0.161728 45.5681 -0.0597167 -0.99818 -0.00817956
20.2104 0.217451 45.7402 -0.0643251 -0.9979 -0.00663783
19.2359 0.285724 45.7567 -0.076563 -0.997 -0.0113588
18.0892 0.376318 45.9657 -0.0827728 -0.996551 -0.0059743
16.8944 0.478835 46.3043 -0.0972441 -0.995191 -0.0117406
16.0075 0.564362 46.4815 -0.103316 -0.994596 -0.0100751
14.9832 0.669302 46.771 -0.111036 -0.993729 -0.0111624
14.0658 0.771628 47.0999 -0.114781 -0.993267 -0.0156525
13.1891 0.86962 47.4092 -0.117342 -0.992975 -0.0151864
12.0738 1.0002 47.7097 -0.127266 -0.991662 -0.0201837
11.1639 1.11158 47.9041 -0.126376 -0.991754 -0.021279
10.0212 1.25193 48.2076 -0.127581 -0.991614 -0.0206077
8.8848 1.40023 48.6047 -0.144759 -0.989183 -0.0237006
7.95333 1.52971 48.8877 -0.143325 -0.989373 -0.0244377
6.60661 1.72736 49.1615 -0.156549 -0.987408 -0.0216285
5.42583 1.91689 49.3332 -0.161069 -0.986635 -0.0246619
4.53832 2.06688 49.4653 -0.172831 -0.984585 -0.0268862
3.6538 2.2208 49.5493 -0.177001 -0.983847 -0.0267369
2.27732 2.47857 49.6015 -0.191863 -0.98092 -0.0313934
1.33388 2.66307 49.6011 -0.193877 -0.980543 -0.0306863
0.110504 2.90698 49.6281 -0.195541 -0.980136 -0.0329794
-0.775175 3.09371 49.5649 -0.204448 -0.978195 -0.0365513
-1.87821 3.32949 49.4613 -0.208786 -0.977262 -0.0368944
-2.82711 3.53439 49.4081 -0.213806 -0.97609 -0.0391466
-4.41064 3.89423 49.1463 -0.215109 -0.975765 -0.0401357
-5.78529 4.21799 48.8493 -0.223695 -0.973656 -0.0440778
-6.81245 4.46832 48.644 -0.228539 -0.972537 -0.0440634
-7.98479 4.76375 48.2967 -0.230295 -0.971815 -0.0503954
-9.09279 5.05239 47.8136 -0.23042 -0.971647 -0.0529839
-10.308 5.36366 47.3547 -0.230484 -0.971496 -0.0553568
-11.5597 5.68987 46.8585 -0.226707 -0.971737 -0.0658112
-12.4639 5.93203 46.4369 -0.229333 -0.971064 -0.0666421
-13.4537 6.1925 45.9613 -0.218628 -0.972808 -0.0764352
-14.275 6.41135 45.5494 -0.219974 -0.972379 -0.0780391
-15.15 6.64222 45.1123 -0.221841 -0.972822 -0.0663537
-16.2187 6.90723 44.6107 -0.205896 -0.975936 -0.0718026
-17.0596 7.10723 44.243 -0.206474 -0.976234 -0.0658396
-18.1031 7.36228 43.7334 -0.205147 -0.976816 -0.0609829
-19.2708 7.62311 43.1744 -0.185489 -0.980306 -0.0677798
-20.7062 7.92976 42.4292 -0.166575 -0.984197 -0.0600692
-22.0441 8.1712 41.8356 -0.141234 -0.989201 -0.0391603
-23.1128 8.3336 41.4214 -0.131301 -0.99095 -0.0278892
-24.2371 8.47315 40.9941 -0.10476 -0.993746 -0.0386446
-25.1655 8.57921 40.6808 -0.0696568 -0.997059 -0.0244313
-26.3076 8.64967 40.2833 -0.045316 -0.998588 -0.0267191
-27.5322 8.70558 39.8037 -0.0142759 -0.999542 -0.0171395
-28.9159 8.707 39.271 0.00709178 -0.999829 -0.016492
-30.1191 8.70161 38.8489 0.017138 -0.999746 -0.011003
-31.1515 8.66183 38.4512 0.0645413 -0.997602 0.0135894
-32.1318 8.57406 38.0454 0.0859669 -0.996242 0.0105491
-33.0632 8.49034 37.6936 0.101408 -0.99422 0.0268646
-34.0671 8.33569 37.2457 0.143141 -0.989249 0.0299403
-35.3343 8.108 36.681 0.172053 -0.984164 0.042642
-36.5075 7.86237 36.1747 0.203426 -0.978121 0.0435582
-37.5596 7.60529 35.5424 0.223 -0.973532 0.0500713
-38.7152 7.28304 34.6268 0.2349 -0.970596 0.0525821
-39.3752 7.07966 33.9024 0.253452 -0.964727 0.0681807
-39.9074 6.8751 33.1942 0.272714 -0.959384 0.0721736
-40.3178 6.699 32.4138 0.272058 -0.959451 0.0737428
-40.6166 6.50453 30.8894 0.270625 -0.960474 0.0652036
-40.5923 6.44655 29.9244 0.26964 -0.961063 0.0604373
-40.2643 6.48524 28.9784 0.280354 -0.9586 0.0498749
-39.7186 6.59606 28.0706 0.269145 -0.96183 0.0490835
-38.9477 6.76491 27.1839 0.267413 -0.962646 0.042374
-37.8262 7.02693 26.5065 0.243824 -0.968419 0.0520969
-36.4146 7.32753 25.848 0.206793 -0.977471 0.041606
-35.0931 7.57658 25.4889 0.179922 -0.982438 0.0494288
-33.9817 7.75315 25.2983 0.144352 -0.988173 0.0517193
-33.0235 7.88373 25.1302 0.138688 -0.988945 0.0522202
-31.6291 8.05716 24.9227 0.129788 -0.989646 0.0612919
-30.1599 8.1501 24.7487 0.0581326 -0.994998 0.0812437
-28.9388 8.20832 24.6398 0.0523747 -0.995273 0.0817793
-27.9199 8.2516 24.5139 0.0345783 -0.996787 0.0687865
-26.5611 8.2295 24.4033 -0.0217327 -0.996996 0.0735102
-25.364 8.18162 24.263 -0.0315643 -0.997089 0.0693995
-24.1181 8.07793 24.1087 -0.0891121 -0.993383 0.0717155
-22.8509 7.93739 23.7706 -0.105761 -0.991634 0.0720559
-21.85 7.78657 23.537 -0.132207 -0.987883 0.0812942
-20.6349 7.59397 23.2537 -0.141994 -0.987189 0.0727728
-19.7708 7.44657 22.9946 -0.162328 -0.984101 0.0720079
-18.6867 7.24054 22.6665 -0.169124 -0.982919 0.0724013
-17.4252 6.97285 22.2298 -0.184636 -0.979882 0.0757013
-16.1156 6.6954 21.8098 -0.191289 -0.978978 0.0703667
-15.1519 6.47715 21.5367 -0.20169 -0.976854 0.0712494
-14.1179 6.23328 21.1788 -0.211724 -0.974893 0.0689687
-13.2789 6.02539 20.843 -0.215821 -0.973853 0.0709286
-12.2649 5.77267 20.4742 -0.219563 -0.973511 0.063789
-11.3849 5.55088 20.1457 -0.227457 -0.971917 0.0602637
-9.93327 5.18025 19.5797 -0.223493 -0.972903 0.0591805
-8.52753 4.84067 19.1135 -0.216959 -0.974562 0.0561902
-7.6572 4.63747 18.8995 -0.21365 -0.975579 0.0509725
-6.79993 4.43374 18.6413 -0.218375 -0.974538 0.0508569
-5.646 4.15938 18.3559 -0.220292 -0.9742 0.0490499
-4.7606 3.94976 18.1691 -0.216656 -0.97513 0.0464846
-3.54432 3.67637 17.8935 -0.206723 -0.977208 0.0482785
-2.63292 3.4757 17.7202 -0.205818 -0.977441 0.0474196
-1.63964 3.25876 17.5716 -0.203916 -0.978198 0.0393355
-0.716059 3.06095 17.4496 -0.20196 -0.978423 0.0435898
-0.647706 3.00219 16.4563 -0.201538 -0.978491 0.0440193
-1.57491 3.19935 16.557 -0.205723 -0.977619 0.044018
-2.5455 3.41173 16.7205 -0.206599 -0.977468 0.043273
-3.48945 3.6169 16.8732 -0.206278 -0.977592 0.0419897
-4.60162 3.86785 17.122 -0.213215 -0.975906 0.0463392
-5.63506 4.10509 17.3267 -0.218437 -0.97456 0.0501427
-6.84232 4.38857 17.6175 -0.217589 -0.974673 0.0516389
-7.68016 4.58969 17.92 -0.213952 -0.975365 0.0537432
-8.86792 4.86132 18.1574 -0.211934 -0.975829 0.0532998
-9.79215 5.08103 18.4477 -0.211327 -0.97566 0.0585579
-11.1167 5.41266 19.019 -0.220797 -0.972901 0.0686166
-12.2185 5.68792 19.4019 -0.218358 -0.973449 0.0686771
-13.2978 5.95636 19.8201 -0.21431 -0.974331 0.06892
-14.2812 6.19858 20.2371 -0.200592 -0.976728 0.0759294
-15.3262 6.43851 20.5802 -0.198712 -0.97715 0.075445
-16.2536 6.64434 20.8371 -0.180602 -0.980445 0.078166
-17.2449 6.8543 21.1716 -0.18242 -0.98002 0.0792645
-18.356 7.09091 21.5365 -0.172739 -0.981684 0.0797919
-19.6887 7.34875 21.9672 -0.156359 -0.984052 0.0845006
-20.6259 7.51613 22.2521 -0.145236 -0.986005 0.0815666
-21.9818 7.72396 22.5672 -0.128626 -0.988657 0.0775479
-23.0627 7.87545 22.8089 -0.0903243 -0.992278 0.0850042
-23.9625 7.97916 23.0633 -0.0892211 -0.992565 0.0827573
-25.3973 8.11703 23.2988 -0.0737992 -0.992549 0.0969506
-26.3375 8.15675 23.4167 -0.0200245 -0.997449 0.0685236
-27.551 8.18384 23.4944 0.00793243 -0.997306 0.0696355
-28.5646 8.16382 23.609 0.0410173 -0.996764 0.0673002
-30.0612 8.09262 23.7719 0.0537711 -0.996876 0.0578492
-31.0855 8.03587 23.8826 0.0939097 -0.991968 0.0847343
-32.6997 7.87006 24.0913 0.132278 -0.989707 0.054463
-33.9236 7.70697 24.2713 0.144353 -0.988036 0.0542542
-35.192 7.51269 24.5054 0.186701 -0.981159 0.0492431
-36.3519 7.29678 24.7405 0.194402 -0.97952 0.052419
-37.2049 7.12569 25.1204 0.242645 -0.969314 0.0394122
-38.1879 6.89664 25.5838 0.245093 -0.968759 0.0378952
-39.2802 6.62737 26.1905 0.275497 -0.960586 0.0357691
-40.2503 6.39684 27.1593 0.273613 -0.960739 0.0460116
-40.9028 6.25153 28.0136 0.281612 -0.958429 0.0459123
-41.4233 6.16429 29.2227 0.279405 -0.958265 0.0605056
-41.6164 6.2042 30.7412 0.279911 -0.958111 0.0606157
-41.4954 6.32698 31.9272 0.276899 -0.957923 0.0753491
-41.2005 6.48703 32.9522 0.275409 -0.958685 0.0712248
-40.7059 6.6948 33.8295 0.274638 -0.958883 0.0715303
-40.0214 6.95962 34.6916 0.273791 -0.95815 0.0835884
-39.3314 7.17548 35.3942 0.234968 -0.97058 0.0525748
-38.6226 7.37641 35.9638 0.233009 -0.971196 0.0498591
-37.8626 7.58459 36.4891 0.214522 -0.975755 0.0416653
-36.7326 7.84629 37.1839 0.200808 -0.978538 0.0445451
-35.9159 8.0402 37.5127 0.174765 -0.983797 0.0399986
-34.9391 8.23018 37.9212 0.156299 -0.98692 0.0346164
-34.0035 8.37624 38.3831 0.143235 -0.989377 0.0248567
-33.0551 8.49505 38.7549 0.0942771 -0.995407 0.0126176
-31.727 8.62833 39.2982 0.0725511 -0.997225 0.00732691
-30.6448 8.67871 39.7109 0.0265805 -0.999595 -0.0101589
-29.7122 8.69164 40.0795 0.00946466 -0.999934 -0.00658873
-28.6172 8.69598 40.4606 0.0044386 -0.999956 -0.00823998
-27.4842 8.67585 40.872 -0.0324051 -0.999142 -0.0257951
-26.3072 8.61812 41.3016 -0.0418802 -0.998556 -0.0336343
-25.3714 8.55236 41.6155 -0.0807524 -0.995423 -0.051101
-24.1645 8.42395 42.0625 -0.107396 -0.993383 -0.040576
-23.3103 8.31554 42.4087 -0.109252 -0.9932 -0.0402181
-21.9807 8.11238 42.8874 -0.149684 -0.987099 -0.0553803
-21.055 7.93282 43.3461 -0.163369 -0.984657 -0.0612313
-20.1658 7.74569 43.8078 -0.176493 -0.981877 -0.0690535
-18.9991 7.48887 44.3575 -0.186378 -0.979866 -0.0715911
-17.6599 7.17641 45.0258 -0.201092 -0.976818 -0.0733903
-16.4781 6.88963 45.5744 -0.2044 -0.976006 -0.0750471
-15.636 6.68461 45.9388 -0.210286 -0.974561 -0.0773041
-14.799 6.46407 46.3696 -0.217572 -0.972829 -0.0791116
-13.8045 6.1987 46.8993 -0.217282 -0.973236 -0.0748316
-12.5196 5.8673 47.4754 -0.217765 -0.973133 -0.0747736
-11.5926 5.62983 47.8828 -0.223989 -0.972525 -0.0633519
-10.5851 5.36975 48.2935 -0.225278 -0.972403 -0.0606738
-9.72713 5.15202 48.6075 -0.22476 -0.972463 -0.0616354
-8.94272 4.95075 49.0061 -0.222903 -0.973229 -0.0556932
-8.0626 4.72537 49.3296 -0.228376 -0.972077 -0.0539464
-7.18666 4.50819 49.547 -0.227034 -0.972412 -0.0535876
-5.73449 4.16063 49.8667 -0.21843 -0.974838 -0.0444867
-4.32455 3.8333 50.1662 -0.215128 -0.975761 -0.0401261
-3.10221 3.55608 50.3855 -0.212521 -0.976412 -0.0381481
-2.06674 3.33084 50.4228 -0.205955 -0.977812 -0.038189
-0.984915 3.10245 50.5044 -0.203923 -0.978327 -0.0359211
-0.0584186 2.90715 50.5791 -0.203455 -0.978409 -0.0363312
1.10409 2.67596 50.5873 -0.193432 -0.980565 -0.0328065
2.12972 2.47519 50.5658 -0.192377 -0.980774 -0.0327738
3.01689 2.30797 50.5423 -0.176514 -0.983922 -0.0271955
3.9207 2.14674 50.5077 -0.174898 -0.984218 -0.0268397
4.93516 1.97167 50.4118 -0.172333 -0.984692 -0.0261471
6.47285 1.72219 50.1441 -0.162429 -0.986259 -0.0301696
7.39944 1.58018 50.0324 -0.148298 -0.988557 -0.0267903
8.33128 1.45169 49.8294 -0.143325 -0.989373 -0.0244376
9.45373 1.29909 49.45 -0.140116 -0.989918 -0.0207524
10.6566 1.15152 49.0366 -0.128047 -0.991507 -0.0227725
11.6672 1.03026 48.7915 -0.123416 -0.992131 -0.0211029
12.9021 0.884527 48.5199 -0.117473 -0.9929 -0.0187252
13.8712 0.775919 48.2136 -0.112267 -0.993533 -0.0169877
14.7736 0.679164 47.8421 -0.109412 -0.993894 -0.0134868
15.6949 0.585714 47.5555 -0.10545 -0.994356 -0.0116626
16.7017 0.48516 47.355 -0.096966 -0.995214 -0.0121005
18.0331 0.371375 46.9987 -0.0828401 -0.996505 -0.0106672
19.3739 0.265041 46.6827 -0.072391 -0.997267 -0.0126997
20.3406 0.200138 46.7444 -0.0628198 -0.997935 -0.0122982
21.5033 0.131045 46.8117 -0.0582315 -0.998267 -0.00850723
22.4196 0.091759 45.8727 -0.0426431 -0.999026 -0.00974487
22.9492 0.0774583 45.0376 -0.0473829 -0.99883 -0.0086498
23.5623 0.062651 43.8278 -0.0410706 -0.999118 -0.00876134
23.7133 0.0671925 42.591 -0.0413058 -0.999108 -0.00881772
23.9297 0.0667222 41.527 -0.0369802 -0.999288 -0.00753091
24.253 0.0621294 40.4697 -0.0371932 -0.99929 -0.00596613
24.3623 0.0636181 39.5387 -0.0316835 -0.999454 -0.00748308
23.869 0.0882662 38.6728 -0.0418807 -0.999112 -0.00455745
22.7473 0.144736 38.111 -0.0491983 -0.998722 -0.0115927
21.9707 0.193256 37.4907 -0.0589488 -0.998209 -0.0101267
21.2608 0.242356 36.7233 -0.0593263 -0.998198 -0.00898661
20.6217 0.29513 35.9264 -0.0657217 -0.997756 -0.012661
20.2152 0.330477 35.0748 -0.0734366 -0.997273 -0.00727808
19.9375 0.359742 33.8723 -0.0725998 -0.997332 -0.00765071
19.8982 0.368607 32.6352 -0.0706169 -0.997501 -0.0021212
20.0718 0.35829 31.527 -0.0697864 -0.997559 0.000224893
20.4906 0.323786 30.4794 -0.0719838 -0.997386 0.00635771
20.9869 0.28396 29.612 -0.0635497 -0.997955 0.00677773
21.8805 0.219783 28.5889 -0.0618229 -0.998044 0.00924305
22.5977 0.178749 28.0486 -0.050639 -0.9987 0.00579732
23.6019 0.125848 27.5736 -0.047281 -0.998853 0.0075945
24.4238 0.0880611 27.1944 -0.0400014 -0.999188 0.00480831
24.7733 0.0691778 26.3788 -0.0405055 -0.999161 0.00600576
24.7176 0.0650451 25.428 -0.0379266 -0.999256 0.00686394
24.44 0.0680038 24.2202 -0.0371236 -0.999292 0.00608306
24.07 0.0733015 23.1383 -0.0386744 -0.999224 0.00709177
23.7129 0.0771163 21.9771 -0.0414028 -0.999083 0.0108885
23.4108 0.0786121 20.8214 -0.0464689 -0.998844 0.0122823
22.8187 0.092435 19.6315 -0.0454009 -0.998925 0.00931252
21.8224 0.132247 19.1792 -0.0512307 -0.998575 0.0124417
20.9122 0.187293 19.2439 -0.0595 -0.998143 0.0130613
19.4967 0.279619 19.3464 -0.0647382 -0.997823 0.012555
18.1393 0.388742 19.3046 -0.0846692 -0.996273 0.0164832
17.0983 0.476786 19.1963 -0.0958373 -0.995188 0.0191744
16.1061 0.573627 19.0103 -0.10027 -0.994711 0.0222469
14.9731 0.687203 18.7549 -0.104749 -0.994189 0.0245546
13.9725 0.795727 18.6265 -0.111379 -0.993421 0.0266513
12.7936 0.926634 18.4483 -0.119495 -0.992469 0.0264274
11.5163 1.07459 17.963 -0.124913 -0.991829 0.0259133
10.5591 1.18655 17.6432 -0.130754 -0.9909 0.03195
9.35866 1.33511 17.3401 -0.133199 -0.99059 0.0313288
8.37944 1.46599 17.1977 -0.139856 -0.98966 0.0317333
7.50194 1.58572 17.0201 -0.140459 -0.989483 0.0345714
6.47614 1.73264 16.8497 -0.153417 -0.987545 0.0349032
5.26114 1.91532 16.6219 -0.156468 -0.987056 0.0351818
4.01108 2.11825 16.4411 -0.172245 -0.984085 0.0436843
2.90795 2.31005 16.3895 -0.174007 -0.983746 0.0443251
1.86785 2.5016 16.4075 -0.185983 -0.981437 0.0468125
0.835809 2.70453 16.4932 -0.192467 -0.980155 0.0474674
-0.148804 2.89889 16.4444 -0.201594 -0.978471 0.0442047
-0.493022 2.96979 16.4442 -0.201538 -0.978491 0.0440193
-0.721588 2.97271 15.4696 -0.201649 -0.978451 0.0443902
0.296296 2.76795 15.4856 -0.194345 -0.980058 0.0414287
1.55612 2.51671 15.4356 -0.188102 -0.981211 0.0429386
2.58318 2.32563 15.4679 -0.1736 -0.983814 0.0444176
3.77518 2.11916 15.458 -0.169592 -0.984708 0.0398227
4.73902 1.95584 15.4859 -0.155732 -0.987095 0.0373076
5.70054 1.81257 15.7143 -0.154819 -0.987206 0.0380985
6.66342 1.66669 15.8177 -0.153862 -0.987409 0.0367399
7.88765 1.49727 16.0566 -0.140492 -0.989475 0.0346479
8.80575 1.37743 16.3325 -0.135819 -0.990053 0.0367149
9.9778 1.22681 16.5317 -0.130623 -0.990869 0.0334006
10.971 1.10293 16.7504 -0.126607 -0.991421 0.0321906
11.8446 1.00271 16.9837 -0.121973 -0.992016 0.0320581
12.9006 0.884806 17.379 -0.121119 -0.99216 0.0307616
13.7659 0.792028 17.6249 -0.112323 -0.99331 0.0267579
14.7422 0.687148 17.7658 -0.110802 -0.993509 0.0257319
15.6616 0.592787 17.9549 -0.103901 -0.994196 0.0279055
17.0168 0.465946 18.1993 -0.0991345 -0.994895 0.0188721
18.1436 0.369229 18.262 -0.0790441 -0.996672 0.0199348
19.1252 0.293036 18.3505 -0.0783504 -0.996744 0.0190088
20.4049 0.205232 18.28 -0.059624 -0.998139 0.0127653
21.7567 0.122428 18.1195 -0.0595352 -0.998144 0.012848
23.0524 0.0681523 18.256 -0.0429562 -0.999 0.0123981
23.9189 0.0434533 19.338 -0.0399828 -0.99916 0.0089897
24.2326 0.0415775 20.2053 -0.0368292 -0.999294 0.00748676
24.5635 0.0399679 21.359 -0.034527 -0.99936 0.00934605
24.9038 0.0399584 22.6122 -0.0346318 -0.999366 0.00817897
25.4174 0.0342781 23.9689 -0.029169 -0.999541 0.00792321
25.6277 0.0340517 24.9019 -0.0287211 -0.999569 0.00608951
25.7895 0.0348736 25.8207 -0.0288386 -0.999566 0.00597366
25.8714 0.036114 26.7888 -0.0295197 -0.99956 0.00236949
25.5665 0.045162 27.9033 -0.0359798 -0.999334 0.00125058
24.3863 0.0959933 28.5306 -0.0436412 -0.99902 0.00620147
23.2893 0.144765 28.7533 -0.0423778 -0.999099 0.00248106
22.5138 0.187076 29.2302 -0.0573648 -0.998345 0.00327031
21.8488 0.233895 30.3212 -0.0635497 -0.997955 0.00677773
20.9582 0.297705 31.6001 -0.0661373 -0.99781 -0.000586307
20.8308 0.304385 32.6647 -0.0666984 -0.997768 -0.00279092
20.8556 0.296256 33.8717 -0.0672111 -0.997718 -0.0063736
21.348 0.255298 35.1525 -0.0656085 -0.997794 -0.0100897
21.9879 0.206106 36.0815 -0.0562321 -0.998365 -0.0102415
22.9541 0.140824 37.1543 -0.0556452 -0.998398 -0.010259
24.186 0.0817056 37.6708 -0.0379291 -0.999262 -0.00604041
25.3423 0.033022 38.3504 -0.037455 -0.999275 -0.00675519
25.4904 0.031053 39.4785 -0.03022 -0.999538 0.0031473
25.3336 0.0302717 40.4178 -0.026174 -0.999617 -0.00899999
24.9657 0.0321858 41.4403 -0.0312094 -0.999505 -0.00398719
24.6893 0.0351712 42.485 -0.0320153 -0.999459 -0.00758386
24.5844 0.0284266 43.4957 -0.0283032 -0.999566 -0.00698871
24.4188 0.0283049 44.3924 -0.0243591 -0.999684 -0.00619778
24.0067 0.0342347 45.4195 -0.0383146 -0.999246 -0.00620475
23.4092 0.051658 46.2658 -0.0380487 -0.999251 -0.00695946
22.752 0.0695564 47.1994 -0.0414158 -0.999121 -0.00467073
22.1486 0.0949495 47.8955 -0.0486657 -0.998708 -0.0146534
21.2142 0.137 48.0921 -0.0515319 -0.99863 -0.00513108
20.2963 0.194221 47.7727 -0.0589454 -0.998217 -0.00935275
19.388 0.254562 47.6271 -0.0799931 -0.996722 -0.0121052
18.4138 0.328918 47.8734 -0.0803672 -0.996597 -0.017668
17.4315 0.406006 48.2315 -0.0830857 -0.996445 -0.0139478
16.258 0.514074 48.4529 -0.0993729 -0.994932 -0.0143029
15.365 0.605619 48.6365 -0.104939 -0.994371 -0.0146208
14.3769 0.70716 49.0572 -0.108972 -0.993968 -0.0123696
13.2952 0.821328 49.4153 -0.117378 -0.992922 -0.0180988
12.2847 0.936629 49.6242 -0.117178 -0.992928 -0.0190652
11.0911 1.07564 49.9852 -0.123983 -0.992011 -0.0232749
10.1562 1.1886 50.2525 -0.129945 -0.991242 -0.0235487
9.25874 1.30111 50.5838 -0.13961 -0.989867 -0.0259282
8.13411 1.45399 50.8599 -0.141719 -0.989596 -0.0248227
6.99757 1.6168 51.089 -0.151083 -0.988266 -0.0224582
5.88483 1.78857 51.234 -0.167283 -0.98549 -0.0287383
4.4928 2.02172 51.4391 -0.171608 -0.984828 -0.0257497
3.41847 2.21043 51.4898 -0.176306 -0.983984 -0.0263121
2.36169 2.40126 51.5054 -0.184994 -0.982385 -0.025488
1.17623 2.63056 51.5781 -0.189751 -0.981373 -0.0298784
0.127482 2.83581 51.5885 -0.194132 -0.98045 -0.0321072
-0.954698 3.05939 51.4746 -0.203456 -0.97837 -0.0373852
-2.04568 3.2883 51.4237 -0.203687 -0.978316 -0.0375412
-3.38895 3.57879 51.3269 -0.211738 -0.976407 -0.0423744
-4.30037 3.78496 51.2045 -0.215226 -0.975715 -0.0407217
-5.40739 4.03974 50.9477 -0.214854 -0.975796 -0.0407521
-6.31057 4.2453 50.7903 -0.216957 -0.974835 -0.0512377
-7.4885 4.52755 50.4735 -0.226516 -0.972572 -0.052804
-8.70044 4.82758 50.1849 -0.222822 -0.973193 -0.0567319
-9.62657 5.05624 49.8116 -0.217477 -0.974481 -0.0555956
-10.6493 5.32004 49.3074 -0.223542 -0.972659 -0.0629495
-11.5037 5.53469 48.9894 -0.221838 -0.97286 -0.0658142
-12.5165 5.79551 48.5169 -0.217923 -0.973776 -0.0653495
-13.3945 6.01198 48.1213 -0.212586 -0.974381 -0.0732115
-14.2667 6.23698 47.7283 -0.215931 -0.973383 -0.0768024
-15.1238 6.46273 47.2727 -0.215959 -0.973295 -0.0778401
-16.1627 6.72882 46.7879 -0.204216 -0.975691 -0.0794929
-17.1941 6.97643 46.3738 -0.202879 -0.976057 -0.078444
-18.1229 7.20859 45.849 -0.200923 -0.976735 -0.0749563
-18.9308 7.39434 45.4645 -0.185964 -0.979882 -0.0724534
-20.2188 7.68331 44.8341 -0.179274 -0.981241 -0.070824
-21.551 7.96659 44.1737 -0.16812 -0.983794 -0.0616646
-22.4227 8.12523 43.801 -0.128782 -0.990243 -0.0531078
-23.3668 8.26873 43.4817 -0.128418 -0.990088 -0.0566987
-24.3327 8.40453 43.0061 -0.110407 -0.993115 -0.0391511
-25.5913 8.52632 42.5568 -0.0828452 -0.99561 -0.0435576
-26.4898 8.59416 42.2307 -0.041672 -0.998545 -0.0342167
-27.8586 8.65888 41.7658 -0.0275309 -0.999026 -0.0344131
-28.9804 8.6799 41.4158 0.00250209 -0.999786 -0.0205276
-29.8242 8.68253 41.1035 0.0123504 -0.999885 -0.00875558
-30.6817 8.66739 40.7845 0.0270277 -0.999593 -0.00917502
-31.98 8.60934 40.2936 0.0596662 -0.998217 0.00188269
-32.9094 8.53256 39.8782 0.107134 -0.993538 0.0334731
-33.7457 8.44246 39.5502 0.117531 -0.992696 0.0206078
-34.6366 8.31273 39.2437 0.138068 -0.989962 0.030201
-35.4795 8.17063 38.8362 0.174532 -0.983878 0.0390307
-36.7596 7.90629 38.2485 0.197948 -0.978963 0.0477235
-37.8709 7.6424 37.5957 0.203468 -0.977504 0.0549609
-38.6498 7.44504 37.0787 0.216968 -0.974121 0.0625105
-39.8983 7.0853 36.1815 0.233825 -0.969946 0.067146
-40.6367 6.86145 35.5768 0.27227 -0.958931 0.0793374
-41.1876 6.64241 34.8589 0.271394 -0.95877 0.0842899
-41.9519 6.33422 33.7349 0.269412 -0.959923 0.0772301
-42.3517 6.15372 32.9056 0.274374 -0.959049 0.070308
-42.5505 6.02724 32.0272 0.279423 -0.956797 0.0803885
-42.6189 5.93068 31.1018 0.282629 -0.956711 0.0689508
-42.5986 5.87756 30.1803 0.284513 -0.956866 0.0587239
-42.4025 5.8826 29.2842 0.280456 -0.958017 0.0595651
-42.1804 5.88919 28.2921 0.28064 -0.958562 0.0489955
-41.7035 5.98508 27.3823 0.282602 -0.958147 0.0457301
-41.1144 6.1212 26.6266 0.278457 -0.959201 0.0489369
-40.3952 6.29599 25.8857 0.278698 -0.95984 0.0319904
-39.3628 6.57364 25.0859 0.278575 -0.960015 0.0275786
-38.3037 6.82678 24.5621 0.24626 -0.968451 0.0381878
-37.2554 7.0697 24.0088 0.242159 -0.969531 0.0369974
-35.8111 7.3488 23.6305 0.194446 -0.979932 0.0436459
-34.6945 7.54764 23.446 0.153385 -0.986375 0.0587401
-33.4654 7.71125 23.1721 0.14429 -0.987871 0.0573667
-32.5515 7.83513 23.1097 0.119471 -0.990654 0.062874
-31.223 7.95114 22.9378 0.0920665 -0.993388 0.0685868
-30.3236 8.02476 22.8309 0.0714061 -0.995209 0.0638238
-29.3192 8.07189 22.7126 0.0414421 -0.996688 0.0679185
-28.0552 8.09806 22.5857 0.0281194 -0.996454 0.0793045
-27.1015 8.11427 22.5145 -0.0216796 -0.997864 0.0616273
-25.9057 8.07367 22.4339 -0.056865 -0.9945 0.087781
-24.5144 7.95274 22.1538 -0.0732426 -0.994184 0.0789559
-23.4353 7.83072 21.8806 -0.0908514 -0.992341 0.0836942
-22.5479 7.72831 21.678 -0.111866 -0.990093 0.0829075
-21.5414 7.5819 21.4816 -0.132124 -0.987933 0.0806531
-20.3644 7.37949 21.149 -0.149687 -0.984966 0.0862309
-19.4901 7.22918 20.936 -0.156169 -0.984185 0.0832604
-18.0156 6.94046 20.4513 -0.174472 -0.981203 0.0819072
-16.8651 6.69371 20.0391 -0.180769 -0.980467 0.0775032
-15.9147 6.49443 19.7604 -0.198464 -0.977141 0.0762121
-14.8601 6.25249 19.4292 -0.200971 -0.976338 0.0798447
-13.9795 6.04299 19.0343 -0.194936 -0.977895 0.0756357
-12.4852 5.67861 18.4305 -0.212807 -0.974555 0.0701052
-11.6358 5.4687 18.1676 -0.219003 -0.973247 0.0694889
-10.6362 5.22198 17.7487 -0.211907 -0.975555 0.0582026
-9.78018 5.01689 17.4206 -0.209996 -0.976044 0.056874
-8.90974 4.81433 17.134 -0.211792 -0.975842 0.0536335
-7.99401 4.60243 16.9017 -0.213952 -0.975365 0.0537406
-6.69372 4.29813 16.5413 -0.213306 -0.975544 0.0530591
-5.79778 4.08787 16.3001 -0.211155 -0.976254 0.0483839
-4.78119 3.85905 16.1196 -0.211178 -0.976243 0.0485035
-3.68335 3.61472 15.8795 -0.207034 -0.97728 0.04539
-2.67751 3.39599 15.7424 -0.206685 -0.977418 0.0439988
-1.75302 3.19471 15.6113 -0.20656 -0.977441 0.0440785
-0.914063 3.01332 15.4902 -0.203321 -0.978141 0.0435488
-0.853272 3.0006 15.486 -0.201649 -0.978451 0.0443902
