-60.943 80.3756 0.247621 0.209301 -0.950461 0.229565
-61.2469 80.1424 -0.476797 0.202022 -0.953815 0.222314
-62.0371 79.8912 -0.824442 0.206318 -0.953834 0.218219
-62.6606 79.7961 -0.654578 0.204223 -0.954982 0.215182
-62.5157 80.0799 0.428504 0.203022 -0.951539 0.230989
-61.4919 80.2806 0.33887 0.205218 -0.95325 0.221787
-61.6561 80.5028 1.33483 0.208121 -0.942238 0.262339
-62.6802 80.3038 1.4589 0.214493 -0.940193 0.264632
-63.5737 80.019 1.17877 0.217081 -0.939686 0.264322
-63.6756 79.7786 0.306284 0.23288 -0.947472 0.219139
-63.5986 79.5995 -0.574705 0.231873 -0.949785 0.210103
-63.3779 79.4484 -1.5486 0.210422 -0.965633 0.15256
-62.7692 79.4743 -2.23047 0.215137 -0.964338 0.154097
-61.8306 79.7392 -1.85744 0.193777 -0.965437 0.174301
-61.0102 80.002 -1.36916 0.209055 -0.961856 0.176433
-60.2966 80.2685 -0.84341 0.204336 -0.958536 0.198352
-59.5989 80.5466 -0.242935 0.193521 -0.949249 0.247944
-59.6307 80.8055 0.772764 0.188423 -0.950691 0.246276
-60.7549 80.6467 1.14201 0.215299 -0.944532 0.248003
-61.0275 80.6015 1.20636 0.208389 -0.944396 0.254173
-61.0806 80.8494 2.13957 0.201785 -0.939542 0.276664
-59.7283 81.044 1.79417 0.201002 -0.949681 0.240217
-58.7783 81.167 1.51294 0.190347 -0.947968 0.25511
-57.8145 81.2256 0.999099 0.195468 -0.945944 0.258808
-58.2339 80.8118 -0.283139 0.198427 -0.955055 0.220221
-59.1103 80.4522 -1.09244 0.188997 -0.960062 0.206301
-59.8507 80.1789 -1.6859 0.187526 -0.961259 0.201971
-60.5746 79.9342 -2.20134 0.183175 -0.963119 0.1971
-61.384 79.6786 -2.68913 0.201411 -0.963647 0.175374
-62.4002 79.405 -3.21349 0.187445 -0.972324 0.139467
-63.4142 79.1494 -3.60709 0.199822 -0.970661 0.133254
-64.0161 79.133 -2.73779 0.216338 -0.967646 0.129579
-64.2957 79.2368 -1.62572 0.209658 -0.965667 0.153397
-64.4773 79.3553 -0.712134 0.235208 -0.948342 0.212819
-64.6025 79.603 0.538252 0.232737 -0.945581 0.226752
-64.5853 79.8908 1.5746 0.23536 -0.935467 0.263641
-64.1508 80.2576 2.51191 0.225815 -0.940715 0.253106
-62.6702 80.5683 2.3896 0.215286 -0.939054 0.267988
-61.2332 80.8249 2.16769 0.201781 -0.939543 0.276666
-61.2224 81.0949 3.07686 0.208473 -0.936517 0.281772
-62.1768 80.9243 3.23094 0.214318 -0.938715 0.269966
-63.2353 80.7267 3.38764 0.215436 -0.937994 0.271579
-64.5155 80.4814 3.6026 0.226133 -0.929911 0.289813
-65.3959 80.1389 3.19431 0.228386 -0.929662 0.288725
-65.5045 79.7941 2.07372 0.241146 -0.937037 0.252608
-65.5448 79.4505 0.818768 0.224689 -0.943958 0.24178
-65.481 79.2179 -0.185224 0.233503 -0.951222 0.201175
-65.3407 79.071 -1.08813 0.226208 -0.955243 0.190634
-65.0812 78.9448 -2.24161 0.233576 -0.964055 0.126653
-64.8096 78.8669 -3.33572 0.228639 -0.964813 0.129716
-64.499 78.8074 -4.64252 0.208107 -0.973134 0.0980978
-63.3227 79.0416 -4.73779 0.195054 -0.97532 0.103185
-62.2023 79.3097 -4.18534 0.178476 -0.977011 0.116354
-61.198 79.5736 -3.6729 0.17991 -0.974268 0.135337
-60.1401 79.8409 -3.06126 0.176304 -0.969783 0.165337
-58.9708 80.2426 -2.20648 0.187244 -0.962463 0.196483
-57.9933 80.6026 -1.41823 0.180649 -0.962595 0.201655
-57.2091 80.9447 -0.614841 0.192502 -0.956311 0.220022
-56.7149 81.2364 0.228314 0.190987 -0.951556 0.239996
-56.6358 81.5258 1.22274 0.188161 -0.947339 0.259123
-57.1452 81.6529 2.03555 0.186918 -0.943392 0.273993
-58.5842 81.4712 2.41915 0.195694 -0.939698 0.280483
-59.5937 81.3461 2.6897 0.198649 -0.937179 0.286645
-60.7131 81.1823 2.97926 0.21517 -0.93349 0.286876
-60.2802 81.5438 3.80132 0.209826 -0.931594 0.296763
-58.9913 81.7046 3.45423 0.191123 -0.934935 0.298945
-57.7315 81.8608 3.14885 0.185245 -0.939136 0.288915
-56.8279 81.9889 2.97552 0.188107 -0.943165 0.273962
-55.6642 82.0106 2.25039 0.188071 -0.943087 0.274255
-55.6291 81.6539 0.965231 0.184848 -0.94779 0.259855
-55.7775 81.2818 -0.335332 0.180685 -0.955226 0.234112
-56.6728 80.8374 -1.51116 0.181704 -0.954685 0.235497
-57.4118 80.5454 -2.19301 0.170563 -0.964983 0.19929
-58.1924 80.2696 -2.81523 0.187118 -0.962496 0.196439
-58.9797 79.9894 -3.43779 0.177995 -0.96943 0.165626
-59.7388 79.7858 -3.96313 0.168449 -0.976467 0.134671
-60.9629 79.4896 -4.64934 0.17497 -0.977819 0.114521
-61.9476 79.2377 -5.18075 0.178476 -0.977011 0.116353
-63.1459 78.9742 -5.76338 0.179007 -0.979406 0.0919667
-64.5108 78.6535 -6.26719 0.185971 -0.980044 0.061715
-65.2665 78.5572 -5.60767 0.183834 -0.980591 0.0681609
-65.4893 78.588 -4.67807 0.211043 -0.973744 0.0853391
-65.7152 78.6484 -3.48943 0.213546 -0.972351 0.0945048
-65.9136 78.6983 -2.58643 0.216019 -0.967276 0.13185
-66.1935 78.7858 -1.56157 0.198991 -0.970339 0.137278
-66.3724 78.9188 -0.674683 0.225888 -0.957744 0.178048
-66.4817 79.1848 0.707196 0.243074 -0.940003 0.239384
-66.4584 79.4477 1.72273 0.244745 -0.93999 0.237737
-66.4362 79.7337 2.7029 0.238688 -0.928939 0.283019
-66.4173 80.0853 3.8128 0.244346 -0.924355 0.293024
-66.0936 80.4049 4.55114 0.236079 -0.918794 0.315411
-65.0184 80.714 4.66334 0.228235 -0.917782 0.324938
-63.7467 80.9342 4.39747 0.226053 -0.918859 0.323414
-62.3701 81.1908 4.16303 0.224662 -0.919521 0.322502
-61.0348 81.4231 3.95595 0.193589 -0.929468 0.314026
-60.8788 81.4465 3.92907 0.204266 -0.929543 0.306687
-60.8272 81.7612 4.81636 0.192147 -0.927366 0.321019
-59.9381 81.8905 4.63917 0.205499 -0.927672 0.311762
-58.8978 82.0174 4.3678 0.192137 -0.933558 0.30257
-57.9396 82.1356 4.12121 0.188563 -0.934404 0.302183
-56.6799 82.3077 3.90973 0.174916 -0.938176 0.298714
-55.7582 82.4767 3.87879 0.180594 -0.941024 0.286007
-54.8878 82.568 3.61911 0.18562 -0.938612 0.290777
-54.677 82.344 2.73315 0.184518 -0.944958 0.270199
-54.6476 82.0781 1.78677 0.18858 -0.944275 0.269739
-54.6325 81.7367 0.5584 0.18711 -0.946618 0.262472
-54.8192 81.3776 -0.700842 0.18403 -0.952649 0.242058
-55.2979 81.0755 -1.53229 0.174165 -0.95519 0.239126
-55.9418 80.8092 -2.15616 0.163714 -0.961659 0.219109
-56.8579 80.484 -2.96494 0.170671 -0.965008 0.199073
-57.5699 80.2416 -3.53618 0.185064 -0.962482 0.198443
-58.3956 79.9698 -4.235 0.144731 -0.978694 0.145642
-59.5242 79.6874 -4.96893 0.146872 -0.980995 0.126727
-60.6692 79.4316 -5.59262 0.174969 -0.97782 0.114512
-61.6769 79.1941 -6.14507 0.176636 -0.981608 0.072413
-62.8909 78.9294 -6.74374 0.175333 -0.982492 0.0619725
-63.7792 78.7592 -7.1286 0.177111 -0.983744 0.0296597
-64.6877 78.5913 -7.42733 0.159995 -0.98692 0.0134657
-65.5679 78.4477 -7.39077 0.181999 -0.983267 0.0051561
-66.0922 78.3689 -6.53684 0.176023 -0.984145 0.0217891
-66.2996 78.3548 -5.48429 0.205497 -0.977394 0.04972
-66.4924 78.388 -4.37801 0.231848 -0.969982 0.0733544
-66.6727 78.4235 -3.42825 0.233712 -0.967071 0.100513
-66.888 78.4718 -2.51914 0.233968 -0.962656 0.133204
-67.2401 78.619 -1.10118 0.248478 -0.95386 0.16804
-67.3864 78.7541 -0.175373 0.254806 -0.95029 0.178952
-67.4253 78.987 0.907879 0.250167 -0.938369 0.238496
-67.3832 79.2769 2.00628 0.250682 -0.935742 0.247825
-67.407 79.6208 3.17989 0.247085 -0.928441 0.27739
-67.4003 79.9329 4.15362 0.250609 -0.921641 0.296261
-67.3488 80.3979 5.3925 0.252724 -0.90252 0.348127
-66.5871 80.7828 5.90326 0.211118 -0.908838 0.359781
-65.5086 80.9725 5.70104 0.218174 -0.915698 0.337486
-64.558 81.1274 5.50682 0.224843 -0.909848 0.348459
-63.1253 81.372 5.20261 0.220868 -0.915604 0.335914
-61.935 81.5873 4.98909 0.210001 -0.922405 0.323757
-61.0379 81.7294 4.85297 0.195898 -0.926058 0.322553
-60.7862 82.0749 5.70472 0.188103 -0.929121 0.318359
-59.7023 82.2284 5.50512 0.192779 -0.928197 0.318256
-58.7224 82.3399 5.23921 0.184154 -0.930182 0.31752
-57.7785 82.4564 5.00738 0.181749 -0.934437 0.306079
-56.3708 82.6605 4.82999 0.175499 -0.937052 0.301883
-55.065 82.9029 4.80993 0.18212 -0.937358 0.296901
-53.9655 83.0132 4.47512 0.181893 -0.940658 0.286489
-53.7233 82.7606 3.49823 0.183912 -0.939177 0.290039
-53.7059 82.4932 2.5584 0.201721 -0.942848 0.265228
-53.6535 82.1635 1.37027 0.195855 -0.94283 0.26959
-53.6448 81.7599 -0.0930639 0.195306 -0.945941 0.258943
-53.9146 81.4159 -1.23674 0.18448 -0.951965 0.244395
-54.5495 81.0461 -2.21065 0.179469 -0.953115 0.243646
-55.2495 80.7754 -2.84611 0.150172 -0.965627 0.212161
-55.95 80.5361 -3.43955 0.149917 -0.967427 0.203807
-56.6805 80.2951 -4.04072 0.163852 -0.966089 0.199561
-57.7281 79.9709 -4.92891 0.153408 -0.980707 0.12116
-58.8452 79.699 -5.69778 0.155889 -0.980194 0.122139
-59.971 79.4593 -6.32511 0.136994 -0.987193 0.0817465
-60.9054 79.2764 -6.83815 0.156589 -0.983963 0.085417
-62.1082 79.0293 -7.46361 0.17256 -0.983674 0.0510792
-63.2599 78.8048 -7.98907 0.155 -0.987254 0.0285747
-64.1393 78.6707 -8.33666 0.147407 -0.989046 0.00770573
-65.1454 78.5196 -8.53664 0.150557 -0.98858 0.00401075
-66.1942 78.3261 -8.4624 0.182 -0.983267 0.00516625
-66.9632 78.1982 -7.3236 0.188016 -0.981949 -0.00559463
-67.2049 78.1389 -5.98573 0.206972 -0.97771 0.0228169
-67.3726 78.1665 -4.7408 0.206011 -0.977304 0.0493557
-67.6471 78.233 -3.19105 0.200773 -0.975753 0.0871542
-67.9129 78.2683 -2.19708 0.234365 -0.961552 0.14169
-68.159 78.3611 -1.24913 0.246084 -0.956364 0.157516
-68.3447 78.5265 -0.0522207 0.273546 -0.940749 0.20041
-68.3828 78.8374 1.33161 0.253569 -0.937547 0.238131
-68.3659 79.0893 2.27426 0.2488 -0.933348 0.258766
-68.3791 79.3806 3.25278 0.251519 -0.925095 0.284468
-68.3339 79.6931 4.2003 0.251517 -0.921714 0.295266
-68.3404 80.1086 5.3395 0.242716 -0.898828 0.364962
-68.3236 80.4703 6.20786 0.221256 -0.895771 0.385535
-67.9701 80.8909 6.98176 0.213904 -0.896462 0.388075
-67.0091 81.0988 6.93027 0.218121 -0.895015 0.389059
-65.9943 81.2556 6.7163 0.216234 -0.896286 0.387166
-64.7719 81.4533 6.46437 0.217817 -0.90801 0.357584
-63.8876 81.5747 6.268 0.215843 -0.912877 0.346176
-62.6622 81.7906 6.05244 0.214161 -0.917484 0.335199
-61.6738 81.9474 5.86296 0.19459 -0.926019 0.323456
-61.1956 82.0227 5.79438 0.180216 -0.929138 0.322714
-61.1414 82.3407 6.66896 0.172326 -0.929152 0.327077
-60.114 82.4845 6.50003 0.188663 -0.930359 0.314384
-59.1331 82.6274 6.33303 0.189502 -0.930237 0.314242
-58.1248 82.7251 6.02655 0.179116 -0.930573 0.319299
-57.092 82.8394 5.7914 0.172688 -0.934258 0.311995
-56.0807 83.007 5.75068 0.165255 -0.939352 0.300163
-54.9833 83.2177 5.78202 0.176427 -0.941228 0.288006
-53.4317 83.4432 5.54751 0.180435 -0.940577 0.287676
-52.7747 83.2761 4.57208 0.187799 -0.939554 0.286304
-52.7555 82.8853 3.2071 0.217209 -0.938949 0.266824
-52.7394 82.5622 2.06794 0.209444 -0.938233 0.275411
-52.6655 82.2565 0.966548 0.212707 -0.940151 0.26605
-52.6591 82.0023 0.0310923 0.216444 -0.94177 0.257335
-52.8086 81.6309 -1.23493 0.205564 -0.947572 0.244645
-53.2459 81.2958 -2.20846 0.194692 -0.953425 0.229662
-53.9747 80.9565 -3.06819 0.182737 -0.961303 0.206164
-54.8245 80.6487 -3.74674 0.167708 -0.964917 0.20125
-55.9997 80.2669 -4.73606 0.156756 -0.967658 0.197504
-56.9143 80.0177 -5.52155 0.140227 -0.982368 0.123651
-58.0938 79.7397 -6.34754 0.144844 -0.981944 0.121681
-59.3313 79.4827 -7.07241 0.131758 -0.987679 0.0844354
-60.2107 79.3239 -7.558 0.13438 -0.987435 0.0830967
-61.0175 79.1794 -8.0087 0.145266 -0.987875 0.054778
-61.8588 79.0209 -8.43485 0.162837 -0.985895 0.0233964
-62.7151 78.8895 -8.82856 0.154419 -0.987986 -0.0061408
-63.5335 78.7627 -9.19036 0.150696 -0.988374 -0.0165258
-64.4415 78.6462 -9.51114 0.135215 -0.990205 -0.0344674
-65.5307 78.4831 -9.59905 0.157775 -0.987106 -0.0270084
-66.5037 78.3128 -9.56506 0.162897 -0.985937 -0.0373062
-67.3325 78.1449 -9.06207 0.177207 -0.983112 -0.045692
-67.8436 78.0254 -7.93985 0.203971 -0.978829 -0.0170241
-68.1299 77.9495 -6.71638 0.210379 -0.977494 -0.0126505
-68.2548 77.9511 -5.22707 0.215067 -0.975082 0.0544226
-68.3848 77.9677 -4.32331 0.244032 -0.967517 0.0648005
-68.6194 77.989 -3.27669 0.250046 -0.965268 0.0757244
-68.9503 77.9996 -2.42647 0.223642 -0.967646 0.11642
-69.1377 78.0945 -1.3247 0.274527 -0.950398 0.145272
-69.2556 78.2125 -0.432695 0.27025 -0.949172 0.161363
-69.3155 78.4808 0.947308 0.278113 -0.931624 0.233946
-69.3016 78.7345 1.93253 0.275833 -0.928446 0.248655
-69.3233 79.0525 3.02726 0.266877 -0.918637 0.291346
-69.2942 79.4088 4.12911 0.256503 -0.922077 0.289792
-69.2974 79.7737 5.13577 0.245459 -0.891179 0.38151
-69.311 80.2123 6.17258 0.220492 -0.896486 0.384313
-69.2969 80.6112 7.09269 0.222931 -0.895516 0.38516
-68.7488 81.2461 8.22874 0.224243 -0.888605 0.400121
-67.6256 81.4335 8.0273 0.212751 -0.89037 0.402466
-66.4651 81.5722 7.7145 0.218121 -0.895014 0.389061
-65.177 81.7721 7.46473 0.213596 -0.896495 0.388168
-63.9582 81.928 7.20416 0.204188 -0.90857 0.364428
-62.7441 82.1056 6.97628 0.206861 -0.915891 0.343695
-61.8694 82.2391 6.78736 0.205855 -0.920582 0.331834
-61.3694 82.3117 6.70679 0.172334 -0.92915 0.327079
-61.3649 82.6295 7.59015 0.17696 -0.925243 0.335576
-60.1101 82.8026 7.41508 0.172974 -0.926185 0.335053
-59.2019 82.942 7.30587 0.184541 -0.932259 0.311124
-58.2386 83.0372 7.03291 0.179591 -0.934284 0.307993
-57.121 83.1419 6.71534 0.174511 -0.934626 0.309872
-55.8586 83.3505 6.66828 0.156655 -0.937867 0.309603
-54.689 83.5537 6.71119 0.149568 -0.941322 0.30256
-53.5557 83.7195 6.57088 0.176073 -0.945222 0.27487
-52.5481 83.8233 6.27697 0.180558 -0.945169 0.272129
-51.9374 83.7219 5.52021 0.180449 -0.945078 0.272517
-51.7172 83.3203 3.94094 0.214252 -0.943042 0.254423
-51.832 83.0502 3.03582 0.212814 -0.94154 0.261063
-51.7882 82.8032 2.16283 0.210084 -0.93782 0.276331
-51.7128 82.4246 0.779776 0.216604 -0.941657 0.257614
-51.7239 82.0667 -0.5129 0.2145 -0.941125 0.261291
-51.8604 81.7535 -1.6046 0.234349 -0.95117 0.200887
-52.1907 81.4636 -2.50455 0.234656 -0.944202 0.231126
-52.7569 81.1411 -3.36945 0.204058 -0.955679 0.212223
-53.7962 80.7569 -4.14994 0.185133 -0.960651 0.207044
-54.5946 80.4748 -4.79839 0.15389 -0.970359 0.186178
-55.2845 80.2514 -5.41327 0.155334 -0.971566 0.178694
-56.3457 79.9854 -6.30752 0.1129 -0.983123 0.143956
-57.1154 79.8174 -6.86873 0.143266 -0.981593 0.126296
-58.3409 79.5815 -7.58555 0.123474 -0.990217 0.0650019
-59.3714 79.4009 -8.20828 0.137949 -0.988639 0.0596914
-60.1615 79.2652 -8.62901 0.139632 -0.988395 0.0597908
-61.259 79.1107 -9.25193 0.125487 -0.992094 -0.0016887
-62.2389 78.9652 -9.69102 0.147679 -0.989025 -0.00222603
-63.0854 78.8518 -10.1236 0.133099 -0.990986 -0.0152206
-64.0835 78.7288 -10.5055 0.126417 -0.991102 -0.0416538
-65.2001 78.5684 -10.6207 0.163408 -0.985858 -0.0371786
-66.3906 78.3875 -10.6988 0.147692 -0.987172 -0.0606495
-67.6341 78.1649 -10.3026 0.165139 -0.984388 -0.0609082
-68.3493 77.9966 -9.45169 0.158358 -0.985725 -0.0571745
-68.7245 77.8761 -8.6208 0.170908 -0.982695 -0.0714266
-68.94 77.8072 -7.69242 0.181562 -0.982973 -0.0282391
-69.1539 77.7332 -6.61796 0.183167 -0.982523 -0.0331569
-69.2124 77.7167 -5.37209 0.241343 -0.969646 0.0392377
-69.3179 77.7322 -4.43954 0.238015 -0.969766 0.053881
-69.5857 77.754 -3.27474 0.236421 -0.966248 0.102326
-69.8495 77.7852 -2.25141 0.246181 -0.965745 0.0820409
-70.1005 77.8537 -1.12871 0.270173 -0.949215 0.161236
-70.2476 78.0481 0.165793 0.251499 -0.949534 0.187438
-70.2562 78.232 1.07474 0.276012 -0.93139 0.237306
-70.2486 78.5329 2.2301 0.275835 -0.928443 0.248663
-70.277 78.8004 3.10581 0.266666 -0.918895 0.290724
-70.2599 79.1 4.01902 0.264933 -0.917187 0.29762
-70.2667 79.5347 5.2266 0.264965 -0.893824 0.361763
-70.2688 79.9844 6.29957 0.259933 -0.881388 0.394247
-70.252 80.4276 7.25751 0.246882 -0.886059 0.392154
-70.2298 80.8467 8.0913 0.204672 -0.861434 0.464801
-70.0457 81.5219 9.26045 0.198465 -0.860598 0.469023
-69.0166 81.7626 9.30205 0.16959 -0.86851 0.465758
-68.062 81.8081 9.03993 0.179708 -0.862687 0.472538
-66.9977 81.9246 8.78258 0.212424 -0.890685 0.40194
-66.1203 82.036 8.56581 0.211393 -0.890765 0.402304
-65.0234 82.1865 8.3217 0.185715 -0.892191 0.410478
-63.9881 82.2927 8.13019 0.199843 -0.910054 0.363101
-62.6755 82.4687 7.86422 0.198732 -0.911704 0.359563
-61.4966 82.6135 7.61536 0.177848 -0.925283 0.334992
-61.4022 82.9915 8.54499 0.163048 -0.905245 0.392361
-60.0458 83.1433 8.29184 0.181505 -0.916875 0.355521
-59.1536 83.2954 8.21181 0.18304 -0.913719 0.362733
-57.5791 83.4151 7.79596 0.158912 -0.932394 0.323968
-56.6416 83.5256 7.59947 0.166618 -0.936076 0.309607
-55.2746 83.7665 7.65251 0.151356 -0.939643 0.306849
-54.3481 83.8922 7.58573 0.147518 -0.940043 0.307492
-52.8271 84.0858 7.36691 0.175804 -0.945724 0.273312
-51.6914 84.2329 7.12882 0.181429 -0.945111 0.27175
-50.9446 84.1088 6.15498 0.205077 -0.944972 0.254873
-50.6681 83.7972 4.8164 0.215369 -0.941022 0.260775
-50.7915 83.389 3.39263 0.21607 -0.943309 0.251953
-50.8634 83.1174 2.48749 0.218164 -0.937608 0.270649
-50.7285 82.8279 1.38684 0.224725 -0.935349 0.273168
-50.8144 82.5487 0.466328 0.224952 -0.941156 0.252124
-50.8339 82.3108 -0.426292 0.232925 -0.939587 0.250764
-50.8194 82.0755 -1.36524 0.249996 -0.945576 0.208296
-50.9569 81.776 -2.47443 0.227237 -0.946581 0.228688
-51.2355 81.5086 -3.28677 0.229917 -0.949757 0.212367
-51.8225 81.2267 -3.91861 0.225738 -0.951357 0.209673
-52.5911 80.9192 -4.47791 0.203391 -0.95352 0.221315
-53.3658 80.6558 -4.9893 0.178443 -0.965151 0.19142
-54.2245 80.3437 -5.84148 0.158932 -0.971227 0.177368
-55.0056 80.1156 -6.47778 0.103252 -0.979266 0.174288
-56.0209 79.8996 -7.27483 0.120254 -0.986952 0.106967
-56.8011 79.744 -7.81429 0.124402 -0.986692 0.1047
-57.9745 79.5688 -8.46158 0.122874 -0.990198 0.0664053
-59.4589 79.3221 -9.35539 0.119095 -0.991852 0.024677
-60.4466 79.2105 -9.95101 0.120866 -0.992662 0.00362021
-61.4211 79.087 -10.3827 0.134976 -0.990832 0.00581551
-62.6894 78.9367 -11.0626 0.127434 -0.990543 -0.0508394
-63.755 78.8169 -11.4433 0.132764 -0.989903 -0.049648
-64.719 78.7013 -11.6134 0.13875 -0.988012 -0.0664361
-66.058 78.5104 -11.7673 0.152164 -0.986051 -0.0674485
-67.085 78.3553 -11.6283 0.130921 -0.986099 -0.10228
-68.1752 78.1645 -11.2486 0.135958 -0.984912 -0.10707
-69.034 77.9539 -10.3683 0.13274 -0.98632 -0.0977358
-69.6288 77.7606 -9.2219 0.17657 -0.98174 -0.0707803
-69.808 77.6623 -8.26783 0.178948 -0.982742 -0.0440359
-70.1386 77.5456 -6.8075 0.195882 -0.979762 -0.041171
-70.2115 77.5065 -5.64911 0.192508 -0.981276 0.00610863
-70.3064 77.4807 -4.49675 0.228689 -0.972657 0.0212704
-70.5073 77.502 -3.52471 0.252041 -0.963678 0.0851728
-70.7077 77.513 -2.5818 0.269815 -0.95965 0.0784659
-71.0126 77.5643 -1.29441 0.259045 -0.959614 0.109707
-71.1981 77.7089 -0.144213 0.27153 -0.948069 0.165642
-71.199 78.0373 1.3957 0.264855 -0.939616 0.216736
-71.2223 78.2944 2.43342 0.277506 -0.931366 0.235685
-71.2351 78.7326 3.76622 0.275723 -0.911952 0.30366
-71.2375 79.0884 4.82181 0.257831 -0.906475 0.334403
-71.2414 79.6429 6.12233 0.225783 -0.886289 0.404368
-71.1911 80.0597 7.00565 0.230901 -0.886803 0.400271
-71.2239 80.5548 7.98111 0.207647 -0.85659 0.472226
-71.1829 81.0303 8.85927 0.205647 -0.865304 0.456843
-71.2014 81.7144 10.0127 0.161785 -0.818694 0.550967
-70.3502 82.187 10.4783 0.15089 -0.822534 0.548334
-69.3582 82.2294 10.2565 0.193545 -0.833588 0.51737
-68.25 82.2679 9.93007 0.178016 -0.84823 0.498671
-67.3445 82.3685 9.75767 0.190152 -0.856941 0.479056
-66.3504 82.4743 9.55351 0.189021 -0.856484 0.480319
-65.4515 82.5461 9.33404 0.216968 -0.887304 0.406961
-64.5663 82.6266 9.10495 0.169399 -0.890761 0.421345
-63.6557 82.7496 8.96711 0.184347 -0.884443 0.428693
-62.0351 82.9222 8.64538 0.152886 -0.90309 0.401317
-61.9473 82.9278 8.62469 0.157967 -0.904167 0.396839
-61.8643 82.9295 8.59399 0.163048 -0.905245 0.392361
