6.41047 9.00724 -51.8849 -0.140235 -0.989743 -0.0271835
5.31675 9.15485 -51.5629 -0.141211 -0.989559 -0.0288477
5.11611 9.16035 -50.791 -0.142606 -0.989078 -0.0365316
6.33608 8.9781 -50.6388 -0.139598 -0.989305 -0.0422728
6.50517 8.98797 -51.6573 -0.138629 -0.989999 -0.0261616
7.50088 8.85732 -51.6857 -0.126049 -0.99152 -0.0316064
7.38369 8.90204 -52.7 -0.126824 -0.991548 -0.0273415
6.47703 9.03148 -53.0595 -0.144688 -0.989082 -0.0279655
5.35522 9.17918 -52.5472 -0.14514 -0.988912 -0.0313019
4.39052 9.30554 -51.9994 -0.147482 -0.988531 -0.0324752
3.13616 9.48416 -51.2134 -0.161541 -0.986429 -0.0293197
2.38612 9.58127 -50.6501 -0.157863 -0.986563 -0.0420824
3.29845 9.41445 -50.1944 -0.157208 -0.986598 -0.0436724
4.25967 9.254 -50.0152 -0.156746 -0.986583 -0.0456602
5.37893 9.07875 -49.8121 -0.145073 -0.98848 -0.0431277
6.3745 8.93203 -49.696 -0.138605 -0.989483 -0.0413834
7.49716 8.78232 -49.7594 -0.126272 -0.991031 -0.0437314
7.56999 8.81956 -50.843 -0.124614 -0.991359 -0.0409675
7.51306 8.84929 -51.4824 -0.12605 -0.99152 -0.031606
8.40345 8.74449 -51.6793 -0.118846 -0.992331 -0.0339499
8.49613 8.70069 -50.76 -0.118315 -0.992358 -0.0350246
8.70836 8.62999 -49.7196 -0.113434 -0.992455 -0.0465348
8.62515 8.59846 -48.8505 -0.115869 -0.992086 -0.0474476
7.74395 8.70358 -48.6945 -0.12669 -0.990886 -0.0457754
6.65198 8.84901 -48.7369 -0.134319 -0.989582 -0.0518317
5.36336 9.03951 -48.8684 -0.147369 -0.988069 -0.0447007
4.29867 9.20498 -49.0576 -0.145242 -0.9884 -0.0443892
3.01039 9.42 -49.277 -0.158242 -0.986427 -0.0438238
1.60003 9.6645 -49.6781 -0.161847 -0.985779 -0.0450795
0.592677 9.84703 -49.9677 -0.165041 -0.985249 -0.0452196
0.862286 9.84198 -50.8576 -0.165841 -0.985226 -0.0426888
1.82733 9.70757 -51.555 -0.161962 -0.985937 -0.040887
2.6746 9.58606 -52.085 -0.162912 -0.986213 -0.02903
3.53317 9.46062 -52.5834 -0.160665 -0.986596 -0.0285468
4.65105 9.30358 -53.1907 -0.145991 -0.988829 -0.0300735
5.79532 9.14881 -53.7729 -0.138711 -0.990104 -0.0212887
6.6488 9.03786 -54.1738 -0.1417 -0.989593 -0.0246266
7.61765 8.91567 -54.5344 -0.131437 -0.99113 -0.0196238
8.29593 8.80459 -53.4676 -0.123883 -0.99209 -0.0187679
8.35178 8.77251 -52.4337 -0.115296 -0.992976 -0.0265534
8.38501 8.75629 -51.9715 -0.117274 -0.992653 -0.0295587
9.29397 8.65155 -52.1083 -0.119252 -0.99233 -0.032564
9.36824 8.6092 -51.1138 -0.118316 -0.992358 -0.0350237
9.57522 8.55008 -50.1283 -0.115813 -0.99242 -0.0406233
9.82882 8.48342 -49.2645 -0.110411 -0.992989 -0.0422254
9.62486 8.43936 -47.8403 -0.107047 -0.992973 -0.0504481
8.57846 8.55418 -47.7319 -0.12469 -0.9912 -0.0444458
7.65937 8.66818 -47.6941 -0.127373 -0.990809 -0.0455319
6.33485 8.84226 -47.82 -0.133738 -0.988939 -0.0633011
5.03421 9.04377 -47.9478 -0.147544 -0.986891 -0.0654008
4.06813 9.19569 -48.1082 -0.1447 -0.988461 -0.0448013
3.09807 9.35664 -48.2749 -0.160573 -0.985666 -0.0517546
2.04716 9.53972 -48.5326 -0.158954 -0.985708 -0.0557931
1.12337 9.70442 -48.8226 -0.166958 -0.984957 -0.0444912
0.0835741 9.89411 -49.089 -0.168656 -0.984742 -0.0428788
-1.13064 10.1205 -49.3679 -0.173153 -0.983891 -0.044449
-2.19696 10.326 -49.739 -0.174115 -0.983687 -0.0452052
-1.20285 10.1894 -50.5991 -0.174042 -0.98371 -0.0449915
-0.40713 10.0726 -51.1772 -0.170527 -0.984862 -0.0311005
0.319904 9.96322 -51.6988 -0.166717 -0.985457 -0.0325933
1.58248 9.77401 -52.5514 -0.165976 -0.985928 -0.0199603
2.81752 9.59275 -53.2753 -0.156631 -0.987439 -0.0207309
3.65714 9.46965 -53.7237 -0.157578 -0.987362 -0.0161899
4.47959 9.34882 -54.1582 -0.144544 -0.989401 -0.0138773
5.3742 9.22523 -54.6071 -0.137991 -0.990328 -0.014208
6.25568 9.10809 -55.0327 -0.139429 -0.990099 -0.0162572
7.22954 8.98208 -55.4469 -0.130965 -0.991284 -0.0140525
8.2929 8.84391 -55.7204 -0.131798 -0.991208 -0.0117001
9.24841 8.73071 -55.505 -0.113872 -0.993361 -0.0159269
9.23824 8.70339 -53.9768 -0.117119 -0.992936 -0.0189588
9.25578 8.67837 -52.8385 -0.116601 -0.9929 -0.0232793
9.27059 8.66931 -52.5637 -0.117274 -0.992653 -0.0295587
10.2061 8.56387 -52.4382 -0.104609 -0.99405 -0.0296431
10.1812 8.59596 -53.8539 -0.104086 -0.994405 -0.0180359
10.2217 8.6114 -54.9415 -0.104812 -0.994319 -0.0185464
10.3303 8.62159 -56.2718 -0.105647 -0.994332 -0.0117088
9.62224 8.70367 -57.0446 -0.109275 -0.993956 -0.0091849
8.7071 8.80738 -56.8668 -0.115566 -0.993246 -0.0100742
7.64396 8.94033 -56.5874 -0.131655 -0.991229 -0.0114633
6.70188 9.06274 -56.2804 -0.136554 -0.990558 -0.0121533
5.39496 9.23551 -55.6778 -0.140751 -0.989955 -0.012661
4.24255 9.39687 -55.115 -0.144748 -0.989376 -0.0135202
3.37038 9.52716 -54.6782 -0.159281 -0.987165 -0.0116255
2.48405 9.66488 -54.1856 -0.159458 -0.987074 -0.0149153
1.45873 9.81607 -53.6017 -0.163588 -0.986305 -0.0199904
0.330954 9.99327 -52.878 -0.16879 -0.985374 -0.0234009
-0.498274 10.1214 -52.3129 -0.167051 -0.985562 -0.0276006
-1.67885 10.3008 -51.4846 -0.171768 -0.984748 -0.0277099
-2.42996 10.412 -50.9332 -0.178234 -0.983322 -0.036198
-3.24968 10.5396 -50.3661 -0.178062 -0.983348 -0.0363274
-4.17111 10.6733 -49.7729 -0.165498 -0.985003 -0.0487866
-4.47678 10.7013 -49.2999 -0.169827 -0.984291 -0.0480617
-3.25224 10.4675 -48.8 -0.168735 -0.984276 -0.0522358
-2.1499 10.2604 -48.5208 -0.170693 -0.984211 -0.0468189
-0.901483 10.0304 -48.2777 -0.17264 -0.983955 -0.0450285
0.0861877 9.84318 -48.0787 -0.169707 -0.983688 -0.0596297
0.990053 9.67007 -47.8089 -0.170742 -0.983545 -0.0590411
2.10385 9.47189 -47.4957 -0.159134 -0.985687 -0.0556631
3.26713 9.26981 -47.2577 -0.158194 -0.985161 -0.0665615
4.28709 9.09804 -47.0725 -0.150001 -0.986437 -0.0666019
5.16598 8.95653 -46.9286 -0.147542 -0.986891 -0.0653991
6.42085 8.76799 -46.8414 -0.133737 -0.988939 -0.0633002
7.54899 8.62084 -46.7375 -0.123154 -0.990328 -0.0639046
8.4549 8.51019 -46.7376 -0.117305 -0.991147 -0.0620783
9.57636 8.3903 -46.8052 -0.0925181 -0.993454 -0.0670088
10.5096 8.30722 -46.9146 -0.0989767 -0.994032 -0.0458107
11.3827 8.24705 -47.4211 -0.0900485 -0.994759 -0.0481573
11.1062 8.31858 -48.4197 -0.0975814 -0.994201 -0.0452018
10.7364 8.40636 -49.5746 -0.0966149 -0.994356 -0.0438333
10.4522 8.4704 -50.4742 -0.0967852 -0.994601 -0.0374329
10.2628 8.52546 -51.529 -0.100476 -0.994402 -0.0325095
10.2134 8.55798 -52.2948 -0.102052 -0.994141 -0.0356306
11.1615 8.45112 -52.0286 -0.104609 -0.99405 -0.0296425
11.1243 8.49305 -53.6221 -0.105626 -0.994182 -0.0208448
11.1603 8.50678 -54.539 -0.0896705 -0.9958 -0.018493
11.2866 8.51724 -55.957 -0.0944311 -0.995448 -0.0129146
11.4734 8.51252 -56.9562 -0.0938442 -0.995526 -0.0107385
11.8704 8.48269 -57.9191 -0.0947741 -0.99548 -0.00605391
10.857 8.58088 -58.1999 -0.094056 -0.995539 -0.00725469
9.69515 8.70354 -58.1258 -0.109495 -0.993971 -0.00569071
8.69265 8.81992 -57.9336 -0.118496 -0.992947 -0.00383333
7.7815 8.9295 -57.6817 -0.129836 -0.991522 -0.00408476
6.50943 9.09285 -57.3425 -0.12864 -0.99169 -0.00185499
5.67861 9.20489 -56.9071 -0.136985 -0.990564 0.000159653
4.70171 9.34389 -56.4888 -0.140854 -0.990008 -0.00670266
3.50345 9.5174 -55.8437 -0.159015 -0.987244 -0.00791136
2.43608 9.68314 -55.2662 -0.159917 -0.987077 -0.0100556
1.47937 9.83478 -54.7288 -0.160097 -0.987066 -0.00798275
0.645343 9.96832 -54.236 -0.165037 -0.986214 -0.0119907
-0.616646 10.1691 -53.4198 -0.170696 -0.984996 -0.0253987
-1.45217 10.3008 -52.8364 -0.176301 -0.983961 -0.0267321
-2.28213 10.4309 -52.2629 -0.175967 -0.983891 -0.0315338
-3.1508 10.5655 -51.6052 -0.176281 -0.983856 -0.0308707
-3.93776 10.685 -51.075 -0.168983 -0.98499 -0.0351921
-4.92946 10.8335 -50.436 -0.170787 -0.984544 -0.0386365
-5.71557 10.947 -49.9275 -0.169141 -0.984715 -0.0415689
-6.6046 11.0722 -49.4138 -0.15819 -0.986283 -0.047142
-7.48901 11.1888 -48.8865 -0.156249 -0.986613 -0.0466596
-6.44849 11.0007 -48.4695 -0.158477 -0.986124 -0.0494334
-5.39015 10.8101 -48.2319 -0.169382 -0.984161 -0.0520694
-4.35699 10.6185 -48.0177 -0.170817 -0.98417 -0.047229
-3.43143 10.4488 -47.8195 -0.170193 -0.984267 -0.0474572
-2.24913 10.2255 -47.5222 -0.169989 -0.983957 -0.0541489
-1.05475 9.99353 -47.2907 -0.178158 -0.981958 -0.0633704
-0.149709 9.82539 -47.1273 -0.168673 -0.983831 -0.0602181
0.715546 9.66492 -46.9292 -0.169708 -0.983688 -0.0596306
1.581 9.50415 -46.6604 -0.162437 -0.984486 -0.0663389
2.69492 9.30264 -46.3836 -0.158195 -0.985161 -0.0665619
3.70903 9.12604 -46.1691 -0.153809 -0.985943 -0.0651213
4.76071 8.95687 -46.0084 -0.148052 -0.986853 -0.0648228
5.67446 8.81835 -45.9369 -0.143404 -0.987592 -0.064004
6.56219 8.68493 -45.8417 -0.125448 -0.989986 -0.0647416
7.69511 8.53899 -45.7624 -0.119918 -0.990753 -0.0634601
9.01886 8.385 -45.7857 -0.113036 -0.991302 -0.0674074
10.2388 8.26285 -45.8481 -0.0938979 -0.993198 -0.0688577
11.5583 8.15262 -46.0016 -0.0888309 -0.993544 -0.0705712
12.7562 8.0757 -46.2055 -0.0668762 -0.996063 -0.0561947
12.67 8.12493 -47.135 -0.0756436 -0.99589 -0.0498017
12.1806 8.22925 -48.4111 -0.0827109 -0.995485 -0.0461492
11.7656 8.30842 -49.5737 -0.0840148 -0.995741 -0.037904
11.3701 8.38963 -50.7016 -0.097416 -0.994489 -0.0387177
11.1639 8.4495 -51.9906 -0.100476 -0.994402 -0.0325095
12.1131 8.36745 -52.0202 -0.0864298 -0.995994 -0.022948
12.3665 8.30124 -50.7057 -0.0866034 -0.995634 -0.0348169
12.7422 8.22936 -49.6345 -0.0809852 -0.996065 -0.0359353
13.0534 8.17372 -48.7675 -0.0803031 -0.995945 -0.0402649
13.7011 8.04986 -47.1997 -0.0785808 -0.995773 -0.0473931
14.1695 7.98195 -46.3877 -0.0569571 -0.997138 -0.049718
13.6242 7.95456 -45.2564 -0.0618946 -0.995592 -0.0704691
12.62 8.00895 -45.1428 -0.0712159 -0.995146 -0.0671909
11.4459 8.09229 -44.9604 -0.0793329 -0.994548 -0.0675764
10.5391 8.1674 -44.872 -0.0952504 -0.993012 -0.0696716
9.28242 8.29059 -44.8265 -0.105439 -0.99143 -0.0771339
8.05489 8.4295 -44.8098 -0.120186 -0.989864 -0.0756651
7.05196 8.55292 -44.8219 -0.128989 -0.989202 -0.0695806
5.59284 8.7635 -44.9749 -0.141131 -0.986561 -0.082332
4.6605 8.90562 -45.0524 -0.15133 -0.985045 -0.0823433
3.24997 9.13829 -45.2702 -0.153809 -0.985943 -0.0651227
2.24303 9.31288 -45.495 -0.154647 -0.985566 -0.0688712
1.26133 9.48877 -45.7393 -0.163772 -0.983947 -0.0709014
0.208802 9.68691 -45.9527 -0.17521 -0.982073 -0.0695337
-1.45477 10.0024 -46.331 -0.174559 -0.982656 -0.0625852
-2.45055 10.1992 -46.5442 -0.177324 -0.981751 -0.0686569
-3.40584 10.3863 -46.805 -0.172761 -0.982593 -0.0682951
-4.36164 10.567 -47.0226 -0.165467 -0.984441 -0.0591353
-5.4029 10.7595 -47.2425 -0.170084 -0.98396 -0.0535057
-6.60167 10.973 -47.4762 -0.162624 -0.985275 -0.0526564
-7.49711 11.1237 -47.6412 -0.152325 -0.987024 -0.0508068
-8.62964 11.3124 -47.8986 -0.154584 -0.98661 -0.051993
-9.45727 11.4596 -48.2388 -0.146036 -0.988085 -0.0476876
-9.98168 11.5479 -48.5811 -0.135452 -0.989718 -0.045887
-9.10193 11.4538 -49.2068 -0.146036 -0.988085 -0.0476878
-8.11013 11.3231 -49.6799 -0.154306 -0.986943 -0.0461758
-7.26684 11.2145 -50.1786 -0.151287 -0.98778 -0.0358884
-6.35843 11.0831 -50.7088 -0.157335 -0.987284 -0.0227069
-5.23301 10.9175 -51.4094 -0.160185 -0.986874 -0.0204916
-4.41949 10.7958 -51.9198 -0.159496 -0.987018 -0.0188053
-3.66211 10.6825 -52.4152 -0.176105 -0.983876 -0.0312105
-2.86799 10.5563 -53.0275 -0.167406 -0.985811 -0.0123436
-1.76659 10.3781 -53.8277 -0.17014 -0.985369 -0.00945046
-0.684973 10.1948 -54.5629 -0.168033 -0.98573 -0.0091008
0.315885 10.0342 -55.2122 -0.164433 -0.986384 -0.00247437
1.11164 9.89994 -55.6666 -0.163627 -0.986495 -0.00492262
2.06092 9.74834 -56.1903 -0.156267 -0.987698 -0.00252846
2.90695 9.62022 -56.6851 -0.159015 -0.987244 -0.00791261
3.85235 9.46985 -57.2576 -0.150669 -0.988565 0.00117781
5.04705 9.29603 -57.7483 -0.1424 -0.989808 -0.000950382
5.99114 9.16147 -58.2364 -0.134684 -0.990864 -0.000195013
6.97369 9.03482 -58.5133 -0.12804 -0.991767 -0.00184117
7.90478 8.91601 -58.7617 -0.126891 -0.991914 -0.00225187
9.09463 8.77582 -59.0495 -0.117238 -0.993101 0.000613745
10.0241 8.67042 -59.1918 -0.111935 -0.993716 -0.00037559
11.1118 8.55877 -59.3012 -0.0934005 -0.995628 0.00140116
12.1005 8.46707 -59.3622 -0.0904439 -0.9959 0.00200675
12.9785 8.38513 -59.2052 -0.0858137 -0.996267 -0.00363294
12.888 8.38979 -58.2287 -0.0772948 -0.997005 -0.00239229
12.5927 8.41066 -57.2083 -0.0783606 -0.996905 -0.00532508
12.2715 8.42423 -55.9898 -0.0943898 -0.995451 -0.0129695
12.153 8.42354 -55.0361 -0.0942221 -0.995475 -0.0122933
12.0898 8.40994 -53.8529 -0.0903167 -0.995722 -0.019518
12.0936 8.38905 -52.8844 -0.0872365 -0.995903 -0.0237743
12.0878 8.38132 -52.527 -0.0864299 -0.995994 -0.0229472
13.0354 8.3007 -52.5647 -0.0849101 -0.996108 -0.023665
13.1493 8.26367 -51.4842 -0.0748101 -0.996589 -0.034828
13.4335 8.20876 -50.5272 -0.0747471 -0.996543 -0.036238
13.7321 8.15322 -49.622 -0.0634045 -0.997331 -0.0362113
14.189 8.07999 -48.4855 -0.064676 -0.997052 -0.0412858
14.6169 8.01154 -47.5594 -0.0591966 -0.997164 -0.0464785
15.2709 7.91791 -46.365 -0.0579456 -0.997172 -0.0478077
15.8486 7.84618 -45.4952 -0.0537111 -0.997533 -0.0451961
15.7221 7.80026 -44.6346 -0.0415572 -0.996928 -0.0660925
14.6409 7.8356 -44.3935 -0.0592005 -0.996001 -0.0669078
13.1414 7.91065 -44.187 -0.0613469 -0.995959 -0.0655213
12.1805 7.97067 -44.0684 -0.0781262 -0.994395 -0.0712398
11.2591 8.03685 -43.9544 -0.0895787 -0.993662 -0.06791
9.99197 8.14958 -43.8667 -0.095814 -0.99298 -0.0693626
9.04345 8.2391 -43.8379 -0.100626 -0.992205 -0.0732483
8.08456 8.34973 -43.8263 -0.116663 -0.989837 -0.0813199
7.03584 8.47802 -43.863 -0.122222 -0.989108 -0.0820231
6.08224 8.60834 -43.9517 -0.140752 -0.986642 -0.0820172
5.08685 8.75996 -44.0651 -0.145383 -0.985999 -0.08155
3.86658 8.95514 -44.1857 -0.15133 -0.985045 -0.0823434
2.62511 9.17573 -44.426 -0.162072 -0.983573 -0.0794822
1.40771 9.39067 -44.7074 -0.161295 -0.984486 -0.0690717
0.333623 9.59121 -44.9156 -0.17521 -0.982073 -0.0695335
-0.655634 9.78035 -45.1167 -0.172723 -0.982218 -0.073572
-2.05226 10.048 -45.4252 -0.173492 -0.982154 -0.0726116
-2.99214 10.2325 -45.6547 -0.175027 -0.981982 -0.0712367
-4.06831 10.4448 -45.9538 -0.174907 -0.982252 -0.0677356
-5.27103 10.6749 -46.2245 -0.170358 -0.982832 -0.0708461
-6.18907 10.8428 -46.3994 -0.159219 -0.984614 -0.0719969
-7.30445 11.0385 -46.6112 -0.159404 -0.985138 -0.0634331
-8.3474 11.2122 -46.8377 -0.150303 -0.98727 -0.0520309
-9.73353 11.4376 -47.0947 -0.148129 -0.987341 -0.0567077
-10.6521 11.5687 -47.1702 -0.129278 -0.98992 -0.0573235
-11.7041 11.7048 -47.2043 -0.128529 -0.989529 -0.0656653
-12.6069 11.8128 -47.349 -0.0866233 -0.994422 -0.0601824
-12.8354 11.8681 -47.9329 -0.0921563 -0.994241 -0.0540683
-11.9046 11.805 -48.5327 -0.100557 -0.994195 -0.0377435
-11.0318 11.7128 -49.1025 -0.131607 -0.990582 -0.0377827
-10.2675 11.6307 -49.594 -0.130673 -0.99066 -0.0389515
-9.40084 11.5296 -50.0949 -0.138822 -0.989874 -0.0296261
-8.58213 11.422 -50.5684 -0.148899 -0.988512 -0.0259397
-7.60161 11.2877 -51.1305 -0.15164 -0.988188 -0.0221422
-6.63275 11.149 -51.6738 -0.158175 -0.987172 -0.0216675
-5.7556 11.0201 -52.2662 -0.159601 -0.986967 -0.0205596
-4.97795 10.9019 -52.7238 -0.160978 -0.986787 -0.0184006
-4.13717 10.7741 -53.2944 -0.163271 -0.986499 -0.0127178
-3.24992 10.6327 -53.937 -0.167221 -0.985838 -0.0126835
-2.4168 10.4963 -54.562 -0.171661 -0.985134 -0.00655478
-1.58576 10.3554 -55.1475 -0.172067 -0.985069 -0.00549848
-0.794903 10.2196 -55.6707 -0.163365 -0.98656 -0.00329924
-0.00417684 10.0895 -56.1661 -0.165501 -0.986208 -0.00164975
0.768349 9.95883 -56.6126 -0.163444 -0.986545 0.00154742
1.62938 9.81888 -57.075 -0.156267 -0.987698 -0.00252847
2.65169 9.65673 -57.6723 -0.155099 -0.987887 0.00482238
3.79141 9.48135 -58.2862 -0.146439 -0.989196 0.00347259
5.16157 9.27881 -58.9117 -0.137619 -0.99048 0.00314495
6.35145 9.11639 -59.3467 -0.127789 -0.991801 -0.00119894
7.25063 8.99989 -59.604 -0.125696 -0.992067 0.00186686
8.1189 8.89006 -59.8618 -0.124108 -0.992268 0.000572691
9.03688 8.78148 -60.0794 -0.115112 -0.993352 0.000679504
9.93718 8.67987 -60.1908 -0.110103 -0.99392 -0.00100394
11.2861 8.54119 -60.3364 -0.0938648 -0.995585 0.000713591
12.6472 8.41751 -60.4052 -0.0871421 -0.996193 -0.00233093
13.8513 8.31731 -60.3738 -0.0763081 -0.997083 0.00145412
14.38 8.2774 -59.9951 -0.0763073 -0.997083 0.00145496
14.1778 8.29136 -58.8481 -0.0757688 -0.997123 -0.0017919
13.6845 8.32637 -57.5249 -0.0774279 -0.996995 -0.00220878
13.4047 8.34117 -56.6292 -0.0780032 -0.996896 -0.0104167
13.1694 8.34422 -55.4504 -0.0772164 -0.996927 -0.0131887
13.0741 8.33777 -54.4579 -0.0832673 -0.996323 -0.0201589
13.0444 8.31551 -53.2205 -0.0845456 -0.996185 -0.021513
13.0354 8.30415 -52.7101 -0.0849092 -0.996108 -0.0236655
14.018 8.23148 -52.7281 -0.0707258 -0.997245 -0.0223852
14.018 8.26491 -54.3275 -0.0711347 -0.99732 -0.0168115
14.1167 8.27098 -55.2488 -0.0723027 -0.99731 -0.0120048
14.3703 8.26671 -56.5452 -0.0740955 -0.997207 -0.00934191
14.7395 8.2466 -57.6505 -0.0760436 -0.997091 -0.00515673
15.2177 8.21637 -58.8739 -0.0655235 -0.997847 -0.00282636
15.6827 8.18658 -59.857 -0.0627092 -0.99802 0.000484655
16.1389 8.15926 -60.7285 -0.0618241 -0.998084 0.00245469
15.0965 8.22167 -61.441 -0.0665168 -0.997767 0.00269295
13.6922 8.32587 -61.3986 -0.0747274 -0.997193 0.00473041
12.6154 8.41953 -61.4062 -0.0874988 -0.996162 0.00215091
11.6629 8.50544 -61.3702 -0.0934349 -0.995625 2.90041e-05
10.7356 8.59208 -61.2787 -0.0989609 -0.995046 0.0053785
9.63731 8.7109 -61.1634 -0.107002 -0.994243 0.00564761
8.39478 8.84924 -60.9725 -0.119079 -0.992824 0.00897247
7.22033 8.99994 -60.6241 -0.123265 -0.992297 0.0123005
6.1717 9.13425 -60.3171 -0.123602 -0.992267 0.0113343
5.05289 9.28835 -59.9301 -0.137252 -0.990474 0.0111058
4.06208 9.42976 -59.4859 -0.142333 -0.989783 0.00625223
2.98292 9.59551 -58.9569 -0.14762 -0.989004 0.00890831
2.17026 9.72349 -58.517 -0.150892 -0.988494 0.0105149
1.35577 9.85354 -58.0484 -0.165275 -0.98616 0.0131611
0.578473 9.98959 -57.6153 -0.162782 -0.986615 0.00661813
-0.202325 10.1211 -57.1643 -0.166597 -0.98602 0.00302105
-1.19956 10.2901 -56.5623 -0.163519 -0.986517 0.00615821
-1.98707 10.4226 -56.0608 -0.164575 -0.986358 0.00362245
-2.93003 10.5832 -55.3926 -0.165255 -0.986245 0.00340381
-3.70943 10.7197 -54.8 -0.171358 -0.985198 0.00456145
-4.56655 10.8571 -54.1817 -0.165652 -0.986125 -0.0108391
-5.67622 11.0258 -53.4284 -0.157785 -0.987344 -0.0159905
-6.66047 11.1734 -52.8202 -0.154845 -0.987829 -0.0144255
-7.76087 11.3347 -52.1868 -0.152794 -0.98817 -0.0131961
-8.65609 11.4612 -51.6912 -0.148725 -0.988602 -0.0233651
-9.47752 11.5715 -51.1644 -0.1341 -0.990704 -0.0216472
-10.3748 11.6768 -50.6784 -0.128301 -0.991504 -0.0214373
-11.3379 11.7915 -50.0937 -0.130618 -0.990949 -0.0294975
-12.2154 11.8713 -49.5222 -0.10524 -0.993883 -0.0334848
-13.039 11.9332 -48.9824 -0.0949965 -0.994598 -0.0418477
-14.0563 12.0028 -48.4321 -0.0840601 -0.995394 -0.0457871
-14.9629 12.0526 -47.9505 -0.0767297 -0.995843 -0.0489124
-16.1499 12.0979 -47.4039 -0.055824 -0.996894 -0.0555591
-17.1963 12.1217 -46.9083 -0.0376874 -0.997358 -0.0606589
-18.1765 12.1263 -46.5041 -0.0266427 -0.998222 -0.053329
-17.6333 12.0984 -46.2525 -0.0376886 -0.997358 -0.0606585
-16.6395 12.0479 -46.2256 -0.0500524 -0.996452 -0.0676474
-15.776 12.0059 -46.2631 -0.0498103 -0.996611 -0.0654228
-14.8632 11.9556 -46.2415 -0.0605635 -0.996148 -0.0634057
-13.9373 11.8779 -46.2922 -0.103012 -0.993108 -0.0559069
-12.9901 11.7785 -46.2302 -0.0969518 -0.992884 -0.0679222
-11.7868 11.6479 -46.2045 -0.110653 -0.991644 -0.0660195
-10.7472 11.5157 -46.1539 -0.123749 -0.99019 -0.0648909
-9.60436 11.3506 -46.0416 -0.147382 -0.986414 -0.0725599
-8.42505 11.1587 -45.8298 -0.147581 -0.986378 -0.0726565
-7.5037 10.9981 -45.6149 -0.158744 -0.984768 -0.0709289
-6.55136 10.8328 -45.4601 -0.160322 -0.984576 -0.070045
-5.6108 10.667 -45.297 -0.171126 -0.982642 -0.0716153
-4.44751 10.4438 -45.0311 -0.172315 -0.982386 -0.0722883
-3.50571 10.2587 -44.7751 -0.173857 -0.982058 -0.0730522
-2.57416 10.075 -44.5314 -0.17479 -0.981936 -0.072458
-1.15006 9.80099 -44.2375 -0.173251 -0.982065 -0.0743772
0.193283 9.54448 -43.9716 -0.173718 -0.981786 -0.0768729
1.17981 9.35469 -43.7664 -0.155975 -0.984466 -0.0806126
2.30527 9.15144 -43.5027 -0.161552 -0.983231 -0.0845988
3.2348 8.98116 -43.3016 -0.158849 -0.983838 -0.0825598
4.14808 8.82748 -43.1601 -0.149326 -0.985377 -0.0820628
5.10764 8.6763 -43.1032 -0.14611 -0.985697 -0.0838247
6.18181 8.51016 -42.9521 -0.140716 -0.986528 -0.0834363
7.18665 8.37861 -42.8889 -0.124651 -0.988748 -0.0826627
8.61121 8.20424 -42.8625 -0.119361 -0.988928 -0.0881744
10.2943 8.04323 -42.8907 -0.0952129 -0.991905 -0.0840176
11.3277 7.9563 -42.9786 -0.0879715 -0.992496 -0.0849247
12.6526 7.87603 -43.1543 -0.0679371 -0.995621 -0.0640556
14.0048 7.79699 -43.2678 -0.0613466 -0.995959 -0.0655209
15.1406 7.75518 -43.4798 -0.0436277 -0.997382 -0.057668
16.2306 7.72232 -43.6766 -0.0392242 -0.997417 -0.0601712
17.2772 7.69529 -43.8916 -0.0364604 -0.997448 -0.0613927
18.3072 7.70647 -44.4392 -0.0167058 -0.998459 -0.0527988
17.5521 7.75874 -45.1397 -0.0276838 -0.997952 -0.0566525
16.8597 7.82707 -45.8798 -0.03949 -0.997959 -0.0497509
16.2479 7.88519 -46.6351 -0.0408914 -0.998249 -0.0427275
15.6054 7.96924 -47.8517 -0.0543968 -0.997591 -0.0427906
15.0216 8.04606 -48.9176 -0.0601663 -0.997275 -0.0426854
14.6338 8.10416 -49.862 -0.0642803 -0.99729 -0.0357824
14.1997 8.18053 -51.3714 -0.0697816 -0.997047 -0.03146
14.0214 8.23034 -52.688 -0.0718115 -0.997194 -0.0210733
14.9734 8.16874 -52.829 -0.0637219 -0.997699 -0.0231686
15.1252 8.12947 -51.6332 -0.0602244 -0.997743 -0.0296931
15.3851 8.08328 -50.5675 -0.0546608 -0.998005 -0.0310953
15.9117 8.00558 -49.2318 -0.0498185 -0.998167 -0.033984
16.3715 7.95397 -48.4149 -0.042368 -0.998277 -0.0405933
17.0845 7.87429 -47.1831 -0.0412765 -0.9983 -0.0411272
17.7304 7.8151 -46.38 -0.034787 -0.998373 -0.0451868
18.5564 7.75865 -45.5217 -0.0229416 -0.998579 -0.0481093
19.3463 7.71028 -44.8944 -0.0151486 -0.998841 -0.0448986
20.2986 7.67677 -44.3249 -0.00829671 -0.998651 -0.0512519
20.5287 7.65252 -43.8284 0.00390254 -0.999199 -0.0398317
19.357 7.63902 -43.3818 -0.0139036 -0.998363 -0.0550271
18.3642 7.63846 -43.1411 -0.0145292 -0.998024 -0.0611227
17.434 7.63892 -42.9343 -0.0105214 -0.997939 -0.0631526
16.4653 7.6458 -42.7096 -0.0406673 -0.996358 -0.0749405
15.516 7.67202 -42.5334 -0.0433762 -0.996267 -0.0746161
14.1848 7.71176 -42.2836 -0.0422352 -0.9961 -0.0774622
13.2341 7.75955 -42.1623 -0.066983 -0.993996 -0.0865158
11.9665 7.83604 -42.0589 -0.0670955 -0.99399 -0.0865036
10.8227 7.91318 -41.9492 -0.0923184 -0.991525 -0.0914078
9.50885 8.03306 -41.8923 -0.0961178 -0.991348 -0.08939
8.39946 8.14258 -41.8903 -0.113902 -0.98951 -0.0880802
7.05745 8.31347 -41.9373 -0.123834 -0.988698 -0.0844801
6.12005 8.43287 -41.9721 -0.131065 -0.986533 -0.0968606
4.97242 8.61247 -42.1169 -0.14611 -0.985697 -0.0838246
3.72095 8.8059 -42.1897 -0.15022 -0.983914 -0.0964757
2.82735 8.96643 -42.377 -0.160393 -0.982222 -0.0974166
1.95474 9.12862 -42.5756 -0.160561 -0.982719 -0.0921067
1.08109 9.29109 -42.7986 -0.165594 -0.982896 -0.0799895
-0.0140641 9.4992 -42.9994 -0.169493 -0.981543 -0.088577
-1.12231 9.71504 -43.2452 -0.172525 -0.980995 -0.0887861
-2.16211 9.91262 -43.4436 -0.173261 -0.981405 -0.0826176
-3.06255 10.0857 -43.6112 -0.173372 -0.981368 -0.0828233
-4.22306 10.3186 -43.9366 -0.172963 -0.981574 -0.0812115
-5.60601 10.586 -44.2599 -0.169839 -0.982489 -0.0766188
-6.96775 10.832 -44.4958 -0.162123 -0.984027 -0.0734351
-8.10668 11.0296 -44.7168 -0.15174 -0.985769 -0.0722159
-9.34835 11.2334 -44.9676 -0.147497 -0.986424 -0.0721995
-10.2724 11.376 -45.0982 -0.140895 -0.987163 -0.0752196
-11.5996 11.5555 -45.1928 -0.11618 -0.990827 -0.0690185
-12.7328 11.6866 -45.2363 -0.102552 -0.992654 -0.0641294
-14.2286 11.8419 -45.2787 -0.0893977 -0.993333 -0.0713781
-15.1308 11.9098 -45.2668 -0.0681818 -0.9952 -0.0695089
-16.42 11.9737 -45.2543 -0.0435178 -0.997096 -0.0622163
-17.7343 12.0253 -45.1521 -0.0483819 -0.99617 -0.0728253
-18.8209 12.0526 -45.2276 -0.00853122 -0.99776 -0.0663494
-19.7343 12.0461 -45.0838 0.000299258 -0.997791 -0.0664303
-20.9308 12.014 -44.8263 0.0263676 -0.99691 -0.073996
-21.8437 11.9735 -44.6445 0.0467359 -0.996691 -0.0664116
-22.8439 11.9182 -44.4894 0.0577472 -0.996022 -0.0666223
-24.1978 11.7941 -44.1443 0.0738833 -0.993514 -0.0864304
-25.121 11.689 -43.9011 0.100966 -0.992101 -0.0744396
-26.0252 11.5309 -43.4802 0.137065 -0.986332 -0.0914404
-26.9663 11.377 -43.2794 0.156635 -0.982283 -0.101958
-28.0486 11.1478 -42.8664 0.174908 -0.977957 -0.113427
-28.8944 10.9465 -42.5299 0.196483 -0.973649 -0.114972
-29.7338 10.706 -42.1325 0.227155 -0.96723 -0.113435
-30.5994 10.4535 -41.7823 0.254617 -0.958028 -0.131728
-31.6284 10.1149 -41.3889 0.270558 -0.950642 -0.151912
-32.565 9.79709 -41.1248 0.29099 -0.944017 -0.155312
-33.4014 9.50554 -40.9443 0.30278 -0.939106 -0.16221
-34.4428 9.11002 -40.6729 0.328727 -0.928213 -0.173221
-34.9927 9.05936 -41.445 0.328725 -0.928213 -0.173223
-34.4459 9.36242 -42.0781 0.30934 -0.933156 -0.183108
-33.7033 9.68845 -42.5763 0.300884 -0.940129 -0.160084
-32.7555 10.0403 -42.9749 0.276794 -0.949341 -0.148788
-31.8726 10.3467 -43.2877 0.264976 -0.95219 -0.151547
-31.0243 10.5909 -43.5931 0.22668 -0.964619 -0.134631
-29.5557 10.9707 -43.9723 0.206065 -0.971159 -0.119887
-28.6898 11.1803 -44.1673 0.186341 -0.975881 -0.111236
-27.2334 11.4593 -44.4848 0.16625 -0.980597 -0.103876
-25.8265 11.6828 -44.8065 0.126092 -0.987754 -0.0911557
-24.5178 11.8419 -45.1247 0.100886 -0.992136 -0.0740874
-23.0321 11.9933 -45.709 0.0566814 -0.995438 -0.0752219
-21.8965 12.0701 -46.0664 0.0422157 -0.996716 -0.0688414
-20.8062 12.1338 -46.4531 0.0223403 -0.998253 -0.0532844
-19.7292 12.1626 -46.9247 -0.00347095 -0.998149 -0.0607133
-18.7035 12.1865 -47.3789 -0.0174575 -0.998179 -0.0557231
-17.5256 12.1791 -47.8876 -0.0256394 -0.998526 -0.0478278
-16.1372 12.1493 -48.493 -0.0473805 -0.997968 -0.0425964
-14.767 12.0886 -49.1789 -0.0713924 -0.996842 -0.0347687
-13.8743 12.0386 -49.6456 -0.0860038 -0.995743 -0.032079
-13.0546 11.9793 -50.1695 -0.100993 -0.994359 -0.0315032
-12.1554 11.9006 -50.7587 -0.110224 -0.993642 -0.0202925
-11.3428 11.8104 -51.2448 -0.119 -0.992693 -0.0190901
-10.487 11.7167 -51.7588 -0.127739 -0.991486 -0.0252679
-9.4776 11.5936 -52.3798 -0.141037 -0.989887 -0.0149438
-8.52117 11.4609 -52.9284 -0.15026 -0.988588 -0.0107313
-7.63659 11.3312 -53.3598 -0.151528 -0.988379 -0.011963
-6.54383 11.1659 -54.0386 -0.153063 -0.988202 -0.00535498
-5.71386 11.0424 -54.5479 -0.151405 -0.988464 -0.00273845
-4.86344 10.9104 -55.1456 -0.154155 -0.988047 0.000505291
-3.86993 10.7397 -55.8913 -0.165882 -0.986083 0.0111461
-3.13272 10.6134 -56.4546 -0.165509 -0.986202 0.00348995
-2.36979 10.4813 -56.9796 -0.168873 -0.985586 0.0101133
-1.56808 10.342 -57.5201 -0.164223 -0.98637 0.0102699
-0.465603 10.1542 -58.1593 -0.160406 -0.986976 0.0118678
0.740536 9.9459 -58.8107 -0.164202 -0.986325 0.0141923
1.64383 9.79468 -59.3326 -0.149869 -0.98863 0.0122486
2.50703 9.65742 -59.795 -0.150101 -0.988559 0.0148013
3.34209 9.52592 -60.2228 -0.147342 -0.988959 0.0157939
4.22492 9.39484 -60.6562 -0.136979 -0.99051 0.0112575
5.33139 9.23724 -61.1018 -0.136318 -0.990611 0.0103743
6.53951 9.07488 -61.4586 -0.124377 -0.992158 0.0123736
7.57818 8.94182 -61.7666 -0.121833 -0.992487 0.0111711
8.63916 8.8128 -62.0273 -0.105379 -0.994383 0.00993334
9.56811 8.71275 -62.1496 -0.106852 -0.99426 0.00546025
10.7488 8.58526 -62.2975 -0.0989609 -0.995046 0.00537837
11.9453 8.47465 -62.3803 -0.0919887 -0.995737 0.00673233
12.9378 8.38666 -62.4 -0.086869 -0.996196 0.00691959
14.4974 8.26326 -62.4238 -0.0718014 -0.997418 0.00156094
15.6003 8.18698 -62.426 -0.0606873 -0.998152 0.00311492
16.7095 8.12022 -62.3989 -0.0601423 -0.998187 0.00240513
18.0253 8.04873 -62.3188 -0.0546542 -0.998492 0.00521137
17.9149 8.05888 -61.5193 -0.0460079 -0.998917 0.00692934
17.3358 8.09223 -60.8119 -0.0541335 -0.998528 0.00322176
16.6601 8.13085 -59.7357 -0.0546106 -0.998506 0.00155899
16.2162 8.15593 -58.764 -0.0541966 -0.99853 -2.7979e-05
15.6602 8.18586 -57.3789 -0.0578367 -0.998313 -0.00505044
15.3469 8.19791 -56.4575 -0.0592856 -0.998207 -0.00827384
15.1236 8.20301 -55.476 -0.0601303 -0.998068 -0.0143913
14.9777 8.19396 -54.2352 -0.0708675 -0.997387 -0.0140118
14.9504 8.18226 -53.348 -0.063722 -0.997699 -0.0231686
15.9323 8.1185 -53.2878 -0.0510526 -0.998563 -0.0162334
16.0445 8.08475 -51.995 -0.0607774 -0.997825 -0.0250763
16.2743 8.04393 -50.9506 -0.05516 -0.998152 -0.0254989
16.7669 7.97898 -49.6259 -0.045476 -0.998476 -0.0312758
17.3437 7.92192 -48.6151 -0.0413802 -0.998477 -0.036203
17.8098 7.87209 -47.8444 -0.0374261 -0.998548 -0.0386251
18.4271 7.82126 -47.0526 -0.0349694 -0.99854 -0.0409463
19.1137 7.77834 -46.3299 -0.0207634 -0.999242 -0.0329327
20.3118 7.72763 -45.4807 -0.00800632 -0.999124 -0.0410631
21.1476 7.70187 -45.0231 0.00052601 -0.999214 -0.038498
22.1365 7.69436 -44.5949 0.00863819 -0.999162 -0.0399979
23.2182 7.67941 -44.0048 0.0159715 -0.999093 -0.0385271
23.9001 7.69449 -43.9757 0.0244239 -0.999084 -0.0351313
22.98 7.65844 -43.5597 0.0159709 -0.999093 -0.0385268
22.1422 7.634 -43.1434 0.00807158 -0.998974 -0.0445067
20.9937 7.60433 -42.7637 0.00897832 -0.998653 -0.0508668
19.9798 7.586 -42.5042 0.0011601 -0.998629 -0.052335
19.023 7.57454 -42.2699 -0.0146694 -0.99797 -0.0619662
18.0864 7.57252 -42.0577 -0.0127068 -0.997506 -0.069425
17.1646 7.56682 -41.8458 -0.00948699 -0.997507 -0.069922
15.9684 7.58378 -41.6021 -0.0416382 -0.996352 -0.0744954
15.0741 7.60794 -41.4606 -0.0391043 -0.995693 -0.0840286
14.008 7.63346 -41.2503 -0.0407175 -0.995497 -0.0856047
12.9481 7.68826 -41.1219 -0.064371 -0.994401 -0.08372
11.9469 7.74835 -41.0474 -0.0657882 -0.993933 -0.0881426
10.8735 7.81849 -40.9734 -0.0939667 -0.991468 -0.0903221
9.70038 7.92882 -40.9422 -0.0958665 -0.991379 -0.0893133
8.72649 8.02496 -40.8979 -0.103218 -0.991151 -0.0834586
7.50519 8.1618 -40.9335 -0.114457 -0.987781 -0.105771
6.59846 8.27718 -40.9879 -0.12399 -0.986724 -0.104894
5.47212 8.43654 -41.0528 -0.140778 -0.984865 -0.10111
4.00834 8.66407 -41.172 -0.14843 -0.983554 -0.102913
2.63806 8.90304 -41.4022 -0.16497 -0.981628 -0.095874
1.60992 9.09618 -41.6284 -0.161823 -0.982571 -0.0914662
0.715392 9.26727 -41.8561 -0.171116 -0.980897 -0.0925217
-0.415022 9.48291 -42.0516 -0.170305 -0.98122 -0.0905489
-1.46442 9.69088 -42.3031 -0.174386 -0.98093 -0.0858251
-2.378 9.86971 -42.4952 -0.173555 -0.981078 -0.0858141
-3.57508 10.1027 -42.7389 -0.174992 -0.98101 -0.0836466
-4.81255 10.3517 -43.0747 -0.174362 -0.981145 -0.083378
-5.68341 10.5241 -43.2953 -0.166881 -0.982983 -0.0767224
-6.75424 10.7167 -43.4908 -0.162208 -0.983606 -0.0787914
-8.0068 10.9386 -43.6978 -0.158569 -0.984419 -0.0758854
-8.99625 11.1027 -43.8923 -0.147855 -0.986431 -0.0713667
-10.4364 11.3303 -44.1153 -0.134925 -0.988178 -0.0724193
-11.365 11.4566 -44.1832 -0.122553 -0.989717 -0.0734304
-12.944 11.6412 -44.2509 -0.104945 -0.991831 -0.0722989
-13.8565 11.7353 -44.2772 -0.0898723 -0.993096 -0.0744419
-14.9667 11.8202 -44.2675 -0.0751557 -0.994184 -0.0771289
-15.9199 11.8869 -44.242 -0.0604344 -0.995641 -0.0696308
-16.8675 11.9235 -44.1961 -0.0377437 -0.997281 -0.0632948
-17.7928 11.953 -44.141 -0.0274551 -0.996925 -0.0732966
-18.8642 11.9825 -44.1677 -0.0172328 -0.997259 -0.0712559
-19.8063 11.9747 -44.0472 0.016448 -0.996439 -0.0826975
-21.2694 11.9228 -43.7797 0.0279947 -0.996358 -0.0805097
-22.5024 11.8628 -43.5434 0.0380618 -0.996149 -0.0789847
-23.7859 11.747 -43.2504 0.0738833 -0.993514 -0.0864306
-24.8363 11.6401 -42.9318 0.0929796 -0.990876 -0.0955518
-25.6982 11.4915 -42.5751 0.140661 -0.985425 -0.0955294
-26.6783 11.3178 -42.2793 0.144038 -0.984607 -0.0990054
-27.5392 11.1357 -41.9628 0.181298 -0.976958 -0.112048
-28.5383 10.8953 -41.5682 0.184284 -0.975515 -0.120044
-29.7534 10.5686 -41.0181 0.206759 -0.971443 -0.115846
-30.7868 10.2367 -40.6633 0.259756 -0.954063 -0.149303
-32.0672 9.81033 -40.2466 0.283611 -0.947303 -0.148053
-32.9055 9.50984 -40.0283 0.305806 -0.938951 -0.157246
-33.7681 9.17186 -39.7966 0.319463 -0.931766 -0.172115
-35.0823 8.66828 -39.6216 0.351875 -0.921092 -0.166655
-36.1729 8.29673 -39.8745 0.366921 -0.910286 -0.191672
-36.7387 8.25093 -40.7474 0.365604 -0.911359 -0.189097
-36.3796 8.55828 -41.5491 0.346114 -0.919329 -0.187119
-35.8109 8.90448 -42.1801 0.345812 -0.918412 -0.19218
-34.9344 9.34533 -42.8985 0.313583 -0.936824 -0.154726
-34.1176 9.69271 -43.4033 0.304162 -0.940581 -0.150951
-32.877 10.1642 -43.9737 0.273164 -0.950714 -0.146552
-31.8758 10.5005 -44.3291 0.244958 -0.958857 -0.141134
-30.8181 10.7872 -44.6409 0.219742 -0.96662 -0.131349
-29.9709 10.999 -44.8782 0.203222 -0.97097 -0.126164
-28.8082 11.2627 -45.1363 0.173342 -0.979657 -0.100832
-27.3442 11.5466 -45.4874 0.162099 -0.982412 -0.092147
-26.3076 11.7007 -45.75 0.121517 -0.989305 -0.080682
-25.4211 11.8156 -45.9859 0.0998027 -0.99215 -0.0753574
-24.2311 11.9521 -46.329 0.073871 -0.994685 -0.0717312
-23.2226 12.0505 -46.6622 0.0653 -0.995783 -0.063326
-22.3255 12.1097 -46.9648 0.0410097 -0.997368 -0.0597933
-21.085 12.1821 -47.4761 0.0223403 -0.998253 -0.0532844
-19.957 12.2124 -47.9061 0.011188 -0.998914 -0.0450624
-19.0761 12.2417 -48.2821 -0.0108854 -0.999293 -0.0320878
-18.0897 12.2304 -48.7343 -0.0277909 -0.999018 -0.0344893
-16.861 12.2132 -49.26 -0.030369 -0.999013 -0.0322895
-15.7839 12.179 -49.788 -0.0571955 -0.997862 -0.0308823
-14.5552 12.1147 -50.4113 -0.0748041 -0.996697 -0.0313884
-13.5662 12.0562 -51.0486 -0.0752992 -0.996921 -0.0187197
-12.7516 11.9768 -51.5468 -0.107709 -0.994145 -0.00858529
-11.5314 11.8591 -52.2772 -0.12149 -0.992304 -0.0238444
-10.4288 11.7268 -52.9544 -0.125598 -0.992075 0.00318917
-9.04664 11.5469 -53.7935 -0.126852 -0.991915 0.00372594
-7.98603 11.3889 -54.3599 -0.152521 -0.988294 -0.0034409
-6.91642 11.2276 -54.9609 -0.15211 -0.988351 0.000957301
-6.07547 11.0971 -55.4682 -0.149123 -0.988809 0.00447973
-5.09961 10.9383 -56.181 -0.154181 -0.987898 0.0168728
-4.07219 10.7642 -56.9574 -0.154124 -0.987884 0.0181661
-3.18484 10.6089 -57.5945 -0.161678 -0.986473 0.0270298
-2.27315 10.4471 -58.2007 -0.158316 -0.98719 0.0198093
-1.46935 10.3076 -58.7138 -0.160759 -0.986694 0.0238689
-0.463347 10.1336 -59.2899 -0.151614 -0.988125 0.0249347
0.564979 9.96187 -59.8078 -0.157652 -0.987261 0.0194756
1.32844 9.83064 -60.2893 -0.150665 -0.988491 0.0135214
2.51112 9.6405 -60.8838 -0.1501 -0.988559 0.0148013
3.32626 9.50936 -61.3017 -0.141692 -0.989706 0.0182718
4.15929 9.39062 -61.6957 -0.135218 -0.990705 0.0146641
5.03983 9.26471 -62.0368 -0.136174 -0.990572 0.0149707
6.14291 9.11411 -62.3717 -0.125914 -0.991942 0.0137732
7.00606 8.99944 -62.6214 -0.122744 -0.992308 0.015459
7.99398 8.87757 -62.8941 -0.118582 -0.992827 0.0152433
8.90171 8.77372 -63.0772 -0.106099 -0.994291 0.011319
10.018 8.65377 -63.2369 -0.104527 -0.994459 0.0111792
10.9096 8.55967 -63.3215 -0.0969093 -0.995192 0.0121669
11.8859 8.47089 -63.3695 -0.0880456 -0.996046 0.0114585
12.8986 8.38299 -63.3903 -0.0870377 -0.996179 0.00725256
13.8348 8.30525 -63.4007 -0.0699193 -0.997535 0.00589651
14.8071 8.23644 -63.4391 -0.0703312 -0.997514 0.00415902
15.7687 8.16959 -63.4395 -0.0639708 -0.997914 0.0062836
16.9427 8.10135 -63.3963 -0.0557679 -0.998409 0.00795419
18.164 8.0352 -63.3622 -0.048614 -0.998778 0.00617338
19.4211 7.98281 -63.2698 -0.0420031 -0.999097 0.00645898
20.5796 7.93705 -63.1976 -0.0333821 -0.999396 0.00749442
21.625 7.90937 -62.9757 -0.0281933 -0.999575 0.00738178
20.6206 7.93883 -62.6788 -0.0331303 -0.999414 0.00519235
19.9693 7.96934 -61.9946 -0.0375917 -0.999279 0.00408436
19.2256 8.00015 -61.2832 -0.0472784 -0.998869 0.00340201
18.2251 8.04866 -60.331 -0.0485488 -0.998821 -0.000124681
17.4358 8.08938 -59.1526 -0.0519211 -0.998647 0.00143844
16.8672 8.11919 -57.8569 -0.0564442 -0.998402 -0.00256866
16.5409 8.13112 -57.0095 -0.0575571 -0.998314 -0.00732013
16.2141 8.14148 -55.8652 -0.0552785 -0.998441 -0.00635096
16.0188 8.13786 -54.8395 -0.049951 -0.998624 -0.0159822
15.9201 8.12723 -53.8294 -0.0499764 -0.998638 -0.0149669
16.8934 8.07652 -53.7554 -0.0521301 -0.998487 -0.0175005
17.0257 8.09 -55.0899 -0.0533 -0.998495 -0.0129205
17.2755 8.08856 -56.213 -0.0513907 -0.998669 -0.00427551
17.7654 8.07073 -57.546 -0.0451241 -0.998976 -0.00302082
18.1735 8.05417 -58.5584 -0.0479746 -0.998845 -0.0005349
18.6831 8.0276 -59.3324 -0.0472817 -0.998877 0.00225947
19.3174 8.00024 -60.0287 -0.039573 -0.99921 0.00110837
20.0288 7.97019 -60.7078 -0.0356116 -0.999361 0.00320034
20.7355 7.94339 -61.2916 -0.0375914 -0.999279 0.00408451
21.6101 7.9171 -61.713 -0.0224177 -0.999725 0.00689091
22.6712 7.8908 -62.0684 -0.0225006 -0.999723 0.00693077
23.7329 7.86849 -62.3853 -0.00987812 -0.999928 0.00684784
24.6732 7.8588 -62.4847 -0.00851262 -0.999932 0.00794338
25.7594 7.84711 -62.6539 -0.00959721 -0.999892 0.0111686
25.1702 7.84843 -63.0423 -0.00985896 -0.999893 0.0107695
24.1566 7.85681 -63.2715 -0.011527 -0.999877 0.0106644
22.981 7.86757 -63.7756 -0.0211261 -0.999721 0.00881583
21.7736 7.89717 -64.0022 -0.0269516 -0.99958 0.0106405
20.7195 7.92528 -64.1438 -0.0333816 -0.999396 0.00749359
19.7373 7.96328 -64.2802 -0.03956 -0.999198 0.00617597
18.8371 8.00025 -64.3522 -0.0420222 -0.999094 0.00667155
17.6751 8.05418 -64.4105 -0.0539033 -0.998511 0.00842226
16.5535 8.11545 -64.4272 -0.0598439 -0.998183 0.00661034
15.5117 8.17976 -64.4313 -0.0652648 -0.997833 0.00716822
14.3473 8.26138 -64.4156 -0.0704606 -0.997477 0.0086638
13.0857 8.35862 -64.3848 -0.0824788 -0.996582 0.00455404
11.8941 8.46107 -64.3761 -0.0852262 -0.996297 0.0111086
10.7748 8.56188 -64.328 -0.100623 -0.994852 0.0113775
9.53453 8.69306 -64.1861 -0.103078 -0.994571 0.0142485
8.56006 8.79963 -64.0111 -0.107476 -0.994069 0.0165797
7.32359 8.94415 -63.7323 -0.11799 -0.992872 0.0168519
6.20152 9.08948 -63.4046 -0.127552 -0.991649 0.0189184
4.78025 9.28092 -62.9933 -0.130669 -0.991274 0.0173345
3.64298 9.44267 -62.5439 -0.134258 -0.990711 0.0215754
2.62511 9.59501 -62.0681 -0.142314 -0.989523 0.0242616
1.60364 9.75635 -61.5992 -0.145293 -0.989017 0.0271294
0.770924 9.89374 -61.1294 -0.152978 -0.98784 0.0277592
-0.153087 10.0519 -60.5722 -0.152226 -0.987984 0.0267506
-1.29536 10.2436 -59.9823 -0.153602 -0.987799 0.0256032
-2.24646 10.4166 -59.3636 -0.156546 -0.987189 0.0306193
-3.11226 10.5654 -58.8186 -0.151693 -0.988042 0.027613
-4.03137 10.7287 -58.2129 -0.158913 -0.986945 0.0261909
-5.04898 10.9079 -57.4476 -0.154828 -0.987772 0.0182787
-6.10095 11.0868 -56.6466 -0.154674 -0.98782 0.0169504
-6.91111 11.2203 -56.0708 -0.151174 -0.988492 0.00511639
-7.71897 11.3483 -55.6133 -0.14458 -0.989317 0.0141803
-8.82746 11.5084 -55.0593 -0.133374 -0.991035 0.00782114
-9.85612 11.6479 -54.4665 -0.126853 -0.991915 0.00369172
-10.8355 11.7738 -53.857 -0.115874 -0.993224 0.00861249
-11.8326 11.8951 -53.2498 -0.114435 -0.993365 0.0114647
-12.7804 11.9891 -52.6797 -0.0905489 -0.995886 0.00196116
-13.7621 12.0722 -52.1036 -0.0830046 -0.996547 0.00189402
-14.5858 12.1347 -51.5933 -0.0684753 -0.997619 -0.0070254
-15.7727 12.2043 -50.8933 -0.0615077 -0.998062 -0.00939183
-17.0609 12.2491 -50.2445 -0.0319397 -0.999041 -0.0299516
-17.9312 12.2652 -49.8691 -0.027791 -0.999018 -0.0344891
-18.9198 12.2764 -49.425 -0.0126604 -0.999335 -0.0310344
-20.0828 12.2558 -48.9273 0.00509134 -0.999525 -0.0303797
-21.2534 12.2259 -48.4752 0.023011 -0.998951 -0.0378497
-22.2625 12.17 -48.0611 0.0395798 -0.998228 -0.0444387
-23.2279 12.1071 -47.7031 0.0574564 -0.996884 -0.0540514
-24.4105 12.0082 -47.3328 0.0746079 -0.995835 -0.0524062
-25.2795 11.9212 -47.0724 0.106263 -0.991098 -0.0800498
-26.7397 11.7202 -46.682 0.125001 -0.989187 -0.0767029
-27.7566 11.5581 -46.4091 0.158286 -0.983895 -0.083043
-28.708 11.3841 -46.161 0.155575 -0.984 -0.0867108
-30.0031 11.1187 -45.891 0.196181 -0.975353 -0.0999005
-31.0606 10.8525 -45.6026 0.217092 -0.968746 -0.119973
-32.0361 10.5897 -45.3063 0.229218 -0.966371 -0.116559
-33.0004 10.2785 -44.9631 0.268588 -0.952112 -0.146093
-33.8168 9.99039 -44.6114 0.295613 -0.939984 -0.170419
-34.8444 9.56979 -44.0739 0.294097 -0.940227 -0.171686
-35.6327 9.22421 -43.5873 0.310546 -0.935361 -0.169296
-36.4827 8.80305 -42.9355 0.356744 -0.916594 -0.180396
-37.4058 8.21778 -41.8728 0.365323 -0.911007 -0.191324
-37.8894 7.77892 -40.775 0.384114 -0.89966 -0.20753
-37.5264 7.68175 -39.6349 0.387976 -0.90176 -0.190536
-36.407 8.00099 -38.9382 0.367431 -0.909088 -0.196348
-35.2683 8.40025 -38.6613 0.365902 -0.909622 -0.19673
-34.0647 8.8793 -38.7281 0.328112 -0.929583 -0.167984
-32.8097 9.3647 -39.0271 0.312575 -0.935367 -0.165489
-31.9671 9.68455 -39.2501 0.28361 -0.947303 -0.148052
-30.74 10.0986 -39.671 0.270611 -0.952878 -0.137026
-29.8276 10.3995 -39.9895 0.266948 -0.953921 -0.137016
-28.8591 10.6838 -40.3603 0.19612 -0.973639 -0.116469
-27.9696 10.9023 -40.7109 0.191669 -0.974708 -0.114918
-26.9256 11.1495 -41.1206 0.16238 -0.980547 -0.109935
-25.9677 11.3349 -41.456 0.145184 -0.98372 -0.105911
-24.9056 11.5167 -41.8302 0.117086 -0.986118 -0.117734
-23.9013 11.6438 -42.1896 0.0712112 -0.993365 -0.0903046
-22.6371 11.7608 -42.506 0.0676758 -0.993843 -0.0877231
-21.7161 11.8195 -42.6969 0.0297563 -0.995975 -0.0845475
-20.6083 11.8673 -42.9106 0.018705 -0.996216 -0.0848106
-19.6583 11.8959 -43.065 0.0166094 -0.996487 -0.0820823
-18.7578 11.9055 -43.1617 -0.0239308 -0.997119 -0.0719805
-17.5101 11.874 -43.203 -0.0309793 -0.996731 -0.0746127
-16.4717 11.8371 -43.2266 -0.0476825 -0.995503 -0.0818588
-15.3114 11.7692 -43.2683 -0.0739683 -0.994724 -0.0710781
-14.2449 11.6894 -43.2991 -0.0789136 -0.994364 -0.0708044
-13.2416 11.5988 -43.2765 -0.106263 -0.99087 -0.0828458
-12.2562 11.4864 -43.2339 -0.109581 -0.990786 -0.0795963
-11.0956 11.3427 -43.1776 -0.128683 -0.988525 -0.0791097
-9.80884 11.1545 -43.0403 -0.146257 -0.98527 -0.088603
-8.83761 10.9925 -42.8524 -0.145859 -0.985497 -0.0866946
-7.93468 10.8458 -42.6962 -0.160783 -0.983761 -0.0797655
-6.45095 10.5799 -42.4358 -0.163388 -0.983069 -0.0829403
-5.28195 10.3573 -42.1714 -0.172967 -0.98125 -0.0850339
-4.04409 10.1092 -41.847 -0.17505 -0.980805 -0.0859015
-3.13518 9.92879 -41.636 -0.173946 -0.98104 -0.0854579
-1.96096 9.70034 -41.4022 -0.173971 -0.981004 -0.0858196
-1.08311 9.52725 -41.217 -0.175458 -0.980579 -0.0876284
-0.0207374 9.3169 -40.9911 -0.174974 -0.980056 -0.0942028
1.12272 9.09124 -40.7355 -0.167145 -0.981398 -0.0943631
2.30784 8.8647 -40.4515 -0.164327 -0.981682 -0.0964192
3.27897 8.68576 -40.266 -0.153566 -0.983554 -0.0950694
4.34023 8.50526 -40.113 -0.156431 -0.982655 -0.0994464
5.32221 8.35654 -40.0632 -0.140662 -0.984916 -0.100773
6.61979 8.17359 -40.0189 -0.127514 -0.98675 -0.100319
7.81216 8.02103 -39.9322 -0.112119 -0.988307 -0.103338
8.97882 7.89202 -39.9063 -0.0973808 -0.98958 -0.105944
10.3598 7.76906 -39.9525 -0.0888687 -0.990608 -0.103912
11.377 7.69244 -40.0107 -0.0680098 -0.993663 -0.0894918
12.2841 7.63626 -40.0677 -0.0645611 -0.99379 -0.0906106
13.3743 7.57712 -40.1759 -0.0600759 -0.993972 -0.0916477
14.2927 7.5389 -40.3046 -0.0408928 -0.99479 -0.0930326
15.6363 7.5118 -40.5549 -0.0368447 -0.995897 -0.0826535
16.6365 7.49177 -40.7113 -0.017772 -0.997162 -0.0727778
17.8842 7.49941 -40.9954 -0.0116995 -0.996962 -0.0770084
18.7608 7.50969 -41.2032 -0.00472439 -0.998107 -0.0613165
19.6881 7.51924 -41.3969 0.00132592 -0.997976 -0.0635809
20.6772 7.54505 -41.6286 0.0163169 -0.998514 -0.0518482
21.5897 7.57069 -41.9078 0.0126702 -0.998665 -0.0500691
22.7097 7.60563 -42.333 0.014776 -0.999084 -0.040167
23.5991 7.6399 -42.737 0.0210613 -0.998882 -0.04233
24.4385 7.67655 -43.0845 0.0248322 -0.999086 -0.0347981
25.5622 7.7209 -43.5468 0.0246843 -0.999054 -0.035805
26.3418 7.7586 -43.9997 0.0351274 -0.998937 -0.0298393
27.2965 7.80487 -44.398 0.0365159 -0.998862 -0.0306908
28.319 7.85195 -44.7359 0.0354072 -0.998986 -0.0278057
28.5145 7.87659 -45.4086 0.0364171 -0.999026 -0.0249253
27.5386 7.83338 -45.0951 0.0361226 -0.999026 -0.0253466
26.194 7.78735 -45.0532 0.026374 -0.999229 -0.0290304
24.7327 7.75134 -45.0484 0.023507 -0.9993 -0.0290883
23.6047 7.73352 -45.1784 0.012876 -0.998989 -0.0430704
22.3976 7.73364 -45.5596 0.0072735 -0.99941 -0.0333143
21.357 7.74012 -46.013 0.000526104 -0.999214 -0.0384975
20.1659 7.78277 -46.7715 -0.00907335 -0.999044 -0.0427546
19.2127 7.82471 -47.6245 -0.00734622 -0.999449 -0.0323686
18.4715 7.87795 -48.6032 -0.027178 -0.999069 -0.0334614
17.7989 7.93535 -49.651 -0.0429733 -0.998571 -0.0317777
17.3081 7.99348 -50.8709 -0.0440837 -0.998592 -0.0295178
16.9601 8.04645 -52.4365 -0.0469234 -0.998714 -0.0191905
16.8945 8.06855 -53.304 -0.0521302 -0.998487 -0.0174997
17.8509 8.02365 -53.3765 -0.041123 -0.999019 -0.0158745
17.9803 8.04341 -54.9021 -0.045498 -0.998858 -0.0145563
18.3324 8.04025 -56.405 -0.0452579 -0.99896 -0.00550488
18.6952 8.02776 -57.3996 -0.0435487 -0.999046 -0.00199585
19.173 8.00884 -58.3532 -0.0439791 -0.999024 0.00416131
19.9275 7.97833 -59.2277 -0.0310277 -0.999515 0.00111943
20.8775 7.94389 -60.1052 -0.0300061 -0.999528 0.00562175
21.9743 7.91387 -60.789 -0.0225108 -0.999743 0.0025556
23.0034 7.88998 -61.1774 -0.0214422 -0.999735 0.00840687
23.9534 7.8735 -61.4226 -0.00840088 -0.999944 0.00642046
25.3562 7.86037 -61.5872 -0.00742891 -0.999934 0.00869142
26.6336 7.85976 -61.5181 0.00589459 -0.999947 0.00845467
27.8453 7.86912 -61.3318 0.00915966 -0.999898 0.0104355
28.8755 7.88613 -60.9168 0.0135806 -0.999831 0.0121774
29.8231 7.90877 -60.3726 0.0173699 -0.999774 0.0122318
30.5844 7.92972 -59.8614 0.0205784 -0.999656 0.0162677
31.3388 7.9564 -59.2109 0.0241472 -0.999558 0.0172564
32.2894 7.99451 -58.464 0.0257139 -0.999487 0.0190689
32.736 8.0071 -58.4082 0.0257721 -0.999483 0.0192264
32.5694 7.9843 -59.3834 0.0250707 -0.999489 0.0198226
32.2582 7.96031 -60.2364 0.0219528 -0.999601 0.0177702
31.3464 7.92309 -61.1737 0.022147 -0.999581 0.0186543
30.5312 7.9029 -61.6922 0.0151833 -0.999749 0.0163578
29.739 7.88206 -62.2555 0.0147803 -0.999763 0.015989
28.9082 7.86356 -62.7118 0.0103541 -0.999871 0.0123043
28.0158 7.85052 -63.0953 0.00515012 -0.999882 0.0144767
26.6416 7.83547 -63.6262 0.0024374 -0.999872 0.0155237
25.7649 7.83449 -63.9157 -0.00567391 -0.999937 0.00916507
24.4683 7.84254 -64.2947 -0.00941882 -0.99991 0.0094747
23.444 7.85438 -64.6403 -0.0167017 -0.999785 0.0123108
22.569 7.86589 -64.9212 -0.0239517 -0.999648 0.0107359
21.6211 7.89077 -65.0341 -0.0279102 -0.999558 0.0101995
20.531 7.92136 -65.1815 -0.0362647 -0.999259 0.0108184
19.5107 7.96345 -65.3254 -0.0429968 -0.998993 0.0128023
18.1735 8.01856 -65.4441 -0.0472882 -0.998825 0.00827596
16.7607 8.09529 -65.4393 -0.0542873 -0.998494 0.00788643
15.6706 8.16231 -65.4215 -0.0629402 -0.997977 0.00898646
14.4153 8.24693 -65.4017 -0.070619 -0.997443 0.0110055
13.4949 8.315 -65.3834 -0.0802896 -0.99666 0.0148876
12.456 8.39901 -65.3878 -0.0833666 -0.996408 0.0147063
11.5303 8.47838 -65.3912 -0.0909579 -0.995769 0.0109789
10.1103 8.61792 -65.285 -0.0968903 -0.995165 0.0161062
8.81916 8.75383 -65.0774 -0.105025 -0.994344 0.0155426
7.82017 8.86977 -64.8633 -0.11417 -0.993382 0.0125743
6.90778 8.97951 -64.6367 -0.117286 -0.992998 0.0141144
5.75831 9.12682 -64.3013 -0.127064 -0.991624 0.0231775
4.6918 9.27077 -63.9985 -0.127638 -0.991538 0.0236913
3.38873 9.45567 -63.5285 -0.136434 -0.99033 0.0251512
2.46905 9.59374 -63.1014 -0.13991 -0.989871 0.0239661
1.6456 9.71886 -62.7133 -0.144353 -0.989123 0.0282437
0.792352 9.85406 -62.2895 -0.140848 -0.989606 0.0290209
-0.198122 10.0266 -61.6827 -0.148242 -0.988314 0.0351677
-1.40084 10.2335 -61.045 -0.150406 -0.987792 0.0405695
-2.1555 10.365 -60.5346 -0.157643 -0.987097 0.027773
-2.90976 10.4982 -60.0544 -0.152989 -0.987766 0.0302177
-4.08635 10.7051 -59.3754 -0.160103 -0.986696 0.0282461
-5.09767 10.8842 -58.652 -0.146096 -0.988948 0.0252699
-5.95619 11.0294 -58.0028 -0.147729 -0.988618 0.028484
-6.6838 11.1545 -57.4338 -0.147717 -0.988621 0.0284465
-7.82019 11.3382 -56.6521 -0.136264 -0.990369 0.0245139
-9.02552 11.5151 -56.0709 -0.12835 -0.991378 0.0256523
-10.0095 11.6538 -55.5361 -0.120096 -0.992381 0.0271405
-11.2306 11.8122 -54.7363 -0.115874 -0.993224 0.00861125
-12.3049 11.9401 -54.1018 -0.104692 -0.994277 0.0168711
-13.322 12.0346 -53.5162 -0.0878463 -0.99613 0.00273103
-14.2543 12.1141 -52.9748 -0.0750581 -0.997137 0.000877981
-15.0284 12.166 -52.5032 -0.0619887 -0.998077 -0.000689585
-15.9891 12.225 -51.9043 -0.053848 -0.998456 -0.00842066
-16.9038 12.2594 -51.3977 -0.0444197 -0.998943 -0.00690513
-17.9289 12.2902 -50.9401 -0.0318051 -0.99934 -0.0160492
-18.9369 12.3077 -50.5489 0.000580941 -0.999735 -0.0223163
-19.9541 12.2908 -50.058 0.00509121 -0.999525 -0.0303796
-21.0148 12.2729 -49.6406 0.00819116 -0.99937 -0.0341604
-21.9925 12.2302 -49.2654 0.0345835 -0.998688 -0.037775
-23.0671 12.1692 -48.8148 0.0464692 -0.997921 -0.044659
-24.0563 12.0951 -48.4669 0.0758445 -0.995701 -0.0531786
-25.2122 11.9844 -48.1234 0.0858084 -0.995171 -0.0476556
-26.1797 11.8809 -47.8415 0.117233 -0.990131 -0.0763918
-27.1063 11.7461 -47.6193 0.126448 -0.98915 -0.0747858
-28.0624 11.5947 -47.3627 0.149192 -0.985214 -0.0838964
-29.0289 11.4165 -47.1019 0.179451 -0.979365 -0.0929551
-30.0033 11.217 -46.8814 0.180704 -0.978931 -0.0950523
-30.9738 10.9897 -46.623 0.198048 -0.973251 -0.116448
-32.2607 10.6531 -46.2664 0.2288 -0.96619 -0.11886
-33.3456 10.3171 -45.8623 0.271396 -0.951479 -0.145027
-34.3715 9.95358 -45.4169 0.284425 -0.947566 -0.145568
-35.6832 9.41596 -44.7295 0.31133 -0.9347 -0.171491
-36.904 8.81834 -43.8682 0.343252 -0.920062 -0.188851
-37.538 8.46904 -43.3184 0.353113 -0.915238 -0.193574
-38.39 7.87259 -42.1219 0.368677 -0.909859 -0.190353
-38.8094 7.50805 -41.294 0.382419 -0.900423 -0.20735
-38.8601 7.23013 -40.1926 0.384131 -0.899038 -0.210175
-38.3127 7.21424 -39.0214 0.387416 -0.902026 -0.190413
-37.4986 7.42979 -38.3835 0.387805 -0.901915 -0.19015
-36.6632 7.69923 -38.0314 0.36959 -0.907686 -0.198769
-35.7 8.04434 -37.7573 0.378961 -0.909329 -0.171753
-34.8468 8.3829 -37.6798 0.376767 -0.91058 -0.169973
-33.8521 8.78572 -37.7915 0.328597 -0.929606 -0.166901
-32.6364 9.25706 -38.058 0.3211 -0.93216 -0.16725
-31.5444 9.66416 -38.3609 0.283165 -0.946129 -0.157027
-30.5663 10.0077 -38.6956 0.27061 -0.952878 -0.137026
-29.4874 10.3638 -39.0876 0.24842 -0.958004 -0.142503
-28.5976 10.6109 -39.4265 0.214834 -0.969336 -0.119309
-27.3434 10.9298 -39.933 0.177892 -0.975605 -0.128645
-26.1705 11.1811 -40.3467 0.154571 -0.981976 -0.108768
-25.2078 11.3563 -40.7032 0.129589 -0.986866 -0.0964467
-23.9363 11.55 -41.159 0.083106 -0.991897 -0.0948419
-22.6749 11.6676 -41.4798 0.0648884 -0.993923 -0.088658
-21.336 11.7537 -41.7802 0.0431432 -0.995924 -0.0791844
-20.3519 11.7924 -41.9553 0.0229947 -0.997603 -0.0652639
-19.062 11.8189 -42.1427 -0.00157764 -0.996692 -0.0812548
-17.9845 11.8147 -42.2185 -0.0259358 -0.996421 -0.080143
-16.5669 11.7616 -42.2445 -0.049684 -0.995561 -0.0799386
-15.4658 11.7093 -42.2812 -0.0653595 -0.994675 -0.0787856
-14.2235 11.6164 -42.3054 -0.0851884 -0.993286 -0.0775542
-13.2258 11.5131 -42.2831 -0.102114 -0.991743 -0.07758
-11.9512 11.3672 -42.2118 -0.119763 -0.990247 -0.0711894
-10.9497 11.2447 -42.1921 -0.125504 -0.989099 -0.0766056
-10.041 11.1053 -42.0937 -0.146365 -0.986085 -0.0788209
-8.7797 10.8996 -41.8299 -0.146923 -0.986535 -0.0718515
-7.64002 10.7147 -41.658 -0.159492 -0.984268 -0.0758039
-6.73678 10.5516 -41.4997 -0.164746 -0.983574 -0.0737686
-5.46812 10.3024 -41.1964 -0.176401 -0.980433 -0.0873677
-4.33849 10.0764 -40.9037 -0.171008 -0.98125 -0.088907
-3.03818 9.8222 -40.6223 -0.174327 -0.980695 -0.0885835
-1.96722 9.60616 -40.3929 -0.184825 -0.978159 -0.0951046
-0.74902 9.3597 -40.1229 -0.171585 -0.98029 -0.0979272
0.299885 9.15421 -39.91 -0.174902 -0.979573 -0.0990382
1.37864 8.94107 -39.6454 -0.169553 -0.980336 -0.100958
2.4719 8.73316 -39.4038 -0.158523 -0.981717 -0.105363
3.83508 8.48856 -39.1799 -0.159294 -0.981756 -0.103825
5.25025 8.26435 -39.0914 -0.137829 -0.984749 -0.106164
6.38621 8.10833 -39.0613 -0.118714 -0.987198 -0.105914
7.51946 7.95745 -38.9705 -0.118757 -0.988099 -0.0976106
8.66159 7.81699 -38.902 -0.105566 -0.988934 -0.103502
9.84244 7.70715 -38.915 -0.0916108 -0.990519 -0.102346
10.9638 7.61615 -38.9887 -0.086671 -0.991045 -0.101577
12.4722 7.52239 -39.0847 -0.0638292 -0.992194 -0.107134
13.8812 7.45991 -39.2427 -0.0446151 -0.994148 -0.0983771
14.9483 7.42626 -39.3884 -0.0408926 -0.99479 -0.0930315
16.0854 7.41746 -39.5909 -0.021609 -0.995937 -0.0873891
17.2386 7.41622 -39.8535 -0.0130619 -0.996342 -0.0844439
18.2513 7.42452 -40.0991 0.00202844 -0.996522 -0.0819818
19.1338 7.44479 -40.2937 0.00637112 -0.997794 -0.0660825
20.2479 7.4712 -40.4985 0.0172742 -0.997224 -0.0724247
21.1842 7.504 -40.7181 0.0172985 -0.997536 -0.0678246
22.3375 7.53961 -41.1005 0.0140121 -0.998593 -0.0511183
23.4203 7.58768 -41.5725 0.0282549 -0.998539 -0.0460591
24.555 7.6425 -42.0586 0.0272241 -0.998763 -0.0412249
25.4339 7.67469 -42.3695 0.0234557 -0.999034 -0.0371472
26.3246 7.71889 -42.741 0.0351022 -0.998845 -0.0327994
27.416 7.77396 -43.2499 0.0359274 -0.998828 -0.0324184
28.8885 7.85113 -43.9865 0.0404834 -0.998736 -0.0296466
29.7053 7.90125 -44.5363 0.0430507 -0.998717 -0.0266718
30.5304 7.95504 -45.2596 0.0420395 -0.998799 -0.0251797
31.2334 8.00229 -45.989 0.0403251 -0.998905 -0.023702
32.028 8.05378 -46.8805 0.0408921 -0.999041 -0.0155287
32.4247 8.08172 -47.7329 0.0393823 -0.999138 -0.0131583
32.6705 8.10539 -48.8685 0.0378452 -0.999219 -0.0113465
32.7187 8.11553 -49.921 0.0395691 -0.9992 -0.00585282
32.4434 8.09941 -49.1623 0.0400841 -0.999168 -0.00751359
31.7111 8.0683 -48.8464 0.0388712 -0.999189 -0.0100212
30.7865 8.01745 -47.8181 0.0405571 -0.999078 -0.0140615
29.8978 7.97343 -47.2221 0.0378552 -0.999128 -0.0175861
28.8019 7.918 -46.5842 0.0389639 -0.998929 -0.0248877
27.7367 7.86848 -46.2162 0.0356195 -0.999105 -0.0228253
26.5303 7.82549 -46.0176 0.0276258 -0.999185 -0.0294239
25.4288 7.7944 -45.9931 0.0256236 -0.999264 -0.028471
24.3632 7.77268 -46.0781 0.0163662 -0.999402 -0.0304731
23.4412 7.76307 -46.258 0.0149572 -0.999456 -0.0293344
22.3385 7.7668 -46.6438 0.00385562 -0.999379 -0.0350317
21.0593 7.79867 -47.3679 -0.0117576 -0.999112 -0.0404602
20.1663 7.82819 -48.0457 -0.0117562 -0.999624 -0.0247563
19.4361 7.86347 -48.8879 -0.0180573 -0.999289 -0.0331034
18.8626 7.90592 -49.7901 -0.0303281 -0.999164 -0.0274235
18.3466 7.95444 -50.8943 -0.0323126 -0.999014 -0.0304478
18.0347 7.99271 -52.0325 -0.0351844 -0.999145 -0.0216917
17.8919 8.01496 -52.8258 -0.0366708 -0.999167 -0.0173055
18.8396 7.98384 -53.1699 -0.031783 -0.999379 -0.0152256
18.8888 7.99722 -54.3216 -0.0347076 -0.999331 -0.0113954
19.0938 8.00112 -55.2109 -0.0348544 -0.999294 -0.0139611
19.4651 7.99744 -56.3096 -0.0326454 -0.999453 -0.00530489
19.7455 7.98718 -57.3114 -0.0346886 -0.999361 0.00862577
20.5174 7.95967 -58.3518 -0.0269648 -0.999636 0.000975164
21.4176 7.93383 -59.2163 -0.0281438 -0.999602 0.00179325
22.6997 7.90128 -60.0334 -0.0190897 -0.999812 0.00339102
23.575 7.88349 -60.3451 -0.0134095 -0.999882 0.00469203
24.6411 7.87371 -60.5144 -0.00825645 -0.999944 0.0066803
25.9362 7.86631 -60.5483 -0.00596603 -0.999947 0.00825485
27.1414 7.87144 -60.4441 0.00906848 -0.999907 0.00928471
28.3586 7.89127 -59.9938 0.011683 -0.999865 0.0115641
29.5128 7.91556 -59.3778 0.0137812 -0.999841 0.01091
30.565 7.9484 -58.6116 0.0209429 -0.999681 0.01412
31.4825 7.99164 -57.4751 0.026182 -0.999495 0.0179923
31.9912 8.03017 -56.2176 0.0282383 -0.999367 0.0216229
32.5137 8.0707 -54.8202 0.0308912 -0.999382 0.0167995
32.7067 8.09323 -53.832 0.0307147 -0.999399 0.0160832
32.426 8.09986 -52.4775 0.0351612 -0.99933 0.0100844
31.9717 8.09239 -51.1119 0.0322755 -0.999463 0.00566099
31.328 8.06234 -49.9191 0.0348858 -0.999349 -0.00900377
30.6576 8.02985 -49.0758 0.0361102 -0.999286 -0.0110941
29.6924 7.98322 -48.2309 0.0366198 -0.999194 -0.0163773
28.6714 7.93393 -47.5867 0.036904 -0.999163 -0.0176571
27.7932 7.89355 -47.2251 0.0307626 -0.999186 -0.0254986
26.5778 7.85483 -46.9696 0.0267652 -0.999226 -0.0287985
25.6555 7.82855 -46.9383 0.0274438 -0.999187 -0.0295199
24.0975 7.79858 -47.0997 0.0168584 -0.999479 -0.027514
23.0636 7.79439 -47.4142 0.00038504 -0.999492 -0.0318684
22.0336 7.81015 -47.9211 0.00140932 -0.999592 -0.0282653
21.2786 7.82806 -48.4432 -0.00773938 -0.999677 -0.0242053
20.598 7.84837 -49.064 -0.00609827 -0.999687 -0.0242111
19.9693 7.8841 -49.9236 -0.0189373 -0.999471 -0.0264188
19.4919 7.91429 -50.7639 -0.0184042 -0.999554 -0.0234228
19.1939 7.94257 -51.6164 -0.0354373 -0.99913 -0.0219749
18.909 7.9746 -52.7086 -0.0349702 -0.999284 -0.0140727
19.8662 7.9476 -52.8036 -0.0275439 -0.999566 -0.0104834
19.8486 7.96187 -54.034 -0.0282545 -0.999517 -0.0116061
20.0922 7.96685 -54.9893 -0.0257429 -0.999642 -0.00730061
20.4428 7.96516 -56.1598 -0.0319982 -0.999469 -0.00606907
20.7153 7.95546 -57.0875 -0.0308268 -0.999498 0.00471683
21.3407 7.93805 -57.7547 -0.0269649 -0.999636 0.000891553
22.1496 7.91639 -58.5618 -0.0189743 -0.999815 0.00304262
23.306 7.89221 -59.2564 -0.0134095 -0.999882 0.00469253
24.5987 7.88055 -59.5427 -0.00795879 -0.999948 0.00639667
25.5255 7.87617 -59.6 -0.00298205 -0.999946 0.00994655
26.6576 7.87545 -59.5401 0.00906865 -0.999907 0.00928538
27.7036 7.89255 -59.1663 0.0125098 -0.999881 0.00898793
28.7103 7.90991 -58.6852 0.0167197 -0.999787 0.0112278
30.1163 7.95123 -57.7457 0.0202809 -0.999691 0.0143628
30.7386 7.98462 -56.7627 0.0271163 -0.999488 0.017008
31.1491 8.01388 -55.7063 0.0272036 -0.999482 0.0172
31.552 8.048 -54.361 0.0325083 -0.999358 0.0150798
31.5786 8.06558 -53.0926 0.0325979 -0.999419 0.00989242
31.3762 8.06722 -52.1501 0.033552 -0.999397 0.00894796
30.9417 8.05582 -51.1623 0.0385314 -0.999255 -0.00227631
30.4207 8.03379 -50.3115 0.0365928 -0.999313 -0.00485267
29.6604 7.99874 -49.4572 0.031126 -0.999421 -0.0137183
28.4042 7.94127 -48.5281 0.0336891 -0.999234 -0.0196743
27.5439 7.90628 -48.1271 0.0298645 -0.999352 -0.0200712
26.1298 7.86426 -47.907 0.0247274 -0.999472 -0.0210927
24.9088 7.8366 -47.9402 0.018144 -0.999424 -0.0286733
23.7701 7.82246 -48.1677 0.0175012 -0.999452 -0.0280936
22.8315 7.82784 -48.5595 0.00243361 -0.999693 -0.0246621
21.644 7.84985 -49.3885 -0.00609773 -0.999687 -0.0242113
20.9376 7.87047 -50.118 -0.0126035 -0.99958 -0.0250595
20.4528 7.90068 -50.9589 -0.0184862 -0.999601 -0.0213453
20.0546 7.93551 -52.1467 -0.0254419 -0.999489 -0.0177732
19.9525 7.94169 -52.4673 -0.0275439 -0.999566 -0.0104834
20.8762 7.92338 -52.7664 -0.0216531 -0.999691 -0.012223
21.127 7.90807 -51.8342 -0.0182241 -0.999677 -0.0166704
21.5601 7.88257 -50.8594 -0.00591206 -0.999847 -0.0154785
22.2211 7.86284 -50.1614 -0.00400525 -0.999776 -0.0203927
23.4402 7.84398 -49.2692 -0.000583026 -0.999779 -0.0210032
24.3566 7.85026 -48.9532 0.0176869 -0.999641 -0.0201417
25.2766 7.86418 -48.8362 0.019674 -0.999581 -0.0210989
26.7297 7.90077 -48.9625 0.0250004 -0.999492 -0.0197791
28.0629 7.94841 -49.4304 0.0321616 -0.999318 -0.0181547
28.8495 7.97921 -50.0225 0.0308647 -0.999462 -0.0108826
29.6513 8.01264 -50.9371 0.0281435 -0.999593 -0.00474493
30.3593 8.03518 -52.0948 0.0300484 -0.99953 0.00523866
30.6153 8.03595 -52.9914 0.0276382 -0.999593 0.00702609
30.6147 8.02595 -53.98 0.0289849 -0.999496 0.012778
30.3461 8.00319 -55.0093 0.0280737 -0.999475 0.0161995
29.9808 7.97619 -56.065 0.0265214 -0.999548 0.0140216
29.2622 7.94143 -57.1828 0.0213993 -0.999654 0.0151579
28.0272 7.90955 -57.8821 0.0168444 -0.999752 0.0145855
26.9888 7.88999 -58.4539 0.0125355 -0.999881 0.00899257
26.0895 7.87984 -58.6582 -0.0023928 -0.999991 0.00358937
24.954 7.88202 -58.6219 -0.000350048 -0.999998 0.00214138
23.6687 7.88992 -58.326 -0.0108407 -0.99994 -0.0017246
22.5411 7.91148 -57.6075 -0.0193974 -0.999809 0.00248505
21.6807 7.93045 -56.6329 -0.0251146 -0.999683 0.00163962
21.3356 7.93849 -55.6858 -0.0270576 -0.999622 -0.00378932
20.8614 7.94165 -54.2515 -0.0264561 -0.999625 -0.0070401
20.7958 7.93093 -53.2415 -0.0216531 -0.999691 -0.0122226
24.3454 7.83189 -65.4249 -0.011138 -0.999878 0.0104679
23.2837 7.8429 -65.8255 -0.0141077 -0.999842 0.0108277
22.0708 7.86787 -65.9956 -0.0287104 -0.999533 0.0104393
20.8381 7.90291 -66.1485 -0.0317285 -0.999455 0.00876669
19.776 7.93982 -66.2778 -0.0429969 -0.998993 0.0128018
18.6231 7.98938 -66.4087 -0.0445928 -0.998957 0.00979604
17.4706 8.04775 -66.4544 -0.0549848 -0.99844 0.00968009
16.4668 8.10302 -66.4278 -0.0563721 -0.998331 0.0123489
15.5567 8.16102 -66.4173 -0.0640002 -0.997835 0.0151354
14.6361 8.22033 -66.3967 -0.0707295 -0.997435 0.0109506
13.3379 8.31257 -66.3928 -0.0755648 -0.997044 0.0128917
12.3418 8.39402 -66.3726 -0.0833672 -0.996408 0.0147073
11.0045 8.51408 -66.3259 -0.0927427 -0.995579 0.0142266
10.0534 8.60794 -66.2641 -0.0973253 -0.995127 0.0158005
8.73506 8.74635 -66.0634 -0.107413 -0.994073 0.0167507
7.46891 8.89139 -65.8042 -0.113654 -0.993271 0.0222342
6.47496 9.0123 -65.5258 -0.113837 -0.993288 0.0204021
5.5166 9.13673 -65.2672 -0.125888 -0.991832 0.0205089
4.18888 9.31443 -64.8796 -0.126766 -0.991635 0.0242825
3.28353 9.441 -64.561 -0.132963 -0.990672 0.0298367
2.39836 9.57115 -64.1567 -0.134182 -0.990437 0.0319173
1.52525 9.70538 -63.758 -0.135334 -0.990215 0.0339969
0.569613 9.85457 -63.2777 -0.137742 -0.989798 0.0364302
-0.208459 9.9839 -62.844 -0.144079 -0.98885 0.0376363
-1.29189 10.1661 -62.289 -0.15033 -0.987819 0.0401737
-2.18099 10.3213 -61.8018 -0.147719 -0.988108 0.0425423
-2.9208 10.453 -61.2216 -0.146007 -0.988236 0.0452403
-4.1311 10.6716 -60.5004 -0.150473 -0.987757 0.040251
-4.89937 10.8047 -59.9948 -0.137227 -0.989698 0.0408193
-5.90235 10.9747 -59.3141 -0.140399 -0.989124 0.0438346
-6.66947 11.1075 -58.7255 -0.13618 -0.98976 0.0427775
-7.54533 11.2602 -57.9974 -0.131531 -0.990405 0.0421009
-8.66513 11.4283 -57.3229 -0.125675 -0.991403 0.0364107
-9.94197 11.6062 -56.7428 -0.122105 -0.99178 0.0382398
-11.0747 11.7601 -56.0115 -0.0983848 -0.99446 0.0370191
-11.935 11.8665 -55.4811 -0.102094 -0.994034 0.0383832
-12.9836 11.9837 -54.8439 -0.0920726 -0.995408 0.0261932
-13.8393 12.0677 -54.3695 -0.0812967 -0.996466 0.0207401
-14.6859 12.1373 -53.8708 -0.0641809 -0.997878 0.0109714
-15.4914 12.1942 -53.4051 -0.0585479 -0.99819 0.0124557
-16.7678 12.2731 -52.6314 -0.053848 -0.998456 -0.00842071
-17.739 12.2887 -52.1014 -0.0158043 -0.999847 -0.00748387
-18.6885 12.315 -51.7301 -0.0243681 -0.999688 0.00327467
-19.651 12.3193 -51.3302 0.00187659 -0.999907 -0.0135167
-20.5519 12.3082 -50.9126 0.00598446 -0.999942 -0.00900615
-21.468 12.2875 -50.5417 0.0363856 -0.999016 -0.0253553
-22.3181 12.2467 -50.2104 0.0391382 -0.998844 -0.0278901
-23.2878 12.1967 -49.7922 0.0445737 -0.998456 -0.0324206
-24.3474 12.1118 -49.4082 0.0733765 -0.9968 -0.0317017
-25.2511 12.0328 -49.153 0.0862842 -0.995038 -0.049511
-26.2866 11.9271 -48.8507 0.0874839 -0.994987 -0.0484535
-27.6249 11.7456 -48.5047 0.124444 -0.990214 -0.0631689
-28.5097 11.5977 -48.2555 0.14821 -0.986392 -0.0711639
-29.6557 11.3809 -47.9676 0.18292 -0.9792 -0.08779
-30.7922 11.1395 -47.6788 0.189241 -0.977947 -0.0883629
-31.7241 10.9182 -47.45 0.229836 -0.9685 -0.0958296
-32.9157 10.5855 -47.0632 0.240793 -0.962516 -0.124826
-33.7524 10.3354 -46.7436 0.257597 -0.95743 -0.128319
-34.8165 9.94953 -46.2581 0.28243 -0.946988 -0.152892
-35.9466 9.5146 -45.7164 0.300658 -0.939826 -0.161372
-36.8522 9.08713 -45.132 0.333205 -0.927166 -0.171285
-37.6615 8.67272 -44.5341 0.341734 -0.920603 -0.188966
-38.4508 8.22413 -43.8728 0.364492 -0.909873 -0.198182
-38.9873 7.8381 -43.0888 0.364579 -0.909725 -0.198701
-39.4269 7.48014 -42.3207 0.384968 -0.899642 -0.206019
-39.8847 7.01328 -41.195 0.398219 -0.891383 -0.216466
-39.8137 6.74721 -39.946 0.414221 -0.884025 -0.216522
-39.3929 6.70063 -38.9289 0.409065 -0.887547 -0.211955
-38.6173 6.83463 -37.9892 0.409172 -0.887725 -0.211003
-37.5564 7.17004 -37.3225 0.403612 -0.891719 -0.204607
-36.5387 7.55662 -37.046 0.385762 -0.902098 -0.192379
-35.6379 7.87998 -36.7673 0.382435 -0.905069 -0.185993
-34.1417 8.47564 -36.7558 0.350945 -0.922311 -0.161805
-33.315 8.81641 -36.9048 0.324849 -0.930883 -0.167075
-31.9838 9.34105 -37.2074 0.332516 -0.93083 -0.151619
-31.0134 9.68836 -37.4975 0.288068 -0.945886 -0.149355
-30.0691 10.0187 -37.8579 0.267761 -0.951644 -0.150589
-29.0383 10.342 -38.208 0.234409 -0.96148 -0.143559
-27.8073 10.6901 -38.7018 0.200606 -0.971765 -0.12422
-26.8944 10.9119 -39.0597 0.175947 -0.979375 -0.0993315
-25.942 11.1088 -39.3739 0.150669 -0.982809 -0.106213
-24.7384 11.3328 -39.84 0.129857 -0.986023 -0.103073
-23.6767 11.4754 -40.2127 0.0973492 -0.990529 -0.0965012
-22.5509 11.5856 -40.5127 0.0588345 -0.994035 -0.0918341
-21.5524 11.6604 -40.7241 0.0431432 -0.995924 -0.0791844
-20.4331 11.7246 -40.9477 0.0321409 -0.996789 -0.0724164
-19.3794 11.7382 -41.0969 -0.00613983 -0.997053 -0.0764695
-18.0402 11.7336 -41.2363 -0.0176921 -0.997335 -0.0707766
-16.8122 11.6976 -41.2621 -0.0490283 -0.996322 -0.0702817
-15.5123 11.6281 -41.2865 -0.0597654 -0.99569 -0.0709189
-14.2126 11.5345 -41.3283 -0.0946154 -0.992119 -0.0821407
-13.1639 11.4292 -41.2916 -0.102351 -0.991711 -0.0776815
-12.063 11.3072 -41.1889 -0.111176 -0.990962 -0.0744868
-10.9442 11.1624 -41.2092 -0.131245 -0.987951 -0.0820213
-9.68263 10.9675 -40.9929 -0.140832 -0.987199 -0.0748622
-8.7043 10.8132 -40.7988 -0.143877 -0.986867 -0.0733567
-7.24853 10.5696 -40.5976 -0.159491 -0.984268 -0.0758039
-6.38065 10.3982 -40.4211 -0.177509 -0.980245 -0.0872402
-5.2167 10.1624 -40.1173 -0.173862 -0.981209 -0.0836766
-4.15481 9.95367 -39.8632 -0.173139 -0.981088 -0.0864941
-3.00068 9.72444 -39.612 -0.175609 -0.980629 -0.0867663
-1.96504 9.5088 -39.371 -0.184477 -0.978937 -0.0874687
-1.02932 9.31846 -39.1654 -0.178278 -0.980385 -0.084035
-0.0624295 9.12643 -38.96 -0.180748 -0.97868 -0.0975497
1.37583 8.83894 -38.6533 -0.17005 -0.980206 -0.10139
2.90714 8.54651 -38.3319 -0.158662 -0.981072 -0.111014
4.28118 8.30937 -38.1648 -0.152652 -0.983136 -0.100698
5.22552 8.16084 -38.1084 -0.139655 -0.984242 -0.108442
6.31315 8.00322 -38.0961 -0.127473 -0.985291 -0.112903
7.55649 7.84697 -37.9914 -0.111452 -0.986836 -0.117118
8.44864 7.73869 -37.9079 -0.113648 -0.987466 -0.109264
9.44051 7.63822 -37.8781 -0.0899693 -0.990837 -0.100737
10.7387 7.53483 -38.0027 -0.0890707 -0.990428 -0.105349
11.9897 7.44335 -38.0655 -0.0638271 -0.992188 -0.10719
12.9811 7.389 -38.1094 -0.0458152 -0.993779 -0.101511
14.2211 7.35171 -38.3034 -0.0446153 -0.994148 -0.098377
15.145 7.32602 -38.4467 -0.0427834 -0.994218 -0.0984938
16.5475 7.32699 -38.6753 -0.0172835 -0.995277 -0.0952591
17.9707 7.33748 -39.0376 -0.0130629 -0.996342 -0.0844445
19.3539 7.38503 -39.3702 0.0114396 -0.997267 -0.0725282
20.2693 7.40179 -39.4961 0.0114547 -0.997942 -0.0630161
21.2101 7.43169 -39.6893 0.0222213 -0.997766 -0.0630023
22.3375 7.48048 -40.0354 0.0324253 -0.998163 -0.0511759
23.4322 7.53663 -40.49 0.0288359 -0.998337 -0.0499245
24.5427 7.59341 -40.9852 0.0317832 -0.998538 -0.0436971
25.9826 7.66287 -41.4656 0.0367555 -0.998656 -0.0365395
27.2812 7.72916 -42.008 0.0367522 -0.998811 -0.0320367
28.3202 7.78484 -42.5074 0.0393144 -0.998675 -0.0332126
29.2519 7.83929 -43.0537 0.0434702 -0.998616 -0.0296159
30.2036 7.89893 -43.69 0.044259 -0.998635 -0.0276747
30.9624 7.95011 -44.3103 0.0427399 -0.998812 -0.0234058
31.9195 8.01227 -45.1847 0.0452684 -0.998725 -0.0223293
32.542 8.05471 -45.8373 0.044115 -0.998789 -0.021762
33.2488 8.10478 -46.9469 0.0417739 -0.999056 -0.0118924
33.5934 8.1334 -48.1329 0.0430902 -0.99901 -0.0110516
33.7059 8.15013 -49.1547 0.0423068 -0.999036 -0.0117035
33.7255 8.15115 -50.0947 0.0364845 -0.999327 -0.000680141
33.6858 8.15054 -51.2147 0.0331998 -0.999448 0.00108117
33.7082 8.14705 -52.2099 0.0350029 -0.999351 0.0085237
33.7177 8.13512 -53.1486 0.030755 -0.999403 0.0157678
33.7779 8.12161 -54.1057 0.0306744 -0.999395 0.0163997
33.8632 8.10915 -55.0215 0.0299151 -0.999373 0.018799
33.7218 8.08268 -56.0977 0.0290301 -0.999351 0.0213025
33.7328 8.05376 -57.4321 0.0291166 -0.999335 0.0219379
33.7191 8.03016 -58.5857 0.0269841 -0.999398 0.0216967
33.5896 8.00415 -59.6328 0.024854 -0.999475 0.0208069
33.224 7.97553 -60.6259 0.0227924 -0.999552 0.0193434
32.5804 7.94479 -61.4393 0.021009 -0.999588 0.0195436
31.7659 7.91449 -62.1163 0.0186675 -0.999652 0.0184565
30.7965 7.88717 -62.7869 0.0143133 -0.999743 0.0175173
29.5913 7.86066 -63.4559 0.0109098 -0.999835 0.0143144
28.4685 7.84368 -63.9517 0.0105553 -0.999866 0.0124777
27.3665 7.82735 -64.4294 0.00223053 -0.999919 0.0118258
25.999 7.82399 -64.9299 -0.00169954 -0.999955 0.00928249
24.6382 7.83038 -65.3456 -0.00804717 -0.99991 0.0107155
25.142 7.8142 -66.2666 -0.00974927 -0.999837 0.0152258
23.8743 7.82531 -66.642 -0.0145262 -0.999823 0.0119073
22.9448 7.83743 -66.88 -0.0207274 -0.999726 0.0108947
21.9771 7.85952 -67.0435 -0.0299165 -0.999479 0.0121019
20.8618 7.89247 -67.1631 -0.0325743 -0.999405 0.0113258
19.7068 7.93215 -67.2837 -0.0428054 -0.999035 0.00983893
18.6168 7.97873 -67.4175 -0.0467125 -0.998856 0.00995347
17.5442 8.03066 -67.4582 -0.0514752 -0.998606 0.0110661
16.5834 8.08469 -67.4414 -0.0584888 -0.998224 0.0113173
15.3238 8.1608 -67.417 -0.0661198 -0.997715 0.0136717
14.2448 8.23484 -67.3983 -0.0694772 -0.997501 0.0127719
12.9624 8.33124 -67.3679 -0.0772599 -0.996954 0.0106507
11.7771 8.428 -67.4008 -0.0837307 -0.996403 0.0130373
10.333 8.56282 -67.2658 -0.0950548 -0.995337 0.016418
9.29783 8.66609 -67.1805 -0.101868 -0.994648 0.0172664
7.92199 8.81625 -66.9101 -0.107717 -0.993909 0.0232603
6.64643 8.96855 -66.6054 -0.114633 -0.993163 0.02205
5.69357 9.08759 -66.343 -0.119085 -0.992659 0.0211583
4.62813 9.22602 -66.0676 -0.12289 -0.992055 0.0269345
3.38319 9.39423 -65.6643 -0.127214 -0.991365 0.0318099
2.40563 9.53542 -65.2567 -0.130889 -0.99073 0.0363657
1.34721 9.69467 -64.7574 -0.133784 -0.990411 0.0344525
0.305952 9.85498 -64.2662 -0.13804 -0.989757 0.0364047
-0.744277 10.0278 -63.6811 -0.144183 -0.988701 0.0410192
-1.82267 10.2083 -63.1214 -0.144802 -0.988351 0.0468495
-2.73289 10.3672 -62.5737 -0.144181 -0.988554 0.044413
-3.50029 10.5026 -62.0287 -0.142971 -0.9888 0.0428062
-4.38637 10.6599 -61.4955 -0.144875 -0.988152 0.0506582
-5.53846 10.8627 -60.7115 -0.136934 -0.989609 0.0438603
-6.56968 11.0336 -60.0829 -0.132766 -0.989558 0.0561039
-7.39538 11.1761 -59.4618 -0.127763 -0.990535 0.0489628
-8.44252 11.3522 -58.5391 -0.116788 -0.991665 0.0544107
-9.49813 11.4992 -58.0682 -0.110266 -0.99266 0.0496697
-10.4698 11.6305 -57.6341 -0.112681 -0.992526 0.0467278
-11.2997 11.7438 -57.0639 -0.0982586 -0.994503 0.0361773
-12.0766 11.8389 -56.5327 -0.0942648 -0.994699 0.0410612
-13.2371 11.9744 -55.8426 -0.0885352 -0.995321 0.0386915
-14.1949 12.0724 -55.3038 -0.0753948 -0.996526 0.0353699
-15.145 12.1574 -54.7266 -0.058548 -0.99819 0.0124557
-16.0053 12.2096 -54.2578 -0.0529157 -0.998502 0.0139421
-16.9307 12.2632 -53.7281 -0.0281814 -0.999436 0.0182601
-17.99 12.2953 -53.1004 -0.0153716 -0.999872 0.00439739
-19.0289 12.3169 -52.6775 -0.0202047 -0.999774 0.00658463
-19.8873 12.3329 -52.3635 0.00666807 -0.999875 -0.0135283
-20.869 12.315 -51.872 0.00872199 -0.999892 -0.011273
-21.7717 12.2969 -51.4822 0.021006 -0.999758 -0.00648115
-22.8935 12.2428 -51.0532 0.0425278 -0.998839 -0.0226304
-24.0673 12.1769 -50.5354 0.0509189 -0.998439 -0.0229696
-24.9774 12.1023 -50.2603 0.084543 -0.99561 -0.040156
-26.1778 11.9859 -49.9552 0.0876206 -0.995277 -0.041793
-27.5274 11.8239 -49.5489 0.121861 -0.991126 -0.0530957
-28.4116 11.692 -49.3322 0.15027 -0.985815 -0.0747528
-29.3587 11.5278 -49.0548 0.163854 -0.983382 -0.0763621
-30.2918 11.3378 -48.8248 0.180423 -0.980295 -0.0804139
-31.3744 11.1068 -48.5178 0.207111 -0.973544 -0.0936562
-32.2854 10.884 -48.2933 0.207658 -0.972373 -0.106628
-33.3827 10.5797 -47.9189 0.240372 -0.962588 -0.12508
-34.3914 10.273 -47.5559 0.254758 -0.958642 -0.126905
-35.1772 9.99174 -47.2039 0.290496 -0.944576 -0.152934
-36.1747 9.60223 -46.6951 0.302807 -0.940531 -0.153471
-37.378 9.05543 -45.9568 0.332396 -0.926492 -0.176409
-38.1803 8.65018 -45.3798 0.344251 -0.920718 -0.183766
-38.9483 8.2183 -44.7772 0.369823 -0.908478 -0.194665
-39.5837 7.79647 -44.0214 0.371477 -0.907862 -0.1944
-40.2179 7.2926 -42.9797 0.383905 -0.901012 -0.201929
-40.6997 6.89459 -42.2126 0.408745 -0.8868 -0.215668
-40.8891 6.52639 -41.0585 0.409305 -0.885403 -0.220255
-40.7472 6.27974 -39.8233 0.414222 -0.884025 -0.216522
-40.2377 6.23079 -38.6109 0.415351 -0.885034 -0.210235
-39.4382 6.3325 -37.479 0.413036 -0.887159 -0.205664
-38.3592 6.64397 -36.6361 0.409871 -0.889833 -0.200508
-37.566 6.92526 -36.2603 0.408207 -0.891535 -0.196142
-36.5101 7.35175 -36.0447 0.39274 -0.898748 -0.194957
-35.5413 7.72121 -35.7961 0.387589 -0.901908 -0.190476
-34.6417 8.0932 -35.7448 0.384619 -0.904482 -0.184339
-33.8089 8.43266 -35.789 0.347281 -0.923336 -0.163793
-32.9297 8.79244 -35.9726 0.343616 -0.924361 -0.165785
-32.053 9.14535 -36.1782 0.32335 -0.931902 -0.163903
-30.8321 9.58756 -36.4895 0.293806 -0.94486 -0.144631
-29.4939 10.0663 -37.0413 0.27541 -0.952142 -0.132572
-28.6375 10.3273 -37.3165 0.247285 -0.960553 -0.127131
-27.6171 10.6125 -37.7176 0.208844 -0.970503 -0.120452
-26.5153 10.8849 -38.1791 0.166436 -0.980277 -0.106014
-25.2761 11.1249 -38.5756 0.155455 -0.982616 -0.101401
-24.3257 11.2832 -38.9529 0.114317 -0.987507 -0.108448
-23.3999 11.4206 -39.291 0.0795919 -0.992445 -0.0911986
-22.5091 11.4956 -39.5185 0.0592527 -0.993891 -0.0931144
-21.0707 11.6058 -39.8089 0.0565289 -0.99401 -0.0935383
-19.8199 11.6597 -40.0187 0.00723753 -0.99657 -0.0824332
-18.8194 11.669 -40.1852 -0.0114578 -0.997243 -0.0733192
-17.4983 11.6486 -40.2724 -0.0324441 -0.996386 -0.0784949
-16.4886 11.6125 -40.2819 -0.0529189 -0.996045 -0.0712517
-15.1874 11.5398 -40.32 -0.0715136 -0.994418 -0.0764711
-14.1931 11.4595 -40.3575 -0.0893103 -0.992991 -0.0770066
-12.7848 11.307 -40.2439 -0.104297 -0.991506 -0.0777089
-11.5018 11.1552 -40.2011 -0.12739 -0.988495 -0.0815451
-10.51 11.0223 -40.1873 -0.136218 -0.987576 -0.0782415
-9.59341 10.8726 -39.9444 -0.140589 -0.986962 -0.078365
-8.6419 10.7128 -39.7857 -0.154623 -0.983993 -0.0885939
-7.67523 10.5518 -39.6698 -0.153422 -0.98401 -0.0904814
-6.40944 10.3152 -39.4208 -0.177976 -0.980243 -0.0863085
-4.93332 10.0179 -39.0467 -0.172167 -0.98117 -0.0875392
-4.06072 9.84751 -38.8496 -0.173753 -0.98098 -0.0865175
-3.18679 9.66878 -38.6172 -0.181333 -0.979352 -0.0893804
-2.17072 9.45965 -38.387 -0.182906 -0.979144 -0.0884246
-1.06443 9.23641 -38.1517 -0.179047 -0.97997 -0.0871846
0.272414 8.95702 -37.8831 -0.175743 -0.979728 -0.0960163
1.19635 8.77967 -37.7114 -0.170869 -0.980787 -0.0941314
2.26452 8.56082 -37.4708 -0.181985 -0.978012 -0.101853
3.33545 8.36012 -37.2854 -0.155329 -0.981893 -0.108442
4.61811 8.14652 -37.1668 -0.149513 -0.982616 -0.110039
5.77954 7.97033 -37.1372 -0.140381 -0.983518 -0.113955
6.70371 7.84082 -37.1046 -0.129526 -0.985642 -0.108319
7.65739 7.72039 -37.005 -0.107807 -0.987417 -0.115694
9.00366 7.56105 -36.8957 -0.106713 -0.987744 -0.113902
9.99472 7.47501 -36.9401 -0.0788852 -0.989697 -0.119485
11.2083 7.3895 -37.0786 -0.0789593 -0.990988 -0.107464
12.1543 7.3235 -37.0541 -0.0651547 -0.992179 -0.10646
13.1319 7.28045 -37.1114 -0.0464587 -0.993794 -0.101074
14.1456 7.25269 -37.2914 -0.041814 -0.994043 -0.100652
15.1497 7.22852 -37.4724 -0.0288029 -0.994857 -0.0960664
16.3126 7.22564 -37.6015 -0.00795437 -0.995427 -0.0951261
17.2493 7.24141 -37.814 -0.00948616 -0.995832 -0.0905065
18.2124 7.26141 -38.0748 0.00692177 -0.996834 -0.0792119
19.2143 7.29438 -38.3217 0.0176228 -0.996269 -0.0844836
20.3047 7.33181 -38.4903 0.0239845 -0.996043 -0.0855779
21.5631 7.38654 -38.7432 0.0339223 -0.998017 -0.0530228
22.6673 7.44177 -39.0845 0.0330646 -0.998061 -0.0527287
23.651 7.49267 -39.4912 0.0281241 -0.998331 -0.0504329
24.6666 7.55113 -39.9314 0.0440291 -0.997662 -0.0522683
25.6694 7.60665 -40.2946 0.0455792 -0.998109 -0.0412307
26.5659 7.65123 -40.5429 0.0391322 -0.998596 -0.0356957
27.5239 7.70322 -40.9708 0.0366771 -0.998744 -0.0341231
28.4785 7.75888 -41.4675 0.043798 -0.998568 -0.0306847
29.5703 7.82435 -42.0638 0.0443887 -0.99857 -0.0298011
30.9364 7.9129 -42.9744 0.0463801 -0.9985 -0.0291022
31.959 7.98593 -43.8824 0.0471592 -0.998585 -0.0243109
32.662 8.03212 -44.518 0.0469254 -0.998686 -0.0205891
33.3262 8.07669 -45.1719 0.0468561 -0.998703 -0.0198997
34.138 8.13637 -46.3076 0.0449757 -0.998865 -0.0152233
34.4694 8.16199 -47.2521 0.0443787 -0.998945 -0.0117765
34.6705 8.18242 -48.2978 0.043404 -0.999005 -0.0102542
34.7493 8.19319 -49.46 0.0405416 -0.999177 0.00050364
34.7484 8.19212 -50.3853 0.0411017 -0.999154 0.00138465
34.6948 8.18891 -51.3698 0.0399406 -0.999202 9.72083e-05
34.7486 8.18268 -52.2926 0.036019 -0.999292 0.0106491
34.7378 8.16084 -53.7171 0.0361387 -0.999217 0.0161254
34.8138 8.14033 -54.9841 0.0323496 -0.999231 0.0221662
34.7887 8.1175 -55.989 0.0306801 -0.999264 0.0230308
34.7616 8.09032 -57.1539 0.0304873 -0.999285 0.022346
34.7423 8.05964 -58.4449 0.0268414 -0.999359 0.0236604
34.6169 8.03067 -59.5861 0.024291 -0.999476 0.0213697
34.4357 8.00625 -60.5028 0.0237275 -0.999477 0.0219794
33.8146 7.96944 -61.5679 0.0225018 -0.999535 0.0205662
32.7598 7.92637 -62.5802 0.020962 -0.999594 0.0193166
31.7683 7.89288 -63.3466 0.0163498 -0.999713 0.0175004
30.9831 7.8717 -63.8449 0.0111613 -0.999794 0.0169614
30.0389 7.85336 -64.3049 0.0112743 -0.999785 0.0174069
28.9282 7.83454 -64.8295 0.00881545 -0.999819 0.0168397
27.6596 7.81604 -65.383 0.00740701 -0.999883 0.013381
26.6913 7.81111 -65.762 -0.00252764 -0.999904 0.0136299
25.2097 7.81384 -66.2467 -0.00992761 -0.999845 0.0144995
25.1794 7.814 -66.2557 -0.00974927 -0.999837 0.0152258
25.4956 7.79658 -67.2291 -0.00803575 -0.999874 0.0136568
26.6405 7.79646 -66.8436 -0.00266178 -0.999905 0.0134886
27.8824 7.80207 -66.3834 0.00462963 -0.999863 0.0157269
28.9014 7.81538 -65.97 0.00698856 -0.999831 0.0169815
29.7546 7.82935 -65.586 0.00931419 -0.999809 0.0171427
30.7325 7.84555 -65.1844 0.0113874 -0.999776 0.0178517
31.6662 7.86876 -64.6299 0.0161516 -0.999715 0.0175891
32.8505 7.9049 -63.7539 0.0195038 -0.999632 0.018778
33.544 7.93067 -63.1668 0.0207969 -0.99958 0.0201553
34.2178 7.95761 -62.5526 0.0220902 -0.999524 0.0215452
34.9763 7.99117 -61.7732 0.023823 -0.999482 0.0215681
35.4973 8.02766 -60.6949 0.026719 -0.99939 0.0224481
35.6606 8.05656 -59.6551 0.0278981 -0.999338 0.0233641
35.7991 8.08945 -58.434 0.0275979 -0.999325 0.0242264
35.8005 8.11524 -57.3732 0.0288712 -0.99929 0.0242011
35.7919 8.14258 -56.225 0.0298342 -0.999291 0.0229677
35.7718 8.1746 -54.8739 0.0332615 -0.999162 0.0237855
35.7403 8.19728 -53.7195 0.0366851 -0.999196 0.0161511
35.7511 8.22118 -52.2616 0.0378934 -0.999177 0.0142935
35.7274 8.23129 -51.0716 0.0413714 -0.999143 0.00163174
35.7902 8.23534 -49.925 0.0412082 -0.99915 0.000353018
35.7462 8.23337 -48.8826 0.0411362 -0.999151 -0.00156692
35.5659 8.21051 -47.2103 0.0439913 -0.998977 -0.0103874
35.2226 8.18311 -46.1758 0.0448482 -0.998862 -0.0159576
34.6625 8.13769 -45.1233 0.0455094 -0.998786 -0.0188534
33.6032 8.06589 -44.0007 0.0472616 -0.99868 -0.0201187
32.7293 8.00533 -43.2639 0.0470302 -0.998511 -0.0276187
32.067 7.95578 -42.6175 0.0482701 -0.998433 -0.0282836
30.8912 7.87372 -41.7078 0.0462059 -0.9985 -0.0293723
29.814 7.80452 -41.0255 0.0449564 -0.998564 -0.029129
28.9447 7.75229 -40.5848 0.0449927 -0.998543 -0.0297733
27.8301 7.6835 -39.9884 0.0473623 -0.998419 -0.0302372
26.4108 7.60295 -39.4036 0.0386765 -0.99852 -0.0382381
25.4827 7.55184 -39.1492 0.0476532 -0.998057 -0.0401176
24.5634 7.49309 -38.7999 0.0508943 -0.997759 -0.0432727
23.7137 7.43423 -38.4211 0.02885 -0.997925 -0.0575589
22.8 7.39004 -38.0923 0.0340481 -0.9971 -0.0669423
21.7177 7.32034 -37.7553 0.037926 -0.996177 -0.0786983
20.6681 7.26638 -37.5272 0.0325683 -0.996567 -0.0761135
19.568 7.21441 -37.3544 0.0291478 -0.995689 -0.087436
18.4093 7.17134 -37.0822 0.000104618 -0.995588 -0.0938342
17.4088 7.14118 -36.8619 0.000746481 -0.994094 -0.10799
15.8706 7.12477 -36.5403 -0.0166414 -0.994233 -0.105902
14.8607 7.13207 -36.4329 -0.0280104 -0.993404 -0.110502
13.4052 7.15089 -36.1549 -0.0387084 -0.991573 -0.123292
11.9018 7.22578 -36.1012 -0.066475 -0.9902 -0.122757
10.9585 7.28612 -36.0525 -0.0744894 -0.989157 -0.126437
9.96747 7.35266 -35.9472 -0.0835773 -0.988645 -0.124786
8.50421 7.49898 -35.9625 -0.105682 -0.985845 -0.130157
7.50146 7.62674 -36.066 -0.10751 -0.987309 -0.116883
6.21501 7.7943 -36.1467 -0.131279 -0.983988 -0.120559
4.88175 7.99504 -36.1811 -0.147651 -0.982476 -0.113751
3.9841 8.14348 -36.2561 -0.155189 -0.98184 -0.10912
2.43941 8.42407 -36.4753 -0.176752 -0.979172 -0.0997274
1.03242 8.72186 -36.7811 -0.179451 -0.979154 -0.0945547
-0.0196152 8.91779 -36.9051 -0.184305 -0.979021 -0.0866551
-1.15048 9.15888 -37.1368 -0.190642 -0.977747 -0.0875598
-2.01636 9.34405 -37.3855 -0.182227 -0.979947 -0.0806086
-3.29349 9.59975 -37.6007 -0.182999 -0.979786 -0.0808092
-4.25109 9.79975 -37.8872 -0.17613 -0.981286 -0.0777863
-5.1389 9.97418 -38.0946 -0.175123 -0.981613 -0.0759416
-6.17438 10.1832 -38.3365 -0.180737 -0.981006 -0.0704311
-7.19136 10.3842 -38.5832 -0.163872 -0.98396 -0.0704202
-8.57874 10.6288 -38.7931 -0.164577 -0.984112 -0.0666072
-9.46618 10.7741 -38.8617 -0.137493 -0.987855 -0.0723808
-10.4533 10.9312 -39.1305 -0.139239 -0.987785 -0.0698784
-11.6059 11.0927 -39.2091 -0.132761 -0.989161 -0.0627233
-12.6169 11.2148 -39.2158 -0.110664 -0.991312 -0.0708534
-13.5445 11.3229 -39.3414 -0.106547 -0.992067 -0.0667142
-14.7914 11.4334 -39.3554 -0.0820672 -0.994116 -0.0706928
-15.812 11.5085 -39.3608 -0.057066 -0.995946 -0.0695372
-17.1022 11.5634 -39.3159 -0.0341187 -0.996588 -0.0751264
-18.4823 11.5915 -39.2328 -0.011618 -0.996862 -0.0782962
-19.6978 11.5755 -38.9965 0.00661397 -0.996514 -0.0831607
-20.7651 11.539 -38.8572 0.056531 -0.995612 -0.0745781
-22.1999 11.4321 -38.6018 0.0618161 -0.994412 -0.0855675
-23.4426 11.3094 -38.2496 0.0871613 -0.990393 -0.107295
-24.4441 11.1671 -37.7829 0.0894203 -0.990567 -0.103763
-25.5356 10.9686 -37.4549 0.156377 -0.982431 -0.1015
-26.5116 10.7703 -37.166 0.175833 -0.978519 -0.10763
-27.4728 10.5245 -36.714 0.211364 -0.971091 -0.110939
-28.3304 10.2856 -36.4128 0.237751 -0.962372 -0.130717
-29.2123 10.0102 -36.0861 0.253207 -0.958738 -0.129247
-30.3462 9.58881 -35.5423 0.28614 -0.947004 -0.145972
-31.2221 9.28074 -35.3283 0.318945 -0.93766 -0.138087
-32.243 8.90884 -35.2004 0.339177 -0.926068 -0.165261
-33.6478 8.31952 -34.8351 0.343074 -0.92393 -0.169275
-34.5219 7.95259 -34.7847 0.381199 -0.906479 -0.18158
-35.3689 7.59416 -34.7852 0.39328 -0.901564 -0.179994
-36.2311 7.22554 -34.8782 0.403048 -0.897119 -0.180914
-37.0883 6.89878 -35.1304 0.411358 -0.891937 -0.187678
-38.4142 6.37125 -35.5529 0.416341 -0.889396 -0.18873
-39.2688 6.10212 -36.1219 0.427914 -0.880206 -0.205223
-40.233 5.84081 -36.9952 0.423187 -0.880731 -0.212557
-40.9715 5.75675 -38.0912 0.431344 -0.875928 -0.216082
-41.4647 5.74984 -39.0671 0.431621 -0.876986 -0.211187
-41.6999 5.87074 -39.9756 0.415414 -0.88099 -0.226466
-41.8172 6.09052 -41.0395 0.415742 -0.88055 -0.227576
-41.6924 6.42172 -42.1372 0.398613 -0.889237 -0.224383
-41.2351 6.94315 -43.374 0.396397 -0.889351 -0.227867
-40.7231 7.31923 -44.0266 0.381493 -0.900485 -0.208782
-40.2291 7.71651 -44.855 0.375106 -0.904514 -0.202624
-39.6423 8.09542 -45.4945 0.366248 -0.908295 -0.202143
-38.8424 8.55399 -46.1884 0.36076 -0.913458 -0.188273
-38.0979 8.93182 -46.6719 0.333796 -0.925709 -0.177887
-37.0581 9.43515 -47.4574 0.314673 -0.935762 -0.159092
-36.2738 9.74678 -47.7792 0.291275 -0.944605 -0.151262
-34.9553 10.2269 -48.365 0.266923 -0.95577 -0.123158
-33.913 10.5474 -48.7424 0.244416 -0.963521 -0.109012
-32.4925 10.9313 -49.2171 0.213034 -0.972719 -0.091815
-31.1245 11.2447 -49.5942 0.183381 -0.979787 -0.079932
-30.1303 11.453 -49.8798 0.181347 -0.980219 -0.0792665
-29.0045 11.6644 -50.1847 0.151257 -0.985902 -0.071542
-28.053 11.804 -50.4327 0.126094 -0.990923 -0.0466068
-26.9238 11.9509 -50.7881 0.0926177 -0.994444 -0.0500369
-25.6185 12.0831 -51.1547 0.0848874 -0.99565 -0.0384069
-24.7373 12.1658 -51.3559 0.0658165 -0.997086 -0.0342702
-23.5019 12.2334 -51.8774 0.0422336 -0.998913 -0.0195821
-22.6417 12.2784 -52.2201 0.0398954 -0.999091 -0.0126891
-21.6227 12.3078 -52.5928 0.020894 -0.999753 -0.00756663
-20.5358 12.3311 -53.2738 0.00246581 -0.999873 0.00343159
-19.1652 12.313 -53.6886 -0.0146331 -0.99982 0.010084
-18.3131 12.2955 -54.0805 -0.0214448 -0.999666 0.0128144
-17.3603 12.2591 -54.6451 -0.0286316 -0.999444 0.0170783
-16.516 12.2181 -55.1036 -0.04914 -0.998475 0.0251768
-15.0822 12.1234 -55.849 -0.0668755 -0.997162 0.0316225
-14.3171 12.0436 -56.4047 -0.0824806 -0.995938 0.035844
-13.2816 11.9332 -56.9765 -0.0843005 -0.995628 0.040236
-12.2503 11.8129 -57.6073 -0.0929435 -0.994908 0.038983
-11.3026 11.6962 -58.1981 -0.102843 -0.99337 0.0505882
-10.2429 11.5402 -58.9049 -0.111767 -0.992313 0.0531071
-9.21817 11.4013 -59.308 -0.115128 -0.991871 0.0541656
-8.29928 11.2487 -60.106 -0.118332 -0.991418 0.0555609
-7.47076 11.1159 -60.7639 -0.125433 -0.990616 0.0537226
-6.37049 10.9435 -61.3228 -0.127662 -0.990691 0.0472579
-5.33982 10.7775 -61.9895 -0.138536 -0.989248 0.0457305
-4.53274 10.6322 -62.5737 -0.147847 -0.988136 0.0415665
-3.41834 10.4383 -63.2351 -0.146829 -0.988095 0.0459218
-2.37516 10.2518 -63.9212 -0.146085 -0.988 0.0499594
-1.54013 10.1098 -64.401 -0.140601 -0.989078 0.0442341
-0.514514 9.94042 -64.9246 -0.138178 -0.989408 0.0443913
0.867131 9.72628 -65.6373 -0.131644 -0.990577 0.0377537
1.84687 9.57838 -66.0981 -0.130938 -0.990724 0.0363448
2.79516 9.44149 -66.5331 -0.126327 -0.991506 0.0309356
3.70615 9.31742 -66.8015 -0.12148 -0.992077 0.0320208
5.13992 9.13042 -67.2361 -0.117164 -0.992697 0.0286819
6.27546 8.99009 -67.5201 -0.116273 -0.992748 0.0304948
7.22069 8.87627 -67.8142 -0.113016 -0.99334 0.0224356
8.20116 8.76266 -67.9694 -0.104312 -0.994319 0.0209301
9.09868 8.66729 -68.155 -0.0992873 -0.994873 0.0189552
10.0767 8.57064 -68.2386 -0.0949502 -0.995326 0.0176165
11.0792 8.47464 -68.318 -0.0872994 -0.996079 0.013841
12.5364 8.35112 -68.3819 -0.0805039 -0.996644 0.0143762
13.5917 8.2699 -68.3649 -0.0779429 -0.996823 0.0163171
14.5958 8.19601 -68.4475 -0.0688879 -0.997503 0.0155646
15.7979 8.11702 -68.4253 -0.0595556 -0.998121 0.014298
16.753 8.06113 -68.4507 -0.0567077 -0.998293 0.0138838
18.212 7.9864 -68.4186 -0.0486891 -0.998701 0.015048
19.1424 7.94486 -68.3336 -0.0435479 -0.998978 0.0120266
20.1158 7.90483 -68.253 -0.0391947 -0.999168 0.0107001
21.067 7.87481 -68.1685 -0.0321225 -0.99941 0.0121853
22.3873 7.83831 -67.9855 -0.0255596 -0.999556 0.0153405
23.7201 7.81478 -67.6847 -0.0156272 -0.999812 0.0114341
25.0813 7.79806 -67.374 -0.0130421 -0.999853 0.0108728
25.1102 7.79782 -67.3651 -0.00952689 -0.999884 0.0115984
