-43.8287 14.1422 -36.4912 0.369257 -0.908671 -0.194796
-43.123 14.4252 -36.502 0.356609 -0.913406 -0.196262
-42.0144 14.9003 -36.7067 0.354584 -0.914283 -0.195849
-41.0073 15.3112 -36.809 0.348517 -0.917932 -0.189552
-40.0412 15.7754 -37.2938 0.346003 -0.919299 -0.187532
-39.5623 16.0458 -37.7333 0.341163 -0.919543 -0.19506
-40.4221 15.6944 -37.5865 0.344543 -0.918049 -0.196149
-41.5469 15.3101 -37.7664 0.349999 -0.91569 -0.197443
-42.8178 14.7553 -37.4841 0.35479 -0.913993 -0.196826
-42.9123 14.7029 -37.4113 0.355758 -0.913634 -0.196742
-43.6767 14.3537 -37.1758 0.372531 -0.906779 -0.197412
-44.0488 14.0615 -36.5276 0.365983 -0.910562 -0.192181
-44.2913 13.7498 -35.5098 0.366021 -0.910725 -0.191336
-45.1304 13.4785 -35.8241 0.362732 -0.912074 -0.191139
-45.3706 13.6311 -36.957 0.353192 -0.912636 -0.205719
-44.6049 14.1101 -37.7514 0.353799 -0.91089 -0.212366
-43.8528 14.4942 -38.1349 0.355364 -0.910763 -0.210279
-42.9817 14.9105 -38.4944 0.355386 -0.913505 -0.198012
-42.1673 15.2734 -38.7089 0.354797 -0.913711 -0.198122
-41.2349 15.6498 -38.8027 0.342332 -0.918266 -0.198991
-40.2133 16.0371 -38.8307 0.342621 -0.918983 -0.195135
-39.1267 16.4417 -38.8408 0.340693 -0.919865 -0.194361
-37.9331 16.824 -38.6991 0.320495 -0.927221 -0.193748
-36.9513 17.1152 -38.5262 0.307989 -0.931329 -0.19434
-37.1376 16.8927 -37.7435 0.306509 -0.932446 -0.191303
-38.2847 16.358 -37.0197 0.320041 -0.928669 -0.187474
-39.1991 15.9555 -36.6305 0.344953 -0.919551 -0.188236
-40.0156 15.5607 -36.1933 0.347293 -0.919052 -0.186336
-41.1685 15.0402 -35.804 0.35101 -0.9174 -0.187536
-42.3643 14.5296 -35.6069 0.357248 -0.915816 -0.183381
-43.4887 14.0595 -35.4502 0.355382 -0.914783 -0.192031
-43.5937 14.0186 -35.4549 0.36602 -0.910725 -0.191336
-43.4119 13.8823 -34.4514 0.367663 -0.910805 -0.187766
-42.2952 14.3504 -34.5565 0.359042 -0.91579 -0.179966
-41.4349 14.7047 -34.6709 0.357248 -0.915816 -0.18338
-40.2322 15.2337 -34.9833 0.351894 -0.919137 -0.176969
-39.4266 15.6069 -35.3235 0.347293 -0.919053 -0.186332
-38.5247 16.0314 -35.7942 0.324683 -0.927606 -0.184618
-37.3464 16.5552 -36.3823 0.323206 -0.927889 -0.185902
-36.5711 16.9139 -36.8421 0.306835 -0.93505 -0.177261
-35.8264 17.261 -37.4302 0.296736 -0.938223 -0.178004
-35.1644 17.6242 -38.1656 0.281489 -0.940559 -0.188507
-35.1926 17.7692 -38.9295 0.285231 -0.939312 -0.189534
-36.3281 17.4869 -39.3501 0.299887 -0.935988 -0.184374
-37.2772 17.225 -39.5715 0.304867 -0.933521 -0.188554
-38.1725 16.9547 -39.7242 0.316998 -0.928812 -0.191884
-39.0521 16.6774 -39.8347 0.326557 -0.92573 -0.190473
-40.1946 16.265 -39.8738 0.340286 -0.919898 -0.194917
-41.4458 15.7908 -39.8193 0.337818 -0.919757 -0.199745
-42.467 15.3708 -39.6779 0.349223 -0.913632 -0.208133
-43.2996 15.0017 -39.447 0.346702 -0.914651 -0.207874
-44.3183 14.5179 -39.0352 0.354702 -0.911699 -0.207343
-45.1405 14.0986 -38.5959 0.353375 -0.911872 -0.208843
-46.0091 13.5801 -37.811 0.35683 -0.910399 -0.209394
-46.6817 13.0597 -36.6774 0.354783 -0.912632 -0.203037
-46.506 12.9083 -35.6765 0.35522 -0.913017 -0.200548
-45.6233 13.0862 -34.9109 0.36017 -0.909624 -0.207028
-44.7571 13.37 -34.5847 0.365476 -0.911533 -0.188507
-43.8693 13.6992 -34.4551 0.365912 -0.911467 -0.187981
-43.8699 13.4843 -33.4116 0.366369 -0.911377 -0.187526
-44.7999 13.1386 -33.567 0.379469 -0.905052 -0.192048
-45.8595 12.7674 -33.9037 0.36242 -0.91262 -0.188261
-46.8607 12.5084 -34.4611 0.345295 -0.917069 -0.19939
-47.4982 12.4388 -35.2658 0.352443 -0.915116 -0.195809
-47.7576 12.5448 -36.2308 0.347244 -0.915972 -0.200836
-47.5836 12.8588 -37.324 0.341624 -0.915965 -0.21048
-46.7145 13.4709 -38.5245 0.347162 -0.911177 -0.22189
-45.9107 13.9557 -39.2713 0.347325 -0.913479 -0.211915
-45.1298 14.3671 -39.7501 0.350424 -0.912452 -0.211267
-44.2341 14.8121 -40.1791 0.353516 -0.911805 -0.208897
-43.0389 15.3634 -40.6037 0.346445 -0.915127 -0.206194
-42.0679 15.7709 -40.7814 0.34709 -0.915435 -0.203732
-40.9596 16.2024 -40.8726 0.334908 -0.920023 -0.203451
-39.8994 16.5879 -40.8775 0.331402 -0.921394 -0.202991
-39.0114 16.8979 -40.8351 0.329695 -0.922515 -0.200645
-37.6237 17.3402 -40.662 0.319624 -0.926955 -0.196455
-36.706 17.5955 -40.4738 0.297494 -0.933648 -0.199493
-35.7966 17.8404 -40.255 0.301087 -0.9328 -0.198065
-34.6322 18.1162 -39.8688 0.265745 -0.945022 -0.19056
-33.8124 18.2679 -39.488 0.245703 -0.951037 -0.187495
-33.2398 18.2256 -38.5519 0.248973 -0.94848 -0.195955
-34.2574 17.7292 -37.4436 0.265343 -0.947327 -0.179343
-34.9981 17.401 -36.8027 0.275218 -0.943798 -0.182553
-35.8762 16.9817 -36.0716 0.294464 -0.93728 -0.186537
-36.7158 16.6179 -35.5713 0.310021 -0.932686 -0.183625
-37.9048 16.0816 -34.952 0.326514 -0.927433 -0.18234
-38.8132 15.6633 -34.4802 0.331816 -0.925031 -0.184972
-39.8474 15.1999 -34.0428 0.351893 -0.919137 -0.176971
-41.0086 14.6856 -33.7173 0.35647 -0.917427 -0.176797
-42.0994 14.2314 -33.5553 0.364466 -0.913719 -0.17935
-43.1304 13.7879 -33.4421 0.367663 -0.910805 -0.187767
-43.8351 13.4973 -33.4066 0.366346 -0.911401 -0.187455
-43.5529 13.4052 -32.3879 0.373249 -0.9109 -0.175917
-44.8089 12.9239 -32.5684 0.380454 -0.904834 -0.191128
-46.0799 12.4869 -32.9138 0.346356 -0.919971 -0.183553
-47.1009 12.1876 -33.3511 0.354339 -0.91557 -0.190197
-47.8704 12.016 -33.9578 0.353194 -0.915652 -0.191918
-48.4731 11.991 -34.9376 0.3465 -0.917336 -0.195924
-48.8014 12.1545 -36.233 0.351804 -0.913107 -0.206079
-48.7163 12.3918 -37.1289 0.345636 -0.912621 -0.218034
-48.3837 12.7095 -37.9777 0.340782 -0.916429 -0.209816
-47.6414 13.2291 -38.9917 0.34964 -0.910325 -0.221494
-46.9728 13.6638 -39.7265 0.343681 -0.913706 -0.21681
-46.1523 14.1074 -40.3164 0.341912 -0.915078 -0.213829
-45.1369 14.6219 -40.8644 0.350047 -0.912679 -0.210913
-44.3553 15.006 -41.2286 0.348099 -0.912849 -0.213383
-43.5493 15.3709 -41.4995 0.345942 -0.915631 -0.204801
-42.6038 15.7774 -41.7191 0.345782 -0.916173 -0.202622
-41.6306 16.1696 -41.8379 0.344985 -0.916939 -0.200522
-40.7151 16.5122 -41.8751 0.333964 -0.920322 -0.203655
-39.6027 16.9135 -41.8856 0.325107 -0.923547 -0.203306
-38.3108 17.3454 -41.7895 0.317973 -0.926682 -0.200383
-37.4299 17.6155 -41.6458 0.306069 -0.930989 -0.19869
-36.1415 17.968 -41.3801 0.298959 -0.933392 -0.19849
-35.1679 18.2107 -41.1047 0.281198 -0.941911 -0.18366
-34.2173 18.4115 -40.7819 0.262065 -0.946594 -0.187825
-33.1299 18.5965 -40.2565 0.244731 -0.950941 -0.189259
-32.2172 18.7159 -39.6989 0.227441 -0.955154 -0.189607
-31.8872 18.6131 -38.7846 0.227529 -0.955224 -0.189152
-32.3039 18.355 -37.9823 0.238739 -0.951824 -0.192066
-32.9152 18.0654 -37.2909 0.247295 -0.95349 -0.172343
-33.8038 17.6572 -36.3806 0.265247 -0.948162 -0.175024
-34.6287 17.2844 -35.6721 0.284832 -0.940143 -0.187061
-35.3916 16.9539 -35.1576 0.283789 -0.941296 -0.182827
-36.1929 16.61 -34.6831 0.299228 -0.936321 -0.183757
-37.0794 16.2236 -34.1965 0.326514 -0.927434 -0.182339
-38.0411 15.79 -33.7292 0.329607 -0.925948 -0.18433
-39.2741 15.2484 -33.2089 0.331405 -0.926992 -0.175659
-40.3672 14.7632 -32.8484 0.348016 -0.920162 -0.179275
-41.1784 14.4184 -32.6681 0.355455 -0.918072 -0.175485
-42.0549 14.047 -32.5494 0.371929 -0.910772 -0.179288
-42.8776 13.6939 -32.4505 0.371815 -0.911538 -0.175639
-43.0483 13.6213 -32.4366 0.37325 -0.910899 -0.175918
-42.6694 13.5878 -31.464 0.370008 -0.911496 -0.179575
-43.5915 13.1907 -31.3752 0.374406 -0.90967 -0.179777
-44.6216 12.7869 -31.4761 0.374133 -0.909784 -0.179771
-45.9152 12.3387 -31.8204 0.35221 -0.919852 -0.172684
-46.91 12.0129 -32.1073 0.359833 -0.915538 -0.179752
-47.6891 11.7819 -32.493 0.360618 -0.913789 -0.186871
-48.3933 11.6224 -33.0366 0.354729 -0.915141 -0.191529
-49.1122 11.5508 -33.9945 0.340758 -0.918958 -0.198496
-49.6559 11.6034 -35.1942 0.343372 -0.919869 -0.189572
-49.8187 11.7884 -36.3519 0.351695 -0.913525 -0.204409
-49.6576 12.0978 -37.4139 0.352056 -0.908343 -0.225765
-49.4154 12.3872 -38.2364 0.338972 -0.916859 -0.210874
-48.9041 12.7647 -39.054 0.338731 -0.916817 -0.211442
-48.2137 13.227 -39.8836 0.347572 -0.910947 -0.222184
-47.399 13.7523 -40.7752 0.343682 -0.913706 -0.216808
-46.4765 14.2135 -41.3027 0.339025 -0.917784 -0.206726
-45.6509 14.6331 -41.7497 0.348345 -0.912524 -0.214374
-44.8892 15.0078 -42.1091 0.347425 -0.913305 -0.212534
-43.7431 15.5304 -42.4953 0.341827 -0.915153 -0.213656
-42.6705 15.9845 -42.7236 0.341075 -0.915338 -0.214063
-41.6856 16.3761 -42.8368 0.338719 -0.916706 -0.211943
-40.7475 16.7273 -42.8736 0.333014 -0.918551 -0.212991
-39.7134 17.0992 -42.8801 0.321422 -0.924144 -0.2065
-38.755 17.431 -42.8782 0.316519 -0.926178 -0.204916
-37.8117 17.7127 -42.7153 0.314047 -0.927852 -0.201113
-36.9582 17.9571 -42.5402 0.29513 -0.934512 -0.198952
-36.102 18.1913 -42.3755 0.285983 -0.937497 -0.198109
-34.771 18.5106 -42.0359 0.270674 -0.943981 -0.188771
-33.5844 18.756 -41.5926 0.26781 -0.942799 -0.198513
-32.4353 18.9321 -40.9885 0.241384 -0.94901 -0.202481
-31.3505 19.0716 -40.3962 0.22671 -0.953454 -0.19866
-30.684 19.0719 -39.6649 0.219041 -0.955159 -0.19923
-30.7407 18.8088 -38.3995 0.225407 -0.955783 -0.188865
-31.3421 18.4895 -37.5004 0.227479 -0.956046 -0.185013
-32.2152 18.0865 -36.5102 0.234407 -0.953151 -0.191158
-33.181 17.6431 -35.5161 0.237117 -0.951529 -0.195876
-33.9886 17.322 -34.8753 0.284131 -0.941074 -0.183433
-34.9407 16.9142 -34.1956 0.289695 -0.944919 -0.152334
-35.7128 16.5948 -33.7823 0.302152 -0.93764 -0.171846
-36.5154 16.2499 -33.3203 0.304107 -0.937068 -0.171527
-37.6496 15.7548 -32.7997 0.327312 -0.929654 -0.169148
-38.4555 15.4027 -32.4648 0.334704 -0.92625 -0.173296
-39.3689 15.005 -32.1318 0.346421 -0.921807 -0.173968
-40.2491 14.6216 -31.8546 0.35118 -0.919908 -0.17442
-41.294 14.175 -31.6463 0.356341 -0.91675 -0.180528
-42.2902 13.7499 -31.5163 0.366124 -0.912802 -0.18095
-41.9256 13.7014 -30.5279 0.364889 -0.913339 -0.180742
-43.2569 13.1333 -30.3517 0.369297 -0.915813 -0.15782
-44.7537 12.5407 -30.3997 0.371232 -0.916189 -0.150724
-45.5731 12.2518 -30.6463 0.350879 -0.921223 -0.168022
-46.5257 11.925 -30.8744 0.3679 -0.913447 -0.173966
-47.6584 11.5588 -31.3423 0.366233 -0.91287 -0.180283
-48.4456 11.3329 -31.7233 0.341998 -0.925943 -0.16021
-49.3679 11.1679 -32.6311 0.335505 -0.921452 -0.195866
-50.0971 11.0826 -33.5199 0.341774 -0.919971 -0.191821
-50.4912 11.1354 -34.4586 0.345033 -0.917943 -0.195788
-50.8378 11.2497 -35.6203 0.336311 -0.922473 -0.189411
-50.8672 11.4324 -36.5609 0.327129 -0.923726 -0.199068
-50.6099 11.7977 -37.6584 0.343709 -0.911115 -0.227451
-50.3794 12.1042 -38.5546 0.342524 -0.914112 -0.216858
-49.8352 12.5363 -39.5556 0.339166 -0.916789 -0.210863
-49.2927 12.9044 -40.2399 0.346046 -0.911631 -0.22177
-48.5297 13.4001 -41.0823 0.345347 -0.911637 -0.222823
-47.7345 13.8668 -41.8134 0.335291 -0.918675 -0.208845
-46.9057 14.2727 -42.2447 0.351681 -0.91049 -0.217473
-46.087 14.688 -42.6776 0.346517 -0.911974 -0.219611
-45.3038 15.0645 -43.0282 0.347084 -0.913251 -0.213317
-43.9775 15.6702 -43.4653 0.344109 -0.914255 -0.213822
-43.0379 16.0695 -43.6719 0.340223 -0.915805 -0.21341
-41.8016 16.5701 -43.8608 0.338679 -0.916697 -0.212043
-40.8906 16.9078 -43.8969 0.329187 -0.922121 -0.203297
-39.9727 17.23 -43.8731 0.324467 -0.923513 -0.204506
-39.0858 17.5449 -43.908 0.319271 -0.925214 -0.205045
-37.6568 17.9792 -43.6734 0.313566 -0.926399 -0.208475
-36.4928 18.299 -43.4485 0.293645 -0.93403 -0.203372
-35.5231 18.5469 -43.2673 0.269753 -0.941559 -0.201743
-34.4417 18.8029 -43.0167 0.270927 -0.941026 -0.202648
-33.49 18.9993 -42.6241 0.260082 -0.945409 -0.195533
-32.5014 19.1553 -42.1421 0.243812 -0.950809 -0.191096
-31.4079 19.3102 -41.591 0.230838 -0.951539 -0.203193
-30.5441 19.417 -41.1242 0.225205 -0.951489 -0.209647
-29.8799 19.4275 -40.4585 0.222473 -0.952011 -0.210172
-29.4038 19.3195 -39.5007 0.185459 -0.964932 -0.185772
-29.454 19.1365 -38.6002 0.184235 -0.964811 -0.187595
-29.9031 18.8594 -37.7334 0.210664 -0.953941 -0.21358
-30.8357 18.3961 -36.4517 0.213414 -0.957501 -0.194027
-31.4856 18.1226 -35.7874 0.228489 -0.955254 -0.187335
-32.3573 17.7137 -34.7927 0.231985 -0.957533 -0.171209
-33.088 17.4391 -34.2443 0.228353 -0.959163 -0.166826
-33.7883 17.1584 -33.6797 0.25512 -0.950305 -0.178422
-34.5796 16.8502 -33.2152 0.298547 -0.937584 -0.178344
-35.6847 16.3866 -32.6087 0.301977 -0.937241 -0.174324
-36.8282 15.9042 -32.059 0.322363 -0.929852 -0.177362
-37.6124 15.5621 -31.7206 0.330057 -0.925529 -0.185631
-38.4876 15.1874 -31.4087 0.328516 -0.928029 -0.17528
-39.2718 14.8496 -31.1198 0.344622 -0.921899 -0.177009
-40.2132 14.4319 -30.8064 0.357619 -0.916691 -0.178285
-41.3064 13.9723 -30.6468 0.362173 -0.914303 -0.181308
-41.6084 13.8429 -30.6027 0.36489 -0.913339 -0.180741
