-22.5181 2.27367 33.5689 -0.0886006 -0.99599 0.00228902
-22.0814 2.21672 32.7861 -0.0826689 -0.996096 0.0309542
-21.1825 2.10286 32.9454 -0.156983 -0.987446 0.0174876
-21.3923 2.13469 34.0185 -0.130575 -0.991406 0.00801176
-22.3002 2.25157 33.6841 -0.114437 -0.993275 0.00147022
-22.768 2.29357 34.5078 -0.0982985 -0.995144 -0.005071
-23.6676 2.36898 34.0147 -0.0789027 -0.996836 0.00964955
-24.703 2.41503 33.1365 -0.0300406 -0.999434 0.0151652
-23.9666 2.35174 32.3653 -0.0745452 -0.996769 0.0299076
-22.9998 2.27471 32.0236 -0.0745044 -0.997076 0.0166988
-22.054 2.19316 31.7944 -0.084049 -0.996357 0.0144358
-21.1559 2.07424 31.7527 -0.156561 -0.987392 0.0233569
-20.2783 1.9466 32.2389 -0.156772 -0.987419 0.0204225
-20.0212 1.92304 33.6096 -0.165284 -0.986165 0.0126396
-20.2014 1.96062 34.8157 -0.166228 -0.986074 0.00477995
-20.9834 2.07536 35.099 -0.143276 -0.989673 -0.00444992
-21.8645 2.20295 34.902 -0.112454 -0.993521 -0.00164415
-22.507 2.26707 34.6503 -0.0982986 -0.995144 -0.00507108
-22.8645 2.30654 35.5296 -0.0951812 -0.995441 0.00422745
-21.7184 2.17356 35.9387 -0.12625 -0.991945 -0.0103286
-20.4922 1.99237 36.253 -0.153546 -0.98808 -0.0110224
-19.601 1.85433 36.2126 -0.160311 -0.987009 -0.00738893
-19.1412 1.78099 35.0099 -0.167382 -0.985885 -0.000116665
-19.047 1.7546 33.7177 -0.194131 -0.980941 0.00824058
-19.1143 1.7452 32.4342 -0.177922 -0.98385 0.0195649
-19.3448 1.77087 31.4986 -0.177858 -0.983924 0.0161189
-20.5413 1.95209 30.7742 -0.15021 -0.988101 0.0307714
-21.7179 2.11605 30.7453 -0.138425 -0.989758 0.0348803
-22.7177 2.23331 30.9186 -0.074255 -0.996784 0.0301156
-23.8689 2.32126 31.2585 -0.0633302 -0.997554 0.0295802
-24.9963 2.39443 31.6776 -0.0251405 -0.99914 0.0316945
-25.998 2.42638 32.2323 -0.0172931 -0.999536 0.0250836
-26.4348 2.45684 33.1511 -0.0170121 -0.999541 0.0250491
-25.5216 2.45431 34.0664 -0.0276951 -0.999503 0.0148317
-24.2802 2.40728 34.8274 -0.0577871 -0.99832 -0.00414429
-23.1666 2.33417 35.3983 -0.0917048 -0.995785 0.00141529
-23.0247 2.3212 35.4659 -0.091705 -0.995785 0.00141521
-23.5713 2.36894 36.3108 -0.0931531 -0.995558 -0.0136639
-24.5516 2.43833 35.8245 -0.047712 -0.998807 0.0104387
-25.5799 2.47549 35.2563 -0.0320327 -0.999362 0.0143767
-26.5339 2.48934 34.5965 -0.0246554 -0.999514 0.0187729
-27.2497 2.4717 33.9584 0.00724167 -0.999382 0.0343897
-27.7266 2.44272 32.9025 0.0308074 -0.99925 0.0234795
-27.4318 2.43359 31.9793 0.0117796 -0.999353 0.0264045
-26.4643 2.40083 31.2337 -0.00833252 -0.999427 0.0328169
-25.4697 2.37651 30.7674 -0.020937 -0.999116 0.0343572
-24.3864 2.32337 30.3745 -0.0473208 -0.997892 0.0439102
-23.4072 2.2567 30.0594 -0.058611 -0.997585 0.036296
-22.4965 2.16586 29.8365 -0.0974699 -0.994489 0.0386101
-21.2315 2.01195 29.6932 -0.138923 -0.989866 0.0294275
-20.1365 1.85676 29.7891 -0.16157 -0.98604 0.0398713
-19.1116 1.69125 30.0366 -0.168157 -0.985113 0.0357121
-18.4629 1.5921 30.8043 -0.188726 -0.981617 0.0284803
-18.1074 1.55162 32.2187 -0.20229 -0.979212 0.0148841
-18.0537 1.55313 33.2162 -0.194271 -0.980904 0.0092972
-18.0807 1.56777 34.2974 -0.195759 -0.980636 0.00462979
-18.2182 1.59822 35.5963 -0.19308 -0.981137 -0.00475827
-18.5262 1.64601 36.7078 -0.187846 -0.982154 -0.00930467
-19.119 1.7482 37.4181 -0.182349 -0.983111 -0.0155147
-20.4966 1.97923 37.3026 -0.147754 -0.988835 -0.0193623
-21.4675 2.12667 37.0735 -0.13825 -0.9902 -0.0197878
-22.6368 2.27547 36.7029 -0.0941647 -0.995448 -0.0146809
-23.1384 2.32578 36.5044 -0.0931533 -0.995558 -0.0136637
-23.7015 2.36768 37.37 -0.0892136 -0.995966 -0.0091482
-22.6511 2.26613 37.7602 -0.110339 -0.993544 -0.0179989
-21.2976 2.08038 38.2028 -0.132726 -0.990853 -0.0234598
-19.9531 1.87279 38.4364 -0.149829 -0.988438 -0.0232532
-18.9384 1.70842 38.5395 -0.170502 -0.985156 -0.0140959
-17.88 1.50281 38.0078 -0.200218 -0.979694 -0.0106271
-17.5345 1.44278 37.1211 -0.199547 -0.979816 -0.0118995
-17.3078 1.4074 36.2269 -0.201917 -0.979354 -0.00976855
-17.0871 1.3668 34.7212 -0.199907 -0.979814 0.00152383
-17.0548 1.34722 33.6551 -0.21702 -0.976126 0.00887711
-17.1131 1.34579 32.201 -0.209552 -0.9777 0.0115952
-17.3243 1.36685 30.929 -0.204582 -0.978678 0.0182951
-17.6743 1.41799 30.0291 -0.196371 -0.980148 0.026126
-18.4643 1.53952 29.0557 -0.195571 -0.979909 0.0391252
-19.3476 1.68566 28.8172 -0.166745 -0.985263 0.0381143
-20.2586 1.83007 28.6976 -0.156396 -0.986817 0.0416292
-21.1506 1.96883 28.6364 -0.141693 -0.988487 0.0506999
-22.6259 2.13858 28.8262 -0.10829 -0.99311 0.0447478
-23.5429 2.21323 29.0571 -0.0642893 -0.996412 0.0550458
-24.8411 2.3004 29.4434 -0.0406648 -0.998182 0.0444835
-26.239 2.35223 29.9757 0.009005 -0.998314 0.0573354
-27.3479 2.37046 30.5303 0.0165438 -0.998331 0.0553189
-28.2697 2.36989 31.2265 0.0578337 -0.997662 0.0364145
-28.869 2.38661 32.4132 0.0566432 -0.997419 0.0441081
-28.8221 2.41981 33.4555 0.0320538 -0.999084 0.027718
-28.3451 2.46331 34.3127 0.0277707 -0.999121 0.0311585
-27.3022 2.51783 35.31 0.015993 -0.999331 0.0315691
-26.4104 2.51079 35.9447 -0.0272659 -0.999537 0.00938761
-25.3532 2.47651 36.5491 -0.0335883 -0.999433 0.00218997
-24.4892 2.44111 36.9875 -0.0687268 -0.997378 -0.00693764
-24.0827 2.4023 37.1876 -0.0865131 -0.996216 -0.00828753
-24.4796 2.4231 38.159 -0.0641018 -0.997788 -0.0175962
-25.4188 2.47624 37.6644 -0.0372139 -0.9993 -0.00370518
-26.2525 2.50898 37.2118 -0.0343683 -0.999403 0.00359609
-27.1529 2.53253 36.6734 0.0120395 -0.999864 0.00308475
-28.0148 2.5093 36.0687 0.0260917 -0.999555 0.0125874
-28.9751 2.46634 35.2103 0.0276359 -0.999442 0.0187541
-29.7809 2.38473 34.0669 0.061185 -0.99803 0.0138846
-30.0096 2.32708 33.1351 0.106959 -0.993911 0.0264643
-29.9508 2.30921 32.2263 0.111222 -0.99331 0.0305012
-29.5719 2.29628 31.2348 0.0556032 -0.997575 0.0418613
-28.8384 2.29922 30.2661 0.0610689 -0.997427 0.0375199
-27.6823 2.30893 29.527 0.0150834 -0.998366 0.05512
-26.4487 2.30144 28.9476 0.0119014 -0.999221 0.0376259
-25.5872 2.2864 28.61 -0.0349446 -0.998399 0.0438175
-24.4173 2.23508 28.2518 -0.0326289 -0.9988 0.0365225
-23.5239 2.17025 27.9752 -0.0639364 -0.997212 0.038321
-22.598 2.08129 27.7602 -0.0924882 -0.99436 0.0519066
-21.3467 1.93526 27.6205 -0.127542 -0.990175 0.0573331
-20.1215 1.76066 27.6563 -0.161157 -0.985624 0.050731
-19.2264 1.61405 27.7459 -0.173649 -0.98357 0.0493536
-18.175 1.43701 27.9206 -0.184907 -0.981731 0.0432706
-17.3063 1.28736 28.5247 -0.195753 -0.979888 0.0387256
-16.679 1.19324 29.606 -0.209702 -0.977272 0.0310483
-16.3109 1.14442 30.8195 -0.224694 -0.974263 0.017994
-16.1731 1.12893 31.8113 -0.220167 -0.975374 0.0131334
-16.0795 1.12262 32.9214 -0.223778 -0.974552 0.0125466
-16.0598 1.12971 34.1844 -0.223124 -0.974764 0.00709981
-16.1178 1.15288 35.2344 -0.22799 -0.973621 0.00912281
-16.3162 1.19161 36.4345 -0.219005 -0.975625 -0.0138555
-16.5414 1.22784 37.3365 -0.21816 -0.975768 -0.01681
-16.8052 1.26621 38.5444 -0.217485 -0.975915 -0.0170202
-17.3702 1.37888 39.2584 -0.217239 -0.97584 -0.0227278
-18.2484 1.55189 39.6129 -0.195593 -0.9804 -0.0236548
-19.3573 1.74943 39.59 -0.160869 -0.986618 -0.0265792
-20.5432 1.93473 39.4094 -0.143181 -0.989491 -0.020157
-21.7393 2.11549 39.1468 -0.136349 -0.990209 -0.0280954
-22.8274 2.26149 38.7703 -0.12257 -0.992103 -0.0266104
-23.8136 2.36718 38.4496 -0.0932871 -0.995535 -0.0138373
-24.1742 2.401 38.3001 -0.0753073 -0.997002 -0.0129417
-24.3911 2.39858 39.3449 -0.0637496 -0.997855 -0.0148698
-23.5077 2.31593 39.6243 -0.0913402 -0.995571 -0.0222068
-22.4062 2.1791 39.9915 -0.122094 -0.992261 -0.0226075
-21.376 2.03261 40.3112 -0.137139 -0.99017 -0.0275147
-19.9206 1.80802 40.5833 -0.155115 -0.987005 -0.0419621
-18.9749 1.64954 40.6964 -0.180969 -0.981978 -0.0543262
-17.7728 1.42449 40.6084 -0.206569 -0.977081 -0.0493626
-16.8324 1.2313 40.2041 -0.217157 -0.975484 -0.0352293
-16.0359 1.07549 39.4752 -0.216289 -0.975937 -0.0276759
-15.6897 1.01513 38.6003 -0.22208 -0.974831 -0.0196129
-15.559 1.00224 37.6824 -0.218776 -0.975645 -0.0158985
-15.2383 0.944468 36.3225 -0.238985 -0.970979 -0.00874127
-15.07 0.905399 34.912 -0.234876 -0.972011 0.00525128
-15.0647 0.898616 33.966 -0.239477 -0.97086 0.00902272
-15.0552 0.884475 33.0026 -0.227256 -0.973751 0.012811
-15.2216 0.907023 31.6331 -0.226584 -0.973926 0.0113191
-15.2919 0.907604 30.7214 -0.224694 -0.974263 0.0179942
-15.5584 0.947582 29.6473 -0.229061 -0.973158 0.0222115
-15.9483 1.01295 28.7007 -0.205139 -0.978226 0.0308704
-16.4437 1.08594 27.893 -0.202066 -0.978744 0.0349091
-17.2867 1.22604 27.1224 -0.19495 -0.979882 0.0427192
-18.3133 1.40508 26.8059 -0.174258 -0.983426 0.050075
-19.3895 1.58851 26.6633 -0.173953 -0.983498 0.0497143
-20.3186 1.72797 26.5998 -0.148499 -0.986658 0.0667325
-21.5393 1.90373 26.6024 -0.11659 -0.991303 0.0597846
-22.5299 2.01519 26.6962 -0.105505 -0.992294 0.0649692
-23.625 2.12371 26.9227 -0.0639558 -0.9965 0.0538297
-24.6053 2.19655 27.2179 -0.0380965 -0.997209 0.0630626
-25.7737 2.2446 27.5357 -0.0117361 -0.998716 0.0472265
-27.0607 2.26046 28.0717 0.0113507 -0.999108 0.0406638
-28.1134 2.26402 28.584 0.0415839 -0.997253 0.0531613
-29.0224 2.2269 29.1021 0.101921 -0.992926 0.0604247
-29.8017 2.1898 29.7179 0.100595 -0.992572 0.068415
-30.4813 2.1816 30.6726 0.105829 -0.993224 0.0470857
-31.0301 2.17454 31.9644 0.114949 -0.992601 0.0388596
-31.1186 2.20233 33.0743 0.116611 -0.99235 0.0400586
-30.7977 2.29409 34.4218 0.105057 -0.99368 0.0395275
-30.2908 2.37909 35.3377 0.0860474 -0.995852 0.0295757
-29.6624 2.45335 35.9976 0.0746399 -0.996871 0.0205765
-28.7609 2.50231 36.7635 0.0230633 -0.999598 0.0152469
-27.9819 2.52311 37.3454 0.0193231 -0.999757 0.0105573
-27.1943 2.52735 37.826 0.00470223 -0.999972 -0.00565219
-26.1788 2.50385 38.4302 -0.0387593 -0.999225 -0.00688134
-25.2038 2.45624 38.9598 -0.0682505 -0.997583 -0.0118158
-24.8403 2.43016 39.1517 -0.0637494 -0.997855 -0.0148698
-25.3491 2.45724 40.0525 -0.0724047 -0.997257 -0.0143437
-26.2385 2.50304 39.5539 -0.0304882 -0.99951 0.00715121
-27.0734 2.52021 39.1161 0.00698637 -0.999961 -0.00533914
-27.9557 2.51827 38.5604 0.0048792 -0.999964 -0.00695751
-29.022 2.50719 37.836 0.0392242 -0.999016 0.00633215
-29.7446 2.46103 37.2771 0.0627948 -0.997964 0.0111349
-30.8076 2.36607 36.3725 0.0861952 -0.995781 0.031483
-31.5352 2.25344 35.3757 0.142255 -0.989075 0.0386657
-31.939 2.1484 34.3781 0.16131 -0.986077 0.038968
-32.2239 2.06836 33.2204 0.174578 -0.983695 0.0396283
-32.1516 2.0023 31.8805 0.155897 -0.985783 0.0626806
-31.6788 2.00932 30.602 0.144152 -0.988169 0.0521999
-31.1453 2.0458 29.76 0.128779 -0.989629 0.060625
-30.2335 2.07995 28.6932 0.106059 -0.993027 0.0513441
-29.4721 2.13033 28.1592 0.10273 -0.993307 0.052797
-28.6375 2.17073 27.6729 0.0697067 -0.996325 0.0497771
-27.5721 2.19872 27.1371 0.035077 -0.997444 0.0622421
-26.5831 2.20191 26.7009 0.013551 -0.998244 0.0560925
-25.5526 2.17444 26.3987 -0.026276 -0.997944 0.0584505
-24.5475 2.11704 26.0955 -0.0475506 -0.997283 0.0546068
-23.6808 2.06597 25.8264 -0.0539649 -0.997278 0.048986
-22.5431 1.95398 25.6636 -0.107008 -0.992757 0.0546109
-21.625 1.8512 25.573 -0.119605 -0.990787 0.0617022
-20.4003 1.67766 25.5815 -0.146167 -0.987537 0.0583418
-19.3821 1.52995 25.6134 -0.155669 -0.986156 0.0560931
-18.0974 1.31457 25.7554 -0.172329 -0.983888 0.0475576
-17.152 1.15886 26.0097 -0.191987 -0.980904 0.0311197
-16.2152 0.9958 26.5822 -0.195145 -0.980118 0.0354745
-15.5775 0.886847 27.2146 -0.199513 -0.979353 0.0325834
-14.9387 0.776804 28.4305 -0.225784 -0.973964 0.0203707
-14.5891 0.712491 29.2841 -0.225968 -0.973951 0.0189341
-14.2814 0.662447 30.486 -0.234468 -0.972011 0.0147943
-14.2269 0.668187 31.42 -0.2399 -0.970606 0.0173628
-14.0934 0.648164 32.8687 -0.240746 -0.970545 0.00915946
-14.0831 0.655648 33.8642 -0.240031 -0.970721 0.00927021
-14.0721 0.66152 34.7805 -0.239552 -0.970839 0.0093134
-14.1376 0.677603 35.8836 -0.236899 -0.971493 -0.00891631
-14.4017 0.728482 37.2256 -0.237597 -0.971302 -0.0109448
-14.543 0.753685 38.1524 -0.237895 -0.971269 -0.00653438
-14.8287 0.803147 39.3598 -0.222793 -0.974666 -0.0197274
-15.4309 0.911366 40.4202 -0.221691 -0.974628 -0.0306722
-16.2076 1.0574 41.086 -0.214321 -0.97598 -0.0391022
-17.0898 1.23279 41.5441 -0.212164 -0.976318 -0.042077
-18.3108 1.46738 41.7345 -0.192762 -0.980146 -0.04622
-19.2744 1.64186 41.777 -0.174061 -0.983833 -0.0421327
-20.4976 1.85484 41.5846 -0.151837 -0.987456 -0.0433219
-21.6198 2.03475 41.3708 -0.148188 -0.988089 -0.0414816
-23.0507 2.22872 40.8649 -0.111971 -0.993305 -0.0282503
-24.0203 2.341 40.5707 -0.0919836 -0.995485 -0.0234412
-25.0729 2.43457 40.1882 -0.0720582 -0.997201 -0.0199252
-25.2055 2.44524 40.134 -0.0720579 -0.997201 -0.0199253
-25.5466 2.44268 41.1193 -0.0479345 -0.998431 -0.0284936
-26.5597 2.5008 40.6031 -0.0199358 -0.999707 -0.0137473
-27.6227 2.50869 39.9881 0.00795282 -0.999914 -0.0104225
-28.4294 2.50815 39.447 0.0074461 -0.999918 -0.0104419
-29.5282 2.48093 38.691 0.0562056 -0.998374 -0.00405644
-30.3867 2.42777 38.0745 0.0754682 -0.996994 0.00545003
-31.4368 2.32207 37.2701 0.1163 -0.992762 0.0172759
-32.1558 2.2025 36.5181 0.139691 -0.989908 0.0238623
-32.7341 2.0516 35.177 0.172314 -0.984043 0.0433645
-33.1268 1.95362 34.3558 0.167369 -0.984951 0.0418989
-33.3317 1.84803 33.0496 0.187227 -0.981216 0.0462641
-33.2534 1.81192 31.876 0.196791 -0.979055 0.0514262
-32.9703 1.8018 30.8383 0.194022 -0.978766 0.0661253
-32.28 1.85134 29.56 0.175126 -0.982315 0.0662499
-31.4857 1.89803 28.5104 0.170407 -0.980717 0.0956835
-30.7398 1.97536 27.8822 0.146214 -0.987525 0.0571454
-29.8831 2.0326 27.1636 0.103015 -0.993115 0.0557673
-29.0853 2.077 26.6976 0.0878809 -0.994077 0.0639394
-28.222 2.11726 26.2717 0.0653431 -0.994567 0.0810351
-27.0485 2.12527 25.7061 0.0243671 -0.99727 0.0697003
-25.9962 2.13132 25.4246 -0.00103179 -0.997704 0.0623282
-24.9249 2.08439 25.1194 -0.0295144 -0.99799 0.0560843
-23.8238 2.00876 24.7509 -0.0614801 -0.995698 0.0693228
-22.8171 1.92033 24.666 -0.106529 -0.991597 0.0733955
-21.521 1.76858 24.5479 -0.122797 -0.989786 0.0713641
-20.526 1.63181 24.5744 -0.144492 -0.98721 0.0673748
-19.1219 1.42197 24.5646 -0.158903 -0.98489 0.0683204
-18.1558 1.2656 24.7018 -0.171084 -0.983034 0.0661432
-17.0175 1.08323 24.9345 -0.169015 -0.983491 0.0645926
-16.0608 0.907485 25.3252 -0.214822 -0.975419 0.0490889
-15.3821 0.788106 25.9405 -0.216257 -0.975113 0.0488314
-14.4228 0.623128 26.9783 -0.228041 -0.972944 0.0351125
-14.0013 0.545945 27.9213 -0.229986 -0.97291 0.0235104
-13.6055 0.475699 28.9508 -0.229911 -0.973002 0.0201463
-13.2588 0.406553 30.0695 -0.236905 -0.971457 0.0121684
-13.2171 0.411956 31.0162 -0.240346 -0.970576 0.014244
-13.167 0.410701 32.1322 -0.241959 -0.970243 0.00920839
-13.1501 0.412818 33.0787 -0.245958 -0.969246 0.00785541
-13.1442 0.42041 33.9871 -0.249029 -0.968467 0.00612531
-13.0913 0.409723 34.9426 -0.252452 -0.967598 0.00475855
-13.0646 0.40203 35.85 -0.253281 -0.967387 -0.00333374
-13.3563 0.468271 37.2189 -0.247306 -0.968899 -0.00837983
-13.4645 0.489135 38.145 -0.24277 -0.970064 -0.00501306
-13.6614 0.529886 39.1895 -0.240419 -0.970626 -0.00897493
-13.9311 0.574356 40.0437 -0.227162 -0.973342 -0.0316687
-14.5172 0.683355 41.0421 -0.221675 -0.97453 -0.0325936
-15.5629 0.88014 41.9258 -0.218491 -0.974956 -0.0414934
-16.4148 1.04598 42.3946 -0.211102 -0.976221 -0.0492867
-17.4806 1.25749 42.6464 -0.196937 -0.978785 -0.0562054
-18.8293 1.51266 42.8036 -0.188525 -0.980316 -0.0583622
-19.7743 1.679 42.8225 -0.167353 -0.984579 -0.0509634
-20.9822 1.88508 42.5897 -0.151905 -0.987429 -0.0436907
-22.1073 2.06345 42.297 -0.140449 -0.988558 -0.0550219
-23.1084 2.20424 41.909 -0.107124 -0.993615 -0.0353982
-24.3307 2.34652 41.4896 -0.0900796 -0.995525 -0.0257631
-24.8722 2.39422 41.3251 -0.0829929 -0.996426 -0.0157129
-25.2234 2.42507 41.2239 -0.0648897 -0.997526 -0.0196606
