-3.06246 27.7646 30.5286 -0.3421 -0.93918 0.0301018
-3.12116 27.8174 31.4788 -0.34289 -0.938864 0.0309958
-4.0896 28.1619 31.1839 -0.349041 -0.936604 0.030327
-3.83988 28.0421 30.3066 -0.343972 -0.938368 0.0336871
-3.07973 27.7617 30.2337 -0.341303 -0.939495 0.0293627
-2.2306 27.4519 30.1894 -0.341305 -0.939494 0.0293634
-2.20111 27.4776 31.3623 -0.337246 -0.940917 0.0303458
-2.2611 27.5308 32.5974 -0.341752 -0.939491 0.0237113
-3.12133 27.8475 32.7035 -0.346933 -0.937525 0.0258041
-4.14897 28.2149 32.1628 -0.354177 -0.934748 0.0280038
-5.09643 28.5574 31.6044 -0.354393 -0.934536 0.0323635
-5.53445 28.6987 30.9228 -0.349152 -0.936104 0.0422567
-4.7852 28.3833 30.0564 -0.349808 -0.936097 0.0367917
-4.0012 28.0603 29.3114 -0.341723 -0.938696 0.0452781
-3.28155 27.7735 28.5954 -0.331005 -0.942635 0.0432951
-2.67301 27.5319 27.9386 -0.329489 -0.943242 0.0416032
-2.31823 27.4461 28.8125 -0.332349 -0.942552 0.0324423
-2.25326 27.4466 29.7598 -0.337968 -0.940774 0.0264735
-1.39249 27.1474 29.8036 -0.324097 -0.945661 0.0262138
-1.4485 27.1371 28.7376 -0.318507 -0.947654 0.0210411
-1.50799 27.1312 27.7538 -0.313324 -0.949293 0.0259112
-1.57093 27.118 26.8377 -0.312064 -0.949089 0.0429722
-1.77995 27.141 25.8225 -0.311363 -0.949333 0.0426506
-2.18604 27.2889 26.1082 -0.31806 -0.947144 0.0419023
-3.10527 27.6387 27.0693 -0.322099 -0.945629 0.0446592
-3.75731 27.9054 27.8131 -0.337176 -0.940301 0.0463038
-4.58682 28.245 28.7206 -0.341721 -0.938697 0.0452762
-5.25959 28.524 29.3217 -0.345109 -0.937295 0.0487681
-5.96248 28.8156 29.9369 -0.346605 -0.937184 0.0393909
-6.62079 29.0886 30.5332 -0.351821 -0.934978 0.0451414
-6.73654 29.1869 31.6197 -0.358966 -0.93232 0.0429032
-5.79603 28.8471 32.2311 -0.358944 -0.932647 0.0364491
-4.88876 28.5169 32.7763 -0.35934 -0.932785 0.0280079
-3.83901 28.1351 33.3334 -0.350997 -0.936044 0.0245553
-3.04808 27.847 33.7679 -0.352049 -0.935761 0.0203038
-2.21213 27.5436 34.2266 -0.350595 -0.936304 0.0204538
-1.45387 27.2495 33.4418 -0.329786 -0.943943 0.01457
-1.43578 27.2289 32.5273 -0.331136 -0.943336 0.0208321
-1.37614 27.1783 31.1327 -0.334794 -0.941923 0.0256306
-1.38353 27.1536 30.1521 -0.324926 -0.945434 0.0240279
-1.38695 27.1497 29.9522 -0.324511 -0.945547 0.0251204
-0.522446 26.8512 29.8296 -0.312659 -0.949598 0.0209841
-0.547061 26.8377 28.596 -0.312917 -0.949648 0.0158675
-0.608535 26.8342 27.6622 -0.312987 -0.949213 0.0316918
-0.648368 26.8014 26.5235 -0.311331 -0.949352 0.0424788
-0.639122 26.7559 25.4657 -0.306544 -0.951148 0.0367175
-0.630783 26.7037 24.3452 -0.299532 -0.953101 0.0433536
-0.921725 26.7406 23.2006 -0.299521 -0.95291 0.0474326
-1.61067 26.9882 23.7981 -0.304727 -0.951103 0.0504146
-2.24318 27.2252 24.4639 -0.31033 -0.949205 0.0516315
-2.93778 27.5079 25.3548 -0.316897 -0.947206 0.048348
-3.46334 27.7169 26.0777 -0.323342 -0.94539 0.0410851
-4.10716 27.9792 26.8307 -0.335577 -0.940254 0.0575372
-4.76017 28.2524 27.568 -0.335598 -0.940935 0.0448714
-5.64841 28.6204 28.4891 -0.34343 -0.937329 0.0589181
-6.39408 28.9335 29.1426 -0.344418 -0.937297 0.0533858
-7.31279 29.3166 29.9169 -0.346503 -0.936569 0.0526659
-8.05646 29.6276 30.5382 -0.352117 -0.934139 0.0580629
-8.67214 29.9095 31.2556 -0.357778 -0.932045 0.0568942
-7.69492 29.5765 32.1034 -0.357835 -0.932397 0.0507454
-6.66047 29.1996 32.7367 -0.361351 -0.931735 0.0359075
-5.60635 28.8131 33.382 -0.361197 -0.932057 0.0283813
-4.34842 28.3442 34.0667 -0.358083 -0.933398 0.0227944
-3.36545 27.9867 34.6408 -0.356552 -0.934101 0.0166569
-2.5027 27.666 35.1571 -0.349978 -0.936683 0.0118858
-1.75747 27.3929 35.6044 -0.346764 -0.937838 0.0138428
-0.900031 27.0852 36.0324 -0.343151 -0.939241 0.00858381
-0.57577 26.9563 34.8543 -0.332148 -0.943211 0.00551357
-0.577916 26.9459 33.5982 -0.328395 -0.944445 0.0132886
-0.57829 26.9335 32.6121 -0.327003 -0.944947 0.0120072
-0.549186 26.9046 31.7128 -0.32121 -0.946856 0.0169929
-0.528447 26.8807 30.8046 -0.31826 -0.947626 0.0267335
-0.521642 26.8622 30.2307 -0.31826 -0.947626 0.0267335
0.341719 26.5804 30.3357 -0.302498 -0.952971 0.017685
0.361088 26.5594 29.4155 -0.306552 -0.951689 0.0175777
0.329567 26.5505 28.5037 -0.300991 -0.953465 0.0163788
0.266627 26.5438 27.4959 -0.295487 -0.954841 0.0310835
0.283399 26.4962 26.2235 -0.294852 -0.95492 0.0344496
0.289694 26.4589 25.2907 -0.294661 -0.954845 0.0379624
0.27267 26.4182 24.2653 -0.294282 -0.954622 0.0457619
0.30675 26.3636 23.2401 -0.285652 -0.957493 0.0401387
0.391019 26.2935 22.208 -0.285925 -0.957267 0.0434404
0.405403 26.2434 21.1891 -0.275678 -0.959965 0.0496734
0.433306 26.1939 20.3738 -0.275262 -0.959718 0.0558505
0.129451 26.2766 20.3129 -0.273762 -0.959736 0.0629423
-0.453035 26.4851 21.029 -0.282805 -0.957519 0.0563729
-1.06727 26.7092 21.7972 -0.291175 -0.955366 0.0492166
-1.71915 26.9565 22.5843 -0.300557 -0.952387 0.0510559
-2.32166 27.1847 23.2254 -0.305985 -0.950653 0.0513088
-3.15361 27.5166 24.2295 -0.317123 -0.94673 0.0559029
-3.69464 27.7372 24.9221 -0.319336 -0.946115 0.0537518
-4.31035 27.9883 25.6564 -0.321897 -0.945539 0.0478666
-4.87737 28.2226 26.333 -0.327342 -0.943127 0.0579498
-5.60015 28.5273 27.177 -0.329445 -0.942291 0.0596127
-6.58156 28.9405 28.1184 -0.345499 -0.936555 0.0591282
-7.30402 29.2447 28.7372 -0.345646 -0.936797 0.0542097
-8.11474 29.5809 29.3682 -0.343021 -0.937206 0.0629034
-8.96333 29.9418 30.0932 -0.352117 -0.934139 0.0580627
-9.76452 30.2847 30.6587 -0.355217 -0.932647 0.0631756
-10.3174 30.5518 31.48 -0.351917 -0.933784 0.0648211
-9.35452 30.2287 32.1468 -0.360847 -0.930804 0.0582476
-8.4924 29.9307 32.7259 -0.364087 -0.929469 0.059287
-7.46958 29.5445 33.2728 -0.369894 -0.927997 0.044719
-6.73203 29.2655 33.7378 -0.375359 -0.926227 0.0347652
-5.928 28.9648 34.198 -0.368291 -0.929201 0.0305032
-5.06546 28.6385 34.6737 -0.365712 -0.930334 0.0270951
-4.33714 28.3661 35.139 -0.358082 -0.933399 0.0227922
-3.55284 28.0699 35.6059 -0.359684 -0.933015 0.0105302
-2.71809 27.7586 36.106 -0.350748 -0.936424 0.00875358
-1.51649 27.3181 36.8147 -0.344206 -0.938847 0.00946023
-0.581383 26.9838 37.31 -0.33138 -0.943484 0.00373908
0.335968 26.6634 37.1789 -0.32959 -0.944124 0.000963247
0.321178 26.6607 36.1024 -0.314996 -0.949092 0.00170828
0.313529 26.657 34.7516 -0.315913 -0.948746 0.00845862
0.301256 26.6499 33.7531 -0.317731 -0.948073 0.0143242
0.270954 26.6441 32.6975 -0.309631 -0.950764 0.00784079
0.314621 26.6156 31.7398 -0.307069 -0.951505 0.018634
0.331807 26.5912 30.775 -0.303182 -0.952796 0.0152618
0.335224 26.5879 30.593 -0.298616 -0.95423 0.0160136
1.23416 26.3082 30.7776 -0.299291 -0.954088 0.0118936
1.20919 26.3326 31.9331 -0.299799 -0.953802 0.0185915
1.17646 26.358 32.9386 -0.301531 -0.953455 0.00135512
1.1895 26.3569 33.9379 -0.298136 -0.954454 0.00971193
1.21003 26.3646 34.9101 -0.302499 -0.953048 0.0138945
1.22765 26.3658 35.8365 -0.30377 -0.952743 0.00231135
1.25413 26.3597 36.9516 -0.303949 -0.952687 0.00167549
1.25779 26.3622 38.0769 -0.309765 -0.950812 -0.00135495
0.919451 26.473 38.8389 -0.315907 -0.948778 0.00485368
0.0796956 26.7549 38.6105 -0.334264 -0.942479 -0.00123759
-0.815999 27.073 38.2236 -0.333715 -0.942662 0.00263774
-1.79048 27.4235 37.7124 -0.34446 -0.938796 0.00308755
-2.5859 27.72 37.2413 -0.364529 -0.931061 0.015517
-3.78377 28.1786 36.5348 -0.368945 -0.929313 0.0160417
-4.54638 28.4701 36.0919 -0.368279 -0.92949 0.0204486
-5.29596 28.7568 35.625 -0.366995 -0.929912 0.0237724
-6.13384 29.0736 35.137 -0.369773 -0.928742 0.0265711
-6.90181 29.3729 34.7356 -0.378453 -0.924942 0.0353295
-7.87144 29.7418 34.099 -0.377531 -0.925234 0.0375611
-8.66052 30.0406 33.6664 -0.372163 -0.927241 0.0414467
-9.63805 30.3919 33.0592 -0.363092 -0.930122 0.0549444
-10.7309 30.7745 32.3713 -0.357327 -0.931597 0.0663237
-11.6483 31.0784 31.7884 -0.35208 -0.932997 0.0745381
-12.0691 31.1834 31.1175 -0.352158 -0.932903 0.075347
-11.395 30.8792 30.4856 -0.34819 -0.934351 0.0758069
-10.5011 30.5027 29.9492 -0.343225 -0.936281 0.0746702
-9.63793 30.1467 29.4358 -0.341024 -0.937405 0.0705085
-8.94713 29.8578 28.9136 -0.34325 -0.9368 0.0675751
-8.12173 29.51 28.2501 -0.339475 -0.938122 0.0684377
-7.18536 29.1108 27.433 -0.340494 -0.937729 0.0687575
-6.49508 28.8152 26.8206 -0.333171 -0.940614 0.0645111
-5.82961 28.539 26.0938 -0.327644 -0.942897 0.0599154
-5.0043 28.1834 25.123 -0.326505 -0.94253 0.0709288
-4.13592 27.829 24.0631 -0.305501 -0.94994 0.0654077
-3.35058 27.5063 23.0077 -0.309802 -0.948762 0.0618363
-2.75332 27.2689 22.3422 -0.299543 -0.951371 0.0718824
-1.95918 26.9589 21.4472 -0.288821 -0.955388 0.0617795
-1.42762 26.7498 20.711 -0.277486 -0.958872 0.0597182
-0.897267 26.5519 20.0091 -0.277215 -0.958884 0.0607729
-0.123139 26.2724 19.0863 -0.275798 -0.959568 0.0562649
0.74625 25.9917 18.2422 -0.255275 -0.965784 0.045776
1.45263 25.8339 18.8517 -0.251998 -0.966657 0.0453862
1.47133 25.8742 19.8204 -0.259753 -0.964633 0.0448502
1.40281 25.9375 20.7964 -0.267153 -0.962456 0.0472845
1.30627 26.0299 22.1572 -0.271813 -0.961539 0.039493
1.22327 26.0972 23.2102 -0.273777 -0.960826 0.0429471
1.18547 26.1492 24.4351 -0.276157 -0.960689 0.0282071
1.23336 26.1882 25.7133 -0.279471 -0.959521 0.0340346
1.17635 26.2485 27.0751 -0.295726 -0.954739 0.031906
1.21017 26.2681 28.1775 -0.300083 -0.95362 0.0236595
1.23608 26.2781 29.1043 -0.293599 -0.955798 0.0157921
1.24203 26.3014 30.4341 -0.298613 -0.954231 0.0160151
2.10687 26.0364 30.7226 -0.294252 -0.955625 0.0139976
2.1174 26.0186 29.7396 -0.292173 -0.95624 0.0155041
2.12482 25.9956 28.5003 -0.292799 -0.956037 0.0161648
2.08322 25.977 26.9428 -0.277525 -0.960426 0.0219334
2.12742 25.9286 25.7361 -0.279473 -0.95952 0.0340353
2.09311 25.9023 24.7445 -0.272198 -0.961694 0.032454
2.13361 25.8451 23.2843 -0.270636 -0.962024 0.0351308
2.22659 25.7707 22.1347 -0.26632 -0.96314 0.0376919
2.27338 25.7209 21.1969 -0.261836 -0.964164 0.0427724
2.33359 25.664 20.2947 -0.259732 -0.964659 0.0444156
2.38246 25.6128 19.3521 -0.251946 -0.966997 0.0379497
2.40322 25.5712 18.4339 -0.249494 -0.967457 0.04194
2.36052 25.5405 17.5108 -0.239848 -0.97004 0.0385078
2.19807 25.532 16.5271 -0.231279 -0.97171 0.0478494
1.06399 25.8386 16.8825 -0.247292 -0.967594 0.0510601
-0.0599326 26.1652 17.5893 -0.261539 -0.963561 0.0544019
-0.782595 26.4183 18.3706 -0.274706 -0.959789 0.0578033
-1.45434 26.6578 19.1684 -0.269794 -0.960918 0.0618653
-2.11694 26.9086 20.0423 -0.285948 -0.955664 0.0702883
-2.82674 27.1946 21.0411 -0.287961 -0.955214 0.0680771
-3.57281 27.4928 21.9037 -0.297883 -0.951858 0.0723387
-4.12358 27.7231 22.6237 -0.30194 -0.950314 0.0757311
-4.89736 28.0402 23.5685 -0.301557 -0.950933 0.0692141
-5.57086 28.3235 24.4016 -0.322904 -0.943492 0.07452
-6.15912 28.5769 25.0783 -0.322395 -0.943797 0.0728553
-6.82876 28.8643 25.8421 -0.325953 -0.942623 0.0721072
-7.67982 29.2306 26.6663 -0.333147 -0.939876 0.0751429
-8.45214 29.5557 27.3505 -0.328812 -0.941106 0.078759
-9.24803 29.891 27.9749 -0.339916 -0.936687 0.0841071
-10.0667 30.2387 28.5857 -0.341024 -0.937405 0.0705085
-11.1541 30.6807 29.2263 -0.331023 -0.939553 0.0873823
-12.0495 31.0522 29.7746 -0.335287 -0.938039 0.08755
-12.8061 31.3647 30.1981 -0.337537 -0.936884 0.0911762
-13.4895 31.6656 30.7949 -0.335908 -0.937823 0.0874915
-13.4744 31.7412 31.643 -0.333708 -0.938971 0.083141
-12.6006 31.4772 32.2549 -0.345623 -0.935213 0.0763691
-11.6232 31.1598 32.9174 -0.364931 -0.927801 0.0767223
-10.4017 30.7279 33.6225 -0.362617 -0.930107 0.0582147
-9.38041 30.3589 34.2963 -0.367503 -0.928963 0.0443802
-8.4297 30.0014 34.8688 -0.378329 -0.924907 0.0376027
-7.64004 29.7007 35.4082 -0.378452 -0.924942 0.0353304
-6.82695 29.3819 35.8452 -0.380203 -0.924309 0.0331359
-5.81079 28.9799 36.4066 -0.377971 -0.925432 0.025368
-4.80723 28.5948 36.99 -0.372987 -0.927654 0.0165645
-3.9412 28.2562 37.5013 -0.365012 -0.930945 0.0103851
-2.89353 27.8537 38.1231 -0.362545 -0.931911 0.0101118
-1.84105 27.4541 38.7213 -0.355485 -0.934672 0.00427469
-0.739968 27.0509 39.2718 -0.339281 -0.940655 0.00753527
0.355526 26.6568 39.7579 -0.321806 -0.946755 -0.00536657
1.18882 26.3782 40.1092 -0.303644 -0.952782 -0.00258616
2.0756 26.0959 40.169 -0.302291 -0.953211 -0.00292571
2.18711 26.0636 39.1426 -0.302398 -0.953178 -0.00268808
2.17058 26.0764 37.6345 -0.289869 -0.957028 -0.0018499
2.15886 26.0706 36.2408 -0.285172 -0.958456 0.00265621
2.11273 26.0794 35.0278 -0.293125 -0.955988 0.00399989
2.08973 26.0801 33.9131 -0.29377 -0.95586 0.00553025
2.0707 26.0803 32.9777 -0.290774 -0.956778 0.00224606
2.06856 26.0682 31.9984 -0.289205 -0.957053 0.0189174
2.10167 26.0403 30.8709 -0.295145 -0.955338 0.0148071
2.10389 26.0385 30.7965 -0.295145 -0.955338 0.0148071
2.97097 25.7908 30.8186 -0.26031 -0.965479 0.00941668
3.00229 25.7666 29.9044 -0.258506 -0.965765 0.0217278
3.03703 25.7336 28.7288 -0.260892 -0.965191 0.0184619
3.03683 25.7145 27.6755 -0.260055 -0.965438 0.0173277
2.99231 25.7073 26.6059 -0.259019 -0.965729 0.0165651
3.04144 25.671 25.5767 -0.260058 -0.965156 0.0282518
2.99363 25.6468 24.4356 -0.249296 -0.967946 0.02936
3.09964 25.5633 22.9852 -0.244719 -0.968994 0.0337338
3.17882 25.482 21.3542 -0.237408 -0.970751 0.0357214
3.25347 25.438 20.3945 -0.236721 -0.971227 0.0261189
3.26724 25.3889 19.4238 -0.228741 -0.972469 0.044265
3.31264 25.3413 18.4998 -0.238857 -0.970365 0.0365962
3.31177 25.3041 17.5042 -0.239822 -0.970156 0.0357919
3.30766 25.2652 16.5363 -0.235456 -0.971026 0.0406764
3.0486 25.2704 15.3139 -0.231708 -0.971635 0.0472876
2.1897 25.472 15.2595 -0.228867 -0.972283 0.0477548
1.28686 25.7172 15.6643 -0.245231 -0.967794 0.0568962
0.174608 26.0291 16.2249 -0.239529 -0.969182 0.0575476
-0.591321 26.2564 16.7447 -0.259475 -0.963683 0.063143
-1.27599 26.4939 17.4431 -0.263396 -0.961967 0.0724046
-1.87062 26.7102 18.1849 -0.259296 -0.963059 0.072683
-2.64279 27.0005 19.1515 -0.285886 -0.955691 0.0701625
-3.37996 27.2961 20.1416 -0.292192 -0.953674 0.0716265
-4.149 27.6091 21.1239 -0.289413 -0.954024 0.0777899
-4.7069 27.844 21.8299 -0.299918 -0.94899 0.0972972
-5.35139 28.1143 22.6501 -0.301028 -0.950577 0.0760597
-6.01188 28.4022 23.5041 -0.3172 -0.944755 0.0821437
-6.58619 28.6576 24.233 -0.322394 -0.943798 0.0728568
-7.29941 28.9696 25.057 -0.331314 -0.940755 0.0721602
-8.18646 29.3513 25.93 -0.333016 -0.940013 0.0739884
-9.28202 29.8036 26.8484 -0.328125 -0.941567 0.0760117
-10.2626 30.2162 27.5524 -0.330639 -0.939466 0.089891
-11.0211 30.5276 28.0502 -0.326691 -0.941095 0.0872535
-11.9939 30.9257 28.6452 -0.335545 -0.937767 0.0894599
-13.1271 31.3975 29.3468 -0.332217 -0.938235 0.0966805
-13.994 31.7593 29.9148 -0.307395 -0.944692 0.114239
-15.0369 32.1851 30.6361 -0.326849 -0.94038 0.0936773
-15.4694 32.4032 31.2436 -0.312781 -0.943329 0.108636
-14.7907 32.2245 31.8238 -0.332562 -0.937724 0.100377
-13.7025 31.9105 32.6153 -0.342502 -0.935454 0.0872852
-12.9702 31.6862 33.0971 -0.34441 -0.934698 0.0878717
-12.2217 31.4429 33.6018 -0.353095 -0.932584 0.0749099
-11.0794 31.0456 34.2982 -0.377601 -0.924205 0.0571142
-9.87171 30.6002 35.0352 -0.37505 -0.925209 0.0576766
-8.57641 30.103 35.8339 -0.38082 -0.923899 0.0370658
-7.75547 29.782 36.3354 -0.381289 -0.923835 0.0338889
-6.9508 29.466 36.7688 -0.380203 -0.924309 0.0331359
-5.84136 29.0214 37.4377 -0.383937 -0.923141 0.020076
-4.57597 28.5127 38.1875 -0.370338 -0.928828 0.00972091
-3.67037 28.1626 38.7373 -0.364095 -0.93131 0.00964655
-2.58675 27.7433 39.369 -0.364504 -0.931192 0.00413685
-1.41028 27.2944 39.9797 -0.351803 -0.936042 0.000908408
-0.285563 26.8817 40.4822 -0.345124 -0.938556 -0.000343605
0.723465 26.5248 40.9493 -0.316117 -0.948639 -0.00425776
1.8077 26.1778 41.479 -0.303623 -0.952791 -0.00186874
2.83502 25.8564 41.5794 -0.299465 -0.954097 -0.00362858
3.08807 25.7824 40.7558 -0.270626 -0.962676 -0.00397257
3.08425 25.7904 39.637 -0.267103 -0.963628 -0.00879555
3.09301 25.7936 38.5503 -0.267048 -0.963683 0.000718918
3.07724 25.8019 37.563 -0.28987 -0.957028 -0.00184991
3.06836 25.8042 36.2795 -0.281259 -0.959628 0.00138924
3.01702 25.8185 35.0578 -0.277093 -0.960843 -0.000409253
2.99233 25.8164 34.123 -0.274915 -0.961386 0.0125631
2.9585 25.8162 32.9763 -0.263319 -0.964647 0.0109501
2.94589 25.8084 31.9742 -0.271782 -0.962129 0.0157825
2.96783 25.7926 30.9223 -0.260309 -0.96548 0.00941783
3.87915 25.5469 30.8796 -0.259183 -0.965788 0.00877374
3.84761 25.564 31.8015 -0.259593 -0.965673 0.00930004
3.8511 25.571 32.75 -0.25996 -0.965591 0.0073268
3.88751 25.5681 33.7813 -0.26214 -0.965015 0.00484807
3.91364 25.5667 34.9477 -0.261473 -0.965207 0.00267671
3.96576 25.5549 35.8473 -0.262209 -0.96501 0.00124013
4.02841 25.5387 37.2541 -0.261202 -0.965284 -0.000103895
3.98877 25.5481 38.401 -0.26029 -0.965528 -0.0023412
3.99086 25.5393 39.58 -0.266023 -0.963917 -0.00962315
3.98102 25.532 40.6258 -0.269057 -0.963097 -0.00662812
4.00767 25.5192 41.5362 -0.26948 -0.96299 -0.00557307
3.97534 25.5142 42.8769 -0.274143 -0.961593 -0.0128676
3.15338 25.7498 43.0693 -0.274827 -0.961449 -0.00856465
1.86872 26.1544 42.544 -0.303062 -0.952775 -0.0169192
0.423702 26.6207 41.8382 -0.316117 -0.948639 -0.00425779
-0.553182 26.9793 41.3834 -0.345643 -0.938365 -0.00108893
-1.34667 27.2715 41.0062 -0.351804 -0.936041 0.000910516
-2.67279 27.7801 40.3736 -0.362082 -0.932134 -0.000629136
-3.64376 28.1589 39.8299 -0.364367 -0.931247 0.00396615
-4.40778 28.4666 39.3521 -0.37781 -0.925876 0.00356729
-5.40408 28.8659 38.7401 -0.386002 -0.922406 0.0130196
-6.2533 29.2101 38.236 -0.383914 -0.92315 0.0201194
-7.34026 29.6482 37.5843 -0.384387 -0.922954 0.0200622
-8.08212 29.9464 37.1409 -0.381603 -0.923707 0.0338186
-8.87982 30.2616 36.6861 -0.389884 -0.919807 0.0440958
-9.62003 30.5538 36.2423 -0.387509 -0.920583 0.0484099
-10.6517 30.9498 35.6068 -0.383017 -0.92229 0.0516585
-11.4692 31.2542 35.1073 -0.376543 -0.924727 0.0556351
-12.6759 31.6785 34.3564 -0.360904 -0.928934 0.08264
-13.6578 32.0017 33.7081 -0.354006 -0.930607 0.0923089
-14.8878 32.3708 32.879 -0.343501 -0.93386 0.0993842
-15.6131 32.5732 32.3596 -0.331994 -0.937975 0.0999146
-16.4666 32.7816 31.7176 -0.306421 -0.94246 0.133695
-17.0304 32.8672 31.029 -0.297942 -0.944586 0.137466
-16.7589 32.7028 30.4256 -0.289048 -0.950854 0.110852
-15.9904 32.4164 30 -0.294345 -0.949622 0.107609
-15.1235 32.0798 29.5165 -0.304818 -0.944942 0.119039
-13.9173 31.6001 28.7795 -0.304326 -0.945952 0.11207
-13.2051 31.3154 28.3059 -0.309113 -0.944621 0.110099
-12.1992 30.8934 27.6701 -0.327809 -0.938712 0.106588
-11.248 30.515 27.0638 -0.320163 -0.943034 0.0901588
-10.489 30.2002 26.5788 -0.330415 -0.938464 0.100551
-9.48824 29.7825 25.8357 -0.316897 -0.944549 0.0860467
-8.59664 29.4093 25.0796 -0.322773 -0.942031 0.091621
-7.71715 29.0278 24.165 -0.313008 -0.945948 0.084895
-6.82397 28.6336 23.0944 -0.316427 -0.944617 0.0870166
-6.08982 28.3009 22.1159 -0.289474 -0.952375 0.0958505
-5.49051 28.0342 21.269 -0.29447 -0.950811 0.0959765
-4.94649 27.803 20.5852 -0.284485 -0.955562 0.0772587
-4.37822 27.5683 19.897 -0.274476 -0.957515 0.0884765
-3.68655 27.2865 18.9871 -0.274269 -0.957701 0.0870885
-3.00868 27.0142 18.0772 -0.267922 -0.96059 0.0740593
-2.36171 26.7725 17.2589 -0.259271 -0.963068 0.0726553
-1.5319 26.4726 16.2694 -0.253236 -0.964583 0.0736028
-0.649947 26.1943 15.565 -0.24853 -0.966273 0.0673663
0.307379 25.923 15.0429 -0.240482 -0.9687 0.0615538
1.1799 25.6832 14.6235 -0.241309 -0.968668 0.0585968
1.97842 25.4706 14.2418 -0.22673 -0.972751 0.0484556
3.03177 25.2069 13.9126 -0.230882 -0.971883 0.0462308
4.06114 24.9956 14.446 -0.216873 -0.975107 0.0461787
4.21853 25.0173 15.6669 -0.226834 -0.973008 0.0412306
4.26758 25.0407 16.6508 -0.232877 -0.971755 0.0381845
4.26129 25.0764 17.5625 -0.232426 -0.972038 0.0334802
4.29797 25.1066 18.6226 -0.226015 -0.973056 0.0454087
4.22809 25.1792 19.8359 -0.229231 -0.972567 0.0395788
4.18699 25.2247 20.8996 -0.235705 -0.971446 0.0271284
4.1268 25.2716 21.9223 -0.236253 -0.971079 0.0344883
4.03977 25.33 23.0126 -0.2416 -0.969917 0.0298413
3.94687 25.3961 24.2637 -0.249296 -0.967946 0.0293601
3.97425 25.4119 25.3132 -0.254544 -0.966625 0.0279336
3.92715 25.4544 26.4133 -0.257334 -0.966078 0.0210916
3.96216 25.4619 27.442 -0.250358 -0.967913 0.019699
3.94915 25.4855 28.3839 -0.243693 -0.969652 0.0197017
3.92869 25.5073 29.4007 -0.252033 -0.96755 0.0156378
3.90193 25.5361 30.361 -0.258855 -0.965774 0.0152469
3.89823 25.5383 30.4914 -0.259184 -0.965788 0.00877255
4.78831 25.3001 30.3548 -0.227882 -0.973621 0.0114756
4.71801 25.3366 31.9863 -0.232483 -0.972547 0.00353523
4.77642 25.3311 33.026 -0.24957 -0.968281 0.012071
4.81514 25.3195 33.9612 -0.260753 -0.965395 0.00424072
4.84288 25.3241 35.3385 -0.229311 -0.973316 0.00246364
4.9444 25.2978 36.6634 -0.239798 -0.970822 0.00100834
4.8845 25.3097 37.9039 -0.232973 -0.972434 0.00170287
4.88837 25.2985 38.9147 -0.26575 -0.964007 -0.00819776
4.88563 25.289 40.0488 -0.257222 -0.966294 -0.00326336
4.91455 25.2847 40.9541 -0.247339 -0.968827 -0.00790002
4.9345 25.2564 42.1294 -0.257135 -0.966188 -0.0124029
4.96291 25.2377 43.5003 -0.251314 -0.967873 -0.00790259
4.53154 25.3386 44.31 -0.263786 -0.964414 -0.0118343
3.37628 25.6729 44.1855 -0.282647 -0.959165 -0.00915682
2.28226 26.0047 43.7714 -0.290893 -0.956655 -0.0125341
1.34835 26.3117 43.3302 -0.311913 -0.949969 -0.0163987
0.362191 26.6462 42.8501 -0.340524 -0.940221 0.00521093
-1.11812 27.1859 42.1755 -0.347993 -0.937492 -0.00106111
-1.9588 27.5038 41.7721 -0.359776 -0.933001 -0.00835276
-3.15543 27.9695 41.1742 -0.366561 -0.930394 -0.000866635
-3.88971 28.2615 40.7396 -0.385498 -0.922666 0.00747902
-4.73968 28.6087 40.219 -0.384558 -0.92302 0.0122504
-5.59977 28.9597 39.6727 -0.384539 -0.923043 0.0110457
-6.42368 29.2994 39.1829 -0.390099 -0.920713 0.010509
-7.41208 29.7052 38.6014 -0.390998 -0.920152 0.0210046
-8.31315 30.0755 38.0489 -0.390868 -0.92006 0.0261825
-9.44752 30.5355 37.3802 -0.390625 -0.91976 0.0375637
-10.486 30.9457 36.7775 -0.384409 -0.921956 0.0468602
-11.5794 31.3587 36.0982 -0.378346 -0.924128 0.0532195
-12.4801 31.6892 35.5504 -0.372278 -0.926511 0.0546472
-13.5128 32.0467 34.847 -0.361373 -0.928579 0.0845186
-14.3901 32.3393 34.3018 -0.350679 -0.931526 0.0950813
-15.3817 32.6304 33.6618 -0.335234 -0.936963 0.0985004
-16.1262 32.8363 33.124 -0.331928 -0.937977 0.100115
-16.8862 33.0266 32.5769 -0.310179 -0.943933 0.113046
-18.016 33.2716 31.731 -0.281443 -0.950755 0.129827
-18.7643 33.3949 31.0631 -0.252236 -0.957924 0.136771
-18.1779 33.1004 30.1341 -0.282968 -0.950257 0.130157
-17.0991 32.6954 29.5179 -0.283021 -0.951417 0.121059
-16.0407 32.3022 28.949 -0.294426 -0.947125 0.127127
-15.2582 31.9934 28.5092 -0.303629 -0.944797 0.123161
-14.5176 31.7113 28.0732 -0.29333 -0.949451 0.111807
-13.4562 31.288 27.3862 -0.311729 -0.943406 0.113179
-12.7275 30.9873 26.8959 -0.303279 -0.945076 0.121662
-11.9006 30.6548 26.3723 -0.311611 -0.943872 0.109565
-10.9569 30.2708 25.7843 -0.314114 -0.942738 0.112145
-10.2262 29.9656 25.2362 -0.311937 -0.944064 0.106946
-9.42247 29.6269 24.59 -0.311879 -0.944095 0.106846
-8.586 29.2676 23.7706 -0.305609 -0.947473 0.0943286
-7.65444 28.8572 22.718 -0.30521 -0.946062 0.108687
-7.13597 28.616 22.0231 -0.298407 -0.949316 0.0987587
-6.62775 28.3837 21.314 -0.289249 -0.952503 0.0952533
-5.86058 28.0464 20.2854 -0.281576 -0.954302 0.100068
-4.94892 27.6653 19.1704 -0.282532 -0.954438 0.0959709
-4.2567 27.3721 18.1769 -0.267433 -0.958762 0.096208
-3.68336 27.1421 17.4084 -0.263942 -0.960689 0.0860946
-2.85793 26.8323 16.3725 -0.255193 -0.963519 0.0806726
-2.20486 26.5999 15.6243 -0.252216 -0.9645 0.0782716
-1.53606 26.3838 14.9831 -0.248691 -0.966472 0.0639067
-0.777042 26.1567 14.4641 -0.242269 -0.968308 0.060711
0.0678261 25.9221 14.0737 -0.232456 -0.970908 0.0571464
1.02022 25.6619 13.5909 -0.237523 -0.969878 0.0540374
1.85374 25.445 13.2445 -0.228624 -0.972099 0.0524904
2.78673 25.2126 12.9763 -0.222822 -0.973583 0.0495647
3.84898 24.9745 12.906 -0.202337 -0.978194 0.0468656
4.70382 24.807 13.1005 -0.204914 -0.978017 0.037373
5.01189 24.7692 14.0762 -0.209165 -0.977271 0.0338959
5.09261 24.7963 15.1557 -0.213861 -0.976189 0.0358508
5.18355 24.8131 16.2313 -0.21798 -0.975233 0.0373794
5.1823 24.851 17.2413 -0.21429 -0.976184 0.0338356
5.15312 24.9044 18.439 -0.206197 -0.977769 0.0380867
5.1317 24.9651 19.792 -0.22799 -0.972806 0.0408564
5.10436 25.0078 20.9249 -0.228181 -0.973377 0.0216943
5.05875 25.0505 21.9868 -0.23004 -0.9724 0.0389966
4.98821 25.0994 22.9334 -0.229538 -0.97292 0.0271901
4.91446 25.1446 23.8829 -0.230783 -0.972608 0.0278042
4.91063 25.1866 25.2886 -0.232875 -0.97206 0.029464
4.85767 25.219 26.4438 -0.227949 -0.97349 0.0187911
4.85685 25.2419 27.6022 -0.243086 -0.969764 0.0214938
4.84691 25.2669 28.7304 -0.243562 -0.969688 0.019548
4.81749 25.2856 29.7474 -0.236104 -0.971616 0.0110113
4.79245 25.2983 30.2839 -0.227111 -0.973798 0.011716
5.70469 25.0845 30.2264 -0.227552 -0.973704 0.0109618
5.63297 25.1161 31.498 -0.232483 -0.972547 0.00353523
5.64819 25.1077 32.4429 -0.223608 -0.974572 0.000352205
5.72252 25.106 33.6734 -0.219586 -0.975456 0.016332
5.74414 25.1053 34.5974 -0.224662 -0.974401 0.00679807
5.80099 25.0944 35.7384 -0.2309 -0.972962 -0.00556184
5.88029 25.0735 36.6904 -0.219861 -0.975531 -0.0008388
5.85916 25.0828 37.6444 -0.228555 -0.973466 -0.0033532
5.83022 25.0765 38.5999 -0.232179 -0.972581 -0.0133644
5.79774 25.0719 39.7611 -0.227329 -0.973783 -0.00823517
5.86319 25.0418 41.1267 -0.228202 -0.97355 -0.0110996
5.8795 25.0303 42.0345 -0.233213 -0.972394 -0.0077971
5.91026 25.0086 42.942 -0.232678 -0.972406 -0.0169574
5.89248 24.9916 44.0963 -0.241214 -0.970346 -0.0140544
5.659 25.0313 45.1883 -0.247277 -0.968417 -0.031974
4.30009 25.384 45.346 -0.268182 -0.963035 -0.0249042
3.37863 25.6528 45.1931 -0.285611 -0.958048 -0.02388
2.15103 26.0267 44.7692 -0.295382 -0.955132 -0.0173639
0.979933 26.4172 44.1919 -0.3115 -0.95009 -0.0172101
0.0933484 26.7375 43.7622 -0.336561 -0.941553 -0.0143217
-0.819761 27.07 43.362 -0.343178 -0.939162 -0.0122343
-1.64255 27.3808 42.9874 -0.349281 -0.936968 -0.00973817
-2.49313 27.7028 42.5621 -0.366337 -0.930433 -0.0060729
-3.35854 28.0524 42.1081 -0.371255 -0.928523 -0.00050732
-4.18681 28.3886 41.6305 -0.386437 -0.922312 0.00270643
-5.133 28.7833 41.0462 -0.385348 -0.922732 0.00588106
-6.19267 29.2149 40.3501 -0.392715 -0.919547 0.0106083
-7.1269 29.6102 39.8172 -0.398808 -0.91679 0.0211565
-7.90303 29.9396 39.3575 -0.399174 -0.916348 0.0310757
-9.15992 30.4659 38.5983 -0.404196 -0.914153 0.0308085
-9.89494 30.7639 38.1653 -0.388542 -0.920278 0.0460732
-10.8049 31.1211 37.6251 -0.388722 -0.920252 0.0450569
-11.6862 31.4707 37.0856 -0.406092 -0.91143 0.0662191
-12.4513 31.7661 36.6506 -0.389973 -0.918224 0.0691742
-13.3772 32.1056 36.067 -0.373779 -0.92396 0.0811574
-14.2682 32.4015 35.4641 -0.362774 -0.927255 0.0927028
-15.1336 32.6781 34.9332 -0.335506 -0.936491 0.102023
-15.9897 32.9247 34.3483 -0.341488 -0.934057 0.104431
-17.0354 33.1989 33.6194 -0.310683 -0.944261 0.108846
-17.8793 33.3926 32.9889 -0.286379 -0.950959 0.116894
-18.7861 33.5807 32.325 -0.270488 -0.953504 0.132413
-19.5624 33.6995 31.6741 -0.25747 -0.956219 0.139047
-20.3325 33.7961 30.9275 -0.262543 -0.95429 0.142836
-19.9972 33.588 30.1548 -0.237859 -0.960327 0.145543
-18.9498 33.2273 29.5119 -0.242158 -0.958881 0.147979
-17.9799 32.8764 28.952 -0.274273 -0.952535 0.132103
-17.158 32.5752 28.4953 -0.283753 -0.950103 0.12955
-15.887 32.0963 27.7889 -0.28427 -0.950263 0.127217
-14.76 31.6675 27.1191 -0.289606 -0.949205 0.123039
-13.6243 31.2087 26.378 -0.302261 -0.94429 0.130112
-12.8575 30.9026 25.8738 -0.298474 -0.946829 0.120116
-12.0227 30.5731 25.3371 -0.305328 -0.945258 0.114746
-11.0622 30.1776 24.6795 -0.310606 -0.94448 0.107154
-10.268 29.8445 24.0829 -0.302498 -0.945887 0.117439
-9.4493 29.4964 23.359 -0.285584 -0.95101 0.118416
-8.73843 29.1888 22.6063 -0.290744 -0.949298 0.119477
-8.14718 28.9136 21.8867 -0.291812 -0.949866 0.111903
-7.58377 28.6577 21.1063 -0.291531 -0.950934 0.103541
-6.89713 28.3428 20.1493 -0.292989 -0.950774 0.100927
-6.06305 27.9728 19.0368 -0.276355 -0.954729 0.11009
-5.50431 27.7318 18.3175 -0.263754 -0.959761 0.0963986
-4.95734 27.5022 17.5376 -0.2546 -0.961715 0.100966
-4.17304 27.1899 16.4843 -0.260536 -0.961087 0.0918313
-3.57041 26.968 15.7515 -0.252431 -0.963756 0.0862083
-2.92748 26.7381 14.9885 -0.244456 -0.966351 0.0795926
-1.96931 26.4246 14.0605 -0.236112 -0.969233 0.069565
-0.983218 26.1298 13.4062 -0.236838 -0.969074 0.0685671
-0.155085 25.9108 13.051 -0.229111 -0.971519 0.0604687
0.956321 25.6182 12.5252 -0.232455 -0.970908 0.0571452
2.16683 25.3119 12.111 -0.227888 -0.972429 0.0494845
3.3194 25.0428 11.9301 -0.217703 -0.974896 0.0466902
4.39206 24.8136 11.8704 -0.203253 -0.978268 0.040988
5.30913 24.6353 12.1117 -0.20122 -0.978476 0.0457763
5.86081 24.5626 13.1202 -0.205732 -0.978258 0.0262028
5.96152 24.5725 14.2652 -0.209166 -0.977271 0.0338974
6.01122 24.5948 15.2528 -0.217379 -0.975582 0.0313997
6.11593 24.6165 16.4995 -0.21723 -0.975294 0.0401476
6.06717 24.6872 17.918 -0.21025 -0.976717 0.0426609
6.01426 24.7455 19.0201 -0.207005 -0.97771 0.0349493
6.014 24.7875 20.3645 -0.212707 -0.976708 0.028192
6.00689 24.8198 21.4152 -0.217156 -0.975727 0.0282497
5.95147 24.8615 22.4676 -0.21017 -0.977051 0.0343139
5.89229 24.911 23.5132 -0.202777 -0.978803 0.0280892
5.79543 24.9569 24.6587 -0.216252 -0.975902 0.0247034
5.77424 24.9941 25.983 -0.228439 -0.973337 0.0207347
5.76163 25.0256 27.3423 -0.22383 -0.974419 0.0201744
5.76263 25.048 28.4352 -0.225586 -0.974071 0.0167826
5.74203 25.067 29.4792 -0.226947 -0.973823 0.0128285
5.73302 25.072 29.7032 -0.227108 -0.973799 0.0117152
6.64574 24.8691 29.8486 -0.216063 -0.976338 0.00897347
6.66786 24.8511 28.7505 -0.211585 -0.977217 0.0166733
6.67635 24.8344 27.8309 -0.210657 -0.977429 0.016014
6.70046 24.8054 26.5317 -0.211606 -0.977161 0.0194556
6.67322 24.7851 25.2272 -0.206923 -0.978201 0.0174982
6.76342 24.7496 24.2963 -0.204149 -0.978734 0.0197192
6.84019 24.6952 23.0629 -0.208809 -0.977188 0.0387592
6.90618 24.6317 21.713 -0.211531 -0.976915 0.0298677
6.93417 24.5941 20.6185 -0.211563 -0.976979 0.0273941
6.92055 24.5704 19.6619 -0.20677 -0.97804 0.0261615
6.93496 24.5278 18.4449 -0.205362 -0.977817 0.0412414
6.99314 24.4761 17.42 -0.194083 -0.980574 0.0284013
7.03294 24.4315 16.3419 -0.186151 -0.981848 0.0357487
6.90332 24.4078 14.7708 -0.185232 -0.982115 0.0335125
6.86915 24.3771 13.7474 -0.190781 -0.981181 0.0297824
6.7342 24.3665 12.502 -0.185349 -0.98212 0.0323623
6.17841 24.4317 11.3625 -0.193822 -0.980344 0.0368685
4.78874 24.693 10.9116 -0.199139 -0.979313 0.035917
3.70279 24.9168 10.9066 -0.204178 -0.97809 0.0406451
2.82196 25.1107 11.0115 -0.216781 -0.975169 0.0452868
1.52765 25.4138 11.3008 -0.215632 -0.974543 0.0613983
0.290485 25.7248 11.7581 -0.228043 -0.971575 0.0635501
-0.947632 26.0485 12.3012 -0.222197 -0.972371 0.0715731
-1.83962 26.2909 12.7815 -0.232722 -0.969486 0.077011
-2.67847 26.5438 13.3957 -0.230317 -0.969889 0.0790836
-3.35315 26.7623 14.0537 -0.234706 -0.967775 0.091243
-4.21263 27.0704 15.0577 -0.251681 -0.963543 0.0907844
-4.79048 27.2859 15.7625 -0.242033 -0.96537 0.0973441
-5.35577 27.506 16.511 -0.249516 -0.963863 0.0933245
-5.9528 27.7529 17.372 -0.259689 -0.959566 0.108605
-6.66783 28.0584 18.3148 -0.264664 -0.957562 0.11414
-7.22273 28.2985 19.0409 -0.26804 -0.955984 0.11921
-7.96776 28.6482 20.0781 -0.277027 -0.952839 0.123914
-8.72494 29.0006 21.1361 -0.275206 -0.953761 0.120837
-9.2669 29.2487 21.8177 -0.285721 -0.950813 0.119655
-9.94307 29.546 22.5668 -0.285743 -0.950903 0.118888
-10.5961 29.8338 23.1778 -0.305864 -0.943557 0.127072
-11.49 30.2125 23.8479 -0.301109 -0.944981 0.127434
-12.5033 30.621 24.5275 -0.293838 -0.946562 0.132966
-13.3855 30.9696 25.0902 -0.297237 -0.947181 0.1204
-14.1796 31.2907 25.6637 -0.297123 -0.947051 0.121693
-15.2636 31.7204 26.3433 -0.298061 -0.945968 0.127594
-16.072 32.0242 26.8223 -0.282803 -0.950993 0.125042
-16.8638 32.3188 27.2647 -0.271593 -0.952778 0.134945
-17.7426 32.6245 27.7351 -0.257451 -0.956023 0.140493
-18.515 32.9043 28.1782 -0.242453 -0.957737 0.154778
-19.5021 33.2458 28.7463 -0.242326 -0.957799 0.154594
-20.4185 33.5558 29.2652 -0.233865 -0.960995 0.147624
-21.2359 33.8506 29.8521 -0.21677 -0.961953 0.163461
-21.8252 34.1114 30.7329 -0.187017 -0.968937 0.161822
-21.2843 34.1211 31.4094 -0.205361 -0.966634 0.151598
-20.472 34.0139 32.1254 -0.262661 -0.954226 0.143042
-19.7582 33.92 32.7086 -0.262662 -0.951324 0.160645
-18.895 33.7703 33.3793 -0.296174 -0.944257 0.143732
-18.0751 33.5941 33.9782 -0.310331 -0.939957 0.142023
-17.0036 33.342 34.7646 -0.330815 -0.933258 0.139968
-15.9759 33.0422 35.4773 -0.349144 -0.931235 0.104398
-15.05 32.7573 36.025 -0.352325 -0.931807 0.0871987
-14.3085 32.5205 36.501 -0.37396 -0.924013 0.0796959
-13.2752 32.1614 37.2012 -0.383446 -0.920419 0.0754359
-12.1243 31.721 37.8719 -0.401297 -0.913576 0.0649316
-11.2387 31.3596 38.4243 -0.40497 -0.912592 0.0563419
-10.4844 31.0565 38.8617 -0.399322 -0.915009 0.0574493
-9.50483 30.6472 39.4485 -0.404454 -0.914021 0.0313487
-8.52612 30.2345 40.0356 -0.406992 -0.912883 0.0315184
-7.51447 29.7997 40.6151 -0.410692 -0.911381 0.0262614
-6.71195 29.4502 41.0865 -0.404669 -0.914335 0.0141716
-5.7102 29.0254 41.7615 -0.386884 -0.922128 -4.109e-06
-4.62042 28.57 42.4122 -0.384066 -0.923306 7.46833e-05
-3.48894 28.1019 43.0823 -0.377698 -0.925914 -1.39483e-06
-2.7339 27.7973 43.4907 -0.372135 -0.928178 -0.00140344
-1.64353 27.3704 44.0274 -0.349538 -0.936869 -0.00994254
-0.501154 26.9384 44.5226 -0.343178 -0.939162 -0.0122343
0.289718 26.6519 44.8933 -0.334985 -0.942143 -0.0123265
1.12281 26.3501 45.3111 -0.320823 -0.946874 -0.0157008
2.06585 26.0378 45.7834 -0.304242 -0.952448 -0.016503
3.26843 25.6617 46.1755 -0.286135 -0.957928 -0.0223602
4.4374 25.3223 46.3281 -0.264385 -0.964031 -0.0273017
5.45019 25.0476 46.4197 -0.24481 -0.969274 -0.0234234
6.33191 24.8344 46.2241 -0.234911 -0.971655 -0.0258865
6.74428 24.761 45.3315 -0.222989 -0.974277 -0.0314292
6.80964 24.7731 44.3158 -0.209516 -0.977787 -0.00594542
6.84084 24.7783 43.2066 -0.219522 -0.975146 -0.0243701
6.80508 24.8152 42.1747 -0.205628 -0.978502 -0.0102534
6.77721 24.8286 40.9722 -0.228917 -0.973381 -0.0112036
6.7172 24.8539 40.0302 -0.213052 -0.976658 -0.0201938
6.73699 24.8688 38.799 -0.214919 -0.976528 -0.0142386
6.7786 24.8704 37.6499 -0.213068 -0.976996 -0.0090011
6.78198 24.8705 36.5065 -0.219863 -0.97553 -0.000838984
6.65351 24.9064 35.1155 -0.206317 -0.978461 -0.00286258
6.67247 24.8979 34.0961 -0.206319 -0.978473 0.00486457
6.63392 24.8999 33.1944 -0.210437 -0.977589 0.00603203
6.56765 24.9083 32.1919 -0.210462 -0.977586 0.00562435
6.54278 24.9111 31.235 -0.20397 -0.978839 0.0120237
6.64055 24.8716 29.9933 -0.216186 -0.976309 0.00922209
7.55701 24.6901 30.1493 -0.170962 -0.985211 0.0113127
7.46641 24.7147 31.0593 -0.187504 -0.981965 0.0164297
7.48265 24.7199 32.0545 -0.17588 -0.984384 0.00739913
7.55088 24.7113 33.2871 -0.1735 -0.984826 -0.00384722
7.59612 24.7049 34.6386 -0.207392 -0.978252 0.00335855
7.61655 24.6988 35.7207 -0.201717 -0.979414 -0.0060676
7.68733 24.6813 36.7505 -0.186059 -0.982458 -0.00092934
7.65697 24.6723 38.3657 -0.213067 -0.976996 -0.00899853
7.65831 24.6673 39.7759 -0.201213 -0.979544 -0.00272753
7.70143 24.6322 41.1355 -0.188344 -0.982004 -0.0139622
7.76051 24.6086 42.325 -0.208051 -0.977869 -0.022066
7.74604 24.5838 43.6143 -0.199388 -0.979783 -0.0164494
7.71924 24.5601 44.9215 -0.211077 -0.976828 -0.0348966
7.65414 24.5403 45.9168 -0.204473 -0.978409 -0.0299306
7.40497 24.5674 46.8139 -0.20337 -0.978731 -0.0269665
6.54658 24.7546 47.3803 -0.230425 -0.972791 -0.0241345
5.45729 25.0249 47.391 -0.249253 -0.968214 -0.0208281
4.42579 25.2987 47.2734 -0.273058 -0.961676 -0.0227326
3.46119 25.5836 47.1895 -0.278988 -0.959928 -0.0253905
2.22511 25.9683 46.9 -0.298683 -0.953943 -0.0279636
1.31999 26.2636 46.4943 -0.313859 -0.94908 -0.0209024
0.506795 26.5596 46.0441 -0.335747 -0.941864 -0.0129134
-0.295153 26.8502 45.6475 -0.340264 -0.940248 -0.0110714
-1.59192 27.3377 45.0742 -0.349212 -0.936948 -0.0134251
-2.47573 27.6893 44.6794 -0.370231 -0.928918 -0.00627143
-3.50281 28.1074 44.1384 -0.380488 -0.924775 -0.00439732
-4.5997 28.5608 43.4908 -0.391015 -0.920301 -0.00025517
-5.33765 28.8824 43.0177 -0.402842 -0.915226 0.00893566
-6.28492 29.2895 42.4559 -0.405257 -0.913977 0.0203143
-7.15773 29.6667 41.9299 -0.410862 -0.911483 0.0194421
-8.01901 30.0458 41.3943 -0.411676 -0.911084 0.0211857
-9.22757 30.5668 40.6735 -0.404702 -0.913832 0.0335657
-10.478 31.0953 39.9162 -0.41602 -0.908145 0.0438134
-11.3607 31.4766 39.3858 -0.415618 -0.907436 0.0614724
-12.3693 31.8896 38.7779 -0.41109 -0.90942 0.0627772
-13.533 32.3401 38.0688 -0.39329 -0.916619 0.0716347
-14.6251 32.7338 37.4001 -0.367236 -0.925646 0.0900203
-15.505 33.0202 36.8192 -0.377031 -0.92001 0.106905
-16.3958 33.2953 36.2422 -0.354485 -0.926268 0.127935
-17.2592 33.544 35.6604 -0.350743 -0.929166 0.116752
-18.2429 33.7966 34.9848 -0.307039 -0.942847 0.129487
-19.3203 34.0242 34.2041 -0.285597 -0.948767 0.135184
-20.075 34.1575 33.6396 -0.251237 -0.95468 0.159578
-20.8073 34.2504 33.0424 -0.259593 -0.952092 0.161408
-21.8211 34.3596 32.1828 -0.202901 -0.959687 0.188603
-22.9064 34.4094 31.1396 -0.213295 -0.961186 0.175003
-23.4069 34.3318 30.2943 -0.178349 -0.966253 0.184518
-22.5767 34.0555 29.5386 -0.180367 -0.969959 0.163141
-21.6335 33.7759 28.9273 -0.183065 -0.97086 0.154652
-20.7975 33.5107 28.3893 -0.208471 -0.964127 0.164291
-19.7968 33.1735 27.8366 -0.240248 -0.958262 0.154949
-19.0319 32.9118 27.386 -0.244509 -0.959378 0.140742
-18.2812 32.6506 26.9494 -0.253758 -0.956148 0.14623
-17.4473 32.3583 26.4968 -0.256769 -0.955165 0.147407
-16.3383 31.9612 25.8961 -0.27219 -0.951524 0.143217
-15.1705 31.5248 25.2005 -0.271395 -0.952028 0.141379
-14.334 31.2007 24.6347 -0.282323 -0.949163 0.13889
-13.5902 30.8989 24.1185 -0.290417 -0.947379 0.134648
-12.8453 30.6005 23.6254 -0.292127 -0.946971 0.133806
-11.9922 30.2579 23.0649 -0.292118 -0.946794 0.135083
-11.2813 29.9617 22.5351 -0.298259 -0.944592 0.137064
-10.5975 29.6624 21.9158 -0.289739 -0.949602 0.11961
-9.9793 29.3915 21.2539 -0.285891 -0.950476 0.121894
-9.42298 29.127 20.5103 -0.286236 -0.950122 0.123838
-8.87579 28.8726 19.7812 -0.275389 -0.953714 0.120793
-8.302 28.6026 18.984 -0.276347 -0.952942 0.124638
-7.5998 28.2845 18.0432 -0.266732 -0.957095 0.113244
-6.98921 28.0259 17.2688 -0.263435 -0.958575 0.108333
-6.40991 27.7687 16.3871 -0.263594 -0.958927 0.104771
-5.66596 27.4678 15.3753 -0.243858 -0.96483 0.0981662
-4.92291 27.1894 14.467 -0.240031 -0.965884 0.0972231
-4.30901 26.9596 13.6925 -0.233483 -0.968071 0.091235
-3.36276 26.6454 12.6815 -0.226551 -0.970799 0.0788921
-2.32641 26.3425 11.9444 -0.231362 -0.969992 0.0747428
-1.27933 26.0589 11.4027 -0.221639 -0.972637 0.0696607
-0.200488 25.7792 10.9225 -0.220794 -0.972854 0.069323
0.660205 25.5617 10.5872 -0.214528 -0.975161 0.0546586
1.7218 25.3137 10.247 -0.212658 -0.97586 0.0497396
2.60247 25.1116 10.0621 -0.209851 -0.976652 0.0455539
3.50488 24.9177 9.95886 -0.204813 -0.977911 0.0417313
4.71973 24.667 9.92951 -0.19941 -0.97908 0.0404625
6.11005 24.4032 10.1181 -0.1853 -0.982085 0.0337992
6.98359 24.257 10.7009 -0.176439 -0.9839 0.0284602
7.44936 24.197 11.5084 -0.176386 -0.983905 0.0286143
7.71317 24.1819 12.6022 -0.174569 -0.984103 0.0295644
7.81725 24.2041 13.8618 -0.167402 -0.985357 0.0318593
7.80855 24.2434 14.8915 -0.169223 -0.98486 0.0375266
7.87804 24.2591 15.7926 -0.177252 -0.983701 0.030242
7.90733 24.2912 17.1493 -0.178897 -0.983572 0.0241201
7.8311 24.3417 18.2832 -0.182303 -0.982426 0.0395654
7.84528 24.3806 19.4474 -0.182627 -0.98269 0.0309532
7.86109 24.4085 20.3811 -0.18528 -0.982068 0.0347639
7.85548 24.4437 21.2853 -0.175368 -0.984013 0.0279491
7.7609 24.4907 22.7313 -0.181653 -0.982668 0.0319638
7.71345 24.5426 23.7587 -0.199624 -0.97939 0.028172
7.62974 24.5769 24.8028 -0.185544 -0.982145 0.0249844
7.64029 24.6087 25.8304 -0.171283 -0.984707 0.0318405
7.61427 24.6358 27.0155 -0.170748 -0.98521 0.0143798
7.58969 24.6563 27.9501 -0.164178 -0.986323 0.0145842
7.57995 24.6724 29.1111 -0.16842 -0.985651 0.0108724
7.56597 24.6852 29.8988 -0.170565 -0.985261 0.0129784
8.50428 24.5243 29.8867 -0.159459 -0.987161 0.00924568
8.41625 24.5526 30.913 -0.165048 -0.986185 0.0140485
8.42769 24.5499 31.8973 -0.172421 -0.985002 0.00273937
8.49838 24.5422 32.9236 -0.177189 -0.984173 0.0027721
8.49928 24.5412 34.0063 -0.173827 -0.984766 -0.00444773
8.49746 24.5369 35.1343 -0.174409 -0.984667 -0.00352967
8.61245 24.5165 36.0468 -0.181942 -0.98328 -0.00756122
8.66318 24.4983 37.1943 -0.181474 -0.983352 -0.00911062
8.58223 24.5055 38.4255 -0.174975 -0.984561 -0.00479059
8.55111 24.4876 39.9441 -0.172518 -0.984902 -0.014134
8.60712 24.4616 40.8975 -0.189362 -0.981806 -0.0141401
8.6875 24.4205 42.2933 -0.193546 -0.980851 -0.0215572
8.6787 24.3985 43.4762 -0.195165 -0.98057 -0.0198172
8.64436 24.3695 44.8313 -0.203497 -0.978453 -0.0348999
8.61443 24.333 46.1985 -0.203378 -0.978729 -0.026961
8.2769 24.3736 47.4561 -0.195213 -0.980676 -0.0128685
7.52951 24.5064 48.2013 -0.190559 -0.981371 -0.0244539
6.65158 24.7003 48.4075 -0.227324 -0.973318 -0.0312474
5.4269 25.0008 48.3364 -0.255621 -0.966287 -0.0290759
4.35077 25.2976 48.2478 -0.268785 -0.962998 -0.0197176
3.3323 25.5871 48.1775 -0.286657 -0.957516 -0.0293751
2.10314 25.9777 47.8808 -0.297873 -0.954221 -0.027047
1.18179 26.2976 47.4617 -0.329036 -0.944216 -0.013845
0.305768 26.6146 46.9669 -0.337499 -0.941164 -0.0171408
-0.716594 26.9941 46.4878 -0.344294 -0.938696 -0.0176479
-1.51564 27.2943 46.1091 -0.354344 -0.934959 -0.0121328
-2.34762 27.6295 45.7778 -0.37122 -0.928513 -0.00765202
-3.61087 28.1466 45.1452 -0.381591 -0.924325 -0.00343343
-4.77693 28.6425 44.4368 -0.40361 -0.914915 0.00544974
-5.60891 29.0113 43.9254 -0.413585 -0.91041 0.00878251
-6.38557 29.3554 43.484 -0.405279 -0.914017 0.0179109
-7.15494 29.689 43.0229 -0.412405 -0.910807 0.0187702
-7.90461 30.0194 42.5525 -0.413339 -0.910392 0.0183712
-8.75808 30.3955 41.9935 -0.413291 -0.910396 0.0192362
-9.67241 30.7922 41.4456 -0.419268 -0.906939 0.037427
-10.4295 31.1364 40.993 -0.433833 -0.900047 0.0412899
-11.3918 31.5545 40.4156 -0.418841 -0.906333 0.0559717
-12.1647 31.8822 39.9378 -0.415617 -0.907437 0.0614729
-12.9292 32.1833 39.4722 -0.398261 -0.914628 0.0691026
-14.0642 32.6291 38.8006 -0.396657 -0.914189 0.0826521
-15.2844 33.0772 38.0474 -0.385368 -0.916872 0.103124
-16.4014 33.4454 37.3151 -0.365968 -0.923737 0.112182
-17.1384 33.6505 36.8087 -0.344753 -0.930274 0.125445
-18.3471 33.9693 36.0137 -0.308501 -0.942861 0.125858
-19.0783 34.1397 35.5018 -0.296066 -0.945652 0.133939
-20.2451 34.3676 34.6602 -0.285344 -0.948612 0.136789
-21.0087 34.4821 34.0592 -0.267949 -0.949503 0.163238
-21.9211 34.5972 33.2842 -0.2029 -0.959686 0.188608
-22.82 34.592 32.5354 -0.173995 -0.971395 0.155881
-23.6484 34.6624 31.7473 -0.144727 -0.975813 0.151782
-24.336 34.6023 31.0781 -0.091403 -0.979395 0.180086
-24.6289 34.4301 29.8907 -0.107423 -0.981035 0.161343
-23.9222 34.2379 29.2764 -0.160552 -0.970787 0.178314
-22.749 33.9177 28.4976 -0.167337 -0.974095 0.151241
-21.8593 33.6637 27.9554 -0.182947 -0.970828 0.154994
-21.0469 33.4069 27.477 -0.209421 -0.963482 0.166867
-20.171 33.1249 26.9846 -0.215127 -0.96516 0.148955
-19.3429 32.8575 26.476 -0.248185 -0.957977 0.143734
-18.3045 32.4891 25.8719 -0.245452 -0.957682 0.150184
-17.1724 32.1038 25.2945 -0.259165 -0.955689 0.139612
-16.0465 31.6926 24.6706 -0.267578 -0.952506 0.145371
-15.225 31.3798 24.1238 -0.268919 -0.95243 0.143354
-14.4766 31.0859 23.6002 -0.273353 -0.950857 0.14543
-13.6222 30.7469 23.0278 -0.285693 -0.947 0.146867
-12.3811 30.2499 22.1932 -0.280392 -0.949265 0.142395
-11.6647 29.956 21.6618 -0.293999 -0.947097 0.128338
-10.9593 29.6411 20.9719 -0.281876 -0.947926 0.148266
-10.3564 29.3609 20.217 -0.273658 -0.952875 0.130921
-9.58161 28.9955 19.2162 -0.268534 -0.953399 0.137396
-9.03785 28.7383 18.4526 -0.263011 -0.955372 0.134496
-8.49059 28.4791 17.6699 -0.261803 -0.956238 0.130631
-7.92694 28.2334 16.9162 -0.251826 -0.961507 0.109943
-7.39462 28.0024 16.1742 -0.247165 -0.961775 0.117894
-6.82836 27.7538 15.3339 -0.246711 -0.96165 0.119827
-6.03629 27.4451 14.3339 -0.234429 -0.965705 0.11161
-5.20368 27.1357 13.2776 -0.228461 -0.968233 0.101638
-4.55351 26.9117 12.5374 -0.227566 -0.969346 0.0923025
-3.7355 26.6509 11.7507 -0.223387 -0.971046 0.0846654
-2.99372 26.4347 11.2295 -0.2223 -0.971722 0.0794167
-2.22895 26.2276 10.7889 -0.220738 -0.972525 0.0739572
-1.04784 25.9227 10.2501 -0.21266 -0.974796 0.067232
0.203792 25.6128 9.70689 -0.214531 -0.975161 0.05466
1.09701 25.4087 9.45105 -0.210349 -0.976303 0.0508152
2.34931 25.1235 9.1352 -0.206855 -0.977334 0.0450017
3.96335 24.7794 8.95088 -0.200385 -0.978806 0.0422189
5.08423 24.5536 9.00213 -0.1934 -0.980365 0.0376976
6.02141 24.381 9.10756 -0.182078 -0.982606 0.0364995
7.41413 24.1445 9.57262 -0.176703 -0.983578 0.0367467
8.08785 24.0514 10.456 -0.166155 -0.985524 0.0316418
8.56942 24.0163 11.7375 -0.157711 -0.986963 0.0321104
8.76152 24.0204 12.903 -0.159821 -0.986658 0.0309739
8.82762 24.0393 13.8805 -0.158505 -0.986908 0.0298119
8.82443 24.0744 14.919 -0.152497 -0.987873 0.0291762
8.90201 24.0887 15.8659 -0.142588 -0.989379 0.0282398
8.89587 24.1169 16.8754 -0.155231 -0.98736 0.0320049
8.78308 24.1725 18.0803 -0.155899 -0.987329 0.0296167
8.78141 24.213 19.3565 -0.158218 -0.986862 0.0327226
8.79212 24.2565 20.7522 -0.160943 -0.986405 0.0330791
8.74681 24.3015 21.8019 -0.16503 -0.985755 0.0322186
8.63435 24.3569 23.2006 -0.160736 -0.9867 0.0242435
8.56564 24.3924 24.1309 -0.164603 -0.985875 0.0302426
8.57242 24.4266 25.2091 -0.171111 -0.984748 0.0315063
8.56427 24.4585 26.3548 -0.17343 -0.98466 0.0191506
8.52616 24.4907 27.5937 -0.168552 -0.985459 0.0214518
8.51153 24.5138 28.9389 -0.162752 -0.986617 0.00924723
8.5108 24.5158 29.1324 -0.159226 -0.987194 0.00972599
9.45074 24.3626 28.9666 -0.160977 -0.986882 0.0119618
9.41273 24.3778 29.9351 -0.159693 -0.987128 0.0087653
9.35131 24.3985 30.9546 -0.142054 -0.989852 0.00122217
9.38851 24.3966 31.8746 -0.144581 -0.989486 0.00379845
9.43614 24.3875 32.9873 -0.160099 -0.987081 0.00621074
9.42239 24.3829 34.4411 -0.155835 -0.987678 -0.0144289
9.53297 24.3475 36.2085 -0.175622 -0.984442 -0.00546876
9.55132 24.3386 37.2357 -0.175621 -0.984445 -0.00496509
9.50391 24.342 38.351 -0.170195 -0.985389 -0.00110935
9.49475 24.3331 39.2726 -0.170586 -0.985258 -0.012947
9.52022 24.3114 40.2854 -0.170985 -0.984817 -0.0300033
9.58131 24.2661 41.4235 -0.180173 -0.983311 -0.0220716
9.64049 24.2433 42.3887 -0.154609 -0.987892 -0.0128439
9.63932 24.224 43.2901 -0.154093 -0.987695 -0.0267359
9.58752 24.2051 44.5608 -0.15414 -0.987906 -0.0167936
9.57004 24.1723 46.0081 -0.156806 -0.987098 -0.0324048
9.38504 24.1712 47.3853 -0.165114 -0.986176 -0.013902
9.01048 24.2217 48.2529 -0.163072 -0.986285 -0.0233035
7.81175 24.4201 49.2557 -0.192316 -0.980835 -0.0312652
6.35593 24.7428 49.3981 -0.228017 -0.973369 -0.0236773
5.38692 24.9895 49.3072 -0.263445 -0.964386 -0.0236099
4.27868 25.2946 49.2129 -0.261547 -0.96465 -0.0322978
3.29128 25.5788 49.1189 -0.296328 -0.954886 -0.0195599
2.17626 25.9311 48.8759 -0.306731 -0.951549 -0.0195258
1.33102 26.2165 48.6296 -0.319454 -0.947332 -0.0216818
0.341118 26.5838 48.0487 -0.341075 -0.939893 -0.0163995
-0.725823 26.9784 47.5319 -0.33997 -0.940308 -0.0155159
-1.65581 27.3422 47.0891 -0.367783 -0.929877 -0.00707351
-2.76435 27.7891 46.6245 -0.371194 -0.928524 -0.00759152
-3.90623 28.2653 46.0272 -0.382447 -0.923963 -0.00491853
-4.73352 28.6273 45.53 -0.405064 -0.914287 0.00141443
-5.96468 29.1774 44.7486 -0.414979 -0.909822 0.00418817
-6.70372 29.5125 44.3217 -0.413587 -0.910409 0.00878152
-7.76023 29.9788 43.7404 -0.418732 -0.907796 0.0235137
-8.93354 30.4951 42.9363 -0.413588 -0.910269 0.0188511
-9.7681 30.8781 42.4138 -0.439052 -0.897884 0.0322164
-10.5182 31.2224 41.9868 -0.435652 -0.899212 0.040095
-11.7543 31.7709 41.2445 -0.416555 -0.907456 0.054831
-12.6074 32.1283 40.6965 -0.406464 -0.912036 0.0545749
-13.3762 32.4424 40.2189 -0.40496 -0.911979 0.0647693
-14.1449 32.746 39.7937 -0.412865 -0.905295 0.099915
-14.9128 33.0456 39.3346 -0.396654 -0.914191 0.0826478
-16.0661 33.4677 38.5971 -0.388472 -0.915225 0.106057
-17.2882 33.8362 37.7707 -0.349273 -0.929583 0.117439
-18.3412 34.1398 37.0929 -0.350589 -0.92782 0.127429
-19.1986 34.3498 36.5234 -0.313332 -0.935923 0.160846
-19.9724 34.5161 35.9837 -0.310997 -0.935683 0.166552
-21.0906 34.7009 35.1388 -0.269549 -0.946076 0.179675
-21.8308 34.8061 34.5551 -0.228604 -0.958205 0.1658
-22.5455 34.8427 33.9498 -0.17772 -0.966778 0.182171
-23.2791 34.8481 33.3241 -0.191287 -0.960209 0.203491
-24.0745 34.8561 32.6139 -0.194481 -0.966536 0.161875
-24.8114 34.8099 31.9577 -0.0880189 -0.97954 0.180983
-25.79 34.6482 30.8178 -0.0736797 -0.965712 0.248941
-26.0519 34.5042 29.9315 -0.00485014 -0.987768 0.155799
-25.3485 34.382 29.1181 -0.0490915 -0.986269 0.141164
-24.4477 34.166 28.4596 -0.116399 -0.979239 0.165938
-23.6884 33.983 27.9784 -0.131102 -0.976627 0.170331
-22.9311 33.7919 27.4936 -0.182943 -0.970828 0.154998
-22.0671 33.5452 26.9691 -0.183016 -0.970785 0.155181
-21.2082 33.288 26.5128 -0.223082 -0.963526 0.147727
-20.3221 33.0092 25.9925 -0.21714 -0.965499 0.143743
-19.3989 32.6962 25.4014 -0.231424 -0.959649 0.159739
-18.3555 32.3422 24.828 -0.240181 -0.959568 0.146773
-17.5686 32.0839 24.4474 -0.261413 -0.952781 0.154471
-16.5385 31.7066 23.8822 -0.258399 -0.954407 0.149252
-15.7393 31.399 23.3003 -0.266668 -0.952955 0.1441
-14.8854 31.0714 22.7385 -0.26902 -0.951171 0.151261
-14.1608 30.7836 22.2615 -0.27358 -0.948905 0.157267
-13.0988 30.3614 21.5427 -0.278521 -0.948902 0.148364
-12.0588 29.93 20.737 -0.278705 -0.948802 0.148652
-11.2392 29.5593 19.8424 -0.267322 -0.95323 0.141036
-10.6702 29.2867 19.0825 -0.268533 -0.952682 0.142434
-10.1254 29.0319 18.4054 -0.268475 -0.952637 0.142843
-9.56908 28.7717 17.6414 -0.258814 -0.956367 0.135564
-9.05021 28.527 16.9053 -0.25869 -0.956505 0.134823
-8.26335 28.1792 15.7955 -0.248933 -0.961058 0.119966
-7.65853 27.9159 14.9347 -0.246261 -0.961525 0.121761
-7.13396 27.7021 14.2336 -0.239287 -0.964542 0.111357
-6.18293 27.335 12.9757 -0.228402 -0.968225 0.10185
-5.61548 27.1282 12.2824 -0.224714 -0.969354 0.0991669
-4.92733 26.9051 11.5771 -0.221136 -0.971046 0.0903793
-4.03598 26.6309 10.7609 -0.217895 -0.972713 0.0796942
-2.97217 26.3407 10.1038 -0.215001 -0.973443 0.0786335
-2.03013 26.0967 9.62657 -0.215578 -0.973802 0.0723571
-0.950822 25.827 9.13519 -0.207422 -0.975889 0.0679486
-0.0402943 25.612 8.74618 -0.202159 -0.977704 0.056556
1.1111 25.3516 8.45942 -0.202268 -0.97785 0.05371
2.10877 25.1309 8.2111 -0.206635 -0.977174 0.049322
3.28935 24.8775 8.02562 -0.200477 -0.978553 0.0473501
4.22516 24.6827 7.9627 -0.195508 -0.979694 0.0440389
5.57116 24.4283 8.03297 -0.185547 -0.982076 0.0330817
6.7269 24.2174 8.19754 -0.176996 -0.983552 0.0352107
7.76772 24.0487 8.55096 -0.164111 -0.986031 0.0269353
8.5493 23.9421 9.23755 -0.1556 -0.987533 0.0238253
9.18576 23.8787 10.4366 -0.155227 -0.987392 0.0309593
9.539 23.8559 11.5391 -0.153853 -0.987693 0.0281053
9.75327 23.8564 12.7272 -0.157958 -0.987002 0.0296087
9.77574 23.8919 13.6931 -0.134782 -0.990187 0.0342487
9.80207 23.9172 14.7067 -0.15363 -0.987562 0.0332012
9.90079 23.9413 15.7711 -0.147248 -0.988297 0.0398433
9.89433 23.9689 16.7166 -0.14123 -0.989721 0.0220412
9.8114 24 17.6768 -0.144905 -0.989002 0.0284283
9.7117 24.05 18.7695 -0.152545 -0.987919 0.0272994
9.74317 24.0705 19.6859 -0.142157 -0.989277 0.0315504
9.72785 24.1083 20.6974 -0.136931 -0.98996 0.0350537
9.67936 24.1437 21.6092 -0.142647 -0.989365 0.0281521
9.5768 24.2021 22.9943 -0.143546 -0.988893 0.0378404
9.47466 24.2607 24.123 -0.134757 -0.99019 0.0369276
9.54041 24.2841 25.4936 -0.151359 -0.98796 0.0320293
9.47754 24.3297 26.7386 -0.149115 -0.988665 0.0151382
9.44358 24.3484 27.9023 -0.161217 -0.986754 0.0176504
9.44051 24.3597 28.6532 -0.162728 -0.986569 0.0141961
10.3733 24.2239 28.8603 -0.135461 -0.990622 0.0174952
10.3633 24.2117 27.8769 -0.13507 -0.990765 0.0118596
10.4054 24.195 26.9409 -0.135335 -0.990735 0.0113305
10.499 24.1499 25.724 -0.132815 -0.990566 0.0337486
10.4328 24.1358 24.6613 -0.122087 -0.992441 0.0124378
10.4368 24.0984 23.4178 -0.141364 -0.988943 0.0448129
10.5801 24.0226 21.8388 -0.139574 -0.989885 0.0254379
10.6512 23.9788 20.647 -0.134736 -0.990339 0.0326123
10.6638 23.9468 19.6519 -0.132155 -0.990676 0.0329844
10.6258 23.9082 18.26 -0.115045 -0.992911 0.0293928
10.7205 23.8644 17.3116 -0.125941 -0.99152 0.0291027
10.8754 23.8195 16.1565 -0.11582 -0.99272 0.0310818
10.7913 23.7967 15.2316 -0.123324 -0.991794 0.0337088
10.6855 23.782 14.3048 -0.122064 -0.992129 0.0279451
10.6894 23.7507 13.3547 -0.135285 -0.989639 0.048099
10.6483 23.7144 12.441 -0.13399 -0.990217 0.0389498
10.3389 23.7136 10.9563 -0.142305 -0.9895 0.0202335
10.0143 23.7329 9.81147 -0.138251 -0.989862 0.0304018
9.56187 23.7776 8.90878 -0.148704 -0.988339 0.0321165
8.99221 23.8427 8.19149 -0.158264 -0.986928 0.0304219
8.24966 23.9437 7.60329 -0.157766 -0.986967 0.0317153
7.27984 24.0909 7.28377 -0.162154 -0.986281 0.0309104
6.27428 24.2638 7.11044 -0.183315 -0.982371 0.0366332
5.19843 24.4563 6.93834 -0.180469 -0.98287 0.0373948
4.20891 24.6456 6.99243 -0.19054 -0.980834 0.0407286
2.94207 24.9045 7.09873 -0.201373 -0.978404 0.0466432
2.05073 25.0941 7.2265 -0.200964 -0.97847 0.0469985
0.881055 25.3461 7.49272 -0.20227 -0.97785 0.0537105
0.0098214 25.5374 7.63867 -0.206452 -0.976886 0.055408
-0.988748 25.7638 8.07309 -0.203379 -0.977352 0.0580968
-1.81153 25.9655 8.46328 -0.210003 -0.97542 0.0667464
-3.10275 26.291 9.05882 -0.214 -0.974163 0.0721825
-3.89998 26.4991 9.5223 -0.211971 -0.974398 0.0749414
-4.68744 26.7139 10.0731 -0.21143 -0.974022 0.0809147
-5.42657 26.9393 10.7672 -0.216377 -0.972109 0.0904751
-6.10784 27.1532 11.3965 -0.221509 -0.970472 0.0954879
-6.70867 27.3596 12.0998 -0.221736 -0.969846 0.100999
-7.44055 27.6399 13.1168 -0.223429 -0.968855 0.106768
-8.03833 27.8776 13.8697 -0.236166 -0.963904 0.122888
-8.74669 28.1813 14.8632 -0.239777 -0.962868 0.124066
-9.23708 28.4045 15.6084 -0.245296 -0.961269 0.125653
-9.78121 28.6481 16.3599 -0.258566 -0.956643 0.134081
-10.3428 28.9134 17.1628 -0.259373 -0.956217 0.135555
-11.0959 29.267 18.15 -0.26842 -0.952591 0.143251
-11.6444 29.5226 18.8262 -0.266301 -0.953505 0.141105
-12.4131 29.8761 19.7703 -0.26528 -0.95378 0.141173
-13.2705 30.2452 20.4811 -0.269361 -0.949685 0.159625
-13.9728 30.5248 20.9996 -0.266756 -0.951879 0.150886
-14.8391 30.8705 21.6076 -0.272019 -0.949304 0.157566
-15.8208 31.2528 22.2311 -0.268965 -0.95045 0.155891
-16.6083 31.5576 22.7767 -0.250766 -0.956207 0.150818
-17.6395 31.9376 23.4314 -0.258362 -0.953478 0.155334
-18.7651 32.3159 23.9717 -0.238716 -0.960223 0.144853
-19.5559 32.5752 24.3959 -0.237383 -0.960383 0.145993
-20.3492 32.8477 24.8979 -0.226728 -0.962341 0.149544
-21.1026 33.0942 25.3924 -0.214966 -0.96488 0.150984
-22.3827 33.4641 26.0634 -0.187678 -0.970628 0.150528
-23.2639 33.701 26.5819 -0.121351 -0.981591 0.147491
-24.4345 33.9738 27.3514 -0.12427 -0.977671 0.169317
-25.4853 34.2104 27.9942 -0.116399 -0.979239 0.165938
-26.4756 34.3294 28.8415 0.00729668 -0.989995 0.139064
-27.229 34.42 29.6517 0.0608167 -0.986034 0.155043
-27.142 34.5844 30.5918 0.0517196 -0.984093 0.16996
-26.4456 34.8835 31.5365 0.0107068 -0.966223 0.243197
-25.8682 34.9652 32.239 -0.100445 -0.978732 0.178871
-24.9421 35.0559 33.0891 -0.0711299 -0.96416 0.25561
-24.2044 35.1104 33.7507 -0.175791 -0.964996 0.194626
-23.4603 35.0945 34.359 -0.180687 -0.963844 0.19585
-22.3281 35.0568 35.3259 -0.216774 -0.956225 0.196576
-21.5835 34.9914 35.8897 -0.279227 -0.941175 0.190319
-20.5499 34.8417 36.7025 -0.304571 -0.935698 0.177007
-19.7374 34.6635 37.2468 -0.322908 -0.929577 0.177814
-18.8745 34.4687 37.8645 -0.347513 -0.923747 0.160395
-18.1099 34.2472 38.3101 -0.370119 -0.917105 0.147006
-17.2731 33.978 38.8499 -0.370851 -0.919394 0.130729
-16.1945 33.6319 39.5789 -0.375406 -0.92091 0.104855
-15.3298 33.318 40.1082 -0.408922 -0.907171 0.0991126
-14.1536 32.8615 40.8046 -0.420324 -0.902951 0.0883867
-13.4137 32.5453 41.2181 -0.428201 -0.900412 0.07682
-12.5506 32.1808 41.7876 -0.432558 -0.898695 0.072354
-11.6141 31.776 42.3943 -0.425587 -0.902592 0.063433
-10.6077 31.3125 42.9865 -0.43854 -0.8978 0.0404691
-9.57371 30.8306 43.5885 -0.441195 -0.896579 0.0386455
-8.61964 30.3939 44.3003 -0.42013 -0.90706 0.0267102
-7.82876 30.0369 44.7657 -0.418731 -0.907796 0.0235135
-6.88755 29.6062 45.2591 -0.428296 -0.903609 0.00733233
-5.97479 29.1862 45.7876 -0.417066 -0.908876 0.000681561
-4.96049 28.7282 46.4551 -0.405811 -0.913939 -0.00367368
-3.9539 28.2747 47.0283 -0.394428 -0.918781 -0.00883657
-2.9607 27.8586 47.5497 -0.381912 -0.924143 -0.0101739
-2.11443 27.5131 47.9423 -0.369172 -0.929189 -0.0178615
-1.23983 27.1603 48.3272 -0.356037 -0.934312 -0.0140352
-0.369623 26.8333 48.7462 -0.348053 -0.937329 -0.015332
0.433744 26.5275 49.2573 -0.343316 -0.939055 -0.0176037
1.53285 26.1253 49.6977 -0.334033 -0.942424 -0.0160673
2.70566 25.7377 49.9548 -0.303522 -0.952557 -0.0225894
3.62728 25.4517 50.1014 -0.277113 -0.960619 -0.0204864
4.6845 25.1536 50.2094 -0.260082 -0.965149 -0.0290337
5.67649 24.8848 50.3127 -0.259202 -0.96536 -0.0298686
6.55334 24.672 50.4221 -0.228918 -0.973166 -0.0233367
7.85942 24.3875 50.3273 -0.211283 -0.977087 -0.0257126
8.92428 24.1943 49.8453 -0.175712 -0.98408 -0.0266821
9.80399 24.0665 49.0009 -0.161378 -0.986324 -0.0334856
10.2424 24.0203 47.9276 -0.164763 -0.986246 -0.0131194
10.4931 23.9997 47.0048 -0.148655 -0.988254 -0.0354306
10.5315 24.0292 45.8495 -0.147395 -0.988717 -0.0266993
10.5521 24.0569 44.5656 -0.149783 -0.988508 -0.0204024
10.6159 24.0726 43.3783 -0.149604 -0.988504 -0.0218618
10.5656 24.1067 42.1081 -0.145665 -0.989144 -0.0193834
10.5316 24.1306 41.1418 -0.145664 -0.989148 -0.0191849
10.4676 24.1641 40.0162 -0.136758 -0.990446 -0.0130409
10.4352 24.1794 38.9742 -0.164068 -0.986314 -0.0163422
10.4502 24.1828 37.8861 -0.164772 -0.986329 0.00224507
10.4504 24.2051 36.5903 -0.126329 -0.99178 -0.0198612
10.4338 24.2283 35.4787 -0.137394 -0.990473 -0.00925501
10.373 24.2426 34.432 -0.135925 -0.990716 -0.00226944
10.3478 24.2545 33.3943 -0.128001 -0.9917 -0.0121322
10.391 24.2536 32.3849 -0.128543 -0.991698 0.00339815
10.3118 24.2629 31.1541 -0.139527 -0.990217 -0.00135306
10.3692 24.2433 29.7747 -0.133208 -0.990886 0.0199867
10.3793 24.2256 28.9824 -0.133571 -0.99083 0.0203866
11.3113 24.1142 28.7801 -0.097443 -0.995062 0.0188868
11.3144 24.0907 27.5838 -0.097831 -0.995019 0.0191405
11.3704 24.0654 26.6621 -0.0904164 -0.99548 0.0290569
11.4881 24.022 25.6286 -0.107598 -0.993738 0.0257305
11.3412 24.0202 24.3554 -0.12463 -0.991938 0.0210899
11.3806 23.9689 23.2052 -0.123573 -0.991249 0.0464338
11.4656 23.9303 22.1438 -0.108148 -0.993636 0.0314754
11.541 23.878 20.6873 -0.104554 -0.993989 0.0322422
11.5929 23.8206 19.2207 -0.106009 -0.99389 0.0302182
11.5738 23.7917 18.0331 -0.110977 -0.993426 0.0279931
11.7663 23.7344 16.8827 -0.109365 -0.993511 0.0312392
11.8119 23.7011 15.9625 -0.116693 -0.992269 0.0422523
11.7301 23.6742 15.0391 -0.121486 -0.992209 0.0275982
11.6294 23.6546 13.8806 -0.120907 -0.99229 0.0272534
11.5764 23.6058 12.6153 -0.0996011 -0.994646 0.0274029
11.3127 23.5912 10.9893 -0.106937 -0.994018 0.0210724
11.0899 23.5949 9.8283 -0.125028 -0.991592 0.0331999
10.6043 23.6192 8.68372 -0.123123 -0.991978 0.0285691
10.0408 23.6704 7.97097 -0.125477 -0.991306 0.0380746
9.28029 23.7648 7.09307 -0.155813 -0.987432 0.0264736
8.37156 23.8886 6.57581 -0.16325 -0.985837 0.0384133
7.36239 24.0437 6.26029 -0.161173 -0.986343 0.0339177
6.40714 24.2031 6.11754 -0.180981 -0.982895 0.0341137
5.27853 24.4012 5.90737 -0.179689 -0.982934 0.0394153
4.33547 24.58 6.00753 -0.18903 -0.981149 0.0401755
3.30635 24.7857 6.05439 -0.197099 -0.979579 0.0397141
2.32636 24.9878 6.19727 -0.198722 -0.979017 0.0450026
1.45085 25.1732 6.34074 -0.197308 -0.979236 0.0465358
0.447866 25.3884 6.60194 -0.202661 -0.977987 0.0493978
-0.622527 25.6226 6.86943 -0.195858 -0.979214 0.0527176
-1.85706 25.9082 7.42067 -0.204542 -0.976575 0.0668065
-3.21782 26.2373 8.02691 -0.209715 -0.975217 0.0703821
-4.28792 26.5152 8.6307 -0.202295 -0.976364 0.0755509
-5.11677 26.729 9.1324 -0.204455 -0.975509 0.08112
-5.8294 26.941 9.86878 -0.210456 -0.973355 0.0907507
-6.76894 27.2285 10.7102 -0.208823 -0.972828 0.0998977
-7.37795 27.4372 11.4398 -0.208326 -0.972492 0.104208
-8.08628 27.7074 12.3823 -0.222785 -0.968906 0.107646
-8.6537 27.9325 13.1186 -0.233877 -0.963855 0.127613
-9.18798 28.1626 13.8772 -0.234487 -0.963703 0.127638
-9.84833 28.4655 14.9192 -0.234866 -0.962864 0.133155
-10.3996 28.7144 15.7129 -0.24107 -0.960651 0.137969
-10.976 28.9852 16.5302 -0.251242 -0.956295 0.149588
-11.5224 29.244 17.2705 -0.24986 -0.956032 0.153532
-12.4631 29.6779 18.4048 -0.256895 -0.953472 0.157771
-13.2263 30.0127 19.1736 -0.255889 -0.953424 0.159695
-13.9201 30.2972 19.7298 -0.261713 -0.951739 0.160308
-14.587 30.5786 20.3008 -0.264408 -0.950703 0.162021
-15.4527 30.9354 20.9589 -0.267938 -0.948855 0.166983
-16.3717 31.2755 21.4778 -0.256534 -0.952737 0.162736
-17.2675 31.6201 22.1097 -0.249195 -0.955685 0.156742
-18.2129 31.9626 22.6568 -0.256358 -0.952656 0.163481
-18.9848 32.2271 23.0416 -0.234427 -0.96034 0.150966
-19.808 32.4972 23.4817 -0.234987 -0.960259 0.150607
-20.7012 32.7881 24.0064 -0.223625 -0.964965 0.137236
-21.6808 33.1068 24.651 -0.219848 -0.964632 0.145171
-22.7471 33.3983 25.1696 -0.19358 -0.970431 0.144189
-23.5597 33.6134 25.6404 -0.151764 -0.979073 0.133934
-24.4531 33.8143 26.2504 -0.101453 -0.986483 0.121859
-25.2768 33.964 26.7396 -0.110494 -0.978112 0.176319
-26.5294 34.1222 27.5662 0.0747611 -0.985299 0.152945
-27.2392 34.1724 28.1869 0.0848862 -0.983833 0.15769
-27.8642 34.2404 28.8285 0.1078 -0.978003 0.17454
-28.4321 34.3295 29.8222 0.14598 -0.975794 0.16273
-28.2277 34.5238 30.8395 0.143091 -0.977331 0.156029
-27.6186 34.7336 31.6005 0.144814 -0.977358 0.154271
-26.9226 35.0039 32.6238 0.148461 -0.975555 0.162024
-26.0269 35.2014 33.3775 -0.0971734 -0.974186 0.203764
-25.2995 35.3007 34.015 -0.0402967 -0.975953 0.212728
-24.3895 35.3516 34.783 -0.17484 -0.965391 0.193522
-23.6205 35.3497 35.4737 -0.179025 -0.964529 0.193992
-22.8982 35.3413 36.0386 -0.203661 -0.955351 0.212116
-21.8725 35.2647 36.8258 -0.229366 -0.946647 0.22578
-20.8432 35.1086 37.6548 -0.286093 -0.941969 0.175627
-20.0794 34.9491 38.137 -0.328738 -0.929573 0.166527
-19.2294 34.7452 38.7689 -0.327483 -0.935107 0.13539
-18.4314 34.508 39.1941 -0.379708 -0.915633 0.132055
-17.3248 34.1462 39.8751 -0.385943 -0.913441 0.128986
-16.4391 33.8452 40.4422 -0.392549 -0.911631 0.121642
-15.2306 33.3964 41.1679 -0.41512 -0.902745 0.112816
-14.4971 33.093 41.6103 -0.426628 -0.901221 0.076078
-13.4688 32.6553 42.2124 -0.430062 -0.89973 0.074352
-12.5399 32.2573 42.9005 -0.439058 -0.896908 0.0527259
-11.7952 31.92 43.4088 -0.446874 -0.893425 0.0457641
-11.0547 31.5708 43.8215 -0.446875 -0.893435 0.04556
-10.2196 31.1786 44.2614 -0.447 -0.893636 0.0394036
-9.50253 30.8386 44.7713 -0.448426 -0.893234 0.032251
-8.79168 30.5005 45.2287 -0.425521 -0.904519 0.0278651
-7.75291 30.0217 45.8558 -0.431215 -0.902194 0.00947319
-6.96087 29.6498 46.2521 -0.431783 -0.901948 0.00544131
-6.03569 29.2179 46.8297 -0.419329 -0.907824 0.00436261
-5.27693 28.8599 47.2999 -0.415143 -0.909649 -0.00925875
-4.47547 28.4988 47.7427 -0.405715 -0.913935 -0.0109071
-3.71556 28.1586 48.1701 -0.378646 -0.925388 -0.0168719
-2.47371 27.6384 48.8153 -0.373799 -0.927316 -0.0180946
-1.46383 27.2267 49.2708 -0.358115 -0.933268 -0.0233219
-0.641562 26.9114 49.7463 -0.345795 -0.938101 -0.0195511
0.52274 26.4702 50.3934 -0.343828 -0.938747 -0.0231391
1.4867 26.1246 50.6164 -0.330966 -0.943509 -0.0153057
2.6343 25.743 50.8435 -0.302582 -0.952996 -0.0155511
4.01453 25.3141 51.1165 -0.273522 -0.961435 -0.028784
4.94846 25.0512 51.227 -0.259733 -0.965178 -0.0311573
5.79805 24.8276 51.4041 -0.230298 -0.972869 -0.0221052
6.82829 24.5824 51.4615 -0.229608 -0.973018 -0.022721
8.11046 24.3154 51.2856 -0.191893 -0.981078 -0.0253555
9.06553 24.1396 50.9317 -0.182424 -0.982949 -0.0214335
10.0897 23.9948 50.2557 -0.148125 -0.98883 -0.0165454
10.785 23.9093 49.3062 -0.146444 -0.989032 -0.0192396
11.083 23.89 48.3937 -0.131117 -0.991164 -0.0196885
11.4373 23.8672 47.2285 -0.126796 -0.991639 -0.0239745
11.482 23.8897 46.1111 -0.123015 -0.992045 -0.0227667
11.555 23.9099 45.05 -0.135194 -0.99076 -0.0108332
11.4868 23.9331 44.1442 -0.116479 -0.992915 -0.0231359
11.5792 23.9473 43.1295 -0.132438 -0.990706 -0.0310082
11.5086 23.9766 42.102 -0.132424 -0.99111 -0.0128226
11.4949 23.9977 40.9518 -0.130558 -0.991191 -0.0205668
11.5559 24.0151 39.9253 -0.13676 -0.990446 -0.0130395
11.3946 24.0382 39.0116 -0.12584 -0.991911 -0.00994633
11.3937 24.0574 38.0122 -0.119257 -0.992614 -0.0218149
11.3645 24.0921 36.6105 -0.122306 -0.992327 -0.0181164
11.3051 24.1192 35.6753 -0.114412 -0.993303 -0.0104123
11.3562 24.1155 34.4705 -0.114188 -0.993354 -0.0105635
11.3135 24.1346 33.49 -0.119103 -0.992878 -0.00273683
11.3954 24.1267 32.1759 -0.123873 -0.992297 -0.00118555
11.2933 24.1383 31.1691 -0.121609 -0.992564 0.00519907
11.2998 24.1324 29.6787 -0.108686 -0.993921 0.010364
11.3208 24.1263 29.4683 -0.097443 -0.995062 0.0188868
