3.15786 2.69703 -52.9286 -0.140887 -0.989781 -0.0219856
2.07606 2.84154 -52.5299 -0.140159 -0.989896 -0.0214863
1.15965 2.97197 -52.4288 -0.149455 -0.988503 -0.0229042
0.196716 3.11666 -52.3899 -0.150003 -0.988436 -0.0222022
-0.817205 3.27085 -52.344 -0.151834 -0.988173 -0.0214537
-1.92406 3.43834 -52.0756 -0.157478 -0.987294 -0.0212592
-2.16759 3.48147 -52.2757 -0.157408 -0.987308 -0.0211245
-1.36283 3.3627 -52.7366 -0.154898 -0.987737 -0.0192379
-0.134656 3.18168 -53.1343 -0.150598 -0.988445 -0.0171265
0.822379 3.04148 -53.3683 -0.148872 -0.988719 -0.0164859
1.85365 2.89139 -53.5247 -0.140181 -0.989996 -0.0160496
3.29225 2.69867 -53.9492 -0.135752 -0.990549 -0.0196039
4.45945 2.54077 -54.0536 -0.13408 -0.990812 -0.0175329
5.673 2.38215 -54.1571 -0.130816 -0.991266 -0.0167221
6.62491 2.26886 -54.0952 -0.114521 -0.993288 -0.0162383
6.4384 2.2771 -53.2993 -0.113863 -0.993317 -0.0188602
5.14182 2.43601 -53.1391 -0.131225 -0.991237 -0.0151479
3.98099 2.58806 -52.9874 -0.132409 -0.991075 -0.0154619
3.25068 2.68442 -52.9583 -0.13591 -0.990433 -0.0231758
3.37835 2.64111 -51.8562 -0.13591 -0.990433 -0.0231754
4.46932 2.5018 -52.0372 -0.130921 -0.991093 -0.0243896
5.368 2.38854 -52.1752 -0.128173 -0.991431 -0.0252118
6.75454 2.22283 -52.4226 -0.116933 -0.992881 -0.0226593
7.94343 2.10121 -53.1117 -0.113023 -0.993305 -0.023886
8.07308 2.10343 -54.0188 -0.112119 -0.993546 -0.0171644
7.66871 2.16207 -54.9501 -0.113339 -0.993505 -0.0101561
6.37926 2.31333 -55.1452 -0.116105 -0.993174 -0.0111954
5.24783 2.44954 -55.0854 -0.125501 -0.992059 -0.00825884
4.09597 2.59612 -55.0187 -0.127879 -0.991752 -0.00862675
2.8415 2.76619 -54.8627 -0.141664 -0.989876 -0.00872821
1.71665 2.9266 -54.6292 -0.144936 -0.989411 -0.00773862
0.750551 3.06753 -54.3957 -0.147752 -0.988984 -0.00892146
-0.451303 3.24585 -54.043 -0.1507 -0.988513 -0.0114365
-1.31898 3.37467 -53.7231 -0.154744 -0.987881 -0.0120005
-2.42194 3.54338 -53.2748 -0.15562 -0.987755 -0.0110632
-3.60401 3.72267 -52.7271 -0.157457 -0.987371 -0.0166311
-4.51671 3.8588 -52.2444 -0.156099 -0.987584 -0.0176154
-5.35257 3.98087 -51.7224 -0.155427 -0.987629 -0.0207476
-6.0385 4.07474 -51.0322 -0.156328 -0.987481 -0.0210585
-5.14225 3.9346 -51.0764 -0.154527 -0.987777 -0.0204375
-4.20273 3.78843 -51.1282 -0.157403 -0.98728 -0.0223046
-3.30346 3.64034 -51.0464 -0.161481 -0.986688 -0.0192372
-2.27484 3.47305 -51.046 -0.159676 -0.986989 -0.0188849
-1.12556 3.29472 -51.2078 -0.153162 -0.987992 -0.0203235
-0.225257 3.15828 -51.3485 -0.151192 -0.988271 -0.0214765
1.09046 2.95771 -51.4201 -0.147206 -0.988702 -0.027652
2.0143 2.83036 -51.585 -0.142277 -0.989512 -0.0245343
3.09781 2.68013 -51.8065 -0.141616 -0.989666 -0.0224844
3.20418 2.63949 -50.8169 -0.139013 -0.989913 -0.0273076
4.26 2.50209 -50.9858 -0.13116 -0.99095 -0.0285529
5.33402 2.36576 -51.1944 -0.130903 -0.990934 -0.0302167
6.2623 2.24714 -51.337 -0.123438 -0.991832 -0.0311424
7.59001 2.1026 -51.6361 -0.111577 -0.99324 -0.0318577
8.64944 1.99123 -51.9454 -0.106242 -0.993978 -0.0255517
9.03237 1.9893 -53.3579 -0.100128 -0.994734 -0.0217297
9.06203 2.00999 -54.8219 -0.10219 -0.994686 -0.0124814
8.55225 2.07521 -55.989 -0.100853 -0.994866 -0.00817943
7.6474 2.17591 -56.0816 -0.114086 -0.993439 -0.00800961
6.70755 2.28082 -56.1063 -0.110178 -0.993909 -0.00225059
5.80959 2.38427 -56.0718 -0.125921 -0.992028 -0.004387
4.78674 2.51309 -56.0286 -0.128235 -0.991735 -0.00271791
3.60791 2.6666 -55.9865 -0.132874 -0.991085 -0.00811526
2.47777 2.8258 -55.8111 -0.142331 -0.989797 -0.00659664
1.19395 3.01169 -55.5282 -0.146492 -0.989205 -0.0035985
0.2901 3.14504 -55.2765 -0.15041 -0.988592 -0.00751193
-0.704229 3.29353 -54.9888 -0.151226 -0.988479 -0.00588357
-1.56824 3.42583 -54.6645 -0.153901 -0.988002 -0.0129377
-2.41191 3.55384 -54.3496 -0.15562 -0.987755 -0.0110635
-3.42103 3.70793 -53.9092 -0.155451 -0.987778 -0.011388
-4.30929 3.84097 -53.4649 -0.153106 -0.988144 -0.0113761
-5.48383 4.01556 -52.8432 -0.152518 -0.988239 -0.0110661
-6.61146 4.17971 -52.215 -0.145351 -0.98934 -0.00888675
-7.59437 4.31585 -51.6393 -0.139991 -0.990075 -0.0123738
-8.44409 4.4279 -51.0697 -0.136117 -0.990609 -0.0128246
-9.25455 4.53032 -50.4442 -0.137525 -0.99033 -0.0176924
-8.18593 4.37715 -50.3185 -0.140547 -0.989834 -0.0217627
-7.27781 4.24334 -50.1485 -0.142193 -0.989611 -0.0212418
-6.33023 4.09838 -50.0964 -0.154647 -0.987679 -0.0239496
-5.29779 3.93669 -50.0862 -0.154086 -0.987765 -0.0240191
-4.35448 3.78901 -50.083 -0.157403 -0.98728 -0.0223045
-3.10115 3.58386 -50.0874 -0.162399 -0.986316 -0.0284003
-1.5865 3.33857 -50.1494 -0.159569 -0.98683 -0.0265512
-0.543399 3.17773 -50.272 -0.153256 -0.987762 -0.0289695
0.701634 2.99037 -50.4155 -0.150575 -0.988135 -0.0302791
1.88298 2.81974 -50.5684 -0.140166 -0.989729 -0.028096
2.99952 2.66759 -50.7839 -0.140413 -0.989696 -0.028031
3.26989 2.6025 -49.8367 -0.141144 -0.98919 -0.0397559
2.13719 2.75566 -49.6202 -0.139077 -0.989784 -0.0314017
1.06765 2.9064 -49.4599 -0.149314 -0.988383 -0.0283596
-0.120923 3.08391 -49.3284 -0.153034 -0.987752 -0.0304499
-1.31364 3.26713 -49.1754 -0.159449 -0.986806 -0.0281054
-2.47086 3.45307 -49.1168 -0.159974 -0.986716 -0.0282844
-3.36183 3.59736 -49.1087 -0.160892 -0.986526 -0.0296135
-4.31337 3.75273 -49.0895 -0.160298 -0.986579 -0.0310686
-5.51073 3.94604 -49.105 -0.1565 -0.987282 -0.0276099
-6.93895 4.16914 -49.1425 -0.153578 -0.987797 -0.0258918
-7.90594 4.31119 -49.1891 -0.140851 -0.989658 -0.0269934
-9.02063 4.46741 -49.209 -0.137065 -0.990228 -0.0257369
-9.97128 4.59922 -49.1652 -0.139321 -0.989926 -0.0252191
-11.0524 4.73486 -49.0995 -0.112689 -0.993352 -0.0235273
-12.4951 4.89191 -49.033 -0.106826 -0.994046 -0.0214564
-13.3969 4.98568 -49.0033 -0.0816397 -0.996245 -0.0287256
-12.6969 4.92594 -49.5862 -0.107178 -0.993981 -0.0226972
-11.2898 4.78604 -50.4206 -0.117505 -0.992938 -0.0156749
-10.5107 4.69799 -50.8855 -0.123397 -0.992247 -0.0146089
-9.52155 4.58202 -51.544 -0.130223 -0.991382 -0.0131431
-8.7516 4.48288 -52.1073 -0.136529 -0.990563 -0.0120271
-7.86306 4.36455 -52.6319 -0.141471 -0.989908 -0.00819746
-6.82153 4.21893 -53.2233 -0.145524 -0.989325 -0.00759499
-6.04031 4.10678 -53.6721 -0.148393 -0.9889 -0.00716941
-5.0873 3.96528 -54.181 -0.150695 -0.988553 -0.0073965
-4.2447 3.83977 -54.5959 -0.152065 -0.988358 -0.00502385
-2.961 3.64503 -55.1779 -0.152275 -0.988324 -0.00520603
-1.66047 3.44646 -55.6815 -0.153695 -0.988099 -0.00619686
-0.787628 3.31335 -56.0228 -0.153281 -0.988161 -0.00657222
0.353287 3.14096 -56.315 -0.149181 -0.988796 -0.00518929
1.38687 2.98701 -56.598 -0.144116 -0.989546 -0.00478621
2.56845 2.81687 -56.8178 -0.143816 -0.989592 0.00487236
3.45933 2.68883 -56.9524 -0.133813 -0.990977 0.00458346
4.4708 2.55785 -57.0187 -0.129847 -0.99153 -0.000373359
5.39468 2.4381 -57.0519 -0.12825 -0.991741 0.00119378
6.47428 2.30914 -57.0849 -0.110481 -0.993875 -0.00265446
7.64197 2.17998 -57.0633 -0.108723 -0.994072 0.000328865
8.94813 2.04095 -56.9915 -0.102 -0.994784 0.000512756
9.85981 1.94927 -56.8716 -0.098621 -0.995119 -0.00213437
10.1347 1.91357 -55.9058 -0.0983696 -0.99509 -0.0109579
10.0058 1.90796 -54.4722 -0.0945024 -0.995423 -0.0142201
10.0104 1.89485 -53.5468 -0.101278 -0.99472 -0.0162516
10.0348 1.86782 -52.4996 -0.0982915 -0.994881 -0.0234465
9.97355 1.84313 -51.3392 -0.0992928 -0.994674 -0.0276453
9.17989 1.91084 -50.9108 -0.0983067 -0.994625 -0.0321251
8.13467 2.01329 -50.7002 -0.10829 -0.993611 -0.0317882
7.00286 2.13404 -50.5016 -0.114863 -0.992868 -0.0319271
5.82159 2.27267 -50.2706 -0.131012 -0.990886 -0.0313317
4.5989 2.42799 -50.0334 -0.133208 -0.990625 -0.0303003
3.38741 2.58626 -49.85 -0.141144 -0.98919 -0.0397561
3.58695 2.51914 -48.8724 -0.142269 -0.989101 -0.037941
4.74829 2.36781 -49.0528 -0.128715 -0.990826 -0.0411825
5.70385 2.25139 -49.2191 -0.126566 -0.991085 -0.0416129
6.58384 2.14406 -49.3905 -0.122357 -0.991908 -0.032689
7.788 2.01545 -49.6514 -0.111704 -0.993146 -0.034341
8.91771 1.89679 -49.8417 -0.103669 -0.993949 -0.035659
9.83479 1.81452 -50.0404 -0.0978265 -0.994457 -0.0385388
10.7702 1.7336 -50.2607 -0.0896539 -0.995307 -0.0364016
11.0867 1.73804 -51.4449 -0.0860852 -0.996023 -0.0229762
11.0134 1.77085 -52.4875 -0.0960665 -0.995044 -0.0254966
10.9682 1.80131 -53.4808 -0.0956918 -0.995285 -0.0158535
11.0279 1.81746 -54.9298 -0.0956695 -0.995343 -0.0113675
11.178 1.81309 -56.1253 -0.0910148 -0.995776 -0.0104526
11.4241 1.79858 -57.3322 -0.0895544 -0.995964 -0.00597202
10.2758 1.90861 -57.9162 -0.0965439 -0.995327 -0.00117314
9.15133 2.01959 -58.0066 -0.101319 -0.994853 0.00104183
8.09729 2.12619 -58.0192 -0.106266 -0.994315 0.00325286
6.93087 2.25744 -58.0395 -0.110309 -0.99389 0.00263227
5.71755 2.39453 -58.0373 -0.120206 -0.992709 0.00417346
4.60181 2.53822 -57.9801 -0.127906 -0.991782 0.00285162
3.56032 2.6734 -57.9127 -0.12912 -0.991626 0.00175462
2.507 2.82004 -57.8217 -0.14453 -0.989477 0.00673258
1.25379 3.00385 -57.5926 -0.143468 -0.989647 0.00398906
0.133637 3.17097 -57.2899 -0.147674 -0.989012 0.00696619
-0.938021 3.33433 -57.0012 -0.148739 -0.988859 0.00583884
-1.94111 3.49007 -56.6334 -0.152657 -0.988254 0.0071066
-3.11028 3.66972 -56.1747 -0.148673 -0.98888 0.0036626
-4.06572 3.81451 -55.7551 -0.147874 -0.989001 0.00321061
-5.22848 3.99025 -55.2107 -0.146777 -0.989166 0.00156669
-6.39888 4.161 -54.6023 -0.143094 -0.989709 0.000621205
-7.6183 4.33714 -53.9045 -0.139146 -0.990268 -0.000330219
-8.6423 4.47632 -53.3377 -0.131151 -0.991361 -0.00166414
-9.43587 4.57894 -52.8692 -0.128655 -0.991674 -0.00552476
-10.7241 4.73627 -51.9547 -0.123991 -0.992244 -0.00881816
-11.8175 4.85783 -51.3159 -0.110829 -0.993794 -0.00949505
-12.7278 4.95442 -50.8006 -0.103679 -0.994559 -0.00656419
-13.6306 5.0277 -50.2983 -0.0864378 -0.996135 -0.0156358
-14.5225 5.09373 -49.8442 -0.0809157 -0.996542 -0.0188702
-15.4933 5.15219 -49.2585 -0.0641102 -0.997612 -0.0251556
-16.4058 5.1924 -48.6465 -0.0642953 -0.99747 -0.0303257
-17.1734 5.20621 -48.1037 -0.0402929 -0.998611 -0.0339375
-16.6181 5.17184 -47.8096 -0.0369373 -0.998566 -0.0382967
-15.5918 5.11709 -47.8882 -0.0642694 -0.997503 -0.0292666
-14.6914 5.0587 -47.87 -0.0719997 -0.996962 -0.0285832
-13.6924 4.97956 -47.9908 -0.0833614 -0.996057 -0.030359
-12.7966 4.89686 -48.0419 -0.101053 -0.994423 -0.030179
-11.6326 4.7734 -48.079 -0.119142 -0.992287 -0.0342222
-10.3266 4.61816 -48.1183 -0.128435 -0.991133 -0.0326432
-9.16933 4.4572 -48.164 -0.13891 -0.989764 -0.032715
-8.19607 4.32114 -48.1515 -0.140178 -0.989532 -0.0341978
-7.15069 4.17203 -48.1559 -0.149078 -0.988111 -0.0367314
-5.76897 3.95068 -48.1167 -0.156972 -0.986925 -0.0365757
-4.31115 3.71921 -48.1134 -0.15625 -0.987057 -0.0361046
-2.87577 3.49024 -48.1235 -0.160038 -0.986706 -0.0282876
-1.57851 3.279 -48.1476 -0.161456 -0.986182 -0.0370519
-0.583975 3.12335 -48.2869 -0.161137 -0.986179 -0.038495
0.631982 2.94083 -48.4649 -0.150184 -0.988179 -0.0306497
1.824 2.76326 -48.5507 -0.148142 -0.987873 -0.046078
2.76627 2.63308 -48.7392 -0.145534 -0.988672 -0.0366988
3.24519 2.56643 -48.8238 -0.142269 -0.989101 -0.0379408
3.27949 2.51989 -47.8152 -0.138665 -0.989288 -0.0455578
4.38589 2.3696 -47.9598 -0.142013 -0.989151 -0.0375829
5.36218 2.24954 -48.1258 -0.128423 -0.990844 -0.0416645
6.727 2.0875 -48.4298 -0.126675 -0.991067 -0.0417111
7.93831 1.96583 -48.691 -0.111014 -0.993003 -0.0397283
8.93521 1.86409 -48.8846 -0.1035 -0.99413 -0.0315084
9.90128 1.77051 -49.0736 -0.0942722 -0.994851 -0.0369957
11.3895 1.64419 -49.3508 -0.0886645 -0.995323 -0.0382123
12.2618 1.58306 -49.6293 -0.0820021 -0.995807 -0.0405514
12.2234 1.62488 -50.8103 -0.0843663 -0.995817 -0.0347153
12.0433 1.66938 -51.9388 -0.0817437 -0.996311 -0.0261046
11.988 1.70325 -53.1696 -0.0813487 -0.996456 -0.0212689
11.985 1.72417 -54.462 -0.0815629 -0.996563 -0.014434
12.1249 1.7264 -55.6652 -0.0851933 -0.996287 -0.0123906
12.3536 1.71291 -56.7362 -0.0848352 -0.996375 -0.00556779
12.6059 1.69843 -57.7644 -0.0823566 -0.996588 -0.00547327
12.4488 1.71474 -58.7025 -0.0837765 -0.996484 0.000901544
11.2152 1.82384 -58.8541 -0.0932379 -0.995633 0.000203995
10.2923 1.90942 -58.9052 -0.0940461 -0.99556 -0.00341333
8.97224 2.03385 -59.0125 -0.0932238 -0.995645 0.000387224
7.59185 2.17838 -59.0391 -0.110513 -0.993868 0.00322561
6.25074 2.32999 -59.0596 -0.11281 -0.993607 0.00435074
5.13222 2.46546 -59.0172 -0.127104 -0.991873 0.00567572
4.01698 2.60854 -58.9151 -0.129567 -0.991527 0.00840342
2.76876 2.77654 -58.8387 -0.131226 -0.991321 0.00570995
1.45949 2.96692 -58.6362 -0.144252 -0.989514 0.00727472
0.336144 3.13168 -58.381 -0.14499 -0.989346 0.0125514
-0.763404 3.30102 -58.0807 -0.147658 -0.988946 0.0134663
-2.17929 3.51997 -57.5922 -0.151609 -0.98842 0.00630057
-3.20467 3.67965 -57.2064 -0.147717 -0.988935 0.0136551
-4.46304 3.8699 -56.653 -0.144909 -0.989391 0.0103466
-5.33815 4.00151 -56.2507 -0.144273 -0.989493 0.00947332
-6.31528 4.14549 -55.7701 -0.138629 -0.990309 0.00840059
-7.48703 4.3145 -55.1259 -0.137977 -0.990406 0.00757347
-8.41162 4.44664 -54.5873 -0.130411 -0.991437 0.00568132
-9.54108 4.59352 -53.9578 -0.12741 -0.991849 0.00151454
-10.6021 4.73041 -53.2125 -0.126192 -0.992003 0.00220942
-11.3937 4.82121 -52.7245 -0.114627 -0.993386 -0.00676252
-12.7093 4.95699 -51.9941 -0.0965299 -0.995323 -0.00363306
-13.4909 5.03109 -51.5287 -0.0915212 -0.995755 -0.00751037
-14.4104 5.10518 -51.0061 -0.0813143 -0.996559 -0.0145975
-15.264 5.161 -50.5129 -0.0752493 -0.997024 -0.0167095
-16.3028 5.21605 -49.9178 -0.0608226 -0.998 -0.0171966
-17.1476 5.24227 -49.3816 -0.0324684 -0.999178 -0.024241
-17.9079 5.25434 -48.8936 -0.0318847 -0.999169 -0.0253764
-19.0168 5.25302 -48.1256 -0.0119988 -0.99897 -0.0437586
-19.9304 5.22584 -47.5029 0.00236961 -0.999058 -0.0433191
-20.0258 5.192 -46.7614 0.00154412 -0.998902 -0.0468202
-18.5448 5.18941 -46.804 -0.00864541 -0.998833 -0.0475238
-17.5347 5.16838 -46.8352 -0.0369374 -0.998566 -0.0382959
-16.1878 5.12555 -46.8699 -0.0342023 -0.998567 -0.0406366
-15.2649 5.06231 -46.8976 -0.0706939 -0.996681 -0.0403608
-13.9845 4.96894 -46.9627 -0.0837379 -0.995845 -0.0357952
-12.9635 4.88544 -47.0363 -0.0920767 -0.995203 -0.0317683
-11.9316 4.77371 -47.0716 -0.115683 -0.992667 -0.0350759
-10.8233 4.64218 -47.1081 -0.122484 -0.991716 -0.0386992
-9.86479 4.51999 -47.1241 -0.137646 -0.989814 -0.0363647
-8.94958 4.39237 -47.1356 -0.13891 -0.989764 -0.0327142
-7.89793 4.24262 -47.1587 -0.142391 -0.989175 -0.0354709
-6.7505 4.07059 -47.1511 -0.156683 -0.986963 -0.0368102
-5.77367 3.91529 -47.1387 -0.156443 -0.987013 -0.036474
-4.55205 3.72224 -47.1539 -0.15805 -0.986648 -0.0391887
-3.08547 3.48816 -47.1027 -0.156211 -0.987037 -0.0368196
-1.50664 3.23077 -47.1753 -0.163057 -0.985908 -0.0373857
-0.430744 3.05846 -47.3038 -0.156643 -0.986824 -0.0400543
0.742161 2.88195 -47.4654 -0.155228 -0.986811 -0.0458902
1.92205 2.70331 -47.5808 -0.148142 -0.987873 -0.0460777
2.68261 2.60052 -47.7151 -0.141204 -0.988937 -0.0454439
2.9218 2.5219 -46.7474 -0.140901 -0.988956 -0.0459657
1.94824 2.65355 -46.6038 -0.147348 -0.98797 -0.0464443
0.980136 2.7991 -46.4845 -0.153952 -0.986996 -0.0462278
-0.0176782 2.95191 -46.3553 -0.157447 -0.986555 -0.0438153
-1.19935 3.1365 -46.2092 -0.163277 -0.985581 -0.0443528
-2.51515 3.35167 -46.0882 -0.163959 -0.985393 -0.045964
-3.62964 3.53364 -46.0977 -0.155229 -0.986894 -0.0439885
-4.83224 3.72391 -46.1255 -0.159669 -0.986281 -0.0419018
-5.762 3.87565 -46.1545 -0.159218 -0.986357 -0.0418348
-7.07954 4.08548 -46.169 -0.156079 -0.987012 -0.0380402
-8.61565 4.30935 -46.1286 -0.140136 -0.989479 -0.035877
-9.70107 4.46085 -46.1374 -0.137217 -0.989797 -0.0383556
-10.6338 4.5808 -46.1157 -0.123269 -0.991689 -0.0368587
-11.7661 4.71749 -46.07 -0.118608 -0.992213 -0.0380239
-13.1575 4.86144 -46.0215 -0.087499 -0.99513 -0.0451311
-14.6875 4.98221 -45.93 -0.0786484 -0.99589 -0.0449133
-15.9429 5.06194 -45.8964 -0.0466885 -0.997464 -0.0537198
-17.2432 5.11618 -45.8683 -0.0354914 -0.99825 -0.0473077
-18.7357 5.14592 -45.7688 -0.00696872 -0.999197 -0.0394552
-19.7916 5.13156 -45.6918 0.0106518 -0.998199 -0.0590354
-20.9419 5.11635 -45.6422 0.0141583 -0.997822 -0.0641319
-22.4181 5.04988 -45.6758 0.0489738 -0.997198 -0.0565503
-23.0786 5.04116 -46.1053 0.0581164 -0.996125 -0.0649226
-22.2583 5.12345 -46.8377 0.0511706 -0.997103 -0.0562535
-21.3712 5.21139 -47.603 0.0360439 -0.998037 -0.0488928
-20.5536 5.25646 -48.243 0.0135963 -0.999002 -0.0409744
-19.8137 5.28189 -48.7853 0.00257159 -0.999049 -0.0435289
-18.6282 5.29458 -49.6061 -0.030835 -0.999262 -0.0228935
-17.6975 5.27937 -50.2195 -0.0319199 -0.99924 -0.0223594
-16.9025 5.26527 -50.7241 -0.0323488 -0.999218 -0.0227288
-16.0773 5.2209 -51.1952 -0.0619161 -0.998018 -0.0112713
-14.941 5.15881 -51.8538 -0.0608694 -0.99811 -0.0071243
-14.0059 5.08174 -52.4056 -0.0824899 -0.996582 -0.00263719
-13.0731 5.00296 -52.9543 -0.099547 -0.994938 -0.0137314
-11.9405 4.88072 -53.5881 -0.116253 -0.993217 0.00233244
-10.8722 4.75878 -54.2306 -0.111141 -0.993798 0.00359582
-10.0773 4.65934 -54.7391 -0.125815 -0.992047 0.00364504
-9.08546 4.53098 -55.3368 -0.130411 -0.991436 0.00568122
-8.06975 4.3894 -55.9472 -0.135586 -0.990731 0.00789976
-6.93153 4.225 -56.5675 -0.138648 -0.990306 0.00840246
-5.63586 4.03585 -57.1975 -0.142093 -0.989804 0.00967355
-4.28817 3.8323 -57.7999 -0.144909 -0.989391 0.0103466
-3.43438 3.70048 -58.1701 -0.147383 -0.988984 0.0137509
-2.23113 3.51354 -58.6281 -0.149341 -0.98868 0.0144296
-1.178 3.34944 -58.988 -0.147541 -0.988948 0.0145372
-0.0217209 3.17347 -59.3151 -0.147658 -0.988946 0.0134664
0.880749 3.03904 -59.5174 -0.143777 -0.989486 0.0156579
2.02056 2.87021 -59.7174 -0.139547 -0.990123 0.0123504
3.09761 2.72225 -59.8251 -0.135684 -0.990683 0.0114532
4.14652 2.58504 -59.9242 -0.126844 -0.991867 0.0104899
5.04666 2.47096 -59.9932 -0.124983 -0.99213 0.00708325
6.24753 2.32592 -60.0598 -0.112724 -0.993616 0.00447472
7.63137 2.17094 -60.0476 -0.110119 -0.99388 0.0087566
8.80243 2.04708 -60.0232 -0.0957481 -0.99539 0.00556705
9.95604 1.93702 -59.957 -0.0953145 -0.995429 0.00608277
11.2072 1.81981 -59.8462 -0.0940262 -0.995555 0.00530348
12.6385 1.69786 -59.7366 -0.0838008 -0.996482 0.000881239
13.7205 1.61058 -59.6407 -0.0785824 -0.996904 0.00177416
13.828 1.60601 -58.3693 -0.0771202 -0.997003 -0.00260328
13.443 1.62579 -57.1349 -0.0798297 -0.996781 -0.0067996
13.1575 1.64201 -55.8014 -0.0748657 -0.997146 -0.00813299
13.0496 1.6399 -54.7209 -0.0821584 -0.996528 -0.0134929
13.1004 1.62261 -53.7525 -0.0815629 -0.996563 -0.0144341
13.0001 1.60732 -52.5818 -0.0807272 -0.996456 -0.0236253
13.0924 1.57949 -51.6877 -0.0779244 -0.996633 -0.0254909
13.3208 1.52761 -50.5177 -0.0795774 -0.996293 -0.0326628
13.6106 1.47431 -49.5681 -0.0729714 -0.996606 -0.03811
13.2931 1.46815 -48.7776 -0.0743546 -0.996536 -0.0372479
12.3052 1.53334 -48.4961 -0.0837164 -0.995721 -0.0390704
11.2197 1.61983 -48.3339 -0.0888793 -0.99511 -0.0428973
9.77366 1.74172 -48.0381 -0.0987938 -0.994281 -0.0399216
8.27131 1.8876 -47.7627 -0.104081 -0.993587 -0.0441723
7.24351 1.98959 -47.5471 -0.110345 -0.993002 -0.0419384
6.04188 2.12316 -47.258 -0.126084 -0.990972 -0.0455685
4.95093 2.25635 -47.0475 -0.12774 -0.990588 -0.0488633
4.01692 2.37595 -46.8941 -0.136126 -0.989638 -0.0456719
3.31756 2.46818 -46.8082 -0.138665 -0.989288 -0.0455579
3.41566 2.40189 -45.8134 -0.141317 -0.988442 -0.054731
4.40848 2.27222 -45.9601 -0.138149 -0.988954 -0.0536799
5.51769 2.13612 -46.164 -0.125859 -0.990574 -0.0540597
6.42897 2.03089 -46.3572 -0.121051 -0.99103 -0.0563652
7.9126 1.87916 -46.7329 -0.113785 -0.991917 -0.0560382
8.9731 1.77129 -46.8634 -0.106982 -0.993035 -0.0493661
9.88293 1.68269 -47.0368 -0.0886745 -0.994735 -0.051364
10.9957 1.59445 -47.249 -0.090811 -0.994751 -0.046908
11.9052 1.52135 -47.4226 -0.0864353 -0.995247 -0.044853
12.9335 1.44649 -47.5229 -0.0661209 -0.996833 -0.0441925
14.0991 1.36847 -47.5989 -0.0662539 -0.997194 -0.0348445
15.2709 1.29181 -47.633 -0.0662247 -0.997195 -0.0348803
14.8521 1.36623 -48.9646 -0.066306 -0.997169 -0.0354491
14.5084 1.42745 -50.0266 -0.0652258 -0.997189 -0.0368533
14.1387 1.48928 -51.2653 -0.0651064 -0.997543 -0.0256345
14.0001 1.52019 -52.1836 -0.0669301 -0.997471 -0.0239022
13.9727 1.54594 -53.3234 -0.0767974 -0.996805 -0.0219611
13.9993 1.56327 -54.5636 -0.0741884 -0.997194 -0.0100382
14.0792 1.56969 -55.6198 -0.0671641 -0.997698 -0.00940859
14.3533 1.55884 -56.8062 -0.0710561 -0.997462 -0.00460277
14.6616 1.54151 -57.7811 -0.0707823 -0.997477 -0.005414
15.0004 1.52286 -58.6842 -0.0692992 -0.997587 -0.00286391
15.3992 1.4971 -59.5938 -0.0611865 -0.998126 2.47441e-05
15.8506 1.46706 -60.3889 -0.0625774 -0.998029 0.00456879
14.5263 1.5525 -60.6096 -0.0701293 -0.997528 0.00455167
13.5147 1.62502 -60.6923 -0.0805734 -0.996747 0.00195432
12.4191 1.71365 -60.7442 -0.0823518 -0.996599 0.00233477
11.2593 1.81022 -60.8149 -0.0825325 -0.996581 0.00385078
9.91099 1.93535 -60.9493 -0.0920621 -0.995708 0.00884618
8.99867 2.02314 -61.0033 -0.0961812 -0.995351 0.00505119
7.92421 2.12967 -61.0492 -0.111046 -0.993784 0.00778186
6.79673 2.25675 -61.0446 -0.112937 -0.993578 0.00687781
5.57168 2.39537 -61.0171 -0.11737 -0.992982 0.0126288
4.1924 2.56874 -60.9108 -0.124913 -0.992119 0.00961819
3.05039 2.71693 -60.8224 -0.128345 -0.991682 0.00974513
2.16245 2.83833 -60.7174 -0.136164 -0.99059 0.0138326
1.2406 2.97003 -60.5756 -0.143785 -0.989486 0.0156223
-0.130265 3.17276 -60.3102 -0.144002 -0.98943 0.0170215
-1.12598 3.32351 -60.0411 -0.143034 -0.989535 0.0189978
-2.08133 3.46947 -59.7318 -0.146532 -0.988981 0.0210946
-2.98103 3.60895 -59.4152 -0.144013 -0.989356 0.0208494
-4.30918 3.81402 -58.8688 -0.143878 -0.989368 0.0212261
-5.48942 3.9951 -58.3423 -0.139349 -0.990065 0.0186601
-6.37102 4.12484 -57.9444 -0.136721 -0.990439 0.0183617
-7.36324 4.26993 -57.4595 -0.136083 -0.990538 0.0177984
-8.16958 4.38579 -57.0265 -0.127413 -0.991704 0.0169825
-9.04866 4.50774 -56.5197 -0.127034 -0.991739 0.0177439
-9.85509 4.61905 -56.0361 -0.124014 -0.992156 0.0153699
-10.9647 4.75923 -55.3331 -0.108634 -0.993964 0.0151517
-12.041 4.88235 -54.7028 -0.105156 -0.994317 0.0163369
-13.0543 5.00236 -54.1227 -0.0960361 -0.99514 0.0187777
-14.0775 5.0919 -53.5603 -0.0782792 -0.996875 0.00527885
-14.9448 5.15577 -53.0176 -0.0666783 -0.997769 0.00339295
-15.9567 5.22186 -52.3998 -0.0605984 -0.998159 -0.00253164
-17.082 5.28856 -51.76 -0.0467812 -0.998711 -0.0135008
-18.3433 5.31701 -50.9799 -0.0323452 -0.999283 -0.0194491
-19.1433 5.32811 -50.4408 -0.0268565 -0.999404 -0.0216867
-20.0758 5.32666 -49.7994 0.0109101 -0.999024 -0.0417711
-20.8086 5.29129 -49.2617 0.0190675 -0.99908 -0.0383949
-21.8234 5.24111 -48.5384 0.0334917 -0.998164 -0.0487635
-22.531 5.17399 -47.964 0.0519067 -0.996933 -0.0585696
-23.4616 5.07185 -47.2128 0.0890694 -0.995015 -0.0448626
-24.245 4.95934 -46.5577 0.109484 -0.990995 -0.0770842
-24.9878 4.82989 -45.997 0.118049 -0.989752 -0.0802673
-25.7302 4.64253 -44.8396 0.122913 -0.989267 -0.0787997
-24.567 4.78853 -44.8055 0.126333 -0.989217 -0.0740975
-23.3984 4.9078 -44.6974 0.108033 -0.991239 -0.0759636
-22.4827 4.97456 -44.6659 0.066258 -0.995085 -0.0735884
-21.4817 5.03967 -44.6751 0.0330028 -0.997376 -0.0621872
-19.8997 5.07155 -44.6952 0.0188637 -0.998731 -0.0465679
-18.8575 5.09005 -44.7434 0.0150688 -0.998723 -0.0482173
-17.8213 5.08765 -44.8486 -0.0354629 -0.998204 -0.0482841
-16.6608 5.03868 -44.8922 -0.0526297 -0.997086 -0.0552245
-15.691 4.99294 -44.9087 -0.0477501 -0.997051 -0.0600737
-14.3692 4.91369 -44.9545 -0.0787822 -0.99593 -0.0437772
-13.1922 4.81656 -45.0138 -0.0914171 -0.994733 -0.0463523
-12.1322 4.72121 -45.0573 -0.104767 -0.993379 -0.0451088
-11.1355 4.60429 -45.101 -0.116967 -0.992198 -0.0431239
-10.2187 4.48807 -45.132 -0.128117 -0.990882 -0.0416923
-9.126 4.34101 -45.1347 -0.13881 -0.989372 -0.0431239
-8.14235 4.20027 -45.1481 -0.145491 -0.988304 -0.0456848
-7.02506 4.03749 -45.1873 -0.152249 -0.987289 -0.0451409
-6.05259 3.88169 -45.1998 -0.158908 -0.986295 -0.0443949
-4.78134 3.6734 -45.1477 -0.160054 -0.986098 -0.0446434
-3.88991 3.52943 -45.1307 -0.157024 -0.986501 -0.0464764
-2.89563 3.36648 -45.1052 -0.162742 -0.98549 -0.0482097
-1.69456 3.17029 -45.1613 -0.163694 -0.985319 -0.0484911
-0.572887 2.99234 -45.2965 -0.157735 -0.986073 -0.0527211
0.590321 2.81099 -45.4233 -0.162032 -0.985633 -0.0476692
1.51282 2.66992 -45.5388 -0.151564 -0.987171 -0.050227
2.68377 2.50405 -45.7135 -0.145288 -0.987904 -0.0541965
3.27275 2.42181 -45.7933 -0.145288 -0.987904 -0.0541963
3.32693 2.35773 -44.7942 -0.142457 -0.98803 -0.0591752
2.18336 2.51373 -44.6398 -0.15005 -0.986953 -0.0579097
0.882005 2.71126 -44.4433 -0.158546 -0.985841 -0.0545891
-0.300305 2.89553 -44.3191 -0.160056 -0.985611 -0.0543482
-1.38657 3.06823 -44.2009 -0.165646 -0.984769 -0.0528297
-2.35152 3.22636 -44.1288 -0.16509 -0.984806 -0.0538706
-3.43965 3.40891 -44.1375 -0.163739 -0.985173 -0.0511328
-4.6346 3.60426 -44.1516 -0.160285 -0.986052 -0.0448285
-5.52957 3.75165 -44.1935 -0.160054 -0.986098 -0.0446434
-6.78988 3.95609 -44.2136 -0.158908 -0.986295 -0.0443945
-8.24425 4.16965 -44.1567 -0.143085 -0.988713 -0.0443168
-9.36389 4.32895 -44.1515 -0.141054 -0.988922 -0.0462296
-10.7569 4.51861 -44.1234 -0.122523 -0.991624 -0.0402157
-11.8491 4.64302 -44.0566 -0.116967 -0.992198 -0.043124
-13.3426 4.78325 -44.0023 -0.0913219 -0.994746 -0.0462614
-14.4379 4.87469 -43.962 -0.0846013 -0.995522 -0.0421783
-15.4206 4.93021 -43.9354 -0.0514948 -0.99787 -0.0400521
-16.5184 4.98335 -43.9016 -0.0453361 -0.99814 -0.0407485
-17.5082 5.02763 -43.8851 -0.0489834 -0.997613 -0.0479863
-18.4348 5.03523 -43.7796 -0.00608771 -0.998431 -0.0556649
-19.8874 5.01914 -43.6916 0.0188436 -0.998054 -0.0594439
-20.8579 4.99624 -43.6907 0.0432015 -0.997245 -0.0603058
-21.7713 4.95573 -43.6932 0.0603312 -0.995916 -0.0663484
-22.9723 4.8737 -43.6968 0.0677448 -0.99526 -0.0697722
-23.9066 4.78436 -43.7176 0.110779 -0.991747 -0.0645457
-25.0604 4.6251 -43.7473 0.152887 -0.9833 -0.0982116
-25.9871 4.49093 -43.8057 0.157852 -0.981796 -0.105245
-27.0876 4.34377 -44.185 0.168575 -0.980702 -0.0989238
-27.2401 4.41205 -45.1852 0.17905 -0.979357 -0.0938164
-26.4059 4.64332 -46.1222 0.163492 -0.982728 -0.0866977
-25.3108 4.86612 -46.9556 0.117141 -0.990205 -0.0759693
-24.3932 5.02986 -47.7656 0.0914237 -0.993334 -0.0689317
-23.5569 5.14066 -48.4798 0.064213 -0.996483 -0.0538342
-22.7749 5.22078 -49.0617 0.0570439 -0.997269 -0.0463
-21.7229 5.29281 -49.8356 0.0227217 -0.999184 -0.0333804
-20.78 5.33702 -50.5031 0.0188182 -0.999429 -0.0269287
-20.0033 5.36001 -51.0449 -0.00396658 -0.999627 -0.0182095
-18.8167 5.34209 -51.8389 -0.0253858 -0.999595 -0.0128802
-17.9863 5.32497 -52.3707 -0.0290642 -0.999501 -0.0124056
-17.1904 5.29907 -52.8318 -0.0608488 -0.998144 0.00263272
-16.0711 5.2301 -53.4627 -0.0607403 -0.998153 0.000579858
-14.9052 5.1559 -54.2326 -0.0796751 -0.996738 0.00262815
-13.9753 5.06678 -54.7501 -0.0836688 -0.996397 0.0120826
-13.0489 4.97975 -55.2938 -0.0960368 -0.995139 0.0187778
-12.1855 4.88226 -55.7777 -0.10329 -0.994553 0.0139667
-11.2596 4.77586 -56.3084 -0.110443 -0.993685 0.0195493
-10.2967 4.65507 -56.9165 -0.116527 -0.992887 0.02361
-9.03248 4.48019 -57.6743 -0.1231 -0.992097 0.0242922
-7.95109 4.33017 -58.2782 -0.124057 -0.991964 0.0248343
-6.65597 4.14037 -58.8981 -0.133617 -0.990675 0.0266458
-5.39599 3.95504 -59.4541 -0.137004 -0.990182 0.0275848
-4.22936 3.77363 -59.98 -0.140808 -0.989561 0.0306834
-3.24088 3.62191 -60.3726 -0.139375 -0.989769 0.0305287
-2.18903 3.46117 -60.7275 -0.141694 -0.989458 0.0299288
-1.25559 3.31939 -61.0457 -0.139892 -0.989722 0.0296889
-0.0868826 3.14704 -61.3288 -0.138974 -0.989911 0.0275978
0.928842 2.99949 -61.5322 -0.137498 -0.990236 0.0228915
2.20506 2.81616 -61.7179 -0.135681 -0.990549 0.0196275
3.39061 2.65808 -61.8672 -0.128804 -0.991515 0.0175366
4.45985 2.52266 -61.9183 -0.123859 -0.992198 0.0141908
5.53106 2.38785 -61.986 -0.11737 -0.992981 0.0126284
6.48537 2.28076 -62.0461 -0.110784 -0.993752 0.0135907
7.49418 2.16904 -62.0666 -0.111048 -0.993745 0.0115295
8.40302 2.07252 -62.0364 -0.0996167 -0.994999 0.00726332
9.47246 1.96783 -61.9588 -0.0975755 -0.995177 0.0101275
10.5002 1.87064 -61.8736 -0.0905249 -0.995822 0.0120049
11.5624 1.77865 -61.7789 -0.0839963 -0.996401 0.0114196
12.7575 1.68005 -61.7184 -0.0821012 -0.99657 0.0103212
13.7597 1.60057 -61.6743 -0.0695793 -0.997559 0.00588375
14.9967 1.51477 -61.5926 -0.0706896 -0.997455 0.00875116
15.9169 1.45455 -61.6222 -0.0638944 -0.997926 0.00786662
17.3307 1.37112 -61.6691 -0.0525368 -0.99858 0.00883408
17.5351 1.3662 -60.894 -0.0557697 -0.998433 0.0046167
16.9628 1.40138 -60.1391 -0.0550804 -0.998477 0.003225
16.4001 1.43576 -59.316 -0.0615307 -0.998105 -0.00071853
15.9354 1.4632 -58.3896 -0.0618749 -0.998083 -0.00146196
15.4043 1.4892 -56.9698 -0.0610107 -0.998116 -0.00645684
15.1763 1.50013 -56.0894 -0.0673238 -0.997689 -0.00920663
14.9666 1.49773 -54.6535 -0.0674323 -0.997616 -0.0146657
14.9221 1.48456 -53.4946 -0.0603321 -0.998023 -0.0176186
15.0091 1.45131 -52.0876 -0.0645405 -0.997667 -0.0222502
15.2094 1.41265 -51.0543 -0.0644732 -0.997531 -0.0278062
15.5972 1.35555 -49.9742 -0.0589444 -0.997608 -0.0356958
16.0537 1.28836 -48.7297 -0.0542492 -0.997934 -0.0344253
16.7179 1.20905 -47.5273 -0.0451897 -0.998011 -0.0439427
16.7757 1.16295 -46.5399 -0.0421776 -0.99825 -0.0412416
15.8646 1.21173 -46.5168 -0.0548692 -0.997595 -0.0423417
14.9641 1.26548 -46.5738 -0.0676767 -0.996592 -0.0471315
13.8952 1.33714 -46.568 -0.0670811 -0.99656 -0.0486731
12.9289 1.40055 -46.4956 -0.0702275 -0.996371 -0.0480835
11.8807 1.47569 -46.3863 -0.081529 -0.995406 -0.0501923
10.6471 1.57121 -46.1838 -0.0879217 -0.994871 -0.0500079
9.58437 1.65752 -45.9447 -0.0983062 -0.994032 -0.0472787
8.65506 1.74762 -45.8013 -0.107308 -0.992767 -0.053831
7.49739 1.86517 -45.6069 -0.111306 -0.992352 -0.0533699
6.41499 1.97805 -45.3704 -0.127289 -0.990129 -0.0586197
5.36166 2.09895 -45.1462 -0.126305 -0.990396 -0.0562433
4.33991 2.22362 -44.9572 -0.139876 -0.988351 -0.0599772
3.58146 2.32353 -44.8346 -0.140995 -0.988234 -0.0592635
4.03871 2.20388 -43.9267 -0.142097 -0.988122 -0.0585164
2.94803 2.35011 -43.7467 -0.142108 -0.988128 -0.0583749
2.05652 2.47543 -43.6263 -0.15492 -0.986291 -0.0566047
1.11355 2.61971 -43.4939 -0.159102 -0.985485 -0.0592069
0.0811223 2.78107 -43.375 -0.160764 -0.985395 -0.0561262
-0.904409 2.9363 -43.265 -0.165305 -0.984786 -0.0535866
-2.01392 3.1172 -43.1741 -0.16453 -0.984802 -0.055633
-3.18057 3.31002 -43.1393 -0.164344 -0.984852 -0.0552865
-4.27501 3.4945 -43.141 -0.166467 -0.984548 -0.0543524
-5.4148 3.684 -43.1903 -0.158376 -0.986169 -0.0488561
-6.66377 3.88665 -43.2216 -0.15701 -0.986338 -0.0497955
-7.58476 4.02842 -43.1675 -0.150512 -0.987476 -0.0469778
-8.47572 4.15653 -43.1483 -0.139978 -0.989132 -0.0450006
-9.46529 4.29657 -43.1579 -0.138707 -0.989266 -0.0459668
-10.4938 4.44013 -43.1354 -0.131403 -0.990115 -0.0483864
-11.7674 4.58992 -43.0514 -0.108128 -0.993031 -0.0461891
-13.0467 4.7169 -42.9971 -0.0965617 -0.994347 -0.0436155
-14.0917 4.80513 -42.9899 -0.0740596 -0.996025 -0.0494899
-15.0148 4.86877 -42.9651 -0.0534297 -0.997626 -0.0434438
-16.0606 4.92284 -42.9289 -0.0484158 -0.998005 -0.0404004
-17.4101 4.96978 -42.8534 -0.0367824 -0.997808 -0.055008
-18.9222 4.97752 -42.6913 -0.00839036 -0.998261 -0.058245
-19.8953 4.95987 -42.6826 0.0177995 -0.998448 -0.0527664
-21.2057 4.91436 -42.6926 0.0506412 -0.996323 -0.0691086
-22.8008 4.82033 -42.7022 0.0702826 -0.995535 -0.0630156
-23.8856 4.6966 -42.7142 0.132841 -0.987037 -0.0900607
-25.2195 4.50692 -42.7202 0.154832 -0.984173 -0.0861344
-26.4989 4.30156 -42.8514 0.188582 -0.978051 -0.0886136
-27.5177 4.14543 -43.159 0.191253 -0.975416 -0.10948
-28.2099 4.07521 -43.7438 0.212528 -0.971019 -0.107228
-28.5248 4.12016 -44.8498 0.231303 -0.966696 -0.109452
-28.2222 4.27774 -45.6827 0.22288 -0.970255 -0.0944974
-27.6379 4.46177 -46.4648 0.175626 -0.980363 -0.0896853
-27.008 4.63188 -47.1241 0.164334 -0.982423 -0.0885226
-25.8629 4.86749 -47.8777 0.130725 -0.988716 -0.0731518
-25.0547 5.01613 -48.5911 0.105459 -0.992397 -0.0633204
-24.1558 5.14154 -49.2693 0.0648665 -0.996759 -0.0475883
-23.0721 5.24741 -50.067 0.0555852 -0.997593 -0.0406428
-22.2025 5.31343 -50.7192 0.0342805 -0.99866 -0.0367479
-21.1946 5.35106 -51.4255 0.0110634 -0.999692 -0.0222017
-20.0843 5.37793 -52.1669 -0.00766455 -0.999736 -0.0133222
-19.2962 5.36476 -52.6895 -0.0258172 -0.999629 -0.00718356
-18.1185 5.33361 -53.4488 -0.028839 -0.999581 -0.00245866
-16.9922 5.28509 -54.1169 -0.0559577 -0.998425 0.00412149
-16.0849 5.23007 -54.6535 -0.0629166 -0.997959 0.00797597
-15.0845 5.15593 -55.2733 -0.0754056 -0.996967 0.0158673
-14.1356 5.06776 -55.8068 -0.0839568 -0.9964 0.0117358
-13.1562 4.96656 -56.407 -0.0943899 -0.995306 0.0213708
-12.1805 4.85783 -56.9416 -0.102372 -0.994434 0.0249265
-11.0116 4.71742 -57.6133 -0.10788 -0.993857 0.0247133
-10.0521 4.59235 -58.2073 -0.121082 -0.992276 0.0269683
-9.12156 4.46338 -58.7693 -0.122057 -0.992144 0.0274016
-8.29335 4.34837 -59.2193 -0.124494 -0.99176 0.0300669
-7.2358 4.19387 -59.7238 -0.131068 -0.990842 0.032446
-6.24634 4.04818 -60.152 -0.131467 -0.990752 0.0335633
-5.27797 3.90447 -60.5993 -0.136369 -0.990104 0.0327659
-4.21877 3.73887 -61.0494 -0.141283 -0.989451 0.0320263
-3.16984 3.57925 -61.4457 -0.138461 -0.989874 0.0312485
-2.32571 3.4501 -61.7529 -0.141279 -0.98954 0.0291695
-1.33044 3.30129 -62.0495 -0.138328 -0.989978 0.0284345
-0.35903 3.15884 -62.2762 -0.137503 -0.99017 0.0254768
0.54007 3.03044 -62.4842 -0.136033 -0.990429 0.0233558
1.44853 2.9019 -62.6203 -0.135681 -0.990549 0.0196274
2.68767 2.73286 -62.8063 -0.131103 -0.991198 0.0183065
3.57734 2.61949 -62.886 -0.123234 -0.992147 0.0213968
4.96178 2.44587 -62.9471 -0.122828 -0.992345 0.0128469
6.08755 2.31153 -63.0232 -0.110453 -0.993782 0.0140182
7.08261 2.20158 -63.0787 -0.108782 -0.994001 0.011365
8.1846 2.08263 -63.0688 -0.105815 -0.99433 0.0105057
9.30349 1.97046 -62.9903 -0.0967917 -0.995198 0.0145906
10.4564 1.86276 -62.9288 -0.0870538 -0.996135 0.0117179
11.6652 1.75932 -62.7606 -0.0872164 -0.996133 0.0105049
12.5907 1.68317 -62.7294 -0.0808607 -0.996687 0.0087007
13.9779 1.57555 -62.6711 -0.0730016 -0.99728 0.00990097
14.9192 1.5085 -62.6103 -0.0681198 -0.997612 0.0107951
16.0729 1.43363 -62.6471 -0.0638645 -0.997904 0.0104429
17.1074 1.37433 -62.7228 -0.0524134 -0.998593 0.00801493
18.3946 1.30914 -62.7683 -0.0486937 -0.998742 0.0119739
19.5403 1.25677 -62.8162 -0.0416521 -0.99909 0.0091269
20.6995 1.21396 -62.6299 -0.0353276 -0.999343 0.00805311
21.7068 1.17964 -62.8137 -0.028246 -0.999543 0.0107051
21.0461 1.20645 -62.2239 -0.031241 -0.99944 0.011981
20.236 1.23739 -61.7557 -0.0332843 -0.999392 0.0100171
19.3096 1.27733 -61.2387 -0.0403012 -0.999171 0.00567283
18.3584 1.32699 -60.3113 -0.0463245 -0.998913 0.00522146
17.5249 1.37323 -59.2688 -0.0550442 -0.998478 0.00332553
16.9207 1.40819 -58.1946 -0.0519394 -0.99865 0.000726349
16.5063 1.4257 -57.2385 -0.0553629 -0.998448 -0.00579907
16.1265 1.43876 -55.9024 -0.0583447 -0.998267 -0.00759717
15.9431 1.43673 -54.5414 -0.0596519 -0.99815 -0.0117674
15.8973 1.42491 -53.4554 -0.0600676 -0.998045 -0.0172779
15.9396 1.40569 -52.5255 -0.0585862 -0.997956 -0.0255428
16.1592 1.36485 -51.3609 -0.054954 -0.99818 -0.0247279
16.5431 1.31264 -50.2547 -0.0557861 -0.997999 -0.029763
16.9436 1.25901 -49.1957 -0.0464897 -0.99839 -0.0325109
17.4135 1.20615 -48.2936 -0.0485659 -0.998153 -0.0364856
18.0122 1.14685 -47.3506 -0.0360735 -0.998591 -0.0389045
18.5381 1.09891 -46.6179 -0.0331418 -0.998725 -0.037956
19.2871 1.05217 -45.9606 -0.0303723 -0.998698 -0.0407421
18.3827 1.05838 -45.4936 -0.0302222 -0.998519 -0.0452325
17.0815 1.10202 -45.4662 -0.0445929 -0.997998 -0.0439586
15.9765 1.16119 -45.4882 -0.0524413 -0.997587 -0.0454816
14.8553 1.22618 -45.5996 -0.0596897 -0.997143 -0.0458252
13.8893 1.28837 -45.5612 -0.0665665 -0.996625 -0.0480334
12.7326 1.36383 -45.4856 -0.0681679 -0.996314 -0.0520705
11.4089 1.46238 -45.3562 -0.078278 -0.995401 -0.0549241
10.0606 1.56551 -45.0434 -0.092951 -0.99363 -0.0636937
8.81645 1.67529 -44.8344 -0.110255 -0.992226 -0.0577135
7.74227 1.77998 -44.647 -0.107399 -0.992206 -0.063185
6.38603 1.92051 -44.3681 -0.128768 -0.989818 -0.0606493
5.12764 2.06776 -44.114 -0.127319 -0.989998 -0.0607838
4.08097 2.19826 -43.9338 -0.136406 -0.988976 -0.0574601
4.06996 2.1997 -43.9319 -0.140996 -0.988234 -0.0592636
4.31608 2.10383 -42.9702 -0.137756 -0.988413 -0.0632913
5.21163 1.99727 -43.1461 -0.132169 -0.988948 -0.0671276
6.09936 1.89275 -43.3329 -0.128673 -0.989393 -0.0673437
7.05155 1.78129 -43.514 -0.106216 -0.992165 -0.0657722
8.00158 1.69141 -43.6974 -0.107263 -0.992221 -0.0631761
9.05523 1.58927 -43.8676 -0.10604 -0.992445 -0.0617184
10.0656 1.49885 -44.0043 -0.0949408 -0.993486 -0.0630183
11.3637 1.40488 -44.3172 -0.0832543 -0.994806 -0.058561
12.5804 1.32102 -44.464 -0.0782785 -0.995401 -0.0549244
13.5407 1.25899 -44.558 -0.0694566 -0.996146 -0.0535697
14.5382 1.19469 -44.5794 -0.0628207 -0.996632 -0.0527172
15.5371 1.13892 -44.5349 -0.0475651 -0.997272 -0.0564457
16.7846 1.07251 -44.469 -0.0521156 -0.997533 -0.0470316
17.9363 1.02153 -44.428 -0.0310639 -0.998077 -0.0536339
19.0759 0.990331 -44.3952 -0.0243147 -0.998464 -0.0497833
20.0177 0.965939 -44.3652 -0.014047 -0.998975 -0.0429638
20.899 0.963173 -44.5541 -0.0104825 -0.999058 -0.0421199
22.1276 0.957194 -44.5354 0.0008096 -0.99931 -0.037131
23.2844 0.9593 -44.4987 0.00565355 -0.999321 -0.0361394
24.3694 0.975878 -44.7103 0.0134248 -0.999333 -0.0339437
23.3863 0.962379 -44.5741 0.00667657 -0.999472 -0.0318016
22.7974 0.98219 -45.2563 -0.00180072 -0.999397 -0.0346859
21.8985 0.996767 -45.6304 -0.00793428 -0.999278 -0.0365792
20.9131 1.02189 -45.9705 -0.0134305 -0.999018 -0.0420894
19.8279 1.07058 -46.7593 -0.0149085 -0.999147 -0.0384993
19.0036 1.12397 -47.6962 -0.0205289 -0.999227 -0.033512
18.4498 1.17524 -48.5473 -0.0350983 -0.998741 -0.0358341
17.8766 1.22732 -49.5671 -0.0407777 -0.998677 -0.0307098
17.493 1.27414 -50.518 -0.0447402 -0.998629 -0.0271734
17.0888 1.32232 -51.6764 -0.043699 -0.998739 -0.0247084
16.8929 1.35314 -52.5952 -0.0453407 -0.99874 -0.0214909
16.8598 1.37633 -53.607 -0.0470487 -0.998737 -0.0169812
16.9263 1.38551 -54.7776 -0.0472091 -0.998842 -0.00926135
17.0802 1.38589 -55.7345 -0.0476833 -0.99884 -0.00667558
17.3244 1.3795 -56.6606 -0.0491752 -0.99878 -0.00455473
17.8167 1.36076 -57.8427 -0.0490751 -0.998784 -0.00475892
18.5212 1.32654 -58.9339 -0.0463319 -0.998913 0.00511161
19.1078 1.29577 -59.6265 -0.0463481 -0.998912 0.00512947
19.924 1.26004 -60.3623 -0.035794 -0.999337 0.0062622
20.8503 1.22336 -61.0291 -0.0302805 -0.999531 0.0046129
21.6879 1.19493 -61.5113 -0.0298414 -0.999486 0.0116539
22.7292 1.15914 -61.965 -0.0252673 -0.999628 0.00888793
23.9701 1.13046 -62.3778 -0.0184673 -0.999789 0.00867858
25.1147 1.10676 -62.9969 -0.00881278 -0.999897 0.0100021
25.9615 1.10701 -62.6074 -0.00430726 -0.999941 0.00987869
25.1197 1.10616 -63.0572 -0.00635744 -0.999931 0.00964122
24.1334 1.1195 -63.3783 -0.0167707 -0.999814 0.00948473
23.1119 1.13666 -63.6602 -0.0210676 -0.999726 0.0101153
21.7653 1.16751 -63.8821 -0.0284701 -0.999549 0.00959941
20.5447 1.20771 -63.8296 -0.0365254 -0.999268 0.0113942
19.4146 1.25178 -63.8043 -0.042246 -0.99902 0.0131653
18.074 1.31312 -63.8214 -0.0505407 -0.998668 0.0103484
17.0464 1.36668 -63.7567 -0.0547731 -0.998452 0.00931659
16.0111 1.4274 -63.6828 -0.0644105 -0.997876 0.00975433
15.093 1.48711 -63.6368 -0.0647639 -0.997856 0.00947775
14.168 1.55227 -63.6667 -0.0756939 -0.997052 0.0125518
13.2732 1.61911 -63.7527 -0.0749486 -0.997131 0.0103677
12.2905 1.69444 -63.7567 -0.0764751 -0.996958 0.0150563
10.9909 1.80413 -63.9503 -0.0858749 -0.996212 0.0135384
10.0775 1.88388 -63.9593 -0.0872263 -0.99612 0.0116533
8.78186 2.0055 -64.0783 -0.102548 -0.994578 0.0165771
7.53897 2.13917 -64.0802 -0.10618 -0.994163 0.019113
6.39953 2.26277 -64.0315 -0.107307 -0.994004 0.0209909
5.1045 2.41211 -63.9446 -0.119148 -0.992722 0.0174426
4.11695 2.53191 -63.9075 -0.121117 -0.99245 0.0192514
3.17559 2.6499 -63.8347 -0.127195 -0.991674 0.0196835
2.16363 2.78451 -63.7629 -0.131103 -0.991198 0.0183065
1.12744 2.92386 -63.5999 -0.128654 -0.991463 0.0211824
-0.177385 3.10547 -63.4057 -0.133993 -0.990645 0.0258058
-1.11516 3.23773 -63.1429 -0.13235 -0.990852 0.0263793
-2.14988 3.392 -62.8647 -0.136441 -0.990044 0.0344296
-3.20833 3.55088 -62.4896 -0.137212 -0.990034 0.0317134
-4.37213 3.72877 -62.0334 -0.141407 -0.989428 0.0321934
-5.40217 3.88525 -61.6501 -0.131113 -0.990691 0.0365002
-6.35224 4.02703 -61.1911 -0.131523 -0.990743 0.0336182
-7.22717 4.15602 -60.8175 -0.131829 -0.990704 0.0335646
-8.50983 4.34122 -60.2276 -0.119892 -0.991807 0.0441094
-9.80027 4.52385 -59.5253 -0.115351 -0.992618 0.0374743
-10.5635 4.62986 -59.0382 -0.105027 -0.993842 0.0352353
-11.6057 4.76033 -58.3967 -0.10342 -0.994089 0.0330232
-12.8184 4.90157 -57.7577 -0.100695 -0.994564 0.0265236
-13.6434 4.98882 -57.3067 -0.091658 -0.995427 0.0268251
-14.7008 5.10163 -56.6441 -0.0775316 -0.996692 0.0238818
-15.9161 5.19965 -55.9286 -0.0646266 -0.997784 0.0158225
-17.1418 5.28644 -55.1972 -0.0586101 -0.998187 0.0137279
-18.1098 5.3337 -54.6216 -0.0268919 -0.999629 0.00251579
-18.9445 5.36012 -54.1085 -0.0341205 -0.999397 -0.00202192
-19.8883 5.38415 -53.4739 -0.0184978 -0.999755 -0.00138977
-20.9343 5.37868 -52.7722 0.00962181 -0.999853 -0.0142053
-21.6941 5.35731 -52.2777 0.0227013 -0.999738 -0.00284021
-22.492 5.33638 -51.7305 0.0388922 -0.998925 -0.0170193
-23.2911 5.27727 -51.1347 0.059719 -0.99764 -0.032471
-24.1285 5.1977 -50.5197 0.0698585 -0.996971 -0.0341882
-24.9713 5.09957 -49.8711 0.111141 -0.991782 -0.0629224
-25.7092 4.98357 -49.2966 0.112658 -0.992077 -0.0555983
-26.5683 4.83005 -48.6321 0.13049 -0.988919 -0.070755
-27.2929 4.67383 -48.1222 0.173755 -0.980842 -0.0880804
-28.1963 4.43981 -47.3144 0.175272 -0.980404 -0.0899352
-28.9711 4.19344 -46.4401 0.212648 -0.969706 -0.120215
-29.432 3.98633 -45.5441 0.226058 -0.968513 -0.103829
-29.6848 3.78925 -44.4012 0.246392 -0.961493 -0.121558
-29.1252 3.77399 -43.1595 0.242153 -0.962461 -0.1226
-27.9503 3.94582 -42.197 0.219457 -0.96801 -0.119364
-27.075 4.0856 -41.8898 0.199606 -0.97281 -0.117413
-25.9767 4.29707 -41.7437 0.201755 -0.972135 -0.119354
-24.9159 4.46323 -41.7025 0.149138 -0.984678 -0.0903713
-23.7056 4.63208 -41.741 0.131677 -0.987072 -0.0913575
-22.7251 4.73608 -41.7104 0.103765 -0.991014 -0.0844032
-21.7857 4.81374 -41.6854 0.0753748 -0.992743 -0.0937044
-20.6804 4.86881 -41.6777 0.0450886 -0.996476 -0.0707229
-19.7423 4.90972 -41.682 0.00693377 -0.997983 -0.0615426
-18.4703 4.90921 -41.7458 -0.00564396 -0.997565 -0.0694847
-17.308 4.9081 -41.8374 -0.0143864 -0.997886 -0.0624312
-16.1795 4.87612 -41.9235 -0.0342687 -0.998091 -0.0513796
-15.1845 4.8339 -41.9819 -0.0477664 -0.997465 -0.0527282
-13.7742 4.73143 -41.982 -0.0740693 -0.996023 -0.0495158
-12.0673 4.57432 -42.0212 -0.108044 -0.993006 -0.0467241
-10.7717 4.42366 -42.1146 -0.124294 -0.991096 -0.0477427
-9.79125 4.29622 -42.1615 -0.138247 -0.989336 -0.0458493
-8.8789 4.16863 -42.1607 -0.139142 -0.989235 -0.0453086
-7.83022 4.01404 -42.1451 -0.151052 -0.987127 -0.0524494
-6.63562 3.83115 -42.2252 -0.154154 -0.986713 -0.0513206
-5.26103 3.6064 -42.1831 -0.159917 -0.985649 -0.0540647
-3.76456 3.35166 -42.1195 -0.166418 -0.984542 -0.0546174
-2.646 3.16518 -42.157 -0.164291 -0.984785 -0.0566315
-1.75112 3.02042 -42.2381 -0.16453 -0.984802 -0.0556323
-0.747517 2.85541 -42.3065 -0.166577 -0.984205 -0.059934
0.50038 2.65652 -42.4255 -0.161409 -0.985034 -0.0604645
1.46432 2.50487 -42.5313 -0.156729 -0.985423 -0.0659834
2.88808 2.29888 -42.7382 -0.15067 -0.986293 -0.0672358
3.95786 2.15262 -42.9089 -0.144978 -0.98753 -0.0613725
4.12334 2.06258 -41.9314 -0.141639 -0.987548 -0.0684437
5.06803 1.94323 -42.0962 -0.133465 -0.988581 -0.0699654
6.4592 1.77923 -42.384 -0.127188 -0.989394 -0.0701638
7.51188 1.6736 -42.6143 -0.101919 -0.992306 -0.0699637
8.48093 1.58198 -42.7831 -0.105267 -0.992401 -0.0637066
9.55622 1.48154 -42.9485 -0.0924283 -0.993759 -0.062424
10.6556 1.39227 -43.1303 -0.0826143 -0.994675 -0.0616087
11.5464 1.33075 -43.3383 -0.0807036 -0.994734 -0.0630784
12.738 1.24848 -43.5014 -0.0720294 -0.995382 -0.0632215
13.9375 1.17559 -43.5835 -0.0614991 -0.996257 -0.0607227
14.9723 1.11119 -43.5468 -0.059434 -0.996399 -0.0604742
16.1854 1.04773 -43.4719 -0.0476406 -0.997262 -0.0565537
17.1864 0.997689 -43.443 -0.0455957 -0.997507 -0.053729
18.4744 0.952355 -43.3494 -0.0241473 -0.998202 -0.0548586
19.3793 0.925721 -43.2187 -0.0189344 -0.998753 -0.046181
20.5717 0.912084 -43.3131 -0.00866137 -0.998857 -0.0470118
21.8488 0.914557 -43.4639 -0.00154604 -0.999104 -0.0422969
23.0699 0.916105 -43.4741 0.00612142 -0.999107 -0.0418028
24.1314 0.932688 -43.5907 0.0143169 -0.999254 -0.0358707
25.0498 0.953927 -43.8273 0.0189631 -0.999254 -0.0330917
26.1897 0.993682 -44.2016 0.0235064 -0.999281 -0.0296905
27.0762 1.02277 -44.4135 0.0293374 -0.999186 -0.0277023
28.1719 1.06042 -44.6111 0.0289257 -0.999218 -0.0269383
29.3471 1.11284 -45.108 0.0353837 -0.999018 -0.0266378
30.426 1.16362 -45.6226 0.0350779 -0.999108 -0.0235312
31.3448 1.21528 -46.2754 0.0379873 -0.999081 -0.0191961
32.0436 1.25105 -46.943 0.0374418 -0.999192 -0.0146158
32.6059 1.28653 -47.9968 0.0357079 -0.999276 -0.0130952
32.4717 1.29574 -49.3371 0.0344145 -0.999377 -0.00778532
31.9727 1.27428 -48.7882 0.0350614 -0.999327 -0.0104403
30.9357 1.22761 -48.0691 0.0320211 -0.99936 -0.0159114
30.1907 1.19409 -47.4728 0.0317443 -0.99934 -0.0176762
29.2929 1.1556 -46.949 0.0335947 -0.999212 -0.0208725
28.0459 1.09959 -46.284 0.0291519 -0.999314 -0.0224971
26.9535 1.06186 -45.9771 0.0280889 -0.999237 -0.0271298
26.0612 1.03836 -45.8871 0.0224598 -0.999353 -0.0280943
24.9026 1.01784 -45.8056 0.0098701 -0.999511 -0.0296686
23.7804 1.01033 -45.9395 0.00952283 -0.9994 -0.0332885
22.771 1.01704 -46.261 -0.00144192 -0.99939 -0.0348777
21.7974 1.03847 -46.6737 -0.013265 -0.999273 -0.0356116
21.0004 1.06537 -47.1281 -0.0183713 -0.999218 -0.0350217
20.1857 1.10191 -47.794 -0.0195931 -0.999387 -0.0286973
19.6533 1.13721 -48.5367 -0.0228031 -0.999286 -0.030098
19.1854 1.17427 -49.308 -0.035311 -0.998885 -0.0312697
18.5109 1.23543 -50.6217 -0.0352303 -0.999021 -0.0267415
18.1156 1.27683 -51.6533 -0.0442945 -0.998684 -0.0258193
17.8827 1.3074 -52.56 -0.0453855 -0.998737 -0.0215756
17.8117 1.33228 -53.8034 -0.0488014 -0.99873 -0.0125562
17.9523 1.33982 -55.1695 -0.0480404 -0.998815 -0.00779762
18.2213 1.33372 -56.2904 -0.0462266 -0.99892 -0.00339921
18.5987 1.31955 -57.2496 -0.0426108 -0.999065 -0.00176161
19.3485 1.29075 -58.434 -0.0364769 -0.999333 0.00141593
19.9814 1.26451 -59.0763 -0.03698 -0.9993 0.00559079
20.8351 1.22943 -59.7871 -0.0322704 -0.999462 0.00435592
21.8769 1.1959 -60.4783 -0.029252 -0.999556 0.00563357
22.8786 1.1647 -60.9429 -0.0294252 -0.999535 0.00768173
24.0503 1.13844 -61.3787 -0.0182533 -0.999786 0.00969882
25.2983 1.11919 -61.6126 -0.0106872 -0.99989 0.00987029
26.3234 1.11438 -61.601 -0.00377091 -0.999956 0.00861088
27.4839 1.11571 -61.3927 0.000739322 -0.99996 0.00896743
28.6224 1.12567 -60.9562 0.00806839 -0.999896 0.0119928
29.4969 1.13826 -60.5372 0.012186 -0.999831 0.0134948
30.2887 1.15858 -59.8879 0.0153222 -0.999795 0.0132254
31.4498 1.18896 -59.0009 0.0185486 -0.99971 0.0150681
32.5231 1.2216 -58.3948 0.0212733 -0.999647 0.0159433
32.7256 1.22 -58.7347 0.020244 -0.999639 0.017639
32.3269 1.19542 -59.6808 0.0198581 -0.999648 0.0176032
31.7759 1.1729 -60.4419 0.0166955 -0.999743 0.0151939
31.1905 1.15362 -61.1587 0.0146094 -0.999779 0.0151466
30.504 1.13395 -61.7949 0.0144077 -0.999781 0.0151611
29.3115 1.11466 -62.3521 0.0100347 -0.999876 0.0120989
28.4382 1.10282 -62.7984 0.00589944 -0.999895 0.0132368
27.1822 1.095 -63.3254 -0.00182095 -0.99994 0.0107031
25.9641 1.09315 -63.8631 -0.00392913 -0.999936 0.010601
24.7947 1.09899 -64.2337 -0.0125074 -0.999865 0.00946762
23.4926 1.11771 -64.6095 -0.0193972 -0.99975 0.0109038
22.1686 1.14428 -64.8995 -0.0258084 -0.999602 0.0108651
21.1134 1.17527 -64.907 -0.0325498 -0.999408 0.010755
20.077 1.21277 -64.8486 -0.0359301 -0.999292 0.0111054
19.009 1.25704 -64.8194 -0.0474398 -0.998827 0.00965597
17.7957 1.31613 -64.8623 -0.0510592 -0.998641 0.0104083
16.5924 1.38346 -64.7779 -0.0580906 -0.998253 0.0108137
15.6924 1.43824 -64.6948 -0.0653476 -0.997794 0.0114741
14.3319 1.52742 -64.6518 -0.0704057 -0.997444 0.0108765
13.3817 1.59808 -64.7111 -0.0743342 -0.997099 0.0163517
12.3653 1.67389 -64.7723 -0.0817319 -0.996541 0.0145807
11.4594 1.74969 -64.8744 -0.085112 -0.99625 0.0155359
10.313 1.84604 -64.9775 -0.0903368 -0.995751 0.0178871
9.24312 1.94458 -65.0226 -0.100653 -0.994736 0.0192354
8.31933 2.03652 -65.0787 -0.102548 -0.994578 0.016577
7.34389 2.14032 -65.071 -0.105423 -0.994234 0.019604
5.84339 2.30834 -65.001 -0.116701 -0.993053 0.0150718
4.74479 2.43902 -64.9434 -0.116646 -0.992997 0.0184742
3.66481 2.56848 -64.8677 -0.124726 -0.991953 0.021753
2.36275 2.73563 -64.7836 -0.126401 -0.991632 0.0262383
1.17917 2.89148 -64.651 -0.128874 -0.991287 0.0272276
0.115846 3.03357 -64.4976 -0.13075 -0.990901 0.0319287
-1.31249 3.23361 -64.151 -0.131958 -0.990628 0.0352501
-2.56874 3.41621 -63.7556 -0.133443 -0.990376 0.0367189
-3.57523 3.56435 -63.4478 -0.135735 -0.989927 0.0402384
-4.48222 3.70356 -63.0664 -0.134513 -0.990092 0.0403055
-5.42637 3.84607 -62.7173 -0.132604 -0.990359 0.0400025
-6.48869 4.00567 -62.2333 -0.131162 -0.990598 0.0388831
-7.40862 4.13541 -61.8449 -0.123021 -0.991577 0.0403943
-8.63543 4.31034 -61.2773 -0.11848 -0.992069 0.0419787
-9.64147 4.45276 -60.7792 -0.118183 -0.992017 0.0439815
-10.4163 4.56551 -60.3181 -0.116766 -0.992318 0.0407279
-11.6031 4.72244 -59.5258 -0.105028 -0.993842 0.0352351
-12.4153 4.82166 -59.0724 -0.102787 -0.994158 0.0329222
-13.7416 4.96788 -58.4186 -0.0851904 -0.995846 0.0321542
-14.7446 5.07047 -57.8 -0.0763536 -0.996572 0.0318489
-15.5751 5.15132 -57.2769 -0.0745146 -0.996717 0.0316024
-16.5375 5.22739 -56.7366 -0.0656286 -0.997735 0.0147845
-17.5729 5.29173 -56.0908 -0.0481361 -0.998674 0.0182678
-18.4082 5.33618 -55.6025 -0.0313704 -0.999475 0.00346754
-19.4432 5.37532 -54.9484 -0.020894 -0.999701 0.00657581
-20.5968 5.38808 -54.1989 -0.00895866 -0.999959 0.00163189
-21.3858 5.37756 -53.6638 0.0240981 -0.999587 -0.0156594
-22.2478 5.34728 -53.0948 0.0257063 -0.999586 -0.0124615
-23.0787 5.32173 -52.5155 0.026034 -0.999637 -0.00566912
-23.9227 5.25851 -51.8969 0.0694158 -0.997042 -0.0329952
-25.0957 5.13965 -51.0219 0.0857125 -0.995731 -0.0342568
-25.9186 5.03166 -50.391 0.121692 -0.990345 -0.0650773
-26.8073 4.86616 -49.7014 0.140241 -0.988151 -0.0623385
-27.9727 4.61665 -48.8355 0.174297 -0.980899 -0.086357
-28.6642 4.4375 -48.2597 0.194386 -0.977128 -0.0861914
-29.356 4.24604 -47.6291 0.209555 -0.97245 -0.0995804
-29.9372 4.02607 -46.9123 0.227104 -0.96737 -0.112312
-30.3511 3.83037 -46.0762 0.233711 -0.964858 -0.119817
-30.7079 3.61193 -45.0879 0.241127 -0.96289 -0.121069
-30.6627 3.44148 -43.7268 0.280978 -0.949464 -0.139885
-30.1503 3.44787 -42.7835 0.262571 -0.954815 -0.139232
-29.2574 3.5629 -41.8475 0.263195 -0.955321 -0.134501
-28.4594 3.71472 -41.3421 0.237895 -0.96385 -0.115749
-27.6023 3.85958 -40.9777 0.209154 -0.972179 -0.105464
-26.2903 4.10846 -40.7452 0.196483 -0.974489 -0.107573
-25.3952 4.28954 -40.7159 0.178498 -0.977288 -0.111573
-24.3831 4.44484 -40.7061 0.139966 -0.984988 -0.100326
-23.2663 4.58728 -40.7078 0.119878 -0.988236 -0.094972
-22.1529 4.69306 -40.69 0.0782495 -0.993102 -0.0873272
-20.8929 4.78818 -40.6662 0.0603423 -0.994866 -0.0792479
-19.5516 4.83449 -40.7064 0.0176422 -0.996505 -0.0816435
-18.6456 4.8396 -40.7478 0.0047612 -0.997721 -0.0673126
-17.718 4.84785 -40.8045 0.000453923 -0.997963 -0.0635332
-16.7886 4.83222 -40.8778 -0.0262358 -0.997263 -0.0691242
-15.8244 4.80833 -40.9287 -0.0408051 -0.997165 -0.0621599
-14.8689 4.75843 -40.9641 -0.0708261 -0.996043 -0.0536836
-13.8475 4.68709 -40.9789 -0.0767327 -0.995826 -0.0485605
-12.72 4.59034 -40.9754 -0.0851423 -0.995147 -0.0493371
-11.3659 4.44384 -41.0924 -0.114845 -0.991989 -0.0526169
-10.0793 4.28938 -41.1513 -0.131656 -0.990144 -0.0472988
-8.81819 4.10929 -41.1478 -0.142491 -0.988467 -0.0512745
-7.85601 3.96363 -41.1243 -0.148119 -0.987707 -0.049943
-6.6581 3.78009 -41.1676 -0.153795 -0.98679 -0.0509077
-5.73874 3.63139 -41.1836 -0.164261 -0.985178 -0.049419
-4.60996 3.43953 -41.1353 -0.166612 -0.984374 -0.0569963
-3.58946 3.26515 -41.112 -0.167245 -0.984275 -0.0568496
-2.65796 3.10907 -41.1538 -0.167581 -0.98391 -0.0619471
-1.73473 2.95445 -41.2049 -0.168148 -0.983872 -0.0610103
-0.72292 2.79022 -41.3144 -0.166365 -0.984148 -0.061439
0.17024 2.64532 -41.401 -0.164962 -0.984356 -0.061895
1.31563 2.46189 -41.4891 -0.16088 -0.984925 -0.0635675
2.20773 2.32612 -41.6131 -0.15067 -0.986293 -0.0672357
3.1712 2.19134 -41.7697 -0.148762 -0.986663 -0.0660736
4.09495 2.06636 -41.9266 -0.143182 -0.987264 -0.0693432
4.21578 1.98067 -40.9384 -0.139307 -0.987723 -0.0706821
3.19879 2.11548 -40.7669 -0.148295 -0.9862 -0.0736038
1.74424 2.32742 -40.5259 -0.162976 -0.984359 -0.0669111
0.717393 2.49272 -40.4475 -0.166526 -0.984026 -0.06294
-0.199919 2.64268 -40.3725 -0.16577 -0.984227 -0.0617768
-1.47339 2.84752 -40.2118 -0.166704 -0.983928 -0.0639919
-2.5867 3.03045 -40.1131 -0.169547 -0.983532 -0.0625363
-3.72094 3.22741 -40.0881 -0.173132 -0.983073 -0.059887
-4.85764 3.4263 -40.1393 -0.168995 -0.984152 -0.0537146
-5.8063 3.58866 -40.1603 -0.16708 -0.984501 -0.053307
-6.73338 3.74157 -40.1452 -0.158163 -0.986127 -0.0503847
-7.94157 3.92691 -40.13 -0.147385 -0.987856 -0.0491697
-8.91724 4.07352 -40.1561 -0.145251 -0.988251 -0.0475379
-9.84859 4.20941 -40.1537 -0.144337 -0.988447 -0.0462511
-10.8946 4.33717 -40.1484 -0.122486 -0.991379 -0.0462562
-11.8993 4.45283 -40.0531 -0.113062 -0.992611 -0.0440523
-13.1042 4.57206 -39.9286 -0.0888324 -0.994725 -0.0511321
-14.1452 4.65604 -39.9348 -0.0675817 -0.996514 -0.0489083
-15.128 4.72174 -39.9562 -0.0431885 -0.997455 -0.0532749
-16.342 4.75434 -39.9238 -0.0295369 -0.997118 -0.0697979
-17.5113 4.78136 -39.8473 -0.0280431 -0.997355 -0.0670613
-18.4508 4.78217 -39.784 0.0129752 -0.99776 -0.0649344
-19.4609 4.76017 -39.7345 0.0187795 -0.997156 -0.0729914
-20.603 4.72657 -39.6751 0.0575285 -0.994793 -0.0809453
-21.8357 4.6307 -39.7053 0.0772131 -0.993682 -0.0810509
-22.7548 4.55733 -39.7322 0.085445 -0.992069 -0.0921885
-23.6819 4.44732 -39.7283 0.149674 -0.983785 -0.0988201
-24.8332 4.2712 -39.702 0.147557 -0.983992 -0.0999306
-25.9785 4.06825 -39.6951 0.185129 -0.977331 -0.102178
-27.1074 3.8412 -39.7914 0.211823 -0.972005 -0.101668
-27.9893 3.67309 -40.0302 0.240879 -0.963033 -0.117581
-29.069 3.44103 -40.5567 0.265122 -0.955839 -0.126804
-30.257 3.20603 -41.3198 0.299098 -0.943352 -0.142888
-30.9688 3.13045 -42.1757 0.30855 -0.936163 -0.167941
-31.6038 3.10915 -43.3556 0.28165 -0.949888 -0.135557
-31.8229 3.22193 -44.5634 0.283044 -0.949243 -0.137134
-31.5093 3.50829 -45.9639 0.282686 -0.950588 -0.128344
-30.9579 3.81155 -47.1471 0.22915 -0.966776 -0.113287
-30.38 4.04914 -47.9915 0.231043 -0.966012 -0.115935
-29.5822 4.3041 -48.8035 0.194523 -0.976877 -0.0887199
-28.6303 4.55972 -49.6053 0.185313 -0.979212 -0.0824775
-27.5279 4.81095 -50.4332 0.146712 -0.987364 -0.0599046
-26.5193 4.99966 -51.1864 0.134418 -0.988905 -0.0632312
-25.6847 5.13145 -51.7941 0.0736383 -0.996302 -0.0437977
-24.5575 5.24448 -52.6388 0.0687958 -0.99691 -0.0378076
-23.404 5.32273 -53.4791 0.0415687 -0.998937 -0.00992027
-22.0633 5.37242 -54.3779 0.0256029 -0.999548 -0.0156677
-20.9831 5.38697 -55.1344 0.0091733 -0.999943 0.00209494
-20.2062 5.37952 -55.6228 -0.0101366 -0.999935 0.00524956
-19.2439 5.35913 -56.198 -0.0337495 -0.999321 0.0135219
-18.2927 5.31304 -56.8228 -0.0419914 -0.998924 0.0187049
-17.1359 5.25214 -57.5717 -0.0422278 -0.999003 0.0140684
-15.9399 5.14854 -58.2249 -0.0745146 -0.996716 0.0316032
-15.141 5.07166 -58.726 -0.0760994 -0.996609 0.0312895
-13.8535 4.93973 -59.5064 -0.086826 -0.995545 0.0367738
-12.8617 4.83272 -59.9532 -0.098574 -0.994437 0.0371006
-11.9657 4.72614 -60.4495 -0.102066 -0.994086 0.0368955
-11.0034 4.59138 -61.1224 -0.108323 -0.992959 0.0479527
-10.2108 4.47862 -61.6053 -0.112893 -0.99255 0.0456904
-9.39904 4.36972 -62.0081 -0.114858 -0.992458 0.0427512
-8.02179 4.17865 -62.6598 -0.118357 -0.99209 0.0417984
-6.85982 4.01816 -63.1551 -0.123023 -0.99142 0.0439514
-6.02814 3.894 -63.4961 -0.131587 -0.990462 0.0408643
-5.09061 3.7528 -63.875 -0.133048 -0.990249 0.0412859
-4.06507 3.59635 -64.3185 -0.133968 -0.99025 0.0381805
-2.94376 3.43218 -64.6754 -0.132229 -0.990497 0.0378231
-1.98252 3.29248 -64.9832 -0.130858 -0.990828 0.0336345
-0.99814 3.15306 -65.2951 -0.128968 -0.991143 0.031674
0.134108 2.9998 -65.527 -0.126481 -0.991544 0.0290173
1.30282 2.84645 -65.6924 -0.125483 -0.991682 0.0286303
2.80067 2.65362 -65.7758 -0.123417 -0.99202 0.0255887
3.89358 2.51807 -65.8547 -0.119715 -0.992565 0.0213691
5.0941 2.37473 -65.9487 -0.117251 -0.992811 0.0240689
6.19052 2.24642 -65.9892 -0.110604 -0.993672 0.0195727
7.26497 2.12692 -66.0544 -0.10269 -0.994521 0.0191465
8.26196 2.02614 -66.0843 -0.101077 -0.994749 0.0160545
9.42553 1.90761 -65.9987 -0.0976094 -0.995055 0.0174798
10.4065 1.81994 -65.9303 -0.0897685 -0.995793 0.0183988
11.4461 1.73172 -65.8868 -0.0800333 -0.996592 0.0199524
12.65 1.63787 -65.7701 -0.0783516 -0.996833 0.0136257
13.7411 1.55533 -65.6845 -0.0713905 -0.997337 0.014492
15.1315 1.46178 -65.6622 -0.0645945 -0.997826 0.0129794
16.0289 1.40367 -65.7364 -0.059917 -0.998116 0.0126616
16.9467 1.3503 -65.8641 -0.0566966 -0.998286 0.0144162
18.0641 1.29074 -65.9095 -0.0517949 -0.998593 0.0113351
19.5402 1.21994 -65.8201 -0.0414845 -0.999025 0.0131187
20.8144 1.17534 -65.9122 -0.0347966 -0.999323 0.0118501
21.9321 1.1419 -65.921 -0.0257779 -0.999637 0.00781447
23.1346 1.11384 -65.7326 -0.0206972 -0.999736 0.00979146
24.0584 1.09863 -65.4931 -0.0181301 -0.999787 0.00979426
25.1171 1.08848 -65.1945 -0.00829049 -0.999933 0.00809224
25.9813 1.08389 -64.9419 -0.00708149 -0.999941 0.0082521
27.0807 1.08179 -64.5486 -0.00102644 -0.999939 0.0107831
27.9638 1.08656 -64.1769 0.00147423 -0.999946 0.0103339
29.2135 1.09932 -63.552 0.00964517 -0.999869 0.0129275
30.3445 1.11774 -62.9629 0.0100518 -0.999874 0.0122913
31.4031 1.1397 -62.3096 0.0147595 -0.999786 0.0145109
32.1004 1.15919 -61.7052 0.0170813 -0.999738 0.0152254
32.8976 1.18644 -60.8792 0.0180466 -0.9997 0.0165473
33.5192 1.21895 -59.7167 0.0200264 -0.999625 0.0187003
33.7273 1.24363 -58.562 0.0205134 -0.999637 0.0174614
33.7027 1.26308 -57.4198 0.0212216 -0.999633 0.01678
33.7326 1.28755 -56.1278 0.0247609 -0.999522 0.0185091
33.5396 1.30238 -54.8624 0.0249661 -0.999577 0.0149152
33.4726 1.31581 -53.8101 0.0286294 -0.999482 0.0147227
33.104 1.31442 -52.9574 0.0290451 -0.999536 0.0091394
33.4239 1.3311 -51.7772 0.0294743 -0.999561 0.00296464
33.681 1.34208 -50.5295 0.0335218 -0.999437 -0.00160966
33.715 1.33693 -49.0588 0.035319 -0.999344 -0.00798577
33.579 1.3195 -47.7561 0.0379555 -0.999204 -0.0122651
33.2179 1.29384 -46.832 0.0388559 -0.999124 -0.0155338
32.5106 1.25267 -45.9138 0.0378957 -0.999096 -0.0188846
31.5151 1.19611 -45.1615 0.0408099 -0.998901 -0.023033
30.731 1.15286 -44.6751 0.0406234 -0.998887 -0.023955
29.4607 1.0886 -44.0482 0.0353836 -0.999018 -0.0266377
28.4624 1.04337 -43.6801 0.0352765 -0.998966 -0.0286924
27.5259 1.00749 -43.434 0.0293837 -0.999097 -0.0306502
26.6065 0.974268 -43.2432 0.0277031 -0.999134 -0.0310598
25.326 0.928861 -42.8588 0.0231148 -0.99919 -0.0329346
24.1714 0.896734 -42.5767 0.0138357 -0.999268 -0.0356525
23.2702 0.881741 -42.493 0.0139968 -0.99914 -0.038858
22.1207 0.869564 -42.4337 -0.000336556 -0.99902 -0.0442581
21.197 0.865364 -42.3202 -0.00165053 -0.999044 -0.0436786
20.2063 0.862739 -42.1974 -0.0140692 -0.998808 -0.0464165
19.0602 0.88779 -42.2786 -0.0183787 -0.998747 -0.0465387
18.0031 0.91296 -42.4016 -0.016754 -0.998591 -0.0501925
16.9634 0.955041 -42.4479 -0.0414686 -0.997573 -0.0559239
15.9787 0.997717 -42.4817 -0.0412096 -0.997585 -0.0559073
14.7589 1.06418 -42.5561 -0.0588626 -0.996425 -0.0605956
13.4615 1.14486 -42.5876 -0.0628166 -0.996106 -0.0618629
12.3227 1.213 -42.4168 -0.0752074 -0.995336 -0.0604202
11.0319 1.30096 -42.1861 -0.0838967 -0.994418 -0.0639759
10.0191 1.37883 -42.0274 -0.0933349 -0.993389 -0.06683
8.88256 1.47906 -41.8635 -0.100497 -0.992171 -0.0741401
7.82581 1.57196 -41.6942 -0.0981068 -0.992355 -0.074881
6.68261 1.68271 -41.4364 -0.126425 -0.989324 -0.0724933
5.53476 1.81381 -41.1598 -0.133757 -0.988518 -0.0702967
4.39299 1.9579 -40.9694 -0.139307 -0.987723 -0.0706821
4.58938 1.85701 -39.9783 -0.147611 -0.986157 -0.0755317
5.72569 1.71323 -40.1952 -0.12909 -0.98834 -0.0807428
6.86018 1.59077 -40.4753 -0.124302 -0.989738 -0.0704818
8.01619 1.48235 -40.7458 -0.0987786 -0.992415 -0.0731773
9.07617 1.39353 -40.9376 -0.0926286 -0.992924 -0.0740101
10.1162 1.30693 -41.0943 -0.0884325 -0.993899 -0.0657228
11.3536 1.21075 -41.2415 -0.0855878 -0.994051 -0.0673592
12.245 1.15357 -41.3718 -0.0714653 -0.995071 -0.0687477
13.2117 1.09608 -41.5486 -0.0620509 -0.996186 -0.0613336
14.218 1.03595 -41.5776 -0.0599909 -0.996333 -0.0609968
15.2108 0.976084 -41.5076 -0.0550979 -0.996842 -0.0571938
16.3836 0.922325 -41.4363 -0.0426606 -0.997286 -0.0598782
17.566 0.871415 -41.4013 -0.0413895 -0.997583 -0.0558118
18.7222 0.842638 -41.2988 -0.014986 -0.998445 -0.0536942
19.7235 0.820635 -41.2025 -0.0139791 -0.998637 -0.0500197
21.2966 0.814662 -41.2724 0.0004501 -0.998769 -0.0495423
22.6948 0.834105 -41.4356 0.0140373 -0.998476 -0.0533784
23.9521 0.851207 -41.5384 0.0174833 -0.999009 -0.0408073
24.9206 0.877824 -41.7147 0.0207923 -0.998997 -0.0396407
26.0031 0.9172 -42.0139 0.028294 -0.998929 -0.0365705
26.9631 0.952529 -42.2763 0.028878 -0.998972 -0.0348829
27.9882 0.990361 -42.4874 0.0294904 -0.999013 -0.0332304
29.0446 1.03771 -42.8125 0.034455 -0.998942 -0.0304447
29.9033 1.07994 -43.1374 0.0393546 -0.998795 -0.0293329
31.0341 1.1403 -43.6985 0.0425382 -0.998745 -0.0264193
32.3158 1.21281 -44.5059 0.0394521 -0.998932 -0.024003
33.3709 1.27482 -45.3639 0.0410673 -0.998892 -0.0229971
34.0684 1.31662 -46.218 0.0396672 -0.999067 -0.0170755
34.5534 1.34946 -47.1854 0.0378593 -0.999207 -0.0123433
34.7273 1.36912 -48.4722 0.0376955 -0.999256 -0.00810608
34.7274 1.37708 -49.8073 0.0354687 -0.999367 -0.00249981
34.6499 1.37327 -51.2323 0.0328791 -0.999444 0.00548805
34.351 1.35683 -52.3239 0.0318394 -0.999461 0.00768667
34.4178 1.3453 -53.5522 0.0256879 -0.999612 0.0107704
34.6357 1.33335 -54.7398 0.0266918 -0.999515 0.0160361
34.782 1.31645 -55.936 0.0230052 -0.999544 0.0195805
34.7544 1.29682 -56.9134 0.0228934 -0.99955 0.0193831
34.7601 1.27872 -57.8558 0.0225724 -0.999572 0.0185952
34.6538 1.24418 -59.5755 0.0200441 -0.999615 0.0191823
34.3541 1.22142 -60.4789 0.0198648 -0.999628 0.0186762
33.8909 1.19653 -61.3897 0.0180638 -0.999676 0.0179109
33.1612 1.16965 -62.1576 0.0170097 -0.999701 0.0175198
32.2546 1.14288 -62.94 0.0143366 -0.999788 0.0148003
31.3837 1.12043 -63.5743 0.0131421 -0.999793 0.0153477
30.5342 1.10519 -64.0353 0.00981465 -0.999852 0.014127
29.495 1.0875 -64.5961 0.00948061 -0.999859 0.0138682
28.143 1.07529 -65.2362 0.00228078 -0.999933 0.0113431
26.9002 1.06937 -65.7173 0.00024392 -0.999942 0.0108058
25.4565 1.07612 -66.1507 -0.00857282 -0.999905 0.0108205
24.124 1.08579 -66.508 -0.0152743 -0.999809 0.0112876
22.6413 1.11128 -66.8588 -0.0232603 -0.999635 0.0134618
21.7068 1.13393 -66.9783 -0.0285139 -0.999511 0.012797
20.2391 1.18133 -66.8947 -0.0347018 -0.999287 0.0149029
18.9273 1.23596 -66.8565 -0.0483835 -0.998707 0.0155754
17.7967 1.29011 -66.9566 -0.0502084 -0.998617 0.0155705
16.6534 1.35139 -66.8614 -0.058026 -0.998202 0.0150017
15.7319 1.40808 -66.7222 -0.063435 -0.997848 0.0166061
14.6015 1.48167 -66.6486 -0.0663904 -0.997654 0.016611
13.6647 1.54576 -66.6974 -0.0716826 -0.997316 0.0149219
12.6234 1.62232 -66.7807 -0.0768377 -0.996869 0.0186424
11.5766 1.70177 -66.8591 -0.0827401 -0.996393 0.0185961
10.5512 1.78947 -66.8739 -0.0876076 -0.995993 0.0178192
9.29896 1.90247 -66.9978 -0.0976092 -0.995055 0.0174802
8.16695 2.01569 -67.0513 -0.0993799 -0.994786 0.0228916
7.23047 2.11092 -67.0282 -0.103952 -0.994383 0.0199139
6.02569 2.24236 -66.9592 -0.111234 -0.993484 0.0248506
4.96883 2.36454 -66.9393 -0.115945 -0.992957 0.0242827
3.57712 2.53406 -66.7824 -0.118958 -0.992603 0.02426
2.40225 2.67789 -66.7564 -0.122003 -0.992217 0.024927
1.30696 2.81669 -66.7243 -0.124986 -0.99176 0.0281023
0.419144 2.93192 -66.5941 -0.123029 -0.991777 0.0352425
-0.548246 3.05868 -66.4484 -0.124587 -0.991568 0.0356551
-1.87947 3.2384 -66.0843 -0.123817 -0.991633 0.0365094
-2.92482 3.38624 -65.7134 -0.130955 -0.990475 0.042552
-4.06536 3.55065 -65.3885 -0.130859 -0.990468 0.0430095
-4.99877 3.68892 -65.0296 -0.13113 -0.990371 0.0443748
-5.92157 3.83158 -64.5946 -0.130657 -0.990377 0.045637
-6.86829 3.97065 -64.2154 -0.126907 -0.991035 0.0417529
-8.3602 4.17793 -63.5971 -0.115703 -0.992281 0.0446338
-9.33519 4.31278 -63.1267 -0.113802 -0.992476 0.0451326
-10.2735 4.43797 -62.6945 -0.110987 -0.992832 0.0443438
-11.3025 4.57807 -62.1091 -0.108314 -0.993159 0.0435943
-12.2853 4.7148 -61.4488 -0.102405 -0.99363 0.0466988
-13.2232 4.83165 -60.8517 -0.0901752 -0.995061 0.0411523
-14.4291 4.95417 -60.3676 -0.0814836 -0.995843 0.0405983
-15.4448 5.06054 -59.7247 -0.0764881 -0.996357 0.0374995
-16.5372 5.16494 -59.0286 -0.0727081 -0.996762 0.0343324
-17.6658 5.25618 -58.4214 -0.0545867 -0.998015 0.031399
-18.8165 5.31847 -57.6814 -0.0395963 -0.999067 0.0172279
-19.625 5.35488 -57.1261 -0.0134035 -0.999729 0.019036
-20.6264 5.37203 -56.5029 -0.00392121 -0.99994 0.0102675
-21.5767 5.37748 -55.9034 0.00721775 -0.999951 0.00676676
-22.5804 5.36128 -55.206 0.0314489 -0.999489 -0.00565497
-23.544 5.32654 -54.5601 0.0376607 -0.999241 -0.00822516
-24.4452 5.28204 -53.9456 0.0456724 -0.998789 -0.0165041
-25.4703 5.191 -53.1786 0.0748842 -0.996828 -0.0269361
-26.2072 5.11869 -52.6113 0.105347 -0.993296 -0.036512
-27.0713 4.975 -52.0159 0.135841 -0.989337 -0.0517761
-28.0153 4.79286 -51.3064 0.146763 -0.987063 -0.0645564
-28.8256 4.62111 -50.7175 0.189755 -0.978175 -0.084454
-29.661 4.40151 -50.0876 0.197905 -0.976598 -0.0841256
-30.5768 4.13299 -49.2495 0.219949 -0.971551 -0.0878087
-31.1982 3.91975 -48.5736 0.232735 -0.966542 -0.107844
-31.7755 3.67196 -47.7278 0.254532 -0.960071 -0.116087
-32.2973 3.38437 -46.6708 0.271838 -0.951574 -0.143565
-32.6228 3.14525 -45.7482 0.308135 -0.940143 -0.145494
-32.8315 2.90856 -44.6212 0.321955 -0.937286 -0.133566
-32.6891 2.78082 -43.5442 0.325806 -0.932037 -0.158613
-32.3592 2.73861 -42.6391 0.325345 -0.931293 -0.163843
-31.921 2.74813 -41.8426 0.319308 -0.934146 -0.159417
-31.1603 2.8249 -40.7652 0.312156 -0.940018 -0.137568
-30.4226 2.98488 -40.2269 0.28625 -0.946796 -0.147093
-29.4402 3.18823 -39.6182 0.287067 -0.946764 -0.145707
-28.6042 3.38119 -39.2203 0.287672 -0.946622 -0.145433
-27.7528 3.59501 -38.9217 0.28133 -0.951446 -0.124738
-26.5652 3.84006 -38.7322 0.21553 -0.970035 -0.112159
-25.4824 4.04294 -38.6808 0.180441 -0.976836 -0.115032
-24.5645 4.21054 -38.7079 0.148616 -0.983888 -0.0993755
-23.3125 4.40866 -38.7108 0.156144 -0.983639 -0.089851
-22.1329 4.52666 -38.7106 0.0897719 -0.992683 -0.0807554
-21.217 4.60013 -38.6654 0.0864468 -0.99339 -0.0752784
-20.2254 4.66074 -38.7383 0.0315355 -0.997986 -0.0550356
-19.281 4.69434 -38.789 0.0183415 -0.997161 -0.0730349
-18.0451 4.72926 -38.8452 0.0261943 -0.997952 -0.0583499
-16.6663 4.71395 -38.9425 -0.0279763 -0.998719 -0.0420785
-15.5924 4.68261 -38.9729 -0.0271089 -0.998514 -0.0469939
-14.6096 4.63308 -38.9491 -0.0597438 -0.997047 -0.0474955
-13.5744 4.56324 -38.9236 -0.0919009 -0.994691 -0.0462997
-12.1146 4.43116 -39.0154 -0.0969387 -0.994123 -0.0479682
-10.97 4.30516 -39.1652 -0.12014 -0.991789 -0.043521
-9.72721 4.14364 -39.1728 -0.139275 -0.988788 -0.0535352
-8.80399 4.00854 -39.1802 -0.145581 -0.988052 -0.05056
-7.83285 3.86316 -39.1553 -0.150941 -0.987239 -0.0505858
-6.82728 3.70526 -39.1397 -0.156135 -0.986376 -0.0517433
-5.92158 3.55283 -39.1226 -0.166327 -0.984802 -0.0500005
-4.68259 3.33866 -39.1238 -0.172087 -0.983515 -0.0555001
-3.45654 3.1219 -39.0868 -0.174183 -0.983028 -0.0575843
-2.49629 2.95326 -39.1002 -0.171989 -0.9835 -0.0560843
-1.16139 2.73351 -39.2716 -0.166705 -0.983928 -0.0639918
0.0752968 2.53581 -39.4298 -0.16547 -0.984124 -0.0641849
1.37227 2.32157 -39.4894 -0.164488 -0.984408 -0.0623261
2.39415 2.15844 -39.5971 -0.164684 -0.984293 -0.0635934
3.28781 2.03027 -39.7587 -0.14367 -0.98718 -0.0695275
4.30318 1.89677 -39.9381 -0.143459 -0.98694 -0.0731068
4.68428 1.76657 -38.9872 -0.148581 -0.986057 -0.0749245
3.70463 1.903 -38.8278 -0.149056 -0.986069 -0.0738214
2.52599 2.06783 -38.5542 -0.164814 -0.984049 -0.0669171
1.45858 2.24238 -38.5247 -0.163003 -0.98396 -0.0724609
0.17962 2.45672 -38.4519 -0.172082 -0.983128 -0.0616384
-1.19622 2.68054 -38.2839 -0.170367 -0.983749 -0.0566861
-2.34518 2.87024 -38.1071 -0.170868 -0.983627 -0.0572901
-3.47171 3.06857 -38.1245 -0.172496 -0.98321 -0.059518
-4.74323 3.29444 -38.1427 -0.175135 -0.982726 -0.0598085
-5.65099 3.45281 -38.0867 -0.174407 -0.983025 -0.0568779
-6.7433 3.63801 -38.0803 -0.165475 -0.984907 -0.0507632
-8.34156 3.89234 -38.2242 -0.147211 -0.987827 -0.0501057
-9.39804 4.04423 -38.1898 -0.140334 -0.988749 -0.0515742
-10.7771 4.23179 -38.1648 -0.134783 -0.989553 -0.0511607
-12.0199 4.36837 -37.9652 -0.107797 -0.992907 -0.0496925
-13.4343 4.5023 -37.904 -0.0909434 -0.994748 -0.0469651
-14.6206 4.58956 -37.943 -0.0490023 -0.997454 -0.0518117
-16 4.64679 -38.0008 -0.0326833 -0.997995 -0.0541955
-16.9618 4.67454 -37.9829 -0.00479932 -0.998445 -0.0555361
-18.1979 4.67205 -37.8801 0.0112326 -0.998275 -0.0560789
-19.1332 4.64234 -37.7801 0.0314958 -0.997984 -0.0550948
-20.2228 4.60695 -37.7619 0.034446 -0.997358 -0.0633536
-21.3135 4.51752 -37.657 0.0910187 -0.992872 -0.0769508
-22.2239 4.43748 -37.7021 0.0906076 -0.99287 -0.077456
-23.4745 4.28535 -37.6493 0.156691 -0.98347 -0.0907456
-24.4432 4.13413 -37.6807 0.156455 -0.983486 -0.0909747
-25.8056 3.88271 -37.7039 0.18521 -0.978346 -0.0923904
-26.7108 3.69656 -37.788 0.217024 -0.969348 -0.115174
-27.6804 3.47249 -37.8683 0.277064 -0.952045 -0.129793
-28.5918 3.24265 -38.1311 0.284752 -0.949773 -0.129644
-29.5095 3.01681 -38.5474 0.29037 -0.948676 -0.1253
-30.3827 2.79138 -38.9941 0.29935 -0.94057 -0.160365
-31.2737 2.59184 -39.5238 0.313594 -0.93698 -0.154034
-31.9741 2.43927 -40.1351 0.350944 -0.924371 -0.149586
-32.4987 2.38116 -40.9826 0.344303 -0.923821 -0.167009
-33.1474 2.33902 -42.0588 0.353389 -0.919134 -0.173973
-33.6001 2.38769 -43.1966 0.355156 -0.918373 -0.174447
-33.8137 2.5178 -44.3487 0.354219 -0.919476 -0.170557
-33.6891 2.74934 -45.5208 0.337836 -0.930817 -0.139454
-33.359 3.03458 -46.5807 0.297439 -0.943229 -0.14781
-33.0243 3.28222 -47.4845 0.298081 -0.943004 -0.147958
-32.6375 3.51037 -48.2725 0.272476 -0.954292 -0.121198
-32.1061 3.74746 -49.0947 0.246499 -0.963185 -0.107295
-31.4145 3.99261 -49.7745 0.218715 -0.971567 -0.0906737
-30.7217 4.21111 -50.4925 0.21479 -0.973061 -0.0837703
-30.036 4.41849 -51.1434 0.19728 -0.97625 -0.0894347
-29.2153 4.63219 -51.6956 0.193359 -0.976926 -0.0907058
-28.3376 4.81641 -52.3459 0.143713 -0.987279 -0.0680133
-27.0614 5.04201 -53.2358 0.119477 -0.991015 -0.0601211
-26.286 5.15279 -53.8139 0.0875771 -0.995379 -0.0351225
-25.4608 5.23242 -54.4107 0.0698744 -0.996891 -0.0364175
-24.7038 5.28227 -54.9224 0.0405774 -0.999105 -0.0119198
-23.6011 5.33232 -55.6978 0.0337803 -0.999407 -0.00617536
-22.3839 5.36977 -56.5116 0.0154148 -0.999828 0.00285357
-21.3668 5.3658 -57.2251 -0.00110507 -0.999928 0.0119595
-20.5277 5.35707 -57.7002 -0.0202313 -0.999706 0.0124835
-19.5665 5.33195 -58.4033 -0.0237119 -0.999499 0.0188244
-18.6749 5.28858 -58.958 -0.0362684 -0.999095 0.0222293
-17.8282 5.23271 -59.4732 -0.0550684 -0.99803 0.0300457
-16.9819 5.16674 -59.9214 -0.0722216 -0.996799 0.0342775
-16.2052 5.0926 -60.4295 -0.0725569 -0.996786 0.0339548
-15.0485 4.97602 -61.1737 -0.0831254 -0.995995 0.0329323
-14.1881 4.88334 -61.6139 -0.0854186 -0.995543 0.0399658
-13.0683 4.75998 -62.1456 -0.0971355 -0.994271 0.0446082
-12.3232 4.66101 -62.6783 -0.0987728 -0.994062 0.0456384
-11.2368 4.51924 -63.2617 -0.109501 -0.99302 0.0438354
-10.4485 4.41237 -63.7179 -0.111411 -0.992834 0.0431784
-9.43382 4.27577 -64.1959 -0.113443 -0.992617 0.0429273
-8.58899 4.15992 -64.6256 -0.1156 -0.992398 0.0422262
-7.55464 4.01854 -65.0477 -0.122484 -0.991423 0.0455909
-6.68582 3.89888 -65.2968 -0.123616 -0.99119 0.0475482
-5.77337 3.75886 -65.7583 -0.131268 -0.990345 0.0445685
-4.90317 3.62762 -66.1515 -0.129392 -0.990665 0.0428987
-3.44677 3.41786 -66.578 -0.130678 -0.990509 0.0426029
-2.44061 3.27611 -66.9804 -0.125113 -0.991507 0.0355055
-1.39293 3.13161 -67.3456 -0.123587 -0.991689 0.0357732
-0.49661 3.014 -67.5104 -0.123998 -0.991632 0.0359303
0.391926 2.8974 -67.6652 -0.123925 -0.99167 0.0351132
1.30109 2.7827 -67.7332 -0.122134 -0.991883 0.0353713
2.20832 2.67298 -67.7552 -0.121945 -0.992055 0.030929
3.13018 2.56263 -67.6927 -0.11703 -0.992689 0.0294971
4.22006 2.42837 -67.8647 -0.118742 -0.99254 0.0276409
5.1215 2.32165 -67.9584 -0.114329 -0.993111 0.0256688
6.02369 2.21752 -67.9676 -0.110295 -0.993597 0.0241122
7.11958 2.1017 -67.9775 -0.10436 -0.994268 0.0232609
8.08493 2.00235 -67.9978 -0.100474 -0.9947 0.0218028
9.81095 1.83696 -67.9178 -0.0928199 -0.995479 0.0201641
10.7929 1.74971 -67.8339 -0.0850856 -0.996157 0.0207807
12.2257 1.63329 -67.792 -0.0771175 -0.996857 0.0181021
13.2837 1.55538 -67.7546 -0.0711745 -0.997286 0.0188549
14.247 1.48723 -67.7209 -0.0699467 -0.997381 0.018372
15.2886 1.41942 -67.687 -0.0612867 -0.997949 0.0180957
16.3746 1.35289 -67.8454 -0.0590505 -0.998128 0.0159084
17.6008 1.28365 -68.0137 -0.0503669 -0.998615 0.0152075
18.8456 1.2228 -67.9241 -0.0490987 -0.998659 0.0164472
20.022 1.17341 -67.951 -0.0349933 -0.999282 0.0145336
21.1586 1.13653 -68.0047 -0.0284969 -0.999516 0.0124789
22.4666 1.10211 -67.903 -0.0228948 -0.999676 0.010831
23.5612 1.08212 -67.6826 -0.0185854 -0.999764 0.0109489
24.6684 1.07054 -67.4052 -0.0114207 -0.999864 0.0118952
25.6108 1.06415 -67.1546 -0.00771766 -0.999906 0.0112954
26.5551 1.05921 -66.9128 -0.00798729 -0.99991 0.0107449
27.4523 1.05922 -66.6088 -0.000340891 -0.999926 0.0121932
28.4608 1.06405 -66.2187 0.00102989 -0.999923 0.012387
29.8078 1.07598 -65.5933 0.00737475 -0.99988 0.0134363
30.7347 1.09108 -65.1567 0.00930127 -0.999847 0.0148142
31.5845 1.10681 -64.7155 0.0111765 -0.999841 0.0138987
32.364 1.12388 -64.2506 0.0151079 -0.999745 0.0167969
33.168 1.14579 -63.5951 0.0135025 -0.999779 0.0161074
34.0616 1.17503 -62.7491 0.0170044 -0.999684 0.0184883
34.8311 1.20256 -61.9773 0.0173738 -0.999686 0.0180396
35.2676 1.22731 -61.1065 0.0193534 -0.99963 0.0191081
35.5631 1.24979 -60.2205 0.018627 -0.99963 0.0197772
35.734 1.2804 -58.8458 0.0198482 -0.999609 0.0196808
35.737 1.30118 -57.8571 0.0224264 -0.999539 0.020426
35.7536 1.32251 -56.7728 0.0236878 -0.999518 0.020025
35.7723 1.34194 -55.8313 0.025723 -0.999481 0.0194141
35.7603 1.36008 -54.8812 0.0256122 -0.999486 0.0192592
35.4633 1.37701 -53.5018 0.0281111 -0.999439 0.0181823
35.4826 1.39017 -52.4512 0.0305055 -0.99949 0.00939898
35.7143 1.40793 -51.2964 0.0318256 -0.999466 0.00697167
35.7353 1.4131 -50.3781 0.0328047 -0.999454 0.00378376
35.7564 1.41203 -49.4414 0.0350138 -0.999382 -0.00315915
35.7378 1.40634 -48.361 0.0378857 -0.999248 -0.00822109
35.6739 1.39546 -47.4018 0.0383749 -0.99918 -0.0129061
35.3739 1.36857 -46.2212 0.038809 -0.999135 -0.0147929
34.6825 1.32591 -45.3206 0.0401046 -0.999057 -0.0166419
34.06 1.2876 -44.67 0.0409637 -0.998917 -0.022071
33.226 1.23713 -43.9686 0.0418875 -0.998848 -0.0233758
32.1939 1.17704 -43.2576 0.0407932 -0.998872 -0.0243211
31.3199 1.12688 -42.7512 0.04196 -0.998739 -0.0275771
30.1867 1.06283 -42.1687 0.0409401 -0.998753 -0.0285396
29.3362 1.01902 -41.819 0.0406996 -0.998724 -0.0298751
28.4286 0.975013 -41.522 0.036222 -0.998832 -0.0319769
27.4897 0.935632 -41.3138 0.030687 -0.99894 -0.0342966
26.3284 0.889164 -41.0169 0.0295062 -0.998852 -0.0377269
25.0585 0.840335 -40.7333 0.0248815 -0.998855 -0.0404687
24.0433 0.812611 -40.5497 0.0197674 -0.998896 -0.0426071
22.7813 0.783425 -40.4099 0.0163043 -0.998866 -0.0447228
21.5144 0.767528 -40.2647 0.0023884 -0.998938 -0.0460108
20.6064 0.763539 -40.2078 -0.00431602 -0.99883 -0.0477549
19.5832 0.774315 -40.22 -0.00819331 -0.998616 -0.0519155
18.6818 0.786816 -40.2944 -0.0146663 -0.998035 -0.0609105
17.603 0.811385 -40.3958 -0.0311378 -0.997727 -0.0592858
16.6294 0.849883 -40.4236 -0.037499 -0.9974 -0.0615416
15.715 0.891805 -40.4865 -0.0444975 -0.996998 -0.0633631
14.7635 0.937064 -40.4911 -0.0509193 -0.996531 -0.0658258
13.4298 1.01793 -40.5815 -0.0619528 -0.995705 -0.0687957
12.2714 1.0828 -40.3498 -0.0693785 -0.995462 -0.0651358
11.1208 1.15947 -40.2477 -0.0815596 -0.993509 -0.0793006
9.60329 1.27411 -40.0735 -0.0888952 -0.992916 -0.0787351
8.55362 1.35492 -39.8153 -0.102433 -0.991663 -0.07818
7.39349 1.46156 -39.6684 -0.109382 -0.990478 -0.0830854
6.41413 1.55569 -39.3507 -0.127877 -0.988816 -0.0767233
5.38038 1.66416 -39.0119 -0.138553 -0.987309 -0.0770542
4.74399 1.75828 -38.9957 -0.147761 -0.986103 -0.075941
20.323 1.14489 -49.3232 -0.0230487 -0.999363 -0.0272487
19.8043 1.18152 -50.2058 -0.0249047 -0.999278 -0.0286968
19.371 1.21637 -51.0433 -0.0303234 -0.999126 -0.0282377
19.0361 1.24627 -51.9299 -0.0386288 -0.999072 -0.0190705
18.7965 1.27585 -52.929 -0.0448034 -0.99888 -0.0151893
18.7957 1.29354 -54.1684 -0.0438688 -0.998975 -0.0110251
19.0291 1.29641 -55.5701 -0.043747 -0.999006 -0.00849056
19.3666 1.29025 -56.6387 -0.0357228 -0.999343 -0.00616498
19.9655 1.26926 -57.6548 -0.0366768 -0.999326 0.00149336
20.8555 1.23408 -58.5506 -0.0329692 -0.999437 0.00429183
22.0491 1.19629 -59.5051 -0.027515 -0.999609 0.00484435
23.1881 1.16347 -60.0708 -0.0210403 -0.999749 0.00654332
24.458 1.13936 -60.5162 -0.0176763 -0.999813 0.0075278
25.4284 1.12904 -60.6701 -0.00883274 -0.99992 0.00852543
26.5995 1.12321 -60.6111 -0.00139414 -0.999957 0.00917083
27.6286 1.12779 -60.3254 0.00439795 -0.999926 0.0111878
28.9729 1.14503 -59.7025 0.00937811 -0.999858 0.013991
29.7378 1.15961 -59.1728 0.012186 -0.999831 0.0134948
30.5929 1.18236 -58.5091 0.0157755 -0.999777 0.014065
31.6036 1.21622 -57.5006 0.0212248 -0.99965 0.0158152
32.121 1.2432 -56.4711 0.0234726 -0.999609 0.0151673
32.4534 1.26637 -55.4816 0.0245948 -0.999584 0.0150877
32.6288 1.2856 -54.3449 0.0257571 -0.999594 0.0121493
32.64 1.29718 -53.3684 0.0282146 -0.999558 0.00928257
32.464 1.30138 -52.412 0.0278638 -0.999589 0.00520666
32.2269 1.29674 -51.1865 0.0303484 -0.99953 -0.0014056
31.6231 1.27257 -50.1282 0.0284067 -0.999577 -0.00591172
30.9791 1.24831 -49.2349 0.0287358 -0.999566 -0.00645649
30.1203 1.21087 -48.6205 0.0307883 -0.999411 -0.0151803
29.0734 1.16679 -47.9181 0.030988 -0.999344 -0.0187176
28.2074 1.13087 -47.4643 0.0291517 -0.999314 -0.0224972
27.196 1.0969 -47.0983 0.0262819 -0.999432 -0.0209733
26.1666 1.06685 -46.8603 0.0227589 -0.999435 -0.0247421
25.1244 1.05115 -46.8121 0.00600897 -0.999576 -0.0280135
23.9936 1.04575 -46.9608 0.00875985 -0.999441 -0.0322616
23.0141 1.04999 -47.2603 0.00362463 -0.999726 -0.0231383
22.1193 1.06609 -47.6532 -0.013946 -0.999393 -0.0319154
21.1926 1.09861 -48.2812 -0.0160795 -0.999521 -0.0264613
20.4405 1.13759 -49.1547 -0.0227742 -0.999341 -0.0282558
21.2517 1.13491 -49.6727 -0.0194824 -0.999402 -0.0285749
20.7032 1.17142 -50.5574 -0.0187383 -0.999502 -0.025056
20.1927 1.20718 -51.6674 -0.0278892 -0.999366 -0.0219682
19.8011 1.23861 -52.7493 -0.0258228 -0.999506 -0.0178566
19.7265 1.25585 -53.6793 -0.0260956 -0.99955 -0.0146485
19.909 1.26593 -54.9844 -0.027513 -0.999587 -0.00763314
20.2303 1.26134 -56.2057 -0.0294609 -0.999564 -0.0020521
20.9867 1.23461 -57.3762 -0.0331712 -0.999441 0.00408839
22.0764 1.20231 -58.2972 -0.0245391 -0.999681 0.00557904
22.8387 1.18232 -58.8169 -0.0236523 -0.999695 0.00689801
23.7562 1.1598 -59.2776 -0.0160678 -0.999838 0.00808353
25.0172 1.13911 -59.662 -0.0123711 -0.999891 0.00810353
26.0598 1.13147 -59.7015 -0.00030277 -0.999964 0.00842357
26.949 1.1328 -59.5124 -0.000848506 -0.999961 0.00879708
28.0664 1.14285 -59.1005 0.00569079 -0.999925 0.0108132
29.0045 1.15858 -58.5463 0.0119229 -0.999855 0.0121642
29.7237 1.1738 -58.0004 0.0147362 -0.999813 0.0122293
30.8213 1.20806 -56.898 0.0180184 -0.99974 0.0139462
31.3952 1.23895 -55.6846 0.0223208 -0.999635 0.0151988
31.5802 1.25456 -54.7698 0.0239261 -0.999638 0.0123392
31.64 1.26729 -53.8066 0.0260841 -0.999631 0.00753777
31.5594 1.27215 -52.8841 0.0267342 -0.999606 0.00848162
31.3306 1.2699 -51.8542 0.0275676 -0.999619 0.0013829
30.8456 1.25512 -50.6482 0.0273967 -0.999597 -0.00734749
30.0094 1.22317 -49.6597 0.0284632 -0.999566 -0.00745848
29.036 1.1854 -48.9787 0.029531 -0.999417 -0.0170106
27.6749 1.13216 -48.2623 0.0276983 -0.999427 -0.0194449
26.5983 1.09943 -47.9419 0.0184499 -0.999622 -0.0203866
25.543 1.07585 -47.7972 0.0127833 -0.999573 -0.024308
24.5292 1.0706 -47.8286 0.00713629 -0.999793 -0.019073
23.4788 1.07182 -48.1336 0.0029431 -0.999731 -0.0230085
22.5353 1.08807 -48.5666 -0.00947301 -0.99969 -0.0230068
21.6617 1.11405 -49.2009 -0.0177094 -0.999524 -0.0252701
21.5267 1.11935 -49.316 -0.018596 -0.999463 -0.0269224
22.2093 1.12462 -50.0344 -0.0168668 -0.999563 -0.0230419
21.5763 1.16094 -50.9031 -0.0237138 -0.999499 -0.0206708
21.0219 1.19825 -52.2954 -0.0237759 -0.999563 -0.0175773
20.7201 1.22341 -53.244 -0.0269036 -0.999544 -0.0136938
20.7387 1.2354 -54.2106 -0.0287658 -0.999525 -0.010562
21.0331 1.23516 -55.4586 -0.0295821 -0.999548 -0.00530577
21.4745 1.22343 -56.4695 -0.0248114 -0.999689 -0.000455393
22.1042 1.20594 -57.1303 -0.0225126 -0.99974 0.00169635
22.8154 1.19066 -57.6903 -0.020406 -0.999753 0.00878232
23.8825 1.16564 -58.299 -0.0167907 -0.999832 0.00732585
24.8665 1.14901 -58.6606 -0.0124768 -0.999891 0.00785236
25.9277 1.13868 -58.7584 -0.00232881 -0.999961 0.00825723
27.0185 1.14294 -58.4587 0.00643719 -0.999931 0.00987427
28.1615 1.15469 -58.0023 0.0094601 -0.999896 0.0103925
29.005 1.17215 -57.3895 0.0125515 -0.999859 0.011185
29.7637 1.19067 -56.714 0.0201924 -0.999717 0.0125804
30.3855 1.21562 -55.7006 0.0208776 -0.999711 0.011888
30.6225 1.23606 -54.4776 0.0226746 -0.999681 0.0109418
30.6236 1.24844 -53.0104 0.0223516 -0.99972 0.00779413
30.3668 1.24472 -52.0027 0.0241438 -0.999708 -0.000208056
29.845 1.22999 -50.9402 0.0271379 -0.999605 -0.00708629
29.0535 1.20091 -50.166 0.0291042 -0.999516 -0.0109464
28.1458 1.16917 -49.5149 0.0269044 -0.999519 -0.0149117
27.2942 1.13722 -49.0871 0.0281932 -0.999431 -0.0185227
26.3423 1.11352 -48.8599 0.0183719 -0.999621 -0.020483
25.3663 1.09508 -48.7854 0.00726549 -0.999784 -0.0194584
24.414 1.08985 -48.8061 0.00337978 -0.999741 -0.0225132
23.2017 1.09805 -49.2787 -0.00410012 -0.9997 -0.0234986
22.6641 1.111 -49.6194 -0.00963485 -0.999693 -0.0228053
22.4139 1.11762 -49.804 -0.00943898 -0.999703 -0.0224703
