-12.8793 8.47189 -45.5671 0.00588332 -0.998512 -0.0542158
-12.227 8.51639 -46.3619 0.00319507 -0.998674 -0.0513873
-11.5702 8.56118 -47.1887 0.00425982 -0.998779 -0.0492256
-10.7735 8.60491 -48.0746 -4.29719e-05 -0.999001 -0.0446926
-10.052 8.63273 -48.6998 -0.00143179 -0.999161 -0.0409069
-9.14693 8.66397 -49.5336 -0.00260088 -0.999227 -0.0392155
-8.28618 8.68417 -50.2254 -0.00520984 -0.999437 -0.0331542
-7.14476 8.70652 -51.1076 -0.0047807 -0.999508 -0.0309851
-6.0867 8.7281 -51.9611 -0.00453396 -0.999538 -0.0300543
-4.96669 8.74819 -52.7168 -0.00109045 -0.999567 -0.0293879
-4.06164 8.75943 -53.1251 0.00176047 -0.999603 -0.0281222
-2.79554 8.76649 -53.3589 0.000810659 -0.999691 -0.0248638
-1.81 8.76948 -53.417 0.00183157 -0.999681 -0.025179
-0.70383 8.77409 -53.3904 0.00818689 -0.999645 -0.0253531
0.580845 8.7812 -53.2473 0.0098612 -0.999619 -0.0257591
1.47981 8.78508 -53.0159 0.0111184 -0.999589 -0.0264309
2.49404 8.78356 -52.518 0.0115094 -0.999588 -0.0262908
3.4981 8.78368 -52.0113 0.0144216 -0.999457 -0.0296245
4.5898 8.78224 -51.4552 0.0155728 -0.999402 -0.0307913
5.74228 8.79013 -51.047 0.0174018 -0.999335 -0.0320257
6.71574 8.79208 -50.641 0.0175716 -0.999182 -0.0364108
7.58035 8.79104 -50.2033 0.0165679 -0.999099 -0.0389954
8.62465 8.78196 -49.571 0.0166395 -0.999005 -0.0413831
9.46668 8.75674 -48.7153 0.0159923 -0.998875 -0.0446346
9.99696 8.72858 -47.9474 0.0157017 -0.998633 -0.0498539
10.4989 8.68646 -46.9652 0.0133755 -0.998603 -0.0511121
11.0352 8.62973 -45.7832 0.0123569 -0.998246 -0.0578972
11.4487 8.58009 -44.8278 0.00798949 -0.998411 -0.0557545
12.1221 8.49872 -43.3864 0.00557102 -0.998164 -0.0602989
12.6732 8.42618 -42.2261 0.00745131 -0.99778 -0.0661813
13.1197 8.37209 -41.3647 0.00718939 -0.997768 -0.0663837
13.5243 8.31401 -40.5372 -8.21533e-05 -0.997588 -0.0694122
14.1006 8.24752 -39.6383 -0.00529877 -0.997105 -0.0758566
14.7007 8.17169 -38.7055 -0.00494465 -0.996821 -0.0795219
15.4723 8.07322 -37.546 -0.00814987 -0.996685 -0.0809477
16.24 7.97511 -36.4739 -0.0132109 -0.996291 -0.0849657
16.9765 7.87357 -35.401 -0.017515 -0.996101 -0.0864597
17.577 7.78954 -34.5548 -0.0167317 -0.996092 -0.0867191
18.1999 7.69955 -33.6435 -0.0191708 -0.995761 -0.0898805
18.8672 7.58338 -32.5313 -0.0178197 -0.995572 -0.0922958
19.3236 7.48256 -31.5825 -0.0212678 -0.995237 -0.095124
19.7449 7.38443 -30.7046 -0.0245432 -0.994553 -0.101303
20.061 7.28851 -29.8377 -0.024008 -0.994476 -0.102173
20.6843 7.11946 -28.3529 -0.0296946 -0.994221 -0.103118
21.5961 6.95704 -27.1074 -0.0321508 -0.99376 -0.106805
22.3827 6.83419 -26.2258 -0.0346751 -0.993695 -0.106616
22.9478 6.69166 -25.0731 -0.0338937 -0.993757 -0.106295
23.5763 6.58748 -24.295 -0.0334234 -0.993806 -0.105987
24.2092 6.47873 -23.4873 -0.0327798 -0.993545 -0.108571
24.9798 6.33864 -22.4141 -0.030762 -0.99355 -0.109138
25.5438 6.19696 -21.2787 -0.02694 -0.99317 -0.113442
26.1418 6.00509 -19.7563 -0.0221292 -0.993243 -0.113926
26.6723 5.86059 -18.6179 -0.0203978 -0.993088 -0.115583
26.3136 5.78613 -17.9327 -0.0212158 -0.992663 -0.119004
25.4126 5.83804 -18.1857 -0.0233592 -0.992844 -0.117104
24.8544 6.00864 -19.5325 -0.0268375 -0.992725 -0.117359
24.5495 6.12191 -20.413 -0.0282683 -0.992687 -0.117357
24.1304 6.24613 -21.3695 -0.0274456 -0.992922 -0.115551
23.8375 6.34966 -22.1925 -0.0307626 -0.99355 -0.109138
23.4526 6.45636 -23.0415 -0.0350529 -0.993387 -0.109329
23.124 6.56969 -23.9858 -0.0333971 -0.993796 -0.106086
22.2926 6.6444 -24.428 -0.0320717 -0.993787 -0.106575
21.7839 6.75568 -25.3102 -0.0327296 -0.993677 -0.107399
21.1138 6.85209 -25.9904 -0.0328542 -0.993654 -0.107572
20.4474 6.96057 -26.7945 -0.0321501 -0.99376 -0.106805
19.9092 7.05621 -27.5347 -0.0306761 -0.993904 -0.105894
19.0277 7.1887 -28.5561 -0.0305047 -0.994443 -0.100758
18.224 7.28594 -29.2812 -0.0291169 -0.994783 -0.0977679
17.2387 7.38864 -30.0316 -0.027958 -0.995078 -0.0950186
16.5467 7.46232 -30.6265 -0.0266519 -0.995379 -0.0922493
15.6105 7.55822 -31.4151 -0.0244418 -0.99606 -0.0852445
14.7949 7.63159 -32.0391 -0.023701 -0.996154 -0.0843443
13.7046 7.71069 -32.6753 -0.0242659 -0.996258 -0.0829585
12.3639 7.79619 -33.409 -0.0191943 -0.99664 -0.0796241
10.9514 7.88373 -34.2048 -0.017027 -0.997043 -0.0749292
10.0877 7.92014 -34.5361 -0.0126404 -0.997226 -0.0733533
8.96178 7.95622 -34.8252 -0.0137331 -0.997202 -0.0734869
8.08338 7.98591 -35.0832 -0.0107351 -0.997322 -0.0723479
7.0496 8.02057 -35.4741 -0.00468622 -0.997749 -0.0668898
6.14033 8.04667 -35.7667 -0.00737702 -0.997855 -0.0650434
4.95677 8.07098 -36.0467 -0.00333578 -0.998126 -0.0610986
3.81457 8.08229 -36.1539 -0.00434295 -0.998222 -0.0594555
2.64851 8.08916 -36.2115 -0.00171525 -0.998228 -0.0594831
1.37724 8.09716 -36.3252 -0.00081892 -0.998419 -0.0561971
0.0717811 8.09664 -36.3527 0.00398552 -0.998414 -0.0561648
-0.943028 8.08816 -36.2699 0.0037776 -0.998353 -0.0572259
-2.42002 8.07177 -36.1569 0.0101331 -0.998229 -0.0585629
-3.63349 8.05218 -36.0186 0.0105231 -0.998091 -0.0608597
-4.67738 8.0295 -35.8323 0.0126114 -0.99792 -0.0632039
-5.74165 8.00707 -35.6478 0.0104986 -0.998031 -0.0616719
-6.98871 7.96049 -35.2599 0.0199083 -0.9978 -0.0632307
-8.15551 7.91822 -34.8863 0.0190767 -0.997612 -0.0663532
-9.12587 7.87425 -34.5315 0.0205156 -0.997542 -0.066997
-9.96607 7.83207 -34.2065 0.0229289 -0.997257 -0.0703735
-11.0666 7.76985 -33.6637 0.0212134 -0.997167 -0.0721635
-11.894 7.72065 -33.2274 0.0226733 -0.996844 -0.0760413
-12.8145 7.6572 -32.7194 0.0264281 -0.996709 -0.0766278
-13.6117 7.59662 -32.2189 0.0275695 -0.996606 -0.0775624
-14.4732 7.52737 -31.6321 0.0277606 -0.996319 -0.0811026
-15.2427 7.46058 -31.0749 0.0289962 -0.996311 -0.0807647
-16.3552 7.34824 -30.1698 0.0314811 -0.995788 -0.0861127
-17.2271 7.25232 -29.3915 0.034004 -0.995569 -0.0876567
-18.1317 7.14513 -28.5502 0.0326786 -0.995457 -0.0893931
-18.8235 7.05321 -27.7977 0.0333772 -0.995209 -0.0918954
-19.627 6.93162 -26.8001 0.0378212 -0.994728 -0.0953219
-20.291 6.82605 -25.9706 0.0370172 -0.994639 -0.0965516
-21.0661 6.71068 -25.0702 0.0368983 -0.994303 -0.099929
-21.8145 6.5872 -24.1183 0.0316373 -0.99428 -0.102015
-22.2664 6.48933 -23.3329 0.0325125 -0.993746 -0.106825
-22.6735 6.37866 -22.4222 0.0324731 -0.993941 -0.105009
-23.0469 6.2756 -21.6036 0.0318613 -0.992947 -0.114199
-23.5067 6.13917 -20.5562 0.0323123 -0.992584 -0.117147
-23.8138 6.03021 -19.7081 0.0292899 -0.992708 -0.116931
-24.3839 5.89268 -18.6787 0.0289971 -0.992789 -0.116318
-25.4282 5.84172 -18.494 0.0266119 -0.992841 -0.116445
-26.3871 5.82565 -18.5575 0.0210394 -0.992821 -0.117747
-26.968 5.87197 -19.0519 0.0203074 -0.993335 -0.113376
-26.6101 6.01469 -20.2957 0.0218314 -0.993955 -0.107599
-26.2474 6.15969 -21.5251 0.0316154 -0.993443 -0.109871
-25.7984 6.29604 -22.6282 0.0312687 -0.993543 -0.10906
-25.3179 6.43076 -23.7274 0.0316572 -0.993796 -0.106604
-24.8456 6.55222 -24.7332 0.0318994 -0.993954 -0.105061
-24.4925 6.65331 -25.5831 0.0303439 -0.99428 -0.10238
-24.0605 6.77951 -26.7017 0.0282518 -0.994453 -0.101316
-23.6292 6.90103 -27.7786 0.0274679 -0.994556 -0.10052
-23.1185 7.02611 -28.8803 0.0275135 -0.994644 -0.0996247
-22.6103 7.13122 -29.7959 0.0280964 -0.994671 -0.0991959
-22.0222 7.25195 -30.8859 0.0248235 -0.995024 -0.0964895
-21.5802 7.35817 -31.9267 0.0231849 -0.995489 -0.091993
-21.0956 7.47105 -33.0706 0.0212264 -0.995809 -0.0889642
-20.4885 7.58688 -34.2781 0.0212484 -0.996118 -0.0853998
-19.8825 7.69568 -35.4211 0.0222149 -0.99633 -0.0826623
-19.4186 7.76943 -36.1953 0.0219624 -0.996407 -0.0817907
-18.8573 7.84495 -36.9866 0.0206046 -0.996735 -0.0780687
-18.3435 7.91691 -37.7698 0.0192988 -0.996789 -0.077699
-17.6941 8.01413 -38.9438 0.0158168 -0.997354 -0.0709179
-17.1129 8.09012 -39.9174 0.0139636 -0.997598 -0.0678323
-16.472 8.16138 -40.8586 0.0126645 -0.997674 -0.0669766
-15.9148 8.22028 -41.6902 0.00933844 -0.997955 -0.0632283
-15.3064 8.27675 -42.4907 0.00999368 -0.998189 -0.0593153
-14.3668 8.35733 -43.6952 0.00917627 -0.998251 -0.058388
-13.7126 8.41025 -44.5355 0.00834688 -0.998398 -0.0559558
-13.1535 8.45279 -45.2451 0.00588829 -0.998515 -0.054157
-13.0697 8.45881 -45.3469 0.0058834 -0.998512 -0.0542149
-13.8818 8.49764 -46.1369 0.00364943 -0.998483 -0.0549484
-14.6291 8.44136 -45.1872 0.00538397 -0.998381 -0.0566227
-15.3656 8.38113 -44.2283 0.00738342 -0.99823 -0.0590163
-15.9314 8.33338 -43.5036 0.00634251 -0.998137 -0.0606762
-16.5717 8.27432 -42.6435 0.00963753 -0.997924 -0.0636707
-17.425 8.18317 -41.3606 0.0124705 -0.997762 -0.0656779
-18.2094 8.09118 -40.1669 0.0146084 -0.997535 -0.0686405
-18.6949 8.02562 -39.3368 0.017113 -0.997201 -0.0727761
-19.2967 7.93991 -38.3037 0.0170939 -0.997202 -0.0727719
-19.8091 7.87124 -37.5515 0.0190754 -0.99664 -0.0796603
-20.4348 7.78451 -36.6423 0.0210155 -0.996375 -0.0824292
-21.0387 7.68811 -35.6186 0.0194457 -0.99642 -0.0822761
-21.505 7.60943 -34.7865 0.0200944 -0.996268 -0.0839368
-22.0485 7.51243 -33.7482 0.0136343 -0.995911 -0.0890963
-22.4762 7.41054 -32.7195 0.0208425 -0.995823 -0.088896
-22.8199 7.32667 -31.8816 0.0229986 -0.995464 -0.0923152
-23.3413 7.20945 -30.7809 0.0251479 -0.994917 -0.0974957
-23.9697 7.07712 -29.6178 0.0262916 -0.99466 -0.0998022
-24.4539 6.96485 -28.6293 0.0261664 -0.994542 -0.100998
-24.8531 6.85272 -27.6351 0.0268128 -0.994363 -0.102586
-25.3394 6.70141 -26.3107 0.0324386 -0.994103 -0.103476
-25.6949 6.60238 -25.4737 0.0317472 -0.994084 -0.103867
-26.2611 6.45826 -24.2668 0.0312775 -0.993891 -0.105841
-26.7216 6.32635 -23.1753 0.0316741 -0.993696 -0.107537
-27.1834 6.18587 -21.9991 0.0252702 -0.993589 -0.110196
-27.4913 6.07315 -21.0136 0.0224898 -0.993998 -0.107055
-27.7857 5.9513 -19.946 0.0211943 -0.994022 -0.107107
-28.2842 5.80478 -18.7383 0.0223774 -0.993029 -0.115724
-28.1568 5.67487 -17.6142 0.0226564 -0.992365 -0.121239
-27.1611 5.66141 -17.3204 0.0222808 -0.992375 -0.121221
-25.7963 5.69296 -17.3108 0.0247508 -0.992638 -0.118567
-24.884 5.71689 -17.3151 0.0286825 -0.992589 -0.118085
-23.8352 5.75666 -17.3956 0.0294411 -0.992671 -0.117204
-23.1475 5.89588 -18.3976 0.0306551 -0.992672 -0.116885
-22.7686 6.04375 -19.5272 0.0352451 -0.992452 -0.117457
-22.4436 6.15575 -20.3763 0.0339606 -0.9928 -0.11483
-21.9265 6.28798 -21.3912 0.0346799 -0.993216 -0.110985
-21.4832 6.41371 -22.3917 0.0339442 -0.993376 -0.109784
-20.9713 6.53502 -23.364 0.0347384 -0.993642 -0.107069
-20.3275 6.64644 -24.189 0.0361175 -0.993792 -0.105225
-19.708 6.75 -24.9636 0.0370172 -0.994639 -0.0965515
-18.9604 6.86763 -25.8766 0.0389741 -0.994581 -0.0963801
-18.3624 6.96248 -26.6356 0.0353687 -0.995094 -0.092386
-17.7569 7.05164 -27.375 0.03606 -0.995177 -0.0912234
-17.0841 7.13982 -28.0648 0.036295 -0.995312 -0.0896236
-16.0474 7.25625 -28.9967 0.0318323 -0.995765 -0.0862494
-15.3529 7.33024 -29.5967 0.0307087 -0.99584 -0.0857911
-14.3516 7.42689 -30.3651 0.0288709 -0.996058 -0.0838341
-13.4695 7.50332 -30.9824 0.0303795 -0.996209 -0.081512
-12.6846 7.56665 -31.509 0.0274415 -0.996536 -0.0785029
-11.9173 7.62282 -31.9758 0.0247395 -0.996727 -0.0769572
-10.846 7.69078 -32.5385 0.0232588 -0.997028 -0.0733931
-9.74112 7.75899 -33.1026 0.022857 -0.997213 -0.0710222
-8.79626 7.80793 -33.488 0.0226157 -0.997248 -0.0706047
-7.85922 7.85229 -33.8323 0.0171435 -0.997271 -0.0717931
-6.98414 7.88889 -34.1528 0.0166352 -0.997378 -0.0704237
-6.1038 7.92301 -34.4639 0.013553 -0.997594 -0.0679854
-4.97607 7.95372 -34.7106 0.0141667 -0.997872 -0.0636424
-4.08732 7.97472 -34.8574 0.0116554 -0.99801 -0.0619655
-2.71095 7.99997 -35.0386 0.00955174 -0.99789 -0.064185
-1.74909 8.01551 -35.1239 0.00668826 -0.997678 -0.0677796
-0.697901 8.02549 -35.2058 0.00348322 -0.998184 -0.0600819
0.226855 8.03367 -35.2513 0.00524078 -0.998093 -0.0614782
1.37471 8.03318 -35.2036 -0.00162752 -0.998341 -0.0575633
2.65219 8.02327 -35.081 -0.00284436 -0.998338 -0.0575619
3.76669 8.01429 -35.0352 -0.00494298 -0.998046 -0.0622942
4.72862 8.00725 -34.9967 -0.0054696 -0.997989 -0.0630878
5.87527 7.98063 -34.7236 -0.00754239 -0.997859 -0.0649679
6.9593 7.94428 -34.3244 -0.0084006 -0.997619 -0.0684599
7.99963 7.90696 -33.958 -0.0139604 -0.996996 -0.076176
9.45472 7.85857 -33.6025 -0.0137702 -0.997086 -0.075032
10.538 7.81545 -33.2225 -0.0149738 -0.996867 -0.0776043
11.7367 7.73634 -32.5086 -0.0192498 -0.996631 -0.0797289
12.9336 7.65895 -31.8317 -0.0213919 -0.996681 -0.0785407
13.7921 7.60183 -31.3782 -0.0247125 -0.99642 -0.080853
14.7409 7.52049 -30.7267 -0.0268789 -0.996013 -0.0850247
15.6939 7.42401 -29.944 -0.0277955 -0.995467 -0.0909545
16.7008 7.3154 -29.1048 -0.02945 -0.995004 -0.0953962
17.4497 7.23547 -28.5163 -0.0318857 -0.99469 -0.0978502
18.512 7.10971 -27.591 -0.0339162 -0.994341 -0.100639
19.1103 7.01041 -26.8363 -0.0344598 -0.994072 -0.103119
19.8667 6.87912 -25.8459 -0.0354864 -0.99367 -0.106584
20.5618 6.76622 -25.0219 -0.0347035 -0.993568 -0.107791
21.2884 6.64417 -24.1225 -0.0314534 -0.993822 -0.106431
21.9537 6.53002 -23.2564 -0.032075 -0.993555 -0.108689
22.6116 6.38189 -22.1229 -0.0325615 -0.993105 -0.112606
22.9974 6.27186 -21.2734 -0.0329719 -0.992924 -0.114083
23.4616 6.14816 -20.3657 -0.0329114 -0.99216 -0.120562
23.8343 6.02958 -19.465 -0.0282336 -0.992505 -0.118897
24.2055 5.88996 -18.3725 -0.0247365 -0.992721 -0.117851
24.6043 5.74851 -17.2782 -0.0231762 -0.99264 -0.118864
25.2985 5.66126 -16.6849 -0.0234414 -0.992638 -0.118828
26.5427 5.6496 -16.8464 -0.0252733 -0.99198 -0.123834
27.6437 5.62737 -16.8836 -0.0251381 -0.991956 -0.124061
28.259 5.65462 -17.2318 -0.0247522 -0.99212 -0.12281
27.8603 5.83089 -18.6077 -0.0280402 -0.992836 -0.116151
27.4964 5.93616 -19.4356 -0.0253215 -0.99287 -0.116462
26.9473 6.09564 -20.6957 -0.020289 -0.993202 -0.11462
26.5155 6.22746 -21.81 -0.0252288 -0.993918 -0.107116
26.0681 6.33186 -22.6505 -0.0289311 -0.993862 -0.106775
25.3729 6.46589 -23.7 -0.0313038 -0.99393 -0.105446
24.5867 6.60424 -24.7733 -0.0335143 -0.993835 -0.105685
23.9359 6.73126 -25.7584 -0.0338609 -0.993818 -0.10573
23.3299 6.8598 -26.769 -0.0345417 -0.993769 -0.105971
22.5562 6.99923 -27.7863 -0.0360059 -0.993004 -0.112456
21.8698 7.12031 -28.6706 -0.0274419 -0.993919 -0.106615
21.3139 7.25642 -29.8237 -0.02559 -0.994251 -0.103959
20.9905 7.35201 -30.6828 -0.0224821 -0.994551 -0.101786
20.5896 7.44478 -31.5097 -0.0221598 -0.994806 -0.0993005
20.0309 7.56704 -32.6134 -0.0220437 -0.995044 -0.0969552
19.34 7.7048 -33.9147 -0.0158459 -0.995456 -0.0938984
18.6416 7.81348 -34.9905 -0.0112903 -0.99591 -0.0896418
17.9861 7.90332 -35.9053 -0.0117013 -0.995961 -0.0890069
17.4382 7.98416 -36.7354 -0.00995572 -0.996013 -0.0886499
16.9033 8.05916 -37.5168 -0.0102755 -0.996357 -0.0845492
16.2168 8.14368 -38.4685 -0.0072914 -0.996496 -0.0833273
15.5431 8.23264 -39.5219 -0.00543435 -0.996805 -0.0796854
15.0069 8.29112 -40.2479 -0.000769128 -0.99678 -0.0801791
14.4468 8.36173 -41.1686 0.00641262 -0.997238 -0.0740013
14.0351 8.42027 -41.9931 0.00662386 -0.997162 -0.0749812
13.4224 8.49358 -43.1579 0.00745067 -0.99778 -0.0661809
12.8952 8.56772 -44.3804 0.00928656 -0.998018 -0.0622089
12.4358 8.62186 -45.3231 0.0127824 -0.9981 -0.0601787
11.9957 8.67271 -46.3192 0.0133931 -0.998248 -0.0576154
11.5757 8.71721 -47.2565 0.0164483 -0.998447 -0.0532163
11.128 8.75718 -48.1642 0.0146925 -0.998593 -0.0509259
10.5657 8.79907 -49.2431 0.016168 -0.998822 -0.0457436
9.94366 8.81811 -49.9087 0.0166851 -0.998918 -0.043405
9.22107 8.82953 -50.4944 0.0196346 -0.99899 -0.0404224
8.27022 8.83544 -51.0694 0.018407 -0.999131 -0.0374004
7.47235 8.83703 -51.5069 0.0201734 -0.999155 -0.0357442
6.3237 8.83348 -52.0764 0.0184217 -0.999321 -0.0318973
5.42919 8.82681 -52.3954 0.0191318 -0.999398 -0.0289248
4.21561 8.81835 -52.9406 0.0204144 -0.999392 -0.0282594
3.35341 8.81634 -53.3834 0.0129066 -0.999588 -0.0256046
2.09529 8.81502 -53.9789 0.0105554 -0.999738 -0.0202161
1.09535 8.81205 -54.2992 0.0109374 -0.999691 -0.0222998
0.12622 8.80754 -54.4747 0.00815265 -0.999672 -0.0242723
-1.07459 8.8001 -54.5434 0.00661353 -0.999655 -0.0254291
-2.20174 8.79628 -54.5389 0.00136004 -0.999729 -0.0232499
-3.25679 8.79429 -54.4826 -0.0003739 -0.999728 -0.0232283
-4.28324 8.78897 -54.2904 -0.00060285 -0.999684 -0.0251187
-5.22068 8.78039 -53.8845 -0.000927738 -0.999657 -0.0261295
-6.16958 8.76659 -53.3014 -0.00344341 -0.999605 -0.0279064
-6.97577 8.75186 -52.6705 -0.00434572 -0.999597 -0.0280447
-7.87054 8.73594 -51.9114 -0.00659966 -0.999542 -0.0294393
-9.02101 8.71768 -51.054 -0.00865359 -0.99949 -0.0307449
-10.0513 8.6957 -50.2297 -0.00658324 -0.99933 -0.0360129
-11.0258 8.66273 -49.3322 -0.00445299 -0.999095 -0.0422905
-11.841 8.62634 -48.5475 -0.00122825 -0.998868 -0.0475571
-12.5944 8.58222 -47.6655 0.00103914 -0.998785 -0.049279
-13.3972 8.52864 -46.6724 0.00280564 -0.998663 -0.0516242
-13.4665 8.524 -46.5883 0.0038332 -0.998527 -0.0541172
-14.5332 8.55166 -47.187 0.00401699 -0.998571 -0.0532853
-13.885 8.5916 -47.9127 0.00247656 -0.998661 -0.0516696
-13.139 8.63631 -48.7677 -0.00118992 -0.998752 -0.0498861
-12.3673 8.6805 -49.6625 -0.00180632 -0.998862 -0.0476642
-11.6782 8.70637 -50.2836 -0.00503284 -0.999061 -0.0430364
-10.9245 8.72834 -50.9422 -0.00793274 -0.999255 -0.0377569
-9.87157 8.74654 -51.7724 -0.00906404 -0.999518 -0.0296774
-8.85667 8.7591 -52.5126 -0.00826822 -0.999602 -0.0269361
-7.97164 8.77298 -53.2723 -0.00598942 -0.999664 -0.0251767
-6.93746 8.79114 -54.1566 -0.00401924 -0.999667 -0.0255039
-5.99016 8.80408 -54.8024 -0.00233392 -0.999713 -0.0238387
-5.01064 8.81545 -55.339 -0.000833762 -0.999711 -0.024008
-4.00795 8.82013 -55.6208 -0.00253391 -0.999729 -0.0231244
-2.68491 8.81959 -55.6556 0.000627282 -0.999872 -0.0159967
-1.44466 8.82349 -55.647 0.00613376 -0.999788 -0.019673
-0.426136 8.82862 -55.6056 0.0109444 -0.999688 -0.021772
0.871225 8.84131 -55.5095 0.00856364 -0.999541 -0.0290574
2.08828 8.83739 -55.1831 0.00752006 -0.999892 -0.0126251
2.95603 8.84278 -54.8277 0.0135105 -0.999697 -0.0205543
4.07601 8.85032 -54.2829 0.0199242 -0.999563 -0.0218396
5.28586 8.86126 -53.7081 0.0219459 -0.999484 -0.0233116
6.49612 8.8733 -53.1957 0.0231124 -0.999181 -0.0332173
7.37154 8.88167 -52.853 0.0222446 -0.999171 -0.0340794
8.46015 8.88326 -52.2711 0.0183632 -0.999157 -0.0367057
9.69053 8.88181 -51.5116 0.0208326 -0.998805 -0.044207
10.5752 8.87147 -50.8387 0.0237589 -0.998837 -0.0415988
11.3143 8.85829 -50.1852 0.0237699 -0.998611 -0.0470268
11.7754 8.82965 -49.4008 0.0209301 -0.998601 -0.0485604
12.3087 8.78474 -48.3015 0.0173467 -0.998449 -0.0529047
12.7329 8.7495 -47.4857 0.020389 -0.998232 -0.0557667
13.154 8.70116 -46.4718 0.0168547 -0.998042 -0.0602292
13.5477 8.64977 -45.5252 0.0156209 -0.997948 -0.0620809
13.9544 8.59526 -44.5917 0.0134919 -0.997661 -0.0670061
14.393 8.53293 -43.5403 0.016787 -0.997621 -0.0668494
14.9246 8.48343 -42.7421 0.00683199 -0.997087 -0.0759624
15.36 8.4192 -41.8556 0.00702334 -0.99683 -0.0791766
15.8375 8.35404 -41.0341 0.00109348 -0.996132 -0.0877006
16.5303 8.28673 -40.2558 -0.00530016 -0.996712 -0.0808504
16.962 8.21839 -39.4418 -0.00372622 -0.996732 -0.080679
17.4633 8.15441 -38.7089 -0.00694904 -0.996296 -0.0856745
18.0832 8.09336 -38.0364 -0.00888345 -0.99626 -0.0859036
18.6199 7.99654 -37.003 -0.00826897 -0.996016 -0.0887915
19.1971 7.92568 -36.2761 -0.00897348 -0.99576 -0.0915487
19.8742 7.81281 -35.1294 -0.00947766 -0.995464 -0.094641
20.3355 7.72953 -34.3204 -0.0129566 -0.995066 -0.0983026
20.952 7.61524 -33.2756 -0.0163182 -0.994966 -0.0988758
21.5417 7.48014 -32.0435 -0.0215322 -0.994715 -0.100348
22.0414 7.38061 -31.1345 -0.0131535 -0.994686 -0.102116
22.5473 7.2552 -30.0266 -0.0165107 -0.993554 -0.112147
22.9183 7.15202 -29.1918 -0.0266843 -0.992648 -0.11799
23.5694 7.03296 -28.3896 -0.0440213 -0.992176 -0.116599
24.1538 6.91402 -27.5339 -0.0350248 -0.993379 -0.109237
24.8021 6.78122 -26.4905 -0.0288496 -0.993674 -0.10853
25.3532 6.67093 -25.654 -0.0368899 -0.994055 -0.102443
25.8766 6.56158 -24.7776 -0.0318724 -0.994281 -0.101932
26.5876 6.45062 -23.922 -0.0310349 -0.994166 -0.1033
27.2295 6.31266 -22.7858 -0.0277146 -0.994423 -0.101747
27.6623 6.21778 -21.9648 -0.0233762 -0.994806 -0.0989689
27.9797 6.11925 -21.0927 -0.0136968 -0.993752 -0.110768
28.4098 5.97703 -19.9731 -0.0257572 -0.99266 -0.118163
28.778 5.86321 -19.118 -0.030674 -0.992831 -0.115522
29.247 5.71028 -17.9146 -0.0276972 -0.993128 -0.113712
29.5857 5.58163 -16.9064 -0.0263139 -0.992272 -0.121262
29.8517 5.45233 -15.9543 -0.0331801 -0.991489 -0.125665
29.0503 5.39311 -15.2671 -0.0210886 -0.992147 -0.12329
27.9101 5.47974 -15.7584 -0.0236616 -0.991932 -0.124539
26.87 5.50641 -15.7662 -0.0252733 -0.99198 -0.123835
25.8134 5.51852 -15.6155 -0.0303119 -0.992564 -0.117893
24.8992 5.50999 -15.3179 -0.0276424 -0.992783 -0.116698
24.1077 5.57544 -15.708 -0.0167932 -0.99328 -0.114485
23.713 5.693 -16.6497 -0.0206361 -0.992611 -0.119472
23.2925 5.86814 -18.0023 -0.0254497 -0.992495 -0.119604
22.8144 6.03746 -19.2939 -0.027267 -0.992491 -0.11924
22.3336 6.17512 -20.2612 -0.0359114 -0.992223 -0.119181
21.6937 6.34365 -21.5152 -0.0343375 -0.993029 -0.112754
21.0636 6.49296 -22.652 -0.0344518 -0.993354 -0.109823
20.1302 6.62296 -23.59 -0.0322355 -0.993605 -0.108192
19.3244 6.79662 -24.8998 -0.0356514 -0.993446 -0.108591
18.2847 6.97475 -26.1834 -0.0395597 -0.99382 -0.103611
17.6647 7.07236 -26.9183 -0.038815 -0.99435 -0.0987996
16.867 7.1682 -27.6145 -0.0356316 -0.994949 -0.0938417
16.1481 7.24706 -28.1952 -0.0327267 -0.995129 -0.0929824
15.4292 7.32759 -28.8107 -0.031734 -0.995244 -0.0920958
14.6892 7.40563 -29.408 -0.0302876 -0.995619 -0.0884577
13.8034 7.49135 -30.0802 -0.0287433 -0.995769 -0.0872836
12.8194 7.56613 -30.6712 -0.0223589 -0.996264 -0.0834196
12.0135 7.61813 -31.0964 -0.0175734 -0.996546 -0.0811656
10.8286 7.69556 -31.7921 -0.0168816 -0.996587 -0.080797
9.71025 7.76344 -32.4042 -0.0196906 -0.996664 -0.0791341
8.82535 7.79416 -32.625 -0.0143441 -0.997114 -0.074554
7.56354 7.84096 -33.0104 -0.0138819 -0.997144 -0.0742398
6.62298 7.87617 -33.3099 -0.0128778 -0.9972 -0.0736521
5.63918 7.90561 -33.5736 -0.00986247 -0.997688 -0.0672428
4.70564 7.93456 -33.889 -0.0077316 -0.997792 -0.06597
3.69407 7.94701 -33.9651 -0.00553883 -0.997923 -0.0641828
2.71254 7.95575 -34.0031 -0.00608663 -0.998061 -0.0619519
1.35097 7.96384 -34.1017 0.001904 -0.997981 -0.063491
-0.253071 7.96005 -34.1372 0.00552386 -0.997872 -0.0649707
-1.27927 7.94831 -34.0518 0.00763681 -0.997908 -0.0641971
-2.56153 7.93471 -34.0053 0.00796398 -0.997811 -0.0656393
-3.98116 7.90591 -33.7843 0.0145299 -0.997563 -0.0682283
-5.00022 7.88114 -33.6345 0.0128149 -0.997605 -0.0679695
-6.29642 7.8245 -33.065 0.0155269 -0.997476 -0.0692526
-7.33664 7.78988 -32.8306 0.0181707 -0.997385 -0.0699452
-8.64486 7.73621 -32.4357 0.0212695 -0.997188 -0.0718524
-9.5062 7.68672 -32.0161 0.0242669 -0.996807 -0.07593
-10.5127 7.61283 -31.4198 0.0251917 -0.996447 -0.0803694
-11.623 7.54352 -30.8532 0.0218438 -0.996691 -0.078293
-12.7556 7.44991 -30.0795 0.0269232 -0.996259 -0.0821158
-13.5367 7.3811 -29.5289 0.0294687 -0.996133 -0.0827643
-14.4495 7.30276 -28.9337 0.0322121 -0.995897 -0.0845599
-15.702 7.17107 -27.8789 0.0326012 -0.995793 -0.0856342
-16.3882 7.09097 -27.2683 0.0345636 -0.995048 -0.0931905
-17.3075 6.96486 -26.2746 0.0339306 -0.994848 -0.0955301
-17.8762 6.87419 -25.5246 0.0328008 -0.995064 -0.0936483
-18.5263 6.76474 -24.6057 0.0409548 -0.994884 -0.0923459
-19.1915 6.64453 -23.7259 0.048027 -0.993326 -0.104862
-19.8811 6.53222 -22.962 0.0368047 -0.993525 -0.107487
-20.4617 6.40982 -22.0302 0.0368416 -0.993316 -0.109373
-20.8468 6.29671 -21.1361 0.0342447 -0.993368 -0.109763
-21.3438 6.16313 -20.0675 0.0389877 -0.993523 -0.106736
-21.8891 6.00928 -19.01 0.0266548 -0.990748 -0.132713
-22.2372 5.8827 -18.0693 0.0213153 -0.9922 -0.122753
-22.5173 5.76828 -17.174 0.0248205 -0.99246 -0.12003
-22.8455 5.65514 -16.3063 0.0247255 -0.992435 -0.120254
-23.5791 5.58161 -15.8654 0.0283187 -0.992352 -0.12015
-24.5551 5.56847 -15.9891 0.028016 -0.992709 -0.117231
-25.6977 5.54117 -16.048 0.031868 -0.992574 -0.11718
-26.7558 5.5156 -16.0917 0.0244078 -0.991918 -0.124423
-27.8794 5.51803 -16.2831 0.0206198 -0.992147 -0.123343
-28.7872 5.51667 -16.431 0.0209121 -0.992563 -0.119881
-29.9023 5.50978 -16.6065 0.0238764 -0.991904 -0.124657
-29.7337 5.62915 -17.552 0.0272931 -0.992335 -0.120527
-29.3465 5.79211 -18.8462 0.0261867 -0.993294 -0.112611
-29.0037 5.89946 -19.7126 0.0209863 -0.994278 -0.104261
-28.6778 5.99485 -20.5567 0.0258709 -0.994161 -0.104763
-28.326 6.14992 -21.8857 0.0178794 -0.994103 -0.106958
-28.0173 6.24105 -22.7374 0.0320717 -0.994146 -0.103173
-27.5631 6.37328 -23.8701 0.0329371 -0.994023 -0.104078
-26.9625 6.54336 -25.2574 0.0300148 -0.993699 -0.107918
-26.4247 6.68735 -26.5136 0.0292336 -0.994444 -0.101048
-26.1299 6.79946 -27.4907 0.0325023 -0.993934 -0.105065
-25.6417 6.92809 -28.571 0.0247424 -0.994416 -0.10259
-25.2386 7.02756 -29.4484 0.0245437 -0.994614 -0.100705
-24.6636 7.16189 -30.6285 0.0232297 -0.994603 -0.101112
-24.1445 7.27344 -31.6509 0.0223502 -0.995512 -0.0919442
-23.7346 7.36671 -32.5449 0.0225736 -0.995047 -0.096736
-23.398 7.46102 -33.4449 0.0176474 -0.995363 -0.094555
-23.1477 7.55487 -34.3908 0.0136341 -0.995911 -0.0890967
-22.5751 7.62776 -35.1849 0.0127372 -0.996799 -0.0787314
-21.9694 7.71313 -36.1843 0.025702 -0.996632 -0.0778711
-21.2692 7.83208 -37.3945 0.0196016 -0.995933 -0.0876754
-20.6171 7.91932 -38.3166 0.0136804 -0.996434 -0.0832475
-20.0671 7.99366 -39.1624 0.0112838 -0.996838 -0.078654
-19.4714 8.07419 -40.137 0.00904866 -0.997653 -0.0678664
-18.8171 8.15438 -41.1923 0.0122713 -0.997499 -0.0696063
-17.994 8.24487 -42.4008 0.00933129 -0.997754 -0.06633
-17.4347 8.30406 -43.2292 0.00817618 -0.997887 -0.0644608
-16.7921 8.3694 -44.1899 0.00682744 -0.998155 -0.060329
-16.12 8.42586 -45.0608 0.00576912 -0.998207 -0.0595694
-15.5192 8.47794 -45.8942 0.00240048 -0.998321 -0.0578801
-14.9059 8.52398 -46.6964 0.00124018 -0.998566 -0.0534522
-14.7092 8.53815 -46.947 0.00401686 -0.998571 -0.0532859
-5.02292 8.56508 -46.9316 -0.000176461 -0.999324 -0.0367496
-4.81922 8.60182 -47.9907 0.0014599 -0.999431 -0.033693
-4.45438 8.63145 -48.8673 0.00128416 -0.999483 -0.0321175
-3.75471 8.66284 -49.8449 0.00135274 -0.999523 -0.0308417
-2.79401 8.69209 -50.6912 0.00380124 -0.999525 -0.0305962
-1.97596 8.70913 -51.1552 0.00353731 -0.999615 -0.0274728
-0.619985 8.72292 -51.4063 0.00513016 -0.999612 -0.0273727
0.299457 8.72789 -51.3824 0.00732354 -0.999561 -0.0286681
1.25355 8.73487 -51.2932 0.0106414 -0.999536 -0.0285291
2.42166 8.7326 -50.7498 0.0124045 -0.999483 -0.0296714
3.4084 8.71972 -49.9377 0.0111794 -0.999467 -0.0306635
3.99804 8.69797 -49.0397 0.0106484 -0.999431 -0.0319937
4.40179 8.66005 -47.8522 0.00971375 -0.999214 -0.0384344
4.49273 8.61458 -46.6596 0.00668635 -0.999209 -0.0391895
4.3382 8.56775 -45.5186 0.00685219 -0.999139 -0.0409195
4.00826 8.52424 -44.5442 0.00550343 -0.998931 -0.0458334
3.49675 8.47977 -43.641 0.00342422 -0.998944 -0.0458224
2.32314 8.42386 -42.5155 0.00362512 -0.99887 -0.0473737
1.08272 8.39039 -41.8913 0.00273718 -0.998829 -0.0482929
0.116814 8.37686 -41.7103 0.00536006 -0.998915 -0.0462532
-1.05201 8.37382 -41.7747 0.0050978 -0.998923 -0.0461193
-2.18502 8.37906 -42.0993 0.00747332 -0.999119 -0.0412872
-3.52395 8.40932 -42.9953 0.00449154 -0.999109 -0.0419673
-4.31664 8.44953 -44.0078 0.0035472 -0.999064 -0.0431093
-4.79871 8.49715 -45.1292 8.94986e-05 -0.999139 -0.041401
-4.99667 8.53642 -46.1448 -0.000442094 -0.999338 -0.0363826
-5.02683 8.54725 -46.4419 -0.000442057 -0.999338 -0.0363825
-3.91797 8.54832 -46.4779 0.000835654 -0.999312 -0.0370683
-3.80283 8.59005 -47.5994 0.00150644 -0.999319 -0.0368678
-3.34697 8.62434 -48.5897 0.00332603 -0.999452 -0.0329227
-2.33238 8.66208 -49.6532 0.00339212 -0.999497 -0.0315025
-1.41154 8.68466 -50.195 0.00636423 -0.999549 -0.0293232
-0.366052 8.69642 -50.3765 0.00833936 -0.999635 -0.0256941
0.861821 8.70198 -50.2233 0.00902009 -0.999618 -0.0260797
1.71188 8.69952 -49.8533 0.00855678 -0.999573 -0.0279426
2.71918 8.68345 -49.023 0.00791962 -0.999524 -0.0298116
3.3593 8.64304 -47.6389 0.00752003 -0.99933 -0.0358242
3.4685 8.60141 -46.4961 0.00672882 -0.999195 -0.0395371
3.2844 8.5635 -45.5768 0.0065417 -0.999167 -0.0402733
2.92693 8.525 -44.7263 0.00475989 -0.999044 -0.0434642
2.04171 8.47287 -43.6426 0.00522594 -0.998989 -0.0446425
1.09782 8.44175 -43.0595 0.0050715 -0.999014 -0.0440977
0.22528 8.42643 -42.8234 0.00856612 -0.999091 -0.0417527
-0.870291 8.4187 -42.8515 0.00668689 -0.999167 -0.0402503
-1.73344 8.42364 -43.1204 0.0068018 -0.999194 -0.0395502
-2.64461 8.44117 -43.6675 0.00392384 -0.999171 -0.0405322
-3.26733 8.46596 -44.3501 0.000654379 -0.99919 -0.0402437
-3.79127 8.51114 -45.5035 0.00103837 -0.999243 -0.0388869
-3.90929 8.5366 -46.1611 0.00125628 -0.999281 -0.0378878
-2.79212 8.54007 -46.2237 0.000929604 -0.999248 -0.0387572
-2.68331 8.58364 -47.3813 0.00142812 -0.999325 -0.0367183
-2.34602 8.61534 -48.2185 0.00667544 -0.999158 -0.0403417
-1.63521 8.64157 -48.7846 0.010128 -0.999451 -0.0315337
-0.568026 8.66521 -49.2407 0.0102434 -0.999573 -0.0272857
0.458627 8.67131 -49.1441 0.00626234 -0.999629 -0.0264577
1.4402 8.66382 -48.6977 0.0049286 -0.999658 -0.0256054
2.08181 8.6434 -47.8956 0.00839228 -0.999457 -0.0318539
2.44857 8.61504 -47.0155 0.00589501 -0.999291 -0.0371735
2.25699 8.56753 -45.8292 0.00602332 -0.999155 -0.0406523
1.85555 8.53133 -45.0211 0.00600609 -0.999121 -0.0414883
0.725636 8.48148 -44.0091 0.00627552 -0.99903 -0.0435839
-0.558266 8.46621 -43.9745 0.0081074 -0.999165 -0.0400419
-1.65549 8.46851 -44.2914 0.00612039 -0.999438 -0.0323183
-2.45231 8.49602 -45.0791 0.000477638 -0.99938 -0.0352136
-2.74938 8.52566 -45.8512 0.000929604 -0.999248 -0.0387572
-4.73842 8.41738 -43.2935 0.0031907 -0.998984 -0.0449586
-4.73808 8.37199 -42.3063 0.0072095 -0.998929 -0.0457033
-4.73757 8.31016 -40.965 0.00934602 -0.998835 -0.0473487
-4.73715 8.26313 -39.9844 0.0109421 -0.998667 -0.0504435
-4.73646 8.19241 -38.6518 0.0112931 -0.998412 -0.0551851
-4.73569 8.12306 -37.4472 0.0122933 -0.998259 -0.0576934
-4.73519 8.08159 -36.7293 0.0123001 -0.99826 -0.0576673
-3.65836 8.10143 -36.8306 0.011781 -0.998175 -0.0592197
-3.65899 8.16031 -37.8653 0.012646 -0.998328 -0.0563981
-3.65965 8.23257 -39.2109 0.00657559 -0.998683 -0.0508889
-3.66014 8.29403 -40.4499 0.00628432 -0.998832 -0.0479108
-3.66062 8.35041 -41.6605 0.00738442 -0.998941 -0.045419
-3.66088 8.38087 -42.3325 0.00509258 -0.999117 -0.0417062
-2.58332 8.35099 -41.4816 0.00661001 -0.999031 -0.0435184
-2.58297 8.30627 -40.5515 0.00717358 -0.998791 -0.0486374
-2.58239 8.23051 -39.0381 0.0060531 -0.998664 -0.0513194
-2.58182 8.15547 -37.6266 0.00682721 -0.998456 -0.0551264
-2.58151 8.11288 -36.8565 0.00844525 -0.998126 -0.0606067
-1.5046 8.13347 -37.1014 0.00597995 -0.998459 -0.0551723
-1.50494 8.1926 -38.1697 0.00628544 -0.998487 -0.054631
-1.50538 8.25827 -39.4075 0.0078756 -0.99868 -0.0507648
-1.50581 8.3229 -40.7265 0.00667484 -0.998858 -0.0473176
-1.50588 8.33461 -40.9804 0.00579822 -0.998922 -0.0460478
-0.428545 8.32845 -40.722 0.00504765 -0.998927 -0.0460359
-0.428211 8.26664 -39.4301 0.0059401 -0.998676 -0.0511009
-0.427947 8.21681 -38.492 0.0059237 -0.998555 -0.0534183
-0.427591 8.14003 -37.1183 0.00213298 -0.998323 -0.0578498
0.649407 8.13339 -36.9651 0.00309776 -0.998343 -0.0574603
0.649218 8.20232 -38.1564 0.00315082 -0.998324 -0.0577819
0.648965 8.27032 -39.4174 0.00214368 -0.998667 -0.0515793
0.648766 8.31756 -40.3919 0.00349749 -0.998887 -0.0470406
0.648653 8.34414 -40.9614 0.00282593 -0.998871 -0.0474176
1.72588 8.34748 -40.9673 0.00263367 -0.998833 -0.0482251
1.72609 8.29156 -39.7963 0.000317794 -0.998863 -0.0476796
1.72626 8.23326 -38.6866 -0.00217859 -0.998356 -0.0572841
1.72634 8.16604 -37.5304 -0.000479925 -0.998309 -0.0581358
1.72636 8.14701 -37.1992 -8.71779e-05 -0.998353 -0.0573714
2.8034 8.15107 -37.2759 -0.00058255 -0.998362 -0.0572165
2.80338 8.23105 -38.6756 -0.000727291 -0.99837 -0.0570708
2.80328 8.31186 -40.1789 -0.000890822 -0.998722 -0.050532
2.80303 8.38244 -41.6326 0.00315235 -0.998816 -0.0485429
2.80299 8.39406 -41.8702 0.00367397 -0.998799 -0.0488623
3.88002 8.45805 -43.1394 0.00327312 -0.998947 -0.0457576
3.8803 8.39103 -41.7374 0.00180077 -0.998755 -0.0498451
3.88045 8.3396 -40.7213 0.00160176 -0.998635 -0.0522082
3.88057 8.2775 -39.5189 -0.00111369 -0.998564 -0.0535524
3.88053 8.20277 -38.2071 -0.00192729 -0.998372 -0.0570036
3.8804 8.11641 -36.7312 -0.00422747 -0.998209 -0.0596776
4.95743 8.11407 -36.7529 -0.00343916 -0.998137 -0.0609151
4.95758 8.17141 -37.7138 -0.00310912 -0.998256 -0.0589522
4.95771 8.24394 -38.9669 -0.00211048 -0.998373 -0.0569836
4.95774 8.2977 -39.898 0.000680153 -0.998616 -0.0525812
4.95767 8.35385 -40.9644 0.00063431 -0.998619 -0.0525306
4.9575 8.41301 -42.1435 0.00150471 -0.998765 -0.0496681
4.95723 8.47513 -43.4354 0.00225148 -0.998903 -0.0467637
4.95691 8.52674 -44.5218 0.00392769 -0.998851 -0.0477644
4.95664 8.56908 -45.4574 0.00350254 -0.999031 -0.043864
4.9566 8.57515 -45.5957 0.00517816 -0.999088 -0.0423926
4.95579 8.6679 -47.9201 0.00889551 -0.999208 -0.0387724
4.95527 8.7141 -49.1671 0.0144082 -0.999254 -0.0358227
4.95478 8.74991 -50.2308 0.0149816 -0.999406 -0.0310357
4.95472 8.7539 -50.3595 0.0160023 -0.999357 -0.0320952
6.03178 8.76439 -50.1494 0.0148027 -0.999315 -0.033914
6.03226 8.73026 -49.2197 0.0127225 -0.999253 -0.0364791
6.03286 8.68301 -48.0301 0.0119539 -0.999051 -0.0418758
6.03332 8.64075 -46.9905 0.00727266 -0.999102 -0.0417466
6.0337 8.59708 -45.9712 0.00590971 -0.999013 -0.0440228
6.0341 8.54239 -44.7635 0.0047571 -0.998996 -0.044552
6.03451 8.47733 -43.4176 0.00314579 -0.998822 -0.0484159
6.03475 8.43114 -42.4688 0.00204812 -0.998737 -0.0502095
6.03488 8.38397 -41.5407 0.000503662 -0.99874 -0.0501743
6.03494 8.33731 -40.6377 0.000588511 -0.998622 -0.0524807
6.03489 8.26945 -39.4298 -0.00203015 -0.998279 -0.058609
6.03478 8.20738 -38.3706 -0.00174149 -0.998285 -0.0585111
6.03464 8.14729 -37.3492 -0.00267138 -0.9981 -0.0615551
6.03444 8.1 -36.6117 -0.00649136 -0.998104 -0.0612065
7.11134 8.0783 -36.3471 -0.00479215 -0.997881 -0.0648863
7.11175 8.15486 -37.532 -0.00585825 -0.997991 -0.0630771
7.11199 8.20971 -38.4458 -0.00190968 -0.998298 -0.0582883
7.11209 8.26694 -39.4242 -0.00287886 -0.998364 -0.0571061
7.11214 8.32101 -40.3952 -0.00284504 -0.998435 -0.0558445
7.11215 8.38557 -41.5666 -0.000741728 -0.998622 -0.052474
7.11198 8.44413 -42.7006 -5.95664e-05 -0.998667 -0.051623
7.11166 8.50625 -43.92 0.00529753 -0.998746 -0.0497842
7.11131 8.55269 -44.868 0.00504136 -0.998929 -0.0460016
7.11094 8.6 -45.8874 0.00775564 -0.998868 -0.0469256
7.11051 8.64351 -46.8569 0.00965985 -0.99896 -0.044562
7.11002 8.68751 -47.8412 0.011274 -0.999053 -0.0420245
7.1094 8.73496 -48.956 0.0128297 -0.999092 -0.0406239
7.10908 8.75704 -49.5349 0.0135293 -0.999182 -0.0381173
8.1863 8.75575 -49.1269 0.0145981 -0.998942 -0.0436159
8.18697 8.70701 -47.9893 0.0134447 -0.998882 -0.0453244
8.18749 8.66441 -47.0717 0.0110712 -0.998905 -0.0454608
8.18813 8.60613 -45.84 0.00775564 -0.998868 -0.0469256
8.18865 8.54699 -44.6227 0.00518816 -0.998649 -0.0516943
8.18903 8.49145 -43.5677 0.0021565 -0.998666 -0.0515926
8.1893 8.44014 -42.6219 0.00186598 -0.99847 -0.0552719
8.18942 8.38506 -41.5952 -0.0019577 -0.998487 -0.0549556
8.18943 8.32535 -40.5102 -0.00197378 -0.998456 -0.0555054
8.18931 8.24942 -39.1983 -0.00473638 -0.998277 -0.0584826
8.18913 8.19018 -38.2392 -0.0055908 -0.998131 -0.0608611
8.18882 8.13398 -37.32 -0.00797986 -0.99804 -0.0620681
8.18839 8.06917 -36.2981 -0.00784745 -0.997881 -0.0645844
8.18805 8.0275 -35.6721 -0.011728 -0.997335 -0.0720114
9.26485 8.0027 -35.518 -0.0128864 -0.997391 -0.0710277
9.26555 8.06992 -36.4709 -0.0133846 -0.997437 -0.0702909
9.26603 8.13016 -37.3882 -0.00686487 -0.998003 -0.0627882
9.26642 8.20335 -38.5487 -0.00690833 -0.99798 -0.0631461
9.26664 8.26491 -39.5393 -0.00333361 -0.998257 -0.0589294
9.26673 8.33573 -40.7428 -0.00351106 -0.998279 -0.058533
9.26669 8.39565 -41.8093 9.15345e-05 -0.998361 -0.0572383
9.26655 8.44719 -42.7256 0.000273158 -0.998446 -0.0557264
9.26616 8.51316 -43.8997 0.00459378 -0.998506 -0.0544566
9.26568 8.57508 -45.0767 0.00735424 -0.998659 -0.0512422
9.26517 8.62309 -45.9757 0.00984488 -0.998655 -0.0508958
9.26466 8.66725 -46.8859 0.0111932 -0.998698 -0.0497779
9.26413 8.70794 -47.7219 0.0127388 -0.998774 -0.047837
10.3426 8.60556 -45.4661 0.00811638 -0.998513 -0.0539116
10.3432 8.54412 -44.3553 0.00786226 -0.998309 -0.0575975
10.3436 8.49134 -43.4195 0.00402248 -0.998371 -0.0569077
10.3439 8.42003 -42.2197 0.00274161 -0.998186 -0.0601433
10.344 8.36106 -41.2117 -0.000648268 -0.998345 -0.0574982
10.344 8.29434 -40.0847 -0.00321803 -0.998087 -0.0617387
10.3437 8.21948 -38.9126 -0.0059926 -0.99796 -0.0635656
10.3433 8.13984 -37.7184 -0.0118339 -0.997565 -0.0687309
10.3427 8.06585 -36.6234 -0.013861 -0.997533 -0.0688099
10.3416 7.96937 -35.2534 -0.0137691 -0.997432 -0.0702783
10.3415 7.96247 -35.1554 -0.0132044 -0.99733 -0.071816
11.418 7.91161 -34.6818 -0.0164339 -0.996971 -0.0760123
11.4192 8.00012 -35.8975 -0.0131793 -0.997443 -0.0702475
11.4201 8.09047 -37.1639 -0.0109154 -0.997431 -0.0707928
11.4206 8.15526 -38.0867 -0.00970118 -0.997588 -0.0687275
11.4212 8.24512 -39.4167 -0.0078678 -0.997822 -0.0654877
11.4213 8.30361 -40.3237 -0.0019829 -0.997889 -0.0649161
11.4212 8.39026 -41.6872 0.00107871 -0.998148 -0.0608258
11.4209 8.46565 -42.9132 0.00560825 -0.998095 -0.0614426
11.4207 8.4973 -43.4279 0.00553235 -0.998234 -0.0591545
12.4985 8.36208 -41.2562 -0.00200918 -0.997896 -0.0647962
12.4985 8.28284 -40.0592 -0.00554761 -0.997624 -0.0686765
12.4982 8.19201 -38.74 -0.00778298 -0.997482 -0.0704867
12.4976 8.11447 -37.6818 -0.0112568 -0.997284 -0.072793
12.4969 8.03796 -36.6157 -0.012213 -0.997347 -0.0717624
12.4961 7.96744 -35.6355 -0.0126959 -0.997395 -0.0710053
12.4944 7.85889 -34.223 -0.0176676 -0.996711 -0.0790851
12.4943 7.84841 -34.0939 -0.0187298 -0.996599 -0.0802511
13.5703 7.77958 -33.4903 -0.0187298 -0.996599 -0.0802511
13.5719 7.87347 -34.6475 -0.0176676 -0.996711 -0.0790851
13.573 7.94268 -35.545 -0.0173437 -0.996898 -0.0767632
13.5741 8.0366 -36.7984 -0.0150797 -0.996985 -0.076116
13.5748 8.10953 -37.7623 -0.00827525 -0.997224 -0.073996
13.5753 8.1869 -38.797 -0.00541725 -0.997198 -0.0746101
13.5755 8.22191 -39.2649 -0.005357 -0.997152 -0.0752327
14.6517 8.08177 -37.536 -0.0125245 -0.996723 -0.0799119
14.6509 8.00259 -36.5407 -0.0129098 -0.9969 -0.0776102
14.6501 7.92943 -35.6128 -0.015834 -0.996572 -0.0812048
14.6487 7.84497 -34.5575 -0.0201176 -0.996614 -0.0797251
14.6472 7.7577 -33.5002 -0.02283 -0.99621 -0.0839337
14.6464 7.71546 -32.998 -0.0229025 -0.996237 -0.0835903
15.7217 7.61791 -32.1458 -0.0244993 -0.996071 -0.0850981
15.7242 7.74559 -33.6398 -0.0201377 -0.996192 -0.0848319
15.726 7.84401 -34.7906 -0.0199353 -0.99611 -0.0858392
15.7274 7.94253 -35.9864 -0.0158877 -0.996608 -0.0807469
15.7276 7.95891 -36.1886 -0.0149535 -0.99658 -0.0812646
16.8019 7.76784 -34.156 -0.01703 -0.99607 -0.086922
16.8004 7.68563 -33.2064 -0.0215765 -0.996045 -0.0861886
16.7987 7.59754 -32.1855 -0.0240957 -0.99586 -0.0876472
16.7968 7.51593 -31.2773 -0.026586 -0.995506 -0.0908876
16.7965 7.50551 -31.1648 -0.0266522 -0.995379 -0.0922494
17.8713 7.39838 -30.3198 -0.0279585 -0.995083 -0.0950193
17.8734 7.48379 -31.236 -0.0253754 -0.995259 -0.0938886
17.8758 7.58465 -32.3305 -0.0221039 -0.995572 -0.0913638
17.876 7.59703 -32.4638 -0.0216796 -0.99548 -0.0924596
18.9497 7.43475 -30.9865 -0.0221101 -0.995352 -0.0937289
18.9455 7.278 -29.4145 -0.0290143 -0.994787 -0.0977591
18.9453 7.27182 -29.3516 -0.0297595 -0.994617 -0.0992588
-5.81186 8.04955 -36.4012 0.0120458 -0.998278 -0.0574023
-5.81258 8.10374 -37.3423 0.0118214 -0.99825 -0.0579498
-5.81348 8.18 -38.651 0.0113561 -0.998241 -0.0581809
-5.8143 8.25435 -40.0451 0.0112232 -0.99853 -0.0530275
-5.8149 8.3184 -41.3525 0.00906604 -0.998763 -0.0488946
-5.81539 8.37611 -42.5113 0.00684297 -0.998826 -0.0479586
-5.81568 8.42143 -43.4897 0.00468203 -0.998915 -0.0463387
-5.81594 8.4648 -44.435 0.00495889 -0.999014 -0.0441229
-5.81614 8.50998 -45.4878 0.0040764 -0.999122 -0.0416996
-5.81633 8.56261 -46.867 0.000354096 -0.99934 -0.0363137
-5.81642 8.616 -48.3835 -0.00143471 -0.999462 -0.0327776
-5.81646 8.64626 -49.3417 -0.00111835 -0.999505 -0.0314356
-5.81647 8.68407 -50.5462 -0.00128175 -0.999505 -0.0314269
-5.81645 8.70472 -51.2067 -0.00141594 -0.999544 -0.0301678
-4.73934 8.71775 -51.6901 -0.00109458 -0.999568 -0.0293854
-4.7393 8.67445 -50.2644 0.0014386 -0.999531 -0.0305765
-4.73925 8.65134 -49.52 0.00162108 -0.999513 -0.031154
-3.66216 8.69052 -50.7402 0.00151668 -0.99954 -0.0303039
-3.66226 8.72482 -51.8719 0.00172399 -0.99957 -0.0292619
-3.6623 8.74617 -52.6296 0.00158287 -0.999606 -0.0280189
-2.58523 8.74637 -52.5756 0.00192807 -0.999617 -0.0276013
-2.58514 8.71877 -51.5607 0.00227106 -0.999628 -0.0271825
-1.50815 8.7475 -52.4558 0.00480399 -0.999603 -0.0277627
-1.50816 8.75073 -52.5851 0.00344693 -0.999715 -0.0236108
-0.431077 8.75275 -52.4611 0.00839692 -0.999647 -0.0252206
-0.430989 8.74165 -52.0488 0.00732297 -0.999562 -0.0286675
3.87753 8.75237 -50.7925 0.0134641 -0.999419 -0.0312957
3.87761 8.74629 -50.6021 0.0135589 -0.999399 -0.0319049
-6.89363 8.68436 -50.4357 -0.00404775 -0.99947 -0.0322942
-6.89369 8.65401 -49.5034 -0.00352164 -0.999487 -0.0318184
-6.89368 8.60415 -48.0098 -0.000137103 -0.999354 -0.03595
-6.89358 8.54975 -46.5817 0.00394505 -0.999165 -0.0406583
-6.89341 8.50546 -45.4907 0.00520758 -0.999112 -0.0418221
-6.89316 8.45963 -44.4667 0.00563024 -0.99895 -0.0454753
-6.89276 8.39798 -43.1434 0.00809477 -0.998817 -0.0479474
-6.89237 8.34842 -42.1306 0.00746258 -0.998704 -0.0503544
-6.89174 8.27649 -40.7265 0.0102279 -0.998651 -0.0509026
-6.89101 8.20654 -39.3729 0.011134 -0.998523 -0.0531798
-6.89013 8.13672 -38.1285 0.0147905 -0.998264 -0.0570182
-6.88929 8.07166 -37.0348 0.012916 -0.998022 -0.0615302
-6.88841 8.00922 -35.9973 0.0182749 -0.998022 -0.0601447
-7.96512 7.98414 -35.8811 0.0160877 -0.998015 -0.0608811
-7.96629 8.06095 -37.1333 0.0170945 -0.998024 -0.060471
-7.96742 8.13992 -38.4639 0.0162207 -0.998177 -0.0581335
-7.96822 8.20987 -39.691 0.0120454 -0.998304 -0.0569579
-7.96899 8.28126 -41.0096 0.0108702 -0.998556 -0.0526
-7.96953 8.34186 -42.1798 0.00875653 -0.998622 -0.0517493
-7.96991 8.38619 -43.0878 0.00915833 -0.998795 -0.0482186
-7.97022 8.43005 -44.0007 0.00848287 -0.998806 -0.0481187
-7.97064 8.4993 -45.4981 0.00340728 -0.999045 -0.0435568
-7.97083 8.54718 -46.5869 0.00111483 -0.99908 -0.0428646
-7.97089 8.5859 -47.5276 2.50678e-05 -0.999209 -0.0397624
-7.97093 8.63028 -48.7415 -0.000467171 -0.999371 -0.0354679
-7.9709 8.65716 -49.4607 -0.0042924 -0.99934 -0.0360802
-9.04815 8.62032 -48.4318 -0.00143163 -0.999162 -0.0409075
-9.04809 8.5739 -47.2739 0.00334133 -0.999231 -0.0390767
-9.04793 8.51344 -45.9062 0.00515413 -0.998975 -0.0449734
-9.04769 8.46855 -44.9868 0.00846023 -0.99877 -0.0488595
-9.04727 8.40331 -43.656 0.0101073 -0.99872 -0.0495567
-9.04681 8.34456 -42.4598 0.0125088 -0.998639 -0.0506344
-9.04626 8.29098 -41.4528 0.013312 -0.998436 -0.0543054
-9.0457 8.23518 -40.4139 0.0132668 -0.998488 -0.053348
-9.04492 8.16732 -39.1977 0.0143605 -0.99817 -0.0587363
-9.04367 8.07228 -37.6006 0.0148673 -0.998036 -0.060846
-9.04266 8.00377 -36.4932 0.0154308 -0.997919 -0.0626116
-9.04138 7.92901 -35.317 0.0201903 -0.997524 -0.0673692
-10.118 7.89791 -35.1889 0.0219256 -0.997381 -0.0689194
-10.1191 7.95999 -36.1076 0.0209475 -0.997505 -0.067416
-10.1205 8.04696 -37.4564 0.0143836 -0.997982 -0.0618495
-10.1215 8.11366 -38.5509 0.0148534 -0.998129 -0.0593099
-10.1222 8.1719 -39.5354 0.0144611 -0.998297 -0.0565198
-10.1231 8.25491 -41.055 0.0132367 -0.99838 -0.0553386
-10.1239 8.33078 -42.4535 0.0109804 -0.998516 -0.053347
-10.1244 8.38732 -43.527 0.00983793 -0.998643 -0.0511499
-10.1248 8.44866 -44.7524 0.00803913 -0.998743 -0.0494845
-10.1251 8.50408 -45.8776 0.0074772 -0.998756 -0.0492943
-10.1252 8.548 -46.8183 0.00471768 -0.998862 -0.0474653
-10.1253 8.59137 -47.7412 0.00217674 -0.999033 -0.0439054
-11.2023 8.53873 -46.7052 0.00415371 -0.998764 -0.0495374
-11.2022 8.49103 -45.7654 0.00660732 -0.998771 -0.0491145
-11.2018 8.42317 -44.4337 0.00752777 -0.998588 -0.0525929
-11.2014 8.36205 -43.2629 0.0102032 -0.998536 -0.0531231
-11.201 8.31159 -42.3196 0.0116137 -0.998343 -0.0563596
-11.2001 8.22485 -40.7704 0.0132369 -0.99838 -0.0553386
-11.1993 8.15508 -39.5385 0.0164613 -0.998206 -0.0575679
-11.1981 8.06829 -38.0603 0.0188563 -0.997982 -0.060625
-11.1972 8.00919 -37.1499 0.0188827 -0.997676 -0.0654656
-11.1955 7.91558 -35.7601 0.0199398 -0.997409 -0.0691208
-11.1937 7.82612 -34.4786 0.0203244 -0.997246 -0.0713188
-12.2692 7.74537 -33.6847 0.0243743 -0.996975 -0.0738036
-12.2706 7.81049 -34.5876 0.0224452 -0.997218 -0.071078
-12.272 7.87692 -35.5319 0.0221756 -0.997331 -0.06957
-12.2737 7.96883 -36.8847 0.0224937 -0.997492 -0.0671037
-12.2752 8.05967 -38.2924 0.0214548 -0.997814 -0.0624982
-12.2763 8.13542 -39.4863 0.0147418 -0.998072 -0.0602892
-12.277 8.19486 -40.4961 0.0130507 -0.998186 -0.0587719
-12.2778 8.27227 -41.8449 0.011614 -0.998343 -0.0563597
-12.2783 8.32735 -42.8177 0.0108713 -0.998437 -0.0548303
-12.2788 8.38051 -43.7899 0.00822863 -0.998464 -0.0547876
-12.2791 8.44495 -45.0051 0.00701328 -0.998545 -0.0534597
-12.2792 8.46245 -45.3282 0.00588827 -0.998515 -0.0541572
-13.3559 8.37746 -43.8972 0.00833311 -0.998346 -0.0568873
-13.3554 8.30957 -42.7116 0.0108758 -0.998346 -0.0564559
-13.3547 8.24162 -41.5453 0.0128058 -0.998188 -0.058795
-13.3542 8.18614 -40.5909 0.0147056 -0.998093 -0.059946
-13.3534 8.12603 -39.621 0.0163798 -0.997953 -0.0618229
-13.3522 8.04343 -38.3258 0.0180213 -0.997684 -0.0655854
-13.3508 7.95967 -37.0707 0.0183909 -0.997537 -0.0676909
-13.3496 7.89396 -36.1022 0.0205741 -0.99735 -0.0697843
-13.3481 7.81472 -34.9741 0.0223932 -0.99711 -0.072597
-13.3464 7.73876 -33.9662 0.0243218 -0.996773 -0.0764996
-13.3458 7.71175 -33.614 0.0243218 -0.996773 -0.0764994
-14.4208 7.6128 -32.6816 0.0250651 -0.996648 -0.0778696
-14.4225 7.68723 -33.6428 0.0247887 -0.996693 -0.077391
-14.4244 7.77024 -34.727 0.0234294 -0.996881 -0.0753628
-14.4261 7.84988 -35.8126 0.0212224 -0.997222 -0.0713978
-14.4273 7.9156 -36.7177 0.0188339 -0.997519 -0.0678292
-14.4286 7.9931 -37.8514 0.0171808 -0.997549 -0.0678351
-14.4298 8.0694 -38.9992 0.0168434 -0.997791 -0.064254
-14.4307 8.13405 -40.0271 0.0136004 -0.997912 -0.0631436
-14.4315 8.19879 -41.0653 0.0130913 -0.997948 -0.0626774
-14.4323 8.27973 -42.3947 0.00995419 -0.998168 -0.0596736
-14.4324 8.29118 -42.5862 0.00999369 -0.998189 -0.0593153
-15.5081 8.14775 -40.4774 0.0130906 -0.997948 -0.0626781
-15.5069 8.05598 -39.066 0.0162179 -0.99773 -0.0653545
-15.5059 7.98965 -38.0737 0.0180809 -0.997488 -0.0684877
-15.5045 7.9112 -36.9541 0.021212 -0.997148 -0.0724247
-15.5025 7.80939 -35.5849 0.023551 -0.997 -0.0737313
-15.5007 7.72272 -34.449 0.0242984 -0.996815 -0.0759532
-15.4989 7.64194 -33.3987 0.0270228 -0.996451 -0.0797148
-15.4967 7.55456 -32.3346 0.0299674 -0.996252 -0.0811466
-15.4952 7.49747 -31.6268 0.0302315 -0.996302 -0.0804269
-16.5707 7.42394 -31.1511 0.0307339 -0.996066 -0.0831182
-16.5732 7.51576 -32.2433 0.0282613 -0.996066 -0.0839825
-16.5754 7.61106 -33.3944 0.0268676 -0.996226 -0.082535
-16.5773 7.69264 -34.3945 0.0257384 -0.996579 -0.0785381
-16.5789 7.76257 -35.311 0.0228757 -0.996773 -0.0769439
-16.5806 7.85022 -36.4609 0.0211469 -0.996984 -0.0746727
-16.582 7.92173 -37.4146 0.0212116 -0.997148 -0.0724253
-16.5831 7.99261 -38.4094 0.0148877 -0.997312 -0.0717387
-16.5841 8.05754 -39.3294 0.0139637 -0.997599 -0.0678324
-16.5843 8.07195 -39.545 0.0127134 -0.997691 -0.0667131
-17.6592 7.92306 -37.6898 0.0174748 -0.99702 -0.0751393
-17.6572 7.81658 -36.3167 0.0195702 -0.996916 -0.0760009
-17.6557 7.74381 -35.3816 0.0249709 -0.996506 -0.0797023
-17.6539 7.66398 -34.3906 0.0247005 -0.99633 -0.0819518
-17.6521 7.5851 -33.431 0.025357 -0.996295 -0.082184
-17.6498 7.48941 -32.3097 0.028267 -0.995934 -0.0855305
-17.6478 7.40804 -31.3588 0.031917 -0.99592 -0.0844033
-17.6446 7.29457 -30.039 0.0330161 -0.995752 -0.0859491
-18.7179 7.14796 -28.7795 0.0317552 -0.995323 -0.091235
-18.7203 7.23211 -29.7145 0.0302815 -0.99551 -0.0896822
-18.7227 7.31614 -30.6744 0.0304023 -0.995778 -0.0866095
-18.7248 7.39586 -31.5852 0.0294122 -0.99573 -0.087505
-18.7275 7.50535 -32.8459 0.0275737 -0.995873 -0.0864731
-18.7299 7.60767 -34.044 0.0255705 -0.996228 -0.0829235
-18.7316 7.68321 -34.9466 0.0242371 -0.996363 -0.0816867
-18.7329 7.74518 -35.7147 0.0221207 -0.996401 -0.0818215
-19.8071 7.60872 -34.3551 0.0219751 -0.996302 -0.0830637
-19.8052 7.5252 -33.3753 0.0231376 -0.996064 -0.0855582
-19.8033 7.44381 -32.4376 0.0235219 -0.995847 -0.0879476
-19.8006 7.33224 -31.1692 0.024884 -0.995744 -0.0887378
-19.7981 7.23903 -30.1428 0.0255454 -0.995571 -0.0904754
-19.7948 7.12156 -28.882 0.0306411 -0.995167 -0.0932897
-19.7916 7.01497 -27.7352 0.0355993 -0.994972 -0.0936095
-20.864 6.85487 -26.4688 0.0309168 -0.994786 -0.0971864
-20.8682 6.9855 -27.8224 0.0338901 -0.99458 -0.0982956
-20.8712 7.08319 -28.7968 0.0308473 -0.994826 -0.0967971
-20.8743 7.19369 -29.9643 0.0277846 -0.995135 -0.0945208
-20.8769 7.29075 -31.0131 0.0243811 -0.995439 -0.0922362
-20.8785 7.35299 -31.6856 0.0220517 -0.995898 -0.0877594
-21.9506 7.15313 -29.8383 0.0257155 -0.995205 -0.0943745
-21.9477 7.05378 -28.8289 0.0286305 -0.994584 -0.0999159
-21.9444 6.94418 -27.7404 0.028067 -0.99476 -0.0983136
-21.9417 6.85583 -26.8294 0.0294626 -0.994974 -0.0956967
-21.9385 6.75758 -25.8334 0.0323803 -0.994433 -0.100268
-21.9363 6.69112 -25.1736 0.0324286 -0.994381 -0.100772
-24.0887 6.60379 -24.9952 0.0304225 -0.99403 -0.104783
-24.0852 6.49685 -23.9797 0.0322089 -0.994122 -0.10336
-24.0818 6.39693 -23.0415 0.0337925 -0.993756 -0.106335
-24.0768 6.24648 -21.6629 0.0332532 -0.993245 -0.111168
-24.0746 6.17698 -21.0413 0.0333366 -0.993175 -0.111765
-25.1563 6.30437 -22.5143 0.0338395 -0.993546 -0.108264
-25.1517 6.16327 -21.2411 0.0337546 -0.993282 -0.110683
-25.147 6.00754 -19.8552 0.0301881 -0.993258 -0.111928
-25.1447 5.9224 -19.1171 0.026612 -0.992841 -0.116445
-26.2224 5.92694 -19.4192 0.0195746 -0.993849 -0.109004
-26.2228 5.94245 -19.5606 0.019575 -0.993849 -0.109004
-23.0059 6.45124 -23.2071 0.0333928 -0.993735 -0.106655
-23.0098 6.56594 -24.2949 0.0339944 -0.99421 -0.101937
-23.013 6.66079 -25.2211 0.0332354 -0.994269 -0.101606
-23.0168 6.77835 -26.3802 0.0314312 -0.994395 -0.100953
-23.0201 6.88257 -27.4308 0.0293289 -0.9946 -0.099552
-23.0211 6.91455 -27.7463 0.0274679 -0.994556 -0.10052
