-1.11284 16.9806 -32.0458 0.00155538 -0.965783 -0.259348
-0.105428 16.9931 -32.0866 0.00158961 -0.966257 -0.257575
1.3752 16.9929 -32.0798 0.000694239 -0.96656 -0.256438
2.76721 16.9697 -31.9794 0.00471645 -0.96665 -0.256058
3.66389 16.9525 -31.8971 0.00533894 -0.966598 -0.256242
4.77218 16.9118 -31.7176 0.00777301 -0.966669 -0.255913
5.67389 16.8523 -31.4655 0.00707914 -0.966378 -0.257026
6.89303 16.7639 -31.1021 0.00407104 -0.96686 -0.255268
8.06558 16.6802 -30.7794 0.00255731 -0.966434 -0.256897
9.21968 16.5981 -30.4522 0.00459877 -0.966282 -0.257443
10.4778 16.4649 -29.9248 0.00505182 -0.966764 -0.255619
11.5334 16.3401 -29.4268 0.00596339 -0.966574 -0.256315
12.4725 16.2307 -28.9857 0.00838033 -0.966576 -0.256243
13.2784 16.1298 -28.5849 0.0055153 -0.96624 -0.257585
14.1462 16.0028 -28.0907 0.00612737 -0.966085 -0.258152
14.9994 15.8532 -27.513 0.0046395 -0.965761 -0.259392
16.1545 15.6032 -26.5616 0.00460006 -0.965938 -0.258731
17.1072 15.3799 -25.7157 0.00283839 -0.965746 -0.259475
17.7918 15.2048 -25.0538 0.00668338 -0.966211 -0.257664
18.6325 14.9803 -24.1849 0.00668324 -0.966481 -0.25665
19.4289 14.7652 -23.3565 0.00741501 -0.966558 -0.256336
20.153 14.5735 -22.6087 0.00882728 -0.966531 -0.256397
20.7763 14.3881 -21.9103 0.00315851 -0.966227 -0.257663
21.3344 14.1955 -21.1801 0.00051683 -0.966521 -0.256587
22.0252 13.8653 -19.9349 -0.000295459 -0.966455 -0.256835
22.4254 13.6288 -19.0482 -0.00120227 -0.966167 -0.257915
22.8323 13.4192 -18.2646 -0.001224 -0.966164 -0.257924
23.4424 13.1047 -17.0885 -0.00121277 -0.966258 -0.257575
23.7856 12.8832 -16.2657 -0.00404631 -0.965974 -0.258608
24.1629 12.5943 -15.1895 -0.00459061 -0.966045 -0.258331
24.489 12.2768 -14.0028 -0.00590057 -0.966736 -0.255707
24.9268 11.9247 -12.6728 -0.00758321 -0.967483 -0.25282
25.2034 11.6533 -11.6463 -0.00830465 -0.967523 -0.252645
25.4005 11.3774 -10.5922 -0.00834291 -0.967773 -0.251684
25.5175 11.1513 -9.72679 -0.0083469 -0.967753 -0.251764
25.5551 10.8035 -8.40288 -0.00623484 -0.966746 -0.255664
25.5146 10.4433 -7.04111 -0.00615399 -0.966624 -0.256125
25.4988 10.0733 -5.64412 -0.00589013 -0.966629 -0.256113
25.405 9.82516 -4.70427 -0.00477965 -0.967392 -0.253239
25.2483 9.5779 -3.75563 -0.00450866 -0.967477 -0.252919
25.0751 9.25881 -2.51854 -0.00362642 -0.968732 -0.248084
24.8387 8.9419 -1.28067 -0.000170662 -0.96888 -0.24753
24.5273 8.61903 -0.0123606 0.00481593 -0.969466 -0.245178
24.2682 8.38993 0.895735 0.00347173 -0.970581 -0.240751
23.8561 8.07536 2.15955 0.000938108 -0.97056 -0.240857
23.4567 7.82786 3.16264 0.00179043 -0.971611 -0.236577
22.8896 7.56766 4.22547 0.00203379 -0.971565 -0.236764
22.5217 7.37011 5.03027 0.00549106 -0.971734 -0.236015
22.1141 7.17986 5.81493 0.00413777 -0.972638 -0.232288
21.6677 6.98672 6.617 0.00328962 -0.972694 -0.232035
21.164 6.78061 7.4812 0.00553164 -0.973535 -0.228471
20.4818 6.55382 8.43433 0.00500335 -0.97367 -0.227908
19.7053 6.33342 9.3468 0.0157246 -0.973593 -0.227751
18.7516 6.06098 10.4764 0.00320972 -0.974 -0.226527
19.6229 5.92381 11.1566 0.0157962 -0.976178 -0.216393
20.8564 6.00175 10.8858 0.0136533 -0.975893 -0.217823
21.6601 6.13752 10.3168 0.0103198 -0.976074 -0.217195
22.4669 6.23373 9.92547 0.0102841 -0.975886 -0.218037
23.8621 6.28305 9.77049 0.0107281 -0.975624 -0.219184
24.9463 6.23774 10.0112 0.00837025 -0.975141 -0.221426
25.8908 6.22794 10.0933 0.00959434 -0.975118 -0.221481
26.8711 6.24211 10.0707 0.00756917 -0.9753 -0.220754
27.8366 6.27809 9.94408 0.00632422 -0.975622 -0.219365
28.841 6.33439 9.72458 0.00548798 -0.975517 -0.219853
29.5767 6.45595 9.19895 0.00574652 -0.974767 -0.223113
29.8342 6.66163 8.31706 0.00314147 -0.974274 -0.225343
29.9686 6.90185 7.25767 0.00287337 -0.975894 -0.21822
30.0181 7.14116 6.1997 0.00607835 -0.974809 -0.222959
30.0795 7.35035 5.28569 0.00445433 -0.974723 -0.22337
30.2105 7.55635 4.39868 0.00443402 -0.974164 -0.225799
30.3632 7.76699 3.4942 0.00344952 -0.972496 -0.232894
30.5252 7.97712 2.61721 0.00322371 -0.972601 -0.232456
30.7084 8.19218 1.71638 0.000396619 -0.973115 -0.230319
30.8654 8.55211 0.216521 -0.00728405 -0.971212 -0.238084
31.019 8.81192 -0.827915 -0.00137648 -0.969886 -0.243557
31.0783 9.11718 -2.04208 -0.00551205 -0.969487 -0.245079
31.1381 9.42253 -3.24646 -0.00553748 -0.969239 -0.246059
31.1645 9.64614 -4.12805 -0.00596283 -0.969248 -0.246015
31.0561 9.96158 -5.349 -0.0062725 -0.967324 -0.253466
30.8369 10.2553 -6.46193 -0.00746346 -0.96726 -0.253673
30.5131 10.507 -7.41349 -0.00852097 -0.967299 -0.253495
30.1056 10.7617 -8.37613 -0.00701146 -0.967793 -0.251649
29.6696 11.0152 -9.33725 -0.00791463 -0.967715 -0.251922
29.2052 11.308 -10.4486 -0.00829139 -0.967728 -0.251862
28.7584 11.579 -11.4738 -0.00834602 -0.967782 -0.25165
28.4824 11.8253 -12.4109 -0.00762195 -0.967288 -0.253566
28.1596 12.0997 -13.4435 -0.00735472 -0.966599 -0.25618
27.7548 12.4262 -14.6471 -0.00582213 -0.96567 -0.259708
27.3939 12.6927 -15.6231 -0.00440403 -0.96495 -0.262396
27.0145 12.9536 -16.5776 -0.0036311 -0.964745 -0.263158
26.688 13.192 -17.45 -0.0043801 -0.965043 -0.262055
26.3687 13.4325 -18.3332 -0.00221581 -0.964728 -0.263238
26.0142 13.6833 -19.2562 -0.000543933 -0.965641 -0.259877
25.6671 13.9223 -20.1428 0.000429752 -0.965382 -0.260841
25.2081 14.2136 -21.2234 0.000888136 -0.965512 -0.260355
24.6816 14.5109 -22.3238 0.00111416 -0.965118 -0.261811
24.091 14.7936 -23.3765 0.00276398 -0.965852 -0.259078
23.4814 15.095 -24.5019 0.00556938 -0.965686 -0.259653
22.9706 15.3884 -25.6001 0.00655199 -0.965361 -0.260835
22.4055 15.6768 -26.6952 0.00993923 -0.965677 -0.259549
21.7494 15.9567 -27.7495 0.00902714 -0.964777 -0.262914
21.1689 16.2402 -28.8115 0.00941203 -0.964959 -0.262232
20.549 16.5413 -29.939 0.0090596 -0.964721 -0.263118
19.9422 16.8191 -30.9774 0.00863742 -0.964662 -0.26335
19.4102 17.0668 -31.9046 0.00922271 -0.964973 -0.262187
18.8377 17.3212 -32.86 0.00943784 -0.964617 -0.263486
18.179 17.6818 -34.2043 0.0108913 -0.964861 -0.262533
17.5605 17.9962 -35.3925 0.0114302 -0.965333 -0.260772
17.0681 18.2471 -36.3467 0.0125135 -0.965503 -0.26009
16.4095 18.5856 -37.6598 0.0121742 -0.966749 -0.255438
16.0374 18.7917 -38.4553 0.0121267 -0.966549 -0.256196
15.4403 19.038 -39.429 0.0104796 -0.968428 -0.249074
14.8993 19.3069 -40.5137 0.0102211 -0.9691 -0.24645
14.3588 19.5925 -41.663 0.00892128 -0.971776 -0.235603
13.9442 19.8196 -42.6522 0.0111987 -0.973415 -0.228774
13.4754 20.0424 -43.6305 0.00960883 -0.974062 -0.226077
13.0078 20.2264 -44.4544 0.00997861 -0.975381 -0.220263
12.5284 20.4119 -45.3225 0.0119016 -0.977007 -0.212875
12.0943 20.576 -46.0998 0.0111421 -0.977776 -0.209325
11.514 20.7165 -46.824 0.0129156 -0.979632 -0.200386
10.7392 20.7904 -47.2891 0.0258243 -0.982229 -0.185903
9.73575 20.831 -47.6546 0.0293086 -0.982621 -0.183294
8.42019 20.8401 -47.944 0.0355089 -0.984363 -0.172536
8.29359 20.6774 -47.0116 0.0126709 -0.984853 -0.172629
8.22349 20.5151 -46.1236 0.00782176 -0.982264 -0.187152
8.02871 20.2855 -44.9792 0.00692894 -0.979986 -0.198874
7.79214 20.0879 -44.0544 0.00616564 -0.978047 -0.208292
7.13086 19.7788 -42.6677 -0.0115371 -0.972608 -0.232164
6.63606 19.6013 -41.907 -0.00744927 -0.97065 -0.240379
6.07041 19.4295 -41.1959 -0.00768634 -0.970512 -0.240929
5.31553 19.2414 -40.4408 -0.00557217 -0.968395 -0.249358
4.55593 19.1122 -39.9202 -0.0110106 -0.965888 -0.258702
3.50327 18.981 -39.4142 -0.00692844 -0.964302 -0.264714
2.3063 18.8582 -38.9756 0.00392061 -0.962512 -0.271208
1.30098 18.8052 -38.8086 0.00477034 -0.962399 -0.271596
0.166341 18.7602 -38.6593 -0.000503931 -0.9626 -0.270911
-0.740264 18.7462 -38.6161 0.00776431 -0.963608 -0.267207
-1.80169 18.7638 -38.7105 0.00491232 -0.964387 -0.264419
-2.71533 18.8177 -38.926 0.00548281 -0.964854 -0.262731
-3.64509 18.9087 -39.28 0.0078195 -0.965071 -0.261867
-4.43837 19.0183 -39.713 0.00940882 -0.965099 -0.261715
-5.29086 19.1634 -40.2945 0.0117111 -0.966932 -0.254741
-5.97835 19.3177 -40.9049 0.0125672 -0.968511 -0.248654
-6.79745 19.5179 -41.7261 0.00737355 -0.968914 -0.247229
-7.56499 19.7825 -42.8356 0.00475434 -0.971654 -0.236353
-7.94232 19.9711 -43.6527 0.00583326 -0.97402 -0.226387
-8.24887 20.1798 -44.6079 -0.00184942 -0.978334 -0.206882
-8.48481 20.4151 -45.7282 -0.00822459 -0.980736 -0.195164
-8.59503 20.636 -46.8857 -0.0181678 -0.985578 -0.168178
-9.07578 20.7963 -47.7453 -0.025333 -0.984926 -0.171063
-10.2854 20.8631 -47.915 -0.0337562 -0.984437 -0.172442
-11.4626 20.8344 -47.5443 -0.0276596 -0.981139 -0.191312
-12.201 20.7279 -46.8969 -0.0254658 -0.979373 -0.200258
-13.0369 20.5665 -46.0359 -0.029029 -0.97487 -0.220688
-13.7993 20.3594 -45.0693 -0.0200435 -0.973622 -0.227259
-14.4319 20.1824 -44.2794 -0.0223977 -0.971765 -0.234884
-15.1046 19.9503 -43.3 -0.0128294 -0.968917 -0.24705
-15.7294 19.6816 -42.2241 -0.00922013 -0.967983 -0.250848
-16.1931 19.4836 -41.4381 -0.0109192 -0.966843 -0.255085
-16.8184 19.2436 -40.5239 -0.00744443 -0.965957 -0.258594
-17.4084 18.9839 -39.5393 -0.00787073 -0.965369 -0.260771
-17.8672 18.7288 -38.5777 -0.00448246 -0.965677 -0.259706
-18.3657 18.471 -37.6147 -0.00307379 -0.965142 -0.261709
-18.8132 18.2683 -36.8594 -0.00322584 -0.965975 -0.258616
-19.2556 18.0428 -36.0102 -0.00328186 -0.965745 -0.259471
-19.8759 17.7292 -34.8388 -0.00181975 -0.966134 -0.258034
-20.4514 17.4066 -33.6208 -0.00389723 -0.966002 -0.258502
-20.8882 17.1298 -32.5815 -0.00275274 -0.966151 -0.257962
-21.3176 16.8435 -31.4987 -0.00445855 -0.966536 -0.256493
-21.733 16.5617 -30.4268 -0.0046476 -0.967071 -0.25446
-22.0878 16.3282 -29.5322 -0.00357935 -0.967317 -0.253544
-22.5504 16.0231 -28.3773 0.000153464 -0.96657 -0.256402
-22.9114 15.7666 -27.4194 0.00263833 -0.966104 -0.258139
-23.2664 15.5154 -26.489 0.0021232 -0.965766 -0.259403
-23.641 15.2841 -25.6341 0.0014872 -0.965185 -0.261565
-24.0891 14.9806 -24.5187 0.00414878 -0.964724 -0.263219
-24.4665 14.7306 -23.6149 0.00649448 -0.964527 -0.263905
-24.8766 14.466 -22.6489 0.0064891 -0.965957 -0.25862
-25.2471 14.1928 -21.6336 0.00714012 -0.96642 -0.256867
-25.6373 13.9364 -20.6739 0.00642025 -0.967107 -0.254288
-26.0027 13.6842 -19.7218 0.00834542 -0.967231 -0.25376
-26.438 13.3307 -18.3853 0.00835297 -0.967539 -0.252582
-26.8144 13.0152 -17.1911 0.010471 -0.967629 -0.25216
-27.1569 12.7726 -16.2809 0.0129952 -0.966681 -0.255655
-27.5081 12.5554 -15.4684 0.0135109 -0.968202 -0.249795
-27.9785 12.205 -14.1434 0.0126693 -0.966976 -0.254552
-28.4434 11.8644 -12.8794 0.017153 -0.966478 -0.256178
-28.793 11.5829 -11.8382 0.0171683 -0.966869 -0.254694
-29.1385 11.2765 -10.6918 0.0179581 -0.967617 -0.251782
-29.5482 10.9698 -9.53179 0.0171369 -0.968343 -0.249036
-30.0073 10.6531 -8.33 0.0145161 -0.968272 -0.249478
-30.3989 10.3619 -7.21307 0.0131847 -0.969443 -0.24496
-30.6784 10.0779 -6.10268 0.0121107 -0.969225 -0.245875
-30.8452 9.80884 -5.05334 0.0119363 -0.969009 -0.246737
-30.91 9.57949 -4.1507 0.012956 -0.969606 -0.244329
-30.8788 9.31956 -3.11752 0.0132865 -0.969528 -0.244618
-30.847 8.95075 -1.66361 0.00947088 -0.969148 -0.246299
-30.7212 8.67051 -0.507138 0.010904 -0.971658 -0.236137
-30.7445 8.44286 0.44168 0.0115489 -0.972716 -0.231712
-30.8679 8.16995 1.59286 0.00886147 -0.973926 -0.226691
-30.9756 7.87957 2.8354 0.00675691 -0.973999 -0.226448
-30.9989 7.67358 3.71705 0.00590455 -0.973745 -0.227564
-30.9198 7.37416 5.00868 0.00340423 -0.974285 -0.225294
-30.7471 7.11362 6.13888 0.00394654 -0.974145 -0.225889
-30.5796 6.80783 7.48663 0.00210069 -0.975538 -0.219814
-30.578 6.60855 8.37679 0.00248725 -0.975825 -0.218539
-30.3104 6.3605 9.5009 -0.000333704 -0.976469 -0.215649
-28.915 6.30171 9.75816 -0.00199345 -0.975759 -0.218833
-27.7325 6.26022 9.92726 -0.0025557 -0.97629 -0.216449
-26.4285 6.22426 10.0779 -0.00311484 -0.976076 -0.217401
-25.1591 6.23789 9.98992 -0.0038073 -0.975859 -0.218367
-24.1004 6.27082 9.80975 -0.00813352 -0.975401 -0.220289
-23.0981 6.28556 9.70433 -0.0104575 -0.975852 -0.218165
-21.9879 6.24759 9.82962 -0.0090396 -0.976387 -0.215839
-21.0997 6.1894 10.0419 -0.013802 -0.976827 -0.21358
-19.7865 6.09844 10.3851 -0.0108293 -0.977037 -0.212794
-18.866 6.07397 10.4412 -0.0139685 -0.976479 -0.215161
-18.4658 6.30487 9.38904 -0.0119938 -0.974057 -0.225933
-19.0477 6.48612 8.64053 -0.00487724 -0.973703 -0.227725
-19.7611 6.67232 7.84703 -0.00502997 -0.97447 -0.224461
-20.3195 6.84825 7.11773 -0.00904013 -0.973104 -0.230189
-21.066 7.15446 5.87211 -0.00454115 -0.970788 -0.239894
-21.4992 7.37178 4.99431 -0.00117463 -0.97231 -0.233694
-21.9108 7.60873 4.01714 0.00620839 -0.97013 -0.242498
-22.3783 7.87727 2.93217 -0.000454247 -0.970918 -0.239406
-22.8308 8.12792 1.91898 0.00153446 -0.970324 -0.241805
-23.2038 8.36096 0.976022 0.0051973 -0.969912 -0.243402
-23.5345 8.60891 -0.0207391 0.00625718 -0.97025 -0.242024
-23.8544 8.91536 -1.25934 0.00435683 -0.96994 -0.243294
-24.0703 9.21001 -2.39925 0.0092289 -0.967846 -0.251371
-24.242 9.50485 -3.54498 0.00842308 -0.968385 -0.249313
-24.3568 9.77254 -4.58856 0.0104045 -0.968237 -0.249816
-24.461 10.0176 -5.54884 0.0124293 -0.968394 -0.249109
-24.5558 10.2589 -6.48629 0.0132948 -0.967929 -0.250872
-24.6028 10.4882 -7.37322 0.0141024 -0.967476 -0.25257
-24.5514 10.8746 -8.84787 0.0147418 -0.967483 -0.252504
-24.4655 11.1044 -9.72728 0.0143785 -0.967779 -0.251392
-24.2871 11.437 -11.0012 0.0113798 -0.968192 -0.24995
-24.1627 11.7045 -12.0285 0.0111368 -0.967395 -0.253026
-23.9284 11.9903 -13.1068 0.0115796 -0.967024 -0.254422
-23.5708 12.2804 -14.195 0.00997807 -0.967178 -0.253904
-23.2145 12.5792 -15.3455 0.0101893 -0.968939 -0.247088
-22.899 12.8669 -16.4508 0.0092455 -0.968289 -0.249662
-22.3744 13.2321 -17.8494 0.00929776 -0.968405 -0.249209
-21.8816 13.4401 -18.6392 0.00924141 -0.968266 -0.249749
-21.3106 13.6463 -19.4184 0.0066036 -0.968129 -0.250363
-20.7971 13.8636 -20.2446 0.00691491 -0.967927 -0.251137
-20.1751 14.1207 -21.2155 0.00740401 -0.967437 -0.253003
-19.5521 14.3623 -22.1219 0.00637928 -0.967276 -0.253646
-18.8854 14.598 -23.0041 0.0057669 -0.967563 -0.252562
-18.3312 14.7885 -23.7257 0.00323532 -0.967834 -0.251563
-17.5714 15.0069 -24.5593 0.00171818 -0.967608 -0.252453
-16.8674 15.1784 -25.2112 -0.000151175 -0.967335 -0.2535
-15.7216 15.4331 -26.1831 0.000112259 -0.967262 -0.25378
-14.9147 15.5981 -26.8136 -0.000781662 -0.967245 -0.253844
-13.6975 15.8256 -27.6832 0.000396864 -0.967442 -0.253094
-12.6541 16.009 -28.3812 0.00153603 -0.967332 -0.253509
-11.893 16.1321 -28.8451 0.00144691 -0.9675 -0.252868
-10.9157 16.256 -29.3139 0.000321332 -0.967857 -0.2515
-10.08 16.3555 -29.7008 -0.00163273 -0.967714 -0.252046
-8.75611 16.506 -30.2842 -0.000120533 -0.967742 -0.251943
-7.5119 16.6249 -30.7372 -0.000138961 -0.96742 -0.253174
-6.47498 16.6979 -31.0128 0.000770863 -0.967073 -0.254497
-5.57196 16.7641 -31.26 0.00132193 -0.966952 -0.254956
-4.64785 16.8277 -31.4957 0.00281165 -0.96664 -0.256123
-3.51878 16.8952 -31.7405 0.00133901 -0.966351 -0.257224
-2.55795 16.9401 -31.9023 0.00108808 -0.966117 -0.258099
-1.57965 16.9723 -32.0178 0.00154428 -0.965837 -0.259144
-1.39041 16.6838 -30.9405 0.00165287 -0.966087 -0.258212
-0.395946 16.6991 -30.9907 0.0017158 -0.965911 -0.258869
0.765113 16.7089 -31.0186 0.00205081 -0.965999 -0.258538
1.8367 16.7047 -30.9952 0.00343449 -0.966598 -0.256274
2.90398 16.6905 -30.9253 0.0051021 -0.9665 -0.256616
4.12545 16.6634 -30.7975 0.00533199 -0.966553 -0.256411
5.3272 16.5969 -30.5183 0.00638463 -0.966087 -0.258137
6.2914 16.5232 -30.2154 0.00729362 -0.965836 -0.259051
7.44743 16.435 -29.8632 0.00312413 -0.965812 -0.259225
8.58121 16.3552 -29.549 0.00390741 -0.966364 -0.257149
9.51386 16.2661 -29.1959 0.00637705 -0.966488 -0.256634
10.6932 16.1249 -28.6378 0.0056391 -0.966315 -0.257301
11.7706 15.9959 -28.1237 0.00813032 -0.966178 -0.257742
13.0396 15.8384 -27.5012 0.00689902 -0.965783 -0.259261
14.0195 15.6889 -26.921 0.00493814 -0.965954 -0.258665
14.8033 15.5278 -26.303 0.00396171 -0.965969 -0.258625
15.6883 15.327 -25.5416 0.00507387 -0.965786 -0.259291
16.3802 15.1662 -24.928 0.00398907 -0.965803 -0.259243
17.2453 14.9491 -24.1017 0.0041581 -0.966544 -0.256466
17.9712 14.7499 -23.3321 0.00707927 -0.966766 -0.255566
18.5866 14.5819 -22.6797 0.00503296 -0.966807 -0.255457
19.2448 14.3941 -21.9531 0.00464253 -0.967177 -0.254063
19.959 14.1783 -21.1252 0.00334445 -0.966786 -0.255566
20.5526 13.9809 -20.3734 0.00051971 -0.966528 -0.256561
21.0374 13.7051 -19.33 -0.00161127 -0.967126 -0.254292
21.4846 13.4743 -18.4578 -0.00293363 -0.966731 -0.255775
22.2367 13.0961 -17.0466 -0.00403567 -0.966249 -0.257579
22.6692 12.8364 -16.0731 -0.00272509 -0.966802 -0.255511
23.1233 12.5146 -14.8694 -0.00604213 -0.966324 -0.257257
23.5133 12.1357 -13.4431 -0.00718988 -0.96725 -0.253718
23.8945 11.8235 -12.2557 -0.00703616 -0.967679 -0.252086
24.1442 11.5613 -11.2574 -0.00638801 -0.967442 -0.252999
24.314 11.3049 -10.2851 -0.00437155 -0.96712 -0.254282
24.4298 10.9714 -9.0186 -0.00438215 -0.967063 -0.2545
24.4278 10.6424 -7.76964 -0.00448177 -0.966817 -0.25543
24.4212 10.3574 -6.69431 -0.00485109 -0.966446 -0.256822
24.4231 10.065 -5.5959 -0.00437622 -0.966449 -0.256822
24.264 9.73702 -4.34729 -0.00355602 -0.967154 -0.254167
24.1281 9.44537 -3.22968 -0.00379837 -0.967618 -0.252389
23.9898 9.20332 -2.29653 -0.000486846 -0.968139 -0.250411
23.7328 8.88753 -1.0663 -0.000620206 -0.968975 -0.24716
23.4497 8.6164 -0.00404321 -0.00107594 -0.968785 -0.247899
23.1012 8.35354 1.02617 0.00101878 -0.969716 -0.244197
22.8269 8.14397 1.87514 -0.00163798 -0.971035 -0.23893
22.4784 7.94089 2.70111 -0.000718269 -0.970547 -0.240909
22.055 7.73322 3.53899 0.000646007 -0.971056 -0.238839
21.47 7.42881 4.78327 -0.00277018 -0.971241 -0.238084
21.0352 7.23129 5.60005 -0.00222371 -0.972122 -0.234448
20.5859 7.03367 6.41824 0.00171686 -0.97196 -0.235142
19.852 6.76855 7.49773 0.00551614 -0.972552 -0.232552
19.3218 6.59527 8.22119 0.011241 -0.972945 -0.230762
18.7283 6.4235 8.91671 0.0072233 -0.973539 -0.22836
18.0314 6.22958 9.7413 0.00319704 -0.974018 -0.226447
17.1221 5.98681 10.7645 0.00337409 -0.97494 -0.222386
16.5775 5.8123 11.5003 0.0189575 -0.975709 -0.218251
16.755 5.70701 11.9864 0.0149884 -0.976423 -0.215285
17.7708 5.70548 12.0414 0.0106502 -0.977504 -0.210646
18.8759 5.68861 12.1839 0.0167746 -0.977352 -0.210949
19.9432 5.67653 12.3305 0.0151397 -0.977699 -0.209448
21.3154 5.74842 12.0719 0.0114148 -0.977683 -0.209775
22.2706 5.96965 11.0994 0.0100321 -0.975987 -0.217596
23.2948 6.04407 10.8058 0.00895986 -0.975397 -0.220274
24.3688 6.01034 10.9956 0.00816228 -0.975587 -0.21946
25.7346 5.98835 11.1469 0.00871615 -0.975734 -0.218785
26.7348 6.00611 11.109 0.011958 -0.976236 -0.216343
28.1676 6.03376 11.0449 0.00760721 -0.975682 -0.219052
29.1876 6.07827 10.8683 0.00382844 -0.975501 -0.21996
30.3744 6.17299 10.4763 0.0069306 -0.975575 -0.219549
30.6814 6.39009 9.5222 0.00689292 -0.975317 -0.220698
30.882 6.61018 8.55998 0.00275218 -0.975402 -0.220369
31.0108 6.88706 7.33203 0.00202171 -0.975578 -0.219642
31.047 7.09445 6.42406 0.00369637 -0.97485 -0.222829
31.1199 7.29893 5.53224 0.0049775 -0.974522 -0.224238
31.3031 7.57113 4.35636 0.00496411 -0.974035 -0.226341
31.5119 7.86473 3.10114 0.00435846 -0.973254 -0.229671
31.7266 8.07225 2.22809 0.000637714 -0.973333 -0.229396
31.9495 8.39238 0.873263 -0.000905258 -0.973015 -0.230741
32.0226 8.67472 -0.285091 0.000150363 -0.970144 -0.242528
32.1728 8.96327 -1.44028 -0.00294386 -0.97016 -0.242446
32.2288 9.23625 -2.53417 -0.00298224 -0.970255 -0.242067
32.2335 9.47279 -3.47083 -0.00592745 -0.969265 -0.245948
32.2531 9.753 -4.56863 -0.00378637 -0.968331 -0.249642
32.1409 10.032 -5.64188 -0.00704636 -0.968126 -0.250363
31.9166 10.3436 -6.83418 -0.00775433 -0.967513 -0.252701
31.4482 10.6504 -7.99271 -0.00770097 -0.967347 -0.253338
31.0812 10.8799 -8.85957 -0.00775916 -0.967942 -0.251055
30.58 11.1946 -10.0551 -0.00868222 -0.967607 -0.252312
30.222 11.4092 -10.8693 -0.00750428 -0.968041 -0.250678
29.7968 11.6402 -11.7456 -0.00915704 -0.967485 -0.252762
29.52 11.8922 -12.6966 -0.0082234 -0.967399 -0.253122
29.1875 12.1766 -13.7583 -0.00667171 -0.966151 -0.257892
28.8735 12.4363 -14.7161 -0.0073885 -0.965039 -0.262003
28.5294 12.7091 -15.7098 -0.00666392 -0.964429 -0.264248
28.1877 12.9674 -16.6421 -0.00501885 -0.96439 -0.264435
27.7702 13.2466 -17.6603 -0.000981369 -0.96467 -0.263459
27.3819 13.5474 -18.7611 -0.000817478 -0.964791 -0.263018
26.9504 13.8473 -19.8655 -0.000198535 -0.96541 -0.260735
26.4466 14.1774 -21.0876 -3.47671e-05 -0.96538 -0.260849
26.0589 14.412 -21.9562 0.000754821 -0.965295 -0.26116
25.4867 14.7405 -23.1601 0.00413325 -0.964311 -0.264741
24.8219 15.0499 -24.3073 0.00653982 -0.964779 -0.26298
24.3683 15.2858 -25.1894 0.00510175 -0.965327 -0.260992
23.8285 15.589 -26.3187 0.00707695 -0.965173 -0.261507
23.2672 15.857 -27.3288 0.00901849 -0.965178 -0.26144
22.772 16.0674 -28.1213 0.01006 -0.964852 -0.262598
22.1897 16.3566 -29.2044 0.00914243 -0.964862 -0.262597
21.7692 16.5707 -30.0046 0.00918901 -0.964733 -0.263071
21.1808 16.8459 -31.0347 0.00903956 -0.964814 -0.262777
20.6835 17.0686 -31.8687 0.00881455 -0.96477 -0.262947
20.1386 17.3272 -32.8352 0.00949041 -0.964624 -0.263457
19.6625 17.5472 -33.6576 0.00943501 -0.964618 -0.263484
19.1426 17.821 -34.6788 0.0093805 -0.964627 -0.263451
18.561 18.1144 -35.7862 0.0111283 -0.965225 -0.261185
18.1456 18.3322 -36.6117 0.0118291 -0.965367 -0.260626
17.5822 18.5996 -37.6521 0.0146612 -0.967308 -0.253164
17.2222 18.8074 -38.4651 0.0107339 -0.967207 -0.253764
16.7316 19.0478 -39.4095 0.0112231 -0.968607 -0.248343
16.1914 19.2935 -40.4005 0.0112044 -0.969484 -0.244899
15.7105 19.5229 -41.3348 0.0125458 -0.970298 -0.241589
15.3139 19.7156 -42.1365 0.00969604 -0.972783 -0.231497
14.863 19.9823 -43.2929 0.013596 -0.973598 -0.227858
14.4402 20.1641 -44.1121 0.0106284 -0.975575 -0.219411
13.9554 20.3481 -44.9642 0.0124629 -0.976154 -0.21672
13.4754 20.5304 -45.8134 0.0111403 -0.977775 -0.209327
13.0594 20.6973 -46.6281 0.0103809 -0.978544 -0.205777
12.5421 20.8579 -47.4385 0.0159654 -0.97981 -0.199285
11.72 20.9548 -48.0158 0.0269478 -0.981633 -0.188868
10.2909 21.0169 -48.5943 0.0373507 -0.983299 -0.178122
9.28766 21.0473 -48.9551 0.0392739 -0.986571 -0.157897
8.3983 21.0439 -49.2019 0.0460481 -0.988465 -0.144261
7.02952 20.917 -48.7467 0.0364425 -0.989976 -0.136301
7.08871 20.8059 -47.9185 0.0324475 -0.987443 -0.153249
7.17607 20.6294 -46.8361 0.00174908 -0.987464 -0.157832
7.08806 20.4761 -45.9215 0.00429766 -0.985191 -0.171407
6.93274 20.3053 -45.0304 -0.00934478 -0.97922 -0.202587
6.67681 20.1183 -44.1346 -0.0135998 -0.977032 -0.212655
6.2743 19.9333 -43.2549 -0.0146717 -0.974416 -0.223937
5.58999 19.6973 -42.2311 -0.0176156 -0.971965 -0.234465
4.73168 19.4814 -41.3206 -0.0158466 -0.968814 -0.247284
3.77189 19.3273 -40.6953 -0.007839 -0.965565 -0.260044
2.73732 19.2068 -40.2166 -0.00738273 -0.964933 -0.262379
1.68753 19.12 -39.9115 0.000644887 -0.961082 -0.276263
0.799434 19.0775 -39.7659 0.000900568 -0.961041 -0.276404
-0.693714 19.0438 -39.6685 0.00586373 -0.961721 -0.273969
-1.6327 19.0602 -39.7531 0.01246 -0.962353 -0.271517
-2.85811 19.1386 -40.0791 0.011749 -0.963694 -0.266701
-3.88524 19.2657 -40.6054 0.0124478 -0.964856 -0.262467
-4.71184 19.4101 -41.1945 0.0155899 -0.966454 -0.256366
-5.61324 19.6045 -42.0242 0.0173591 -0.969626 -0.243854
-6.35806 19.8039 -42.8611 0.0122997 -0.972725 -0.231493
-6.97309 20.0664 -44.0378 0.00882736 -0.974316 -0.22499
-7.31007 20.2953 -45.1339 0.00760594 -0.978612 -0.205572
-7.50358 20.536 -46.3863 -0.0124068 -0.983585 -0.179377
-7.42464 20.7507 -47.6697 -0.00884925 -0.987927 -0.154037
-7.51323 20.8858 -48.6003 -0.0130638 -0.989637 -0.142998
-8.50708 20.9551 -48.8802 -0.0382145 -0.987831 -0.150762
-9.59557 21.0176 -49.0078 -0.0414214 -0.987795 -0.150152
-10.7622 21.0705 -49.0112 -0.0460731 -0.986757 -0.155524
-11.8658 21.0585 -48.6364 -0.0589482 -0.982052 -0.179164
-12.8573 20.9274 -47.7375 -0.0386488 -0.977823 -0.205787
-13.7224 20.7754 -46.8781 -0.0347129 -0.976909 -0.210796
-14.3677 20.6279 -46.151 -0.0314551 -0.973334 -0.227228
-15.2671 20.3788 -45.0045 -0.0242093 -0.970504 -0.239867
-16.0511 20.1128 -43.8771 -0.020148 -0.968498 -0.248205
-16.708 19.8252 -42.7219 -0.0161813 -0.966906 -0.254621
-17.2349 19.6068 -41.8676 -0.0103281 -0.965756 -0.259229
-17.8027 19.3784 -40.9919 -0.0119214 -0.965095 -0.261629
-18.4693 19.0765 -39.8519 -0.00660325 -0.965309 -0.261026
-18.941 18.8028 -38.8331 -0.00569994 -0.964741 -0.263139
-19.5395 18.4818 -37.6381 -0.00449652 -0.96529 -0.261143
-19.9753 18.2725 -36.857 -0.0042713 -0.965627 -0.259893
-20.4017 18.0665 -36.0858 -0.00408308 -0.965531 -0.260256
-21.0305 17.7507 -34.8995 -0.00525277 -0.965942 -0.258706
-21.472 17.5069 -33.9823 -0.00421864 -0.965708 -0.259593
-21.9032 17.2438 -32.9939 -0.00734335 -0.966018 -0.25837
-22.2489 17.0087 -32.1048 -0.00591049 -0.966258 -0.257504
-22.6055 16.7787 -31.2287 -0.00570353 -0.966777 -0.255559
-22.9609 16.5322 -30.2876 -0.00493534 -0.966774 -0.255585
-23.3754 16.2511 -29.2203 -0.00443225 -0.966406 -0.256982
-23.728 16.0191 -28.3572 -0.00173363 -0.965019 -0.262173
-24.1783 15.7105 -27.2177 -0.00200636 -0.964987 -0.262291
-24.589 15.4448 -26.235 0.00384214 -0.965192 -0.261508
-24.9307 15.2178 -25.4058 0.00622519 -0.964782 -0.262976
-25.2964 14.9567 -24.4616 0.0065943 -0.964478 -0.264079
-25.6748 14.6939 -23.5121 0.00734989 -0.964389 -0.264385
-26.0182 14.4589 -22.6558 0.00884214 -0.965772 -0.259243
-26.3488 14.2245 -21.7874 0.00860226 -0.966686 -0.255822
-26.7439 13.9641 -20.8129 0.0082559 -0.967223 -0.253793
-27.0417 13.741 -19.9713 0.00796943 -0.967249 -0.253704
-27.3827 13.4778 -18.9833 0.0089777 -0.96681 -0.255337
-27.7348 13.2021 -17.9454 0.00912836 -0.967564 -0.25246
-28.1354 12.8887 -16.7626 0.00897557 -0.966798 -0.255385
-28.6108 12.5919 -15.6489 0.00698287 -0.967496 -0.252788
-28.9487 12.3334 -14.6768 0.0112396 -0.967172 -0.253873
-29.2436 12.0976 -13.795 0.0125779 -0.966338 -0.256967
-29.5993 11.8518 -12.8906 0.012904 -0.965467 -0.260202
-29.8899 11.6001 -11.9713 0.0145384 -0.966498 -0.256264
-30.1438 11.3638 -11.0977 0.0169473 -0.967033 -0.254059
-30.4526 11.1272 -10.2056 0.0164616 -0.968136 -0.24988
-30.8898 10.8312 -9.07187 0.0142068 -0.968521 -0.248523
-31.2594 10.5668 -8.06072 0.0115305 -0.968565 -0.248494
-31.644 10.2473 -6.82151 0.0123675 -0.969261 -0.245722
-31.8678 9.95524 -5.67868 0.0127824 -0.96916 -0.246098
-32.0364 9.62151 -4.37654 0.0139688 -0.968761 -0.247596
-32.0085 9.37016 -3.38063 0.0136175 -0.969451 -0.244907
-31.9548 9.09645 -2.29409 0.0118594 -0.96981 -0.243563
-31.8731 8.82784 -1.20798 0.0102877 -0.971405 -0.237204
-31.8037 8.52994 0.0256874 0.0109645 -0.972572 -0.232342
-31.9193 8.21996 1.33277 0.0104244 -0.97407 -0.226007
-31.9959 8.0144 2.22106 0.00794634 -0.974558 -0.223988
-32.0543 7.72818 3.46072 0.00475073 -0.974455 -0.224525
-32.0291 7.52448 4.34151 0.00352487 -0.9743 -0.225225
-31.9487 7.28471 5.37997 0.00346417 -0.974293 -0.225259
-31.7308 6.98936 6.65348 0.0054784 -0.974702 -0.223414
-31.6525 6.77493 7.61316 0.00489101 -0.976045 -0.217514
-31.6398 6.53084 8.70826 0.00521171 -0.976537 -0.215276
-31.5418 6.27376 9.89712 -3.54873e-05 -0.977568 -0.210601
-30.7939 6.0364 10.973 -0.00407459 -0.976925 -0.213541
-29.8369 6.07426 10.7851 -0.00123167 -0.976127 -0.217198
-28.6375 6.06234 10.8295 -0.00168008 -0.976117 -0.217239
-27.5429 6.00641 11.0702 -0.00262899 -0.976149 -0.217086
-26.4976 5.97181 11.2113 -0.00287272 -0.975997 -0.217763
-25.1828 5.98479 11.1321 -0.00489658 -0.976313 -0.216305
-24.1778 6.013 10.9784 -0.00639926 -0.976415 -0.215805
-23.0784 6.05705 10.7378 -0.00859981 -0.976396 -0.215819
-22.1824 6.02252 10.8567 -0.00849611 -0.976601 -0.21489
-21.2796 5.95188 11.1417 -0.0126404 -0.976861 -0.213499
-20.2668 5.88545 11.3883 -0.0130034 -0.97711 -0.212333
-19.2486 5.80386 11.6955 -0.0144231 -0.977043 -0.212552
-18.0178 5.83139 11.4928 -0.0125133 -0.976542 -0.214965
-16.9498 5.98336 10.7648 -0.00440788 -0.974985 -0.222196
-16.0584 5.90466 11.0803 -0.00668831 -0.975323 -0.22068
-16.6322 6.10481 10.2219 -0.00796332 -0.974847 -0.222733
-17.2792 6.32397 9.27705 -0.00334794 -0.973694 -0.227834
-17.8109 6.50529 8.51334 -0.00849379 -0.973261 -0.229546
-18.4683 6.68967 7.75779 -0.00487682 -0.973703 -0.227726
-19.1047 6.8687 7.00968 -0.000720206 -0.971081 -0.23875
-19.6494 7.05967 6.24057 -0.00244409 -0.970119 -0.242616
-20.1009 7.26824 5.40514 0.000237183 -0.970729 -0.240177
-20.7452 7.59027 4.11508 0.00446635 -0.969745 -0.244079
-21.1696 7.83386 3.13247 0.00787313 -0.970188 -0.242223
-21.5804 8.05491 2.23793 0.00808304 -0.969763 -0.243916
-22.1404 8.38896 0.893014 0.0075236 -0.969789 -0.243829
-22.5398 8.72003 -0.434261 0.00707201 -0.969768 -0.243924
-22.8051 8.96768 -1.4201 0.0103489 -0.967808 -0.251476
-23.0146 9.20522 -2.3429 0.00971702 -0.967696 -0.251933
-23.1643 9.43503 -3.23597 0.00911531 -0.968185 -0.25007
-23.2829 9.7931 -4.62683 0.010091 -0.967871 -0.251241
-23.4154 10.1225 -5.89966 0.0119754 -0.967993 -0.250692
-23.5118 10.4448 -7.14644 0.0138444 -0.967761 -0.251489
-23.4899 10.7101 -8.1635 0.0122864 -0.967608 -0.252157
-23.4087 10.9981 -9.26976 0.0113697 -0.967799 -0.251465
-23.2362 11.3013 -10.4276 0.011209 -0.967731 -0.251738
-23.1048 11.5532 -11.3964 0.0117406 -0.968184 -0.249963
-22.8863 11.9171 -12.7799 0.0108591 -0.967493 -0.252662
-22.4992 12.2283 -13.9561 0.00941641 -0.96712 -0.254147
-22.1339 12.5335 -15.1256 0.00959312 -0.968642 -0.248274
-21.7757 12.8452 -16.3212 0.00981151 -0.968433 -0.249079
-21.1681 13.1944 -17.6576 0.00969114 -0.968372 -0.249323
-20.4609 13.4663 -18.6933 0.00817358 -0.969043 -0.246756
-20.0212 13.6669 -19.4605 0.00734035 -0.968502 -0.248896
-19.4329 13.9156 -20.4076 0.00650148 -0.9678 -0.251638
-18.6991 14.1807 -21.4082 0.00609388 -0.967395 -0.253197
-17.9413 14.4496 -22.4239 0.000392592 -0.967269 -0.253753
-17.3455 14.6469 -23.1757 0.000826899 -0.967564 -0.252624
-16.6855 14.843 -23.9251 0.000234011 -0.96766 -0.252255
-16.0161 15.0057 -24.5532 -0.00125049 -0.967711 -0.252058
-15.1282 15.2025 -25.3065 -0.000381025 -0.967123 -0.25431
-14.0971 15.4143 -26.1147 -0.00109959 -0.967307 -0.253604
-13.2755 15.5642 -26.6918 -0.00107578 -0.967088 -0.254436
-12.3115 15.74 -27.355 0.0019658 -0.96688 -0.255224
-11.4746 15.8822 -27.8881 0.00134969 -0.966882 -0.255219
-10.5822 15.9962 -28.3231 -0.000584349 -0.967262 -0.25378
-9.6197 16.117 -28.7886 -0.000363494 -0.967558 -0.252648
-8.70086 16.2256 -29.2074 -0.0014331 -0.967713 -0.252049
-7.36476 16.3524 -29.7011 -0.0011473 -0.967133 -0.254266
-6.39764 16.4128 -29.9358 -0.000257759 -0.966867 -0.255275
-5.49225 16.4834 -30.1975 0.0013724 -0.966701 -0.255904
-4.50024 16.5599 -30.4817 0.00192286 -0.966886 -0.255201
-3.13675 16.6227 -30.7171 0.000165649 -0.966046 -0.258369
-2.05403 16.6658 -30.8769 0.000794395 -0.966167 -0.257914
-1.82836 16.6739 -30.9063 0.00139013 -0.966283 -0.257478
-1.50531 16.3935 -29.8541 0.00338104 -0.964886 -0.262641
-2.48871 16.3635 -29.7528 0.00222986 -0.964523 -0.263989
-3.44501 16.3225 -29.5818 -0.004419 -0.966382 -0.257039
-4.65778 16.2649 -29.3629 0.00260269 -0.967052 -0.254566
-5.56521 16.1966 -29.1168 0.00256683 -0.966623 -0.256188
-6.61445 16.1219 -28.8337 -0.00226432 -0.966729 -0.255794
-8.04024 16.0061 -28.3783 -0.00376312 -0.96682 -0.25543
-9.3217 15.8645 -27.8209 -0.000159256 -0.967689 -0.252146
-10.4583 15.6528 -27.0159 0.000118286 -0.96702 -0.254698
-11.5747 15.535 -26.5726 0.0013572 -0.966965 -0.254905
-12.7432 15.3331 -25.8094 0.000243488 -0.967684 -0.252165
-13.8748 15.1116 -24.9588 0.000219415 -0.967443 -0.25309
-15.058 14.8569 -23.9853 -0.000369436 -0.967744 -0.251934
-15.7026 14.6955 -23.3625 -0.00104193 -0.967922 -0.251248
-16.6043 14.4223 -22.3159 0.00171308 -0.967415 -0.253188
-17.2569 14.2079 -21.5011 -0.000667744 -0.967303 -0.253619
-17.8224 13.9763 -20.6188 0.00086089 -0.967343 -0.253469
-18.6335 13.7453 -19.7256 0.00516401 -0.969292 -0.245835
-19.3252 13.4334 -18.5332 0.00635913 -0.968478 -0.249015
-20.0691 13.1098 -17.2856 0.00751578 -0.968484 -0.24895
-20.6808 12.8087 -16.1418 0.00768417 -0.968443 -0.249118
-21.0598 12.475 -14.8556 0.0094536 -0.968348 -0.249424
-21.3954 12.1855 -13.7456 0.0132542 -0.967976 -0.250693
-21.7997 11.8808 -12.5918 0.0125195 -0.967942 -0.250863
-21.9537 11.6227 -11.6049 0.0134556 -0.967718 -0.251677
-22.0864 11.3713 -10.6483 0.0103289 -0.967905 -0.251106
-22.1971 11.1346 -9.74102 0.0131692 -0.967397 -0.252909
-22.2187 10.8874 -8.79271 0.0106932 -0.967764 -0.251631
-22.4048 10.5452 -7.47939 0.0107321 -0.968086 -0.250387
-22.3552 10.2538 -6.35492 0.0121825 -0.967945 -0.250865
-22.2783 9.99769 -5.3669 0.0110596 -0.967537 -0.252487
-22.2026 9.62472 -3.93321 0.0107009 -0.967902 -0.251097
-22.0673 9.38576 -3.00242 0.010083 -0.968202 -0.249966
-21.7968 9.06085 -1.73601 0.0107559 -0.967764 -0.251628
-21.522 8.82056 -0.797352 0.0106558 -0.968738 -0.247836
-21.168 8.48566 0.545582 0.0109118 -0.969603 -0.24444
-20.874 8.27776 1.38169 0.0118738 -0.969591 -0.244442
-20.4871 8.07737 2.19819 0.0130281 -0.969474 -0.24485
-19.79 7.73706 3.54872 0.0065693 -0.967522 -0.252703
-19.2543 7.47353 4.59792 0.0028032 -0.969322 -0.245779
-18.7361 7.16654 5.79771 -0.00526079 -0.970458 -0.241212
-18.0134 6.92932 6.75952 -0.000829398 -0.971099 -0.238675
-17.4079 6.76707 7.42059 -2.87982e-05 -0.97168 -0.23629
-16.6893 6.53786 8.37753 0.00156144 -0.972565 -0.232625
-16.1524 6.3371 9.20803 -0.00285552 -0.973 -0.230774
-14.8909 6.07956 10.3 0.000340888 -0.973769 -0.227536
-14.2099 5.92789 10.9537 0.000165866 -0.973976 -0.22665
-13.5088 5.79928 11.5373 0.00926791 -0.973341 -0.229174
-12.5567 5.6553 12.1577 0.00666883 -0.97153 -0.236692
-11.8522 5.37327 13.2945 -0.00723546 -0.969046 -0.246484
-12.7777 5.37659 13.3172 -0.000216549 -0.972663 -0.23222
-13.8008 5.5401 12.6265 0.00895051 -0.974258 -0.225028
-14.9402 5.51929 12.7224 -0.0148435 -0.975231 -0.220432
-15.7774 5.60543 12.4039 0.0047361 -0.978334 -0.206656
-16.6994 5.69461 12.0072 -0.000114614 -0.973008 -0.23077
-17.5029 5.60804 12.4293 -0.0358666 -0.976127 -0.213286
-18.5369 5.47111 13.1979 -0.00643531 -0.979563 -0.201037
-19.7027 5.58448 12.7337 -0.0145817 -0.976982 -0.212824
-20.6013 5.65928 12.4498 -0.0128633 -0.9772 -0.21193
-21.5258 5.70496 12.289 -0.00792028 -0.977449 -0.211005
-22.7072 5.82907 11.7535 -0.00751458 -0.976336 -0.216127
-23.6858 5.76952 12.0621 -0.00994525 -0.976432 -0.215597
-24.7688 5.70463 12.3842 -0.000296024 -0.975548 -0.219784
-25.8646 5.72892 12.2872 -0.00356251 -0.975574 -0.219643
-26.8858 5.72785 12.3187 -0.00749756 -0.97607 -0.217286
-27.8175 5.75192 12.2301 0.000954074 -0.976556 -0.215179
-29.2085 5.81595 11.9228 -0.00128644 -0.975135 -0.221609
-30.1124 5.78794 12.0759 -0.00974574 -0.975675 -0.219007
-31.1265 5.74171 12.3505 -0.0116669 -0.978204 -0.207318
-32.0584 5.8043 12.1066 -0.0106132 -0.978218 -0.207307
-32.3741 5.99786 11.1904 -0.00405519 -0.978948 -0.204072
-32.6774 6.19865 10.246 -3.60694e-05 -0.977568 -0.210601
-32.6727 6.52112 8.74054 -0.00148747 -0.97685 -0.213882
-32.7174 6.74646 7.70977 0.00616415 -0.977041 -0.212906
-32.8353 6.9731 6.7118 0.00139661 -0.973641 -0.228077
-33.1097 7.26795 5.43777 0.0028565 -0.974331 -0.225102
-33.0918 7.47557 4.53894 0.00283544 -0.97436 -0.224977
-33.0652 7.6827 3.64611 -7.05536e-05 -0.974887 -0.222701
-33.0481 7.97942 2.32809 0.00872544 -0.97571 -0.218848
-33.0339 8.23556 1.20144 0.0129509 -0.975095 -0.221407
-32.9078 8.4865 0.139388 0.0152161 -0.97216 -0.233823
-32.9054 8.77262 -1.03555 0.0147836 -0.971023 -0.238527
-32.9919 9.01028 -2.00186 0.0147601 -0.9703 -0.241454
-33.0769 9.30162 -3.17461 0.0143862 -0.969992 -0.242711
-33.3383 9.53883 -4.13435 0.015591 -0.969029 -0.246444
-33.1389 9.78073 -5.06491 0.0163177 -0.968676 -0.247787
-32.9418 10.0308 -6.03224 0.0119112 -0.96923 -0.245868
-32.6497 10.3444 -7.25725 0.0130749 -0.969394 -0.245161
-32.1434 10.7405 -8.78351 0.0135429 -0.968703 -0.247852
-31.8971 10.9656 -9.65334 0.0121537 -0.969267 -0.245711
-31.5007 11.1974 -10.5521 0.0238643 -0.969067 -0.245641
-31.193 11.43 -11.4277 0.0262274 -0.96725 -0.252465
-30.7514 11.8061 -12.7747 0.0164052 -0.963982 -0.265398
-30.4048 12.0716 -13.7446 0.00909871 -0.966309 -0.257222
-30.0519 12.3006 -14.593 0.00792156 -0.966799 -0.255408
-29.6801 12.6417 -15.8781 0.00663725 -0.966577 -0.256291
-29.3653 12.8864 -16.7923 0.00661332 -0.966995 -0.254711
-28.9758 13.1212 -17.6719 0.00315301 -0.966798 -0.2555
-28.7174 13.3755 -18.6385 0.00739827 -0.967405 -0.253128
-28.3475 13.5938 -19.4553 0.00859852 -0.966799 -0.255393
-28.0201 13.8176 -20.2995 0.00991946 -0.967458 -0.252836
-27.5135 14.2093 -21.7733 0.0101786 -0.967019 -0.254502
-27.0928 14.5208 -22.9202 0.0103387 -0.965268 -0.261044
-26.7313 14.7978 -23.9298 0.00959709 -0.964442 -0.264119
-26.3527 15.0286 -24.7578 0.00948082 -0.964331 -0.264531
-25.856 15.3967 -26.0694 0.00363423 -0.962962 -0.269579
-25.5361 15.6431 -26.9637 -0.000551613 -0.964916 -0.262557
-25.0581 15.9068 -27.932 -0.00375186 -0.964193 -0.265174
-24.5258 16.2631 -29.2406 -0.00468767 -0.964403 -0.264394
-24.0124 16.6171 -30.571 -0.0106775 -0.966966 -0.25465
-23.6711 16.9532 -31.8706 -0.00457752 -0.966326 -0.257271
-23.1866 17.1946 -32.7766 -0.00641175 -0.965119 -0.261717
-22.7739 17.453 -33.7473 -0.011126 -0.965438 -0.260395
-22.3762 17.6869 -34.6399 -0.00408075 -0.96636 -0.257161
-21.9056 17.9097 -35.4815 -0.00278745 -0.966028 -0.258422
-21.4449 18.1332 -36.3186 -0.00324182 -0.965674 -0.259738
-21.0457 18.3437 -37.1053 -0.0029095 -0.964932 -0.262486
-20.6543 18.5708 -37.9446 -0.00412014 -0.965052 -0.262021
-20.1036 18.8287 -38.9015 -0.00433832 -0.964096 -0.265518
-19.487 19.1816 -40.2091 -0.00708898 -0.964808 -0.262858
-19.0618 19.408 -41.0549 -0.00809335 -0.965037 -0.261987
-18.4173 19.6782 -42.0637 -0.01606 -0.96427 -0.264434
-17.845 19.9277 -43.024 -0.0214732 -0.966704 -0.254994
-17.3256 20.1067 -43.7476 -0.0210818 -0.967622 -0.251514
-16.9318 20.3115 -44.5746 -0.0213156 -0.96801 -0.250006
-16.4193 20.4932 -45.3437 -0.0264517 -0.970387 -0.240104
-15.8217 20.6529 -46.0356 -0.0412072 -0.968173 -0.246426
-15.0278 20.8596 -47.0279 -0.0360253 -0.971547 -0.234092
-14.3635 20.9954 -47.7342 -0.0402966 -0.974122 -0.222403
-13.135 21.1787 -48.8974 -0.0567334 -0.978314 -0.199203
-12.3291 21.2865 -49.725 -0.0718483 -0.981207 -0.179081
-11.2681 21.2869 -50.1699 -0.0651543 -0.98661 -0.149518
-10.2541 21.2201 -50.1565 -0.0502189 -0.989171 -0.137909
-8.91112 21.1339 -50.0391 -0.048362 -0.990022 -0.132207
-7.35898 21.0355 -49.7891 -0.0333008 -0.991573 -0.124966
-6.20595 20.9756 -49.6327 -0.0392018 -0.993959 -0.101335
-6.08103 20.8728 -48.6977 -0.0168215 -0.992655 -0.119803
-6.27576 20.7132 -47.4953 -0.00884726 -0.987927 -0.154036
-6.47234 20.5251 -46.3336 0.00586525 -0.988157 -0.153337
-6.33159 20.3566 -45.3839 0.0219228 -0.981507 -0.190163
-5.78742 20.1383 -44.2199 0.0258535 -0.975712 -0.216859
-5.28642 19.8998 -43.1609 0.0313228 -0.972549 -0.230582
-4.43491 19.7172 -42.3515 0.0302361 -0.96886 -0.245664
-3.71664 19.5934 -41.7969 0.0286335 -0.965101 -0.260308
-2.65681 19.4457 -41.1668 0.0179257 -0.961995 -0.272477
-1.50518 19.3601 -40.7916 0.0140003 -0.959666 -0.280795
-0.0386631 19.3541 -40.7074 0.00477736 -0.955315 -0.295553
0.914587 19.3974 -40.8225 0.00120191 -0.952939 -0.303159
1.85322 19.468 -41.0634 -0.0306271 -0.961463 -0.273225
3.08262 19.5696 -41.5341 -0.0171152 -0.962156 -0.271961
4.21581 19.7411 -42.2776 -0.0238563 -0.966298 -0.256317
4.98415 19.9432 -43.1712 -0.0285396 -0.969733 -0.242495
5.64771 20.1766 -44.2962 -0.0258369 -0.975586 -0.218095
5.82324 20.3903 -45.3536 -0.0143716 -0.982532 -0.184232
6.11231 20.5986 -46.6267 -0.0318232 -0.989403 -0.137694
5.87491 20.7539 -47.686 0.0129491 -0.990189 -0.138295
5.52513 20.907 -49.0153 0.0288078 -0.992677 -0.117312
5.85548 21.0236 -49.9197 0.0338049 -0.992412 -0.118115
7.01433 21.0935 -50.0848 0.0498252 -0.990648 -0.126929
8.5811 21.2114 -50.3029 0.0642365 -0.988694 -0.135397
9.95044 21.2255 -49.862 0.0559956 -0.98462 -0.165491
11.0564 21.21 -49.4515 0.0408585 -0.980463 -0.192414
11.8829 21.1668 -49.0894 0.0288578 -0.981524 -0.189141
12.9855 21.1037 -48.5927 0.029938 -0.979869 -0.197256
13.9471 20.85 -47.2812 0.0181365 -0.977875 -0.208402
14.3429 20.6869 -46.4841 0.0148089 -0.977406 -0.210853
14.9863 20.4331 -45.2828 0.0141396 -0.975772 -0.218333
15.5263 20.2351 -44.3658 0.0140553 -0.975403 -0.219983
15.9717 20.042 -43.5017 0.00858815 -0.974348 -0.224883
16.4038 19.7767 -42.345 0.0181895 -0.971715 -0.235457
17.0089 19.5136 -41.2352 0.0105954 -0.970208 -0.242027
17.46 19.2872 -40.3176 0.016479 -0.969943 -0.242701
18.0485 19.0407 -39.3258 0.0103424 -0.968809 -0.247595
18.5984 18.7485 -38.1733 0.0134514 -0.968031 -0.250471
19.2142 18.4333 -36.9354 0.0142307 -0.964535 -0.26355
19.7689 18.1451 -35.8445 0.0118747 -0.964902 -0.262342
20.1822 17.9124 -34.9766 0.009284 -0.964636 -0.263424
20.7916 17.6318 -33.9269 0.00951083 -0.964686 -0.263232
21.3798 17.3784 -32.9787 0.00909521 -0.964532 -0.26381
21.7681 17.15 -32.1319 0.00674347 -0.964596 -0.263644
22.5038 16.8183 -30.8936 0.00612505 -0.965096 -0.261824
22.9214 16.6135 -30.115 0.0116591 -0.964505 -0.263808
23.6229 16.2873 -28.8918 0.0115651 -0.96447 -0.263939
24.2449 15.9992 -27.8102 0.0107343 -0.96453 -0.263756
24.6456 15.7847 -27.0177 0.00744307 -0.964567 -0.263734
25.2726 15.468 -25.8454 0.00534267 -0.965011 -0.262143
25.762 15.2225 -24.9225 0.0127773 -0.965972 -0.258221
26.2575 15.0026 -24.1053 0.00883506 -0.962768 -0.270073
26.8759 14.7671 -23.2356 0.00413296 -0.964311 -0.26474
27.2478 14.4298 -22.0243 -0.0010829 -0.962862 -0.269994
27.8637 14.0226 -20.5149 -0.000344345 -0.965986 -0.258595
28.3083 13.7579 -19.5382 -0.00115548 -0.964924 -0.262526
28.5877 13.4847 -18.5294 0.00600849 -0.964262 -0.264857
29.022 13.2287 -17.5942 0.000605242 -0.964746 -0.263184
29.3392 12.9884 -16.7282 -0.00214713 -0.962385 -0.271667
29.6588 12.738 -15.8431 -0.00752623 -0.963889 -0.266199
30.1398 12.2965 -14.2507 -0.0124155 -0.965197 -0.261192
30.6867 11.9096 -12.7949 -0.00700649 -0.968108 -0.250436
30.9437 11.672 -11.8995 -0.00549166 -0.967289 -0.253609
31.5012 11.3378 -10.652 -0.0142487 -0.967342 -0.253032
31.9373 11.08 -9.66415 -0.010459 -0.968751 -0.247798
32.4341 10.7879 -8.55486 -0.00992184 -0.968056 -0.250536
32.8112 10.5379 -7.60259 -0.00658283 -0.967584 -0.252462
33.1145 10.2977 -6.69184 -0.00586763 -0.967402 -0.25318
33.281 9.96015 -5.39407 -0.00630627 -0.968149 -0.250294
33.3605 9.73318 -4.50493 -0.00393795 -0.968718 -0.248128
33.3133 9.48209 -3.52338 -0.00401466 -0.968758 -0.247971
33.2915 9.18897 -2.36706 -0.00665729 -0.970384 -0.241475
33.289 8.96839 -1.48955 -0.00790333 -0.96962 -0.244489
33.2198 8.73013 -0.53448 -0.0072826 -0.971043 -0.238795
33.0572 8.42353 0.730192 -0.00622058 -0.972859 -0.231315
32.9436 8.19719 1.68654 -0.00495757 -0.973724 -0.227645
32.6186 7.90757 2.93332 0.00199608 -0.973923 -0.226872
32.3746 7.54137 4.50564 0.00426024 -0.974036 -0.226352
32.1378 7.22415 5.87532 0.00330845 -0.974498 -0.22437
32.0519 6.96183 7.01748 0.00281809 -0.974784 -0.223132
32.0261 6.73716 7.994 0.000585426 -0.974783 -0.223146
31.8752 6.47054 9.17412 -0.00163826 -0.975681 -0.219191
31.6302 6.27811 10.0633 0.00974865 -0.976575 -0.214855
31.4539 6.03591 11.1278 0.00705117 -0.975802 -0.218542
30.7219 5.85776 11.9083 0.00933587 -0.977073 -0.212701
29.6711 5.81136 12.0782 0.00736668 -0.977347 -0.211515
28.6756 5.79764 12.1245 0.00253093 -0.976793 -0.21417
27.7054 5.77185 12.23 0.00476954 -0.97704 -0.212986
26.7979 5.75196 12.2752 0.0249413 -0.973914 -0.225013
25.7453 5.74918 12.1934 0.00113854 -0.975805 -0.218253
24.4442 5.67885 12.4887 0.0147902 -0.977963 -0.208254
23.7364 5.82366 11.7932 0.0087428 -0.974809 -0.222862
22.7028 5.77797 11.9636 0.00264906 -0.975535 -0.219773
21.9444 5.51558 13.2027 0.00377563 -0.979585 -0.200995
21.057 5.47717 13.3543 0.00773904 -0.979066 -0.203397
19.9311 5.41605 13.5755 0.0194149 -0.979035 -0.202766
18.795 5.43458 13.3825 0.00756885 -0.979183 -0.202591
17.5266 5.46321 13.2103 0.0104998 -0.980832 -0.194571
16.4985 5.43283 13.2283 0.0195858 -0.978098 -0.20692
15.5904 5.4603 13.05 0.0177731 -0.976121 -0.216497
14.6915 5.42849 13.1757 0.00205246 -0.975218 -0.221238
13.8087 5.37762 13.3918 0.00205261 -0.975218 -0.221237
13.3201 5.56963 12.5595 -0.00300559 -0.974673 -0.223616
14.3283 5.70615 11.9264 -0.00450934 -0.976328 -0.21617
15.2572 5.86542 11.2087 0.00237263 -0.976533 -0.215357
16.0762 6.06246 10.3904 0.00983867 -0.971931 -0.235024
16.8563 6.27982 9.5094 0.00331656 -0.973687 -0.227864
17.4755 6.43859 8.83918 0.00274489 -0.973782 -0.227466
18.1105 6.62036 8.07947 0.00459373 -0.972522 -0.232767
18.6946 6.79572 7.37454 0.000727332 -0.970612 -0.240647
19.2398 7.004 6.53056 -0.00111975 -0.970339 -0.241736
19.7749 7.21884 5.65419 0.000254956 -0.971325 -0.237754
20.2865 7.434 4.77309 -0.00112356 -0.971637 -0.236473
20.7174 7.63525 3.9635 -0.00678703 -0.970256 -0.241987
21.0773 7.85066 3.08724 -0.00716216 -0.970581 -0.240668
21.6074 8.09261 2.09781 -0.0121655 -0.97085 -0.23933
21.9283 8.34284 1.06513 0.000116483 -0.971503 -0.237026
22.3289 8.58186 0.117765 0.00510426 -0.969061 -0.246767
22.6164 8.81391 -0.754909 -0.00391411 -0.967369 -0.253281
22.9264 9.24282 -2.43076 -0.00780053 -0.968429 -0.249167
23.0702 9.53418 -3.55313 -0.00412474 -0.967662 -0.252216
23.232 9.7646 -4.43313 -0.00585736 -0.96697 -0.254822
23.35 10.1595 -5.92938 -0.00606871 -0.966627 -0.256116
23.2966 10.4178 -6.90065 -0.00493192 -0.966672 -0.255971
23.318 10.6873 -7.91718 -0.00610871 -0.966702 -0.255832
23.3101 11.0203 -9.19198 -0.00235472 -0.967657 -0.252235
23.1245 11.3117 -10.2852 -0.0069468 -0.966145 -0.257888
22.8497 11.6975 -11.7456 -0.00636054 -0.967303 -0.253543
22.6267 11.9379 -12.661 -0.00645657 -0.967601 -0.252402
22.3784 12.1772 -13.5703 -0.00675489 -0.967248 -0.253742
22.1051 12.4136 -14.4606 -0.00525853 -0.967202 -0.253951
21.6573 12.7323 -15.6661 -0.0039044 -0.96691 -0.255086
21.2966 12.9509 -16.4841 -0.00545429 -0.966414 -0.256933
20.6936 13.2743 -17.6851 -0.00651172 -0.966915 -0.255003
19.978 13.5973 -18.9168 -0.000109419 -0.967641 -0.252319
19.3812 13.867 -19.9468 0.00234991 -0.967536 -0.252721
18.7148 14.0796 -20.764 0.00306088 -0.967356 -0.253401
18.127 14.2734 -21.5116 0.00364305 -0.967212 -0.253945
17.2914 14.5261 -22.4916 0.00662857 -0.967612 -0.252351
16.2337 14.8237 -23.6507 0.00558824 -0.966148 -0.257929
15.1406 15.0721 -24.6008 0.00478141 -0.965975 -0.258592
14.2648 15.2553 -25.2923 0.00241227 -0.96618 -0.257859
13.5156 15.4157 -25.91 0.00609622 -0.965982 -0.258537
12.724 15.5424 -26.4067 0.00689233 -0.965819 -0.259124
11.8263 15.6638 -26.8855 0.00814188 -0.965667 -0.259657
10.7773 15.8112 -27.4651 0.0067857 -0.965543 -0.260155
9.67186 15.9474 -27.9872 0.00115611 -0.966724 -0.255793
8.43917 16.0678 -28.4833 0.0097986 -0.966535 -0.256298
7.39156 16.1438 -28.7858 0.0025416 -0.965257 -0.26129
6.47251 16.2287 -29.1054 0.00345853 -0.966098 -0.258133
5.11065 16.3271 -29.524 0.0101522 -0.965769 -0.259186
3.79853 16.3816 -29.75 0.000646525 -0.965413 -0.260725
2.29081 16.4222 -29.9301 0.00422881 -0.966057 -0.258294
0.992786 16.4307 -29.9789 0.00325373 -0.965984 -0.25858
-0.183213 16.3995 -29.8713 0.000639183 -0.965967 -0.258665
-1.25148 16.3981 -29.8689 0.000891174 -0.96577 -0.259398
-1.40215 16.4 -29.8766 0.00283898 -0.965411 -0.260712
-5.99917 16.8842 -31.7184 0.00148633 -0.966976 -0.254861
-7.03051 16.8831 -31.7187 0.00125409 -0.967155 -0.254184
-8.20202 16.8817 -31.7191 0.00119965 -0.967161 -0.254162
-9.29882 16.8809 -31.7193 3.96515e-05 -0.967146 -0.254222
-10.3943 16.8815 -31.7192 -0.00172106 -0.966708 -0.255877
-11.3033 16.8828 -31.7188 -0.000739703 -0.966789 -0.255574
-12.2543 16.8843 -31.7185 -0.00245586 -0.967208 -0.253973
-13.6032 16.8872 -31.7177 -0.00188653 -0.966814 -0.255473
-14.9917 16.8894 -31.7172 -0.000707573 -0.966439 -0.256895
-16.1432 16.8907 -31.7168 -0.00114685 -0.966277 -0.257504
-17.4243 16.8905 -31.7169 0.000152712 -0.965769 -0.259404
-18.3594 16.8911 -31.7168 -0.000864774 -0.966054 -0.258339
-19.5968 16.8936 -31.7161 -0.00389016 -0.966615 -0.256205
-20.6238 16.8978 -31.715 -0.00425044 -0.966568 -0.256375
-20.8694 16.6226 -30.6714 -0.00385559 -0.967255 -0.253777
-19.7201 16.618 -30.6726 -0.00405262 -0.967015 -0.254687
-18.7481 16.6147 -30.6735 -0.00263028 -0.967012 -0.254716
-17.5325 16.6129 -30.674 -0.00140867 -0.967077 -0.254481
-16.5355 16.6115 -30.6743 -0.000133778 -0.966621 -0.25621
-15.6191 16.6122 -30.6741 0.000587085 -0.966292 -0.257448
-14.4279 16.6126 -30.674 3.0459e-05 -0.966448 -0.256862
-13.5145 16.6116 -30.6743 -0.00112452 -0.967058 -0.254556
-12.442 16.6107 -30.6745 -0.000725328 -0.967254 -0.253808
-11.2729 16.6097 -30.6747 -0.00161143 -0.967612 -0.252437
-10.2696 16.6088 -30.6749 -0.000670042 -0.967923 -0.251245
-9.28924 16.6083 -30.6751 -0.000933669 -0.967778 -0.251803
-11.7835 16.3371 -29.6305 0.00131541 -0.967787 -0.251765
-12.862 16.3371 -29.6305 -0.000345842 -0.967076 -0.254486
-13.936 16.3369 -29.6306 0.000149361 -0.966899 -0.255159
-15.1989 16.3363 -29.6307 0.000285557 -0.967465 -0.253005
-16.3158 16.3365 -29.6307 0.000377443 -0.967807 -0.251694
-17.5084 16.3378 -29.6304 -0.0021839 -0.967077 -0.254474
-18.6747 16.3401 -29.6298 -0.00183874 -0.967102 -0.254384
-19.7265 16.3441 -29.6287 -0.0044199 -0.967612 -0.252402
-20.7429 16.3483 -29.6276 -0.0034656 -0.967431 -0.253113
-21.4546 16.3507 -29.627 -0.00350516 -0.967425 -0.253134
-21.5105 16.0777 -28.5828 -0.0016552 -0.967074 -0.25449
-20.5649 16.0745 -28.5837 -0.00367246 -0.96703 -0.254634
-19.1999 16.0692 -28.5851 -0.00457494 -0.967296 -0.253608
-17.9461 16.0652 -28.5861 -0.00143228 -0.967668 -0.252221
-16.9581 16.0644 -28.5863 0.000567665 -0.967734 -0.251972
-15.859 16.0645 -28.5863 -0.000649032 -0.967155 -0.254188
-14.8747 16.0636 -28.5865 -0.00140819 -0.967531 -0.25275
-13.8725 16.062 -28.5869 -0.000808442 -0.967365 -0.253385
-13.6235 16.062 -28.5869 0.000647105 -0.967374 -0.253351
-15.151 15.7897 -27.5426 -0.000670774 -0.967089 -0.254438
-16.0595 15.7904 -27.5424 -0.000735876 -0.967053 -0.254576
-17.2486 15.7911 -27.5423 -0.00205956 -0.967016 -0.254708
-18.3712 15.7936 -27.5416 -0.00174737 -0.967463 -0.253008
-19.5672 15.7957 -27.541 -0.00222106 -0.966952 -0.254949
-20.476 15.7977 -27.5405 -0.003114 -0.966733 -0.25577
-21.5573 15.7999 -27.5399 -0.00142949 -0.966179 -0.257867
-21.9913 15.8004 -27.5398 -0.000659192 -0.966301 -0.257414
-22.5363 15.5195 -26.4977 0.00150516 -0.965389 -0.260811
-20.9805 15.5197 -26.4977 5.36506e-05 -0.96602 -0.258469
-19.811 15.5215 -26.4972 -0.000266374 -0.966633 -0.256164
-18.8941 15.5203 -26.4975 -0.00179631 -0.966392 -0.257067
-17.8886 15.5181 -26.4981 -0.00291445 -0.966387 -0.257075
-16.3279 15.5159 -26.4987 0.000178459 -0.967196 -0.254033
-17.484 15.2424 -25.4547 -0.000350327 -0.967342 -0.253475
-18.6803 15.2422 -25.4547 -0.000472002 -0.966587 -0.256339
-19.6849 15.2436 -25.4544 0.000130649 -0.966208 -0.257762
-20.7025 15.242 -25.4548 0.00199059 -0.966084 -0.25822
-21.7475 15.2388 -25.4556 0.00281685 -0.965535 -0.260256
-22.8644 15.237 -25.4561 0.00165431 -0.965172 -0.261613
-23.0599 15.2368 -25.4562 0.0014872 -0.965185 -0.261565
-23.3155 14.9537 -24.4147 0.00173657 -0.964979 -0.262322
-22.0077 14.9585 -24.4134 0.00360964 -0.966187 -0.257815
-20.7283 14.9626 -24.4123 0.00265121 -0.966101 -0.258151
-19.7265 14.9655 -24.4116 0.002368 -0.966268 -0.257528
-18.726 14.9672 -24.4111 0.00110373 -0.96663 -0.256176
-19.5215 14.6893 -23.3683 0.0057671 -0.967563 -0.252562
-20.4503 14.6855 -23.3693 0.0028967 -0.966299 -0.257406
-21.5552 14.6821 -23.3702 0.00384273 -0.966296 -0.257405
-22.6954 14.6763 -23.3717 0.00568579 -0.965521 -0.260261
-23.7908 14.6701 -23.3734 0.0073321 -0.965339 -0.260897
-23.9212 14.3876 -22.3317 0.00738157 -0.96566 -0.259705
-22.6229 14.397 -22.3292 0.00700247 -0.9667 -0.255817
-21.3532 14.4052 -22.3271 0.00675678 -0.966565 -0.256334
-20.3195 14.4116 -22.3254 0.00541309 -0.966905 -0.255078
-20.9742 14.1325 -21.2829 0.00656432 -0.967468 -0.252909
-22.2321 14.1241 -21.2851 0.00758137 -0.967623 -0.252287
-23.6466 14.1133 -21.2879 0.00803775 -0.966617 -0.256098
-24.754 14.1052 -21.2901 0.00694041 -0.966455 -0.256743
-24.7609 13.8311 -20.2462 0.00735211 -0.967633 -0.252255
-23.6476 13.8395 -20.244 0.00831026 -0.967509 -0.2527
-22.5648 13.8485 -20.2416 0.00839148 -0.967344 -0.253327
-21.672 13.8562 -20.2396 0.00798601 -0.968099 -0.250441
-22.2759 13.5804 -19.1962 0.0092765 -0.968097 -0.250403
-23.3504 13.5708 -19.1987 0.00918556 -0.968128 -0.250289
-24.5223 13.5613 -19.2012 0.00918351 -0.967818 -0.251484
-25.5418 13.5523 -19.2036 0.00858189 -0.967456 -0.252896
-25.8557 13.2769 -18.16 0.00835335 -0.967539 -0.252582
-24.554 13.2889 -18.1569 0.0102882 -0.96801 -0.250699
-23.4158 13.3005 -18.1539 0.0101561 -0.968256 -0.249753
-22.8947 13.3052 -18.1527 0.009298 -0.968405 -0.249209
-23.4247 13.0306 -17.1089 0.0104023 -0.968711 -0.247973
-24.6258 13.0186 -17.112 0.010101 -0.968729 -0.247916
-25.6315 13.0092 -17.1145 0.0107794 -0.967987 -0.250768
-25.9253 13.0059 -17.1154 0.011711 -0.967632 -0.252093
-26.2349 12.7311 -16.0717 0.0131513 -0.967977 -0.250695
-25.2637 12.7431 -16.0686 0.0119594 -0.968153 -0.250073
-24.2223 12.7544 -16.0656 0.0113196 -0.96821 -0.249882
-23.6037 12.7604 -16.0641 0.00919862 -0.968313 -0.249571
-23.919 12.4884 -15.0197 0.0111798 -0.968654 -0.248162
-24.9934 12.4767 -15.0227 0.0123494 -0.968455 -0.248881
-26.0314 12.4626 -15.0264 0.013978 -0.968072 -0.250282
-26.8849 12.4514 -15.0293 0.0144032 -0.967858 -0.251084
-26.8362 12.1806 -13.9846 0.0151923 -0.96764 -0.251876
-25.797 12.1964 -13.9805 0.0146732 -0.967298 -0.253218
-24.4922 12.213 -13.9762 0.012245 -0.96695 -0.254673
-24.2144 12.2161 -13.9754 0.0106934 -0.967011 -0.25451
-24.6909 11.9354 -12.9332 0.01158 -0.967024 -0.254422
-25.8778 11.9208 -12.937 0.0132625 -0.967266 -0.253418
-26.9991 11.9048 -12.9411 0.0165771 -0.966877 -0.254702
-27.2689 11.9007 -12.9422 0.015723 -0.966665 -0.255563
-28.169 11.6109 -11.9025 0.0171683 -0.966869 -0.254694
-27.0783 11.6295 -11.8976 0.0174172 -0.967109 -0.253766
-25.8934 11.6479 -11.8928 0.0143 -0.967669 -0.251817
-25.0283 11.659 -11.89 0.0105225 -0.967585 -0.252326
-25.3753 11.3829 -10.8466 0.0146075 -0.967487 -0.252499
-26.4287 11.3673 -10.8507 0.0165462 -0.967308 -0.253063
-27.507 11.3486 -10.8556 0.0174063 -0.967435 -0.252519
-28.0969 11.3388 -10.8581 0.0173914 -0.967598 -0.251896
-28.6343 11.058 -9.81602 0.0156405 -0.967837 -0.251092
-27.5409 11.0756 -9.81144 0.0167968 -0.967602 -0.251922
-26.623 11.0917 -9.80725 0.0185288 -0.967559 -0.251964
-25.4779 11.109 -9.80276 0.0147277 -0.967632 -0.251936
-25.3986 11.1101 -9.80246 0.0146868 -0.967694 -0.251699
-25.2394 10.8404 -8.75749 0.0149953 -0.96761 -0.252004
-26.5803 10.8198 -8.76284 0.0171115 -0.967214 -0.253385
-27.5334 10.804 -8.76694 0.016191 -0.967645 -0.251794
-28.9724 10.7826 -8.77248 0.014517 -0.968272 -0.249478
-29.0648 10.7813 -8.77281 0.014517 -0.968272 -0.249478
-29.2323 10.5097 -7.72829 0.0145172 -0.968272 -0.249478
-27.9821 10.5266 -7.72394 0.0149106 -0.968083 -0.250186
-27.0287 10.5388 -7.7208 0.0117697 -0.967253 -0.25354
-26.058 10.5549 -7.71662 0.0217675 -0.967778 -0.250861
-25.1673 10.5687 -7.71305 0.0137152 -0.967594 -0.252139
-25.3529 10.2947 -6.66923 0.014433 -0.967969 -0.250655
-26.5997 10.2764 -6.67393 0.0164137 -0.969352 -0.245126
-27.6673 10.2617 -6.67769 0.0133348 -0.968427 -0.248942
-28.6584 10.2472 -6.68141 0.0145812 -0.968145 -0.249967
-29.5684 10.2383 -6.68367 0.0087674 -0.968505 -0.24884
-29.8861 10.2356 -6.68436 0.0114715 -0.968938 -0.247036
-30.1473 9.96633 -5.6392 0.011319 -0.969021 -0.246718
-29.0714 9.97753 -5.63637 0.0115311 -0.969647 -0.244239
-28.0819 9.98995 -5.63321 0.012461 -0.969223 -0.24587
-26.9969 10.0032 -5.62985 0.0126246 -0.969231 -0.24583
-25.6711 10.021 -5.62528 0.0132674 -0.968355 -0.249224
-25.589 10.022 -5.62501 0.0137006 -0.968609 -0.248213
-24.938 9.76337 -4.57723 0.0108611 -0.968479 -0.248858
-25.9022 9.75223 -4.58008 0.011169 -0.969832 -0.243519
-27.2573 9.73563 -4.58429 0.0140773 -0.969957 -0.242868
-28.5918 9.71892 -4.58852 0.0116779 -0.969513 -0.24476
-29.9148 9.70356 -4.5924 0.0122629 -0.969525 -0.244685
-30.3095 9.69887 -4.59358 0.0121736 -0.969556 -0.244569
-30.1816 9.43651 -3.54668 0.0120843 -0.969586 -0.244452
-28.8158 9.45265 -3.54263 0.0123146 -0.969593 -0.244413
-27.5894 9.46828 -3.5387 0.0146545 -0.969746 -0.243676
-26.3461 9.48257 -3.53509 0.00899484 -0.968773 -0.247787
-25.4012 9.49094 -3.53296 0.00909549 -0.968717 -0.248003
-25.1249 9.49336 -3.53234 0.00905467 -0.968715 -0.248009
-24.8842 9.22642 -2.48667 0.00576574 -0.968999 -0.246998
-25.8608 9.21963 -2.48839 0.00905755 -0.968911 -0.247242
-26.763 9.21179 -2.49037 0.0107302 -0.968812 -0.247566
-27.8411 9.19945 -2.49347 0.0113256 -0.969308 -0.245588
-29.1393 9.18451 -2.4972 0.0122935 -0.969397 -0.245191
-29.9907 9.17404 -2.4998 0.0132655 -0.968758 -0.247653
-29.9958 8.90872 -1.45367 0.0149821 -0.97089 -0.239058
-28.9388 8.92397 -1.44989 0.00988542 -0.970111 -0.242459
-27.929 8.93375 -1.44747 0.0102278 -0.970153 -0.242277
-26.8739 8.94604 -1.44439 0.0120112 -0.969637 -0.244253
-25.5265 8.95641 -1.44177 0.00651766 -0.969468 -0.245131
-24.5924 8.95933 -1.44103 0.00252462 -0.969543 -0.24491
-24.5853 8.95935 -1.44103 0.00299039 -0.968907 -0.247407
-24.6649 8.69485 -0.394738 0.00435605 -0.969943 -0.243294
-25.6724 8.68998 -0.395973 0.00556252 -0.969217 -0.246146
-26.6267 8.68484 -0.397277 0.00530131 -0.970025 -0.242947
-28.1912 8.67226 -0.400405 0.00980808 -0.970672 -0.240207
-29.2324 8.66315 -0.402652 0.0102332 -0.971595 -0.236429
-29.9036 8.65544 -0.404544 0.011817 -0.971544 -0.236563
-29.7988 8.404 0.645012 0.00913766 -0.972799 -0.231472
-28.8371 8.412 0.646965 0.0083355 -0.972448 -0.232973
-27.4484 8.42459 0.650062 0.00649202 -0.971621 -0.236455
-26.5138 8.42838 0.65103 0.0036697 -0.971277 -0.237922
-25.5661 8.43128 0.651773 0.00409939 -0.971062 -0.238792
-24.666 8.43436 0.652561 0.00316374 -0.970543 -0.240905
-24.3485 8.43533 0.65281 0.0047438 -0.970355 -0.241638
-23.6559 8.17896 1.70116 0.00418481 -0.970881 -0.239526
-24.7973 8.17668 1.70056 0.00211299 -0.971261 -0.238009
-25.7146 8.17411 1.6999 0.00311727 -0.971288 -0.237885
-26.937 8.17141 1.69918 0.00329087 -0.972489 -0.232925
-27.9728 8.16843 1.69842 0.00447462 -0.97271 -0.231981
-29.2747 8.15987 1.69631 0.00838544 -0.972981 -0.230734
-29.8662 8.1543 1.69497 0.00766476 -0.973728 -0.227587
-30.009 7.90706 2.74551 0.00679553 -0.973361 -0.229179
-28.8349 7.91362 2.74711 0.00478972 -0.973286 -0.229548
-27.7709 7.91802 2.7482 0.00295139 -0.972923 -0.231111
-26.7556 7.91999 2.74871 0.00116549 -0.972761 -0.231807
-25.5899 7.92218 2.7493 -0.000283366 -0.972089 -0.234611
-24.6719 7.92041 2.74892 -0.000235464 -0.971627 -0.236517
-23.3316 7.92176 2.7493 0.000369172 -0.97122 -0.238182
-23.145 7.92182 2.74932 0.000369795 -0.97122 -0.238183
-22.5785 7.66347 3.7972 -0.00464574 -0.971776 -0.235861
-23.8749 7.66622 3.79781 0.000307275 -0.972163 -0.234304
-25.3461 7.66951 3.79853 -0.00238187 -0.972792 -0.231667
-26.3373 7.67167 3.79899 -0.000256832 -0.973081 -0.230465
-27.251 7.67185 3.799 0.00180254 -0.973227 -0.22984
-28.3348 7.66835 3.79813 0.00328876 -0.973304 -0.229497
-29.3872 7.66345 3.79694 0.00448534 -0.973541 -0.228466
-30.3196 7.6589 3.79584 0.00544084 -0.973752 -0.227545
-30.3779 7.65859 3.79577 0.00537684 -0.973698 -0.227778
-30.2656 7.41386 4.84691 0.00445424 -0.974047 -0.226303
-29.1627 7.41871 4.84807 0.00450957 -0.974006 -0.226477
-28.1259 7.42058 4.84853 0.0012988 -0.973423 -0.229009
-27.1614 7.42259 4.84904 0.000399143 -0.972925 -0.231122
-26.2612 7.42293 4.84915 7.09684e-05 -0.973003 -0.230793
-24.9269 7.41938 4.84837 -0.00401737 -0.973456 -0.228838
-23.9417 7.41608 4.84763 -0.00279415 -0.972993 -0.230816
-22.8715 7.41105 4.84648 -0.00420043 -0.972142 -0.234353
-22.2024 7.40831 4.84586 -0.00268779 -0.972227 -0.234023
-21.9614 7.15311 5.89452 -0.00741042 -0.972218 -0.233958
-23.096 7.1619 5.89654 -0.00627509 -0.973794 -0.227344
-24.0252 7.16758 5.89784 -0.00554905 -0.973843 -0.227154
-25.2228 7.17357 5.8992 -0.00401722 -0.973456 -0.228839
-26.1357 7.17603 5.89974 -0.00275766 -0.97354 -0.2285
-27.1018 7.17594 5.89969 -0.000925652 -0.97432 -0.225165
-28.2529 7.17602 5.89968 0.000602957 -0.974372 -0.224941
-29.2002 7.17455 5.89932 0.00375616 -0.97449 -0.2244
-29.921 7.17207 5.89873 0.00354257 -0.974333 -0.225084
-29.8688 6.9309 6.95066 0.00196 -0.975197 -0.22133
-28.6173 6.93357 6.9513 6.73238e-05 -0.974503 -0.224376
-27.6031 6.93324 6.95125 -0.00214279 -0.974359 -0.22499
-26.6987 6.93213 6.95102 -0.00125393 -0.974123 -0.226013
-25.5035 6.92959 6.95046 -0.00347729 -0.973967 -0.226662
-24.5736 6.92524 6.94948 -0.00481734 -0.97389 -0.226969
-23.619 6.91973 6.94822 -0.00599394 -0.974011 -0.226421
-22.6909 6.91309 6.94671 -0.00787852 -0.973523 -0.228453
-21.3641 6.90104 6.94395 -0.0102787 -0.973604 -0.228012
-21.3334 6.90073 6.94388 -0.0109832 -0.973342 -0.229096
-20.4099 6.64231 7.99185 -0.00703466 -0.973793 -0.227327
-21.3187 6.65335 7.99438 -0.0146416 -0.974332 -0.224637
-22.3313 6.66599 7.99727 -0.00898799 -0.974253 -0.225277
-23.3149 6.67468 7.99926 -0.00749468 -0.974195 -0.225586
-24.4402 6.6836 8.00128 -0.00863508 -0.974886 -0.222537
-25.8839 6.68899 8.0025 -0.00246222 -0.975193 -0.221344
-27.2148 6.69052 8.00283 -0.00077127 -0.975234 -0.221173
-28.2285 6.69181 8.0031 -0.00191762 -0.975258 -0.221062
-29.2211 6.69487 8.00377 0.0014616 -0.975734 -0.218955
-29.7302 6.69414 8.0036 0.00185163 -0.975807 -0.218627
-29.5656 6.45917 9.05694 0.000517955 -0.976175 -0.216986
-28.5745 6.45783 9.05665 -0.00370979 -0.97585 -0.218409
-27.6109 6.45423 9.05586 -0.00210673 -0.975931 -0.218071
-26.5309 6.45201 9.05536 -0.00186939 -0.976023 -0.21766
-25.5362 6.44914 9.05471 -0.00301738 -0.97568 -0.219178
-24.1971 6.44249 9.0532 -0.00800197 -0.975368 -0.220437
-23.2082 6.43452 9.05138 -0.0118756 -0.975317 -0.22049
-21.9712 6.42019 9.04813 -0.0104576 -0.975856 -0.218165
-20.793 6.40653 9.04505 -0.0118675 -0.975252 -0.220777
-19.7755 6.39875 9.04331 -0.00622244 -0.975144 -0.221484
-19.5983 6.39767 9.04307 -0.00633986 -0.975105 -0.221654
19.925 6.16306 10.0981 0.0153688 -0.976212 -0.216272
20.8942 6.17736 10.1014 0.0119868 -0.975985 -0.217509
20.8545 6.4148 9.04858 0.00568167 -0.975322 -0.220716
21.7726 6.42251 9.05031 0.00982551 -0.975533 -0.219635
23.0819 6.43611 9.05338 0.0111722 -0.975361 -0.220331
24.5336 6.45043 9.05663 0.00906604 -0.975428 -0.220134
25.9624 6.463 9.05951 0.00897594 -0.975361 -0.220433
27.1773 6.47293 9.06177 0.00706872 -0.975346 -0.220566
28.2488 6.47978 9.06333 0.00654047 -0.975411 -0.220298
28.537 6.48161 9.06374 0.00548774 -0.975517 -0.219854
29.3184 6.73017 8.01351 0.00509273 -0.974094 -0.226085
28.2818 6.72023 8.01124 0.0102474 -0.974551 -0.223933
27.3565 6.7132 8.00963 0.00708849 -0.974876 -0.222634
26.259 6.70414 8.00758 0.00722732 -0.975542 -0.219693
25.3338 6.69682 8.00591 0.00921025 -0.975067 -0.221719
24.2802 6.68657 8.00357 0.0098664 -0.974999 -0.22199
23.0121 6.67456 8.00083 0.0101832 -0.974512 -0.224103
21.8806 6.66346 7.99831 0.00836386 -0.974257 -0.225286
21.5844 6.6619 7.99795 0.00541078 -0.973628 -0.228077
22.2001 6.91237 6.94812 0.00790693 -0.973368 -0.229112
23.1006 6.91939 6.94974 0.00838364 -0.974347 -0.224893
24.239 6.92611 6.95127 0.00790285 -0.974774 -0.223054
25.5039 6.93715 6.95379 0.00862313 -0.975204 -0.221139
26.7791 6.94498 6.95558 0.00736307 -0.975515 -0.219808
28.0837 6.95634 6.95816 0.008526 -0.97586 -0.218231
28.9865 6.96385 6.95988 0.00635008 -0.976023 -0.217576
29.2884 6.96507 6.96016 0.0041548 -0.976177 -0.216938
29.4087 7.20413 5.90777 0.00607835 -0.974809 -0.222959
28.3854 7.19777 5.90631 0.00908618 -0.974372 -0.224761
26.941 7.18477 5.90332 0.00746817 -0.974752 -0.223167
25.3971 7.17831 5.90185 0.00502714 -0.974349 -0.224988
23.9263 7.16944 5.89982 0.00500933 -0.973729 -0.227655
22.7998 7.16286 5.8983 0.00565387 -0.973188 -0.22994
23.7339 7.41862 4.84974 0.00227095 -0.971992 -0.235002
25.1543 7.42211 4.85052 0.00132924 -0.972742 -0.231886
26.2211 7.4243 4.851 0.00346621 -0.972647 -0.232261
27.4658 7.43375 4.8532 0.00932989 -0.973075 -0.2303
28.7539 7.44197 4.8551 0.00603763 -0.974145 -0.225845
29.2144 7.44468 4.85572 0.00603756 -0.974145 -0.225844
29.716 7.69098 3.80499 0.00559625 -0.974227 -0.225501
28.7998 7.68665 3.80399 0.00305888 -0.972136 -0.234399
27.3158 7.68111 3.80271 0.00315636 -0.971914 -0.235314
26.3814 7.67714 3.80179 0.0046164 -0.971496 -0.237009
25.0232 7.6739 3.80105 6.30805e-05 -0.971502 -0.237032
23.918 7.67329 3.80094 0.00179042 -0.971611 -0.236577
24.782 7.9297 2.75256 0.000792958 -0.971579 -0.236713
25.7108 7.93136 2.75293 0.00215342 -0.971204 -0.238239
27.1027 7.93494 2.75376 0.00248299 -0.971831 -0.235666
28.5749 7.93851 2.75457 0.00228745 -0.972273 -0.233836
29.851 7.94195 2.75535 0.00310002 -0.972601 -0.23246
30.103 8.19439 1.70606 0.00180049 -0.971456 -0.237213
28.8912 8.19285 1.70573 0.00178029 -0.972009 -0.234937
27.837 8.19434 1.70614 -0.00280525 -0.971154 -0.238437
26.7544 8.19365 1.706 0.00094592 -0.970287 -0.241954
25.2213 8.19142 1.70551 0.0024361 -0.97019 -0.242332
24.5968 8.18972 1.7051 0.00280226 -0.970225 -0.242191
25.412 8.45374 0.65862 0.00395192 -0.969602 -0.244654
26.3955 8.45535 0.658993 0.00145915 -0.96976 -0.244057
27.3234 8.45643 0.659232 -0.00255677 -0.969883 -0.243559
28.3653 8.45396 0.65859 -0.00263639 -0.97 -0.243091
29.3003 8.45124 0.657882 -0.000353653 -0.970454 -0.241285
30.2111 8.45048 0.657664 -0.00755903 -0.971938 -0.235116
30.2553 8.7073 -0.390558 -0.00724413 -0.970419 -0.241318
29.1767 8.71367 -0.388949 -0.00441036 -0.970387 -0.241513
27.8053 8.71788 -0.387863 -0.00271901 -0.969961 -0.243245
26.6495 8.71954 -0.387416 0.000477836 -0.969805 -0.24388
25.5272 8.71756 -0.387883 0.00308732 -0.969738 -0.244129
25.2411 8.7167 -0.38809 0.00308791 -0.969738 -0.244129
25.5228 8.98264 -1.43406 0.00121026 -0.969499 -0.245091
26.7441 8.9821 -1.43423 -0.000592067 -0.969797 -0.243912
27.8717 8.98062 -1.43462 -0.00207675 -0.969705 -0.244272
29.0738 8.97576 -1.43587 -0.00615889 -0.969654 -0.244404
30.3344 8.96869 -1.43767 -0.00540836 -0.969546 -0.244848
30.4905 9.23246 -2.48419 -0.00539724 -0.969332 -0.245696
29.233 9.23926 -2.48245 -0.00553054 -0.969429 -0.245308
27.955 9.24476 -2.48103 -0.002533 -0.969247 -0.246078
26.8673 9.24653 -2.48057 -0.000200799 -0.969226 -0.246171
25.9866 9.24723 -2.48037 -0.000789839 -0.969045 -0.246884
25.7842 9.51531 -3.52578 -0.00356295 -0.967455 -0.253018
27.0975 9.51485 -3.52592 0.000278909 -0.968285 -0.24985
28.2546 9.51045 -3.52706 -0.00315829 -0.968747 -0.248031
29.5844 9.50357 -3.52883 -0.00573608 -0.96888 -0.247465
30.429 9.4988 -3.53005 -0.00585584 -0.968878 -0.247469
30.5629 9.76406 -4.5762 -0.00752599 -0.96864 -0.248354
29.4025 9.77245 -4.57404 -0.00621404 -0.968265 -0.249848
28.3695 9.77913 -4.57232 -0.00537223 -0.968409 -0.249308
27.3523 9.78313 -4.57128 -0.0052063 -0.968038 -0.250751
26.4259 9.78686 -4.5703 -0.00268813 -0.967476 -0.25295
26.2932 9.7872 -4.57021 -0.00261767 -0.967432 -0.253117
26.1375 10.0614 -5.61403 -0.00589045 -0.966629 -0.256112
27.4595 10.0546 -5.61582 -0.00597204 -0.967405 -0.253162
28.4295 10.049 -5.61726 -0.00661875 -0.967305 -0.25353
29.8675 10.0402 -5.61955 -0.00604406 -0.967721 -0.25195
29.8806 10.0401 -5.61957 -0.00728892 -0.967681 -0.252073
30.1394 10.3132 -6.66368 -0.00596298 -0.967069 -0.254445
28.9518 10.3193 -6.6621 -0.00581933 -0.967223 -0.253861
27.6876 10.3277 -6.65992 -0.00625069 -0.967204 -0.253922
26.6647 10.3346 -6.65811 -0.00710026 -0.966713 -0.255766
26.5299 10.3355 -6.65788 -0.00595507 -0.96667 -0.255956
26.3637 10.6127 -7.70093 -0.00796374 -0.966965 -0.254784
27.2858 10.6055 -7.70279 -0.007974 -0.96701 -0.254612
28.5531 10.5966 -7.70512 -0.00632487 -0.966974 -0.254797
29.635 10.5904 -7.70674 -0.00618922 -0.967233 -0.253816
28.9361 10.8681 -8.74967 -0.00791033 -0.96764 -0.252211
27.624 10.8764 -8.74749 -0.00685443 -0.967304 -0.253528
26.578 10.8847 -8.74532 -0.00969341 -0.967181 -0.253904
26.2055 10.8882 -8.7444 -0.0096942 -0.967181 -0.253904
26.5024 11.1584 -9.78928 -0.00959463 -0.967591 -0.252339
27.5612 11.1501 -9.79145 -0.00676892 -0.967465 -0.252913
28.7758 11.1412 -9.79378 -0.00829139 -0.967728 -0.251862
27.8902 11.4207 -10.8362 -0.00834721 -0.967783 -0.251649
26.7697 11.429 -10.834 -0.00759937 -0.967694 -0.252012
26.0429 11.4344 -10.8326 -0.00801656 -0.967729 -0.251866
25.8395 11.7083 -11.8765 -0.00791063 -0.967335 -0.253379
26.7465 11.7015 -11.8783 -0.00840243 -0.967413 -0.253063
27.9724 11.6913 -11.881 -0.00812944 -0.967887 -0.251252
27.349 11.97 -12.9236 -0.00857259 -0.967035 -0.2545
26.0995 11.9799 -12.921 -0.00818898 -0.967337 -0.25336
25.5567 11.9842 -12.9199 -0.00816152 -0.967308 -0.253471
25.2436 12.2618 -13.9628 -0.00747173 -0.966881 -0.255119
26.3719 12.2515 -13.9655 -0.00850887 -0.966307 -0.257252
27.2862 12.246 -13.967 -0.00596923 -0.965609 -0.25993
26.5778 12.5301 -15.0082 -0.00660662 -0.965718 -0.259508
25.6334 12.5367 -15.0064 -0.00687827 -0.965972 -0.258554
24.8639 12.5413 -15.0052 -0.00506589 -0.965936 -0.258732
24.9363 12.8202 -16.0478 -0.00458959 -0.966045 -0.258331
26.599 12.8121 -16.0499 -0.00475883 -0.965016 -0.262149
26.6505 12.8119 -16.05 -0.00425112 -0.965024 -0.262126
26.2063 13.0967 -17.091 -0.00449077 -0.965082 -0.261909
25.2047 13.1004 -17.09 -0.00110094 -0.965496 -0.260415
24.6363 13.101 -17.0898 -0.00253987 -0.965645 -0.259851
23.5794 13.3827 -18.1317 -0.00124622 -0.966162 -0.257933
24.7217 13.3819 -18.1319 -0.000678233 -0.965782 -0.259355
25.6574 13.3808 -18.1322 -0.00247106 -0.965507 -0.260367
25.8211 13.3802 -18.1323 -0.003785 -0.965469 -0.260492
25.2219 13.6609 -19.1744 0.000728574 -0.96572 -0.259586
24.0945 13.6611 -19.1744 -0.000427905 -0.966006 -0.258519
23.2279 13.6615 -19.1743 -0.00122393 -0.966165 -0.257924
22.5998 13.9398 -20.217 0.000120467 -0.966164 -0.257927
23.7487 13.9413 -20.2166 0.000386805 -0.96583 -0.259177
24.9188 13.9417 -20.2165 0.000875879 -0.96545 -0.260586
24.2575 14.2222 -21.2587 0.00123141 -0.965551 -0.260211
23.0823 14.2205 -21.2591 0.00143113 -0.965598 -0.260037
22.3045 14.2194 -21.2594 0.00433734 -0.965599 -0.260001
21.5409 14.4969 -22.3024 0.00427727 -0.965563 -0.260134
22.7903 14.5012 -22.3012 0.00288169 -0.965695 -0.259662
23.9814 14.5035 -22.3006 0.00160654 -0.965159 -0.261658
23.2559 14.7823 -23.3432 0.00272287 -0.965853 -0.259077
21.9152 14.7782 -23.3443 0.00365008 -0.966138 -0.258001
20.8099 14.7741 -23.3454 0.00536998 -0.96651 -0.256573
20.4798 14.7719 -23.346 0.00780058 -0.966795 -0.255434
19.2153 15.039 -24.3917 0.00620132 -0.966468 -0.256711
20.8518 15.0497 -24.3889 0.00689317 -0.966889 -0.255106
21.8008 15.0564 -24.3871 0.0050544 -0.965933 -0.258744
22.623 15.0597 -24.3862 0.00405651 -0.965757 -0.259416
22.2699 15.338 -25.429 0.00505404 -0.965932 -0.258745
21.087 15.3312 -25.4308 0.00682936 -0.9659 -0.258826
20.1551 15.323 -25.433 0.00916376 -0.966192 -0.257659
18.8607 15.314 -25.4354 0.00663884 -0.966321 -0.257254
18.2352 15.3101 -25.4364 0.00620255 -0.965927 -0.25874
17.0884 15.5852 -26.48 0.00283289 -0.965734 -0.259517
18.2808 15.5897 -26.4788 0.00577525 -0.965729 -0.259489
19.4196 15.5967 -26.4769 0.00652154 -0.965903 -0.258821
20.8021 15.6047 -26.4748 0.00512343 -0.965776 -0.259328
21.7489 15.611 -26.4731 0.00801167 -0.96651 -0.256505
20.7999 15.8858 -27.5168 0.0071348 -0.96482 -0.262814
19.4725 15.877 -27.5192 0.00676684 -0.965733 -0.25945
18.186 15.8696 -27.5211 0.00508156 -0.965765 -0.25937
17.0711 15.8644 -27.5225 0.0039213 -0.96603 -0.258399
16.107 15.8607 -27.5235 0.00347614 -0.966217 -0.257706
14.392 16.1314 -28.5683 0.00492868 -0.966599 -0.256245
15.4462 16.1353 -28.5673 0.00278063 -0.966617 -0.256211
16.5376 16.14 -28.566 0.00594645 -0.966045 -0.258306
17.8771 16.1476 -28.564 0.00562802 -0.965608 -0.259941
18.8142 16.153 -28.5625 0.00758099 -0.965148 -0.261594
19.7878 16.1602 -28.5606 0.00768548 -0.965366 -0.260784
20.6003 16.1665 -28.5589 0.00838024 -0.965373 -0.260739
19.7774 16.4424 -29.6023 0.00871885 -0.964705 -0.263188
18.6843 16.4343 -29.6045 0.00791521 -0.965165 -0.261523
17.7421 16.4274 -29.6063 0.00652766 -0.965716 -0.259517
16.5119 16.4186 -29.6087 0.00668757 -0.965935 -0.2587
14.9496 16.4109 -29.6107 0.006019 -0.965763 -0.259357
13.3124 16.4039 -29.6126 0.00487577 -0.966326 -0.257273
12.4855 16.3975 -29.6143 0.00826375 -0.966403 -0.2569
10.116 16.6583 -30.6616 0.00440927 -0.966085 -0.258186
11.546 16.6672 -30.6593 0.00834745 -0.966411 -0.256865
12.4794 16.6747 -30.6573 0.0075812 -0.966548 -0.256373
13.7918 16.6835 -30.655 0.00558425 -0.966517 -0.256542
15.1638 16.6918 -30.6528 0.00703477 -0.965878 -0.258901
16.204 16.6972 -30.6514 0.00379343 -0.96579 -0.259298
17.1083 16.7008 -30.6504 0.00961382 -0.96589 -0.258773
18.0849 16.7118 -30.6475 0.00985041 -0.965337 -0.260819
19.1109 16.7208 -30.645 0.0100225 -0.964697 -0.263172
19.296 16.7225 -30.6446 0.00863771 -0.964661 -0.263351
18.8993 17.0025 -31.6869 0.0101579 -0.964843 -0.262631
17.7164 16.9914 -31.6899 0.0094288 -0.964801 -0.262811
16.4956 16.9819 -31.6924 0.00719202 -0.964955 -0.262318
15.2786 16.9719 -31.6951 0.00784125 -0.965693 -0.259567
14.257 16.9649 -31.6969 0.00705728 -0.965912 -0.258773
13.2454 16.9574 -31.6989 0.00719378 -0.966097 -0.258078
12.0295 16.9496 -31.7009 0.0065907 -0.966216 -0.257648
10.8275 16.9415 -31.7031 0.00634014 -0.965702 -0.259574
9.61953 16.9348 -31.7048 0.00477621 -0.9661 -0.258124
8.06336 16.9267 -31.707 0.00444964 -0.966457 -0.256791
6.86306 16.9237 -31.7077 0.00406985 -0.966862 -0.255267
4.25422 18.8674 -39.0078 0.00111223 -0.965985 -0.258596
5.64117 18.8658 -39.0081 -0.00414242 -0.966661 -0.256025
6.62939 18.8632 -39.0088 -0.00138141 -0.966968 -0.254896
7.92455 18.8625 -39.0089 0.00252798 -0.967355 -0.253411
8.88678 18.8683 -39.0074 0.00688599 -0.967692 -0.252042
9.8695 18.8747 -39.0059 0.00721789 -0.968683 -0.248195
10.8554 18.8839 -39.0035 0.00975647 -0.96869 -0.248082
11.9074 18.893 -39.0012 0.00778776 -0.968669 -0.248235
12.9968 18.9014 -38.9992 0.0102109 -0.968311 -0.24954
14.3788 18.9151 -38.9957 0.00829395 -0.967594 -0.252376
14.9648 18.9211 -38.9942 0.0113202 -0.967497 -0.252629
15.4273 18.65 -37.9495 0.0111138 -0.966767 -0.255416
14.3481 18.6395 -37.9522 0.00822332 -0.966925 -0.25493
13.2221 18.6325 -37.9539 0.00663474 -0.966761 -0.255597
12.3158 18.6249 -37.9559 0.00935353 -0.966686 -0.255793
11.2127 18.6155 -37.9583 0.00787882 -0.966817 -0.255348
10.2883 18.6066 -37.9605 0.00933334 -0.967675 -0.252027
9.00829 18.5972 -37.963 0.00727037 -0.967773 -0.251718
8.10321 18.5921 -37.9643 0.00557406 -0.967845 -0.251486
7.19083 18.5873 -37.9655 -0.00138141 -0.966968 -0.254896
5.9597 18.5887 -37.9652 -0.00105396 -0.965894 -0.258937
4.79662 18.5868 -37.9657 0.00185015 -0.965001 -0.262238
3.6964 18.5838 -37.9665 0.00520111 -0.964549 -0.263852
2.48196 18.5793 -37.9678 0.00561958 -0.963694 -0.26695
1.38349 18.5711 -37.9701 0.00493995 -0.964287 -0.264813
0.0830817 18.5681 -37.9709 -0.00076407 -0.963749 -0.26681
-1.02595 18.5652 -37.9717 0.00491033 -0.964394 -0.264423
-2.06483 18.5631 -37.9723 0.00205717 -0.965165 -0.261633
-3.10727 18.5566 -37.9741 0.00551338 -0.965619 -0.259903
-4.25763 18.5507 -37.9756 0.00337361 -0.966366 -0.257148
-5.5404 18.5486 -37.9762 0.00185002 -0.966754 -0.2557
-7.00653 18.5484 -37.9762 -0.000306542 -0.966995 -0.254794
-7.96583 18.5489 -37.9761 -0.00213307 -0.966725 -0.25581
-8.89397 18.5515 -37.9754 -0.00289735 -0.96651 -0.256612
-10.0659 18.5529 -37.9751 0.000989095 -0.967077 -0.254481
-11.2086 18.5513 -37.9756 0.00154325 -0.967355 -0.25342
-12.6618 18.5492 -37.9763 0.000799429 -0.966708 -0.255881
-13.9561 18.551 -37.9759 -0.00190895 -0.966511 -0.256619
-14.8898 18.5535 -37.9753 -0.00424963 -0.966371 -0.257116
-15.836 18.5574 -37.9743 -0.00443024 -0.966425 -0.256912
-16.9317 18.5616 -37.9732 -0.00353095 -0.96648 -0.256719
-17.0858 18.5622 -37.9731 -0.00427562 -0.96609 -0.258169
-16.7157 18.8398 -39.016 -0.00572756 -0.966103 -0.258094
-15.4922 18.8349 -39.0173 -0.00431139 -0.965826 -0.259154
-14.1792 18.8289 -39.0188 -0.0034324 -0.966127 -0.258045
-13.2365 18.8272 -39.0192 -0.00362347 -0.966633 -0.256138
-12.3314 18.824 -39.0199 0.000641634 -0.967331 -0.253517
-11.3649 18.8246 -39.0196 0.0015454 -0.967355 -0.25342
-10.4457 18.8246 -39.0196 -0.000454113 -0.96845 -0.249209
-9.04119 18.825 -39.0194 -0.00222038 -0.968556 -0.248787
-7.9069 18.822 -39.0202 0.00248389 -0.967317 -0.253557
-6.52513 18.8234 -39.0198 -0.000339829 -0.966935 -0.255023
-5.6128 18.8253 -39.0193 0.00197524 -0.966376 -0.257126
-4.73499 18.8278 -39.0187 0.0091799 -0.965358 -0.260766
-5.88071 19.0983 -40.0634 0.00344024 -0.968948 -0.24724
-7.18576 19.0943 -40.0644 0.00195285 -0.968965 -0.247189
-8.5706 19.0928 -40.0648 0.00261813 -0.969483 -0.245146
-9.92137 19.0924 -40.065 0.000193459 -0.969014 -0.247004
-10.9155 19.0933 -40.0648 -0.000709575 -0.968812 -0.247796
-12.3252 19.0976 -40.0639 -0.00158905 -0.967876 -0.251422
-13.7121 19.1038 -40.0624 -0.00537077 -0.967773 -0.251767
-14.8503 19.1093 -40.0611 -0.00451627 -0.967416 -0.253151
-15.932 19.1153 -40.0596 -0.00408596 -0.966504 -0.256618
-16.2134 19.1164 -40.0593 -0.00408639 -0.966504 -0.256619
-15.4697 19.3887 -41.1037 -0.00863776 -0.967392 -0.253138
-13.9409 19.3772 -41.1066 -0.00574462 -0.967951 -0.251073
-12.5474 19.3679 -41.1088 -0.0090064 -0.968555 -0.248638
-11.5014 19.36 -41.1106 -0.002142 -0.969246 -0.246086
-10.2155 19.357 -41.1112 -0.00237478 -0.971275 -0.237946
-8.94709 19.354 -41.1118 0.000443251 -0.970042 -0.242937
-7.69555 19.3582 -41.1107 0.00479595 -0.970628 -0.240538
-7.1505 19.3609 -41.1101 0.00217786 -0.969317 -0.245806
-7.91702 19.616 -42.1586 0.00475294 -0.971655 -0.236354
-8.94324 19.6127 -42.1594 0.00341274 -0.971464 -0.237164
-10.0353 19.6139 -42.1593 -0.00114961 -0.971344 -0.237675
-11.1633 19.6184 -42.1583 -0.00740416 -0.9705 -0.240986
-12.5313 19.6291 -42.1559 -0.0110831 -0.970213 -0.242001
-13.556 19.6417 -42.1529 -0.00981061 -0.969652 -0.244294
-14.5805 19.6515 -42.1505 -0.0103213 -0.969413 -0.24522
-14.6485 19.6522 -42.1504 -0.010846 -0.968547 -0.248594
-14.4821 19.9161 -43.197 -0.011652 -0.969139 -0.246241
-13.2823 19.8991 -43.2011 -0.0155674 -0.970898 -0.238987
-11.8989 19.8793 -43.2057 -0.0156458 -0.971331 -0.237215
-10.9428 19.8709 -43.2075 -0.00933742 -0.972579 -0.232386
-9.56458 19.865 -43.2086 0.00161652 -0.973537 -0.228523
-8.49359 19.8664 -43.2081 0.00327055 -0.974479 -0.224457
-9.11179 20.1076 -44.2599 0.000409118 -0.97602 -0.217681
-10.22 20.1117 -44.2592 -0.00941515 -0.974906 -0.222417
-11.2159 20.1202 -44.2575 -0.0128287 -0.974218 -0.225242
-12.5632 20.1418 -44.2527 -0.0159645 -0.973481 -0.22821
-13.5778 20.1596 -44.2486 -0.0161153 -0.97229 -0.233221
-12.7941 20.3921 -45.3028 -0.0203898 -0.974362 -0.224061
-11.3171 20.3638 -45.3089 -0.0168666 -0.975797 -0.218025
-10.3501 20.348 -45.3121 -0.00709636 -0.978497 -0.206141
-9.36157 20.3399 -45.3136 -0.0119049 -0.98045 -0.196407
-9.61364 20.5571 -46.3705 -0.0155846 -0.98015 -0.197642
-10.6533 20.5774 -46.3667 -0.0274892 -0.978997 -0.202014
-11.7381 20.6021 -46.3617 -0.0243749 -0.97765 -0.208821
-17.754 18.2851 -36.9299 -0.00177767 -0.965721 -0.259577
-16.3848 18.2827 -36.9306 -0.00267537 -0.966102 -0.258148
-15.4556 18.2787 -36.9316 -0.0044699 -0.966649 -0.256066
-14.5516 18.2754 -36.9324 -0.00242208 -0.966597 -0.256288
-13.581 18.2734 -36.9329 -0.00107668 -0.966494 -0.256686
-12.5875 18.2733 -36.9329 -0.000305668 -0.966637 -0.25615
-11.2217 18.2743 -36.9325 0.00081604 -0.966111 -0.258127
-9.93493 18.2759 -36.932 -0.00035488 -0.966211 -0.25775
-8.84072 18.2738 -36.9326 -0.000945437 -0.965863 -0.259054
-7.50834 18.2731 -36.9327 -0.000701991 -0.966917 -0.255089
-6.3108 18.2721 -36.933 -0.000370021 -0.966389 -0.257085
-5.38334 18.2727 -36.9328 0.00050749 -0.966273 -0.257519
-4.3488 18.2739 -36.9325 0.00159552 -0.966073 -0.258264
-3.00287 18.2778 -36.9314 0.00437807 -0.966064 -0.258265
-2.0311 18.2814 -36.9305 0.00237565 -0.965826 -0.25918
-1.01359 18.284 -36.9298 0.00262152 -0.965768 -0.259393
-0.027966 18.2851 -36.9295 -0.000245312 -0.965796 -0.259303
1.1477 18.2851 -36.9294 0.00376693 -0.965459 -0.260527
2.05317 18.291 -36.9278 0.00667093 -0.964959 -0.262316
3.17763 18.2962 -36.9264 0.00534776 -0.964385 -0.26445
4.37254 18.3024 -36.9247 0.0066004 -0.964734 -0.263144
5.49352 18.3073 -36.9233 0.00378954 -0.965713 -0.259583
6.5542 18.3105 -36.9225 0.000978847 -0.966673 -0.256014
7.7382 18.3146 -36.9214 0.00621913 -0.966744 -0.25567
8.84381 18.3216 -36.9196 0.00693233 -0.967032 -0.254561
9.90382 18.3296 -36.9175 0.00815794 -0.966743 -0.255621
11.2924 18.3402 -36.9148 0.00809098 -0.96663 -0.25605
12.4753 18.3499 -36.9123 0.00919737 -0.966334 -0.257128
13.6518 18.3588 -36.91 0.00588122 -0.966117 -0.258038
14.6064 18.3657 -36.9082 0.0093535 -0.966271 -0.257358
16.0394 18.3811 -36.9042 0.0132655 -0.966563 -0.256087
16.1396 18.3824 -36.9039 0.01272 -0.966656 -0.255761
16.3215 18.1066 -35.8604 0.0125638 -0.96561 -0.259691
15.3815 18.0948 -35.8635 0.0113306 -0.965882 -0.258736
14.0147 18.0826 -35.8667 0.00851409 -0.96623 -0.257539
13.0917 18.0766 -35.8683 0.00646962 -0.965973 -0.258563
11.6797 18.0664 -35.8709 0.00753714 -0.966497 -0.256567
10.5399 18.0574 -35.8732 0.0081478 -0.965967 -0.258538
9.61914 18.05 -35.8751 0.00697977 -0.966207 -0.257675
8.59392 18.0428 -35.877 0.00670595 -0.966447 -0.25678
7.19372 18.0346 -35.8792 0.0062766 -0.966059 -0.258247
6.11609 18.0295 -35.8805 0.00418146 -0.965661 -0.259773
5.19451 18.0247 -35.8818 0.00523101 -0.965182 -0.261528
4.19448 18.0185 -35.8835 0.00785343 -0.96508 -0.261838
3.25003 18.012 -35.8853 0.00281604 -0.966035 -0.258394
1.82354 18.0067 -35.8867 0.00320519 -0.966284 -0.257457
0.40913 18.0054 -35.8871 0.00127549 -0.96604 -0.258391
-1.0491 18.0039 -35.8875 -0.000617147 -0.966304 -0.257403
-2.04662 18.0019 -35.8881 0.00213317 -0.965885 -0.258963
-2.94995 17.9993 -35.8888 0.00367525 -0.966181 -0.257839
-4.44145 17.995 -35.8899 0.00228588 -0.966186 -0.257837
-6.00115 17.9946 -35.89 0.00124533 -0.966295 -0.257435
-7.20419 17.9942 -35.8902 -0.000155083 -0.965581 -0.260103
-8.13181 17.9945 -35.8901 -0.000315407 -0.965587 -0.260079
-9.31489 17.9953 -35.8899 -0.00189285 -0.965709 -0.259621
-10.2479 17.9965 -35.8896 -5.96276e-06 -0.965698 -0.259669
-11.5704 17.996 -35.8898 -8.01301e-05 -0.966233 -0.257669
-12.6003 17.9959 -35.8899 -0.000332354 -0.966369 -0.257161
-13.6194 17.9969 -35.8897 -0.00223238 -0.966947 -0.254968
-14.8415 17.9999 -35.8889 -0.00263104 -0.966816 -0.255461
-15.8715 18.0033 -35.888 -0.00344365 -0.966328 -0.25729
-16.8591 18.005 -35.8876 -0.000610941 -0.966207 -0.257766
-18.0387 18.0063 -35.8873 -0.00209075 -0.966135 -0.25803
-18.4114 18.007 -35.8871 -0.00224477 -0.966059 -0.25831
-18.9372 17.7292 -34.8442 -0.00152215 -0.966025 -0.258443
-17.5336 17.7268 -34.8448 -0.00195576 -0.966081 -0.258233
-16.2429 17.7261 -34.845 -0.000450177 -0.966085 -0.258222
-15.1309 17.7241 -34.8455 -0.00262489 -0.966354 -0.257201
-13.8225 17.7219 -34.846 -0.00165269 -0.965723 -0.259571
-12.8159 17.7192 -34.8467 -0.00284879 -0.965983 -0.258591
-11.6175 17.7173 -34.8472 -0.000518781 -0.965995 -0.258559
-10.3318 17.7164 -34.8474 -0.00112358 -0.965906 -0.258892
-9.43032 17.7154 -34.8476 -0.00113774 -0.965908 -0.258882
-8.37099 17.7138 -34.848 -0.000286634 -0.965561 -0.260178
-7.31976 17.7135 -34.8481 2.95695e-06 -0.965634 -0.259905
-6.41879 17.7155 -34.8475 0.00226878 -0.966214 -0.257731
-5.20939 17.7172 -34.8471 0.00160436 -0.966628 -0.256179
-4.06738 17.7205 -34.8462 0.00280239 -0.966898 -0.255147
-2.66043 17.7235 -34.8453 0.00186781 -0.966749 -0.255721
-1.73613 17.7267 -34.8445 0.00331731 -0.966767 -0.255636
-0.822891 17.7271 -34.8443 -0.00224295 -0.966689 -0.255943
0.351465 17.7262 -34.8446 0.00149182 -0.966364 -0.257173
1.65666 17.7287 -34.8439 0.00258295 -0.966364 -0.257163
3.03189 17.732 -34.843 0.00180309 -0.965867 -0.259031
4.24537 17.7372 -34.8416 0.00724168 -0.965348 -0.260864
5.45369 17.745 -34.8395 0.00630427 -0.965392 -0.260727
6.76008 17.7533 -34.8372 0.00617967 -0.966048 -0.258288
7.85002 17.7599 -34.8355 0.00631728 -0.966029 -0.258355
8.99724 17.7668 -34.8337 0.00624179 -0.96601 -0.25843
10.3333 17.7764 -34.8312 0.00760184 -0.965936 -0.258671
11.6582 17.7869 -34.8285 0.00870355 -0.965954 -0.258568
13.0221 17.798 -34.8256 0.00813695 -0.96594 -0.25864
14.192 17.8065 -34.8234 0.00790587 -0.96638 -0.256997
15.246 17.8151 -34.8211 0.00987356 -0.965893 -0.258754
16.6228 17.8293 -34.8174 0.0114801 -0.965142 -0.261474
16.8958 17.8324 -34.8166 0.0114793 -0.965142 -0.261474
17.3888 17.5556 -33.7734 0.0108902 -0.964862 -0.262533
16.1088 17.5418 -33.7771 0.0111198 -0.965254 -0.261076
14.8252 17.5314 -33.7798 0.0080778 -0.965247 -0.261213
13.6975 17.5221 -33.7822 0.00855538 -0.965223 -0.261289
12.5083 17.5139 -33.7844 0.00672706 -0.965229 -0.26132
11.5518 17.5064 -33.7863 0.00923193 -0.965732 -0.259375
10.4286 17.4973 -33.7887 0.00723593 -0.965713 -0.259511
9.40111 17.4905 -33.7905 0.00640566 -0.966096 -0.258104
7.86778 17.4812 -33.7929 0.00620675 -0.966038 -0.258327
6.69501 17.4741 -33.7948 0.00621704 -0.966032 -0.258347
5.74563 17.4671 -33.7967 0.00819025 -0.965869 -0.258901
4.61695 17.4599 -33.7986 0.00431179 -0.966761 -0.255645
3.41472 17.4552 -33.7998 0.00297728 -0.966506 -0.256626
2.14026 17.4519 -33.8007 0.00304095 -0.966268 -0.257521
1.07346 17.45 -33.8013 -4.74835e-06 -0.966477 -0.256754
-0.0711505 17.4497 -33.8014 -0.000429769 -0.96676 -0.255683
-1.39793 17.4504 -33.8012 -5.84594e-05 -0.966155 -0.257962
-2.77089 17.4466 -33.8022 0.00256604 -0.966359 -0.257183
-4.18125 17.4442 -33.8029 0.00220754 -0.96652 -0.256581
-5.65241 17.4385 -33.8044 0.00504193 -0.966112 -0.258074
-7.00417 17.4334 -33.8058 0.00170628 -0.965647 -0.259853
-8.30578 17.433 -33.8059 -0.000331689 -0.966257 -0.25758
-9.80058 17.4364 -33.8051 -0.00209841 -0.965923 -0.25882
-11.3236 17.4381 -33.8047 -0.00079188 -0.965986 -0.258594
-12.7839 17.4401 -33.8042 -0.00212192 -0.966055 -0.258327
-13.8539 17.4419 -33.8037 -0.00158768 -0.965731 -0.259541
-15.1803 17.4447 -33.803 -0.00296567 -0.965836 -0.259136
-16.4573 17.4477 -33.8022 -0.000816405 -0.966118 -0.2581
-17.4173 17.4483 -33.8021 -0.001058 -0.966192 -0.257823
-18.8012 17.4502 -33.8016 -0.00180886 -0.966105 -0.258143
-19.5695 17.4519 -33.8012 -0.00211896 -0.966243 -0.257624
-19.7895 17.1728 -32.7586 -0.00307694 -0.965722 -0.259561
-18.8751 17.1713 -32.759 -0.00124512 -0.965605 -0.260009
-17.7778 17.1699 -32.7594 -0.00145133 -0.965828 -0.259181
-16.8669 17.1695 -32.7595 -0.00125186 -0.966236 -0.257654
-15.789 17.1683 -32.7598 -0.00224154 -0.966103 -0.258147
-14.6429 17.1656 -32.7605 -0.00213456 -0.96672 -0.255829
-13.1952 17.1632 -32.7611 -0.00248685 -0.966318 -0.257339
-12.2179 17.1596 -32.762 -0.00269678 -0.965998 -0.258536
-11.2896 17.1588 -32.7622 -0.000493224 -0.965946 -0.258745
-10.0921 17.1575 -32.7625 -0.00182037 -0.9659 -0.258909
-8.74471 17.1563 -32.7628 0.00114959 -0.966661 -0.256058
-7.54077 17.1566 -32.7627 0.00010426 -0.967042 -0.254616
-6.23822 17.1588 -32.7621 0.00289182 -0.967142 -0.25422
-5.33247 17.1619 -32.7612 0.00560097 -0.966252 -0.257539
-4.26482 17.1662 -32.7601 0.00196193 -0.966007 -0.258507
-2.8433 17.1683 -32.7595 0.00239297 -0.966062 -0.2583
-1.34229 17.1718 -32.7586 0.000712372 -0.965882 -0.25898
-0.435658 17.1717 -32.7586 0.00158961 -0.966257 -0.257575
1.09464 17.1728 -32.7582 3.65316e-06 -0.966451 -0.25685
2.64212 17.1756 -32.7575 0.00302868 -0.966324 -0.257312
3.78985 17.1808 -32.7561 0.00541021 -0.966631 -0.256116
5.04677 17.1876 -32.7543 0.00730815 -0.967081 -0.254363
6.23319 17.1954 -32.7522 0.00607883 -0.966887 -0.255132
7.35025 17.2011 -32.7507 0.00473642 -0.966976 -0.254825
8.46849 17.2062 -32.7494 0.00604689 -0.966258 -0.257504
9.58087 17.213 -32.7476 0.00640569 -0.966096 -0.258103
11.092 17.2223 -32.7452 0.00699587 -0.965965 -0.258577
12.0409 17.2294 -32.7433 0.00714313 -0.96576 -0.25934
13.0712 17.2361 -32.7415 0.00685171 -0.965577 -0.260027
14.0708 17.2432 -32.7397 0.00795157 -0.965422 -0.260571
15.1983 17.2523 -32.7373 0.00817716 -0.965208 -0.261354
16.3193 17.2615 -32.7348 0.00931139 -0.96516 -0.261496
17.4009 17.2721 -32.732 0.00950356 -0.964847 -0.262639
17.914 17.2768 -32.7307 0.00950356 -0.964847 -0.262639
14.0804 19.1797 -40.0421 0.00840794 -0.969005 -0.246898
13.115 19.1708 -40.0443 0.00968142 -0.968801 -0.247651
11.9366 19.1603 -40.0469 0.00790009 -0.96912 -0.246461
10.9394 19.1525 -40.0488 0.00905087 -0.968751 -0.247871
9.48661 19.1398 -40.0519 0.00721995 -0.968684 -0.248193
8.52212 19.1333 -40.0535 0.00739193 -0.969565 -0.244721
6.80569 19.1335 -40.0535 -0.0030309 -0.968761 -0.247976
5.79987 19.1386 -40.0522 -0.0055719 -0.968395 -0.249359
7.21462 19.3963 -41.1 -0.00792223 -0.970374 -0.241479
8.33108 19.3965 -41.1 -0.00012783 -0.971073 -0.238781
9.24552 19.4011 -41.0989 0.00573724 -0.970026 -0.242935
10.3865 19.4094 -41.0969 0.00868591 -0.970344 -0.241572
11.5314 19.4208 -41.0941 0.0117754 -0.970368 -0.241346
12.7304 19.4318 -41.0915 0.00749395 -0.971287 -0.237794
13.801 19.4433 -41.0887 0.0125383 -0.969863 -0.243326
13.8127 19.4434 -41.0886 0.00849086 -0.969335 -0.245598
13.545 19.6943 -42.1384 0.0113798 -0.973464 -0.228555
12.4812 19.6842 -42.1408 0.0106864 -0.972047 -0.234542
11.4984 19.6758 -42.1428 0.00627523 -0.972232 -0.233936
10.5543 19.6694 -42.1443 0.0103887 -0.971344 -0.237451
9.39927 19.6577 -42.147 0.0104068 -0.971345 -0.237447
8.38163 19.6525 -42.1482 2.95572e-05 -0.972128 -0.234449
7.43364 19.6513 -42.1485 -0.00512092 -0.97273 -0.231884
8.33074 19.9004 -43.1983 -0.0014705 -0.973673 -0.227945
9.80792 19.9068 -43.1969 0.0133119 -0.975046 -0.221605
10.9001 19.9204 -43.1939 0.00867709 -0.97406 -0.226122
11.8628 19.9257 -43.1927 0.0071098 -0.973931 -0.226735
12.7752 19.9335 -43.1909 0.00805664 -0.973714 -0.22763
12.9926 19.9355 -43.1904 0.0103134 -0.973716 -0.227532
12.2792 20.1712 -44.2437 0.0081223 -0.974988 -0.222107
11.1699 20.1613 -44.2459 0.010338 -0.975329 -0.220514
10.1547 20.1495 -44.2484 0.0131853 -0.976226 -0.216356
9.25445 20.1389 -44.2506 0.0047662 -0.978635 -0.205551
8.70693 20.1356 -44.2512 0.00616466 -0.978047 -0.208292
9.21312 20.3576 -45.3072 0.0129273 -0.978518 -0.205755
10.2208 20.3798 -45.3028 0.0184758 -0.977398 -0.210599
11.4472 20.3954 -45.2995 0.0119435 -0.977448 -0.210838
11.6845 20.3981 -45.2989 0.00954759 -0.977195 -0.212128
11.0684 20.6143 -46.3565 0.0139694 -0.979314 -0.201864
10.1365 20.5935 -46.3606 0.0265795 -0.980415 -0.195143
9.40135 20.578 -46.3635 0.0247665 -0.981475 -0.189982
8.84714 20.5626 -46.3664 0.0167124 -0.982882 -0.183475
