6.83457 24.5372 -42.4378 -0.00753497 -0.952677 -0.303757
7.8102 24.7544 -43.1744 -0.00540882 -0.955074 -0.296273
8.86876 24.8469 -43.4883 -0.00675385 -0.959221 -0.282577
10.0465 24.8897 -43.6355 0.00363999 -0.958959 -0.283523
11.4279 24.9428 -43.7926 0.00549336 -0.958034 -0.286603
12.8178 24.8267 -43.3573 0.0141198 -0.957859 -0.286891
13.469 24.5145 -42.335 0.00886387 -0.954379 -0.298464
13.9357 24.238 -41.4553 0.0115791 -0.952103 -0.305558
14.3513 23.997 -40.6921 0.0106991 -0.951692 -0.306869
14.8363 23.7096 -39.7983 0.010745 -0.94965 -0.313129
15.3444 23.3909 -38.8173 0.0121175 -0.948429 -0.316757
15.8737 23.0035 -37.6343 0.0130896 -0.948037 -0.317887
16.3089 22.7037 -36.7334 0.0113031 -0.946906 -0.321312
16.9991 22.2908 -35.4943 0.0158846 -0.94587 -0.324157
17.4766 22.0086 -34.6476 0.015802 -0.945825 -0.324291
17.9494 21.7438 -33.8536 0.0186314 -0.945265 -0.325763
18.7027 21.3003 -32.5114 0.0225318 -0.945547 -0.324705
19.1601 21.0337 -31.7065 0.0215508 -0.945305 -0.325476
19.7425 20.7252 -30.7707 0.0225342 -0.94564 -0.324434
20.3585 20.3953 -29.767 0.0240085 -0.946029 -0.323182
20.8965 20.0541 -28.7212 0.0235095 -0.946659 -0.321377
21.3424 19.7771 -27.8709 0.0240112 -0.946921 -0.320569
21.8561 19.497 -27.0039 0.0273059 -0.947311 -0.31915
22.3655 19.2526 -26.2349 0.0271781 -0.947449 -0.318749
23.114 18.9093 -25.1483 0.0327722 -0.946637 -0.320633
23.7797 18.576 -24.0896 0.0292889 -0.947485 -0.318455
24.2955 18.3157 -23.2715 0.0270971 -0.946874 -0.320462
24.9441 17.9522 -22.15 0.025199 -0.945764 -0.323875
25.4294 17.6226 -21.1431 0.0230436 -0.946747 -0.321142
25.6729 17.3126 -20.2173 0.020687 -0.946375 -0.322408
24.9417 17.349 -20.3717 0.022498 -0.947658 -0.318478
24.0887 17.4384 -20.6918 0.0195883 -0.948212 -0.317034
23.2426 17.5229 -20.9995 0.020839 -0.948393 -0.316412
22.2792 17.6067 -21.3133 0.0207057 -0.94862 -0.31574
21.3559 17.6766 -21.5841 0.0207814 -0.949559 -0.3129
20.0803 17.8684 -22.2548 0.0219244 -0.949383 -0.313354
19.0825 18.0573 -22.8924 0.0196426 -0.949589 -0.312882
18.0146 18.2332 -23.4977 0.0205966 -0.949397 -0.313398
17.166 18.3905 -24.0236 0.0163026 -0.949936 -0.31202
16.422 18.5434 -24.5275 0.0167209 -0.949143 -0.314395
15.2954 18.7905 -25.3409 0.0186418 -0.949143 -0.314292
14.5116 18.9703 -25.9232 0.0155484 -0.94913 -0.314499
13.4264 19.1916 -26.6437 0.014637 -0.949167 -0.314432
12.522 19.3517 -27.1647 0.0146672 -0.94727 -0.32009
11.3999 19.531 -27.7571 0.0169706 -0.94709 -0.320516
10.5329 19.642 -28.1214 0.0121008 -0.947811 -0.318602
9.16289 19.8012 -28.6508 0.0131849 -0.947107 -0.320648
8.09916 19.9369 -29.0768 0.00626993 -0.947006 -0.321155
6.97143 20.0506 -29.4383 0.00836937 -0.946608 -0.322279
5.93667 20.1291 -29.6956 0.00817706 -0.946578 -0.322359
5.04476 20.1968 -29.9155 0.00740652 -0.945509 -0.325511
3.60049 20.2703 -30.1504 0.00536807 -0.945763 -0.324811
2.20811 20.307 -30.2769 0.00253658 -0.946301 -0.323272
1.19337 20.3257 -30.3321 -0.00037413 -0.945646 -0.325198
0.0219188 20.323 -30.3285 0.0022158 -0.945564 -0.325428
-0.962918 20.3052 -30.281 7.99847e-05 -0.946148 -0.323734
-1.88026 20.2863 -30.2257 5.35799e-05 -0.946133 -0.323777
-3.20888 20.2223 -30.0343 -0.00182977 -0.94612 -0.32381
-4.34747 20.1639 -29.8595 -0.000166611 -0.945923 -0.32439
-5.27614 20.1086 -29.6969 -0.000749213 -0.946439 -0.322881
-6.55375 19.9821 -29.3127 -0.00472558 -0.947429 -0.319931
-7.78022 19.8398 -28.8693 -0.00644979 -0.947753 -0.318941
-8.83128 19.7201 -28.4893 -0.00828251 -0.948511 -0.316637
-9.66549 19.6032 -28.1171 -0.00831416 -0.948326 -0.317187
-10.6545 19.4526 -27.6431 -0.00722751 -0.948744 -0.315956
-11.4841 19.336 -27.2607 -0.0129269 -0.94959 -0.313227
-12.3771 19.1816 -26.7557 -0.0130956 -0.949623 -0.313121
-13.1679 19.0223 -26.2394 -0.0132728 -0.949585 -0.313228
-13.9622 18.8287 -25.6212 -0.0123757 -0.949579 -0.313283
-14.8275 18.6204 -24.9553 -0.012512 -0.949613 -0.313175
-15.7605 18.4056 -24.2602 -0.0122385 -0.951386 -0.307751
-16.7461 18.1634 -23.4702 -0.0119689 -0.95075 -0.30972
-17.776 17.9715 -22.8453 -0.0095401 -0.951502 -0.307494
-18.6636 17.7858 -22.2461 -0.00883758 -0.951401 -0.307828
-19.39 17.5967 -21.641 -0.00862354 -0.9514 -0.307836
-20.1269 17.4346 -21.1204 -0.00885851 -0.951319 -0.30808
-21.2697 17.334 -20.7754 -0.0096605 -0.951672 -0.306963
-22.2841 17.4112 -20.9823 -0.00948359 -0.950905 -0.309338
-23.3671 17.5357 -21.3265 -0.0141262 -0.951104 -0.308547
-24.3977 17.5711 -21.3889 -0.0131264 -0.951117 -0.308551
-25.5412 17.521 -21.1891 -0.012939 -0.950919 -0.309168
-25.1417 17.9011 -22.3741 -0.0136389 -0.949986 -0.311984
-24.7635 18.1985 -23.2878 -0.0134741 -0.949114 -0.314644
-24.3359 18.4891 -24.1814 -0.0125923 -0.948946 -0.315186
-23.9925 18.769 -25.0359 -0.0131818 -0.948669 -0.315996
-23.6681 19.0546 -25.9069 -0.0133258 -0.948696 -0.315909
-23.2912 19.3977 -26.9556 -0.013535 -0.948914 -0.315245
-22.8407 19.7786 -28.115 -0.0125334 -0.948315 -0.317082
-22.2152 20.1629 -29.2898 -0.0128544 -0.948415 -0.316771
-21.6529 20.5067 -30.3425 -0.0119365 -0.94858 -0.316313
-21.1449 20.8166 -31.288 -0.0107272 -0.948107 -0.317771
-20.6506 21.0979 -32.1444 -0.00962987 -0.94792 -0.318358
-20.161 21.3677 -32.9606 -0.0101963 -0.947622 -0.319231
-19.6729 21.6557 -33.831 -0.0102098 -0.947852 -0.318547
-19.3063 21.9264 -34.658 -0.0114889 -0.948837 -0.315557
-18.733 22.3156 -35.8426 -0.00935117 -0.94812 -0.317775
-18.2453 22.6194 -36.7623 -0.00895916 -0.94768 -0.319095
-17.6693 22.9838 -37.86 -0.00943334 -0.947672 -0.319107
-17.1604 23.4191 -39.1673 -0.00821009 -0.947726 -0.318981
-16.799 23.6868 -39.9728 -0.00686076 -0.947517 -0.319628
-16.2339 23.9956 -40.899 -0.00479918 -0.94793 -0.318443
-15.6347 24.3726 -42.0489 -0.0062062 -0.949157 -0.314741
-15.1522 24.7026 -43.0686 -0.00590377 -0.950773 -0.309831
-14.4662 24.904 -43.7214 -0.00701466 -0.953503 -0.301301
-13.5151 24.9405 -43.8591 -0.00809511 -0.953154 -0.302373
-12.579 24.9206 -43.8148 -0.0073539 -0.955061 -0.296318
-11.4758 24.8872 -43.7251 -0.000258733 -0.954879 -0.296996
-10.2751 24.8538 -43.6243 -0.00446772 -0.954876 -0.296962
-9.25908 24.8049 -43.4767 0.00276863 -0.955581 -0.294715
-7.86728 24.6836 -43.0719 0.00342109 -0.954642 -0.297735
-7.23091 24.4792 -42.4079 0.0139409 -0.952763 -0.303327
-6.33898 24.1472 -41.364 0.0118173 -0.949874 -0.31241
-5.66464 23.9544 -40.78 0.0126633 -0.946951 -0.32113
-4.57552 23.7325 -40.0827 0.0119314 -0.945478 -0.325434
-3.66359 23.5923 -39.652 0.0153025 -0.942186 -0.334741
-2.56158 23.4609 -39.2417 0.0127051 -0.940041 -0.340796
-1.63999 23.3767 -38.9752 0.00614018 -0.938044 -0.346463
-0.634716 23.3178 -38.798 0.00726994 -0.93771 -0.34734
0.403073 23.3151 -38.79 9.39361e-05 -0.939738 -0.341894
1.6758 23.3809 -38.9709 -0.000897932 -0.940135 -0.340798
2.9878 23.5073 -39.3296 -0.00290152 -0.940555 -0.339629
4.12138 23.6817 -39.8405 -0.00862951 -0.942639 -0.333664
4.84941 23.8595 -40.3604 -0.00410093 -0.943873 -0.330282
5.92645 24.2156 -41.4329 -0.00730061 -0.947111 -0.320823
6.52681 24.4342 -42.1198 -0.00803164 -0.95005 -0.311973
5.70252 24.6184 -42.64 -0.0157786 -0.950954 -0.308831
4.88259 24.3278 -41.7214 -0.0197715 -0.947124 -0.32021
3.76469 24.0241 -40.7883 -0.0136231 -0.944402 -0.328511
2.69426 23.8391 -40.2423 -0.00222841 -0.939882 -0.341492
1.33063 23.7073 -39.8511 -0.00748798 -0.935629 -0.352905
-0.11639 23.6712 -39.7368 0.00160474 -0.936991 -0.349282
-1.37824 23.7251 -39.9122 0.00614497 -0.934022 -0.357032
-2.64452 23.8291 -40.2564 0.016735 -0.939646 -0.341738
-3.48567 23.9292 -40.5797 0.0260967 -0.94447 -0.327561
-4.80337 24.1626 -41.3471 0.0216251 -0.944374 -0.328161
-5.7602 24.4137 -42.159 0.0164521 -0.95038 -0.31057
-6.49257 24.6898 -43.0355 0.0139409 -0.952763 -0.303327
-7.18212 24.9551 -43.9403 0.00995295 -0.957371 -0.288662
-8.19881 25.0613 -44.3117 0.00215406 -0.956702 -0.291035
-9.27181 25.1191 -44.4953 0.000600491 -0.956017 -0.293299
-10.7673 25.1688 -44.6541 -0.000250346 -0.957817 -0.287378
-11.7284 25.1898 -44.7117 -0.00592722 -0.957902 -0.287027
-12.6724 25.2284 -44.8188 -0.00531999 -0.957082 -0.289768
-13.7575 25.2755 -44.9345 -0.0124605 -0.956202 -0.292442
-14.8197 25.2682 -44.8751 -0.0121375 -0.954569 -0.297742
-15.6402 25.1045 -44.3206 -0.0100353 -0.953578 -0.30098
-16.1496 24.8239 -43.4182 -0.0106747 -0.950745 -0.309789
-16.5408 24.5502 -42.5631 -0.00877763 -0.950047 -0.311965
-16.9963 24.2459 -41.6352 -0.0122375 -0.949228 -0.314312
-17.5184 23.9362 -40.6982 -0.00735481 -0.947947 -0.318342
-17.9417 23.6784 -39.9206 -0.00802558 -0.94806 -0.31799
-18.3414 23.3602 -38.9606 -0.00862249 -0.948067 -0.317953
-18.7283 23.0439 -38.0073 -0.00943334 -0.947672 -0.319107
-19.299 22.6757 -36.8948 -0.0108128 -0.947657 -0.319108
-19.756 22.3945 -36.0421 -0.0131538 -0.948229 -0.317313
-20.1698 22.1243 -35.2175 -0.0130131 -0.948472 -0.316594
-20.6765 21.7607 -34.112 -0.0102234 -0.948082 -0.317862
-21.2841 21.4288 -33.107 -0.00910919 -0.947481 -0.319683
-21.953 21.0429 -31.9381 -0.00786302 -0.948222 -0.317503
-22.3956 20.7521 -31.0534 -0.00925985 -0.950331 -0.311104
-22.9756 20.3924 -29.9488 -0.0123415 -0.948797 -0.315646
-23.4804 20.0782 -28.987 -0.0117201 -0.948112 -0.31772
-23.9408 19.7685 -28.0424 -0.0120426 -0.948773 -0.31573
-24.3258 19.4408 -27.0416 -0.0123075 -0.94922 -0.314371
-24.6143 19.1737 -26.2261 -0.0128957 -0.948865 -0.315418
-24.9091 18.906 -25.4088 -0.0144075 -0.948357 -0.316874
-25.3391 18.5707 -24.3836 -0.0137182 -0.948669 -0.315973
-25.7705 18.2727 -23.4685 -0.013708 -0.948962 -0.315092
-26.1848 17.905 -22.3404 -0.0136382 -0.949986 -0.311985
-26.6721 17.5218 -21.1427 -0.0135835 -0.951206 -0.308255
-26.969 17.2549 -20.3055 -0.00934676 -0.9515 -0.307508
-27.2166 16.9645 -19.4066 -0.00794249 -0.950716 -0.309961
-26.4446 16.7903 -18.8904 -0.0112653 -0.951 -0.308962
-25.7961 17.0056 -19.5858 -0.0149648 -0.951143 -0.308388
-24.8935 17.1831 -20.1746 -0.0122548 -0.950995 -0.308964
-23.5534 17.2346 -20.3907 -0.0133937 -0.950359 -0.310868
-22.4529 17.0657 -19.9091 -0.00735378 -0.952023 -0.305938
-21.54 16.9107 -19.4489 -0.00872513 -0.952024 -0.305897
-20.5511 17.0059 -19.7765 -0.00899084 -0.952512 -0.30437
-19.6091 17.1074 -20.1194 -0.00716011 -0.952376 -0.304841
-18.6 17.3707 -20.9633 -0.00645993 -0.952227 -0.305324
-17.9381 17.5922 -21.6684 -0.00884039 -0.951404 -0.307819
-17.1336 17.7256 -22.1051 -0.00962671 -0.95171 -0.306848
-16.243 17.8823 -22.6177 -0.00901078 -0.951813 -0.306546
-15.2397 18.1312 -23.4267 -0.0118009 -0.951827 -0.306406
-14.3344 18.3441 -24.1272 -0.0121593 -0.95128 -0.308082
-13.2841 18.6 -24.9522 -0.0122245 -0.950677 -0.309942
-12.5286 18.7756 -25.516 -0.0131937 -0.949926 -0.312197
-11.7235 18.9364 -26.0394 -0.013142 -0.949775 -0.312659
-10.8194 19.088 -26.5308 -0.00848645 -0.950038 -0.312019
-9.69981 19.2535 -27.0615 -0.00713799 -0.949292 -0.314315
-8.88098 19.3713 -27.4373 -0.00765682 -0.949246 -0.314441
-7.89749 19.4952 -27.8352 -0.00757209 -0.949235 -0.314478
-6.99799 19.581 -28.1121 -0.00662344 -0.949015 -0.315161
-6.09692 19.6874 -28.4415 -0.00220444 -0.948007 -0.318242
-4.97841 19.7991 -28.7793 -0.00235316 -0.947466 -0.319841
-3.85858 19.8636 -28.984 -0.00242642 -0.946655 -0.322232
-2.82204 19.9169 -29.1431 -0.00132386 -0.94614 -0.323754
-1.45126 19.9593 -29.2696 -0.000423574 -0.946574 -0.322485
-0.0948269 19.9818 -29.3331 0.00131912 -0.946071 -0.323958
1.20421 19.9908 -29.3546 0.00124528 -0.946006 -0.324148
2.24811 19.971 -29.2931 0.00253663 -0.946301 -0.323272
3.33462 19.9483 -29.2106 0.00482396 -0.946496 -0.32268
4.37225 19.9088 -29.0792 0.00666063 -0.947555 -0.319523
5.50641 19.8371 -28.8412 0.00690568 -0.947178 -0.320631
6.6193 19.7465 -28.5541 0.0070836 -0.946749 -0.321893
7.50388 19.6646 -28.2899 0.00868338 -0.946679 -0.322063
8.60689 19.5268 -27.8513 0.00870866 -0.947945 -0.318315
9.52762 19.4131 -27.4809 0.0127627 -0.948578 -0.316286
10.5451 19.296 -27.0896 0.0126071 -0.948324 -0.317052
11.5661 19.1421 -26.5848 0.0157427 -0.949001 -0.314874
12.4303 19.0046 -26.1223 0.0151979 -0.949534 -0.313294
13.6414 18.7738 -25.3692 0.0139374 -0.949533 -0.313357
14.4488 18.5862 -24.7619 0.0154523 -0.95007 -0.311653
15.4493 18.3461 -23.9786 0.016821 -0.950105 -0.311476
16.2787 18.1575 -23.3584 0.0163888 -0.950122 -0.311448
17.4178 17.9127 -22.5482 0.0167089 -0.950694 -0.309681
18.6535 17.7493 -21.9814 0.017559 -0.950329 -0.310747
19.7235 17.5325 -21.2529 0.0190863 -0.950324 -0.310675
20.8397 17.3476 -20.61 0.0215838 -0.950641 -0.30954
22.1205 17.2867 -20.3621 0.017496 -0.949316 -0.313814
23.1368 17.1705 -19.9443 0.0203142 -0.949474 -0.313186
23.977 17.0749 -19.6043 0.0191155 -0.94919 -0.314121
25.0103 16.9201 -19.0867 0.0122723 -0.948242 -0.31731
26.056 16.8376 -18.7896 0.0174926 -0.949928 -0.311975
27.0315 16.7959 -18.6043 0.0188331 -0.949585 -0.312944
27.0111 17.2107 -19.8382 0.0192574 -0.945689 -0.324501
26.6421 17.5273 -20.7846 0.0210291 -0.946352 -0.322453
26.1124 17.9392 -22.0185 0.0246605 -0.944911 -0.326393
25.4643 18.342 -23.2411 0.0285376 -0.945825 -0.32341
24.7634 18.6766 -24.2924 0.0301903 -0.946473 -0.321367
24.1326 18.9989 -25.3129 0.0318848 -0.947903 -0.31696
23.6065 19.2627 -26.1508 0.0298051 -0.947471 -0.31845
23.1019 19.5113 -26.9361 0.029259 -0.9472 -0.319305
22.4503 19.8169 -27.9015 0.0276126 -0.947088 -0.319779
21.9412 20.1094 -28.8069 0.0256926 -0.9474 -0.319011
21.4529 20.455 -29.8616 0.0234626 -0.946677 -0.321329
21.0084 20.713 -30.6496 0.0213007 -0.945769 -0.32414
20.535 20.9593 -31.3992 0.0211834 -0.945887 -0.323803
20.0333 21.2262 -32.2059 0.0220441 -0.94499 -0.326355
19.5891 21.4949 -33.0163 0.022657 -0.945565 -0.324644
19.0819 21.7927 -33.9188 0.022401 -0.945826 -0.3239
18.592 22.0583 -34.7306 0.0206138 -0.945786 -0.324128
18.0622 22.3607 -35.6465 0.0191127 -0.946528 -0.322056
17.4284 22.7269 -36.7511 0.0156008 -0.946612 -0.321996
16.985 23.0046 -37.5889 0.0141776 -0.947731 -0.318755
16.4365 23.4021 -38.7985 0.0152486 -0.948948 -0.315053
16.0601 23.659 -39.597 0.0139642 -0.949599 -0.313154
15.443 24.023 -40.7367 0.00981585 -0.95201 -0.305908
14.9299 24.3162 -41.6616 0.00989609 -0.95173 -0.306777
14.4955 24.5851 -42.5238 0.00995737 -0.953287 -0.301902
14.0931 24.8232 -43.2993 0.0127066 -0.954553 -0.297771
13.5073 25.1128 -44.2832 0.0170342 -0.958409 -0.284854
12.6559 25.2629 -44.826 0.0142809 -0.95966 -0.280763
11.6561 25.2529 -44.8353 0.00824299 -0.96034 -0.278697
10.6813 25.2092 -44.7189 0.0057258 -0.959798 -0.280607
9.36052 25.1626 -44.5688 0.00459044 -0.960978 -0.276548
7.93278 25.1121 -44.3717 -0.00535925 -0.95991 -0.280259
7.05775 25.01 -43.9847 -0.0155507 -0.960807 -0.276781
6.27611 24.8435 -43.3835 -0.0167412 -0.953298 -0.301568
5.7904 24.6548 -42.7599 -0.0168157 -0.953304 -0.301544
5.00516 24.837 -43.284 -0.0290844 -0.952557 -0.302815
5.60891 25.1149 -44.2286 -0.0298072 -0.959628 -0.279689
6.3521 25.2848 -44.9017 -0.0210758 -0.964844 -0.261974
7.44461 25.3832 -45.2998 -0.00897466 -0.963949 -0.265936
8.38702 25.428 -45.4872 -0.00832768 -0.963097 -0.26902
9.5169 25.4562 -45.6002 0.00717738 -0.962066 -0.272724
10.5148 25.4757 -45.641 0.00842535 -0.961441 -0.274882
11.5332 25.551 -45.8743 0.00703975 -0.960973 -0.276551
12.695 25.587 -45.9496 0.0175495 -0.960383 -0.27812
13.683 25.5426 -45.7295 0.0262014 -0.960255 -0.277797
14.4408 25.2933 -44.8044 0.0293978 -0.95578 -0.29261
15.0046 24.9439 -43.6285 0.0283318 -0.953305 -0.300678
15.4483 24.6928 -42.8306 0.0118786 -0.952088 -0.305567
15.9201 24.4394 -42.0179 0.00848443 -0.952138 -0.305552
16.3142 24.1869 -41.2065 0.0219474 -0.951841 -0.305785
16.9979 23.7694 -39.8764 0.0219327 -0.94964 -0.31256
17.3886 23.5082 -39.0624 0.0209414 -0.948141 -0.317148
17.9623 23.1247 -37.8928 0.0194184 -0.94689 -0.320971
18.5201 22.7883 -36.8717 0.0193025 -0.945921 -0.323821
19.1287 22.4278 -35.7842 0.0171713 -0.946903 -0.321062
19.7958 22.0535 -34.6305 0.0236648 -0.945919 -0.323539
20.2738 21.8123 -33.8771 0.0289739 -0.94427 -0.327893
20.7704 21.5259 -33.0226 0.0204041 -0.942956 -0.332291
21.3399 21.1907 -32.0251 0.0186607 -0.94631 -0.322721
21.9365 20.8579 -31.0084 0.0227525 -0.946529 -0.321815
22.6834 20.4439 -29.7394 0.0234455 -0.94654 -0.321733
23.1182 20.1814 -28.9307 0.0247051 -0.948044 -0.31718
23.6244 19.8607 -27.9312 0.0256634 -0.94787 -0.317623
24.3643 19.4876 -26.7474 0.030048 -0.947239 -0.319116
24.883 19.2204 -25.895 0.0348465 -0.947244 -0.318612
25.5934 18.856 -24.7436 0.0295984 -0.9465 -0.321343
26.0691 18.6129 -23.9834 0.02752 -0.946239 -0.322288
26.9821 18.2399 -22.8236 0.0246613 -0.944911 -0.326394
27.2205 17.9571 -21.9905 0.0235569 -0.944571 -0.32746
27.5018 17.6575 -21.1136 0.0154642 -0.945457 -0.325362
27.9992 17.2434 -19.8762 0.0185553 -0.94572 -0.324453
28.3676 16.9464 -18.9909 0.0181308 -0.945543 -0.324992
28.6512 16.6729 -18.1541 0.0147581 -0.949524 -0.313347
28.7215 16.3835 -17.275 0.015844 -0.948846 -0.315341
28.0093 16.1811 -16.6936 0.0127671 -0.949476 -0.313581
27.0893 16.3864 -17.3595 0.0153386 -0.950059 -0.311693
26.2505 16.4989 -17.7451 0.0160866 -0.950038 -0.311719
25.1498 16.4905 -17.7718 0.0124865 -0.951034 -0.308829
24.2724 16.6283 -18.2272 0.0119567 -0.950445 -0.310663
23.2676 16.7661 -18.7073 0.0180237 -0.950662 -0.309705
22.3561 16.9328 -19.2675 0.0159045 -0.950417 -0.31057
21.3991 17.0273 -19.6038 0.0145154 -0.950263 -0.311111
20.3479 16.985 -19.523 0.0180997 -0.951428 -0.307339
19.5216 17.102 -19.9354 0.0170576 -0.951972 -0.30571
18.6337 17.3811 -20.8566 0.0190505 -0.950341 -0.310626
17.6991 17.4834 -21.216 0.0156325 -0.950814 -0.309368
16.6879 17.6138 -21.6687 0.0161269 -0.951689 -0.306628
16.0018 17.7929 -22.2549 0.0159929 -0.950897 -0.309095
15.1143 18.0167 -22.9927 0.0172128 -0.949993 -0.311795
14.4178 18.1877 -23.5531 0.0169697 -0.94942 -0.313551
13.2221 18.489 -24.5101 0.00698552 -0.950827 -0.309612
12.4116 18.6526 -25.0426 0.0150979 -0.951917 -0.305916
11.0805 18.8649 -25.7748 0.0180638 -0.948679 -0.315725
10.1731 18.9935 -26.2015 0.0133429 -0.948345 -0.31696
9.16387 19.1166 -26.61 0.0125012 -0.947997 -0.318033
8.28049 19.2187 -26.945 0.0101023 -0.947928 -0.318323
7.11418 19.3686 -27.4232 0.00845872 -0.947532 -0.319548
6.21482 19.4631 -27.7248 0.00647921 -0.947462 -0.319802
4.6531 19.5722 -28.075 0.00622052 -0.94739 -0.320019
3.09655 19.6259 -28.2664 0.00558129 -0.947175 -0.320664
2.01098 19.6261 -28.2808 0.00249509 -0.946809 -0.321788
1.06163 19.6578 -28.3814 0.00250229 -0.946805 -0.321799
0.124567 19.6471 -28.3544 0.00086816 -0.946281 -0.323343
-0.817265 19.6221 -28.2826 -0.000875175 -0.946279 -0.323349
-1.73088 19.6231 -28.2829 -0.00318862 -0.947677 -0.319175
-2.66164 19.5931 -28.1851 -0.00166791 -0.948905 -0.315557
-4.08658 19.5182 -27.962 -0.000876637 -0.9478 -0.318837
-5.06029 19.4534 -27.7583 -0.00901291 -0.947731 -0.318896
-6.21475 19.3236 -27.3518 -0.0038792 -0.950143 -0.311749
-7.2168 19.2368 -27.0633 -0.00604834 -0.951561 -0.307399
-8.34668 19.0912 -26.6086 -0.00773618 -0.948674 -0.31616
-9.773 18.9013 -25.995 -0.00950322 -0.949437 -0.313813
-10.5823 18.7825 -25.6116 -0.00928854 -0.94944 -0.313812
-11.8224 18.5508 -24.8548 -0.0105938 -0.950826 -0.309543
-12.5861 18.3822 -24.3165 -0.014117 -0.949925 -0.312158
-13.8423 18.0765 -23.32 -0.0147342 -0.951321 -0.30785
-14.5482 17.9049 -22.7566 -0.0149985 -0.951715 -0.306613
-15.3561 17.6854 -22.0367 -0.0118456 -0.951888 -0.306216
-15.9767 17.4315 -21.2142 -0.00809879 -0.952841 -0.30336
-17.2232 17.4173 -21.1377 -0.00715113 -0.952695 -0.303842
-17.8204 17.1489 -20.287 -0.00953307 -0.950892 -0.309328
-18.4618 16.8656 -19.3888 -0.0165609 -0.954845 -0.296612
-19.5567 16.7377 -18.9657 -0.00918847 -0.951524 -0.307436
-20.4606 16.6409 -18.6354 -0.00995795 -0.952629 -0.303971
-21.6173 16.5108 -18.1829 -0.0130098 -0.953313 -0.301703
-22.7264 16.5674 -18.3301 -0.00513406 -0.954611 -0.297812
-23.2798 16.8865 -19.3293 -0.00957656 -0.951938 -0.306142
-24.3764 16.9076 -19.3572 -0.0143926 -0.948196 -0.31736
-25.1571 16.7582 -18.8488 -0.0126465 -0.951958 -0.305968
-25.828 16.4834 -17.9561 -0.0121541 -0.953862 -0.3
-27.1687 16.3545 -17.5372 -0.00376604 -0.95158 -0.307379
-28.4352 16.4246 -17.7379 -0.00359678 -0.94742 -0.319973
-29.1427 16.0877 -16.7045 -0.00609341 -0.95208 -0.305678
-28.8741 16.3649 -17.5553 -0.00989834 -0.94983 -0.31261
-28.5239 16.6575 -18.442 -0.00510352 -0.94992 -0.312453
-28.157 17.0666 -19.6867 -0.0152736 -0.95051 -0.310319
-27.8662 17.3515 -20.58 -0.00938601 -0.952301 -0.305008
-27.6071 17.636 -21.4738 -0.0071693 -0.952262 -0.305197
-27.2262 17.8924 -22.2751 -0.00751161 -0.947111 -0.320818
-26.8899 18.3069 -23.519 -0.0148541 -0.948924 -0.315155
-26.4698 18.5644 -24.3133 -0.0125151 -0.949793 -0.312605
-26.1361 18.8248 -25.1083 -0.00871216 -0.947613 -0.319236
-25.9113 19.1147 -25.9838 -0.0158799 -0.948471 -0.316462
-25.368 19.438 -26.9956 -0.0126276 -0.950299 -0.311066
-25.0506 19.7379 -27.9158 -0.0091249 -0.949586 -0.313371
-24.4047 20.2343 -29.4165 -0.00951737 -0.947697 -0.319018
-23.8691 20.5667 -30.4328 -0.0143269 -0.948761 -0.31567
-23.3163 20.8881 -31.4423 -0.0087371 -0.950359 -0.311034
-22.7302 21.2464 -32.5395 -0.000459271 -0.94937 -0.314161
-22.323 21.5216 -33.3411 -0.00747255 -0.94571 -0.324844
-21.724 21.8415 -34.3155 -0.0150555 -0.94856 -0.316215
-21.1444 22.2459 -35.5496 -0.00997371 -0.949233 -0.314411
-20.6521 22.5557 -36.4939 -0.00911704 -0.948419 -0.316886
-20.2004 22.84 -37.3534 -0.00959718 -0.947775 -0.318793
-19.8605 23.1608 -38.3186 -0.0104691 -0.947993 -0.318117
-19.3523 23.4513 -39.2028 -0.0108736 -0.948064 -0.317892
-18.982 23.7336 -40.0538 -0.0104035 -0.947583 -0.319341
-18.3522 24.1343 -41.2506 -0.0101119 -0.946076 -0.32378
-17.8685 24.4704 -42.267 -0.0170918 -0.949362 -0.31372
-17.3102 24.8333 -43.4051 -0.00943071 -0.950365 -0.310988
-16.7433 25.2057 -44.5861 -0.0165972 -0.953461 -0.30106
-16.1358 25.5103 -45.6038 -0.0160268 -0.955487 -0.294597
-15.1036 25.6236 -46.0216 -0.0123829 -0.956973 -0.289914
-14.101 25.5843 -45.9433 -0.0155277 -0.95764 -0.287525
-13.1866 25.5595 -45.8997 -0.0124494 -0.95816 -0.285961
-12.2221 25.4999 -45.7374 -0.00727663 -0.959335 -0.282177
-11.2503 25.4623 -45.6356 -0.0108927 -0.960008 -0.279762
-9.8356 25.4269 -45.548 -0.00595109 -0.961792 -0.273715
-8.3875 25.3651 -45.3505 -0.00273525 -0.961886 -0.273438
-7.10887 25.3122 -45.1428 0.00562423 -0.961283 -0.275505
-6.32201 25.1613 -44.5729 0.0229874 -0.960931 -0.275383
-5.87768 24.9426 -43.815 0.0235581 -0.956467 -0.290888
-4.84486 24.6337 -42.7578 0.0221193 -0.949194 -0.31391
-4.18424 24.4385 -42.1249 0.0367158 -0.946771 -0.319379
-3.08834 24.2234 -41.3734 0.0390824 -0.93751 -0.345756
-2.1313 24.1395 -41.0313 0.0359242 -0.931026 -0.36318
-0.904005 24.0698 -40.7841 0.00389259 -0.930668 -0.365843
0.124145 24.0268 -40.6595 -0.000988641 -0.928889 -0.37028
1.06021 24.0605 -40.764 -0.0178271 -0.931816 -0.3622
2.199 24.1444 -41.047 -0.013713 -0.936482 -0.350447
3.35035 24.3508 -41.6885 -0.0241266 -0.940156 -0.33989
4.14172 24.5356 -42.2753 -0.0350118 -0.943558 -0.329351
4.61952 24.6875 -42.7615 -0.0367569 -0.94822 -0.31512
6.70142 24.1737 -41.3286 -0.00489688 -0.949915 -0.312469
6.7013 23.8338 -40.3204 -0.000471696 -0.947005 -0.321218
6.70252 23.4093 -39.0823 0.00148224 -0.944573 -0.328298
6.70529 22.9449 -37.7493 0.00195589 -0.943629 -0.331
6.70812 22.5153 -36.5317 0.00270767 -0.942798 -0.333355
6.71129 22.0889 -35.3278 0.00498478 -0.942462 -0.334277
6.71494 21.6675 -34.1287 0.00513635 -0.944503 -0.328463
6.718 21.3472 -33.2075 0.00505674 -0.944563 -0.328291
6.72109 21.0326 -32.3018 0.004991 -0.944628 -0.328105
6.72512 20.632 -31.1437 0.00656417 -0.945296 -0.326148
6.72826 20.3336 -30.2747 0.00612029 -0.945876 -0.324471
6.72833 20.3268 -30.255 0.00728456 -0.94617 -0.323589
5.65444 20.3839 -30.4442 0.00833941 -0.945692 -0.324958
5.65146 20.7114 -31.3929 0.00567194 -0.944547 -0.328328
5.6483 21.0583 -32.3921 0.005268 -0.944669 -0.327982
5.64475 21.4415 -33.4917 0.00359673 -0.944205 -0.32934
5.6422 21.7497 -34.3771 0.00167981 -0.943757 -0.330637
5.63952 22.1641 -35.5523 0.00222235 -0.94271 -0.333607
5.63707 22.4972 -36.4913 0.00318115 -0.942454 -0.334321
5.63408 22.948 -37.7662 0.00159288 -0.943079 -0.332565
5.6312 23.4625 -39.2333 -0.00230735 -0.944171 -0.329448
5.63011 23.7609 -40.0865 -0.00777689 -0.946785 -0.321772
5.63017 23.8508 -40.3508 -0.00777727 -0.946785 -0.321773
4.55996 23.502 -39.3334 -0.00521415 -0.943918 -0.330138
4.56141 23.1863 -38.444 -0.00103921 -0.94231 -0.334741
4.56345 22.8746 -37.5614 0.000813783 -0.94271 -0.333612
4.56681 22.3838 -36.177 0.00106305 -0.94262 -0.333867
4.56898 22.0191 -35.1468 0.00160162 -0.942925 -0.333001
4.57124 21.6429 -34.0812 0.00331095 -0.942864 -0.333162
4.57538 21.0994 -32.5276 0.00587439 -0.943665 -0.330849
4.58007 20.5641 -30.9896 0.00627498 -0.944875 -0.327372
4.58068 20.4859 -30.7627 0.00556701 -0.945428 -0.325783
3.50787 20.4786 -30.7603 0.00607284 -0.945996 -0.324122
3.50475 20.9411 -32.0975 0.00715655 -0.944081 -0.329636
3.50177 21.3459 -33.2537 0.00583316 -0.942992 -0.332766
3.49991 21.6507 -34.1143 0.00386948 -0.942736 -0.333518
3.49809 21.973 -35.0254 0.00314971 -0.942702 -0.33362
3.49601 22.3241 -36.0164 0.00317177 -0.942564 -0.334011
3.49389 22.6604 -36.9632 0.00306809 -0.942232 -0.334947
3.49074 23.1797 -38.4177 -0.00033211 -0.941628 -0.336656
3.49038 23.2521 -38.6202 -0.000331386 -0.941627 -0.336657
2.41975 23.2123 -38.5078 -0.000898427 -0.940136 -0.340798
2.42172 22.9066 -37.6588 0.00119599 -0.94089 -0.338711
2.42351 22.5933 -36.7851 0.00329695 -0.942318 -0.334703
2.42534 22.2725 -35.8815 0.00318085 -0.942363 -0.334578
2.42746 21.8905 -34.8039 0.0036208 -0.942705 -0.333608
2.42942 21.5545 -33.8544 0.00352131 -0.942669 -0.33371
2.43186 21.0971 -32.5538 0.00111603 -0.943979 -0.330005
2.43352 20.7591 -31.5831 0.00140517 -0.944686 -0.327972
2.43419 20.6187 -31.1786 0.00140593 -0.944686 -0.327973
1.36194 20.5187 -30.8937 -0.000373928 -0.945646 -0.325198
1.36026 21.0576 -32.4496 0.00296651 -0.944518 -0.328446
1.35887 21.3792 -33.3691 0.00398706 -0.943819 -0.330438
1.35712 21.7752 -34.4952 0.00630375 -0.942854 -0.333145
1.35522 22.1638 -35.5877 0.00490769 -0.941806 -0.336122
1.35338 22.5525 -36.6785 0.0013897 -0.941243 -0.337728
1.35116 22.98 -37.8688 0.000964304 -0.940332 -0.340256
1.35036 23.1556 -38.3514 -0.000116194 -0.939735 -0.341905
0.281625 23.0751 -38.1303 0.000465313 -0.939517 -0.342501
0.282592 22.735 -37.1994 0.00291671 -0.940328 -0.340258
0.284256 22.3452 -36.1089 0.00350441 -0.941896 -0.335886
0.285564 21.9992 -35.1398 0.00330061 -0.941743 -0.336317
0.286452 21.6509 -34.1542 0.00106995 -0.943584 -0.331131
0.287359 21.303 -33.1627 0.00056529 -0.9437 -0.330801
0.288112 20.9807 -32.2331 0.0015021 -0.945144 -0.326651
0.28898 20.5746 -31.0578 0.00183017 -0.945375 -0.325981
-0.783632 20.6044 -31.1489 0.00133329 -0.945189 -0.32652
-0.784015 20.9023 -32.011 0.000552847 -0.944788 -0.327681
-0.784401 21.2036 -32.8769 -0.000396624 -0.94443 -0.328713
-0.784758 21.513 -33.7627 6.10522e-05 -0.943816 -0.330472
-0.785131 21.9312 -34.9504 -0.000203698 -0.942943 -0.332954
-0.785702 22.3051 -36.0037 8.37072e-05 -0.941642 -0.336615
-0.786272 22.659 -36.9931 0.000435107 -0.940458 -0.33991
-0.786777 22.9647 -37.8304 0.00319596 -0.939917 -0.341387
-1.85555 23.2073 -38.5204 0.00601407 -0.939282 -0.343094
-1.85563 22.8603 -37.5583 0.0035895 -0.940869 -0.338752
-1.85565 22.4369 -36.3718 0.00131914 -0.942069 -0.335416
-1.85602 22.0197 -35.1998 -0.000371369 -0.942889 -0.333107
-1.85609 21.6544 -34.1666 0.00198497 -0.94332 -0.331878
-1.85605 21.2553 -33.0306 0.00161597 -0.94357 -0.331169
-1.856 20.945 -32.1391 0.00130698 -0.945239 -0.326375
-1.85621 20.5147 -30.8932 0.000638196 -0.945665 -0.325141
-2.92913 20.4476 -30.6937 -0.00225478 -0.946013 -0.324119
-2.92838 20.774 -31.6435 -0.00135001 -0.945232 -0.326398
-2.92753 21.2229 -32.9404 -0.00131107 -0.94414 -0.329541
-2.92727 21.5333 -33.8257 -0.000443033 -0.94373 -0.330718
-2.92677 21.9748 -35.0763 0.00199707 -0.94261 -0.33389
-2.92625 22.3802 -36.2216 0.00313154 -0.942415 -0.334432
-2.92557 22.728 -37.2015 0.00296092 -0.942345 -0.334631
-2.92559 23.1417 -38.3621 0.00864579 -0.94182 -0.336006
-2.92595 23.309 -38.829 0.00896123 -0.940877 -0.338631
-3.99728 23.3754 -39.0486 0.00749804 -0.943508 -0.331264
-3.99645 23.0639 -38.1609 0.00748899 -0.943624 -0.330933
-3.9967 22.6718 -37.0524 0.00278934 -0.942276 -0.334826
-3.99735 22.2416 -35.8388 0.00363059 -0.942849 -0.333199
-3.99783 21.9076 -34.8941 0.00392926 -0.943369 -0.331723
-3.99859 21.6046 -34.0297 0.00262367 -0.943683 -0.330841
-3.99938 21.2105 -32.9019 0.00367362 -0.944589 -0.328235
-4.00013 20.9088 -32.0295 -0.000604635 -0.946084 -0.32392
-4.00151 20.5347 -30.9406 -0.000361392 -0.945441 -0.325794
-4.00174 20.4369 -30.656 -0.000165717 -0.945922 -0.324393
-5.07461 20.3455 -30.3918 5.32112e-05 -0.94625 -0.323437
-5.07308 20.7685 -31.6179 -0.000360332 -0.945441 -0.325793
-5.07148 21.1455 -32.7223 -0.0021923 -0.946384 -0.323036
-5.06983 21.6409 -34.1416 0.00263163 -0.943679 -0.330852
-5.06879 22.0886 -35.4213 0.00392582 -0.943368 -0.331725
-5.06791 22.4954 -36.5691 0.00410097 -0.942448 -0.334327
-5.06777 22.8962 -37.7038 0.00633191 -0.943875 -0.330241
-5.06803 23.2378 -38.6787 0.0044691 -0.944673 -0.327983
-5.06873 23.4696 -39.3469 0.0111927 -0.944007 -0.329737
-6.14113 23.7039 -40.0553 0.00657584 -0.94651 -0.322607
-6.13977 23.3994 -39.1662 0.00512247 -0.945797 -0.324718
-6.13886 22.9879 -37.979 0.00308035 -0.943694 -0.330806
-6.13887 22.4897 -36.5561 0.00235105 -0.943781 -0.330564
-6.13973 22.1756 -35.668 -0.00155313 -0.943043 -0.332668
-6.14078 21.8248 -34.6709 0.000105169 -0.944508 -0.328488
-6.14223 21.4608 -33.6195 -0.00166817 -0.944369 -0.328884
-6.14389 21.1527 -32.7297 -0.00457932 -0.945626 -0.325223
-6.14558 20.7315 -31.5013 -0.00287658 -0.945748 -0.324889
-6.14705 20.4037 -30.5499 -0.00441256 -0.94569 -0.325039
-6.14803 20.2166 -30.0056 -0.00445343 -0.945697 -0.32502
-7.22162 20.0887 -29.6187 -0.0046114 -0.94657 -0.322467
-7.2197 20.3911 -30.4995 -0.00258397 -0.946066 -0.323963
-7.21805 20.743 -31.5233 -0.00335989 -0.945482 -0.325657
-7.21661 21.041 -32.3903 -0.0051594 -0.945091 -0.326768
-7.21475 21.389 -33.3933 -0.00449178 -0.944468 -0.328573
-7.21283 21.7594 -34.463 -0.00656603 -0.945443 -0.325723
-7.2113 22.063 -35.3365 -0.00338584 -0.943783 -0.330547
-7.21041 22.3915 -36.2792 -0.00171602 -0.944444 -0.328668
-7.20986 22.7041 -37.1759 0.00234634 -0.943814 -0.330469
-7.2101 23.0776 -38.246 0.00396267 -0.9442 -0.32935
-7.21076 23.3715 -39.1052 0.00568654 -0.946089 -0.323858
-7.21193 23.6896 -40.036 0.00676376 -0.946442 -0.322804
-7.21334 24.0003 -40.948 0.00492536 -0.949139 -0.314818
-8.28664 24.5545 -42.671 0.00708563 -0.953312 -0.301905
-8.28516 24.2535 -41.7283 0.00492714 -0.949139 -0.314818
-8.28304 23.8297 -40.4643 0.00638839 -0.947214 -0.320539
-8.28182 23.4027 -39.2057 0.0026325 -0.947319 -0.320282
-8.28139 23.1038 -38.3327 0.000766948 -0.945727 -0.324961
-8.28136 22.7027 -37.17 -0.000987965 -0.944836 -0.327542
-8.28186 22.4015 -36.303 -0.00257957 -0.944906 -0.327332
-8.28303 22.0794 -35.371 -0.00561559 -0.944985 -0.327066
-8.28477 21.7589 -34.4438 -0.00464852 -0.944993 -0.327057
-8.28653 21.4094 -33.4378 -0.00341678 -0.944547 -0.328358
-8.28866 21.0066 -32.2762 -0.00324018 -0.944877 -0.32741
-8.29086 20.6025 -31.1077 -0.0030121 -0.945169 -0.326567
-8.29397 20.1679 -29.8332 -0.00573973 -0.946597 -0.322367
-8.29485 20.0519 -29.4906 -0.00579006 -0.947861 -0.318633
-9.36978 19.8463 -28.8535 -0.00828252 -0.948511 -0.316637
-9.36673 20.1852 -29.8646 -0.00683984 -0.946553 -0.322475
-9.36423 20.4943 -30.7712 -0.00620277 -0.946495 -0.32266
-9.36179 20.8149 -31.7067 -0.00549059 -0.945424 -0.325796
-9.35918 21.2193 -32.8783 -0.00584738 -0.945168 -0.326531
-9.35745 21.5509 -33.8355 -0.00394557 -0.944168 -0.329442
-9.35587 21.8636 -34.729 -0.00551735 -0.944665 -0.327989
-9.35413 22.229 -35.79 -0.00504093 -0.945324 -0.326093
-9.35307 22.6113 -36.8989 -0.00253666 -0.94547 -0.325699
-9.35266 22.972 -37.9488 -0.00260688 -0.945844 -0.32461
-9.35279 23.3239 -38.98 -0.000289297 -0.947383 -0.320101
-9.35338 23.6806 -40.0331 0.000828268 -0.947152 -0.320783
-9.3542 23.9901 -40.9575 0.002663 -0.948166 -0.317766
-9.35519 24.2768 -41.8188 0.00657196 -0.951557 -0.307404
-9.35626 24.5729 -42.7352 0.00365069 -0.952437 -0.304713
-10.4259 24.5896 -42.7777 -0.00496896 -0.952666 -0.303978
-10.4253 24.209 -41.6192 0.000782268 -0.949652 -0.313305
-10.4244 23.7764 -40.3191 -0.00246161 -0.948314 -0.317324
-10.4241 23.4813 -39.4422 -0.00141324 -0.947612 -0.31942
-10.4241 23.0929 -38.2958 -0.00140828 -0.946129 -0.323787
-10.4244 22.7247 -37.2185 -0.00417371 -0.946203 -0.323547
-10.4252 22.4206 -36.3325 -0.00443442 -0.945833 -0.324625
-10.4264 22.0813 -35.3447 -0.00391524 -0.945514 -0.325557
-10.4275 21.7842 -34.4843 -0.0057063 -0.943917 -0.330132
-10.4297 21.3931 -33.3605 -0.00682834 -0.944868 -0.32738
-10.4327 20.9617 -32.1102 -0.00894826 -0.94565 -0.325062
-10.4355 20.6368 -31.1638 -0.00929143 -0.946035 -0.323932
-10.4386 20.3034 -30.1868 -0.00854701 -0.947289 -0.320266
-10.4424 19.9265 -29.064 -0.00918125 -0.948224 -0.317469
-10.4445 19.6938 -28.3684 -0.00789022 -0.948167 -0.317676
-11.5186 19.5712 -27.973 -0.0128919 -0.949706 -0.312877
-11.5157 19.8581 -28.8316 -0.00821264 -0.947808 -0.318736
-11.5125 20.1958 -29.8367 -0.0106773 -0.947014 -0.321016
-11.5074 20.6488 -31.1631 -0.013218 -0.946435 -0.322623
-11.5044 20.9746 -32.1184 -0.0101452 -0.945896 -0.324312
-11.5008 21.4733 -33.566 -0.00844779 -0.945088 -0.326708
-11.4987 21.8461 -34.6509 -0.00559769 -0.945793 -0.324723
-11.4976 22.1656 -35.5769 -0.00393034 -0.945319 -0.326125
-11.4967 22.5095 -36.5772 -0.00404314 -0.945748 -0.324877
-11.4958 22.9041 -37.732 -0.00646233 -0.946227 -0.323438
-11.495 23.3128 -38.9326 -0.00577266 -0.947793 -0.318834
-11.495 23.75 -40.2305 -0.00391337 -0.948377 -0.317121
-11.4952 24.091 -41.2624 -0.00315409 -0.949717 -0.313095
-11.4954 24.4117 -42.2414 -0.00014468 -0.95119 -0.308607
-11.4957 24.707 -43.1476 0.00140759 -0.952623 -0.304151
-12.5653 24.6587 -42.9927 -0.00248599 -0.95233 -0.305061
-12.5658 24.3073 -41.9106 -0.00240665 -0.950036 -0.31213
-12.5659 24.005 -40.9906 -0.00274092 -0.949404 -0.314046
-12.5659 23.6902 -40.0422 -0.0036448 -0.949124 -0.314881
-12.5661 23.2677 -38.778 -0.0060405 -0.947928 -0.318428
-12.5667 22.8942 -37.6736 -0.00735003 -0.945376 -0.325898
-12.5677 22.5646 -36.7223 -0.00573261 -0.944867 -0.327403
-12.5686 22.2297 -35.7497 -0.00608249 -0.945888 -0.324437
-12.5701 21.9214 -34.8474 -0.00714194 -0.946277 -0.323277
-12.5718 21.5755 -33.838 -0.00936932 -0.945754 -0.324748
-12.5743 21.2266 -32.8172 -0.011341 -0.946133 -0.323578
-12.5769 20.9216 -31.9254 -0.011709 -0.946454 -0.322625
-12.5806 20.5362 -30.7871 -0.0147838 -0.94693 -0.321099
-12.5842 20.2129 -29.8376 -0.016607 -0.946802 -0.321388
-12.5887 19.8159 -28.6595 -0.0163414 -0.948416 -0.316608
-12.5936 19.4065 -27.4284 -0.0133197 -0.949049 -0.314847
-13.6683 19.2287 -26.8436 -0.0129457 -0.949451 -0.313648
-13.6635 19.6213 -28.0279 -0.0141613 -0.948239 -0.317243
-13.6593 19.9685 -29.0627 -0.015139 -0.947927 -0.318127
-13.6545 20.3731 -30.2578 -0.0150871 -0.946744 -0.321634
-13.6507 20.7756 -31.4465 -0.0141928 -0.947366 -0.319838
-13.6471 21.144 -32.5337 -0.0140884 -0.94665 -0.321954
-13.6443 21.4981 -33.5805 -0.00681302 -0.947099 -0.320869
-13.6422 21.8624 -34.6509 -0.00698153 -0.946232 -0.323414
-13.6404 22.178 -35.5746 -0.00845561 -0.946082 -0.323818
-13.6384 22.5693 -36.7154 -0.00860468 -0.945195 -0.326392
-13.6374 22.878 -37.605 -0.00544911 -0.94614 -0.323712
-13.6374 23.19 -38.53 -0.0042135 -0.947784 -0.318885
-13.6371 23.5553 -39.6216 -0.00392766 -0.948486 -0.316796
-13.6367 23.9288 -40.7445 -0.005165 -0.949069 -0.315026
-13.6362 24.3265 -41.9493 -0.00659703 -0.950299 -0.311268
-13.6356 24.5994 -42.7845 -0.00917282 -0.952803 -0.303449
-14.7061 24.5013 -42.4607 -0.00677069 -0.950394 -0.310976
-14.7073 24.0723 -41.1588 -0.005266 -0.949107 -0.31491
-14.708 23.6312 -39.8327 -0.00493733 -0.948591 -0.316466
-14.7084 23.3366 -38.9533 -0.00306467 -0.947349 -0.320187
-14.7086 22.9537 -37.8186 -0.00265441 -0.947649 -0.319304
-14.7094 22.5912 -36.7481 -0.00541011 -0.946227 -0.323459
-14.7115 22.1709 -35.5201 -0.0107699 -0.946319 -0.323056
-14.7138 21.8252 -34.5111 -0.0121862 -0.945791 -0.324546
-14.7164 21.5165 -33.6041 -0.0130348 -0.947113 -0.320634
-14.7191 21.1945 -32.6482 -0.00993405 -0.947711 -0.318976
-14.7223 20.8518 -31.6331 -0.0101556 -0.946804 -0.321651
-14.7271 20.3598 -30.1795 -0.0105275 -0.947554 -0.319422
-14.7311 19.991 -29.082 -0.012046 -0.948036 -0.317936
-14.7353 19.649 -28.0638 -0.0125006 -0.947868 -0.318419
-14.7393 19.3265 -27.096 -0.0129404 -0.949288 -0.314143
-14.7433 18.9943 -26.0921 -0.0126921 -0.949321 -0.314052
-14.7437 18.9637 -25.9996 -0.0124443 -0.949596 -0.313229
-15.8201 18.6455 -24.9897 -0.0141197 -0.949484 -0.313499
-15.8162 18.9377 -25.8738 -0.0137355 -0.949445 -0.313633
-15.811 19.355 -27.1381 -0.0125746 -0.949657 -0.313039
-15.8058 19.778 -28.406 -0.012117 -0.948395 -0.316859
-15.8009 20.2149 -29.7116 -0.0113776 -0.947923 -0.318297
-15.7966 20.6345 -30.9554 -0.0122701 -0.947259 -0.320233
-15.7936 20.9349 -31.8416 -0.0118265 -0.946972 -0.321097
-15.7902 21.2824 -32.8692 -0.0128915 -0.947236 -0.320279
-15.7866 21.6649 -33.9989 -0.0130008 -0.947104 -0.320662
-15.7839 22.0104 -35.0178 -0.00935036 -0.947012 -0.321061
-15.7816 22.4271 -36.2456 -0.00771637 -0.947137 -0.320737
-15.7805 22.7427 -37.1788 -0.00414126 -0.947921 -0.318479
-15.7798 23.0484 -38.0881 -0.0044626 -0.948144 -0.31781
-15.7793 23.4383 -39.2495 -0.000820761 -0.947807 -0.318844
-15.7785 23.853 -40.4815 -0.00515853 -0.947581 -0.319474
-16.851 23.1863 -38.4843 -0.00821497 -0.947648 -0.319212
-16.8517 22.8786 -37.5672 -0.00473304 -0.947876 -0.318604
-16.8528 22.5243 -36.5128 -0.00510841 -0.947613 -0.319378
-16.8548 22.1448 -35.385 -0.00840126 -0.948113 -0.317823
-16.8582 21.6832 -34.0129 -0.0120129 -0.947254 -0.32026
-16.8625 21.2218 -32.6487 -0.011937 -0.947094 -0.320734
-16.8655 20.9242 -31.7706 -0.0123229 -0.947077 -0.32077
-16.8701 20.4851 -30.4719 -0.0125104 -0.947267 -0.320201
-16.874 20.121 -29.3926 -0.0107296 -0.948448 -0.316751
-16.8777 19.7814 -28.3756 -0.0110058 -0.948525 -0.316512
-16.8813 19.4906 -27.5035 -0.012171 -0.948517 -0.316494
-16.8854 19.1581 -26.5002 -0.0119029 -0.949908 -0.312303
-16.8909 18.7385 -25.2229 -0.0123946 -0.949934 -0.312204
-16.8945 18.4753 -24.424 -0.014188 -0.950291 -0.311039
-17.9688 18.2768 -23.7776 -0.0101464 -0.950465 -0.310665
-17.9639 18.6732 -24.9849 -0.0102533 -0.949644 -0.313162
-17.96 18.9659 -25.8723 -0.0131626 -0.949997 -0.31198
-17.9559 19.279 -26.8253 -0.0129165 -0.949501 -0.313497
-17.9518 19.6032 -27.8028 -0.0121918 -0.948833 -0.315543
-17.9481 19.9156 -28.7397 -0.0112824 -0.9486 -0.316276
-17.9425 20.4053 -30.196 -0.0127273 -0.946983 -0.321031
-17.9389 20.7528 -31.2214 -0.0128001 -0.947108 -0.320661
-17.9348 21.1528 -32.4037 -0.0126573 -0.947621 -0.319145
-17.931 21.575 -33.6577 -0.0091335 -0.947447 -0.319782
-17.9278 21.9661 -34.8222 -0.00982144 -0.948288 -0.317258
-17.9253 22.3514 -35.9726 -0.00868376 -0.948041 -0.318031
-19.0012 21.7402 -34.1097 -0.0134403 -0.947662 -0.318993
-19.0048 21.3485 -32.9441 -0.0136942 -0.947892 -0.318299
-19.0088 20.8947 -31.5981 -0.0117333 -0.947126 -0.320648
-19.0117 20.5813 -30.673 -0.0126925 -0.947025 -0.32091
-19.0161 20.2045 -29.5563 -0.0142971 -0.947472 -0.319518
-19.0197 19.9127 -28.6869 -0.0131202 -0.94845 -0.316654
-19.0242 19.5453 -27.5865 -0.0124484 -0.948799 -0.315637
-19.0279 19.2605 -26.7234 -0.013763 -0.949821 -0.31249
-19.0316 18.9768 -25.8587 -0.0136558 -0.95005 -0.311799
-19.0355 18.6781 -24.9558 -0.0129713 -0.94868 -0.31597
-19.0402 18.302 -23.8218 -0.0105815 -0.949993 -0.312093
-19.0442 17.9451 -22.7269 -0.00903863 -0.951351 -0.307976
-19.0443 17.9336 -22.6914 -0.00888346 -0.951316 -0.308089
-20.1187 17.6689 -21.8438 -0.00855692 -0.951359 -0.307967
-20.1148 18.0337 -22.9654 -0.0112845 -0.950833 -0.309498
-20.1097 18.4558 -24.2475 -0.0117062 -0.949659 -0.313066
-20.1049 18.8449 -25.4176 -0.0110678 -0.948771 -0.31577
-20.1011 19.1543 -26.3556 -0.0124457 -0.949439 -0.313705
-20.0973 19.4448 -27.2364 -0.0138697 -0.949825 -0.312473
-20.0924 19.8247 -28.3761 -0.0178859 -0.947042 -0.320612
-20.0867 20.239 -29.6086 -0.0179295 -0.948312 -0.316833
-20.0828 20.6024 -30.6895 -0.0140857 -0.948036 -0.317851
-20.0797 20.9194 -31.6352 -0.0124471 -0.947611 -0.319183
-21.1564 20.3886 -30.0071 -0.0119277 -0.948586 -0.316295
-21.1619 19.9356 -28.6494 -0.0133021 -0.947603 -0.319175
-21.1676 19.5282 -27.4369 -0.0169807 -0.948774 -0.315497
-21.1727 19.1312 -26.2405 -0.0121776 -0.948993 -0.315061
-21.1773 18.7557 -25.1083 -0.0125114 -0.94907 -0.314817
-21.1815 18.4216 -24.1009 -0.012845 -0.94927 -0.314201
-21.1856 18.1002 -23.13 -0.0124797 -0.949288 -0.314161
-21.1888 17.8074 -22.2379 -0.00838829 -0.950262 -0.311338
-21.1915 17.5381 -21.4083 -0.00884323 -0.951487 -0.307561
-22.2619 17.6521 -21.7273 -0.0105764 -0.951575 -0.307235
-22.2585 17.9425 -22.6102 -0.0124895 -0.949364 -0.313929
-22.2544 18.2881 -23.6548 -0.0124704 -0.949212 -0.314391
-22.2509 18.5779 -24.5304 -0.0122527 -0.949204 -0.314424
-22.246 18.9685 -25.7089 -0.0128241 -0.948925 -0.315242
-22.242 19.2726 -26.6234 -0.0128251 -0.948819 -0.315558
-22.2378 19.5942 -27.5872 -0.0126294 -0.948309 -0.317096
-22.2352 19.7909 -28.1758 -0.0125325 -0.948315 -0.317082
-23.3185 18.8693 -25.3655 -0.0134381 -0.948704 -0.31588
-23.3239 18.4361 -24.06 -0.0120323 -0.949243 -0.314312
-23.3281 18.0849 -22.9997 -0.0115383 -0.949374 -0.313937
-23.331 17.8295 -22.2254 -0.0112027 -0.9496 -0.313263
7.80407 20.1481 -29.7025 0.00775585 -0.946229 -0.323404
7.80003 20.4693 -30.6445 0.00868329 -0.946439 -0.322766
7.79537 20.8539 -31.7616 0.00874335 -0.945292 -0.326107
7.79201 21.1696 -32.6737 0.00677886 -0.945013 -0.326964
7.78879 21.4895 -33.5975 0.00691726 -0.944595 -0.328166
7.78553 21.8016 -34.4959 0.00750088 -0.944453 -0.328561
7.78245 22.1181 -35.3983 0.00279743 -0.942953 -0.332916
7.77977 22.4784 -36.4184 0.00405987 -0.942508 -0.334159
7.77754 22.7924 -37.3017 0.00563449 -0.943411 -0.331579
7.77406 23.2876 -38.7269 0.00727853 -0.944383 -0.328766
7.7727 23.6038 -39.6512 0.00528955 -0.946177 -0.323606
7.77162 23.9129 -40.5551 0.00222943 -0.948109 -0.317939
7.77252 24.372 -41.9482 -0.00489462 -0.949914 -0.312472
7.77272 24.4307 -42.1272 -0.00753388 -0.952716 -0.303769
8.84306 24.5832 -42.6249 -0.00284645 -0.953756 -0.300568
8.84204 24.2678 -41.6373 -0.0031764 -0.951278 -0.308319
8.84234 23.8537 -40.3776 -0.00082875 -0.949997 -0.312257
8.84359 23.5624 -39.5127 0.00584603 -0.946416 -0.322897
8.84577 23.1998 -38.4472 0.00752455 -0.945418 -0.325773
8.84827 22.8234 -37.3727 0.00476499 -0.94318 -0.332248
8.8515 22.3864 -36.1392 0.00689785 -0.943007 -0.332703
8.85523 22.0128 -35.0734 0.00751287 -0.943557 -0.331126
8.85897 21.6697 -34.0908 0.00808228 -0.94431 -0.328958
8.86272 21.3397 -33.1421 0.0099892 -0.94496 -0.327033
8.86791 20.8646 -31.7637 0.00859003 -0.945439 -0.325686
8.87325 20.4479 -30.549 0.0120726 -0.945711 -0.324785
8.8784 20.0838 -29.492 0.0095078 -0.945704 -0.32489
9.95188 20.0559 -29.3641 0.0147706 -0.946005 -0.323815
9.94666 20.4062 -30.3878 0.0134781 -0.945695 -0.324777
9.94276 20.6978 -31.2419 0.0104802 -0.946371 -0.322911
9.93837 21.0547 -32.2858 0.00998784 -0.94496 -0.327034
9.93295 21.5087 -33.593 0.0109037 -0.944517 -0.328282
9.92774 21.9465 -34.849 0.0119487 -0.944079 -0.329502
9.92299 22.3667 -36.0537 0.00998034 -0.944528 -0.328278
9.91938 22.77 -37.2029 0.00789793 -0.943556 -0.331118
9.91734 23.08 -38.0911 0.00334792 -0.943876 -0.330284
9.91558 23.4025 -39.0244 0.00668436 -0.946241 -0.323394
9.91331 23.8408 -40.3202 0.0083777 -0.949512 -0.313619
9.91212 24.3205 -41.7999 0.00535594 -0.952807 -0.30353
9.91202 24.6075 -42.7011 0.00190506 -0.954704 -0.297551
10.9816 24.7452 -43.1499 0.00851864 -0.956569 -0.291383
10.9821 24.4337 -42.1351 0.00535106 -0.953467 -0.301451
10.983 24.0834 -41.0355 0.00515298 -0.952006 -0.306036
10.9841 23.7791 -40.1099 0.00714549 -0.949077 -0.314964
10.9854 23.4778 -39.217 0.00818577 -0.945895 -0.324369
10.9876 23.1338 -38.2219 0.00773976 -0.944251 -0.329135
10.9901 22.8018 -37.2699 0.00881933 -0.94397 -0.329914
10.9936 22.4415 -36.2331 0.0119161 -0.944901 -0.327139
10.9996 21.9401 -34.7901 0.012592 -0.944239 -0.329021
11.0062 21.4185 -33.2929 0.0133016 -0.944391 -0.328555
11.0104 21.0975 -32.3657 0.0148648 -0.945922 -0.324052
11.0146 20.8035 -31.5074 0.0143184 -0.946168 -0.323359
11.0189 20.5035 -30.6281 0.0133007 -0.94616 -0.323425
11.0265 19.9945 -29.1392 0.0141688 -0.946425 -0.322612
11.0276 19.9269 -28.9403 0.0148732 -0.946773 -0.321559
12.1063 19.6123 -27.9594 0.0173706 -0.947363 -0.319689
12.1015 19.9223 -28.8738 0.0165732 -0.946817 -0.321346
12.0956 20.2833 -29.9301 0.0179877 -0.945737 -0.324434
12.0904 20.598 -30.8495 0.0181912 -0.94628 -0.322835
12.0829 21.1014 -32.3257 0.016085 -0.945942 -0.323937
12.0778 21.4542 -33.3428 0.0197796 -0.944435 -0.328101
12.0723 21.8691 -34.5401 0.0182388 -0.944701 -0.327425
12.0682 22.1965 -35.4817 0.0181498 -0.944087 -0.329196
12.0631 22.5845 -36.6016 0.0211409 -0.945105 -0.326082
12.0591 22.9856 -37.7625 0.0164271 -0.944144 -0.329122
12.0563 23.3699 -38.8741 0.0104927 -0.947173 -0.320552
12.0543 23.7937 -40.13 0.00778787 -0.947251 -0.320397
12.053 24.2504 -41.537 0.00515552 -0.952005 -0.306039
12.0516 24.6865 -42.9259 0.00637831 -0.955357 -0.295385
12.0514 24.7159 -43.0222 0.00700541 -0.957305 -0.288995
13.123 24.3433 -41.8061 0.00588397 -0.95216 -0.305543
13.1242 23.9846 -40.6926 0.00656244 -0.950805 -0.309722
13.1252 23.6279 -39.6028 0.00828465 -0.948928 -0.315383
13.127 23.3341 -38.7347 0.0102271 -0.946891 -0.321393
13.129 23.0191 -37.8054 0.0153189 -0.946992 -0.320892
13.1329 22.7069 -36.8936 0.0174164 -0.945869 -0.324081
13.1365 22.41 -36.0311 0.0179367 -0.944162 -0.328993
13.1414 22.0599 -35.0297 0.0193943 -0.944374 -0.3283
13.1475 21.6168 -33.7472 0.0192364 -0.944984 -0.32655
13.1518 21.2968 -32.8254 0.0195287 -0.944404 -0.328207
13.1582 20.8845 -31.6321 0.0201914 -0.945825 -0.324047
13.1643 20.5161 -30.5507 0.0172637 -0.946137 -0.323305
13.1697 20.1968 -29.6186 0.0172647 -0.945555 -0.325004
13.1752 19.8676 -28.6573 0.0150514 -0.946234 -0.323132
13.1799 19.5949 -27.8588 0.0119658 -0.947177 -0.320488
14.2579 19.3173 -26.9834 0.015634 -0.949188 -0.31432
14.2509 19.6752 -28.0451 0.01693 -0.945786 -0.324349
14.245 20.0047 -29.0097 0.0142463 -0.946143 -0.323435
14.2377 20.4468 -30.2909 0.0156872 -0.945471 -0.325328
14.2301 20.8853 -31.5704 0.0176681 -0.945478 -0.325206
14.2225 21.3537 -32.9297 0.0169062 -0.945054 -0.326476
14.2157 21.8517 -34.3681 0.016812 -0.94459 -0.327823
14.2092 22.3063 -35.6773 0.0184793 -0.944612 -0.327668
14.2053 22.6041 -36.5359 0.017023 -0.9452 -0.326049
14.2016 22.9191 -37.4611 0.0151881 -0.946533 -0.32225
14.1981 23.2797 -38.5266 0.0134943 -0.947872 -0.318365
14.1958 23.6827 -39.7388 0.0115069 -0.949929 -0.312254
15.2719 23.0021 -37.6554 0.0134822 -0.947506 -0.319454
15.2754 22.6898 -36.73 0.0170546 -0.945953 -0.323854
15.2809 22.2512 -35.458 0.0175396 -0.944914 -0.326848
15.2852 21.9437 -34.5747 0.0183818 -0.944208 -0.328835
15.2901 21.6136 -33.626 0.0186724 -0.944901 -0.326825
15.2958 21.2417 -32.5468 0.0180587 -0.94526 -0.325817
15.3015 20.896 -31.5426 0.017989 -0.945424 -0.325345
15.3066 20.598 -30.6775 0.0169884 -0.9452 -0.326049
15.3136 20.2005 -29.528 0.0188092 -0.944732 -0.327303
15.3204 19.8293 -28.4397 0.0179172 -0.946518 -0.322153
15.3268 19.5007 -27.469 0.0168114 -0.947205 -0.320187
15.3363 19.0351 -26.077 0.0186258 -0.949136 -0.314315
15.3372 18.9913 -25.9445 0.018626 -0.949136 -0.314316
16.4146 18.7739 -25.2241 0.0186576 -0.949151 -0.314267
16.4088 19.0599 -26.0884 0.0193348 -0.948752 -0.315428
16.4023 19.3617 -26.9928 0.0200442 -0.948367 -0.316541
16.3964 19.6495 -27.8529 0.0172109 -0.946827 -0.321281
16.3892 20.0085 -28.9044 0.0210143 -0.945967 -0.323582
16.3822 20.3621 -29.9371 0.0210451 -0.945733 -0.324263
16.3752 20.7611 -31.095 0.0176013 -0.945109 -0.326281
16.367 21.2347 -32.4667 0.0181146 -0.945179 -0.32605
16.3611 21.6102 -33.554 0.0190579 -0.944572 -0.327751
16.355 22.0002 -34.677 0.0165528 -0.945041 -0.326532
16.3512 22.292 -35.5286 0.0147218 -0.945864 -0.32423
17.4312 21.6627 -33.6469 0.0171715 -0.94471 -0.327457
17.4372 21.2869 -32.5543 0.0213034 -0.944866 -0.326762
17.4432 20.94 -31.5485 0.0222491 -0.945505 -0.324846
17.4513 20.5061 -30.2862 0.0221473 -0.945369 -0.32525
17.4608 20.0156 -28.8562 0.0211747 -0.945803 -0.324049
17.4671 19.7086 -27.9552 0.0226158 -0.947047 -0.320299
17.474 19.398 -27.0364 0.0208713 -0.947714 -0.318436
17.4803 19.1001 -26.1464 0.0179732 -0.94784 -0.318238
17.4866 18.808 -25.276 0.0163789 -0.94849 -0.316382
17.492 18.5533 -24.5022 0.0163024 -0.949935 -0.312021
18.5696 18.3348 -23.7679 0.0206886 -0.948996 -0.314609
18.5615 18.703 -24.8835 0.023515 -0.948849 -0.314855
18.5538 19.0357 -25.8789 0.0238877 -0.947974 -0.31745
18.5446 19.4447 -27.0956 0.0244689 -0.947368 -0.319209
18.538 19.7433 -27.9799 0.0237033 -0.9471 -0.320063
18.5274 20.2518 -29.4752 0.0207373 -0.945667 -0.324474
18.5184 20.7251 -30.8519 0.0210131 -0.945404 -0.325222
18.5137 20.9863 -31.6114 0.0210724 -0.945359 -0.32535
19.5966 20.3444 -29.6726 0.0228689 -0.9454 -0.32511
19.6027 20.0505 -28.8102 0.0245573 -0.946899 -0.320591
19.6103 19.7022 -27.7786 0.0237135 -0.946926 -0.320576
19.6191 19.3224 -26.656 0.0219232 -0.947362 -0.319412
19.6301 18.853 -25.2566 0.0205285 -0.94817 -0.3171
19.6397 18.4343 -23.9987 0.019434 -0.949141 -0.314251
19.6444 18.224 -23.3623 0.0217329 -0.949531 -0.31292
20.723 17.9603 -22.4882 0.022023 -0.949408 -0.313272
20.7132 18.3935 -23.8036 0.0216426 -0.949702 -0.312407
20.7034 18.7945 -25.0087 0.0250011 -0.947405 -0.31906
20.694 19.1755 -26.1437 0.024628 -0.947904 -0.317602
20.6854 19.5353 -27.209 0.0230067 -0.946654 -0.321428
20.6788 19.8143 -28.0303 0.0242558 -0.946692 -0.321225
21.7671 19.1089 -25.8582 0.0270529 -0.947588 -0.318349
21.7746 18.817 -24.9913 0.0241619 -0.947726 -0.318168
21.7858 18.3921 -23.7196 0.0208388 -0.948474 -0.316168
21.796 17.9541 -22.3971 0.0206749 -0.94954 -0.312963
21.797 17.9134 -22.2734 0.0207814 -0.949559 -0.3129
22.8693 17.9453 -22.292 0.0287692 -0.948479 -0.31553
22.8589 18.3564 -23.522 0.0294739 -0.947311 -0.318956
22.8504 18.6734 -24.4704 0.0307338 -0.948408 -0.315561
22.849 18.7239 -24.6218 0.03293 -0.948002 -0.316556
23.9367 18.1382 -22.7776 0.0272793 -0.946446 -0.321707
23.9419 17.9273 -22.1592 0.0241648 -0.946666 -0.321309
23.946 17.74 -21.6038 0.0208529 -0.947849 -0.318037
