16.3775 21.7397 -23.0423 0.0258677 -0.932495 -0.36021
17.0605 21.5315 -22.4415 0.0330099 -0.932451 -0.359784
17.7566 21.3046 -21.8005 0.0273962 -0.933121 -0.35849
18.4721 21.0333 -21.0344 0.0224615 -0.933255 -0.358511
19.0661 20.7336 -20.2121 0.028716 -0.930891 -0.364105
19.6369 20.4451 -19.4246 0.0214865 -0.934612 -0.355018
20.3031 20.1007 -18.4441 0.0299512 -0.936449 -0.349523
21.0632 19.6865 -17.2611 0.0306759 -0.937493 -0.346651
21.5284 19.3896 -16.4289 0.0239117 -0.936851 -0.34891
21.964 19.1087 -15.6363 0.0229204 -0.938975 -0.34322
22.6054 18.7456 -14.5949 0.0190398 -0.939827 -0.3411
23.1149 18.2247 -13.1446 0.0198921 -0.938854 -0.343739
23.3637 17.7417 -11.8119 0.0192439 -0.939125 -0.343035
23.5945 17.4291 -10.9407 0.0193338 -0.939798 -0.341182
23.7608 17.0605 -9.90991 0.0132263 -0.940423 -0.339707
23.9676 16.6841 -8.87622 0.00915408 -0.939915 -0.341272
24.0425 16.1845 -7.48828 0.00826997 -0.940344 -0.340121
23.9827 15.8232 -6.49189 0.0102101 -0.940379 -0.339974
23.9062 15.4497 -5.45365 0.00744009 -0.942092 -0.335273
23.8254 15.0451 -4.32615 0.00467677 -0.941018 -0.338318
23.708 14.6424 -3.19674 0.00221322 -0.942463 -0.334302
23.436 14.1727 -1.87819 0.00217484 -0.941652 -0.336582
23.2105 13.8744 -1.04527 0.00206667 -0.941986 -0.335644
22.9143 13.509 -0.0134545 -0.00452513 -0.942716 -0.333565
22.4777 13.099 1.14986 -0.00292746 -0.942176 -0.3351
21.8827 12.6597 2.38915 -0.0105634 -0.941959 -0.335561
21.3909 12.3346 3.32388 -0.00692473 -0.943487 -0.331334
20.8746 11.982 4.33493 -0.00658472 -0.942862 -0.333116
20.1969 11.6168 5.37706 -0.00905222 -0.941948 -0.335638
19.7082 11.3594 6.11043 -0.00869758 -0.941558 -0.336739
19.1549 11.081 6.90213 -0.00937784 -0.9403 -0.340217
18.4977 10.7783 7.75641 -0.00917348 -0.940234 -0.340406
17.8302 10.5241 8.48668 -0.0102818 -0.942175 -0.334962
17.1413 10.3189 9.08367 -0.0100629 -0.941673 -0.336378
16.6935 10.045 9.86469 -0.0103447 -0.941723 -0.336231
15.291 9.83717 10.5035 -0.0169408 -0.940311 -0.339893
16.2755 9.82633 10.49 -0.010021 -0.941646 -0.336456
17.7481 9.89379 10.2558 -0.00820532 -0.941818 -0.336017
18.6308 9.94509 10.0907 -0.00806361 -0.94216 -0.335065
19.8586 10.1582 9.4594 -0.00888487 -0.942244 -0.334811
21.0879 10.2203 9.25928 -0.00703148 -0.941732 -0.336292
22.1428 10.2185 9.24793 -0.00408139 -0.94111 -0.338076
23.2907 10.2161 9.24017 -0.00431382 -0.941216 -0.337778
24.1977 10.2221 9.2124 -0.00287406 -0.940997 -0.3384
25.5686 10.3029 8.98106 -0.00127391 -0.940514 -0.339752
26.6968 10.3545 8.83664 -9.24678e-05 -0.940389 -0.340099
27.9958 10.3174 8.93619 -0.00150884 -0.940921 -0.338622
28.9333 10.4245 8.63124 -0.00326272 -0.940896 -0.338679
29.2118 10.7617 7.68754 -0.00331907 -0.941554 -0.336845
29.4225 11.2464 6.3349 -0.00443521 -0.940684 -0.339254
29.6701 11.6438 5.23108 -0.00326421 -0.940683 -0.339268
29.8403 11.9731 4.31347 -0.00470875 -0.941467 -0.337066
29.9708 12.284 3.44742 -0.00437613 -0.940807 -0.338913
30.0824 12.625 2.50018 -0.00420915 -0.940603 -0.339483
30.1689 12.9942 1.48143 -0.00471782 -0.938609 -0.344943
30.2542 13.3783 0.441372 -0.00295664 -0.938269 -0.345891
30.423 13.8489 -0.84044 -0.0028501 -0.938615 -0.344954
30.5581 14.3418 -2.14481 -0.00697344 -0.93579 -0.352466
30.5269 14.6755 -3.06054 -0.00726613 -0.939646 -0.34207
30.546 15.1194 -4.25607 0.00158729 -0.936797 -0.349871
30.5124 15.4366 -5.10566 0.0023401 -0.936455 -0.350779
30.3646 15.8987 -6.34924 0.0118638 -0.937278 -0.348381
29.988 16.3144 -7.48463 0.0158067 -0.937836 -0.346698
29.6522 16.6461 -8.39714 0.0209556 -0.936821 -0.349182
29.3148 16.9909 -9.34471 0.0262292 -0.936547 -0.349537
28.897 17.4642 -10.6314 0.0241692 -0.934202 -0.355895
28.4673 17.9063 -11.8248 0.0304012 -0.932922 -0.358782
28.1621 18.2057 -12.6283 0.0328624 -0.932627 -0.359343
27.7564 18.6184 -13.739 0.0356599 -0.933043 -0.357994
27.4556 18.9578 -14.6531 0.0363902 -0.932863 -0.358387
27.1018 19.3933 -15.8247 0.0369638 -0.931892 -0.360834
26.791 19.7685 -16.8333 0.0465747 -0.932562 -0.357994
26.4794 20.059 -17.6268 0.0467579 -0.93191 -0.359662
26.1131 20.3899 -18.5225 0.0455546 -0.930119 -0.364422
25.7611 20.7104 -19.3839 0.0431166 -0.928244 -0.369456
25.4728 21.0351 -20.2305 0.0526605 -0.9268 -0.371844
25.0719 21.4277 -21.2566 0.0480554 -0.92501 -0.376889
24.6599 21.7169 -22.0209 0.044674 -0.924317 -0.378975
24.0933 22.0553 -22.907 0.0542604 -0.923396 -0.37999
23.4645 22.4228 -23.8932 0.0518593 -0.922411 -0.382697
22.9796 22.7425 -24.7211 0.0519398 -0.921136 -0.38576
22.4357 23.0512 -25.5346 0.0518802 -0.921822 -0.384127
21.9167 23.3367 -26.2873 0.0500995 -0.922769 -0.382068
21.4521 23.623 -27.0256 0.0399829 -0.920192 -0.389419
20.7402 24.0947 -28.2292 0.0485221 -0.921872 -0.384445
20.1966 24.4378 -29.1021 0.0335952 -0.920397 -0.389444
19.7002 24.7147 -29.8138 0.0333797 -0.924458 -0.379821
19.2229 24.9955 -30.539 0.0381701 -0.924291 -0.379744
18.6742 25.3 -31.333 0.0294768 -0.927274 -0.373221
18.1948 25.597 -32.1059 0.0281953 -0.926596 -0.375
17.6014 25.9877 -33.1078 0.0221413 -0.926596 -0.375406
16.9757 26.4202 -34.2226 0.0154339 -0.929702 -0.367988
16.3852 26.839 -35.3105 0.0164799 -0.930709 -0.36539
15.8058 27.2347 -36.3387 0.0103222 -0.931587 -0.363371
15.3452 27.5202 -37.0865 0.00984962 -0.932985 -0.359778
14.7096 27.9245 -38.1488 0.00978215 -0.93265 -0.360649
14.2562 28.2372 -38.9701 0.00788452 -0.933137 -0.359434
13.7222 28.5356 -39.7569 0.00729848 -0.933875 -0.357524
12.7751 28.6037 -39.9532 0.00639833 -0.933206 -0.359278
11.7319 28.5884 -39.9341 0.00691602 -0.932381 -0.361411
10.631 28.5512 -39.8516 0.00321904 -0.931602 -0.363466
9.10188 28.4819 -39.6747 -0.00132185 -0.93143 -0.363917
7.60427 28.4371 -39.5583 -0.00289817 -0.929022 -0.370013
6.52013 28.4112 -39.4882 -0.000182719 -0.930221 -0.366975
5.4737 28.3586 -39.3646 0.000498594 -0.928789 -0.3706
3.87876 28.2876 -39.1855 0.000368951 -0.927683 -0.373369
2.6054 28.2352 -39.0465 6.7366e-05 -0.92583 -0.377941
1.68077 28.1712 -38.8848 -0.00191799 -0.924401 -0.381409
0.619525 28.0987 -38.7114 0.000339943 -0.923868 -0.382711
-0.312827 28.0964 -38.7032 -0.0016484 -0.923144 -0.384452
-1.73219 28.1511 -38.8356 0.00177361 -0.923572 -0.383418
-2.96182 28.2139 -38.9873 0.00186577 -0.925267 -0.379302
-4.09679 28.2677 -39.1328 0.00750777 -0.926754 -0.375583
-5.33166 28.3234 -39.2905 0.00697573 -0.928398 -0.371518
-6.32764 28.3664 -39.4145 0.00388449 -0.929896 -0.367802
-7.37127 28.4124 -39.5458 0.00522455 -0.929902 -0.36777
-8.46197 28.4597 -39.6797 0.00244709 -0.930359 -0.36663
-9.40531 28.4912 -39.7637 0.00233594 -0.931654 -0.363338
-10.8843 28.5473 -39.9087 -0.00154006 -0.932621 -0.360851
-11.795 28.5761 -39.9822 -0.000509424 -0.933116 -0.359574
-13.1158 28.6168 -40.0816 -0.00135896 -0.93345 -0.358705
-14.4464 28.6372 -40.1326 -4.64448e-05 -0.932561 -0.361013
-15.4033 28.588 -39.9961 -0.00383193 -0.932418 -0.361362
-16.2617 28.2082 -39.0037 -0.00751084 -0.932098 -0.362129
-16.8489 27.7757 -37.8822 -0.00868289 -0.93134 -0.364048
-17.3816 27.3452 -36.7671 -0.00972374 -0.931416 -0.363826
-17.8861 26.9557 -35.7554 -0.0102144 -0.931522 -0.363541
-18.5184 26.5255 -34.634 -0.0107197 -0.93177 -0.362892
-18.9815 26.2206 -33.8355 -0.0137656 -0.931162 -0.364342
-19.4248 25.9348 -33.091 -0.0125662 -0.931002 -0.364797
-19.9257 25.5565 -32.1107 -0.0153342 -0.929701 -0.367996
-20.3637 25.1423 -31.0447 -0.0156465 -0.929983 -0.367268
-20.9245 24.7156 -29.9406 -0.0204284 -0.928623 -0.370461
-21.4991 24.3592 -29.0059 -0.0233695 -0.931155 -0.363875
-22.0966 23.9619 -27.9673 -0.0183434 -0.92729 -0.373831
-22.678 23.5487 -26.9159 -0.0263637 -0.927376 -0.373201
-23.1703 23.1699 -25.9369 -0.0271807 -0.928645 -0.369969
-23.662 22.7822 -24.926 -0.0311061 -0.929386 -0.367797
-24.1548 22.3918 -23.9 -0.0297393 -0.928555 -0.369996
-24.5495 22.0417 -22.9929 -0.0317509 -0.92851 -0.369942
-24.9719 21.6121 -21.872 -0.0348219 -0.927837 -0.371338
-25.2819 21.2901 -21.019 -0.0420804 -0.931009 -0.362562
-25.6753 20.8662 -19.8826 -0.0433324 -0.931921 -0.36006
-26.0367 20.4359 -18.7229 -0.0447337 -0.931572 -0.360793
-26.4113 20.0457 -17.6566 -0.0433793 -0.933095 -0.356994
-26.7421 19.7057 -16.7359 -0.0354487 -0.932249 -0.360014
-27.0302 19.3786 -15.8605 -0.0351908 -0.932307 -0.359952
-27.3772 18.9725 -14.764 -0.0311029 -0.933788 -0.356443
-27.696 18.6197 -13.8241 -0.0276785 -0.932938 -0.35897
-27.9861 18.3091 -12.987 -0.0288092 -0.934346 -0.3552
-28.3216 17.9568 -12.0353 -0.0243517 -0.935313 -0.352978
-28.654 17.6281 -11.1384 -0.0229532 -0.935697 -0.352057
-29.053 17.2012 -9.97997 -0.0217889 -0.935913 -0.351553
-29.3685 16.8084 -8.92236 -0.00858536 -0.936308 -0.351075
-29.6718 16.4877 -8.06041 -0.00832623 -0.936175 -0.351437
-29.987 16.1079 -7.03787 -0.00723386 -0.936629 -0.350249
-30.1541 15.7871 -6.17657 -0.00657198 -0.936993 -0.349284
-30.2407 15.3338 -4.96566 0.00362698 -0.935653 -0.352902
-30.1733 14.8352 -3.62991 0.00622123 -0.937895 -0.346861
-30.0627 14.4043 -2.45875 0.00734236 -0.938737 -0.344551
-29.947 13.8557 -0.964699 0.0119661 -0.938164 -0.345985
-29.9488 13.4869 0.0474326 0.0122033 -0.939613 -0.342022
-29.8747 13.0838 1.16093 0.0122936 -0.940094 -0.340693
-29.8456 12.5831 2.54961 0.0108311 -0.940741 -0.338954
-29.8137 12.2758 3.4055 0.0112247 -0.941025 -0.33815
-29.7203 11.7995 4.74406 0.00931559 -0.942277 -0.334705
-29.6601 11.4149 5.82169 0.00242963 -0.941426 -0.337209
-29.6038 11.0854 6.7441 0.0014667 -0.94169 -0.336479
-29.5402 10.7762 7.60779 0.00134542 -0.941332 -0.337479
-29.3931 10.4605 8.48855 0.0017263 -0.941295 -0.33758
-28.4366 10.383 8.70872 0.000903761 -0.941034 -0.338312
-27.4149 10.4033 8.65567 0.0033741 -0.941069 -0.338194
-26.4165 10.3822 8.72876 0.00470029 -0.941099 -0.338098
-25.4647 10.352 8.82818 0.00497155 -0.94205 -0.335436
-24.2713 10.3235 8.92179 0.00231417 -0.94153 -0.336922
-23.0054 10.3088 8.97133 0.00267539 -0.941699 -0.336446
-21.7076 10.3612 8.84241 0.0048901 -0.943199 -0.332194
-20.6454 10.3558 8.86906 0.000885653 -0.942396 -0.33448
-19.4703 10.196 9.3321 0.00797005 -0.941318 -0.337426
-18.1453 9.98646 9.95361 0.00992958 -0.941563 -0.336691
-16.9534 9.88782 10.2663 0.0110902 -0.941514 -0.33679
-15.7599 9.81129 10.5227 0.0127387 -0.94182 -0.335875
-14.7284 9.71234 10.8391 0.0121787 -0.94123 -0.33754
-14.5085 9.78886 10.6328 0.0126273 -0.941834 -0.335841
-15.0423 10.023 9.9561 0.0126574 -0.941836 -0.335834
-15.7668 10.229 9.34499 0.0148793 -0.942177 -0.334779
-16.55 10.483 8.60253 0.0136248 -0.941158 -0.337693
-17.1966 10.7292 7.88206 0.01199 -0.942691 -0.333451
-17.9048 10.9939 7.11188 0.0112834 -0.941244 -0.33754
-18.5378 11.2415 6.39995 0.00895964 -0.941647 -0.336473
-19.2585 11.5844 5.42544 0.00570164 -0.941799 -0.336129
-19.7193 11.8653 4.63155 0.00878737 -0.941186 -0.33777
-20.1621 12.1727 3.76722 0.00691799 -0.941007 -0.338317
-20.7926 12.5765 2.62548 0.00871993 -0.941792 -0.336083
-21.2798 12.8718 1.78635 0.00176598 -0.94243 -0.334399
-21.826 13.2944 0.604898 0.00314731 -0.941182 -0.337885
-22.0761 13.5879 -0.217078 0.00321088 -0.941511 -0.336967
-22.3231 13.9836 -1.32937 0.000881464 -0.942587 -0.333959
-22.5641 14.4115 -2.5419 0.0011753 -0.943239 -0.332113
-22.8127 14.8842 -3.87452 -0.000695023 -0.941719 -0.336399
-22.9678 15.3457 -5.1663 -0.00134007 -0.942117 -0.335278
-23.0945 15.8281 -6.51498 -0.00549679 -0.94078 -0.338974
-23.1241 16.2651 -7.73449 -0.00867126 -0.941935 -0.335675
-23.0205 16.7193 -9.02184 -0.0109818 -0.942803 -0.333169
-22.8695 17.1311 -10.1702 -0.0161951 -0.938908 -0.343787
-22.693 17.4409 -11.0286 -0.0149546 -0.941373 -0.337032
-22.4011 17.8531 -12.1972 -0.017381 -0.940055 -0.340544
-22.165 18.175 -13.0921 -0.0212769 -0.939205 -0.342698
-21.9057 18.4843 -13.958 -0.0171669 -0.939155 -0.343063
-21.6126 18.782 -14.7835 -0.0235192 -0.937767 -0.34642
-21.0629 19.134 -15.7909 -0.0246758 -0.940263 -0.339544
-20.4642 19.4645 -16.7485 -0.0247052 -0.938383 -0.344697
-19.8276 19.8497 -17.8427 -0.0229901 -0.939735 -0.34113
-19.3646 20.1215 -18.6174 -0.0226323 -0.936651 -0.349515
-18.7492 20.4553 -19.5483 -0.0238273 -0.934741 -0.354519
-18.1563 20.7262 -20.291 -0.0180696 -0.933887 -0.357112
-17.3805 21.035 -21.1542 -0.0217153 -0.936062 -0.351165
-16.2337 21.4323 -22.2771 -0.0254051 -0.93333 -0.358119
-15.4265 21.676 -22.9686 -0.0237724 -0.932596 -0.360135
-14.3368 22.0087 -23.8943 -0.0186558 -0.933327 -0.358543
-13.2654 22.2795 -24.6464 -0.0227505 -0.930989 -0.364324
-12.2664 22.4981 -25.275 -0.0230479 -0.932018 -0.361678
-11.379 22.6898 -25.7993 -0.016662 -0.928727 -0.370386
-10.6048 22.8463 -26.2333 -0.0210354 -0.929942 -0.367105
-9.62478 23.0211 -26.7304 -0.0154844 -0.929343 -0.368878
-8.38074 23.2022 -27.2288 -0.0172096 -0.928313 -0.371384
-7.28969 23.3153 -27.5558 -0.0161223 -0.925211 -0.37911
-6.33757 23.4395 -27.895 -0.0169613 -0.928484 -0.370985
-5.44369 23.5418 -28.1883 -0.0153114 -0.923321 -0.383721
-4.46144 23.6228 -28.393 0.000203185 -0.927029 -0.374991
-3.32842 23.6932 -28.5789 -0.0035859 -0.927886 -0.372845
-2.19447 23.732 -28.6849 -0.00357408 -0.924829 -0.380367
-1.28712 23.7644 -28.7672 -0.000869738 -0.924499 -0.381183
-0.16064 23.8078 -28.8693 -0.0018076 -0.927098 -0.374814
1.21163 23.809 -28.8748 0.00165521 -0.927701 -0.37332
2.49175 23.7677 -28.7651 0.00101963 -0.927326 -0.374251
3.40856 23.735 -28.6803 0.00215856 -0.92668 -0.375846
4.84191 23.6724 -28.5045 0.0101474 -0.924114 -0.381982
5.96637 23.6003 -28.3003 0.0093647 -0.926075 -0.377125
7.16998 23.4901 -27.996 0.0105234 -0.929883 -0.367695
8.08544 23.3893 -27.6922 0.0211361 -0.929573 -0.368033
9.35622 23.2181 -27.1976 0.0131579 -0.930018 -0.367278
10.3061 23.0792 -26.8051 0.018662 -0.930831 -0.364972
11.2244 22.9446 -26.4142 0.0250904 -0.928346 -0.370798
12.1795 22.7895 -25.9563 0.0249178 -0.926119 -0.376376
13.2558 22.5677 -25.3409 0.022622 -0.928199 -0.371395
14.0552 22.3825 -24.8384 0.0189132 -0.929473 -0.368406
15.0444 22.1292 -24.1356 0.0298807 -0.929745 -0.366991
15.7492 21.9348 -23.5825 0.0254297 -0.93045 -0.365536
16.0418 21.8407 -23.3227 0.025428 -0.93045 -0.365535
15.2351 21.5386 -22.5934 0.0219845 -0.934905 -0.354218
14.1423 21.852 -23.4859 0.0191617 -0.932967 -0.359405
13.1276 22.1067 -24.1899 0.0231401 -0.930335 -0.365973
12.0164 22.3501 -24.867 0.0194527 -0.928947 -0.369699
10.8397 22.5675 -25.4759 0.0192936 -0.930483 -0.365826
9.62504 22.7463 -25.9908 0.0184101 -0.930635 -0.365484
8.79366 22.8691 -26.3419 0.0195399 -0.929109 -0.369289
7.65251 23.0129 -26.7663 0.0169624 -0.930024 -0.367081
6.49173 23.1458 -27.1447 0.0105238 -0.929883 -0.367695
5.31016 23.2323 -27.3853 0.00625182 -0.92958 -0.368567
4.21074 23.2947 -27.5676 0.0114886 -0.929175 -0.369462
3.19358 23.3276 -27.6772 0.0010528 -0.926858 -0.375409
1.85028 23.3643 -27.7668 0.000135059 -0.928306 -0.371815
0.916185 23.4025 -27.865 0.00122017 -0.927788 -0.373107
-0.0443727 23.4059 -27.8758 0.00104488 -0.926562 -0.376127
-1.34677 23.342 -27.7204 0.00118793 -0.930338 -0.366702
-2.2864 23.3169 -27.6554 -0.00105725 -0.930632 -0.365955
-3.45871 23.2757 -27.5366 -0.0031255 -0.92827 -0.371893
-4.39144 23.216 -27.3796 -0.000400217 -0.928715 -0.370795
-5.55484 23.0978 -27.0658 -0.00853746 -0.930297 -0.366708
-6.66265 22.9505 -26.6673 -0.00641552 -0.932395 -0.361385
-7.57173 22.853 -26.3941 -0.0107748 -0.932769 -0.360315
-8.56837 22.7454 -26.0802 -0.0154837 -0.929343 -0.368877
-9.49322 22.5919 -25.6468 -0.0163553 -0.931487 -0.363392
-10.6175 22.3716 -25.0306 -0.0140419 -0.93265 -0.360509
-11.7129 22.1484 -24.4081 -0.0189104 -0.93267 -0.360214
-12.5083 21.9675 -23.8907 -0.0232243 -0.932482 -0.36047
-13.5375 21.7096 -23.1571 -0.0207891 -0.932872 -0.359599
-14.3874 21.4686 -22.4748 -0.0185801 -0.936391 -0.350467
-15.0884 21.2577 -21.8741 -0.0185305 -0.936387 -0.35048
-15.825 21.0172 -21.1912 -0.0185146 -0.936727 -0.34957
-16.5357 20.764 -20.4774 -0.017482 -0.936455 -0.350351
-17.1584 20.518 -19.7887 -0.0159168 -0.936467 -0.350387
-17.7681 20.2636 -19.0854 -0.014295 -0.937019 -0.348982
-18.2878 19.9945 -18.337 -0.017676 -0.937569 -0.34734
-18.7467 19.7119 -17.5343 -0.0202372 -0.940736 -0.338536
-19.2315 19.4187 -16.6942 -0.0178525 -0.939653 -0.341659
-19.8677 19.0528 -15.6511 -0.0181765 -0.940982 -0.337969
-20.4036 18.7278 -14.7121 -0.0212489 -0.941501 -0.336341
-20.8028 18.392 -13.7585 -0.015104 -0.940626 -0.33908
-21.1936 17.946 -12.4968 -0.0101018 -0.941428 -0.337058
-21.4154 17.6514 -11.6624 -0.00977732 -0.942151 -0.335046
-21.7077 17.2344 -10.4832 -0.0103257 -0.941769 -0.336102
-21.8564 16.9112 -9.58356 -0.00450829 -0.941543 -0.336862
-21.9627 16.5511 -8.57191 -0.00816113 -0.942749 -0.333402
-22.0354 16.2147 -7.61548 -0.00504308 -0.943556 -0.331176
-22.031 15.9126 -6.76691 -0.00296609 -0.941452 -0.337133
-21.9073 15.412 -5.35456 0.00129368 -0.942538 -0.334096
-21.7281 14.9021 -3.92004 0.00376632 -0.942354 -0.334589
-21.4659 14.4056 -2.51295 0.00541964 -0.942321 -0.334666
-21.2056 13.9797 -1.31023 0.00420742 -0.942543 -0.334057
-20.9688 13.5974 -0.231846 0.00404442 -0.941566 -0.336803
-20.6751 13.2803 0.659661 0.00473008 -0.941288 -0.337569
-20.1505 12.9268 1.65929 0.00842801 -0.942122 -0.335164
-19.625 12.6183 2.53621 0.00809886 -0.941187 -0.337786
-19.1879 12.3284 3.35555 0.0106416 -0.941339 -0.337295
-18.6541 11.9612 4.39742 0.0103239 -0.941012 -0.338215
-18.0454 11.6326 5.32837 0.0111342 -0.940713 -0.33902
-17.4798 11.393 6.01416 0.0110766 -0.941 -0.338224
-16.8902 11.1586 6.68607 0.010843 -0.941315 -0.337356
-16.1858 10.8844 7.48585 0.0157482 -0.942674 -0.333344
-15.5832 10.6433 8.19527 0.0166612 -0.941233 -0.337343
-14.7381 10.3919 8.9402 0.0179414 -0.941017 -0.337885
-13.5611 10.1231 9.75275 0.0203207 -0.939762 -0.341221
-12.7283 9.9222 10.3598 0.0214501 -0.939543 -0.341757
-11.8833 9.72506 10.9443 0.0175136 -0.938862 -0.343847
-10.8992 9.55098 11.4767 0.0201587 -0.935933 -0.351601
-10.0373 9.41898 11.8762 0.0199541 -0.935723 -0.352172
-9.00069 9.29726 12.2535 0.0176254 -0.935227 -0.353607
-9.49926 9.06635 12.8375 0.0152548 -0.935602 -0.352715
-10.3893 9.07724 12.7721 0.0159495 -0.936871 -0.349308
-11.2142 9.19881 12.4045 0.0154823 -0.937479 -0.347695
-12.1174 9.16329 12.4638 0.0158183 -0.938058 -0.346109
-13.2253 9.12887 12.5089 0.0130648 -0.938956 -0.34379
-14.1646 9.26015 12.1124 0.0140834 -0.940774 -0.338733
-15.55 9.36704 11.7658 0.012578 -0.940387 -0.339873
-16.4865 9.40689 11.6222 0.0107961 -0.940613 -0.339305
-17.5014 9.52548 11.2647 0.00921725 -0.940844 -0.338713
-18.4193 9.59171 11.0525 0.0119761 -0.941595 -0.336528
-19.3141 9.64442 10.8712 0.00914628 -0.940288 -0.340257
-20.0361 9.87019 10.2279 0.00883509 -0.940908 -0.338541
-20.9815 9.99809 9.86182 0.00791354 -0.937114 -0.348933
-21.88 9.97089 9.92736 -0.00106162 -0.936986 -0.349366
-23.032 9.90031 10.1137 0.00393706 -0.940863 -0.338765
-24.1083 9.94081 9.98801 0.00347088 -0.940515 -0.339732
-25.0971 9.96317 9.91935 0.00258564 -0.940177 -0.340676
-26.0531 9.96468 9.89952 0.00715325 -0.941019 -0.338277
-27.1026 10.0236 9.71585 0.00290887 -0.941224 -0.337764
-28.0993 10.0044 9.766 0.00106506 -0.941506 -0.336993
-29.1562 9.82975 10.2514 0.000609495 -0.94156 -0.336843
-30.1837 9.87595 10.1204 0.0019721 -0.941482 -0.337055
-30.4469 10.2212 9.15337 0.000936152 -0.941705 -0.336438
-30.5429 10.5296 8.29094 0.000568847 -0.941344 -0.337449
-30.6148 10.8772 7.3219 0.00256377 -0.942094 -0.335326
-30.6876 11.33 6.04409 0.00741206 -0.942394 -0.334421
-30.7763 11.7516 4.84962 0.00872369 -0.942517 -0.334042
-30.8553 12.0566 3.99136 0.0111456 -0.942054 -0.335266
-30.9141 12.3724 3.09874 0.0129061 -0.941714 -0.336161
-30.957 12.8112 1.87679 0.0128043 -0.940832 -0.338632
-31.0066 13.1361 0.973136 0.0126049 -0.94068 -0.339062
-31.0468 13.4643 0.0658014 0.0147709 -0.939378 -0.342562
-31.0359 13.7951 -0.842225 0.0157228 -0.939197 -0.343017
-31.1141 14.1843 -1.90683 0.0156138 -0.93783 -0.346738
-31.188 14.5084 -2.78115 0.0144223 -0.937294 -0.348241
-31.2705 14.9601 -3.98733 0.00910674 -0.935225 -0.353937
-31.3426 15.4053 -5.16531 0.004017 -0.934975 -0.354685
-31.2605 15.8829 -6.42261 0.0017078 -0.93427 -0.356563
-31.0902 16.1948 -7.25477 -0.00488594 -0.935594 -0.353043
-30.7063 16.6732 -8.53189 -0.00573145 -0.936137 -0.351589
-30.2228 17.1646 -9.84794 -0.00984189 -0.935464 -0.353285
-29.8474 17.6064 -11.0257 -0.0126674 -0.934435 -0.355908
-29.4814 18.0243 -12.1349 -0.0124793 -0.934251 -0.356397
-29.2032 18.3269 -12.9474 -0.0246872 -0.934591 -0.354867
-28.8861 18.6602 -13.8484 -0.0243084 -0.934806 -0.354327
-28.5814 18.9783 -14.696 -0.0217894 -0.93308 -0.359009
-28.1896 19.4114 -15.8488 -0.023033 -0.933873 -0.356862
-27.9011 19.7724 -16.8158 -0.0295766 -0.933118 -0.358343
-27.4828 20.1857 -17.9151 -0.0300002 -0.931676 -0.362049
-27.1833 20.4828 -18.7145 -0.0330351 -0.933397 -0.35732
-26.9081 20.8028 -19.5812 -0.033203 -0.934736 -0.353789
-26.5419 21.2546 -20.7942 -0.0349576 -0.931754 -0.361404
-26.2403 21.5517 -21.5951 -0.0357378 -0.93358 -0.356583
-25.834 21.9729 -22.7176 -0.0258723 -0.929433 -0.368082
-25.5147 22.2945 -23.5575 -0.0219341 -0.930228 -0.366315
-25.1328 22.637 -24.4421 -0.0245045 -0.92928 -0.368538
-24.6691 22.9951 -25.3848 -0.0274533 -0.93081 -0.364472
-24.1194 23.3997 -26.4501 -0.0235209 -0.929308 -0.368555
-23.6278 23.784 -27.4493 -0.01786 -0.93053 -0.365779
-23.1187 24.1358 -28.3642 -0.0158955 -0.929578 -0.368283
-22.6021 24.5004 -29.3108 -0.0183665 -0.930015 -0.367063
-22.0504 24.8476 -30.2178 -0.0183053 -0.929958 -0.367209
-21.5111 25.2138 -31.1722 -0.0178948 -0.930199 -0.366619
-21.1172 25.564 -32.082 -0.0156956 -0.931307 -0.363894
-20.599 26.0118 -33.2457 -0.0141933 -0.93121 -0.364206
-20.1302 26.3083 -34.0189 -0.0127064 -0.930798 -0.365313
-19.6126 26.6433 -34.8932 -0.0142076 -0.932019 -0.362129
-19.1352 26.9495 -35.7014 -0.0122779 -0.931541 -0.363428
-18.6893 27.2841 -36.5724 -0.0106403 -0.931373 -0.363911
-18.341 27.5857 -37.3548 -0.0106347 -0.93139 -0.363866
-17.8984 27.9092 -38.1976 -0.00975164 -0.931991 -0.362351
-17.2282 28.4114 -39.5067 -0.0084758 -0.93195 -0.362485
-16.6832 28.7806 -40.4734 -0.0066847 -0.932972 -0.359887
-15.9616 29.0197 -41.1108 -0.00779744 -0.933625 -0.358168
-15.0465 29.0384 -41.1698 -0.00220844 -0.933818 -0.357741
-13.9142 29.0456 -41.1957 -0.00209207 -0.933966 -0.357355
-12.8432 29.0112 -41.1109 -0.00145725 -0.934168 -0.356828
-11.6564 28.9746 -41.0187 -0.000330804 -0.934169 -0.356828
-10.5998 28.9366 -40.9228 -0.00110776 -0.933784 -0.357834
-9.6854 28.9003 -40.8198 0.00268311 -0.932993 -0.359882
-8.73855 28.8656 -40.7238 0.00531427 -0.932213 -0.361871
-7.74136 28.8348 -40.6298 0.00468509 -0.931931 -0.362603
-6.76498 28.793 -40.5086 0.00815167 -0.930914 -0.365137
-5.6892 28.744 -40.3553 0.00954317 -0.930129 -0.36711
-4.20968 28.6951 -40.1942 0.0100626 -0.927174 -0.374497
-3.22677 28.649 -40.0592 0.00564008 -0.926222 -0.376935
-2.26239 28.6008 -39.9247 0.00335349 -0.925129 -0.379617
-1.28907 28.5402 -39.7732 0.00275221 -0.924059 -0.382239
-0.0247017 28.5073 -39.6897 -0.000985207 -0.92271 -0.385492
1.02905 28.5471 -39.789 -0.00210428 -0.922719 -0.385468
2.20905 28.634 -40.0139 -0.00451346 -0.924281 -0.381687
3.60398 28.703 -40.2067 -0.00486825 -0.926348 -0.376638
4.93798 28.744 -40.3278 -0.00149191 -0.930152 -0.367171
6.08136 28.7963 -40.4698 -0.00472796 -0.931467 -0.363789
7.03337 28.8251 -40.5517 -0.00368363 -0.932001 -0.362437
8.16683 28.8444 -40.6084 -0.00139079 -0.933111 -0.359586
9.48926 28.8904 -40.7291 -0.000389794 -0.932981 -0.359925
10.5635 28.9399 -40.8567 0.000429242 -0.932763 -0.360489
12.0081 28.9864 -40.965 0.0032235 -0.933338 -0.358983
13.3141 29.036 -41.0724 0.00731732 -0.933883 -0.357504
14.289 28.9947 -40.9442 0.00922663 -0.934312 -0.356336
14.918 28.6793 -40.1046 0.00854477 -0.933614 -0.358177
15.4587 28.2612 -39.0052 0.00852471 -0.933221 -0.359201
15.9212 27.9567 -38.2019 0.008907 -0.933048 -0.359641
16.6148 27.5442 -37.1109 0.010347 -0.932475 -0.36108
17.0968 27.2197 -36.2608 0.0123884 -0.932163 -0.361825
17.714 26.8028 -35.1628 0.012757 -0.932506 -0.36093
18.3818 26.3251 -33.9128 0.0181783 -0.929119 -0.369328
18.9851 25.9336 -32.8865 0.0260599 -0.929863 -0.366983
19.4778 25.6312 -32.0924 0.0281848 -0.927217 -0.373459
19.9925 25.3223 -31.2889 0.0268922 -0.927161 -0.373696
20.5194 25.019 -30.4958 0.02961 -0.92772 -0.3721
21.1443 24.6651 -29.5762 0.0323214 -0.92448 -0.37985
21.6529 24.3615 -28.7878 0.0345436 -0.924662 -0.379217
22.2426 23.9853 -27.8137 0.0367536 -0.925011 -0.378159
22.703 23.6963 -27.0618 0.042993 -0.924633 -0.378373
23.2931 23.3756 -26.2181 0.0367208 -0.92516 -0.377797
23.7738 23.1022 -25.5027 0.0380882 -0.924031 -0.380405
24.3242 22.7291 -24.5322 0.0504409 -0.925638 -0.375034
24.8778 22.4002 -23.6469 0.046296 -0.924089 -0.379328
25.5701 22.0179 -22.6539 0.0351938 -0.924995 -0.37833
26.0396 21.6972 -21.8161 0.0370153 -0.926393 -0.374735
26.442 21.3164 -20.8232 0.0407808 -0.928157 -0.369947
26.8508 20.9038 -19.7397 0.0447982 -0.92886 -0.367713
27.1831 20.5681 -18.8482 0.0438585 -0.930475 -0.363721
27.6186 20.1337 -17.678 0.0439837 -0.932698 -0.357965
28.0011 19.7239 -16.5797 0.0361821 -0.931059 -0.36307
28.2785 19.3438 -15.5743 0.0363921 -0.932863 -0.358388
28.7617 18.8109 -14.1407 0.0357614 -0.932884 -0.358398
29.2153 18.3743 -12.9687 0.0274328 -0.932756 -0.359415
29.6988 17.908 -11.7272 0.0187879 -0.933459 -0.358193
30.1005 17.4476 -10.5059 0.0241696 -0.934202 -0.355895
30.4346 17.068 -9.47659 0.0223217 -0.935524 -0.352558
30.8174 16.6815 -8.42349 0.0168021 -0.935582 -0.35271
31.2725 16.1986 -7.11598 0.0113112 -0.935475 -0.353155
31.5726 15.7487 -5.92503 0.00546327 -0.935797 -0.352497
31.6488 15.38 -4.94742 -0.00486913 -0.936463 -0.350734
31.6396 14.9115 -3.70606 -0.00094628 -0.934564 -0.355793
31.629 14.5946 -2.86183 -0.00921811 -0.938681 -0.344648
31.6517 14.2617 -1.96363 -0.0108182 -0.937044 -0.349038
31.5771 13.8785 -0.941461 -0.0130247 -0.93604 -0.351651
31.3898 13.4474 0.220436 -0.0151597 -0.936862 -0.349371
31.2563 12.966 1.53153 -0.0098255 -0.938955 -0.343877
31.1409 12.514 2.78378 -0.00878086 -0.940549 -0.339544
30.9604 12.0845 3.98024 -0.0076438 -0.940543 -0.339585
30.8228 11.755 4.90366 -0.00845205 -0.94146 -0.33702
30.5752 11.2891 6.20118 -0.00759422 -0.940508 -0.339687
30.3517 10.8857 7.32475 -0.00447241 -0.941335 -0.33744
30.2509 10.4709 8.48798 -0.00494594 -0.941695 -0.336432
30.0117 10.1125 9.49021 -0.0020741 -0.94075 -0.339093
29.1399 9.89238 10.107 -0.00295487 -0.940803 -0.338942
27.7417 9.92677 10.0184 0.00038632 -0.939555 -0.342398
26.3721 9.97743 9.87942 -9.32305e-05 -0.940389 -0.340099
25.3197 9.88346 10.144 -0.00177059 -0.939801 -0.341718
24.1991 9.82888 10.3088 -0.00419361 -0.941366 -0.33736
22.6428 9.83449 10.3124 -0.00415435 -0.941341 -0.337432
21.2655 9.83754 10.3269 -0.00721952 -0.941627 -0.33658
20.3519 9.80269 10.4439 -0.00938239 -0.941216 -0.337676
19.3151 9.55259 11.1735 -0.0116433 -0.941482 -0.336858
18.2984 9.46673 11.4403 -0.00774178 -0.940411 -0.339953
17.0903 9.46278 11.4826 -0.00972212 -0.941508 -0.336851
16.0842 9.33815 11.8624 -0.011289 -0.941659 -0.336378
15.1957 9.22418 12.2101 -0.0131963 -0.940995 -0.338161
14.1566 9.22743 12.2428 -0.0134261 -0.94089 -0.338447
13.228 9.19223 12.3857 -0.0181701 -0.940122 -0.340352
11.9982 9.15533 12.557 -0.0226908 -0.937031 -0.348508
10.9864 9.09407 12.7881 -0.0208639 -0.936245 -0.350714
10.6387 9.22255 12.4658 -0.020865 -0.936244 -0.350714
11.4539 9.40174 11.93 -0.022921 -0.937018 -0.348528
12.2341 9.56364 11.4376 -0.0247128 -0.93801 -0.345725
13.3516 9.79053 10.7414 -0.0211698 -0.939472 -0.341972
14.4148 10.0433 9.98036 -0.0214398 -0.9396 -0.341604
15.2352 10.2446 9.38337 -0.0175828 -0.940014 -0.340681
16.2424 10.5212 8.56676 -0.0185759 -0.940067 -0.340482
17.2236 10.8365 7.64566 -0.0165287 -0.940072 -0.340576
17.9197 11.1312 6.79719 -0.012923 -0.940205 -0.340343
18.5581 11.43 5.94589 -0.0099341 -0.941717 -0.336261
19.1589 11.7282 5.09255 -0.0121177 -0.941961 -0.33549
19.7099 12.0223 4.25244 -0.00916305 -0.941895 -0.335784
20.1717 12.3241 3.38177 -0.00928526 -0.943107 -0.332356
20.6483 12.6256 2.52274 -0.00799554 -0.941816 -0.336033
21.0977 12.9513 1.59629 -0.00882718 -0.942461 -0.334191
21.527 13.2963 0.607256 -0.00680001 -0.942894 -0.333021
21.9033 13.6454 -0.385602 -0.00525172 -0.942588 -0.333915
22.136 13.9435 -1.23082 -0.00530121 -0.942584 -0.333926
22.3701 14.2558 -2.1097 -0.000684563 -0.942284 -0.334813
22.6011 14.6614 -3.25578 -0.00135078 -0.942909 -0.333047
22.7526 15.1223 -4.55348 0.00495558 -0.942098 -0.335301
22.8545 15.4941 -5.59596 0.00534524 -0.942044 -0.335448
22.8975 15.8387 -6.56393 0.00732133 -0.941216 -0.33771
22.9332 16.2071 -7.57911 0.0087903 -0.939954 -0.341188
22.9007 16.5897 -8.63897 0.00801585 -0.940902 -0.338584
22.6791 17.0069 -9.80645 0.00771689 -0.941541 -0.336809
22.5052 17.3262 -10.6965 0.00423847 -0.939971 -0.341229
22.1602 17.7644 -11.9232 0.0123272 -0.942268 -0.334633
21.9775 18.1845 -13.0877 0.0119734 -0.940478 -0.339636
21.5298 18.5796 -14.1974 0.0190378 -0.939826 -0.341101
20.94 18.9548 -15.271 0.0161585 -0.940665 -0.338952
20.2005 19.4327 -16.6251 0.0194791 -0.939934 -0.3408
19.3933 19.8828 -17.913 0.0174605 -0.939873 -0.341077
18.6112 20.2809 -19.0486 0.0179648 -0.937402 -0.347722
17.9083 20.6098 -19.9596 0.0209437 -0.935804 -0.351897
17.0977 20.9366 -20.8806 0.0272624 -0.934728 -0.354318
16.2315 21.2264 -21.7057 0.0243003 -0.933993 -0.356463
15.4677 21.4628 -22.379 0.021983 -0.934904 -0.354219
14.6049 21.1849 -21.6997 0.0221009 -0.934802 -0.354481
13.7459 21.456 -22.4701 0.0229902 -0.934512 -0.355188
12.9597 21.6394 -22.9956 0.019205 -0.935037 -0.354029
11.9111 21.9052 -23.7368 0.0135145 -0.932603 -0.36065
10.7704 22.132 -24.3674 0.013937 -0.931374 -0.363796
9.54127 22.3372 -24.9502 0.0169427 -0.931137 -0.364276
8.6723 22.4652 -25.3111 0.0137204 -0.931208 -0.364229
7.1651 22.6496 -25.8512 0.0121306 -0.932504 -0.360953
6.30084 22.7461 -26.1267 0.00792387 -0.932364 -0.361418
5.16247 22.8365 -26.3743 0.00439121 -0.932524 -0.361081
4.12692 22.886 -26.5387 0.0109795 -0.929817 -0.36786
3.10578 22.9032 -26.6042 0.00475042 -0.930644 -0.365896
2.16625 22.9236 -26.666 0.00136645 -0.92977 -0.368138
1.2462 22.965 -26.774 0.00277896 -0.930701 -0.365717
0.267775 22.9651 -26.7733 -0.000344537 -0.928719 -0.370784
-0.645961 22.9528 -26.7396 -0.00148066 -0.928727 -0.370762
-1.71106 22.9371 -26.6897 -0.0011512 -0.931039 -0.364917
-2.91948 22.9018 -26.6137 0.00269505 -0.927234 -0.3744
-4.09339 22.8277 -26.4161 -0.00949561 -0.930065 -0.367131
-5.00966 22.7367 -26.1547 -0.00782366 -0.932474 -0.361149
-6.00966 22.5763 -25.7169 -0.00826778 -0.932062 -0.362204
-7.08679 22.4937 -25.4853 -0.00817603 -0.931043 -0.36481
-7.94744 22.3718 -25.1447 -0.0159492 -0.932536 -0.360724
-8.96951 22.2289 -24.7299 -0.015896 -0.933253 -0.358861
-9.92268 22.0498 -24.2233 -0.0117989 -0.935185 -0.353963
-10.9571 21.8541 -23.6725 -0.0133976 -0.934511 -0.355683
-12.0088 21.608 -22.9785 -0.0179428 -0.935695 -0.35235
-12.6853 21.3892 -22.36 -0.019251 -0.935259 -0.35344
-13.6883 21.1403 -21.6504 -0.0206717 -0.934886 -0.35434
-14.4709 20.9028 -20.9475 -0.0230705 -0.939179 -0.342651
-15.1797 20.6676 -20.2782 -0.0131107 -0.936447 -0.350563
-15.8312 20.446 -19.6618 -0.0100874 -0.938947 -0.343827
-16.6742 20.1087 -18.7097 -0.0124195 -0.93925 -0.343008
-17.2825 19.8029 -17.862 -0.0144837 -0.937776 -0.346938
-17.735 19.5461 -17.1322 -0.0189184 -0.940752 -0.338567
-18.2549 19.2489 -16.2705 -0.00970087 -0.94263 -0.333699
-18.8125 18.9049 -15.2909 -0.0128621 -0.941454 -0.336874
-19.3593 18.5586 -14.2927 -0.0165631 -0.94176 -0.335878
-19.7484 18.2687 -13.4536 -0.0127361 -0.942139 -0.33498
-20.1138 17.8628 -12.2919 -0.0100231 -0.94288 -0.332972
-20.5147 17.3709 -10.8871 -0.00413142 -0.943328 -0.331814
-20.7522 16.8995 -9.56409 -0.00312696 -0.941313 -0.337519
-20.8922 16.4201 -8.2158 -0.00335873 -0.943139 -0.332379
-20.9227 16.1169 -7.35214 -0.00139091 -0.944858 -0.327441
-20.9226 15.7735 -6.3697 0.00420477 -0.942927 -0.332973
-20.8357 15.4239 -5.37184 0.0107735 -0.942433 -0.334222
-20.6906 14.9627 -4.06964 0.00906594 -0.942402 -0.334355
-20.4159 14.4947 -2.7446 0.00687802 -0.941936 -0.335723
-20.2467 14.1643 -1.81252 0.00927316 -0.942091 -0.335228
-19.9095 13.7503 -0.637734 0.00837254 -0.94236 -0.334496
-19.6465 13.4025 0.341971 0.0102029 -0.940995 -0.338268
-18.9008 12.9763 1.56218 0.0107205 -0.941282 -0.337444
-18.4156 12.6196 2.57315 0.0177706 -0.94047 -0.339404
-17.9954 12.3464 3.34822 0.0176518 -0.940733 -0.338677
-17.4737 12.0297 4.25412 0.0138873 -0.939659 -0.341831
-16.9514 11.7263 5.11042 0.0146372 -0.93955 -0.342098
-16.165 11.4205 5.98678 0.019317 -0.939892 -0.340924
-15.2507 11.0892 6.95698 0.0213362 -0.941443 -0.336481
-14.5439 10.8293 7.73098 0.0177739 -0.941284 -0.337148
-13.8401 10.6204 8.36179 0.0248178 -0.939595 -0.341387
-12.8254 10.379 9.10436 0.0268205 -0.938928 -0.343061
-11.9843 10.1667 9.74711 0.0278353 -0.93839 -0.344456
-10.9837 9.99871 10.2777 0.0231234 -0.936323 -0.350366
-10.0858 9.8264 10.7894 0.0246547 -0.934952 -0.353878
-9.17991 9.70265 11.1767 0.0233158 -0.933614 -0.35752
-8.34913 9.58669 11.5313 0.0197163 -0.933531 -0.357953
-7.47596 9.42927 11.9899 0.0217265 -0.932861 -0.35957
-6.51254 9.34631 12.2627 0.0217181 -0.930892 -0.364649
-5.21349 9.2514 12.5724 0.0164532 -0.930196 -0.366695
-4.27262 9.16359 12.8383 0.0169033 -0.930086 -0.366953
-3.31597 9.06353 13.1163 0.0119379 -0.927666 -0.373214
-4.28258 9.09213 13.0189 0.013472 -0.92911 -0.369532
-5.2554 9.07258 13.0245 0.0160022 -0.930306 -0.366436
-6.10536 8.79074 13.7055 0.0134629 -0.931646 -0.363102
-7.14945 8.75322 13.7593 0.0163332 -0.933107 -0.359229
-8.28632 8.77056 13.6711 0.0141469 -0.934575 -0.355484
-9.15786 8.65353 13.9499 0.0118173 -0.935307 -0.353639
-10.309 8.60716 14.0377 0.0114871 -0.937196 -0.348601
-11.1163 8.74393 13.638 0.0140415 -0.93812 -0.346022
-12.0427 8.7741 13.5172 0.0140287 -0.937667 -0.347253
-13.2027 8.68381 13.7434 0.0094754 -0.940462 -0.339766
-14.3835 8.73947 13.5445 0.0187108 -0.940505 -0.339265
-15.0802 8.92762 12.993 0.0122687 -0.939398 -0.342609
-16.4301 8.96131 12.855 0.0090566 -0.938963 -0.3439
-17.5441 9.10078 12.4424 0.0101233 -0.939028 -0.34369
-18.6485 9.20173 12.1324 0.0115209 -0.941134 -0.337828
-19.6965 9.23127 12.0016 0.00916303 -0.939996 -0.34098
-20.5469 9.37556 11.5548 0.0192185 -0.945322 -0.325572
-21.0733 9.63618 10.8155 0.00411423 -0.93227 -0.36174
-22.0807 9.52791 11.1267 -0.0158382 -0.93532 -0.353411
-23.1136 9.49929 11.214 4.67647e-05 -0.938812 -0.344431
-24.0476 9.56117 11.0416 0.00184899 -0.938366 -0.345637
-24.99 9.57727 10.9816 0.00180982 -0.9389 -0.344185
-25.9439 9.52033 11.1409 0.00378714 -0.943338 -0.331264
-26.8602 9.63454 10.7881 0.00475419 -0.938792 -0.344397
-28.021 9.62453 10.8167 0.000369451 -0.939216 -0.343325
-28.6341 9.3589 11.5746 0.000988148 -0.945053 -0.326915
-29.9279 9.27769 11.7895 0.00437742 -0.940666 -0.339244
-30.7629 9.38901 11.4748 0.00284427 -0.942184 -0.335085
-31.4678 9.65385 10.7273 0.00298267 -0.941109 -0.338088
-31.4951 10.0198 9.71058 0.000121256 -0.940545 -0.339658
-31.5771 10.3642 8.75008 0.00246487 -0.94148 -0.33706
-31.6497 10.798 7.53321 0.00459609 -0.942731 -0.333521
-31.6786 11.1052 6.6625 0.00604642 -0.94385 -0.330302
-31.7967 11.6356 5.14756 0.0107257 -0.942747 -0.333335
-31.9469 12.0905 3.85666 0.0100693 -0.9429 -0.332924
-32.0123 12.4206 2.92175 0.015533 -0.941013 -0.338013
-32.0063 12.787 1.90682 0.0102818 -0.940841 -0.338661
-32.1629 13.1213 0.966826 0.0146235 -0.940864 -0.338468
-32.1671 13.4701 0.00168532 0.0139781 -0.940028 -0.34081
-32.1519 13.7965 -0.899417 0.0194187 -0.939256 -0.342667
-32.2747 14.13 -1.82149 0.0190353 -0.938055 -0.345941
-32.2632 14.6624 -3.23713 0.0154366 -0.934981 -0.354361
-32.3846 15.1396 -4.4849 0.00842819 -0.933043 -0.359639
-32.4291 15.4675 -5.346 0.00515742 -0.933665 -0.358101
-32.3372 15.9796 -6.67974 0.00082104 -0.934233 -0.356663
-32.0454 16.4377 -7.88386 -0.00621285 -0.935541 -0.353163
-31.7737 16.7995 -8.85039 -0.00583789 -0.936101 -0.351684
-31.5126 17.1214 -9.70743 -0.00473777 -0.934268 -0.356541
-31.184 17.4423 -10.5526 -0.00584188 -0.933843 -0.357631
-30.8168 17.8245 -11.5628 -0.0140111 -0.933775 -0.357587
-30.5232 18.185 -12.5171 -0.0135308 -0.933936 -0.357183
-30.1993 18.5641 -13.5253 -0.0149887 -0.935142 -0.353957
-29.8148 18.9225 -14.4795 -0.0188197 -0.932988 -0.359414
-29.4083 19.3776 -15.6838 -0.0171161 -0.934009 -0.356826
-29.1773 19.6854 -16.5003 -0.0239381 -0.933517 -0.357733
-28.8632 20.0683 -17.5153 -0.0220499 -0.931768 -0.362384
-28.3505 20.4769 -18.5976 -0.0215339 -0.933449 -0.358049
-28.0435 20.8646 -19.6465 -0.0266413 -0.93533 -0.352773
-27.7885 21.1731 -20.473 -0.0276498 -0.932921 -0.359019
-27.3716 21.6127 -21.6751 -0.016824 -0.938415 -0.345046
-27.0578 21.9134 -22.4933 -0.0124747 -0.936862 -0.349477
-26.7396 22.2932 -23.4906 -0.00659126 -0.931959 -0.362503
-26.3695 22.63 -24.3576 -0.0205079 -0.929944 -0.367125
-26.0494 22.9596 -25.2089 -0.0191761 -0.929917 -0.36727
-25.5907 23.2679 -26.021 -0.0211876 -0.931065 -0.364237
-25.0957 23.6303 -26.9736 -0.0225159 -0.930421 -0.365799
-24.7643 23.9551 -27.8196 -0.0219847 -0.930396 -0.365895
-24.1245 24.3201 -28.7933 -0.017713 -0.931498 -0.363285
-23.7262 24.6206 -29.5721 -0.0122225 -0.930073 -0.367171
-23.1961 24.9516 -30.427 -0.0146345 -0.930136 -0.366915
-22.6651 25.2984 -31.3332 -0.0168685 -0.930497 -0.365911
-22.3365 25.6487 -32.2421 -0.0170306 -0.931577 -0.363146
-21.8647 26.0027 -33.1767 -0.0107809 -0.93183 -0.362735
-21.4061 26.3011 -33.9568 -0.0114383 -0.931512 -0.363528
-20.9625 26.6163 -34.7725 -0.0134753 -0.930093 -0.367076
-20.5499 26.9099 -35.5365 -0.0191613 -0.932267 -0.361264
-20.0308 27.2101 -36.344 -0.00946875 -0.932526 -0.36098
-19.5744 27.5442 -37.2146 -0.00939047 -0.931518 -0.363573
-19.1097 27.9393 -38.2421 -0.0100197 -0.931994 -0.362335
-18.6014 28.3107 -39.2124 -0.0112092 -0.932266 -0.361593
-18.2422 28.6793 -40.1712 -0.00969838 -0.932504 -0.361029
-17.4746 29.107 -41.3029 -0.0101705 -0.933633 -0.358087
-16.985 29.3696 -42.0033 -0.0102551 -0.93456 -0.355652
-15.7896 29.443 -42.2246 -0.0079253 -0.935129 -0.354219
-14.8547 29.4431 -42.232 -0.00179652 -0.935096 -0.354389
-13.7302 29.4581 -42.2821 -0.00420472 -0.935143 -0.354246
-12.8308 29.4246 -42.1991 -0.00136925 -0.935033 -0.354559
-11.4843 29.373 -42.0687 -0.00132466 -0.936558 -0.350509
-10.318 29.3232 -41.9296 0.00462564 -0.935326 -0.353743
-9.25249 29.2701 -41.7815 0.00476294 -0.934283 -0.356495
-7.69635 29.2196 -41.6262 0.00469474 -0.933428 -0.358733
-6.8021 29.189 -41.5271 0.0101427 -0.933277 -0.359006
-5.77172 29.1722 -41.4485 0.0159386 -0.932919 -0.359705
-4.587 29.1502 -41.3408 0.0143941 -0.928636 -0.370712
-3.68828 29.0922 -41.1681 0.0155016 -0.927298 -0.373965
-2.32882 29.0178 -40.9384 0.00748601 -0.923785 -0.382839
-1.36896 28.9547 -40.7588 0.00899474 -0.922179 -0.386642
-0.256389 28.9371 -40.7092 -0.00313378 -0.92134 -0.388745
0.799958 28.9405 -40.7255 -0.00795583 -0.920353 -0.391009
1.99709 29.0305 -40.975 -0.0125205 -0.924157 -0.381796
2.91346 29.1002 -41.1682 -0.0129769 -0.925595 -0.378272
4.19069 29.1381 -41.2992 -0.0101316 -0.928481 -0.371237
5.13674 29.1774 -41.4221 -0.0134978 -0.930468 -0.366084
6.14457 29.1974 -41.5016 -0.0063203 -0.934483 -0.355951
7.13758 29.2163 -41.5681 -0.00428547 -0.93533 -0.353752
8.27986 29.2407 -41.6399 0.000116946 -0.934312 -0.356455
9.19045 29.2674 -41.7103 0.000167537 -0.934168 -0.356833
10.4626 29.3218 -41.8506 0.000648055 -0.934121 -0.356957
11.4698 29.3648 -41.9643 0.00325923 -0.935519 -0.353262
12.6182 29.4 -42.0467 0.00564659 -0.935487 -0.35331
13.7 29.4558 -42.171 0.00602941 -0.936355 -0.35099
14.6236 29.4624 -42.1699 0.00746739 -0.936274 -0.351192
15.3188 29.2553 -41.5962 0.0161273 -0.935269 -0.353528
15.9248 28.834 -40.4862 0.00731559 -0.932767 -0.360399
16.4797 28.4036 -39.348 0.010155 -0.933899 -0.357387
16.9546 28.0882 -38.5145 0.0109496 -0.933446 -0.358551
17.6504 27.7039 -37.4954 0.0101707 -0.932917 -0.359947
18.1425 27.3544 -36.5709 0.013132 -0.932202 -0.361699
18.6603 27.0149 -35.6771 0.0140339 -0.932192 -0.36169
19.2982 26.5669 -34.4877 0.0187623 -0.93233 -0.361121
19.9988 26.121 -33.3002 0.0214019 -0.9307 -0.365156
20.4676 25.837 -32.5282 0.0304033 -0.932628 -0.359556
20.9445 25.5503 -31.7829 0.0243711 -0.92604 -0.376613
21.6559 25.1262 -30.6853 0.0223364 -0.929579 -0.367945
22.1481 24.841 -29.9271 0.026972 -0.928376 -0.370632
22.6189 24.5542 -29.184 0.0287127 -0.926982 -0.374001
23.1292 24.2661 -28.4272 0.030995 -0.925839 -0.376644
23.6787 23.9775 -27.6687 0.034244 -0.927479 -0.372305
24.2136 23.638 -26.7756 0.0261612 -0.927529 -0.372835
25.0027 23.1577 -25.5354 0.0280337 -0.925811 -0.376945
25.7575 22.7684 -24.4885 0.0298033 -0.929023 -0.36881
26.2871 22.4177 -23.5705 0.0319122 -0.928188 -0.370718
26.7837 22.125 -22.8065 0.0268261 -0.927113 -0.373821
27.3656 21.595 -21.4386 0.0305854 -0.928889 -0.369092
27.7589 21.2723 -20.5898 0.0340962 -0.931855 -0.361226
28.1352 20.847 -19.461 0.0295172 -0.931362 -0.362895
28.4309 20.548 -18.665 0.0336429 -0.932143 -0.360525
28.7177 20.2138 -17.7721 0.0340929 -0.932549 -0.359431
29.0173 19.8637 -16.843 0.0311871 -0.93105 -0.363557
29.4492 19.363 -15.5205 0.0321114 -0.931432 -0.362496
29.8482 19.0153 -14.5841 0.0243209 -0.930919 -0.364414
30.1614 18.6548 -13.6423 0.0230213 -0.932146 -0.361332
30.5975 18.22 -12.4925 0.0181415 -0.932636 -0.360362
30.9805 17.8293 -11.4569 0.0162514 -0.934356 -0.355966
31.2884 17.5102 -10.604 0.018762 -0.93405 -0.35665
31.4781 17.2048 -9.78193 0.0185609 -0.936253 -0.350837
31.9705 16.6911 -8.39255 0.0176145 -0.935457 -0.353002
32.2739 16.3407 -7.47328 0.00520078 -0.934455 -0.356042
32.6361 15.9103 -6.35023 -0.00346745 -0.932952 -0.359974
32.7868 15.5317 -5.36316 -0.00670837 -0.93306 -0.359639
32.8074 15.1992 -4.49252 -0.00919836 -0.93477 -0.355135
32.7232 14.7613 -3.33604 -0.0101799 -0.934483 -0.355859
32.8653 14.3427 -2.23217 -0.01554 -0.937037 -0.34888
32.7553 13.9983 -1.30725 -0.0206806 -0.935267 -0.353295
32.6478 13.639 -0.34955 -0.0208224 -0.935327 -0.353172
32.4831 13.3296 0.48653 -0.0216147 -0.938368 -0.34496
32.3091 12.8535 1.79762 -0.0199811 -0.939623 -0.341627
32.1141 12.2812 3.39614 -0.0153293 -0.940881 -0.338368
31.9974 11.8935 4.47679 -0.0127656 -0.941961 -0.335479
31.7715 11.5694 5.39651 -0.011092 -0.941666 -0.336359
31.7003 11.2589 6.25956 -0.00761214 -0.940501 -0.339706
31.5076 10.9537 7.11264 -0.00834803 -0.941183 -0.337794
31.3837 10.5983 8.11556 -0.00413459 -0.941667 -0.336522
31.2617 10.1717 9.30591 -0.0072209 -0.94097 -0.338413
31.0044 9.81579 10.2977 -0.00611223 -0.940325 -0.340222
30.1622 9.62034 10.8452 -0.00521976 -0.938023 -0.346534
29.1332 9.43916 11.3708 -0.0103022 -0.942794 -0.333217
28.1229 9.41456 11.4439 0.00184042 -0.943263 -0.332041
27.3422 9.55028 11.0443 0.0148892 -0.937926 -0.346393
26.3648 9.5667 10.9938 -0.00801862 -0.938013 -0.346507
25.3859 9.49433 11.2195 -0.00660888 -0.942637 -0.333753
24.4095 9.44443 11.3795 -0.012957 -0.945455 -0.325309
23.4038 9.46451 11.3327 -0.00389878 -0.940034 -0.341059
22.3587 9.43559 11.4269 -0.00629289 -0.941202 -0.337785
21.4106 9.44996 11.402 -0.00571414 -0.940814 -0.338874
20.4415 9.38765 11.597 -0.00917043 -0.940717 -0.339064
19.921 9.09474 12.4276 -0.0116617 -0.942104 -0.335095
18.9396 9.03101 12.6331 -0.0072983 -0.941273 -0.337559
17.8006 9.07419 12.543 -0.00971966 -0.940991 -0.338292
16.5715 8.94715 12.93 -0.0130054 -0.940131 -0.340565
15.6608 8.79176 13.3959 -0.0127804 -0.940886 -0.338481
14.7057 8.88881 13.1584 -0.0106551 -0.938888 -0.344023
13.6586 8.8652 13.266 -0.0157449 -0.938628 -0.344562
12.7685 8.767 13.5775 -0.015393 -0.939774 -0.34145
11.5654 8.76868 13.6326 -0.0186262 -0.938174 -0.345663
10.6731 8.74115 13.746 -0.0177181 -0.936833 -0.349327
9.65383 8.62362 14.0998 -0.0145275 -0.935211 -0.353774
8.74072 8.70263 13.9306 -0.0132493 -0.933356 -0.358679
7.70724 8.83137 13.6482 -0.0180032 -0.932317 -0.361195
6.62972 8.93214 13.4303 -0.0109633 -0.931296 -0.364099
5.34055 8.87755 13.6005 -0.00751912 -0.929159 -0.369604
4.36921 8.86825 13.6447 -0.0071376 -0.928857 -0.370367
4.29469 9.03688 13.2245 -0.00871895 -0.927959 -0.372581
5.2227 9.11636 13.0056 -0.00848553 -0.92803 -0.372408
6.12381 9.10474 13.011 -0.0108843 -0.927726 -0.373103
7.22307 9.22032 12.6778 -0.0199348 -0.930201 -0.366508
8.4043 9.38843 12.1747 -0.0251491 -0.931733 -0.36227
9.5518 9.54927 11.6681 -0.0278328 -0.934387 -0.355129
10.5103 9.73495 11.1114 -0.0275319 -0.93642 -0.349781
11.7878 9.91193 10.5248 -0.0270699 -0.937716 -0.346339
12.5792 10.079 10.0038 -0.0245778 -0.940533 -0.338812
13.4767 10.2754 9.40557 -0.02355 -0.93816 -0.345399
14.5443 10.5192 8.66929 -0.0224887 -0.938405 -0.344801
15.6238 10.8341 7.73594 -0.0211913 -0.940208 -0.339929
16.4688 11.1167 6.90499 -0.0179356 -0.941011 -0.337891
17.4775 11.5603 5.6285 -0.0153694 -0.940579 -0.339228
18.1692 11.9046 4.64126 -0.0150728 -0.942027 -0.335197
18.7837 12.1755 3.85328 -0.0159523 -0.941648 -0.33622
19.2153 12.5017 2.91967 -0.0142012 -0.941701 -0.33615
19.7084 12.7678 2.15855 -0.0129019 -0.941026 -0.338087
20.3185 13.2767 0.701107 -0.0161007 -0.942852 -0.332824
20.7011 13.6154 -0.280885 -0.0081411 -0.94337 -0.33163
20.9207 13.9621 -1.26857 -0.0044462 -0.942914 -0.333004
21.2728 14.3184 -2.27831 -0.00377548 -0.942573 -0.333978
21.479 14.6646 -3.26021 -0.00333083 -0.943188 -0.332236
21.5197 15.0511 -4.35492 -0.000945271 -0.942631 -0.333833
21.834 15.5432 -5.74565 0.00167219 -0.94256 -0.334027
21.8304 16.088 -7.26574 0.00173894 -0.940339 -0.340232
21.7968 16.4741 -8.33157 0.00288992 -0.940639 -0.339396
21.5668 16.8073 -9.2654 0.00555133 -0.942744 -0.33347
21.4659 17.1759 -10.2858 -0.00401207 -0.940264 -0.340423
21.1716 17.5626 -11.3783 0.00404238 -0.942782 -0.333385
20.9515 17.8846 -12.2923 0.00733028 -0.94055 -0.339577
20.7134 18.1818 -13.1259 0.011458 -0.941249 -0.337519
20.312 18.5387 -14.1471 0.0162824 -0.941625 -0.336254
19.9013 18.8202 -14.9479 0.0178922 -0.940812 -0.338451
19.2889 19.2098 -16.0623 0.0193423 -0.939963 -0.340728
18.83 19.4886 -16.8539 0.0174743 -0.940016 -0.340683
18.1023 19.8696 -17.9447 0.0187803 -0.939823 -0.341143
17.5895 20.1182 -18.6555 0.0221037 -0.940133 -0.340068
16.7138 20.3958 -19.4714 0.0253999 -0.935748 -0.35175
16.1317 20.6701 -20.2477 0.0260366 -0.936121 -0.350713
15.4495 20.9073 -20.918 0.0210197 -0.934401 -0.355603
14.7457 21.1287 -21.5426 0.0221002 -0.934802 -0.35448
0.631234 9.01496 13.3359 0.000348303 -0.926863 -0.37536
-0.0934371 8.85076 13.7289 0.00687778 -0.92901 -0.369926
0.879279 8.73193 14.046 -0.00278292 -0.933311 -0.358992
1.07651 8.81646 13.8188 -0.00615683 -0.93082 -0.365232
17.9427 10.0929 9.6928 -0.00893788 -0.94175 -0.336196
17.9481 10.309 9.08804 -0.010032 -0.9419 -0.335744
19.0264 10.3794 8.8593 -0.00935432 -0.942177 -0.334984
19.0318 10.6374 8.13734 -0.00795866 -0.941476 -0.336987
20.108 10.4167 8.73022 -0.00728026 -0.94173 -0.33629
20.1129 10.8658 7.4773 -0.00699828 -0.94093 -0.33853
20.1171 11.128 6.7485 -0.00706899 -0.941449 -0.337082
21.1877 10.4607 8.58638 -0.00448128 -0.941051 -0.338234
21.1898 10.8374 7.53624 -0.00455328 -0.941378 -0.337323
21.1943 11.2859 6.28305 -0.00584702 -0.941706 -0.336387
21.2 11.7482 4.98688 -0.00568593 -0.941989 -0.335595
21.2008 11.8053 4.82654 -0.00629776 -0.942248 -0.334856
22.2804 12.3759 3.18705 -0.00131287 -0.943744 -0.330674
22.2751 11.856 4.6631 -0.00203693 -0.942614 -0.333879
22.2717 11.5393 5.55639 -0.00281081 -0.942113 -0.335285
22.2683 11.1617 6.6179 -0.00343999 -0.942169 -0.33512
22.2658 10.8023 7.62164 -0.0031301 -0.941102 -0.338109
22.2648 10.5178 8.41327 -0.00428285 -0.941148 -0.337967
23.3393 10.5155 8.40536 -0.00443131 -0.941038 -0.338272
23.3414 11.0032 7.05351 -0.00251995 -0.941287 -0.337598
23.3443 11.4019 5.93357 -0.00281077 -0.942113 -0.335285
23.3479 11.8039 4.80342 -0.0024486 -0.942385 -0.33452
23.351 12.1219 3.90373 -0.00260904 -0.942913 -0.33303
23.3551 12.5731 2.62456 0.0002519 -0.942894 -0.333093
23.3585 12.9414 1.58515 -0.00292839 -0.942178 -0.335101
23.3612 13.2235 0.78789 0.000347333 -0.942399 -0.334491
24.4393 15.2964 -5.01105 0.00701447 -0.941386 -0.337258
24.4401 14.8619 -3.79986 0.0133332 -0.941275 -0.337378
24.4387 14.3327 -2.31962 0.00211234 -0.942041 -0.335492
24.4365 13.8424 -0.942236 0.00614569 -0.942381 -0.334484
24.4339 13.3876 0.341393 0.00430639 -0.942423 -0.334397
24.43 12.9159 1.6647 0.00396963 -0.941874 -0.335943
24.4268 12.465 2.935 0.000697689 -0.942212 -0.335016
24.4237 12.1079 3.93274 -0.0018146 -0.942209 -0.335021
24.42 11.7009 5.08357 -0.0036688 -0.94272 -0.333565
24.417 11.3377 6.10566 -0.00256324 -0.942038 -0.335496
24.4147 11.0302 6.96906 -0.0029669 -0.941992 -0.335624
24.413 10.7234 7.82147 -0.00157139 -0.940609 -0.339488
24.4124 10.4784 8.50024 -0.00158668 -0.940678 -0.339297
25.485 10.6479 8.02263 -0.00187984 -0.941184 -0.33789
25.4868 10.9755 7.11171 -0.00340428 -0.941468 -0.337086
25.4897 11.3441 6.07904 -0.00183193 -0.941631 -0.336641
25.4924 11.6653 5.18091 -0.00181391 -0.941572 -0.336808
25.4946 11.9711 4.3214 0.00289623 -0.941859 -0.335997
25.4976 12.3646 3.21997 0.00248825 -0.941593 -0.336743
25.5007 12.7691 2.0876 0.002736 -0.941859 -0.335996
25.5036 13.2 0.882046 0.00479638 -0.941804 -0.336127
25.5071 13.6255 -0.310942 0.00655083 -0.94244 -0.334311
25.5094 14.0861 -1.60081 0.0124228 -0.941446 -0.336935
25.5109 14.6197 -3.08574 0.0124015 -0.940633 -0.3392
25.511 15.0307 -4.2302 0.0140533 -0.941561 -0.336549
25.5105 15.3818 -5.21103 0.014697 -0.94138 -0.337029
25.5088 15.7378 -6.20261 0.0166878 -0.940258 -0.340054
25.5062 16.1009 -7.1923 0.0171326 -0.938422 -0.345066
25.5034 16.4302 -8.09241 0.0178432 -0.939469 -0.342168
25.4994 16.753 -8.97095 0.0225537 -0.938348 -0.344954
25.4951 17.1116 -9.94664 0.0222012 -0.937993 -0.345941
25.4886 17.5803 -11.2211 0.028163 -0.938013 -0.345455
25.481 18.0426 -12.4692 0.0321709 -0.935146 -0.352798
25.4711 18.5179 -13.7214 0.0373422 -0.934576 -0.353798
25.4628 18.8763 -14.6654 0.040202 -0.934949 -0.352498
25.4538 19.2 -15.5206 0.0459721 -0.933056 -0.356782
25.4356 19.7517 -16.9631 0.0453643 -0.932613 -0.358017
25.4189 20.2215 -18.1796 0.0492014 -0.930221 -0.363687
25.4139 20.3712 -18.5638 0.0528474 -0.930311 -0.362946
24.3126 21.3248 -21.1032 0.0489541 -0.924427 -0.378204
24.3342 20.7393 -19.6494 0.0504722 -0.927915 -0.369359
24.3504 20.2661 -18.4493 0.0505943 -0.931456 -0.360318
24.3657 19.7866 -17.1971 0.0482015 -0.932512 -0.357907
24.3784 19.4041 -16.1946 0.0466776 -0.933335 -0.355959
24.3894 19.0288 -15.2039 0.0381097 -0.936338 -0.349025
24.3991 18.6314 -14.1335 0.0339338 -0.936565 -0.348846
24.4083 18.2021 -12.9887 0.0312097 -0.935446 -0.352089
24.4143 17.8582 -12.0605 0.0289561 -0.937632 -0.346421
24.4193 17.5247 -11.1564 0.0242073 -0.939349 -0.342109
24.424 17.1517 -10.1252 0.0204114 -0.940154 -0.340139
24.4275 16.8766 -9.37398 0.0209247 -0.938303 -0.345181
28.7082 16.9718 -9.33786 0.0255698 -0.937886 -0.346
28.7124 16.607 -8.34872 0.0232628 -0.937357 -0.347592
28.7189 16.1362 -7.07351 0.0241675 -0.93781 -0.346306
28.7229 15.7725 -6.08664 0.0241778 -0.938082 -0.345568
28.7253 15.4262 -5.14398 0.0200034 -0.939123 -0.342999
28.7245 14.8739 -3.64764 0.0120956 -0.938897 -0.343985
28.7237 14.4089 -2.36671 0.0125568 -0.939124 -0.34335
28.7225 13.958 -1.14876 0.00800385 -0.938259 -0.345841
28.7207 13.6379 -0.27353 0.00711611 -0.93921 -0.343269
28.7173 13.216 0.888127 0.00295143 -0.940426 -0.339987
28.7118 12.6584 2.42351 0.00212356 -0.94005 -0.34103
28.709 12.3196 3.36103 -0.002029 -0.940396 -0.340074
28.7054 11.8371 4.69914 -0.00179274 -0.941159 -0.33796
28.7032 11.4859 5.67658 -0.00210526 -0.940774 -0.339028
28.7011 11.1603 6.58004 -0.00174764 -0.940664 -0.339336
28.7001 11.0088 6.99941 -0.00135644 -0.941242 -0.337731
27.6272 10.5757 8.21844 -0.00127662 -0.941915 -0.335848
27.6297 11.0042 7.01654 -0.00135662 -0.941242 -0.337731
27.6329 11.4766 5.70711 0.000888758 -0.940985 -0.338446
27.6361 11.9397 4.41568 3.95348e-05 -0.94135 -0.33743
27.6386 12.2544 3.53965 0.000555528 -0.940918 -0.338634
27.6417 12.6306 2.49654 0.00114978 -0.940667 -0.339329
27.6439 12.9399 1.64147 0.00164807 -0.940174 -0.34069
27.6473 13.3439 0.520627 0.00676697 -0.941169 -0.337869
27.6503 13.683 -0.422438 0.00836064 -0.940002 -0.341066
27.652 14.0344 -1.38424 0.00993822 -0.938789 -0.344349
27.6529 14.3558 -2.2605 0.0130566 -0.939428 -0.342496
27.6532 14.728 -3.28777 0.0142863 -0.940157 -0.340443
27.6535 15.1044 -4.32761 0.0167412 -0.939341 -0.342575
27.6534 15.4305 -5.22108 0.0208384 -0.939777 -0.341152
27.6521 15.7658 -6.14425 0.0260854 -0.939078 -0.342714
27.6474 16.144 -7.18042 0.024532 -0.938322 -0.344891
27.6426 16.5033 -8.14881 0.0261841 -0.937345 -0.347417
27.6389 16.8711 -9.14489 0.0252872 -0.93764 -0.346687
27.6349 17.1913 -10.0075 0.0291529 -0.935952 -0.350918
27.6297 17.5101 -10.8579 0.0299184 -0.934881 -0.353697
27.6217 17.9395 -11.9932 0.0359249 -0.933621 -0.356456
27.6203 18.001 -12.1522 0.0369395 -0.931964 -0.360664
26.5209 19.2871 -15.6127 0.043715 -0.932625 -0.35819
26.53 18.9343 -14.6974 0.0421168 -0.932114 -0.359709
26.5382 18.5966 -13.8112 0.03974 -0.933099 -0.357416
26.5457 18.2597 -12.935 0.038493 -0.932506 -0.359096
26.5529 17.906 -12.0057 0.0297583 -0.93666 -0.348974
26.5586 17.5569 -11.0709 0.0284859 -0.936358 -0.349888
26.5644 17.2311 -10.2019 0.0272159 -0.937223 -0.347667
26.5691 16.8229 -9.08943 0.0248933 -0.937997 -0.345748
26.5738 16.4118 -7.97465 0.0227221 -0.938117 -0.345572
26.5777 16.0381 -6.96593 0.0200624 -0.937979 -0.346111
26.5804 15.7086 -6.06135 0.023635 -0.939887 -0.340668
26.5824 15.3017 -4.93396 0.0193387 -0.941709 -0.335871
26.5823 14.8523 -3.68148 0.0171563 -0.940319 -0.339861
26.582 14.4984 -2.70391 0.0167614 -0.939961 -0.34087
26.5814 14.1436 -1.72581 0.0161767 -0.940055 -0.34064
26.5792 13.7403 -0.603507 0.0104312 -0.941033 -0.338153
26.5755 13.2776 0.684361 0.00649023 -0.941272 -0.337588
26.5727 12.8928 1.75552 0.00473727 -0.941215 -0.337775
26.5707 12.5719 2.64828 0.00348764 -0.941189 -0.337861
26.5679 12.2495 3.54943 0.0022787 -0.941335 -0.337465
26.5652 11.8925 4.54648 0.000859426 -0.941425 -0.337222
26.5622 11.4507 5.77628 0.000888758 -0.940985 -0.338446
26.5587 10.9973 7.04242 -0.00228711 -0.941568 -0.336815
26.5564 10.6166 8.10886 -0.00128303 -0.941594 -0.336749
29.7917 13.7648 -0.606369 -0.00276118 -0.938586 -0.345034
29.7938 14.1087 -1.53008 0.00646106 -0.937643 -0.34754
29.7948 14.4389 -2.42208 0.00605176 -0.938503 -0.345218
29.796 14.7546 -3.2803 0.00917881 -0.939232 -0.34316
29.7966 15.0658 -4.12971 0.012738 -0.937593 -0.347502
29.7963 15.3925 -5.00942 0.0135905 -0.937346 -0.348135
29.7934 15.8754 -6.3062 0.0162912 -0.937659 -0.347175
29.7934 15.8825 -6.32536 0.0192651 -0.938154 -0.34568
23.3265 18.7617 -14.5877 0.0339323 -0.936565 -0.348847
23.3157 19.1769 -15.7018 0.032467 -0.936276 -0.349763
23.3028 19.61 -16.8523 0.0372512 -0.934468 -0.354094
23.288 20.0856 -18.1032 0.041211 -0.934022 -0.354831
23.2742 20.5168 -19.2313 0.0455768 -0.929474 -0.366063
23.2612 20.8851 -20.1609 0.0491766 -0.926864 -0.372162
23.2459 21.2992 -21.1856 0.0499805 -0.92506 -0.376517
23.2306 21.6766 -22.1081 0.0511848 -0.923902 -0.37919
23.2186 21.9589 -22.7975 0.0545248 -0.922953 -0.381031
22.1235 22.6042 -24.5065 0.052236 -0.921188 -0.385597
22.1443 22.1038 -23.3068 0.0559469 -0.92203 -0.383055
22.1653 21.6094 -22.1054 0.0553382 -0.925361 -0.375026
22.1789 21.2547 -21.2207 0.0523173 -0.926226 -0.37332
22.1964 20.7745 -20.0201 0.0456773 -0.929153 -0.366863
22.2088 20.425 -19.131 0.0397483 -0.931923 -0.360471
22.2235 19.9179 -17.7764 0.0353593 -0.936064 -0.350048
22.2339 19.5891 -16.9141 0.0367405 -0.935672 -0.350952
22.239 19.4112 -16.4338 0.0342044 -0.937046 -0.347527
21.1482 20.0976 -18.3616 0.0307517 -0.936605 -0.349035
21.1363 20.4849 -19.3905 0.0337468 -0.934289 -0.354916
21.1225 20.8948 -20.4492 0.035715 -0.928465 -0.369698
21.1105 21.2512 -21.3537 0.0415342 -0.928896 -0.368004
21.0916 21.7421 -22.5704 0.0433456 -0.92529 -0.376775
21.0776 22.1144 -23.4851 0.0491628 -0.923523 -0.380378
21.0628 22.467 -24.3311 0.0558083 -0.920714 -0.386227
21.0459 22.8574 -25.2657 0.0564711 -0.920898 -0.385692
21.022 23.4034 -26.5611 0.0497498 -0.918561 -0.392136
19.9256 24.1163 -28.384 0.0420758 -0.919524 -0.390774
19.9412 23.7253 -27.4552 0.0503036 -0.919183 -0.390605
19.9627 23.2217 -26.2781 0.062283 -0.916387 -0.395417
19.9821 22.7875 -25.2499 0.0546641 -0.922291 -0.382611
19.9969 22.424 -24.3781 0.0527581 -0.921393 -0.385034
20.0164 21.9382 -23.1858 0.0539414 -0.926158 -0.373257
20.0301 21.5565 -22.23 0.0360519 -0.926541 -0.374462
20.0433 21.1723 -21.2607 0.0359705 -0.931005 -0.36323
20.0555 20.7985 -20.3068 0.0255601 -0.928822 -0.369644
20.0619 20.592 -19.7836 0.0331828 -0.935725 -0.351166
18.9687 21.2993 -21.6925 0.0339197 -0.931987 -0.3609
18.956 21.6563 -22.6047 0.0315136 -0.930305 -0.365431
18.9429 22.0647 -23.6482 0.0417009 -0.927446 -0.371626
18.9271 22.4589 -24.605 0.0514216 -0.923482 -0.38018
18.9125 22.8069 -25.4541 0.0521895 -0.923692 -0.379565
18.8986 23.1552 -26.2896 0.0515985 -0.91725 -0.394956
18.8832 23.5174 -27.1268 0.0598824 -0.91667 -0.395133
18.8633 24.0022 -28.241 0.0500511 -0.914417 -0.401668
18.8497 24.3723 -29.0876 0.0518309 -0.915946 -0.397941
18.8386 24.6925 -29.845 0.042963 -0.924124 -0.379669
17.7507 25.421 -31.6993 0.0263958 -0.924273 -0.380818
17.7619 24.9866 -30.6626 0.0304618 -0.921754 -0.386576
17.7776 24.497 -29.5135 0.0379157 -0.917808 -0.395209
17.7937 24.0663 -28.5185 0.046875 -0.913326 -0.404523
17.8142 23.5675 -27.3844 0.0493113 -0.917461 -0.394757
17.8314 23.134 -26.3563 0.042733 -0.918787 -0.392433
17.847 22.7231 -25.392 0.0396227 -0.919265 -0.39164
17.8598 22.3815 -24.5476 0.0293516 -0.927268 -0.373245
17.8715 22.0415 -23.6836 0.0292569 -0.931324 -0.363015
17.8874 21.5618 -22.4514 0.027415 -0.931529 -0.362632
16.8015 21.9724 -23.5992 0.0326904 -0.930493 -0.364847
16.7875 22.4174 -24.7277 0.0305765 -0.928856 -0.369177
16.7714 22.8872 -25.8786 0.0387845 -0.92071 -0.388316
16.7559 23.3034 -26.8752 0.0413183 -0.921517 -0.386134
16.7405 23.7139 -27.8376 0.0373181 -0.917245 -0.39657
16.7233 24.1602 -28.8544 0.0466334 -0.913261 -0.404698
16.7034 24.6912 -30.0643 0.0462587 -0.915599 -0.399423
16.686 25.2851 -31.4594 0.0295945 -0.921762 -0.386626
16.6766 25.68 -32.401 0.0238645 -0.92409 -0.38143
16.6695 26.1243 -33.4961 0.0195453 -0.926996 -0.374561
15.592 26.8684 -35.4095 0.00939415 -0.930222 -0.366878
15.596 26.482 -34.4395 0.0164061 -0.927398 -0.373717
15.6025 25.9917 -33.2235 0.0228964 -0.924978 -0.37933
15.6097 25.6391 -32.3828 0.0286552 -0.921714 -0.38681
15.6175 25.2827 -31.5329 0.0349531 -0.918658 -0.393503
15.6295 24.9138 -30.6876 0.0410774 -0.915026 -0.401297
15.6456 24.4448 -29.6201 0.0384642 -0.915121 -0.40134
15.6629 23.9645 -28.5197 0.0386513 -0.915649 -0.400115
15.6772 23.5825 -27.6361 0.0325705 -0.920195 -0.390104
15.6987 22.9643 -26.1661 0.0339332 -0.921926 -0.385877
15.711 22.5723 -25.2034 0.030003 -0.929704 -0.367083
15.7159 22.4139 -24.8019 0.0300033 -0.929704 -0.367082
14.6401 22.5528 -25.2381 0.0178725 -0.928783 -0.370194
14.6292 22.9307 -26.1627 0.0238472 -0.924768 -0.379784
14.6139 23.4254 -27.3588 0.0374587 -0.920365 -0.389263
14.5934 24.0058 -28.7117 0.0340611 -0.915942 -0.399863
14.581 24.3679 -29.5399 0.0360277 -0.91551 -0.400678
14.5669 24.7818 -30.4881 0.0360495 -0.915703 -0.400236
14.553 25.2015 -31.4485 0.0374141 -0.916122 -0.399151
14.542 25.6016 -32.3727 0.0336044 -0.919309 -0.392098
14.535 25.985 -33.2892 0.0294746 -0.922604 -0.384622
14.529 26.3582 -34.1817 0.0215819 -0.923449 -0.383115
14.5244 26.7515 -35.1566 0.0169782 -0.927549 -0.373317
14.5202 27.2592 -36.4358 0.00964808 -0.931899 -0.362591
14.5186 27.529 -37.1324 0.0105909 -0.932546 -0.360897
13.4472 28.135 -38.7225 0.00789894 -0.933142 -0.359421
13.4487 27.783 -37.8166 0.00973515 -0.931911 -0.362557
13.4502 27.4225 -36.8925 0.0120421 -0.931674 -0.363096
13.454 26.926 -35.6341 0.0142029 -0.927027 -0.374727
13.4578 26.5605 -34.7347 0.0130772 -0.92505 -0.37962
13.4652 26.0639 -33.5371 0.0164495 -0.921891 -0.3871
13.4747 25.5932 -32.4446 0.0265213 -0.915674 -0.401047
13.4875 25.1293 -31.374 0.0312395 -0.915232 -0.401715
13.5077 24.5318 -30.0137 0.0375652 -0.915593 -0.400347
13.5218 24.1146 -29.0538 0.0353843 -0.91601 -0.399591
13.5375 23.6521 -27.9922 0.0269487 -0.919643 -0.39183
13.5478 23.2875 -27.1038 0.0213353 -0.925494 -0.378162
13.5581 22.9355 -26.2417 0.0242828 -0.925158 -0.378804
13.5582 22.9335 -26.2369 0.0203392 -0.926442 -0.375888
12.4835 23.0441 -26.5658 0.0200788 -0.926072 -0.376813
12.4667 23.6479 -28.0337 0.018512 -0.923143 -0.384011
12.4558 24.0432 -28.9846 0.0269513 -0.919643 -0.391829
12.4389 24.5458 -30.1392 0.0321544 -0.916114 -0.399626
12.424 24.9991 -31.1679 0.032847 -0.91348 -0.405556
12.407 25.5993 -32.5235 0.0316509 -0.914076 -0.404305
12.3973 25.9943 -33.4184 0.0269639 -0.918908 -0.393549
12.3892 26.5054 -34.6427 0.0202029 -0.922206 -0.386171
12.3856 26.9231 -35.665 0.0108834 -0.92663 -0.375816
12.3828 27.2815 -36.5655 0.0134504 -0.930947 -0.364906
12.3808 27.6276 -37.4488 0.0125126 -0.930649 -0.365699
12.3793 27.9693 -38.3242 0.00986508 -0.931944 -0.362469
12.3778 28.3076 -39.1971 0.00811156 -0.932694 -0.360579
11.3103 28.2592 -39.0925 0.0072087 -0.931812 -0.36287
11.3112 27.8933 -38.1575 0.0062109 -0.93142 -0.363893
11.3132 27.4528 -37.0388 0.0117796 -0.930327 -0.366542
11.3154 27.0929 -36.129 0.0116513 -0.929566 -0.368472
11.32 26.5668 -34.8427 0.0154681 -0.921765 -0.387441
11.3297 25.9658 -33.4416 0.0332064 -0.915131 -0.401786
11.3435 25.3987 -32.1532 0.0315997 -0.914105 -0.404243
11.3542 25.0277 -31.3153 0.0361524 -0.912101 -0.408368
11.3699 24.5544 -30.2445 0.034993 -0.917041 -0.397254
11.3817 24.1693 -29.3604 0.0297604 -0.919061 -0.39299
11.3931 23.7362 -28.3264 0.0291999 -0.922379 -0.385181
11.4025 23.3918 -27.4936 0.0274811 -0.924739 -0.379609
11.4071 23.2172 -27.0679 0.0274807 -0.924739 -0.37961
10.3319 23.3424 -27.4553 0.0297383 -0.924618 -0.379733
10.3235 23.6871 -28.2947 0.0310781 -0.923008 -0.383524
10.3088 24.2495 -29.6401 0.0375912 -0.920115 -0.38984
10.2948 24.706 -30.7014 0.0340401 -0.916328 -0.39898
10.2781 25.2735 -31.958 0.0356526 -0.911922 -0.408811
10.2676 25.6801 -32.8673 0.0299209 -0.911918 -0.409279
10.2586 26.1455 -33.9215 0.0262427 -0.915269 -0.401987
10.2521 26.5252 -34.7864 0.0208533 -0.918559 -0.394734
10.2483 26.9191 -35.7466 0.019909 -0.927109 -0.374262
10.2458 27.2955 -36.6721 0.00570051 -0.926441 -0.376396
10.2445 27.6849 -37.6491 0.00471454 -0.929119 -0.369751
10.2431 28.1127 -38.7319 0.00205273 -0.930853 -0.365389
10.2426 28.3149 -39.2469 0.00190999 -0.931387 -0.364027
9.1753 28.1956 -38.9498 0.000821457 -0.929893 -0.367829
9.17619 27.8214 -38.0026 0.00386393 -0.929602 -0.368545
9.17788 27.404 -36.9593 0.00530482 -0.927358 -0.374138
9.17948 27.0415 -36.066 0.013807 -0.923313 -0.383799
9.18351 26.644 -35.1234 0.0233341 -0.918542 -0.394634
9.19275 26.0464 -33.76 0.0256493 -0.913666 -0.405657
9.20179 25.5923 -32.7644 0.0269529 -0.906876 -0.420535
9.21257 25.1634 -31.8116 0.0394386 -0.91312 -0.40578
9.22257 24.7954 -30.9821 0.0354756 -0.913576 -0.405117
9.23564 24.3262 -29.9203 0.0332294 -0.91932 -0.392105
9.24766 23.8294 -28.7175 0.0262227 -0.923457 -0.382804
9.25536 23.5061 -27.913 0.0190462 -0.926752 -0.37519
8.1762 23.6799 -28.4119 0.023241 -0.92776 -0.372454
8.16892 24.035 -29.2745 0.0134026 -0.924045 -0.38205
8.16152 24.4135 -30.1871 0.00746756 -0.9196 -0.392785
8.15233 24.8127 -31.1111 0.0340518 -0.913628 -0.405123
8.14148 25.2684 -32.116 0.0171277 -0.909411 -0.415546
8.13336 25.6838 -33.0233 0.0193811 -0.910022 -0.414106
8.12493 26.1071 -33.961 0.0211963 -0.911228 -0.411357
8.1169 26.601 -35.0884 0.017697 -0.91507 -0.402906
8.11229 27.1471 -36.3455 0.00787901 -0.922091 -0.386894
8.10914 27.5829 -37.4176 0.0105338 -0.926507 -0.37613
8.10819 27.9811 -38.4114 0.00142786 -0.929374 -0.369136
8.10845 28.1559 -38.8532 0.00150939 -0.929811 -0.368035
7.04181 28.196 -38.9483 0.00076467 -0.927781 -0.373124
7.04212 27.8054 -37.9879 0.00356708 -0.92562 -0.378439
7.04292 27.4003 -36.9972 0.00466206 -0.925255 -0.379316
7.04829 26.8514 -35.6912 0.0163282 -0.919503 -0.392744
7.05256 26.4711 -34.8309 0.0113123 -0.914082 -0.405372
7.05816 26.0707 -33.9307 0.0127306 -0.911604 -0.410871
7.06505 25.6906 -33.0898 0.0119507 -0.911107 -0.411998
7.07511 25.1707 -31.9428 0.0145938 -0.91032 -0.413647
7.08263 24.7712 -31.064 0.0148882 -0.915416 -0.402233
7.09217 24.2257 -29.7696 0.00992694 -0.922524 -0.385813
7.09824 23.8814 -28.9437 0.0100632 -0.922959 -0.384767
6.02546 23.8416 -28.8771 0.0104715 -0.922861 -0.38499
6.01989 24.1914 -29.7183 0.0145752 -0.922243 -0.386336
6.01226 24.7084 -30.9476 0.00844204 -0.918154 -0.396134
6.00609 25.1764 -31.995 0.0149618 -0.909949 -0.41445
5.99707 25.6898 -33.119 0.0132752 -0.910294 -0.41375
5.99062 26.1279 -34.0933 0.0135141 -0.9121 -0.409746
5.98387 26.6872 -35.3496 0.0123455 -0.914594 -0.404184
5.97935 27.2067 -36.5422 0.00358653 -0.923001 -0.384782
5.97673 27.7491 -37.8596 0.00179656 -0.924853 -0.38032
5.97622 27.9943 -38.4599 0.000480861 -0.925982 -0.377566
4.91082 27.9085 -38.2541 -0.00180867 -0.924834 -0.380366
4.91242 27.5128 -37.2914 0.00347968 -0.923758 -0.382961
4.91462 27.0673 -36.2316 0.00755483 -0.917075 -0.398643
4.91887 26.5328 -35.0143 0.00425111 -0.913523 -0.406765
4.92291 26.1349 -34.1289 0.00590205 -0.912236 -0.409623
4.92884 25.6794 -33.1306 0.0125582 -0.907905 -0.418989
4.93508 25.2553 -32.1969 0.00591938 -0.913895 -0.405907
4.94114 24.7593 -31.0795 0.00447304 -0.916291 -0.400489
4.94638 24.2659 -29.9337 0.0036446 -0.918341 -0.395774
4.95049 23.9448 -29.1606 0.0101481 -0.924114 -0.381983
3.87745 23.9849 -29.2735 0.00405194 -0.922407 -0.386199
3.87408 24.4554 -30.3852 0.012244 -0.920035 -0.391645
3.86919 24.8328 -31.2754 0.0161502 -0.912326 -0.409147
3.86332 25.3317 -32.3951 0.00945723 -0.911977 -0.410132
3.85843 25.8222 -33.4672 0.0100609 -0.908075 -0.418687
3.85259 26.3916 -34.7157 0.00530639 -0.911827 -0.41054
3.84914 26.7773 -35.5737 0.00024571 -0.914833 -0.403831
3.84707 27.1598 -36.4526 -0.00333967 -0.918615 -0.395139
3.84607 27.5421 -37.3553 -0.00404471 -0.9234 -0.383818
3.84477 28.0108 -38.4978 -0.000719929 -0.926266 -0.37687
2.77854 27.9842 -38.4316 0.00023423 -0.924708 -0.380678
2.77867 27.4994 -37.2582 0.00495232 -0.923341 -0.383949
2.78088 27.0457 -36.1902 0.0135991 -0.916004 -0.400938
2.78332 26.6728 -35.3532 0.00840996 -0.913034 -0.407797
2.78579 26.2862 -34.5003 0.00984316 -0.908638 -0.417468
2.78968 25.8366 -33.5231 0.00956304 -0.908147 -0.418542
2.79353 25.4117 -32.5953 0.010592 -0.910472 -0.413435
2.7989 24.8653 -31.3844 0.0116117 -0.912202 -0.409575
2.80224 24.3598 -30.1935 0.00964061 -0.923444 -0.383613
2.80441 24.088 -29.5374 0.00940954 -0.923794 -0.382775
1.73118 24.0095 -29.3638 0.00417042 -0.924308 -0.381626
1.72882 24.4988 -30.5327 -0.00291318 -0.920062 -0.391762
1.72734 25.0674 -31.8563 0.000705086 -0.914379 -0.404858
1.72406 25.4545 -32.7097 0.0052164 -0.910117 -0.414319
1.72164 25.8758 -33.6319 0.00694862 -0.908841 -0.417085
1.7183 26.4098 -34.8019 0.0146424 -0.912213 -0.409454
1.71551 26.8906 -35.873 0.0132423 -0.912786 -0.408224
1.71358 27.3669 -36.9616 0.000339592 -0.916033 -0.401103
1.71318 27.7505 -37.8696 9.7185e-05 -0.923621 -0.383308
1.71293 27.9597 -38.3737 0.000459612 -0.923741 -0.383017
0.648203 27.8472 -38.1043 0.000825031 -0.923861 -0.382728
0.649456 27.4945 -37.2538 0.00242253 -0.918398 -0.39565
0.65105 27.0194 -36.1686 0.000213965 -0.916067 -0.401026
0.652353 26.5065 -35.0202 -0.00206365 -0.910627 -0.413224
0.653391 25.9683 -33.839 -0.000846935 -0.909072 -0.416637
0.655394 25.3277 -32.4432 -0.00253393 -0.90925 -0.416244
0.655984 24.9054 -31.4724 0.00182631 -0.917684 -0.397307
0.656818 24.4043 -30.3041 0.00303739 -0.92075 -0.390141
0.657763 24.0818 -29.5431 0.000467676 -0.921917 -0.387388
-0.415625 24.139 -29.6745 -0.0021006 -0.923069 -0.384628
-0.415091 24.5584 -30.6679 -0.0047586 -0.919909 -0.392102
-0.4152 25.0947 -31.9035 -0.00565216 -0.914485 -0.404579
-0.414422 25.531 -32.8782 -0.00394978 -0.909631 -0.415398
-0.41467 25.9498 -33.7985 0.00127843 -0.909214 -0.416326
-0.414829 26.3353 -34.6364 -0.00379284 -0.908541 -0.417779
-0.414047 26.9617 -36.0349 -0.00132367 -0.916132 -0.400876
-0.414847 27.4619 -37.1922 0.00569408 -0.920789 -0.39002
-0.416162 27.8801 -38.1833 -0.000895013 -0.92351 -0.383574
-1.48053 27.915 -38.2667 -0.000369086 -0.923862 -0.382727
-1.47992 27.4375 -37.1257 -0.00337661 -0.919025 -0.394185
-1.48013 27.0685 -36.273 -0.0018179 -0.916881 -0.399156
-1.48075 26.5302 -35.048 -0.0040294 -0.910949 -0.412499
-1.4827 26.0463 -34.0059 -0.00987934 -0.907883 -0.419106
-1.48407 25.6095 -33.0409 -0.00814669 -0.911756 -0.410651
-1.48547 25.2122 -32.1589 -0.00547982 -0.912936 -0.408066
-1.48613 24.8428 -31.3179 -0.0063976 -0.919266 -0.393585
-1.48709 24.4804 -30.4726 0.000570593 -0.919022 -0.394206
-1.4876 24.0326 -29.4167 0.00135369 -0.920668 -0.390345
-1.48767 23.9996 -29.3372 -0.000869738 -0.924499 -0.381183
-2.55982 23.9689 -29.2574 -0.00207268 -0.925425 -0.378924
-2.55872 24.346 -30.1564 0.00592191 -0.919082 -0.394022
-2.55746 24.7623 -31.1281 -0.00150324 -0.916936 -0.399032
-2.555 25.2258 -32.1727 -0.00146401 -0.910661 -0.413152
-2.55287 25.6492 -33.1078 -0.00812721 -0.911735 -0.410698
-2.55039 26.0274 -33.9345 -0.004524 -0.909442 -0.415806
-2.54824 26.4589 -34.8812 -0.0062759 -0.912892 -0.408154
-2.54688 26.8298 -35.7169 -0.00923586 -0.913966 -0.405687
-2.54512 27.3675 -36.9461 -0.00581818 -0.91997 -0.391945
-2.54557 27.8859 -38.1914 -0.0025474 -0.923851 -0.382743
-2.54559 27.9618 -38.3744 -0.000766855 -0.924992 -0.379986
-3.61153 28.0198 -38.5205 0.00450022 -0.925543 -0.378615
-3.61205 27.5844 -37.4675 -0.000176341 -0.921453 -0.388489
-3.61211 27.176 -36.5 0.00289957 -0.917456 -0.397826
-3.61293 26.8135 -35.6602 -0.00266169 -0.915449 -0.402425
-3.61543 26.2818 -34.4792 -0.00391941 -0.910626 -0.413212
-3.62066 25.6192 -33.025 -0.00651614 -0.910306 -0.413884
-3.62417 25.1805 -32.0668 -0.00788733 -0.909527 -0.41557
-3.62721 24.703 -30.9869 -0.00111335 -0.915768 -0.401705
-3.63057 24.296 -30.0559 0.0022349 -0.917689 -0.397292
-3.63334 23.9322 -29.1645 -0.00267329 -0.92622 -0.376973
-4.70754 23.8571 -28.9724 -0.00692655 -0.925095 -0.379674
-4.70309 24.2235 -29.8387 -0.0176761 -0.920571 -0.390174
-4.69759 24.6701 -30.8841 -0.0136338 -0.918774 -0.394548
-4.69178 25.2649 -32.2295 -0.00878833 -0.909899 -0.414736
-4.6864 25.826 -33.4602 -0.00995631 -0.909939 -0.414622
-4.68175 26.3412 -34.5963 -0.00840937 -0.912253 -0.40954
-4.67908 26.7914 -35.6028 -0.0055523 -0.914902 -0.403639
-4.67805 27.2233 -36.6053 -0.00466716 -0.919616 -0.392791
-4.67706 27.7028 -37.7368 -0.00208926 -0.923854 -0.382738
-4.67732 27.9539 -38.3598 0.0052499 -0.928162 -0.372139
-5.7443 28.067 -38.655 0.00366083 -0.928555 -0.371176
-5.74371 27.6409 -37.5991 0.00567417 -0.923152 -0.384393
-5.74362 27.1675 -36.4622 0.000745456 -0.921978 -0.387241
-5.74615 26.5344 -35.0051 -0.0117858 -0.916749 -0.39929
-5.75277 25.9356 -33.6747 -0.0178356 -0.910678 -0.412732
-5.75896 25.3825 -32.4657 -0.00870443 -0.909653 -0.415277
-5.76483 24.9418 -31.4782 -0.0162731 -0.914463 -0.404343
-5.77251 24.3507 -30.1037 -0.0127071 -0.919419 -0.393074
-5.77908 23.8342 -28.8782 -0.0140554 -0.92309 -0.384328
-5.77952 23.7961 -28.7866 -0.0153115 -0.923322 -0.383722
-6.85402 23.6805 -28.4615 -0.0153538 -0.923807 -0.38255
-6.84819 24.0529 -29.3626 -0.0141413 -0.924061 -0.381984
-6.83956 24.6289 -30.7164 -0.0149906 -0.919401 -0.393035
-6.83073 25.1801 -31.9712 -0.01796 -0.91435 -0.404526
-6.82426 25.5631 -32.8201 -0.0196019 -0.909701 -0.4148
-6.81825 26.0377 -33.8565 -0.0164878 -0.909862 -0.414584
-6.81362 26.4778 -34.8448 -0.011461 -0.916415 -0.400065
-6.8102 27.0041 -36.0674 -0.00207483 -0.922061 -0.387038
-6.80985 27.5075 -37.2757 -0.00398549 -0.924416 -0.381365
-6.81122 27.8603 -38.1493 0.00462784 -0.928294 -0.371818
-6.81233 28.1791 -38.9472 0.00489703 -0.92929 -0.369319
-7.87943 28.0868 -38.7295 0.00244594 -0.930362 -0.366633
-7.87769 27.7241 -37.8208 -0.000527312 -0.928409 -0.371559
-7.87632 27.2054 -36.5316 -0.00409351 -0.924629 -0.380847
-7.87818 26.8391 -35.6564 -0.00591875 -0.919058 -0.394078
-7.88053 26.4775 -34.8132 -0.00877949 -0.917751 -0.397058
-7.88465 26.0824 -33.926 -0.0177971 -0.913247 -0.407017
-7.88992 25.6747 -33.009 -0.0209555 -0.912567 -0.408389
-7.89974 25.1436 -31.8336 -0.0237745 -0.911232 -0.411206
-7.90771 24.7078 -30.8476 -0.0173837 -0.91592 -0.400985
-7.91736 24.1653 -29.5832 -0.0185931 -0.920089 -0.391268
-7.92487 23.7134 -28.504 -0.0140213 -0.92485 -0.380072
-7.92638 23.631 -28.3019 -0.0152423 -0.925815 -0.37767
-9.00205 23.4398 -27.7815 -0.0193071 -0.925104 -0.379222
-8.9951 23.7874 -28.6322 -0.0217973 -0.924567 -0.380395
-8.9874 24.1878 -29.5915 -0.0147865 -0.91958 -0.392625
-8.97781 24.673 -30.7196 -0.0178264 -0.918927 -0.394025
-8.96923 25.071 -31.6097 -0.0241101 -0.911514 -0.410561
-8.95766 25.6735 -32.9574 -0.0184709 -0.914166 -0.404919
-8.95129 26.1129 -33.9477 -0.0148711 -0.914646 -0.403983
-8.94779 26.486 -34.8003 -0.0135049 -0.918049 -0.396237
-8.94436 26.9871 -35.9901 -0.0048371 -0.925849 -0.377863
-8.94385 27.4326 -37.0933 -0.00250316 -0.926923 -0.375243
-8.94445 27.7819 -37.9648 0.000289144 -0.928667 -0.370914
-8.94573 28.1061 -38.7788 3.00452e-05 -0.93087 -0.365352
-10.0124 28.1899 -38.995 -0.000115075 -0.931893 -0.362734
-10.0118 27.8118 -38.0311 -0.00644798 -0.930172 -0.367067
-10.0121 27.3749 -36.9342 -0.00572078 -0.927232 -0.374443
-10.0128 26.8602 -35.6697 -0.00696144 -0.924729 -0.380564
-10.0147 26.4622 -34.7107 -0.00959357 -0.919176 -0.39373
-10.0219 25.8768 -33.3663 -0.0158049 -0.917234 -0.398035
-10.0319 25.3001 -32.06 -0.0203648 -0.914632 -0.403773
-10.0405 24.9001 -31.1643 -0.0283941 -0.914666 -0.403212
-10.0518 24.4268 -30.0837 -0.0266115 -0.916911 -0.398204
-10.0608 24.0628 -29.2367 -0.0274576 -0.921632 -0.387093
-10.0718 23.5473 -27.9926 -0.0183666 -0.923194 -0.383896
-10.0766 23.284 -27.3531 -0.0169118 -0.924533 -0.380728
-11.153 23.0903 -26.8118 -0.0229478 -0.927716 -0.372582
-11.144 23.4731 -27.7606 -0.0231316 -0.922777 -0.384641
-11.1347 23.9151 -28.8135 -0.0241052 -0.918698 -0.394224
-11.1239 24.3223 -29.7593 -0.0318561 -0.91873 -0.393599
-11.112 24.7826 -30.8179 -0.0326615 -0.9144 -0.403492
-11.1006 25.2566 -31.8982 -0.029675 -0.915371 -0.401517
-11.0927 25.6596 -32.812 -0.0259742 -0.916898 -0.398275
-11.0868 26.0927 -33.8166 -0.0208016 -0.917237 -0.397798
-11.0835 26.4643 -34.6899 -0.0188407 -0.92203 -0.386661
-11.0803 26.9232 -35.8073 -0.00950492 -0.926533 -0.376093
-11.0798 27.2925 -36.7143 -0.00326047 -0.928099 -0.372319
-11.0802 27.6791 -37.6846 -0.00189458 -0.929773 -0.368127
-11.0806 28.1447 -38.8722 -0.00177203 -0.931271 -0.364322
-11.0807 28.2136 -39.0485 -0.0021716 -0.931698 -0.363227
-12.149 28.3681 -39.4406 -0.000776382 -0.932427 -0.361358
-12.1487 27.9391 -38.3434 -0.000395335 -0.931211 -0.36448
-12.1483 27.5534 -37.3624 -0.00349687 -0.929041 -0.369961
-12.1489 27.0437 -36.0793 -0.00497417 -0.929238 -0.369449
-12.1503 26.6733 -35.1514 -0.00425476 -0.92821 -0.372034
-12.1523 26.3216 -34.3074 -0.00685551 -0.921424 -0.388498
-12.1582 25.8105 -33.1014 -0.0212348 -0.919297 -0.392991
-12.169 25.2398 -31.7769 -0.0281275 -0.916413 -0.399245
-12.1839 24.6542 -30.4344 -0.0347012 -0.915685 -0.400397
-12.1939 24.2727 -29.557 -0.0296397 -0.917145 -0.397451
-12.2066 23.795 -28.4614 -0.0377426 -0.919042 -0.392348
-12.2193 23.3147 -27.3058 -0.0240598 -0.925759 -0.377347
-12.229 22.8896 -26.2572 -0.0188613 -0.926002 -0.377048
-13.3091 22.544 -25.3237 -0.0249157 -0.931753 -0.362238
-13.2998 22.8879 -26.1818 -0.0286249 -0.926306 -0.375684
-13.2881 23.3355 -27.2758 -0.0302669 -0.924526 -0.379915
-13.275 23.8108 -28.3942 -0.033156 -0.920587 -0.389128
-13.2615 24.2938 -29.5186 -0.0327243 -0.918014 -0.395196
-13.2525 24.6656 -30.3606 -0.0355704 -0.914485 -0.403054
-13.2396 25.1456 -31.4765 -0.0358111 -0.920158 -0.389905
-13.2306 25.5651 -32.4607 -0.0243076 -0.921127 -0.388502
-13.2244 25.9202 -33.3002 -0.018195 -0.922531 -0.385494
-13.22 26.3861 -34.4415 -0.011008 -0.923582 -0.383243
-13.219 26.7289 -35.2815 -0.00251181 -0.927777 -0.373126
-13.2181 27.0721 -36.1393 -0.00336402 -0.929723 -0.368244
-13.2173 27.414 -37.0036 -0.00231569 -0.930662 -0.365872
-13.2171 27.7478 -37.8551 -0.00127182 -0.930927 -0.365203
-13.2171 28.258 -39.1592 0.000293784 -0.93166 -0.363332
-13.2171 28.3015 -39.271 0.000293297 -0.931659 -0.363333
-14.2855 28.42 -39.5717 -0.000604797 -0.932096 -0.362211
-14.2859 28.0207 -38.5471 -0.00160356 -0.931809 -0.362945
-14.2864 27.6211 -37.5245 -0.00211165 -0.931178 -0.364559
-14.2869 27.2577 -36.601 -0.00211044 -0.930284 -0.366835
-14.2881 26.7731 -35.376 -0.0102833 -0.929172 -0.369506
-14.2903 26.333 -34.274 -0.00972775 -0.927977 -0.372511
-14.2934 25.9956 -33.4387 -0.018775 -0.928468 -0.370939
-14.299 25.5898 -32.4494 -0.0290765 -0.922966 -0.383783
-14.3104 25.0917 -31.2508 -0.0314847 -0.918467 -0.394242
-14.3205 24.6224 -30.1798 -0.0273568 -0.914557 -0.403532
-14.3342 24.1223 -29.0349 -0.0301093 -0.917288 -0.397085
-14.3475 23.6655 -27.972 -0.0302955 -0.9191 -0.392859
-14.3589 23.2998 -27.1016 -0.0361956 -0.92342 -0.38208
-14.3742 22.7599 -25.7761 -0.0320223 -0.926509 -0.374907
-14.3845 22.3705 -24.8111 -0.0254531 -0.929436 -0.368106
-14.3867 22.2832 -24.5906 -0.0254529 -0.929436 -0.368104
-15.4664 21.9525 -23.6814 -0.0238092 -0.930941 -0.364392
-15.4542 22.3763 -24.7505 -0.0302582 -0.928896 -0.369102
-15.4439 22.748 -25.6664 -0.0244855 -0.925806 -0.377204
-15.4286 23.2723 -26.9278 -0.0287659 -0.921143 -0.38816
-15.4167 23.6671 -27.8691 -0.0406668 -0.919541 -0.390884
-15.4039 24.0575 -28.7838 -0.0424052 -0.918687 -0.392704
-15.3926 24.4431 -29.6772 -0.0369121 -0.918102 -0.394622
-15.3824 24.8325 -30.5841 -0.0321352 -0.91635 -0.399086
-15.3727 25.3949 -31.9119 -0.00968591 -0.922533 -0.385797
-15.3654 25.9131 -33.1875 -0.0116202 -0.928217 -0.371857
-15.3606 26.3677 -34.3276 -0.0133465 -0.928647 -0.370725
-15.3582 26.7727 -35.3514 -0.00750837 -0.930544 -0.366102
-15.3567 27.2104 -36.4632 -0.00528932 -0.931022 -0.364924
-15.3561 27.543 -37.3145 -0.00419648 -0.931405 -0.36396
-15.3551 28.034 -38.5711 -0.00486609 -0.93142 -0.363913
-15.3545 28.2785 -39.198 -0.00382874 -0.932415 -0.36137
-16.4259 27.4946 -37.1729 -0.00846797 -0.931596 -0.363397
-16.4269 27.1351 -36.2502 -0.0079906 -0.931325 -0.364102
-16.4288 26.6924 -35.1214 -0.00829767 -0.930792 -0.365454
-16.4324 26.2308 -33.9503 -0.0123351 -0.930297 -0.3666
-16.4375 25.7317 -32.7 -0.0167785 -0.927579 -0.373251
-16.4417 25.3852 -31.8465 -0.0196397 -0.923305 -0.383564
-16.4501 24.9057 -30.6852 -0.0222716 -0.92497 -0.379386
-16.4586 24.5413 -29.8229 -0.0318715 -0.920799 -0.388734
-16.4713 24.0794 -28.7348 -0.0322957 -0.918701 -0.393632
-16.4829 23.683 -27.8106 -0.0340113 -0.918749 -0.393374
-16.4946 23.3165 -26.9539 -0.0313891 -0.919953 -0.39077
-16.5067 22.9358 -26.0425 -0.0353117 -0.922367 -0.384698
-16.5191 22.5482 -25.0963 -0.031993 -0.928766 -0.369284
-16.5311 22.1513 -24.0961 -0.0306008 -0.929006 -0.368796
-16.5424 21.7593 -23.1062 -0.0280767 -0.930963 -0.364033
-16.5444 21.6815 -22.9043 -0.0253409 -0.933029 -0.358909
-17.6238 21.3586 -21.9803 -0.027156 -0.932429 -0.36033
-17.6104 21.83 -23.2037 -0.0298264 -0.931939 -0.361386
-17.5967 22.2918 -24.3595 -0.0299073 -0.926362 -0.375445
-17.5829 22.7031 -25.3685 -0.041 -0.922728 -0.383264
-17.571 23.0589 -26.2259 -0.0413507 -0.921853 -0.385327
-17.5574 23.4585 -27.18 -0.0412463 -0.920308 -0.389015
-17.5438 23.9035 -28.233 -0.0353992 -0.920304 -0.389598
-17.5327 24.3464 -29.276 -0.0331437 -0.919479 -0.39174
-17.5202 24.899 -30.5972 -0.0255971 -0.923099 -0.38371
-17.5115 25.3654 -31.7511 -0.0189307 -0.927822 -0.372542
-17.5062 25.809 -32.8446 -0.0143636 -0.927873 -0.372619
-17.5031 26.1784 -33.781 -0.0132863 -0.930294 -0.366574
-17.5006 26.4954 -34.5867 -0.0104685 -0.931646 -0.363217
-18.5762 25.8729 -32.9718 -0.0115756 -0.929229 -0.369323
-18.5802 25.5119 -32.0607 -0.0184404 -0.929378 -0.368669
-18.5865 25.0977 -31.0189 -0.0185095 -0.9285 -0.370872
-18.5954 24.6191 -29.845 -0.0283537 -0.922902 -0.38399
-18.6082 24.0436 -28.4666 -0.0315253 -0.921063 -0.388135
-18.6224 23.5696 -27.3352 -0.0391787 -0.921802 -0.385677
-18.6363 23.132 -26.2855 -0.0424713 -0.922995 -0.382461
-18.6503 22.7103 -25.2673 -0.0435856 -0.922965 -0.382408
-18.6685 22.1949 -24.0135 -0.043693 -0.924819 -0.37789
-18.6835 21.7352 -22.857 -0.0417854 -0.93101 -0.362593
-18.6953 21.2797 -21.6967 -0.025478 -0.932499 -0.360274
-18.7054 20.8702 -20.6362 -0.0240631 -0.933154 -0.358671
-19.7894 20.2903 -19.0344 -0.0280068 -0.935652 -0.351812
-19.7805 20.631 -19.9381 -0.0347793 -0.932784 -0.358753
-19.7656 21.1811 -21.3658 -0.0254758 -0.932497 -0.360277
-19.7563 21.5357 -22.2548 -0.0334443 -0.92694 -0.373716
-19.7463 21.9171 -23.2018 -0.0376155 -0.929 -0.368163
-19.7287 22.4129 -24.4227 -0.04474 -0.925002 -0.377318
-19.7102 22.9466 -25.7214 -0.0423107 -0.924101 -0.379798
-19.6923 23.5077 -27.0788 -0.0406947 -0.923196 -0.382169
-19.6813 23.8957 -28.0116 -0.0354338 -0.923952 -0.380863
-19.6666 24.4919 -29.4523 -0.0337501 -0.922648 -0.384163
-19.6606 24.86 -30.3719 -0.0201082 -0.928167 -0.371621
-19.6551 25.2158 -31.261 -0.0178769 -0.929079 -0.369448
-20.7417 24.2378 -28.7439 -0.0289964 -0.927617 -0.372405
-20.7519 23.8453 -27.791 -0.0351819 -0.924294 -0.380057
-20.7664 23.3177 -26.5097 -0.0375603 -0.923327 -0.382173
-20.7779 22.9453 -25.5943 -0.0461137 -0.923876 -0.379903
-20.796 22.4159 -24.3086 -0.0431222 -0.923868 -0.380274
-20.8072 22.0719 -23.4651 -0.042642 -0.925563 -0.376185
-20.8231 21.516 -22.0915 -0.0432987 -0.927186 -0.372091
-20.8332 21.1816 -21.2517 -0.045179 -0.927936 -0.369992
-20.8459 20.7726 -20.2026 -0.0420602 -0.930357 -0.364234
-20.8598 20.2878 -18.9423 -0.0313418 -0.934165 -0.355463
-20.8745 19.7259 -17.4309 -0.0262105 -0.938308 -0.344807
-20.8753 19.6918 -17.338 -0.0247054 -0.938388 -0.344699
-21.961 19.0881 -15.5989 -0.0260756 -0.939475 -0.341623
-21.9531 19.4167 -16.4814 -0.0324063 -0.937013 -0.347787
-21.9406 19.8672 -17.6986 -0.0366621 -0.93632 -0.349229
-21.929 20.2767 -18.7913 -0.0407017 -0.934079 -0.354739
-21.9192 20.6142 -19.6791 -0.039239 -0.931271 -0.362207
-21.9037 21.1052 -20.9324 -0.0392892 -0.929807 -0.365944
-21.8896 21.5639 -22.0908 -0.0381872 -0.928746 -0.368745
-21.871 22.1586 -23.5585 -0.0421165 -0.925585 -0.376189
-21.8543 22.677 -24.8213 -0.037351 -0.922578 -0.383999
-21.8406 23.1275 -25.9295 -0.0266654 -0.927167 -0.373699
-21.8294 23.5279 -26.9241 -0.0241392 -0.926203 -0.376251
-22.921 22.7316 -24.8609 -0.029606 -0.928703 -0.369642
-22.934 22.3052 -23.8046 -0.0366845 -0.925468 -0.377046
-22.9466 21.8896 -22.7741 -0.0440613 -0.925543 -0.376071
-22.9606 21.4593 -21.7114 -0.0443216 -0.927539 -0.371089
-22.9741 21.0505 -20.6783 -0.0414472 -0.929063 -0.367593
-22.9881 20.5987 -19.5166 -0.0419109 -0.931214 -0.362055
-22.9982 20.2516 -18.6065 -0.0394694 -0.934538 -0.353668
-23.0118 19.8153 -17.4457 -0.0371303 -0.936156 -0.34962
-23.0216 19.4621 -16.5026 -0.0372849 -0.934966 -0.352773
-23.031 19.0804 -15.49 -0.0367741 -0.934829 -0.35319
-23.0395 18.6946 -14.4564 -0.0302212 -0.936671 -0.348905
-23.048 18.2891 -13.3519 -0.0249615 -0.939617 -0.341317
-23.0545 17.8485 -12.1488 -0.0189813 -0.938417 -0.344983
-23.0552 17.7883 -11.985 -0.017379 -0.940067 -0.340548
-27.328 18.1741 -12.6851 -0.0282416 -0.934668 -0.354399
-27.3359 17.6693 -11.3448 -0.0284667 -0.935778 -0.351439
-27.3401 17.3262 -10.4233 -0.0252915 -0.936361 -0.350125
-27.345 16.88 -9.22113 -0.0207097 -0.93765 -0.346964
-27.348 16.5249 -8.26521 -0.0184894 -0.937879 -0.346469
-27.3507 16.1437 -7.22406 -0.017483 -0.939116 -0.343156
-27.3517 15.7897 -6.25986 -0.0140605 -0.938181 -0.34586
-27.3525 15.4142 -5.22931 -0.0117625 -0.939259 -0.343007
-27.3509 14.9753 -4.019 -0.0080817 -0.9403 -0.340251
-27.3476 14.4625 -2.5996 -0.00541683 -0.941172 -0.337886
-27.3447 14.1108 -1.6265 -0.0017181 -0.939878 -0.341506
-27.3415 13.7976 -0.761705 1.46196e-05 -0.940617 -0.33947
-27.3379 13.4711 0.146216 0.00156795 -0.940708 -0.339214
-27.3345 13.1621 1.00555 0.00177707 -0.941274 -0.337639
-27.3312 12.7893 2.04192 -0.000252848 -0.940497 -0.339802
-27.3266 12.3379 3.28721 0.00468287 -0.939991 -0.341166
-27.3223 11.9077 4.47474 0.00402589 -0.940443 -0.339927
-27.3192 11.5693 5.41542 0.00270995 -0.940993 -0.338415
-27.3155 11.0836 6.76573 0.00201019 -0.9411 -0.338122
-27.3128 10.6553 7.9566 0.00193241 -0.940848 -0.338825
-26.2422 10.6294 8.04147 0.00384386 -0.941476 -0.337058
-26.2445 10.9329 7.19379 0.00382849 -0.941352 -0.337403
-26.2472 11.2814 6.22155 0.00373067 -0.941377 -0.337336
-26.25 11.6302 5.25338 0.00255598 -0.940778 -0.339012
-26.253 11.9751 4.29262 0.00107021 -0.940808 -0.338937
-26.2563 12.2877 3.42854 8.30418e-08 -0.940381 -0.340122
-26.2601 12.6371 2.46244 -0.00158088 -0.940841 -0.338845
-26.2628 12.9962 1.46561 -0.00292914 -0.940883 -0.33872
-26.2657 13.3451 0.493192 -0.0012354 -0.94109 -0.338155
-26.2691 13.6586 -0.376707 -0.00375082 -0.941184 -0.337875
-26.2724 14.0154 -1.37531 -0.00799309 -0.941595 -0.336653
-26.2748 14.3234 -2.23536 -0.00808309 -0.940931 -0.338501
-26.2792 14.8115 -3.59448 -0.00974451 -0.941854 -0.335881
-26.2809 15.2859 -4.92236 -0.0148895 -0.940315 -0.339979
-26.2808 15.7273 -6.13397 -0.0136478 -0.939512 -0.342245
-26.28 16.1562 -7.31243 -0.015519 -0.939432 -0.342385
-26.2776 16.528 -8.32736 -0.0196544 -0.938709 -0.344149
-26.2739 16.94 -9.45117 -0.0225515 -0.938115 -0.34559
-26.2698 17.3532 -10.5764 -0.0253298 -0.937898 -0.345984
-26.2649 17.7519 -11.6485 -0.0275161 -0.937203 -0.347698
-26.2596 18.1361 -12.6734 -0.0321586 -0.934974 -0.353254
-26.2538 18.4828 -13.591 -0.0375238 -0.933131 -0.357572
-26.2446 18.866 -14.5926 -0.0362435 -0.934033 -0.355343
-26.2355 19.2154 -15.5171 -0.0360776 -0.933524 -0.356696
-26.2277 19.4987 -16.253 -0.0385022 -0.93311 -0.357524
-25.1179 20.7984 -19.7725 -0.0420203 -0.931622 -0.36099
-25.1319 20.3822 -18.6938 -0.0415846 -0.932366 -0.359116
-25.1452 19.9951 -17.6805 -0.04286 -0.933923 -0.354895
-25.155 19.6433 -16.7511 -0.0389564 -0.933801 -0.355665
-25.1647 19.2494 -15.714 -0.0377015 -0.934362 -0.354326
-25.1768 18.8121 -14.5646 -0.0379395 -0.933273 -0.357159
-25.1863 18.3758 -13.4087 -0.0328824 -0.935591 -0.351552
-25.1941 17.8504 -12.0012 -0.0280077 -0.937501 -0.346854
-25.1978 17.5171 -11.0977 -0.0227116 -0.939478 -0.341856
-25.2021 17.0429 -9.8008 -0.0222851 -0.938547 -0.34443
-25.2072 16.5647 -8.4905 -0.0214166 -0.941135 -0.337351
-25.2094 16.1724 -7.40846 -0.0166442 -0.940113 -0.340456
-25.2101 15.7985 -6.37243 -0.0151775 -0.94006 -0.34067
-25.2097 15.4894 -5.52021 -0.00720246 -0.940697 -0.339171
-25.2086 15.0427 -4.27481 -0.00720281 -0.941888 -0.335851
-25.2065 14.6729 -3.23909 -0.00790344 -0.941547 -0.33679
-25.203 14.3024 -2.20166 -0.00582274 -0.941818 -0.336073
-25.2008 13.9845 -1.31023 -0.00567176 -0.941878 -0.335908
-25.198 13.6342 -0.32854 -0.005596 -0.941747 -0.336275
-25.1951 13.3208 0.550518 -0.00482123 -0.941565 -0.336798
-25.1923 12.975 1.51418 -0.00400048 -0.941486 -0.337029
-25.1896 12.6607 2.3907 -0.00187764 -0.941154 -0.337973
-25.1861 12.3089 3.367 0.000204322 -0.940966 -0.3385
-25.1822 11.9336 4.41416 0.00172524 -0.941313 -0.337531
-25.1786 11.4794 5.6818 0.00184057 -0.941493 -0.337028
-25.1755 11.1209 6.68105 0.00363358 -0.941401 -0.337269
-25.1726 10.7838 7.62331 0.00380576 -0.941894 -0.335889
-25.1716 10.6609 7.96718 0.00484309 -0.941652 -0.336553
-24.1002 10.6621 7.97423 0.00239631 -0.942041 -0.33549
-24.1041 11.0753 6.81698 0.0020213 -0.941499 -0.337009
-24.1071 11.3938 5.92513 0.00141079 -0.941727 -0.336375
-24.1104 11.8065 4.77367 0.00143139 -0.941248 -0.337712
-24.114 12.211 3.64356 -0.000746119 -0.941785 -0.336215
-24.118 12.612 2.51913 -0.000951126 -0.942006 -0.335596
-24.1215 12.9904 1.46048 -0.00327425 -0.941755 -0.336283
-24.1244 13.321 0.534614 -0.00357278 -0.941766 -0.336249
-24.1273 13.6629 -0.422531 -0.00390554 -0.941713 -0.336395
-24.1296 13.9815 -1.3179 -0.00343479 -0.94217 -0.335118
-24.1324 14.3416 -2.32959 -0.00432623 -0.942014 -0.335546
-24.1355 14.699 -3.33616 -0.00901847 -0.942756 -0.333361
-24.1374 15.0892 -4.43422 -0.00999962 -0.941423 -0.337081
-24.1383 15.4041 -5.31255 -0.0104876 -0.940986 -0.338284
-24.1391 15.7957 -6.40109 -0.010326 -0.940875 -0.338598
-24.1384 16.2224 -7.58936 -0.010911 -0.941308 -0.337371
-24.1364 16.5487 -8.5028 -0.0179249 -0.943008 -0.332286
-24.1327 16.989 -9.72491 -0.0155053 -0.938596 -0.34467
-24.1286 17.4499 -10.9867 -0.0237685 -0.939993 -0.340366
-24.124 17.8723 -12.1426 -0.0261762 -0.937536 -0.346901
-24.1194 18.2036 -13.0376 -0.025642 -0.937858 -0.34607
-24.1125 18.5834 -14.0629 -0.0332817 -0.935142 -0.352706
-24.1014 19.0244 -15.2322 -0.0361824 -0.934892 -0.353084
-24.0886 19.5531 -16.6309 -0.0367749 -0.934828 -0.353191
-24.0774 19.9361 -17.6488 -0.0410084 -0.934991 -0.352292
-24.0667 20.2742 -18.5444 -0.0455057 -0.932923 -0.357189
-24.0529 20.6973 -19.6422 -0.0448674 -0.930953 -0.362371
-24.0387 21.1468 -20.793 -0.0447504 -0.929248 -0.366737
-24.0246 21.574 -21.8709 -0.0368854 -0.926584 -0.374275
-24.0143 21.905 -22.6958 -0.0317499 -0.928512 -0.369942
-28.4134 17.0897 -9.72007 -0.0208784 -0.936308 -0.350558
-28.4165 16.7637 -8.84723 -0.0212333 -0.936586 -0.349795
-28.4199 16.3812 -7.81251 -0.0168434 -0.937699 -0.34704
-28.4219 15.9388 -6.62398 -0.0125165 -0.938294 -0.345613
-28.4232 15.6152 -5.74862 -0.0104676 -0.938329 -0.345585
-28.4232 15.2987 -4.88193 -0.0100342 -0.939493 -0.342421
-28.4214 14.8774 -3.73203 -0.000447194 -0.939159 -0.343482
-28.4189 14.4851 -2.64952 -0.00202822 -0.941212 -0.33781
-28.415 14.0624 -1.48841 0.00531618 -0.938162 -0.346155
-28.4106 13.677 -0.434624 0.00456157 -0.940678 -0.33927
-28.4066 13.3145 0.569167 0.00328259 -0.940936 -0.338569
-28.4003 12.7576 2.10968 0.00901615 -0.940012 -0.341021
-28.3959 12.3515 3.23142 0.0082721 -0.940503 -0.339684
-28.3921 11.9771 4.27186 0.00755454 -0.940974 -0.338395
-28.3887 11.5967 5.32805 0.00337279 -0.941123 -0.338048
-28.386 11.219 6.37973 0.00326127 -0.94115 -0.337974
-28.3835 10.8172 7.49992 0.00277486 -0.941399 -0.337282
-28.383 10.711 7.79652 0.00151271 -0.941148 -0.337991
-23.027 10.5133 8.39811 0.0020199 -0.941948 -0.335752
-23.0304 10.8503 7.45251 0.00175866 -0.94221 -0.33502
-23.0343 11.2753 6.25996 0.000253101 -0.941688 -0.336486
-23.0379 11.6584 5.18784 0.000593972 -0.941813 -0.336138
-23.0413 12.0601 4.06321 -0.000106647 -0.941643 -0.336613
-23.0442 12.3669 3.20404 -0.000738877 -0.942118 -0.335281
-23.0474 12.676 2.33612 -0.000998101 -0.942012 -0.335579
-23.0514 13.096 1.15235 -0.00374107 -0.941677 -0.336496
-23.0542 13.4214 0.243133 -0.00339115 -0.941681 -0.33649
-23.0569 13.7589 -0.697072 0.000594722 -0.941729 -0.336372
-23.0598 14.1357 -1.76068 -0.00104957 -0.942319 -0.334714
-23.0599 14.147 -1.79226 -0.00373529 -0.942382 -0.334519
-21.977 12.7494 2.1278 0.00168419 -0.942399 -0.334485
-21.9727 12.3498 3.25223 0.0025199 -0.942023 -0.335538
-21.9696 12.0452 4.10721 0.0011078 -0.94157 -0.336815
-21.9655 11.5901 5.38102 0.000760328 -0.941754 -0.3363
-21.9614 11.1578 6.5914 0.00264414 -0.942015 -0.335562
-21.9572 10.7328 7.78863 0.00175781 -0.942209 -0.33502
-21.9557 10.5874 8.19659 0.00345265 -0.942576 -0.333973
-20.8833 10.5674 8.26568 0.00367958 -0.942908 -0.333034
-20.887 10.9286 7.24726 0.00410569 -0.942392 -0.334486
-20.8916 11.392 5.94177 0.00339602 -0.942245 -0.334906
-20.8945 11.6961 5.08665 0.00110635 -0.94157 -0.336815
-20.8979 12.0243 4.17041 0.0014782 -0.94144 -0.337177
-19.8212 11.5363 5.5508 0.0057024 -0.941799 -0.336129
-19.8172 11.1605 6.6043 0.00434971 -0.94219 -0.33505
-19.8141 10.8462 7.49022 0.00284186 -0.942519 -0.33414
-19.8123 10.6433 8.063 0.00443788 -0.943058 -0.332598
-18.742 10.8815 7.40703 0.00650321 -0.942029 -0.33547
-18.7348 10.324 8.99195 0.0065041 -0.94344 -0.331478
-18.7347 10.3131 9.02286 0.0082461 -0.941424 -0.337126
-17.6595 10.2114 9.33458 0.00762476 -0.942574 -0.333911
-17.6629 10.449 8.66375 0.00817228 -0.943085 -0.332451
-29.4881 14.333 -2.2488 0.00885513 -0.939007 -0.343785
-29.4918 14.771 -3.44412 0.00622132 -0.937896 -0.346861
-29.4941 15.2125 -4.63843 -0.00234267 -0.938631 -0.344915
-29.494 15.5895 -5.65585 -0.00592603 -0.937376 -0.348268
-29.4932 15.8534 -6.36608 -0.00591052 -0.937358 -0.348317
-29.4929 15.9308 -6.57444 -0.00657143 -0.936994 -0.349283
