-9.11577 24.335 -26.2523 -0.0177273 -0.923626 -0.382884
-8.09718 24.478 -26.647 -0.0171276 -0.922616 -0.385326
-7.18548 24.6099 -26.9822 -0.00558121 -0.921716 -0.387826
-6.01197 24.7576 -27.36 -0.0121644 -0.920837 -0.389759
-4.80111 24.8824 -27.6849 -0.00738909 -0.920824 -0.389907
-3.70368 24.9442 -27.8434 -0.00994392 -0.916874 -0.399053
-2.61365 25.0048 -27.9965 -0.00397002 -0.923072 -0.384607
-1.34328 25.0702 -28.1665 -0.0048258 -0.916439 -0.400146
-0.122666 25.0634 -28.168 -0.00690508 -0.915095 -0.403178
1.00187 25.061 -28.1601 0.00878005 -0.919497 -0.392999
2.00024 25.0657 -28.1488 0.00873561 -0.919498 -0.392997
3.30881 25.033 -28.0533 -0.000903518 -0.920931 -0.389724
4.72179 24.9387 -27.8198 0.00726159 -0.920648 -0.390326
6.28015 24.8201 -27.5022 0.011841 -0.916288 -0.400346
7.80526 24.6541 -27.0524 0.015459 -0.923945 -0.382212
9.24917 24.4793 -26.5823 0.0111761 -0.921409 -0.388433
10.4658 24.2758 -26.0474 0.0153556 -0.927456 -0.373617
11.2798 24.0972 -25.5683 0.0259182 -0.926189 -0.376031
12.5216 23.8603 -24.9057 0.0200933 -0.922074 -0.386492
13.6088 23.631 -24.2801 0.023417 -0.926798 -0.374828
14.4008 23.4349 -23.7458 0.0236274 -0.927427 -0.373254
15.2269 23.2114 -23.1282 0.0298931 -0.926477 -0.375162
15.9901 22.9586 -22.4534 0.0251098 -0.92549 -0.377938
16.7146 22.7002 -21.7657 0.0229303 -0.927829 -0.372297
17.4436 22.4491 -21.0972 0.0224475 -0.928441 -0.370798
18.1443 22.2012 -20.4297 0.0335314 -0.928307 -0.370158
18.8049 21.9655 -19.7822 0.0264647 -0.932177 -0.361035
19.3852 21.7192 -19.1058 0.0247236 -0.931413 -0.363123
19.9762 21.43 -18.3207 0.0302213 -0.932817 -0.358989
20.6214 21.0675 -17.3181 0.0366829 -0.931034 -0.363085
21.3528 20.5621 -15.9405 0.0253556 -0.934841 -0.354159
21.8648 20.1382 -14.7846 0.0269063 -0.933622 -0.357229
22.3592 19.6922 -13.5993 0.0256832 -0.93083 -0.36455
22.7068 19.3681 -12.7222 0.0318638 -0.937902 -0.345434
22.9936 19.0669 -11.8916 0.0224722 -0.933956 -0.356668
23.2571 18.6496 -10.7874 0.0185906 -0.934632 -0.35513
23.3779 18.3029 -9.86544 0.023873 -0.933601 -0.357486
23.4915 17.952 -8.93955 0.0127056 -0.935858 -0.352138
23.5597 17.5646 -7.89675 0.014979 -0.937539 -0.347556
23.6043 17.1916 -6.88783 0.0133298 -0.936722 -0.349806
23.6156 16.8161 -5.88318 0.00941868 -0.937 -0.349202
23.5861 16.5011 -5.03846 0.008633 -0.937287 -0.348451
23.5034 16.1757 -4.16378 0.0115652 -0.937502 -0.347782
23.2777 15.7177 -2.94123 0.00508293 -0.937869 -0.34694
23.1177 15.4054 -2.0981 0.00277753 -0.937659 -0.347545
22.8903 15.075 -1.20593 0.00631575 -0.938311 -0.345735
22.6397 14.7596 -0.353395 0.00532386 -0.939029 -0.343793
22.3716 14.4544 0.481036 0.00291707 -0.938697 -0.344713
22.0928 14.1551 1.29017 -0.00261051 -0.937933 -0.346806
21.5571 13.7544 2.37552 -0.0021378 -0.937496 -0.347989
20.8578 13.328 3.53248 -0.00358283 -0.93807 -0.346428
20.2808 12.977 4.49611 -0.009152 -0.937121 -0.348883
19.7379 12.6635 5.35049 -0.00912068 -0.936633 -0.350192
18.9563 12.3149 6.30215 -0.00720323 -0.936933 -0.349434
18.1276 12.0003 7.16667 -0.0108756 -0.936534 -0.350407
17.2519 11.6492 8.13314 -0.0116364 -0.936571 -0.350285
16.6524 11.4175 8.77318 -0.0137829 -0.936721 -0.349806
15.7944 11.1398 9.54804 -0.0148884 -0.936027 -0.351609
14.9866 10.9486 10.0957 -0.0166104 -0.936138 -0.35124
14.12 10.7832 10.5742 -0.0162683 -0.934412 -0.355814
13.3637 10.5849 11.1346 -0.0185464 -0.93441 -0.355715
12.6702 10.3585 11.7635 -0.0178126 -0.933192 -0.358936
11.7417 10.2467 12.102 -0.0198957 -0.932452 -0.360747
10.9369 9.98888 12.8113 -0.0195124 -0.931083 -0.364285
12.0116 10.1528 12.3313 -0.0179688 -0.933206 -0.358892
12.8904 10.0837 12.4669 -0.0178115 -0.933193 -0.358935
14.0501 10.2335 12.0204 -0.0171928 -0.933363 -0.358521
15.0973 10.3282 11.729 -0.0148462 -0.933905 -0.357213
15.9534 10.4477 11.3761 -0.0177687 -0.934882 -0.354514
16.8563 10.5758 11.001 -0.0136655 -0.934595 -0.355451
18.2211 10.6321 10.803 -0.0129591 -0.933758 -0.357669
19.3024 10.8146 10.2884 -0.0118065 -0.933777 -0.357661
20.6561 11.0316 9.67572 -0.00948986 -0.934022 -0.35708
21.9169 11.1563 9.316 -0.0150408 -0.93047 -0.366056
23.2603 11.1545 9.27106 -0.0126651 -0.930691 -0.365586
24.5014 11.1142 9.34143 -0.0082204 -0.931289 -0.364185
25.7272 11.1232 9.29735 -0.00598283 -0.93146 -0.363795
26.6317 11.133 9.26266 -0.00224928 -0.931735 -0.363128
27.5395 11.1628 9.18448 0.00014217 -0.932107 -0.362184
28.4908 11.2182 9.04228 -0.00019264 -0.932733 -0.360564
29.1993 11.6352 7.95117 -0.00245223 -0.933034 -0.359777
29.3552 12.0821 6.7963 -0.00184166 -0.93249 -0.361191
29.5006 12.5065 5.69992 -0.00408026 -0.932252 -0.361786
29.6016 12.8309 4.86283 -0.00467761 -0.932682 -0.360667
29.7618 13.354 3.52473 -0.00975997 -0.931338 -0.364021
29.9821 13.6799 2.67487 -0.00254636 -0.934134 -0.356912
30.1663 14.0004 1.84815 -0.00187702 -0.931208 -0.364484
30.2961 14.4402 0.729231 -0.00466435 -0.929206 -0.369533
30.3288 14.7819 -0.137467 0.00813497 -0.932525 -0.360994
30.4288 15.1994 -1.22777 0.00790977 -0.934159 -0.356769
30.4851 15.5719 -2.18582 0.00420035 -0.931017 -0.364948
30.5291 15.98 -3.22082 0.00316468 -0.928299 -0.371822
30.5613 16.3296 -4.11324 0.0149051 -0.931074 -0.36451
30.4665 16.8042 -5.32489 0.0203946 -0.931556 -0.363025
30.2191 17.2223 -6.42243 0.0295471 -0.931053 -0.363579
29.8978 17.6786 -7.58646 0.039561 -0.929568 -0.366334
29.6231 18.036 -8.53265 0.0370896 -0.931237 -0.362522
29.2341 18.4964 -9.72189 0.0519133 -0.927534 -0.370116
28.8288 18.8793 -10.7276 0.0521678 -0.9248 -0.376861
28.4825 19.2581 -11.7107 0.0531374 -0.9262 -0.37327
28.1738 19.6388 -12.6994 0.0597661 -0.924449 -0.376594
27.7614 20.1346 -13.9926 0.0667737 -0.925387 -0.373095
27.3468 20.5454 -15.0734 0.0640816 -0.922538 -0.380549
27.0281 20.8476 -15.8761 0.0753946 -0.92294 -0.377487
26.6477 21.253 -16.9298 0.0690887 -0.920056 -0.385647
26.3311 21.5903 -17.7883 0.0676999 -0.918974 -0.388462
25.9461 22.0035 -18.8082 0.0599666 -0.912398 -0.404886
25.5889 22.4048 -19.7952 0.0843904 -0.915355 -0.393705
25.2428 22.7345 -20.6252 0.0691508 -0.913711 -0.400316
24.8421 23.1301 -21.6073 0.0576003 -0.910406 -0.409346
24.2686 23.5291 -22.5844 0.0799274 -0.909389 -0.408196
23.7716 23.8384 -23.3675 0.0577047 -0.906395 -0.418471
23.1657 24.2407 -24.3598 0.0837413 -0.91013 -0.405771
22.5822 24.6133 -25.3019 0.0682629 -0.903747 -0.422407
22.1542 24.9675 -26.1012 0.0506414 -0.907013 -0.417387
21.6305 25.3376 -26.9779 0.0647627 -0.907416 -0.415213
20.8305 25.7928 -28.099 0.0650827 -0.907648 -0.414656
20.0111 26.2802 -29.2919 0.0419041 -0.916599 -0.397605
19.5558 26.5734 -30.0147 0.0279972 -0.913445 -0.405979
18.8836 27.0267 -31.0885 0.0130563 -0.922036 -0.386807
18.2016 27.4722 -32.196 0.0124296 -0.924853 -0.38012
17.7241 27.8065 -33.0263 0.012415 -0.925018 -0.379721
17.1768 28.1304 -33.8344 0.0123792 -0.925334 -0.37895
16.6144 28.4691 -34.6819 0.00904249 -0.926872 -0.375268
15.9687 28.8743 -35.6981 0.00879623 -0.927029 -0.374887
15.3191 29.2882 -36.7345 0.00871671 -0.926495 -0.376205
14.844 29.5737 -37.4483 0.00831126 -0.926596 -0.375966
14.1125 29.9385 -38.3591 0.00658615 -0.926225 -0.376913
13.0835 30.0487 -38.6501 0.00675772 -0.926601 -0.375984
12.096 30.023 -38.5963 0.00279734 -0.926464 -0.376372
10.9072 29.9993 -38.543 0.000833896 -0.925872 -0.377837
9.74795 29.9952 -38.532 -0.00117694 -0.925411 -0.378962
8.25703 29.9845 -38.5005 -0.00236723 -0.924967 -0.380039
7.14479 29.9679 -38.4597 -0.000560701 -0.92418 -0.381958
6.01934 29.9493 -38.4143 0.000917472 -0.924029 -0.382319
4.80462 29.9442 -38.402 0.00154937 -0.923501 -0.383589
3.58552 29.9313 -38.3788 0.0020063 -0.922945 -0.384928
2.43929 29.9102 -38.3362 0.00173128 -0.922222 -0.386652
1.34407 29.8944 -38.2979 -0.000709786 -0.921965 -0.387273
0.220904 29.8613 -38.2165 -0.00105611 -0.921968 -0.387265
-1.32815 29.8472 -38.1791 -0.00083122 -0.922128 -0.386883
-2.29809 29.8617 -38.2123 0.000381996 -0.922243 -0.386611
-3.27892 29.8653 -38.2218 -0.000892729 -0.922844 -0.385168
-4.43013 29.8755 -38.2482 0.00117201 -0.923507 -0.383579
-5.5026 29.868 -38.239 0.00433559 -0.923758 -0.382953
-6.83186 29.9144 -38.3621 0.00193894 -0.923943 -0.382525
-7.91978 29.955 -38.4682 0.00272433 -0.924589 -0.380953
-8.85122 29.9582 -38.4794 0.00210878 -0.925115 -0.379679
-9.86836 29.9744 -38.5197 -0.00123216 -0.92567 -0.378329
-11.2041 30.0186 -38.6235 -0.0009645 -0.925776 -0.378071
-12.1156 30.0578 -38.7169 -0.00110275 -0.925727 -0.378191
-13.095 30.0923 -38.7987 -0.00190699 -0.925373 -0.379052
-14.5797 30.1147 -38.8468 -0.00226575 -0.924988 -0.379988
-16.0348 29.9718 -38.483 -0.00506415 -0.925337 -0.379111
-16.7877 29.6174 -37.5998 -0.00735795 -0.927031 -0.374912
-17.4819 29.151 -36.4368 -0.00758443 -0.926095 -0.377214
-18.0111 28.7308 -35.3917 -0.00856577 -0.926942 -0.375105
-18.5789 28.2586 -34.21 -0.00926234 -0.926987 -0.374979
-19.0705 27.8847 -33.2746 -0.00985611 -0.926438 -0.376319
-19.5258 27.5359 -32.4066 -0.0120655 -0.925947 -0.37746
-20.0538 27.1339 -31.4075 -0.0116834 -0.925068 -0.379623
-20.59 26.7102 -30.3472 -0.0152806 -0.926144 -0.376861
-21.0708 26.3439 -29.4249 -0.0228171 -0.923633 -0.382398
-21.5543 25.984 -28.5382 -0.031668 -0.920273 -0.389992
-22.231 25.4424 -27.2183 -0.0312608 -0.917516 -0.396468
-22.8101 24.9948 -26.1502 -0.0374496 -0.914703 -0.402301
-23.2716 24.6211 -25.2383 -0.0453767 -0.91536 -0.400064
-23.7107 24.2648 -24.367 -0.0496789 -0.916173 -0.397691
-24.1324 23.9291 -23.5474 -0.0327922 -0.922059 -0.385621
-24.4939 23.6173 -22.7815 -0.0587287 -0.912646 -0.40451
-24.8349 23.3035 -21.9947 -0.0666898 -0.921987 -0.381434
-25.2282 22.9396 -21.0641 -0.0529663 -0.916439 -0.396418
-25.4966 22.598 -20.2589 -0.0704058 -0.920444 -0.384482
-25.7796 22.2397 -19.3494 -0.0687163 -0.921575 -0.382056
-26.1079 21.9149 -18.5176 -0.071943 -0.919029 -0.387568
-26.4707 21.5503 -17.5787 -0.0730141 -0.921483 -0.381495
-26.7817 21.216 -16.7237 -0.0542173 -0.922937 -0.381111
-27.0595 20.8848 -15.8843 -0.0569285 -0.924414 -0.377073
-27.3917 20.446 -14.7391 -0.0606307 -0.925497 -0.373859
-27.6379 20.1332 -13.9278 -0.0530463 -0.92575 -0.374398
-28.006 19.7409 -12.8982 -0.0448963 -0.926907 -0.372463
-28.3238 19.3811 -11.9855 -0.0364491 -0.92532 -0.377431
-28.605 19.0413 -11.1149 -0.0410226 -0.927765 -0.370903
-28.9199 18.7023 -10.2392 -0.0260739 -0.93064 -0.364913
-29.3197 18.3222 -9.24137 -0.040625 -0.927254 -0.372222
-29.6217 18.0007 -8.42348 -0.0295212 -0.931017 -0.363779
-29.9682 17.6084 -7.39147 -0.0194495 -0.929761 -0.36749
-30.188 17.2479 -6.48448 -0.0126508 -0.927929 -0.372543
-30.2641 16.8855 -5.57868 -0.0128143 -0.928078 -0.372166
-30.2081 16.5402 -4.69202 -0.00202956 -0.930788 -0.365504
-30.1304 16.208 -3.85767 0.00154396 -0.928757 -0.370685
-30.0317 15.8168 -2.87764 0.0047782 -0.929933 -0.367667
-29.9094 15.3292 -1.62553 0.00930753 -0.931922 -0.362537
-29.7779 14.9243 -0.577131 0.00963976 -0.932413 -0.361266
-29.6699 14.4018 0.761608 0.00532123 -0.931616 -0.363404
-29.6475 13.8839 2.10394 0.0112888 -0.9322 -0.361766
-29.5392 13.3549 3.47188 0.00584509 -0.931843 -0.362767
-29.5014 12.8011 4.91093 0.00578725 -0.933315 -0.359013
-29.3585 12.33 6.13914 0.00410912 -0.933705 -0.358019
-29.239 11.9643 7.0927 0.00429183 -0.932998 -0.359853
-29.1278 11.6001 8.03342 0.00448037 -0.932314 -0.361622
-28.6951 11.2948 8.82344 0.00110046 -0.931627 -0.363415
-27.1845 11.204 9.05927 0.00151156 -0.932037 -0.362358
-26.0167 11.1749 9.14782 0.00460621 -0.93235 -0.361528
-25.034 11.1325 9.2672 0.00350447 -0.932 -0.362442
-23.9867 11.1097 9.34105 0.0057185 -0.931755 -0.363041
-23.0468 11.1181 9.33748 0.00777796 -0.931358 -0.364021
-21.8341 11.1446 9.29805 0.0110077 -0.932959 -0.359815
-20.7654 11.1369 9.35149 0.0118259 -0.932884 -0.359984
-19.6325 11.0546 9.59339 0.0109928 -0.933727 -0.357783
-18.4238 10.8836 10.0923 0.0168739 -0.933772 -0.357465
-17.6827 10.6886 10.6377 0.0124049 -0.934881 -0.354745
-16.7162 10.5175 11.1338 0.0172457 -0.936183 -0.351091
-15.487 10.4267 11.4253 0.0123729 -0.936989 -0.34914
-14.585 10.3074 11.7747 0.017152 -0.934519 -0.355481
-13.512 10.1741 12.1676 0.0136303 -0.935016 -0.354344
-12.4868 9.95495 12.776 0.0132437 -0.934201 -0.356496
-11.6386 9.8384 13.1122 0.0128795 -0.93326 -0.35897
-10.4618 9.92325 12.9381 0.0160471 -0.932812 -0.360005
-11.1587 10.2788 11.9866 0.0180099 -0.932584 -0.360496
-12.0307 10.4982 11.3764 0.0159918 -0.933175 -0.359066
-13.1173 10.7115 10.7607 0.0193226 -0.934893 -0.354404
-14.0096 10.9382 10.1177 0.0162265 -0.936141 -0.35125
-14.737 11.1169 9.60975 0.0160428 -0.935767 -0.352254
-15.5524 11.304 9.07592 0.0139311 -0.936028 -0.351642
-16.2507 11.5228 8.46148 0.0134775 -0.937241 -0.348422
-16.9083 11.8016 7.69002 0.0105784 -0.937486 -0.347863
-17.5211 12.032 7.05261 0.00779885 -0.937204 -0.348694
-18.3753 12.3772 6.10477 0.00675663 -0.937115 -0.348952
-18.9833 12.6992 5.22891 0.00559543 -0.937462 -0.348043
-19.6184 13.0939 4.15765 0.00511277 -0.937095 -0.349038
-20.3011 13.5535 2.91649 0.00317585 -0.936981 -0.349367
-20.8129 13.9486 1.85067 0.00220421 -0.937809 -0.347136
-21.123 14.2515 1.03243 0.00410346 -0.937492 -0.347982
-21.5379 14.6257 0.0241672 0.000656346 -0.936986 -0.349367
-21.9839 15.058 -1.1397 0.000351218 -0.937357 -0.348369
-22.2324 15.3796 -2.00485 0.000960542 -0.937396 -0.348263
-22.4692 15.7635 -3.03894 0.000218912 -0.937023 -0.349265
-22.5911 16.0788 -3.88152 -0.000482453 -0.936619 -0.350349
-22.6761 16.3968 -4.73322 -0.00230617 -0.93829 -0.345842
-22.7187 16.7621 -5.72177 -0.00894229 -0.937863 -0.34689
-22.7274 17.1184 -6.6836 -0.00992702 -0.937838 -0.346928
-22.6865 17.461 -7.61319 -0.0112974 -0.937795 -0.347003
-22.5547 17.8752 -8.74537 -0.0147447 -0.9392 -0.343053
-22.4092 18.2772 -9.84205 -0.0145994 -0.937132 -0.348671
-22.2551 18.6278 -10.7855 -0.0243829 -0.935705 -0.351872
-22.0158 19.0332 -11.8991 -0.00909417 -0.937499 -0.347864
-21.6873 19.4546 -13.028 -0.0194468 -0.933622 -0.357721
-21.285 19.8748 -14.1556 -0.0287272 -0.934154 -0.355711
-20.9099 20.2102 -15.059 -0.0254953 -0.932434 -0.36044
-20.4107 20.6008 -16.1064 -0.0276385 -0.933415 -0.357722
-19.9364 20.9152 -16.9701 -0.0298828 -0.931851 -0.361565
-19.3782 21.2565 -17.8937 -0.0377206 -0.930932 -0.363239
-18.8605 21.5324 -18.6579 -0.0382179 -0.931525 -0.361665
-18.1867 21.8417 -19.5081 -0.0273481 -0.929969 -0.366503
-17.2899 22.1929 -20.4611 -0.0352136 -0.927909 -0.371139
-16.634 22.4429 -21.1352 -0.0191205 -0.92987 -0.367384
-15.8302 22.7304 -21.9009 -0.0195946 -0.929106 -0.369295
-14.8793 23.0839 -22.8454 -0.022341 -0.928982 -0.369449
-13.636 23.455 -23.8326 -0.0212987 -0.924723 -0.380025
-12.8279 23.6459 -24.3399 -0.0231658 -0.926353 -0.375909
-11.9666 23.8008 -24.7922 -0.0289596 -0.927854 -0.371818
-11 23.9758 -25.2881 -0.0201936 -0.925218 -0.378897
-9.77985 24.214 -25.9313 -0.0174512 -0.924396 -0.381028
-9.7123 24.2263 -25.9641 -0.0166919 -0.92362 -0.382946
-9.20899 23.867 -25.1045 -0.0140069 -0.927212 -0.374276
-8.12301 24.0439 -25.5857 -0.014578 -0.926237 -0.37666
-6.99016 24.1933 -25.9927 -0.0124292 -0.926254 -0.376694
-5.90898 24.3232 -26.3333 -0.00846001 -0.922628 -0.385564
-5.02573 24.4381 -26.6204 -0.00443464 -0.923856 -0.382714
-4.07599 24.5073 -26.7941 0.000448668 -0.924563 -0.381029
-2.75934 24.5735 -26.9598 -0.00196056 -0.924829 -0.380377
-1.58888 24.6519 -27.1629 -0.00524345 -0.922817 -0.385202
-0.486311 24.6587 -27.1902 -0.00309631 -0.923307 -0.384051
0.590212 24.6564 -27.1887 0.00230543 -0.924409 -0.381397
1.53126 24.6536 -27.1764 0.00273962 -0.924344 -0.38155
2.85464 24.6343 -27.1102 0.00478934 -0.920762 -0.390053
4.03607 24.5736 -26.9512 0.0062965 -0.92365 -0.383185
5.05354 24.5012 -26.7615 0.00577852 -0.924024 -0.382291
6.30589 24.3948 -26.4796 0.0116436 -0.923786 -0.38273
7.29902 24.2732 -26.152 0.0141167 -0.924033 -0.382051
8.33688 24.1583 -25.8317 0.015688 -0.924042 -0.38197
9.42975 24.0232 -25.4622 0.0149452 -0.927488 -0.373553
10.6304 23.772 -24.7902 0.0183233 -0.925974 -0.377141
11.6132 23.5658 -24.2354 0.020097 -0.926266 -0.376332
12.6758 23.3613 -23.6706 0.0214435 -0.926385 -0.375968
13.6379 23.1317 -23.0376 0.0238421 -0.928054 -0.371681
14.4406 22.9165 -22.4494 0.0235391 -0.928212 -0.371306
15.3488 22.6405 -21.7035 0.0215053 -0.928139 -0.371611
16.0433 22.3949 -21.044 0.0201049 -0.930101 -0.366753
16.8915 22.0935 -20.2281 0.0205342 -0.931199 -0.363932
17.5247 21.8703 -19.6212 0.0214996 -0.932346 -0.360926
18.2169 21.594 -18.8662 0.0239833 -0.932262 -0.360979
18.8341 21.3195 -18.1072 0.0244404 -0.934249 -0.355782
19.3454 21.0447 -17.3536 0.0221864 -0.933882 -0.356892
19.9075 20.6889 -16.3772 0.025526 -0.935779 -0.351663
20.5195 20.257 -15.1894 0.0228612 -0.935306 -0.353101
20.8928 19.9396 -14.3269 0.0160589 -0.933524 -0.358156
21.2774 19.5697 -13.335 0.0145103 -0.936137 -0.351336
21.6545 19.2139 -12.3625 0.0165606 -0.937854 -0.34663
22.0197 18.8065 -11.2608 0.0146254 -0.93413 -0.356633
22.2262 18.4728 -10.3757 0.0176869 -0.935575 -0.352677
22.4159 18.0175 -9.15126 0.0147597 -0.935615 -0.352703
22.4988 17.5687 -7.94393 0.0107926 -0.937397 -0.348096
22.5378 17.2427 -7.06237 0.0105079 -0.938066 -0.346297
22.5517 16.7878 -5.83458 0.00786822 -0.937581 -0.347673
22.5089 16.4528 -4.92765 0.00607718 -0.937769 -0.347204
22.3701 16.1053 -3.99742 0.00583226 -0.936679 -0.350141
22.2062 15.7679 -3.08787 0.00201982 -0.938458 -0.345386
21.9944 15.3492 -1.95455 0.00209455 -0.937824 -0.347104
21.7063 14.973 -0.940838 0.00205218 -0.937575 -0.347777
21.3191 14.5434 0.241518 -0.00277545 -0.939216 -0.343308
20.9551 14.1934 1.19508 -0.00218522 -0.938232 -0.345997
20.5289 13.8842 2.03571 -0.0109863 -0.938213 -0.345885
19.9086 13.518 3.0454 -0.010349 -0.937606 -0.347544
19.3473 13.1826 3.96583 -0.0103351 -0.937314 -0.348329
18.893 12.9071 4.72191 -0.0114474 -0.937007 -0.349122
18.2144 12.5856 5.60313 -0.0118997 -0.936181 -0.351317
17.4925 12.3193 6.33674 -0.0131266 -0.936114 -0.351449
16.8433 12.0679 7.03327 -0.0144383 -0.936108 -0.351415
15.9671 11.7084 8.02783 -0.0170615 -0.935876 -0.351915
14.9029 11.3941 8.91406 -0.0170425 -0.935741 -0.352276
14.1229 11.2159 9.4262 -0.0183008 -0.935863 -0.351887
12.8914 10.9252 10.2667 -0.0192774 -0.935777 -0.352066
12.1408 10.7488 10.7707 -0.0199986 -0.934251 -0.356054
11.1455 10.5572 11.3323 -0.0203389 -0.933421 -0.358195
10.3064 10.4321 11.7058 -0.0223349 -0.932716 -0.35992
9.2501 10.2741 12.174 -0.0205094 -0.929313 -0.368722
8.24621 10.1542 12.5288 -0.0181198 -0.929068 -0.369465
7.15803 10.0165 12.9228 -0.0143872 -0.927617 -0.373256
6.3845 9.85125 13.3645 -0.0151102 -0.927527 -0.37345
5.15588 9.74815 13.658 -0.010847 -0.926304 -0.376619
3.73437 9.73594 13.7214 -0.00792838 -0.926118 -0.377151
2.32414 9.73736 13.7421 -0.00559724 -0.925993 -0.377498
1.42197 9.62905 14.0116 0.00343447 -0.925147 -0.379594
2.28145 9.54936 14.201 -0.00358942 -0.924968 -0.380029
3.39439 9.30261 14.7907 -0.00603822 -0.925615 -0.378414
4.64672 9.33275 14.6909 -0.00913153 -0.926028 -0.377343
5.52485 9.42475 14.4421 -0.00962725 -0.926207 -0.376892
6.81851 9.50632 14.2018 -0.0105915 -0.926828 -0.375334
7.74904 9.54298 14.08 -0.0133803 -0.928291 -0.371614
8.67962 9.61044 13.8768 -0.0156198 -0.929872 -0.367552
9.8224 9.5505 13.9836 -0.0135408 -0.930344 -0.366438
10.852 9.5727 13.8813 -0.0176539 -0.931543 -0.363198
11.9695 9.68947 13.5322 -0.0167782 -0.932014 -0.362031
13.2151 9.70097 13.4436 -0.016177 -0.932497 -0.360815
14.5264 9.81776 13.0821 -0.0154924 -0.933442 -0.358391
15.5913 9.92062 12.771 -0.0150396 -0.933159 -0.359148
16.8497 10.1692 12.0657 -0.015539 -0.933724 -0.357656
18.0493 10.1847 11.977 -0.0129358 -0.933745 -0.357706
19.0226 10.2364 11.8018 -0.0157526 -0.931685 -0.362914
19.9652 10.4974 11.0947 -0.0118077 -0.933776 -0.357662
20.9136 10.6557 10.6411 -0.0196982 -0.932052 -0.361789
22.0062 10.7754 10.281 -0.0168473 -0.931155 -0.36423
23.0718 10.7796 10.2338 -0.0118038 -0.931015 -0.364791
24.0718 10.7102 10.3839 -0.00864278 -0.931117 -0.364619
25.42 10.726 10.3172 -0.0056615 -0.930908 -0.36521
26.4025 10.7296 10.2963 -0.00014321 -0.930131 -0.367229
27.5234 10.7394 10.2724 0.00049807 -0.931048 -0.364893
28.7214 10.7984 10.1179 -0.000452533 -0.931567 -0.363569
29.7366 10.8629 9.95475 0.00103133 -0.931768 -0.363053
30.0751 11.177 9.1451 -0.00214188 -0.932952 -0.359977
30.2076 11.4956 8.31265 6.15331e-05 -0.93394 -0.357429
30.3791 12.0382 6.9051 -0.0019547 -0.932846 -0.360269
30.5591 12.4872 5.73785 -0.00323555 -0.932738 -0.360538
30.7014 12.9759 4.4704 -0.00527593 -0.933112 -0.359548
30.9174 13.4514 3.24257 -0.0101286 -0.931861 -0.362674
31.1286 13.78 2.39221 -0.0103324 -0.931139 -0.364511
31.3155 14.1896 1.34656 -0.0167456 -0.931459 -0.363392
31.4103 14.6717 0.107515 -0.0178287 -0.931278 -0.363872
31.5096 15.0275 -0.80242 -0.0153562 -0.931533 -0.363314
31.5648 15.4679 -1.92328 -0.00530085 -0.929253 -0.369407
31.608 15.9155 -3.05695 -0.00278109 -0.929077 -0.369875
31.6372 16.4453 -4.38656 -0.00239344 -0.930038 -0.367445
31.5791 16.883 -5.48436 0.00369712 -0.926297 -0.376777
31.3915 17.2238 -6.35713 0.0153184 -0.930915 -0.364915
31.1534 17.5682 -7.21612 0.0192367 -0.926857 -0.374802
30.897 17.8992 -8.06797 0.0284567 -0.929836 -0.366872
30.6456 18.2279 -8.91819 0.0213628 -0.92397 -0.381813
30.4061 18.562 -9.7489 0.0280958 -0.925358 -0.378046
29.9433 19.0182 -10.9243 0.040362 -0.927459 -0.37161
29.5058 19.4924 -12.1466 0.041 -0.925985 -0.375129
29.2465 19.8336 -13.0291 0.0530929 -0.924762 -0.376814
28.8479 20.287 -14.1899 0.0571965 -0.924671 -0.376419
28.4137 20.6992 -15.2794 0.0607878 -0.925179 -0.374632
27.9915 21.1133 -16.3666 0.0575266 -0.925958 -0.373219
27.6852 21.4616 -17.2683 0.0582054 -0.919476 -0.388794
27.2645 21.913 -18.3926 0.0610152 -0.918738 -0.390125
26.8932 22.2898 -19.3489 0.0506138 -0.92228 -0.383194
26.6367 22.6104 -20.1518 0.0511441 -0.916874 -0.395723
26.2243 23.0078 -21.108 0.0607569 -0.91675 -0.394814
25.8885 23.3313 -21.9093 0.0303032 -0.913432 -0.405777
25.5069 23.662 -22.692 0.0438559 -0.916452 -0.397623
25.018 23.964 -23.4644 0.0495343 -0.918998 -0.391137
24.494 24.3203 -24.33 0.0522904 -0.911269 -0.408479
24.0071 24.6266 -25.095 0.0603669 -0.917715 -0.392568
23.4239 24.9865 -26.0233 0.0449484 -0.914811 -0.401373
22.8882 25.38 -26.9768 0.0304385 -0.911907 -0.409146
22.4173 25.6868 -27.6902 0.0109928 -0.918061 -0.396286
21.8862 25.9892 -28.4347 0.0339975 -0.924188 -0.380421
21.3828 26.2603 -29.137 0.0331677 -0.923099 -0.383128
20.729 26.6694 -30.1686 0.0241071 -0.921414 -0.387831
20.062 27.0954 -31.2188 0.0170132 -0.920149 -0.391128
19.5649 27.4297 -32.0407 0.0149576 -0.925517 -0.378411
19.0202 27.7751 -32.9069 0.0149207 -0.925496 -0.378463
18.5061 28.1138 -33.7532 0.0124875 -0.926183 -0.376867
17.9356 28.4475 -34.5903 0.010932 -0.926539 -0.376036
17.3694 28.7888 -35.4518 0.0103555 -0.926957 -0.375023
16.7668 29.1709 -36.4099 0.00949897 -0.926691 -0.375704
16.2996 29.469 -37.1571 0.00920738 -0.927159 -0.374554
15.6984 29.8322 -38.0686 0.00742657 -0.926492 -0.376241
15.0874 30.2052 -38.9967 0.00707952 -0.926136 -0.377123
14.2629 30.4514 -39.6177 0.00519282 -0.926424 -0.376446
13.3708 30.4741 -39.6886 0.00622776 -0.92579 -0.377984
12.2523 30.4318 -39.6009 0.00402303 -0.926006 -0.377484
11.2329 30.4038 -39.5348 0.000183435 -0.926079 -0.37733
9.95719 30.4021 -39.5279 -0.00176537 -0.925661 -0.378349
8.96797 30.3932 -39.4985 -0.00372134 -0.924844 -0.380327
8.04421 30.3835 -39.469 -0.00274644 -0.924472 -0.381239
6.77109 30.3725 -39.4363 -0.000792605 -0.92379 -0.3829
5.81227 30.3654 -39.4185 -0.000116196 -0.923907 -0.382618
4.18506 30.3571 -39.3966 -0.00100536 -0.923652 -0.383231
2.68996 30.3414 -39.3606 -0.000825706 -0.922343 -0.386371
1.68214 30.3254 -39.3224 2.34693e-05 -0.921782 -0.387709
0.77606 30.311 -39.289 0.000375426 -0.921925 -0.387369
-0.524602 30.2631 -39.1705 -0.00202124 -0.92191 -0.387398
-1.72269 30.2832 -39.217 -0.000586487 -0.921578 -0.388191
-3.03512 30.2917 -39.2414 0.00114027 -0.922787 -0.385309
-4.38096 30.3049 -39.2819 0.00195285 -0.923228 -0.384247
-5.71854 30.2918 -39.2626 0.00382442 -0.923507 -0.383561
-6.82895 30.3312 -39.3678 0.00373538 -0.923673 -0.383163
-7.89956 30.3548 -39.4398 0.00479698 -0.925614 -0.378439
-8.84022 30.3602 -39.461 0.00291157 -0.925377 -0.379037
-9.75226 30.3706 -39.4881 -0.000197276 -0.926035 -0.377434
-10.7222 30.3978 -39.5565 -0.00100514 -0.926497 -0.376297
-12.2638 30.4717 -39.7309 -0.00118885 -0.926002 -0.377517
-13.2825 30.5014 -39.7991 -0.00208538 -0.926026 -0.377453
-14.6536 30.521 -39.8415 -0.00207325 -0.926532 -0.376208
-16.2223 30.4839 -39.7339 -0.005698 -0.926465 -0.376337
-16.9766 30.2711 -39.1965 -0.00655718 -0.925791 -0.377973
-17.597 29.9322 -38.3541 -0.0100243 -0.926134 -0.377061
-18.0961 29.5968 -37.5162 -0.00939446 -0.926375 -0.376485
-18.5689 29.2491 -36.6514 -0.0113025 -0.92584 -0.37774
-19.183 28.7641 -35.4395 -0.0133002 -0.925842 -0.377677
-19.606 28.4205 -34.5807 -0.0123944 -0.926977 -0.374912
-20.065 28.0688 -33.6981 -0.0118259 -0.926169 -0.376922
-20.6131 27.6384 -32.6228 -0.0123953 -0.92583 -0.377737
-21.1781 27.2319 -31.6052 -0.0131936 -0.926196 -0.376811
-21.6779 26.8331 -30.6082 -0.0112934 -0.926656 -0.37574
-22.255 26.3941 -29.5119 -0.00793514 -0.926252 -0.376822
-22.777 25.9879 -28.5072 -0.0133422 -0.924876 -0.380034
-23.3706 25.5311 -27.3783 -0.0135891 -0.9242 -0.381666
-23.9102 25.1207 -26.3661 -0.0135363 -0.923844 -0.382529
-24.3051 24.7956 -25.5797 -0.0255567 -0.923496 -0.382756
-24.8734 24.359 -24.4997 -0.0301159 -0.919497 -0.391933
-25.3264 24.0267 -23.6794 -0.0327944 -0.922059 -0.385623
-25.7085 23.6583 -22.759 -0.032079 -0.926544 -0.374707
-26.06 23.3636 -21.9782 -0.0414689 -0.925742 -0.375714
-26.4244 23.0076 -21.0882 -0.0308782 -0.921349 -0.387508
-26.6861 22.6106 -20.1085 -0.0416734 -0.921485 -0.386172
-27.1155 22.1457 -18.9243 -0.0500747 -0.926608 -0.372679
-27.5489 21.7085 -17.8061 -0.0508638 -0.922046 -0.383724
-27.9422 21.2804 -16.7243 -0.0417042 -0.923456 -0.381431
-28.2124 20.9359 -15.8435 -0.0468553 -0.930087 -0.364338
-28.4907 20.5753 -14.9129 -0.0442473 -0.92199 -0.384677
-28.7938 20.1886 -13.9284 -0.0335147 -0.926194 -0.375411
-29.3253 19.6442 -12.5579 -0.0247793 -0.927307 -0.37348
-29.5888 19.2854 -11.6501 -0.02454 -0.927269 -0.37359
-29.9445 18.8831 -10.6272 -0.0260763 -0.93064 -0.364913
-30.3589 18.4781 -9.56754 -0.0106124 -0.931871 -0.362634
-30.7644 18.0175 -8.39894 -0.00553694 -0.929223 -0.369475
-31.0586 17.674 -7.52779 -0.00752045 -0.92905 -0.36987
-31.3355 17.2023 -6.34196 -0.00734345 -0.928426 -0.371445
-31.3481 16.8318 -5.41959 -0.00270868 -0.926536 -0.376197
-31.249 16.4117 -4.3727 -0.000500201 -0.929036 -0.369988
-31.1343 15.8714 -3.02128 0.00534157 -0.928557 -0.37114
-31.0491 15.4985 -2.08236 0.00909724 -0.930404 -0.366406
-30.94 15.1565 -1.21809 0.0110637 -0.929308 -0.36914
-30.7597 14.6049 0.209902 0.0166892 -0.931971 -0.362148
-30.7144 14.259 1.10022 0.0154892 -0.932469 -0.360911
-30.705 13.8287 2.21321 0.0115372 -0.932084 -0.362059
-30.6571 13.4688 3.14644 0.00970799 -0.932745 -0.360407
-30.5994 13.0945 4.11898 0.00969379 -0.933256 -0.359081
-30.561 12.7378 5.05051 0.00962321 -0.934326 -0.356289
-30.4047 12.3123 6.16926 0.00925456 -0.934103 -0.356883
-30.2877 11.8342 7.41479 0.00397242 -0.932485 -0.361187
-30.1537 11.3326 8.71348 0.00165644 -0.933055 -0.359729
-30.0059 11.0045 9.56584 0.000487476 -0.933016 -0.359832
-29.475 10.7558 10.2081 7.79726e-05 -0.932572 -0.360984
-28.3324 10.8318 10.01 -0.000696347 -0.931546 -0.363617
-27.3802 10.7783 10.1483 -0.000658156 -0.930992 -0.36504
-26.3818 10.7813 10.1527 0.0091664 -0.930031 -0.367366
-25.3298 10.7237 10.3138 0.00100679 -0.930757 -0.365637
-24.1348 10.7085 10.3656 0.00627148 -0.931015 -0.364928
-22.8851 10.6926 10.4262 0.00470723 -0.930411 -0.366489
-21.9742 10.7199 10.3746 0.0134753 -0.929644 -0.368213
-20.929 10.7368 10.3709 0.0124197 -0.92999 -0.367371
-19.9843 10.6647 10.5894 0.0211333 -0.93259 -0.360318
-19.0992 10.5367 10.9666 0.0168744 -0.933772 -0.357464
-18.3868 10.2903 11.6454 0.0187438 -0.932508 -0.360662
-17.5276 10.1043 12.1648 0.0159747 -0.931878 -0.362421
-16.323 10.0722 12.31 0.0197212 -0.93169 -0.362718
-15.4199 9.95287 12.6548 0.0168144 -0.933137 -0.359097
-14.4515 9.83852 13.0104 0.0202574 -0.933313 -0.358486
-13.5734 9.71847 13.3598 0.0115849 -0.933718 -0.357822
-12.8321 9.5116 13.9229 0.0108606 -0.933499 -0.358416
-11.9933 9.41071 14.2111 0.0118823 -0.933363 -0.358736
-11.0596 9.46726 14.0946 0.010165 -0.932115 -0.36202
-10.0175 9.47902 14.0972 0.0135842 -0.931399 -0.363747
-9.0703 9.38762 14.3674 0.0142122 -0.93145 -0.363592
-8.04094 9.24559 14.765 0.0108691 -0.930548 -0.366007
-6.63634 9.28438 14.7091 0.0101187 -0.929893 -0.367692
-5.47125 9.35758 14.559 0.0118174 -0.929159 -0.369487
-4.22127 9.43956 14.3898 0.0101649 -0.927765 -0.373026
-3.16628 9.60858 13.9949 0.00938903 -0.927408 -0.373932
-3.72381 9.79837 13.5112 0.00980448 -0.926953 -0.375049
-4.81519 9.86433 13.3129 0.0132933 -0.927688 -0.37312
-6.12007 9.9918 12.9463 0.0143008 -0.929355 -0.36891
-7.25358 10.1092 12.6038 0.0173368 -0.93007 -0.366967
-8.38303 10.2584 12.167 0.0182085 -0.930784 -0.365117
-9.41328 10.3889 11.7832 0.0163737 -0.93196 -0.362191
-10.2453 10.5307 11.3807 0.0180106 -0.932584 -0.360496
-11.1842 10.7036 10.8803 0.0176455 -0.933193 -0.358939
-11.9881 10.8853 10.363 0.0187408 -0.934826 -0.354611
-12.781 11.0973 9.76146 0.0192738 -0.934814 -0.354615
-13.7064 11.3228 9.11297 0.0212283 -0.935172 -0.353558
-14.6918 11.5404 8.48417 0.0168224 -0.936966 -0.349016
-15.4737 11.797 7.75965 0.0156248 -0.937137 -0.348609
-16.2541 12.1246 6.84498 0.0119096 -0.936631 -0.350113
-16.9097 12.3477 6.2279 0.0116219 -0.936277 -0.351071
-17.7205 12.7059 5.2432 0.0118019 -0.936896 -0.349409
-18.2093 12.9745 4.51101 0.00956724 -0.936768 -0.349821
-18.7656 13.3289 3.54887 0.00802603 -0.937233 -0.348604
-19.1866 13.6232 2.74235 0.00594496 -0.937448 -0.348066
-19.6318 13.9118 1.96724 0.0047621 -0.936101 -0.351698
-20.083 14.3236 0.85192 0.00596045 -0.93744 -0.348096
-20.5386 14.7411 -0.280282 0.00480115 -0.937333 -0.348401
-20.9343 15.1154 -1.2906 0.00328911 -0.937319 -0.348457
-21.216 15.4793 -2.27013 0.0040637 -0.936383 -0.350948
-21.3898 15.7975 -3.1277 0.000920495 -0.937427 -0.348182
-21.4968 16.1164 -3.98371 -0.00160836 -0.937305 -0.3485
-21.5908 16.4456 -4.87378 -0.00273311 -0.937991 -0.346649
-21.6673 16.8 -5.83527 -0.00215516 -0.93872 -0.344675
-21.6632 17.3724 -7.39229 -0.00337606 -0.938277 -0.345869
-21.4871 17.8862 -8.79852 -0.00376116 -0.939102 -0.343617
-21.3554 18.2336 -9.74735 -0.00440097 -0.938177 -0.346121
-21.1241 18.7172 -11.0648 -0.00781836 -0.938905 -0.344087
-20.867 19.0966 -12.0978 -0.0125614 -0.937454 -0.347857
-20.574 19.4289 -13.0123 -0.0163364 -0.938049 -0.346117
-20.2735 19.7318 -13.8369 -0.0176579 -0.936377 -0.350552
-19.7167 20.2072 -15.1213 -0.0215621 -0.93442 -0.355497
-19.0988 20.6425 -16.3152 -0.0244047 -0.934738 -0.354498
-18.4409 21.0387 -17.4029 -0.0225211 -0.93428 -0.355825
-17.8474 21.3453 -18.2412 -0.0216478 -0.933347 -0.358316
-17.1352 21.6625 -19.107 -0.0195355 -0.933032 -0.359262
-16.5063 21.919 -19.8074 -0.0192231 -0.931862 -0.362288
-15.8503 22.1613 -20.4603 -0.0268411 -0.929849 -0.366962
-14.9767 22.4683 -21.2928 -0.0223653 -0.928537 -0.370565
-14.1121 22.7824 -22.1312 -0.0195169 -0.92924 -0.36896
-13.0706 23.083 -22.9433 -0.0194986 -0.929236 -0.368973
-12.069 23.3281 -23.6092 -0.0279089 -0.926954 -0.374135
-10.7944 23.5555 -24.2564 -0.015566 -0.930735 -0.365363
-9.97004 23.7183 -24.7078 -0.0157028 -0.92902 -0.369659
-9.65812 23.7797 -24.8714 -0.0140074 -0.927212 -0.374275
-9.00125 23.4589 -24.0841 -0.0168154 -0.933982 -0.356882
-7.96044 23.6427 -24.5988 -0.0147848 -0.927876 -0.372595
-7.10576 23.7555 -24.9073 -0.0106576 -0.927469 -0.373748
-5.46188 23.956 -25.4378 -0.00384643 -0.927539 -0.373705
-4.44208 24.0739 -25.7374 -0.00055345 -0.926798 -0.375556
-3.05696 24.1288 -25.8774 -0.00317205 -0.925256 -0.379326
-1.9794 24.2065 -26.0772 -0.00616953 -0.925187 -0.379462
-0.538242 24.2584 -26.2191 -0.00259925 -0.925142 -0.379613
0.405277 24.2785 -26.2696 0.00133251 -0.925426 -0.378926
1.76351 24.2393 -26.1717 0.00132327 -0.924429 -0.381345
3.12175 24.2158 -26.1051 0.00441117 -0.923602 -0.38332
4.019 24.158 -25.951 0.00764733 -0.923707 -0.38302
5.45928 24.056 -25.677 0.00537991 -0.924613 -0.38087
6.74976 23.9199 -25.3047 0.0113541 -0.92651 -0.376098
7.61842 23.8146 -24.9935 0.0110636 -0.93082 -0.365309
8.61253 23.6794 -24.6303 0.00467136 -0.928663 -0.370894
9.59073 23.5275 -24.229 0.01159 -0.928121 -0.372097
10.4306 23.3409 -23.7355 0.0137179 -0.928641 -0.370723
11.5841 23.1109 -23.1076 0.0199085 -0.929385 -0.368569
12.638 22.8882 -22.4859 0.0209557 -0.928931 -0.36966
13.5484 22.669 -21.8904 0.0231622 -0.927403 -0.373334
14.2901 22.4482 -21.2893 0.0263866 -0.928542 -0.370279
15.1396 22.1761 -20.5443 0.0242343 -0.929336 -0.368438
15.9297 21.8833 -19.7473 0.0218065 -0.930954 -0.364484
16.7469 21.5805 -18.9235 0.0227803 -0.93138 -0.363335
17.3635 21.3479 -18.2877 0.0255172 -0.933433 -0.357789
18.0729 20.9333 -17.1377 0.0217173 -0.934424 -0.355497
18.7953 20.5938 -16.1975 0.0210703 -0.936218 -0.350786
19.2039 20.3201 -15.4406 0.0216808 -0.936377 -0.350325
19.7517 19.9151 -14.3282 0.0203036 -0.935924 -0.351615
20.1292 19.5777 -13.4055 0.0155654 -0.935938 -0.351821
20.5702 19.0537 -11.9855 0.0164256 -0.937108 -0.34865
20.9519 18.6368 -10.8602 0.0124976 -0.936101 -0.351458
21.3336 18.1153 -9.44456 0.009276 -0.936527 -0.350473
21.4299 17.5827 -8.01499 0.0109119 -0.937401 -0.348081
21.4925 17.2652 -7.14731 0.00571061 -0.9381 -0.346317
21.4847 16.7659 -5.79262 0.00472417 -0.938314 -0.345752
21.4313 16.4333 -4.89204 0.00392103 -0.938426 -0.345456
21.2617 16.0446 -3.84124 0.00190688 -0.937333 -0.348429
21.0287 15.651 -2.77333 0.000441463 -0.938734 -0.344641
20.8847 15.3202 -1.87999 -0.00328438 -0.938564 -0.345056
20.4862 14.8349 -0.543099 -0.00767015 -0.938937 -0.344003
20.1904 14.5434 0.255416 -0.00636674 -0.938311 -0.345733
19.6941 14.1128 1.44404 -0.0116751 -0.939349 -0.342737
19.0335 13.7579 2.42744 -0.0123708 -0.937772 -0.347031
18.5103 13.4881 3.173 -0.0118319 -0.937199 -0.348595
18.1081 13.1966 3.97023 -0.0128161 -0.937189 -0.348586
17.4351 12.836 4.96502 -0.0181086 -0.935753 -0.352192
16.6899 12.5704 5.70244 -0.0152729 -0.935601 -0.352728
15.972 12.2923 6.47252 -0.0166338 -0.936038 -0.351502
15.1392 11.9647 7.38736 -0.0180615 -0.935703 -0.352327
14.2099 11.6919 8.15684 -0.0171533 -0.935694 -0.352394
13.4611 11.5066 8.68879 -0.0190819 -0.936066 -0.351307
12.4467 11.2616 9.39875 -0.0207013 -0.935681 -0.352237
11.6247 11.0656 9.96572 -0.0241182 -0.935941 -0.351307
10.5461 10.8998 10.4851 -0.0261344 -0.932041 -0.36141
9.48187 10.7349 10.9843 -0.0270526 -0.931489 -0.362756
8.49186 10.5787 11.4487 -0.0249934 -0.928874 -0.369552
7.13312 10.4063 11.9615 -0.02276 -0.926756 -0.374973
6.086 10.2657 12.3514 -0.0157843 -0.926232 -0.376624
4.91187 10.1563 12.6587 -0.011799 -0.926822 -0.375317
3.91584 10.1244 12.7673 -0.00836888 -0.924834 -0.380278
2.69016 10.0837 12.8899 -0.00584279 -0.925033 -0.379842
1.78086 10.0621 12.9567 -0.00164803 -0.925471 -0.37879
0.880608 10.0432 12.9963 0.00359059 -0.925345 -0.379109
-0.0994384 9.98226 13.1354 0.004908 -0.925404 -0.378951
-1.13678 10.0559 12.9402 0.0059197 -0.925284 -0.379228
-2.22113 10.1002 12.808 0.0106312 -0.925871 -0.37769
-3.54916 10.1675 12.6031 0.0125373 -0.9264 -0.376331
-4.71698 10.2626 12.326 0.0146427 -0.927395 -0.373793
-5.88338 10.3533 12.0543 0.0166712 -0.92778 -0.372756
-6.80176 10.4251 11.8263 0.0201072 -0.929569 -0.3681
-8.07267 10.6206 11.2586 0.0200385 -0.930619 -0.365437
-9.13218 10.7661 10.8337 0.0187161 -0.93092 -0.364743
-9.94848 10.8898 10.4715 0.021541 -0.931621 -0.362791
-10.9561 11.0689 9.9436 0.0239129 -0.933437 -0.357938
-11.9559 11.3252 9.21221 0.0228425 -0.933819 -0.357016
-12.9251 11.5984 8.43181 0.0226268 -0.934824 -0.354387
-13.804 11.7777 7.89265 0.0260974 -0.937472 -0.346973
-14.5999 12.0337 7.16035 0.0179008 -0.938095 -0.345903
-15.6234 12.4455 6.01394 0.0141133 -0.935802 -0.352242
-16.3593 12.711 5.27907 0.0141977 -0.936403 -0.350639
-17.1307 13.0824 4.25611 0.0128809 -0.936482 -0.350477
-17.8491 13.5052 3.09499 0.0102593 -0.938067 -0.346297
-18.2229 13.7848 2.33386 0.0085036 -0.936021 -0.351842
-18.8083 14.1276 1.40865 0.010294 -0.936272 -0.351119
-19.1207 14.4283 0.592393 0.0105662 -0.937607 -0.347529
-19.5336 14.8462 -0.546902 0.00598057 -0.937543 -0.347817
-19.9356 15.2391 -1.61535 0.00127647 -0.93775 -0.347308
-20.1309 15.6003 -2.5745 0.00527685 -0.935628 -0.352948
-20.3586 15.9234 -3.44684 0.00812682 -0.937638 -0.34752
-20.4696 16.2311 -4.28862 0.00434973 -0.938015 -0.346568
-20.5446 16.5552 -5.16669 0.00253197 -0.939164 -0.343439
-20.6292 17.044 -6.50791 -0.00228809 -0.938855 -0.344304
-20.5857 17.3589 -7.36567 -0.00110836 -0.938972 -0.343993
-20.4448 17.8612 -8.73914 -0.00211522 -0.93908 -0.343692
-20.3203 18.2081 -9.68629 -0.00372638 -0.939499 -0.342523
-20.157 18.5111 -10.5231 -0.00701444 -0.938935 -0.344024
-19.8316 19.0047 -11.8834 -0.00931856 -0.939604 -0.342135
-19.5141 19.3287 -12.7789 -0.0105848 -0.939469 -0.342467
-19.0733 19.7645 -13.9779 -0.012836 -0.937144 -0.348706
-18.7002 20.052 -14.7762 -0.0207868 -0.935856 -0.351769
-18.1882 20.4119 -15.7542 -0.0147326 -0.935329 -0.353459
-17.5131 20.8272 -16.9009 -0.0196151 -0.935948 -0.351562
-17.0356 21.0922 -17.623 -0.019416 -0.934358 -0.355807
-15.9339 21.5653 -18.9087 -0.0152527 -0.934386 -0.355937
-14.9788 21.9269 -19.9096 -0.0184067 -0.935066 -0.353996
-14.1853 22.1832 -20.6121 -0.014831 -0.929541 -0.36842
-13.4719 22.4235 -21.2562 -0.0190029 -0.930413 -0.366019
-12.7415 22.6557 -21.8828 -0.0174201 -0.9304 -0.366128
-11.948 22.8804 -22.4887 -0.0174821 -0.929734 -0.367817
-10.6083 23.1048 -23.1184 -0.0162334 -0.930619 -0.365628
-9.80414 23.2902 -23.6172 -0.00956285 -0.932439 -0.361169
-9.24278 23.4109 -23.9508 -0.0113773 -0.934026 -0.357025
-22.8884 26.8517 -30.6217 -0.0122032 -0.92545 -0.378674
-23.4828 26.4545 -29.6241 -0.0148427 -0.926921 -0.374964
-23.9011 26.0676 -28.6606 -0.0139056 -0.924695 -0.380455
-24.3994 25.6962 -27.7381 -0.0157371 -0.923675 -0.382852
-24.8303 25.3674 -26.9295 -0.0134017 -0.923859 -0.382498
-25.2918 24.9963 -26.0064 -0.0195236 -0.925126 -0.379151
-25.9751 24.4826 -24.7263 -0.0195602 -0.92297 -0.384363
-26.5335 24.0906 -23.7485 -0.0261365 -0.925012 -0.379038
-26.8636 23.7808 -22.9709 -0.0201108 -0.928875 -0.369845
-27.3061 23.4197 -22.0399 -0.0183258 -0.92822 -0.37158
-27.5945 23.0423 -21.0866 -0.0131327 -0.928195 -0.371859
-27.8207 22.6481 -20.0906 -0.0185363 -0.930057 -0.366882
-28.2806 22.1751 -18.8977 -0.00934537 -0.928377 -0.371522
-28.6403 21.8361 -18.024 -0.0257458 -0.923109 -0.383674
-29.0229 21.4331 -17.0011 -0.030386 -0.928885 -0.369121
-29.2869 21.0908 -16.1267 -0.0188754 -0.929579 -0.368121
-29.6039 20.7753 -15.3185 -0.0213192 -0.927531 -0.37313
-29.7834 20.4139 -14.4149 -0.0219784 -0.92588 -0.377166
-30.2219 19.9496 -13.2741 -0.0113277 -0.925947 -0.377333
-30.5639 19.5674 -12.2952 -0.00913455 -0.929442 -0.368834
-30.829 19.233 -11.4605 -0.00892884 -0.926054 -0.377285
-31.1834 18.8722 -10.5513 -0.0122994 -0.931402 -0.363785
-31.4344 18.5501 -9.73252 4.84246e-05 -0.929521 -0.368767
-31.7855 18.1579 -8.73913 -0.00351643 -0.930381 -0.366564
-32.0934 17.8445 -7.94156 -0.00592745 -0.929627 -0.368455
-32.3554 17.4314 -6.89851 -0.00570161 -0.928707 -0.370771
-32.4592 17.0679 -5.99845 0.000610945 -0.926751 -0.375675
-32.4236 16.7217 -5.14455 0.0010295 -0.926532 -0.376215
-32.2975 16.2742 -4.04235 0.00159642 -0.926563 -0.376137
-32.1706 15.6732 -2.55791 0.0142944 -0.927069 -0.374618
-32.046 15.216 -1.41399 0.0182241 -0.929477 -0.368431
-31.9076 14.8512 -0.473206 0.0122153 -0.932367 -0.361306
-31.8071 14.4247 0.62737 0.0116308 -0.931999 -0.362275
-31.7799 13.9494 1.8639 0.0116554 -0.933407 -0.35863
-31.7168 13.5717 2.84728 0.011485 -0.933015 -0.359654
-31.632 13.0724 4.15185 0.00944854 -0.933828 -0.357593
-31.6403 12.7397 5.01863 0.00837129 -0.934216 -0.356608
-31.4578 12.3272 6.10057 0.014963 -0.934506 -0.355594
-31.4186 11.9685 7.04914 0.00785778 -0.934757 -0.355201
-31.3687 11.5323 8.18499 0.00332565 -0.933578 -0.358359
-31.179 11.1789 9.10698 0.0077218 -0.936292 -0.351013
-31.0793 10.7826 10.1453 -0.00619253 -0.933191 -0.359315
-31.0144 10.4404 11.0314 -0.00312823 -0.933293 -0.359103
-30.2895 10.152 11.7765 4.87248e-05 -0.933089 -0.359645
-29.2478 10.2904 11.41 -0.0126331 -0.932661 -0.360534
-28.2818 10.4394 11.0152 -0.00188571 -0.930545 -0.366174
-27.2575 10.3655 11.2009 -0.000792524 -0.931059 -0.364867
-26.2563 10.3505 11.2466 0.00684093 -0.929723 -0.368189
-24.9809 10.3264 11.3285 0.00180102 -0.931841 -0.362801
-23.9102 10.3158 11.3535 0.00310853 -0.927076 -0.37486
-22.9924 10.2496 11.5507 0.00452949 -0.930617 -0.365967
-22.0386 10.2916 11.4527 -0.0197368 -0.929394 -0.368006
-20.9939 10.3005 11.4456 0.0265726 -0.921306 -0.387637
-20.027 10.2101 11.7466 0.0249217 -0.929901 -0.366929
-19.2769 10.0023 12.3344 0.0266032 -0.931048 -0.363926
-18.3856 9.71412 13.1274 0.0190965 -0.930363 -0.366126
-17.4019 9.66751 13.2902 0.0141825 -0.930796 -0.365257
-16.4783 9.68096 13.3027 0.0217815 -0.929606 -0.36791
-15.7455 9.50847 13.7849 0.0232441 -0.930191 -0.366338
-14.8256 9.47476 13.9312 0.022045 -0.931343 -0.363454
-13.9555 9.33806 14.3217 0.0210864 -0.926608 -0.375438
-13.0142 9.04522 15.1305 0.00544632 -0.934204 -0.356698
-11.9358 8.96261 15.3695 0.0101084 -0.932122 -0.362002
-11.0554 9.04355 15.1857 0.0101724 -0.93211 -0.362032
-9.98436 9.0387 15.2289 0.0110275 -0.93158 -0.363369
-9.1303 8.88457 15.6512 0.0117704 -0.93159 -0.363319
-8.25677 8.73228 16.0624 0.0115238 -0.930132 -0.367045
-7.03334 8.79873 15.9257 0.010171 -0.929738 -0.368082
-6.16531 8.91964 15.6412 0.0054187 -0.929932 -0.367666
-4.80012 8.92164 15.6679 0.00900806 -0.928676 -0.370782
-3.92325 9.01136 15.4661 0.00788955 -0.929643 -0.36833
-2.99947 9.14489 15.1465 0.00602807 -0.92633 -0.376661
-2.08671 9.26552 14.8632 0.00522289 -0.926429 -0.376434
-1.18968 9.35311 14.6595 0.00499183 -0.926129 -0.377174
-0.253303 9.45522 14.4223 0.00526705 -0.92589 -0.377757
0.637505 9.27124 14.8809 0.00176831 -0.926146 -0.377162
1.19017 8.96362 15.6375 -0.00145561 -0.925407 -0.378958
2.22767 9.0015 15.5343 -0.00164966 -0.924202 -0.381901
2.98917 8.7877 16.0559 0.00241963 -0.92599 -0.377539
3.93126 8.82176 15.9605 -0.00660367 -0.926143 -0.377115
4.87799 8.8769 15.8051 -0.00587754 -0.926955 -0.375117
5.81442 9.03832 15.3846 -0.00947162 -0.926234 -0.376831
6.74699 9.08085 15.2545 -0.0105913 -0.926828 -0.375334
7.95649 9.10434 15.1715 -0.00891986 -0.930031 -0.367342
8.96566 9.1826 14.9457 -0.00215847 -0.930054 -0.367321
9.81098 9.06772 15.2127 -0.011773 -0.931476 -0.363612
10.776 9.06778 15.1795 -0.0208069 -0.931582 -0.362934
11.5516 9.26656 14.6366 -0.0155712 -0.930945 -0.364823
12.6313 9.31903 14.4545 -0.0155062 -0.931623 -0.363094
13.719 9.29351 14.473 -0.0181772 -0.932462 -0.360801
14.6449 9.42453 14.0926 -0.0170078 -0.931923 -0.362258
15.9824 9.45667 13.9483 -0.0157625 -0.931172 -0.36424
16.7002 9.68657 13.3126 -0.0280253 -0.9304 -0.365372
17.5193 9.83909 12.8784 -0.0153078 -0.928079 -0.372039
18.6789 9.6455 13.3327 -0.0122148 -0.929289 -0.369137
19.7199 9.86971 12.7152 -0.0176212 -0.932376 -0.361059
20.4295 10.0942 12.0975 -0.0209423 -0.929684 -0.367761
21.6295 10.3664 11.3313 -0.0300597 -0.927448 -0.372741
22.8651 10.4142 11.1508 -0.00443303 -0.928364 -0.371601
24.0835 10.2885 11.4528 -0.00735241 -0.929565 -0.368585
25.0448 10.3271 11.3345 -0.0340652 -0.932313 -0.358705
26.1427 10.3385 11.2885 -0.00488439 -0.928951 -0.370167
27.3692 10.2714 11.4566 0.00277105 -0.927812 -0.373038
28.3571 10.3319 11.3097 -0.00203384 -0.930816 -0.365483
29.3987 10.3228 11.3325 0.00266596 -0.930964 -0.3651
30.4705 10.338 11.2939 -0.00558671 -0.93143 -0.363879
30.8552 10.6695 10.4386 -0.00584984 -0.931645 -0.363322
31.0703 11.0327 9.50535 -0.00262082 -0.932021 -0.362396
31.2367 11.484 8.33345 -0.0100544 -0.933696 -0.357925
31.3253 11.8386 7.40724 -0.00867525 -0.932658 -0.360645
31.4606 12.1614 6.57439 -0.0045593 -0.933154 -0.359448
31.7151 12.7705 4.9642 -0.014054 -0.934453 -0.35574
31.8225 13.0969 4.11541 -0.0183 -0.932402 -0.36096
32.0656 13.5306 2.99434 -0.0189012 -0.930388 -0.366089
32.2577 13.9446 1.91677 -0.0281167 -0.931804 -0.36187
32.4135 14.3022 0.983646 -0.030843 -0.931035 -0.363609
32.4808 14.6598 0.067909 -0.0325211 -0.928919 -0.368836
32.665 15.0617 -0.959805 -0.0241682 -0.930827 -0.36466
32.6594 15.4065 -1.81543 -0.0244396 -0.925708 -0.377441
32.6748 15.8703 -2.96723 -0.0191174 -0.928938 -0.369742
32.69 16.2876 -4.01083 -0.0120052 -0.929424 -0.368818
32.7085 16.7799 -5.22988 -0.00482029 -0.925834 -0.377881
32.6027 17.2398 -6.37165 -0.00223434 -0.928603 -0.371067
32.2789 17.6671 -7.43134 0.00625954 -0.926779 -0.375555
31.9223 18.1099 -8.53964 0.0149884 -0.930231 -0.366568
31.6637 18.4778 -9.4791 0.0151747 -0.923294 -0.383795
31.3375 18.8174 -10.3238 0.0198792 -0.929192 -0.369063
31.0118 19.1841 -11.267 0.0200528 -0.929655 -0.367884
30.5905 19.6462 -12.45 0.0224297 -0.928006 -0.37189
30.248 20.1233 -13.6539 0.0215889 -0.926521 -0.375623
29.8408 20.5468 -14.7218 0.031628 -0.924236 -0.38051
29.3565 20.968 -15.811 0.0481136 -0.927102 -0.371709
28.8946 21.4157 -16.9931 0.0491649 -0.927705 -0.370064
28.5132 21.8852 -18.1591 0.0391526 -0.91998 -0.390005
28.2549 22.2078 -18.9906 0.0488158 -0.929099 -0.366595
27.8886 22.5186 -19.7923 0.0402199 -0.922584 -0.383694
27.5689 22.8513 -20.6276 0.0290367 -0.919394 -0.391988
27.1875 23.3355 -21.7829 0.0308624 -0.925692 -0.376822
26.8474 23.6829 -22.6465 0.0221113 -0.913248 -0.406805
26.3164 24.0218 -23.4601 0.0228007 -0.921613 -0.387441
25.8348 24.3301 -24.2226 0.022506 -0.92463 -0.380189
25.2841 24.7456 -25.2672 0.0181649 -0.925635 -0.37798
24.5478 25.1459 -26.2703 0.015834 -0.924376 -0.381153
24.0797 25.4743 -27.0976 0.0324353 -0.923984 -0.381053
23.5936 25.7956 -27.9044 0.0143912 -0.917941 -0.396455
22.9334 26.1579 -28.7846 0.0215407 -0.922433 -0.385556
22.3544 26.4805 -29.6017 0.0230898 -0.926681 -0.375137
21.6089 26.9469 -30.7867 0.01919 -0.923623 -0.382811
21.1337 27.2403 -31.5121 0.0167641 -0.923069 -0.384268
20.4511 27.7094 -32.6848 0.0192783 -0.925218 -0.378947
19.9649 28.0044 -33.432 0.0240896 -0.925936 -0.376774
19.5291 28.31 -34.1994 0.0139308 -0.926227 -0.37671
18.7481 28.7198 -35.2359 0.0133121 -0.926683 -0.375609
17.9992 29.1753 -36.3864 0.0121831 -0.926588 -0.37588
17.2524 29.6621 -37.6044 0.0120597 -0.92612 -0.377034
16.5985 30.0732 -38.6399 0.0113014 -0.926329 -0.376537
16.0808 30.4216 -39.5079 0.00964358 -0.92642 -0.376368
15.3556 30.8278 -40.5354 0.00538624 -0.929344 -0.369149
14.0402 30.8885 -40.701 0.0054096 -0.927577 -0.373592
13.0184 30.863 -40.6531 0.00618541 -0.927442 -0.373916
11.4657 30.8067 -40.5299 0.00129576 -0.927058 -0.374914
10.46 30.8223 -40.567 -0.00444901 -0.9268 -0.375528
9.4885 30.8021 -40.5042 -0.005252 -0.926208 -0.376976
8.19895 30.7892 -40.4547 -0.00444964 -0.925373 -0.379026
7.1419 30.782 -40.429 -0.00385943 -0.924681 -0.380722
5.77237 30.7766 -40.4088 -0.000285439 -0.923009 -0.384778
4.76753 30.7701 -40.3962 -0.000912389 -0.924456 -0.381288
3.36515 30.769 -40.3789 -0.0044655 -0.922198 -0.386671
2.46116 30.7507 -40.3326 -0.00127102 -0.921322 -0.388798
0.896697 30.7369 -40.2955 0.000616666 -0.920276 -0.39127
-0.0285932 30.7106 -40.2324 -0.00190236 -0.920305 -0.391198
-0.972844 30.7194 -40.2527 0.000799858 -0.921078 -0.389372
-1.9246 30.7476 -40.3217 0.00321419 -0.921816 -0.387615
-2.89467 30.7131 -40.2521 0.00311034 -0.923856 -0.3827
-4.13698 30.7239 -40.2814 0.00210523 -0.922268 -0.386546
-5.48174 30.7215 -40.2937 0.00401549 -0.923265 -0.384143
-6.59303 30.7941 -40.4829 0.00604154 -0.924106 -0.382083
-7.97968 30.7498 -40.4041 0.00526037 -0.924605 -0.38088
-9.58895 30.7549 -40.4303 0.00277551 -0.925386 -0.379015
-10.7947 30.814 -40.5755 -0.00287865 -0.924272 -0.381724
-11.7263 30.8525 -40.6621 0.00103574 -0.924802 -0.380426
-13.0618 30.9015 -40.7855 -0.00180791 -0.927248 -0.374443
-13.9957 30.9131 -40.8098 -0.00114084 -0.927076 -0.374871
-15.3583 30.9215 -40.8216 -0.0047375 -0.926335 -0.376671
-16.3462 30.9165 -40.7961 -0.00401223 -0.926677 -0.375836
-17.3798 30.82 -40.5432 -0.00675844 -0.927446 -0.373896
-18.0075 30.4988 -39.7393 -0.00680669 -0.926522 -0.37618
-18.5946 30.1237 -38.7978 -0.009736 -0.926447 -0.376298
-19.2136 29.6723 -37.67 -0.0119216 -0.926107 -0.377072
-19.786 29.228 -36.5587 -0.0119828 -0.92655 -0.37598
-20.2018 28.886 -35.7007 -0.0164378 -0.924684 -0.38038
-20.6976 28.5232 -34.7942 -0.0152071 -0.926726 -0.37543
-21.1446 28.1837 -33.9422 -0.0139446 -0.925922 -0.377458
-21.5324 27.862 -33.1402 -0.0126201 -0.926029 -0.37724
-21.9746 27.5541 -32.368 -0.0142819 -0.925744 -0.377879
-22.5826 27.0769 -31.1818 -0.014348 -0.925214 -0.379173
-22.6095 27.0547 -31.1267 -0.013252 -0.9248 -0.380218
-9.71089 10.008 12.7491 0.0150651 -0.93205 -0.362013
-10.124 9.93033 12.9336 0.0139978 -0.932372 -0.361229
-8.75399 9.8637 13.1619 0.0155197 -0.931385 -0.363703
-7.71166 9.74638 13.5021 0.0123445 -0.930832 -0.365239
-8.48225 9.89944 13.082 0.0155197 -0.931385 -0.363703
-8.70914 9.9299 12.9939 0.015803 -0.931701 -0.362882
-14.1722 10.6408 10.9052 0.015082 -0.936238 -0.351042
-14.174 10.7106 10.7186 0.0163183 -0.936496 -0.350297
-15.2662 10.6299 10.8877 0.0123733 -0.936989 -0.349139
-15.2726 10.8861 10.2002 0.0118787 -0.93658 -0.350251
-16.3665 10.8887 10.1562 0.0118794 -0.93658 -0.350251
-16.3751 11.2821 9.10361 0.0133733 -0.936723 -0.349815
-17.4606 10.9383 9.98745 0.012405 -0.934881 -0.354745
-17.4674 11.2895 9.0469 0.0103907 -0.936584 -0.350288
-17.4733 11.612 8.18399 0.0103231 -0.9371 -0.348908
-18.5722 12.0086 7.09202 0.00779866 -0.937204 -0.348694
-18.5642 11.5302 8.37451 0.00868814 -0.936791 -0.349781
-18.5582 11.1617 9.35876 0.0119295 -0.93542 -0.353337
-19.6527 11.3064 8.9396 0.00652239 -0.933076 -0.35962
-19.6596 11.7597 7.73908 0.00499531 -0.936647 -0.350238
-19.6643 12.081 6.87807 0.00551244 -0.936965 -0.34938
-19.6702 12.493 5.77327 0.00564755 -0.93719 -0.348773
-19.6734 12.7092 5.19095 0.00509588 -0.937362 -0.34832
-20.7724 13.3833 3.36865 0.00317533 -0.93698 -0.349367
-20.7665 12.9469 4.53548 0.0041663 -0.936854 -0.349697
-20.7604 12.5204 5.68583 0.00406312 -0.937642 -0.34758
-20.7549 12.1046 6.79585 0.00642573 -0.93643 -0.350796
-20.7477 11.6266 8.07016 0.00918161 -0.935299 -0.35374
-20.7439 11.374 8.73778 0.0104513 -0.93407 -0.356938
-21.8364 11.528 8.30435 0.00914426 -0.934138 -0.356794
-21.842 11.8899 7.34661 0.00691752 -0.934979 -0.354637
-21.8472 12.2904 6.28591 0.00373149 -0.935991 -0.352004
-21.852 12.6528 5.32282 0.000590787 -0.936534 -0.350575
-21.8576 13.0799 4.17796 -0.000417742 -0.937382 -0.348302
-21.8641 13.5779 2.84203 -0.000838153 -0.936544 -0.35055
-21.8702 14.0504 1.57347 0.000295692 -0.938353 -0.34568
-21.872 14.2721 0.97502 -0.00279217 -0.937605 -0.347691
-22.9695 15.6178 -2.64283 -0.00664144 -0.936947 -0.349409
-22.9666 15.2057 -1.5319 -0.0048639 -0.937546 -0.347827
-22.9638 14.7444 -0.287221 -0.00379448 -0.937573 -0.347767
-22.9621 14.4093 0.61443 -0.00455407 -0.937492 -0.347977
-22.9584 13.9565 1.8356 -0.00323654 -0.937702 -0.347425
-22.9535 13.584 2.83327 -0.00255731 -0.936768 -0.349941
-22.9486 13.2198 3.80879 -0.00243726 -0.936846 -0.349734
-22.9431 12.7988 4.93042 -0.00208541 -0.935446 -0.353464
-22.9376 12.3818 6.03666 0.00179276 -0.935142 -0.354268
-22.9332 12.013 7.00713 0.00141256 -0.934275 -0.356549
-22.9286 11.6699 7.90563 0.00410669 -0.93313 -0.359515
-22.9243 11.3932 8.62462 0.00627416 -0.933289 -0.359072
-24.0139 11.3722 8.66438 0.00393244 -0.932804 -0.360363
-24.0186 11.7327 7.72919 0.00428143 -0.933455 -0.358668
-24.0238 12.1225 6.71477 0.00377858 -0.933457 -0.35867
-24.0276 12.4831 5.76627 0.000371784 -0.934932 -0.354828
-24.0338 12.9371 4.5708 -0.000865325 -0.935153 -0.354242
-24.0382 13.2696 3.68607 -0.00560448 -0.935961 -0.352058
-24.0428 13.5894 2.83415 -0.00634389 -0.937204 -0.348725
-24.0476 13.9236 1.93604 -0.0077923 -0.936532 -0.350497
-24.051 14.3515 0.786371 -0.00873888 -0.93733 -0.348334
-24.0526 14.7799 -0.358761 -0.0111464 -0.93629 -0.351051
-24.0555 15.1919 -1.47496 -0.0132962 -0.937692 -0.347213
-24.0578 15.5111 -2.33227 -0.0119595 -0.936646 -0.350073
-24.0601 15.8321 -3.18837 -0.00853758 -0.936541 -0.350453
-24.0619 16.2837 -4.39465 -0.0096478 -0.9364 -0.350802
-24.062 16.6296 -5.3261 -0.0101161 -0.938108 -0.346194
-24.0613 17.0842 -6.55376 -0.0102229 -0.937134 -0.348819
-24.0591 17.5292 -7.75171 -0.0110675 -0.93742 -0.348025
-24.0569 17.8532 -8.60905 -0.0262303 -0.934399 -0.355262
-24.0538 18.1772 -9.46556 -0.0330232 -0.935736 -0.351153
-24.0479 18.6004 -10.5843 -0.0348291 -0.933206 -0.357649
-24.0431 18.925 -11.4277 -0.0370167 -0.93386 -0.355718
-24.0336 19.4063 -12.706 -0.0464423 -0.932423 -0.358373
-24.0201 19.8728 -13.8851 -0.0505479 -0.928372 -0.368199
-24.0067 20.2665 -14.8776 -0.0525895 -0.927472 -0.370175
-23.9879 20.7507 -16.0906 -0.0579707 -0.925249 -0.374905
-23.9685 21.2854 -17.3861 -0.0640745 -0.924491 -0.375781
-23.9518 21.6802 -18.3378 -0.0805754 -0.91909 -0.385721
-23.9351 22.0412 -19.2008 -0.0722861 -0.922847 -0.378322
-23.9149 22.5309 -20.3664 -0.0660913 -0.915971 -0.395764
-23.8972 22.8966 -21.2041 -0.0766562 -0.915877 -0.394073
-23.876 23.3092 -22.1762 -0.0627133 -0.917396 -0.393004
-23.8633 23.6004 -22.8349 -0.0587287 -0.912646 -0.40451
-22.7473 24.4073 -24.8122 -0.0461984 -0.91446 -0.402032
-22.7668 23.9556 -23.7892 -0.0585525 -0.908764 -0.413183
-22.7903 23.4429 -22.6445 -0.0645703 -0.911383 -0.406463
-22.8129 22.9787 -21.5976 -0.0722817 -0.915887 -0.394874
-22.8318 22.5886 -20.6875 -0.0711341 -0.916269 -0.394197
-22.8487 22.1851 -19.7483 -0.0675629 -0.918074 -0.390608
-22.8646 21.8156 -18.8744 -0.062389 -0.918178 -0.391224
-22.8799 21.453 -18.002 -0.0556614 -0.926316 -0.372613
-22.8943 21.0578 -17.0095 -0.0640717 -0.924491 -0.37578
-22.9075 20.6669 -16.0459 -0.0563341 -0.925857 -0.373651
-22.9199 20.3162 -15.169 -0.0441164 -0.931194 -0.361845
-22.9325 19.924 -14.1456 -0.0320621 -0.931747 -0.361689
-22.9454 19.428 -12.8773 -0.0374733 -0.933092 -0.357679
-22.9522 19.1038 -12.0136 -0.0293211 -0.936455 -0.349561
-22.9584 18.7905 -11.1694 -0.0243816 -0.935728 -0.35188
-22.9639 18.4041 -10.16 -0.0177318 -0.935427 -0.353074
-22.9653 18.2714 -9.80316 -0.015509 -0.937545 -0.347519
-21.8449 19.9434 -14.2905 -0.0289155 -0.933677 -0.356947
-21.8302 20.4428 -15.5917 -0.0317114 -0.930578 -0.364718
-21.8139 20.9518 -16.8842 -0.0412005 -0.9301 -0.364988
-21.8008 21.3182 -17.7982 -0.0430369 -0.926433 -0.373991
-21.7832 21.8128 -19.0401 -0.0546562 -0.923245 -0.380304
-21.7686 22.1644 -19.8785 -0.0593244 -0.920151 -0.387044
-21.7488 22.6569 -21.0368 -0.0606072 -0.916348 -0.395768
-21.7309 23.0763 -22.0128 -0.069129 -0.913538 -0.400835
-21.7002 23.6656 -23.327 -0.0755033 -0.90824 -0.411582
-21.6769 24.1452 -24.3829 -0.0718557 -0.904109 -0.421217
-21.6562 24.5807 -25.3478 -0.0517474 -0.910629 -0.409971
-21.6357 25.0777 -26.4286 -0.0512567 -0.907332 -0.417278
-21.6253 25.3777 -27.1171 -0.0334423 -0.917612 -0.396069
-20.5152 26.2264 -29.1892 -0.0181546 -0.919998 -0.391501
-20.5279 25.7055 -27.9759 -0.044053 -0.917301 -0.39575
-20.5457 25.2324 -26.9095 -0.0516661 -0.908392 -0.414916
-20.5682 24.7324 -25.8255 -0.0779424 -0.899177 -0.430587
-20.5988 24.1376 -24.5567 -0.0783944 -0.904454 -0.419306
-20.6168 23.7538 -23.7151 -0.0681274 -0.910659 -0.407502
-20.6351 23.3764 -22.8739 -0.0653595 -0.909908 -0.409629
-20.6607 22.84 -21.6277 -0.0632961 -0.916944 -0.393963
-20.6781 22.4048 -20.5998 -0.05401 -0.919169 -0.390143
-20.6942 21.9744 -19.567 -0.0404932 -0.928173 -0.369939
-20.706 21.5934 -18.6098 -0.0406824 -0.928289 -0.369627
-20.7203 21.1984 -17.6209 -0.0418536 -0.927129 -0.372397
-20.729 20.9364 -16.9591 -0.0298832 -0.931866 -0.36157
-19.6217 21.5801 -18.7003 -0.0410219 -0.929752 -0.365894
-19.6101 21.9343 -19.5897 -0.0438214 -0.927952 -0.370114
-19.5921 22.5082 -21.0137 -0.0513666 -0.923328 -0.380562
-19.5712 23.0053 -22.1898 -0.0645744 -0.916547 -0.39468
-19.5504 23.4725 -23.269 -0.0677123 -0.912399 -0.403663
-19.526 24.0115 -24.4726 -0.0720945 -0.906787 -0.41538
-19.4997 24.549 -25.6303 -0.0713153 -0.898943 -0.432222
-19.4784 24.9539 -26.4743 -0.072415 -0.900169 -0.429479
-19.4566 25.3695 -27.3576 -0.0637116 -0.900338 -0.430503
-19.4376 25.8587 -28.4129 -0.0290567 -0.911608 -0.410032
-19.4255 26.2949 -29.4007 -0.0199771 -0.922047 -0.386562
-19.4164 26.8664 -30.7748 -0.0112214 -0.92375 -0.382831
-19.4141 27.0919 -31.3247 -0.0116835 -0.925068 -0.379623
-18.3188 27.9591 -33.4769 -0.00955283 -0.926558 -0.376031
-18.3215 27.5725 -32.5265 -0.00959413 -0.925529 -0.378556
-18.3255 27.0611 -31.2806 -0.00913078 -0.924603 -0.380822
-18.3324 26.5461 -30.0646 -0.0441833 -0.914903 -0.401248
-18.3468 26.0691 -29.0021 -0.049799 -0.905869 -0.420621
-18.3705 25.497 -27.7591 -0.0524347 -0.90702 -0.417811
-18.3969 25.017 -26.7853 -0.0776027 -0.893249 -0.442813
-18.4193 24.6061 -25.9266 -0.0767327 -0.900644 -0.42773
-18.4421 24.1218 -24.8947 -0.0612702 -0.90897 -0.412335
-18.4622 23.6319 -23.799 -0.0532405 -0.910564 -0.409925
-18.4827 23.1724 -22.7516 -0.0494093 -0.920446 -0.387734
-18.4949 22.827 -21.9099 -0.0354383 -0.92488 -0.378605
-18.507 22.4716 -21.0372 -0.0373049 -0.92587 -0.375996
-18.5203 22.0707 -20.0463 -0.0396525 -0.925986 -0.375469
-18.5208 22.0542 -20.0056 -0.0396521 -0.925986 -0.375469
-17.4183 22.5448 -21.321 -0.0369155 -0.925029 -0.3781
-17.4042 22.9568 -22.3275 -0.0378584 -0.923449 -0.381849
-17.3909 23.3436 -23.2633 -0.0340599 -0.917516 -0.396238
-17.3771 23.7161 -24.1269 -0.0436532 -0.914108 -0.403113
-17.3566 24.2159 -25.2374 -0.047722 -0.91028 -0.411234
-17.3333 24.7692 -26.4481 -0.0539648 -0.909692 -0.411762
-17.3114 25.1597 -27.2652 -0.0787355 -0.89351 -0.442088
-17.285 25.6063 -28.1814 -0.0705058 -0.895023 -0.440412
-17.2656 26.01 -29.008 -0.0626375 -0.901579 -0.428057
-17.2472 26.5679 -30.2162 -0.0302465 -0.91063 -0.412114
-17.2382 27.0547 -31.3247 -0.0286215 -0.920155 -0.390507
-17.2341 27.4458 -32.2437 -0.00815914 -0.925814 -0.377892
-17.2317 27.7929 -33.0944 -0.00781284 -0.926269 -0.376781
-17.2299 28.1339 -33.9348 -0.00723071 -0.926605 -0.375967
-17.2286 28.5314 -34.9157 -0.00769947 -0.926874 -0.375293
-17.2277 28.8145 -35.6147 -0.00782201 -0.92683 -0.3754
-16.14 29.4174 -37.1179 -0.0074833 -0.926567 -0.376055
-16.1413 28.8974 -35.8403 -0.00573183 -0.926612 -0.375975
-16.1412 28.4895 -34.8339 -0.0052077 -0.926723 -0.37571
-16.1411 28.1433 -33.9788 -0.00740308 -0.926762 -0.375575
-16.143 27.7927 -33.118 -0.00839497 -0.925933 -0.377595
-16.1461 27.4258 -32.2186 -0.0222342 -0.920427 -0.390281
-16.1567 26.8771 -30.9802 -0.0254512 -0.915025 -0.402594
-16.1685 26.4188 -29.9926 -0.0440484 -0.906482 -0.419941
-16.1912 25.8572 -28.8335 -0.0530762 -0.89301 -0.446896
-16.2232 25.2715 -27.6589 -0.0628698 -0.892827 -0.445991
-16.2468 24.8433 -26.769 -0.0630122 -0.898389 -0.434658
-16.2734 24.2676 -25.4798 -0.0523484 -0.913419 -0.403641
-16.2906 23.7809 -24.3859 -0.0419834 -0.912205 -0.407577
-16.3041 23.4185 -23.5497 -0.0456159 -0.918875 -0.391903
-16.3169 23.0087 -22.56 -0.0302057 -0.92163 -0.386891
-16.3209 22.892 -22.2814 -0.0249026 -0.925424 -0.378115
-15.2191 23.3629 -23.504 -0.0272159 -0.924631 -0.379891
-15.2092 23.7325 -24.4 -0.0372571 -0.918533 -0.393585
-15.1935 24.1438 -25.3326 -0.0502803 -0.914792 -0.400784
-15.1797 24.5043 -26.1572 -0.0523472 -0.913419 -0.403641
-15.162 24.8847 -26.9864 -0.0623381 -0.906673 -0.417204
-15.1411 25.3297 -27.9265 -0.0583566 -0.893941 -0.444369
-15.1123 25.9025 -29.0694 -0.0613506 -0.890215 -0.451391
-15.0882 26.4004 -30.028 -0.0463145 -0.885017 -0.46325
-15.0737 26.8374 -30.9534 -0.0237064 -0.916213 -0.399989
-15.0645 27.2003 -31.7823 -0.027948 -0.914504 -0.40361
-15.0554 27.6178 -32.7334 -0.0222321 -0.920427 -0.390282
-15.0532 28.0575 -33.7967 -0.0099076 -0.92377 -0.382819
-15.0537 28.4844 -34.8364 -0.00768952 -0.925901 -0.377688
-15.0547 28.868 -35.7833 -0.00539251 -0.926883 -0.375312
-15.0548 29.2645 -36.7593 -0.00438564 -0.925775 -0.378049
-15.0543 29.6577 -37.725 -0.00432715 -0.926472 -0.376338
-15.0541 29.8365 -38.1651 -0.0045991 -0.926403 -0.376506
-13.9697 29.8692 -38.2504 -0.00133819 -0.925518 -0.378702
-13.9694 29.4182 -37.1453 -0.00122702 -0.926132 -0.377197
-13.969 29.0167 -36.1576 -0.0020802 -0.9266 -0.376043
-13.9678 28.5991 -35.1267 -0.00176208 -0.926852 -0.375422
-13.9652 28.1296 -33.9946 -0.00868523 -0.921447 -0.388408
-13.9665 27.7695 -33.157 -0.0251826 -0.918863 -0.393772
-13.9711 27.4034 -32.3091 -0.0263761 -0.913102 -0.406878
-13.981 27.0298 -31.4808 -0.031921 -0.913821 -0.40486
-13.9981 26.5864 -30.5351 -0.0759077 -0.888611 -0.452336
-14.0259 26.1034 -29.5817 -0.0753148 -0.884226 -0.460946
-14.0531 25.537 -28.4785 -0.0531535 -0.896889 -0.439051
-14.0711 25.0955 -27.5853 -0.0530704 -0.895111 -0.442674
-14.0889 24.6663 -26.6463 -0.041404 -0.916399 -0.398118
-14.109 24.1462 -25.4554 -0.0311359 -0.917378 -0.396797
-14.1224 23.6889 -24.3668 -0.0241757 -0.923692 -0.382371
-13.026 24.0031 -25.1949 -0.0431933 -0.92408 -0.37975
-13.0099 24.4697 -26.3129 -0.041028 -0.919138 -0.391793
-12.9944 24.9281 -27.3372 -0.0332546 -0.904295 -0.425611
-12.975 25.4755 -28.4884 -0.0596492 -0.898794 -0.434295
-12.9576 25.892 -29.352 -0.0689209 -0.891756 -0.447237
-12.9315 26.3319 -30.2149 -0.0758044 -0.886991 -0.455523
-12.9084 26.7816 -31.0981 -0.0728881 -0.888634 -0.452788
-12.8867 27.2964 -32.1969 -0.050176 -0.906907 -0.418332
-12.8789 27.7095 -33.0635 -0.0301778 -0.910028 -0.413447
-12.8807 28.1397 -34.0641 -0.0166056 -0.919435 -0.392891
-12.8826 28.5615 -35.0489 -0.0133638 -0.921812 -0.387408
-12.8831 28.9523 -36.0009 -0.000490674 -0.926657 -0.375907
-12.8844 29.328 -36.9269 -0.000481626 -0.926425 -0.37648
-12.8855 29.725 -37.9004 -0.00098025 -0.925878 -0.377822
-12.8857 29.8099 -38.1085 -0.000913721 -0.925779 -0.378064
-11.8023 29.7832 -38.0456 -0.000965376 -0.925776 -0.378072
-11.8012 29.4373 -37.1963 -0.00122835 -0.926236 -0.376942
-11.7996 28.996 -36.1233 -0.00242234 -0.922681 -0.385556
-11.7991 28.6251 -35.2375 -0.00652635 -0.918728 -0.394836
-11.7975 28.2182 -34.285 -0.00779488 -0.919572 -0.392845
-11.8005 27.6058 -32.9674 -0.040476 -0.89789 -0.438354
-11.812 27.1441 -32.0023 -0.0527303 -0.900593 -0.431454
-11.8399 26.5096 -30.723 -0.0545576 -0.889265 -0.454126
-11.8711 25.8834 -29.487 -0.0548563 -0.89517 -0.442337
-11.8897 25.4848 -28.6679 -0.0567807 -0.904322 -0.423058
-11.905 25.0568 -27.7214 -0.04231 -0.910829 -0.410611
-11.921 24.518 -26.5373 -0.0353942 -0.914182 -0.403756
-11.9317 24.1564 -25.6689 -0.0300141 -0.92385 -0.381575
-11.9347 24.0449 -25.3986 -0.0312457 -0.924652 -0.379528
-10.8366 24.3684 -26.2519 -0.019706 -0.919996 -0.391431
-10.8231 24.8937 -27.4523 -0.0259016 -0.912701 -0.407806
-10.8035 25.4676 -28.7369 -0.038117 -0.912462 -0.407382
-10.7808 26.023 -29.8778 -0.0400527 -0.895669 -0.442913
-10.7626 26.4505 -30.7348 -0.0421848 -0.892198 -0.44967
-10.7443 26.8773 -31.5835 -0.0450026 -0.893296 -0.44721
-10.7288 27.337 -32.4948 -0.0381878 -0.892585 -0.449259
-10.7201 27.7407 -33.307 -0.0304172 -0.899937 -0.434957
-10.7182 28.3042 -34.5076 -0.0202079 -0.912371 -0.408865
-10.7176 28.6828 -35.3853 -0.00525651 -0.91788 -0.396823
-10.718 29.1812 -36.5717 -0.0016603 -0.926014 -0.377486
-10.7192 29.5453 -37.4653 -0.00102631 -0.926031 -0.377447
-9.6388 29.7303 -37.9227 -0.00154346 -0.925852 -0.377883
-9.63734 29.3797 -37.0637 -0.00167423 -0.925923 -0.377709
-9.63627 28.8384 -35.7649 -0.00931835 -0.9199 -0.392043
-9.63656 28.4432 -34.8383 0.00127251 -0.922973 -0.384861
-9.63904 27.9237 -33.7119 -0.0263804 -0.883788 -0.467144
-9.65192 27.337 -32.6007 -0.0263916 -0.883959 -0.466819
-9.67137 26.7451 -31.433 -0.0478202 -0.894381 -0.444743
-9.68844 26.3389 -30.6142 -0.045002 -0.893296 -0.44721
-9.70246 25.9335 -29.7939 -0.0384199 -0.895711 -0.442973
-9.71657 25.5083 -28.9271 -0.0239524 -0.911605 -0.41037
-9.73083 24.9842 -27.7385 -0.0307881 -0.914508 -0.403395
-9.74321 24.5529 -26.7504 -0.0244006 -0.92028 -0.390498
-9.74393 24.5218 -26.6754 -0.016692 -0.92362 -0.382945
-8.64613 24.8033 -27.3982 -0.0178329 -0.918621 -0.394736
-8.63379 25.3126 -28.5555 -0.0239533 -0.911604 -0.41037
-8.62405 25.7755 -29.5679 -0.0300224 -0.902567 -0.429502
-8.60903 26.2227 -30.4944 -0.0487117 -0.900562 -0.431991
-8.59114 26.7138 -31.481 -0.0265481 -0.883867 -0.466984
-8.57524 27.3401 -32.6675 -0.0265274 -0.883932 -0.466863
-8.56286 27.8964 -33.7363 -0.0328562 -0.88813 -0.458417
-8.55373 28.3657 -34.7014 -0.0143674 -0.917275 -0.397996
-8.55434 28.7335 -35.5294 -0.00300083 -0.917437 -0.39787
-8.55598 29.1541 -36.5231 -0.00162554 -0.921653 -0.388012
-8.55672 29.5281 -37.4286 0.00114874 -0.925597 -0.378508
-8.55757 29.7606 -37.9972 0.00114864 -0.925598 -0.378507
-7.47526 29.6022 -37.6111 0.00196605 -0.924001 -0.382386
-7.47475 29.1892 -36.6165 -0.0012796 -0.922645 -0.385648
-7.47512 28.7288 -35.5298 -0.00311817 -0.915897 -0.401402
-7.47538 28.3379 -34.6442 -0.00946728 -0.901116 -0.433474
-7.48539 27.7725 -33.5605 -0.0234937 -0.887783 -0.459661
-7.49606 27.3175 -32.6883 -0.0229788 -0.885979 -0.463157
-7.50747 26.8556 -31.8115 -0.0253183 -0.883156 -0.468396
-7.5238 26.2535 -30.6234 -0.0148306 -0.901052 -0.433457
-7.53909 25.6348 -29.3043 -0.0135419 -0.907177 -0.420532
-7.54786 25.2407 -28.4379 -0.0140328 -0.913927 -0.405636
-7.55439 24.8726 -27.6011 -0.00381496 -0.919355 -0.393409
-6.46262 25.0172 -27.9508 -0.0172941 -0.918365 -0.395355
-6.45376 25.5314 -29.1145 -0.0104963 -0.908422 -0.417923
-6.44463 25.9817 -30.0862 -0.0132898 -0.90843 -0.417825
-6.43338 26.4692 -31.1266 -0.027284 -0.901042 -0.432873
-6.42252 27.0061 -32.1487 -0.0195601 -0.883819 -0.46742
-6.41263 27.4477 -32.9809 -0.0139969 -0.882617 -0.469885
-6.40325 28.1085 -34.2368 -0.0206602 -0.890841 -0.453846
-6.39563 28.6313 -35.3288 -0.0145807 -0.915755 -0.401472
-6.39305 29.1019 -36.4049 -0.0028029 -0.919936 -0.392058
-6.39404 29.5454 -37.4709 0.000109675 -0.923369 -0.383913
-5.31431 29.4961 -37.341 -0.0024881 -0.920648 -0.390385
-5.31334 29.0725 -36.3618 -0.0092644 -0.916256 -0.400485
-5.31714 28.5642 -35.2144 -0.0151227 -0.910126 -0.414055
-5.3226 28.0093 -34.0493 0.00412142 -0.889291 -0.457324
-5.33023 27.5067 -33.127 -0.0106187 -0.880294 -0.474309
-5.33997 27.0298 -32.2278 -0.0142422 -0.883713 -0.467813
-5.34876 26.5899 -31.3905 -0.00450731 -0.889186 -0.457523
-5.35495 26.1033 -30.3821 0.000186039 -0.907508 -0.420035
-5.36359 25.6324 -29.3586 -0.00936304 -0.909615 -0.415348
-5.3713 25.1385 -28.2769 -0.00561928 -0.913488 -0.406826
-5.37162 25.1024 -28.1937 -0.00429085 -0.919071 -0.39407
-4.28248 25.1386 -28.2802 -0.00119026 -0.917289 -0.39822
-4.27707 25.6353 -29.3985 -0.0161594 -0.912938 -0.407779
-4.26839 26.1733 -30.5611 -0.0223077 -0.901408 -0.432395
-4.26242 26.6629 -31.5572 -0.016176 -0.893132 -0.449504
-4.25537 27.0949 -32.4032 -0.0218327 -0.881343 -0.471973
-4.24692 27.693 -33.5079 -0.020138 -0.878276 -0.47773
-4.23788 28.2502 -34.6083 -0.0443871 -0.897633 -0.438504
-4.23417 28.6512 -35.4482 -0.00724158 -0.911364 -0.411537
-4.2339 29.1208 -36.4739 -8.59128e-05 -0.90921 -0.416337
-4.23626 29.5081 -37.362 0.00146636 -0.923741 -0.383015
-3.15679 29.481 -37.2975 -0.00217355 -0.923443 -0.38373
-3.15806 29.1112 -36.4639 -0.0139034 -0.912284 -0.409322
-3.15778 28.6766 -35.5199 -0.00847039 -0.906254 -0.422648
-3.15978 28.0677 -34.247 -0.00625226 -0.888896 -0.458066
-3.1678 27.5563 -33.2926 -0.0169572 -0.880241 -0.474224
-3.17461 26.9176 -32.0914 -0.00602447 -0.884748 -0.466031
-3.18212 26.3387 -30.9395 -0.0132943 -0.897993 -0.439808
-3.1872 25.8093 -29.82 -0.00278794 -0.913884 -0.405966
-3.19079 25.4107 -28.9178 -0.00526878 -0.914825 -0.403817
-3.19201 25.2632 -28.5836 -0.00526837 -0.914825 -0.403816
-2.10278 25.2939 -28.6666 -0.00739146 -0.915881 -0.401381
-2.09932 25.8024 -29.8091 -0.00796822 -0.911495 -0.411234
-2.09608 26.3672 -31.0196 -0.0128372 -0.900989 -0.433651
-2.09223 26.7988 -31.8909 -0.0136565 -0.884573 -0.466201
-2.088 27.2622 -32.7709 -0.0129142 -0.884755 -0.465877
-2.08208 27.9703 -34.105 -0.0212994 -0.883814 -0.467354
-2.0803 28.6644 -35.5095 -0.00424277 -0.906384 -0.422433
-2.08083 29.0665 -36.3875 -0.00194606 -0.913267 -0.407358
-2.08044 29.4683 -37.2882 -0.00466166 -0.914405 -0.404774
-2.08015 29.5978 -37.5831 -0.00410345 -0.918866 -0.394548
-1.00669 29.5336 -37.4567 -0.00737687 -0.91553 -0.402181
-1.00581 29.139 -36.5468 0.0174692 -0.915295 -0.402406
-1.00217 28.6836 -35.5481 0.0189274 -0.90936 -0.415579
-1.00211 28.2074 -34.5794 0.0131655 -0.888818 -0.458071
-1.00074 27.6273 -33.4857 0.00424584 -0.875535 -0.483136
-1.00459 27.1657 -32.6176 -0.0128941 -0.884344 -0.466659
-1.00873 26.6557 -31.6511 -0.0132744 -0.884459 -0.46643
-1.00963 26.1987 -30.6915 -0.006954 -0.90285 -0.429899
-1.01151 25.7831 -29.7884 -0.00870122 -0.911649 -0.410878
-1.01305 25.2999 -28.6966 -0.00384113 -0.91626 -0.400566
-1.01308 25.2897 -28.6732 -0.0048258 -0.916439 -0.400146
0.0764212 25.2892 -28.6841 -0.00690508 -0.915095 -0.403178
0.076659 25.7286 -29.6811 -0.0108977 -0.914724 -0.403932
0.0778974 26.1818 -30.663 -0.00312822 -0.900471 -0.434904
0.0778653 26.5737 -31.4741 0.00403845 -0.897799 -0.440386
0.0785777 27.0086 -32.3379 -0.0040273 -0.884707 -0.466129
0.0794458 27.4896 -33.2337 -0.00295495 -0.87436 -0.485269
0.0787122 27.9788 -34.115 0.00115774 -0.872613 -0.48841
0.075615 28.4672 -35.079 0.0110729 -0.894403 -0.447124
0.0746552 28.9289 -36.0452 0.0102554 -0.911034 -0.412204
0.0726248 29.4655 -37.2743 -0.000884347 -0.921825 -0.387606
1.15315 29.5991 -37.5946 -0.00281476 -0.920622 -0.390446
1.1541 29.2212 -36.7075 -0.00637169 -0.92017 -0.391468
1.15424 28.7711 -35.7003 -0.00528656 -0.902654 -0.430334
1.15458 28.3084 -34.7407 -0.000896168 -0.895819 -0.444418
1.15761 27.8474 -33.8707 0.00526795 -0.870839 -0.491539
1.16036 27.3758 -33.0351 0.00115641 -0.872613 -0.488411
1.16312 26.8862 -32.1004 0.00403217 -0.886244 -0.463201
1.16402 26.2648 -30.8427 -0.00300736 -0.900256 -0.43535
1.1656 25.7276 -29.6881 0.00850768 -0.911716 -0.410732
1.16548 25.3727 -28.8859 0.00219937 -0.91711 -0.398628
2.2573 25.3028 -28.6978 0.0105656 -0.918356 -0.395613
2.25354 25.856 -29.9553 0.00559376 -0.911512 -0.411235
2.25089 26.25 -30.82 -0.00328676 -0.900269 -0.435322
2.24761 26.7665 -31.8591 0.00897808 -0.890365 -0.45516
2.24056 27.4023 -33.0584 0.0121388 -0.880687 -0.473544
2.23594 27.955 -34.0622 -0.0126694 -0.881927 -0.471215
2.23434 28.439 -35.0204 0.00236332 -0.900163 -0.435547
2.23324 28.9287 -36.0727 0.00966816 -0.913016 -0.40781
2.23246 29.5434 -37.4764 0.00681238 -0.91925 -0.393615
2.23238 29.5634 -37.5233 0.00681219 -0.919249 -0.393617
3.3091 29.6544 -37.717 0.00481365 -0.921054 -0.389406
3.30972 29.2099 -36.6919 0.00316165 -0.916583 -0.399832
3.31141 28.6383 -35.4287 0.031518 -0.904937 -0.424377
3.31504 28.1926 -34.5114 0.0182052 -0.886691 -0.462005
3.31912 27.699 -33.5747 0.0191979 -0.88075 -0.473192
3.32639 27.0952 -32.4619 0.0102706 -0.880669 -0.473621
3.33542 26.5128 -31.3316 0.0181635 -0.889599 -0.456381
3.34272 25.9448 -30.1376 0.0031309 -0.910427 -0.413658
3.34765 25.3362 -28.7572 0.00163316 -0.917448 -0.397853
3.34781 25.3064 -28.6882 0.00240222 -0.9179 -0.396804
4.43866 25.1834 -28.4014 -0.000953108 -0.918172 -0.396181
4.43483 25.704 -29.5874 0.000540974 -0.913481 -0.406881
4.42525 26.2712 -30.7995 0.0058177 -0.89714 -0.441708
4.41697 26.7458 -31.755 0.006876 -0.891296 -0.453369
4.4076 27.2386 -32.7028 0.0120428 -0.880055 -0.474719
4.39968 27.7201 -33.58 0.0163501 -0.874431 -0.484874
4.39328 28.1903 -34.4794 0.000724896 -0.889018 -0.457872
4.39087 28.7534 -35.6215 0.00100235 -0.910382 -0.413768
4.38815 29.2286 -36.6979 0.00957523 -0.919411 -0.393181
4.38763 29.5806 -37.5319 0.00318424 -0.922252 -0.386577
4.38776 29.6554 -37.7114 0.00306013 -0.923218 -0.384265
5.46598 29.6616 -37.7202 0.000916351 -0.924031 -0.382317
5.46651 29.2969 -36.8613 -0.00553371 -0.919775 -0.392406
5.46724 28.7251 -35.5808 -0.00331541 -0.906757 -0.42164
5.47024 28.2851 -34.6505 0.0229567 -0.892347 -0.450767
5.47723 27.765 -33.6104 0.0178187 -0.883542 -0.468013
5.49138 27.1941 -32.5595 0.0396621 -0.882081 -0.469425
5.5047 26.7184 -31.6513 0.0373402 -0.886416 -0.461382
5.51467 26.2012 -30.6108 0.0245413 -0.9045 -0.425766
5.52222 25.7555 -29.6526 0.0222581 -0.910017 -0.413972
5.52785 25.3782 -28.8209 0.0220691 -0.914411 -0.404184
5.53145 25.0978 -28.169 0.0207366 -0.918384 -0.395146
6.62187 25.0101 -27.9271 0.0118411 -0.916287 -0.400347
6.61398 25.5773 -29.2122 0.00807109 -0.911567 -0.411073
6.60608 25.9998 -30.1311 0.0172553 -0.901683 -0.432054
6.5964 26.439 -31.0508 0.0271166 -0.894818 -0.445606
6.57766 27.0543 -32.2192 0.0309554 -0.884071 -0.466327
6.56512 27.4953 -33.0482 0.0304862 -0.881476 -0.471244
6.55223 28.0498 -34.1113 0.0321685 -0.890122 -0.454585
6.54551 28.6646 -35.4055 0.0239373 -0.914183 -0.404593
6.54408 29.073 -36.3441 0.00606858 -0.919361 -0.393369
6.54458 29.5479 -37.441 -0.000445206 -0.920314 -0.391181
6.54473 29.5764 -37.5094 -0.00253933 -0.923688 -0.383138
7.6259 29.6315 -37.6499 0.00133539 -0.922623 -0.385701
7.62496 29.15 -36.5014 0.0115793 -0.920797 -0.38987
7.62718 28.7116 -35.4736 0.0102331 -0.914285 -0.404942
7.62908 28.3137 -34.5837 0.0063421 -0.912879 -0.408181
7.63635 27.7819 -33.5103 0.0314725 -0.890272 -0.45434
7.65017 27.3297 -32.6582 0.0411949 -0.883096 -0.46738
7.67161 26.6511 -31.3657 0.0419937 -0.886872 -0.460103
7.68941 26.139 -30.3655 0.0337945 -0.895194 -0.444393
7.69969 25.6848 -29.4114 0.0258056 -0.903256 -0.428326
7.70943 25.1489 -28.2242 0.0156821 -0.91934 -0.393151
7.71377 24.903 -27.649 0.0170042 -0.920484 -0.39041
8.80686 24.7648 -27.2735 0.0122478 -0.921912 -0.387206
8.79605 25.2518 -28.399 0.0228066 -0.914134 -0.404771
8.7842 25.7417 -29.4741 0.0312523 -0.89859 -0.437675
8.76977 26.1772 -30.3477 0.0403599 -0.893998 -0.44625
8.75601 26.5934 -31.1607 0.0365651 -0.887505 -0.459345
8.73402 27.2168 -32.3497 0.0360381 -0.883279 -0.467461
8.7162 27.882 -33.6642 0.0114136 -0.89909 -0.437616
8.71086 28.4301 -34.8096 0.013975 -0.90843 -0.417803
8.70758 28.8422 -35.7319 0.0162054 -0.921164 -0.388838
8.70711 29.3973 -37.0699 -0.000652828 -0.925667 -0.378339
8.70762 29.7616 -37.9609 -0.00145252 -0.925098 -0.379725
9.78959 29.7821 -38.0124 -0.000453665 -0.925395 -0.379004
9.78938 29.3006 -36.8353 0.000225997 -0.925618 -0.37846
9.78888 28.8649 -35.7698 0.000972371 -0.925565 -0.378588
9.79004 28.4309 -34.7942 0.00258879 -0.907203 -0.420686
9.79848 27.8311 -33.5096 0.0272813 -0.904427 -0.425756
9.81377 27.278 -32.3892 0.031515 -0.884669 -0.465154
9.82924 26.8292 -31.5275 0.0348889 -0.886431 -0.461544
9.8506 26.2308 -30.3714 0.0324093 -0.891158 -0.452534
9.8636 25.8 -29.5089 0.0277364 -0.894138 -0.446932
9.8797 25.3345 -28.5218 0.0318591 -0.910908 -0.411377
9.89044 24.9639 -27.7001 0.0345968 -0.912742 -0.407069
9.89924 24.6413 -26.9455 0.0308416 -0.919929 -0.390871
10.9937 24.4185 -26.347 0.0258461 -0.916747 -0.398632
10.9777 24.9489 -27.5655 0.0373311 -0.914548 -0.40275
10.9616 25.4102 -28.5923 0.0365824 -0.903638 -0.426732
10.9429 25.9106 -29.6547 0.0381655 -0.90036 -0.433468
10.9245 26.4186 -30.65 0.0325966 -0.888219 -0.458263
10.9078 26.8826 -31.5499 0.0375143 -0.888827 -0.456704
10.8905 27.4296 -32.6036 0.0303735 -0.886908 -0.460946
10.8795 27.8525 -33.4801 0.0282806 -0.90339 -0.427886
10.8717 28.286 -34.4294 0.025207 -0.914135 -0.404624
10.8687 28.6719 -35.3014 0.0212198 -0.914616 -0.403766
10.8704 29.025 -36.1589 0.000791463 -0.925615 -0.378465
10.8712 29.4806 -37.2731 0.000765242 -0.925691 -0.37828
10.8713 29.6048 -37.5771 0.000710362 -0.925709 -0.378236
11.9534 29.8073 -38.0661 0.00351157 -0.926267 -0.376853
11.9534 29.4528 -37.1965 0.00432534 -0.92613 -0.377178
11.9524 28.9278 -35.9083 0.00437813 -0.925584 -0.378517
11.9509 28.5013 -34.8679 0.0106055 -0.920275 -0.391127
11.9561 28.0563 -33.8365 0.0282699 -0.920215 -0.390392
11.9659 27.6616 -32.9994 0.0340142 -0.898705 -0.437232
11.9772 27.1841 -32.038 0.0446546 -0.89068 -0.452432
11.9956 26.6557 -31.012 0.0440079 -0.8834 -0.46655
12.0232 25.9786 -29.6859 0.0514703 -0.895706 -0.441657
12.0487 25.381 -28.4365 0.0380753 -0.906545 -0.420389
12.0672 24.8979 -27.3675 0.0304295 -0.915988 -0.40005
12.0821 24.4248 -26.2764 0.0317202 -0.916766 -0.398162
12.0855 24.3133 -26.0196 0.0334795 -0.920547 -0.389194
13.1837 24.013 -25.2357 0.0291022 -0.918658 -0.39398
13.1701 24.4409 -26.2126 0.0381064 -0.915106 -0.401409
13.1582 24.8362 -27.1272 0.0517229 -0.911591 -0.407831
13.141 25.2456 -28.0156 0.0643484 -0.906059 -0.41823
13.1214 25.6347 -28.8495 0.0635376 -0.897567 -0.436276
13.0992 26.0745 -29.7549 0.0534629 -0.896659 -0.439481
13.0803 26.5328 -30.655 0.0415373 -0.88989 -0.454279
13.0613 27.0975 -31.7783 0.043062 -0.898376 -0.437112
13.0481 27.5328 -32.6696 0.0275276 -0.896244 -0.442706
13.0403 27.9986 -33.6514 0.00695382 -0.904453 -0.426516
13.0356 28.5739 -35.0262 0.00894701 -0.925932 -0.377585
13.0362 29.1365 -36.4056 0.00568717 -0.926396 -0.376508
13.0366 29.4884 -37.27 0.00536606 -0.926178 -0.377048
13.0365 29.7428 -37.8957 0.00616564 -0.926818 -0.375459
14.1205 29.5498 -37.4043 0.00659111 -0.926129 -0.377151
14.1205 29.2041 -36.5538 0.00792271 -0.92653 -0.376138
14.1205 28.8102 -35.5824 0.00798319 -0.926916 -0.375185
14.1205 28.3833 -34.529 0.00903577 -0.926554 -0.376054
14.1207 27.9301 -33.4302 0.0321301 -0.916718 -0.398242
14.1315 27.4623 -32.4203 0.0443756 -0.897844 -0.438073
14.1419 27.0676 -31.6102 0.0437188 -0.89811 -0.437593
14.1579 26.6008 -30.6706 0.061898 -0.893752 -0.44427
14.1766 26.1802 -29.8218 0.0617519 -0.897063 -0.437568
14.2152 25.4504 -28.2914 0.057403 -0.899792 -0.432527
14.2347 25.001 -27.3277 0.0423279 -0.905827 -0.421527
14.251 24.5877 -26.4378 0.0434231 -0.908064 -0.416575
14.2721 23.9504 -25.0005 0.0320672 -0.914675 -0.402916
14.2725 23.9391 -24.9738 0.0355067 -0.923102 -0.382912
15.376 23.4799 -23.7796 0.0296299 -0.924398 -0.380277
15.3623 23.86 -24.6903 0.0308713 -0.921809 -0.386414
15.3429 24.3734 -25.8459 0.036351 -0.909335 -0.414474
15.3205 24.9177 -27.0396 0.0482154 -0.903331 -0.426225
15.298 25.3835 -28.0162 0.0540993 -0.900778 -0.430896
15.2732 25.8775 -29.0462 0.0532005 -0.899243 -0.434202
15.2428 26.4683 -30.2527 0.0625559 -0.893777 -0.444128
15.2247 26.9433 -31.2105 0.0580065 -0.899821 -0.432386
15.214 27.3467 -32.0812 0.0472907 -0.901836 -0.429483
15.2074 27.8117 -33.1142 0.0127391 -0.921232 -0.388804
15.2061 28.2501 -34.174 0.00933328 -0.926694 -0.375701
15.2061 28.7358 -35.3737 0.00901117 -0.927105 -0.374694
15.2057 28.9512 -35.9066 0.00909622 -0.926851 -0.37532
16.2919 28.2354 -34.1124 0.00720942 -0.925934 -0.377617
16.2927 27.8723 -33.2275 0.00791909 -0.923257 -0.384102
16.295 27.5185 -32.3787 0.01653 -0.924081 -0.381838
16.3016 27.1348 -31.5206 0.0276637 -0.908055 -0.417936
16.3118 26.7337 -30.6449 0.0534469 -0.895118 -0.442613
16.3362 26.2014 -29.5575 0.0603732 -0.897125 -0.437633
16.3747 25.4659 -28.0483 0.063441 -0.897041 -0.437371
16.3953 25.0436 -27.1627 0.0556997 -0.899884 -0.432558
16.414 24.6493 -26.3438 0.0494861 -0.90387 -0.424937
16.4346 24.1768 -25.3364 0.0588882 -0.906796 -0.417435
16.4527 23.7673 -24.3659 0.0504878 -0.921763 -0.384453
16.4727 23.2386 -23.105 0.0301594 -0.924756 -0.379364
16.4751 23.1671 -22.9305 0.0301598 -0.924755 -0.379365
17.5787 22.6944 -21.7011 0.0245227 -0.925885 -0.377009
17.5621 23.171 -22.855 0.030443 -0.923332 -0.382794
17.5474 23.5377 -23.707 0.0347946 -0.916847 -0.39772
17.5325 23.9184 -24.5829 0.0436028 -0.910909 -0.410297
17.5117 24.3363 -25.5232 0.0486281 -0.912352 -0.406508
17.4919 24.7212 -26.3549 0.0591996 -0.899155 -0.433608
17.4699 25.184 -27.315 0.0636868 -0.893916 -0.443686
17.4348 25.8017 -28.5641 0.0814802 -0.895814 -0.436896
17.4157 26.2025 -29.4103 0.0633508 -0.898034 -0.43534
17.3954 26.725 -30.5207 0.0369895 -0.912341 -0.407758
17.383 27.2987 -31.8006 0.0243231 -0.918411 -0.39488
17.382 27.4479 -32.1639 0.0124158 -0.925019 -0.379719
18.4826 26.6799 -30.3222 0.0267963 -0.912004 -0.409305
18.4942 26.2512 -29.3595 0.0385703 -0.909436 -0.414051
18.5112 25.862 -28.5306 0.0529097 -0.906215 -0.419494
18.5395 25.3285 -27.4296 0.0760539 -0.888245 -0.453031
18.5667 24.8429 -26.4475 0.0768086 -0.897569 -0.434132
18.5924 24.385 -25.4929 0.0802629 -0.902382 -0.423396
18.6169 23.9147 -24.4719 0.0780495 -0.90477 -0.418689
18.6336 23.5315 -23.5878 0.047717 -0.916507 -0.397164
18.6525 23.0631 -22.5005 0.0358974 -0.920675 -0.388676
18.6703 22.5901 -21.3397 0.0451376 -0.925813 -0.375276
18.6717 22.5549 -21.2523 0.0437462 -0.927683 -0.370798
19.7812 21.9364 -19.6319 0.0396067 -0.926866 -0.373298
19.7659 22.3416 -20.6124 0.0387921 -0.923208 -0.382338
19.7521 22.7263 -21.5259 0.0497036 -0.921241 -0.385803
19.7342 23.1452 -22.5396 0.0594552 -0.917864 -0.392417
19.7136 23.6091 -23.6135 0.0719983 -0.908595 -0.411426
19.6913 24.0465 -24.5563 0.074105 -0.904526 -0.41993
19.6607 24.5751 -25.6868 0.0824399 -0.899939 -0.428151
19.6239 25.2072 -27.0031 0.0564175 -0.894618 -0.443256
19.6013 25.6896 -28.0116 0.0426687 -0.909686 -0.413098
19.5853 26.0822 -28.8805 0.0428024 -0.913382 -0.404848
20.6957 25.3846 -27.2265 0.0649237 -0.907532 -0.414934
20.7267 24.8412 -26.0573 0.0685262 -0.901218 -0.427915
20.7493 24.4339 -25.2096 0.0671057 -0.898549 -0.433713
20.7825 23.8069 -23.86 0.0694935 -0.904568 -0.420628
20.8015 23.4401 -23.0337 0.0621581 -0.91227 -0.404845
20.8248 22.9802 -22.0093 0.047547 -0.912433 -0.406455
20.8463 22.4391 -20.738 0.0484891 -0.922197 -0.383669
20.8616 22.0934 -19.8979 0.0405265 -0.923794 -0.380739
20.8766 21.6944 -18.9 0.0397753 -0.930379 -0.364435
20.8864 21.4228 -18.2053 0.0389803 -0.931233 -0.362334
22 20.6539 -16.1365 0.0302413 -0.931097 -0.363515
21.9867 21.0437 -17.1071 0.0384475 -0.929233 -0.367488
21.9731 21.4186 -18.059 0.0489195 -0.926722 -0.37255
21.9577 21.8418 -19.1316 0.054506 -0.929689 -0.36429
21.9411 22.2566 -20.1308 0.061378 -0.920345 -0.386262
21.9254 22.6045 -20.9781 0.0582189 -0.925042 -0.375377
21.9007 23.0446 -21.9927 0.092242 -0.906197 -0.412673
21.871 23.627 -23.2685 0.0782512 -0.905305 -0.417492
21.8421 24.1454 -24.3993 0.0784288 -0.90568 -0.416644
21.8142 24.6914 -25.5801 0.0656325 -0.898787 -0.433445
22.9419 23.7872 -23.4083 0.0820464 -0.905529 -0.416277
22.9646 23.3599 -22.4662 0.083674 -0.909893 -0.406316
22.9884 22.9488 -21.5416 0.0797103 -0.910247 -0.406321
23.0142 22.4572 -20.4158 0.0716727 -0.913648 -0.400137
23.0361 21.951 -19.219 0.0682363 -0.91794 -0.390806
23.0511 21.5738 -18.3062 0.0461017 -0.926603 -0.373203
23.064 21.2255 -17.4456 0.0403119 -0.921752 -0.38568
23.0783 20.8414 -16.5095 0.0353297 -0.929097 -0.368145
23.0988 20.2838 -15.0626 0.0390654 -0.933544 -0.356328
23.1128 19.8109 -13.8402 0.0336286 -0.931009 -0.363443
23.1179 19.638 -13.3961 0.0327333 -0.931222 -0.362979
27.4589 19.7024 -12.9689 0.0598268 -0.92446 -0.376557
27.4746 19.2089 -11.7474 0.0595789 -0.92719 -0.369824
27.4865 18.8241 -10.7802 0.058641 -0.926992 -0.370468
27.496 18.4222 -9.77294 0.0539086 -0.928437 -0.367557
27.5097 17.8254 -8.26658 0.0497408 -0.930474 -0.362966
27.515 17.4871 -7.38345 0.0458661 -0.932758 -0.357574
27.5197 17.0909 -6.34365 0.0337777 -0.934258 -0.354995
27.5207 16.7489 -5.44568 0.0315123 -0.934065 -0.355711
27.5217 16.3862 -4.49685 0.0292876 -0.933946 -0.356213
27.523 16.0275 -3.55048 0.0275913 -0.934585 -0.354668
27.524 15.6602 -2.57615 0.0234116 -0.936014 -0.351183
27.5216 15.2836 -1.57494 0.0221731 -0.936064 -0.351129
27.5187 14.7958 -0.28758 0.020665 -0.93506 -0.353887
27.5179 14.4555 0.615567 0.0187107 -0.934448 -0.355607
27.5135 14.0559 1.6628 0.0144091 -0.934573 -0.355479
27.5082 13.6015 2.85117 0.00879045 -0.934957 -0.354651
27.5029 13.223 3.83756 0.0061659 -0.932897 -0.360091
27.4969 12.7184 5.15934 0.00157387 -0.933577 -0.358374
27.4917 12.3002 6.24171 0.00019754 -0.931944 -0.362603
27.4875 11.9648 7.10769 -0.00122324 -0.932672 -0.360723
27.4823 11.5256 8.24494 -0.00143863 -0.933033 -0.359788
27.4815 11.4533 8.4324 -0.000983562 -0.933196 -0.359366
26.392 11.3476 8.71635 -0.00362662 -0.931268 -0.364317
26.3962 11.6959 7.81222 -0.0056451 -0.933035 -0.35974
26.4008 12.0281 6.95055 -0.00669085 -0.933239 -0.359195
26.4058 12.3572 6.09537 -0.00436887 -0.934125 -0.356918
26.4106 12.8175 4.89136 0.00455223 -0.933984 -0.357287
26.4148 13.2046 3.87257 0.00595482 -0.935159 -0.354178
26.4198 13.5873 2.86017 0.0103034 -0.935055 -0.354353
26.427 14.0949 1.51963 0.0114728 -0.934863 -0.354824
26.4305 14.5175 0.399077 0.0141506 -0.937124 -0.34871
26.4313 14.845 -0.475219 0.0180903 -0.935712 -0.352301
26.4338 15.3396 -1.79001 0.0210065 -0.936432 -0.350219
26.4354 15.764 -2.92816 0.0240155 -0.936579 -0.349634
26.4334 16.2507 -4.22137 0.0264868 -0.934971 -0.353733
26.432 16.7224 -5.47927 0.0267999 -0.936999 -0.348303
26.4307 17.0634 -6.38195 0.0366602 -0.935419 -0.351635
26.4275 17.5363 -7.65108 0.0415724 -0.93459 -0.35329
26.419 18.0098 -8.87946 0.0272052 -0.932319 -0.360611
26.4101 18.4058 -9.8775 0.0495997 -0.928428 -0.368188
26.4003 18.8509 -11.0094 0.0406233 -0.929771 -0.365891
26.39 19.1959 -11.8798 0.054546 -0.926928 -0.371254
26.3741 19.7174 -13.177 0.0549148 -0.926146 -0.373147
26.359 20.1621 -14.2964 0.057994 -0.927612 -0.369016
26.3432 20.5844 -15.3678 0.0668035 -0.92617 -0.371141
26.3285 20.8951 -16.1276 0.068381 -0.921557 -0.382173
25.1872 22.128 -19.2377 0.0843904 -0.915355 -0.393705
25.2108 21.6858 -18.211 0.0771201 -0.917162 -0.39098
25.2321 21.189 -17.0184 0.0586438 -0.920804 -0.385592
25.2484 20.8209 -16.1166 0.0569991 -0.92457 -0.376725
25.2654 20.3917 -15.0455 0.0563899 -0.92802 -0.368239
25.2828 19.8993 -13.8013 0.0576482 -0.92834 -0.367236
25.2969 19.4712 -12.7255 0.0494149 -0.928135 -0.36895
25.3078 19.0707 -11.6995 0.0438861 -0.931701 -0.360565
25.3179 18.6877 -10.7177 0.0348599 -0.930076 -0.365709
25.325 18.3389 -9.81846 0.0294339 -0.932888 -0.358963
25.3325 17.9657 -8.84798 0.0294496 -0.932884 -0.358972
25.3378 17.5775 -7.83216 0.0218292 -0.9338 -0.357128
25.3405 17.2224 -6.89334 0.0220475 -0.935793 -0.351859
25.342 16.8859 -5.99598 0.0216256 -0.936371 -0.350344
25.3443 16.4846 -4.92342 0.0192684 -0.937022 -0.348739
25.346 16.0904 -3.86347 0.0156703 -0.937136 -0.348612
25.3466 15.6842 -2.78493 0.0194666 -0.936218 -0.350881
25.3458 15.3555 -1.89696 0.014526 -0.938594 -0.344718
25.3439 15.0324 -1.02152 0.0152446 -0.936662 -0.349904
25.3428 14.6896 -0.105604 0.01355 -0.936572 -0.350214
25.3401 14.2614 1.04832 0.0102389 -0.936498 -0.350523
25.3338 13.7735 2.33708 0.00801568 -0.935953 -0.352033
25.3267 13.2677 3.68283 0.00746693 -0.935761 -0.352555
25.3226 12.8459 4.80696 0.000987635 -0.936672 -0.350207
25.3186 12.4972 5.7322 -0.0021015 -0.93522 -0.35406
25.3143 12.1765 6.57805 -0.00204801 -0.935002 -0.354637
25.3094 11.8266 7.4933 -0.00712003 -0.932829 -0.360248
25.3044 11.4649 8.43051 -0.00736688 -0.932038 -0.362287
24.2154 11.4882 8.39151 -0.00822083 -0.93129 -0.364186
24.2212 11.9301 7.24012 -0.0044373 -0.934043 -0.357132
24.227 12.3182 6.21409 -0.00420396 -0.935626 -0.352968
24.232 12.7208 5.14009 -0.00243333 -0.93644 -0.350819
24.2359 13.1253 4.05395 0.00165593 -0.937029 -0.349246
24.2406 13.4816 3.09545 0.00377384 -0.93664 -0.350274
24.247 13.9455 1.85787 0.00616739 -0.936693 -0.350098
24.2514 14.3426 0.795598 0.00884182 -0.937335 -0.348318
24.2543 14.7029 -0.169972 0.00694078 -0.937521 -0.34786
24.2561 15.1191 -1.29805 0.00690393 -0.938174 -0.346094
24.258 15.5763 -2.53331 0.010512 -0.937685 -0.347328
24.2584 15.9402 -3.5065 0.0116069 -0.936601 -0.350205
24.2574 16.2699 -4.39542 0.0109225 -0.938211 -0.345891
24.2553 16.6278 -5.36086 0.00931516 -0.936914 -0.349436
24.2533 17.0554 -6.50427 0.0118027 -0.935788 -0.352364
24.2504 17.4865 -7.65645 0.0149795 -0.937539 -0.347558
24.2449 17.9458 -8.88551 0.0292946 -0.933818 -0.356548
24.2375 18.331 -9.88156 0.023876 -0.933612 -0.35749
24.229 18.7294 -10.9213 0.033013 -0.933646 -0.356673
24.2203 19.103 -11.9088 0.0224726 -0.93396 -0.356671
24.2097 19.4874 -12.8954 0.0429572 -0.92995 -0.365168
24.1943 19.9952 -14.209 0.0390369 -0.931374 -0.361966
24.1787 20.4706 -15.4157 0.0587335 -0.927886 -0.368208
24.1637 20.8561 -16.3726 0.0631189 -0.925699 -0.372957
24.1468 21.2378 -17.3222 0.0694294 -0.923752 -0.376646
24.1264 21.7108 -18.4682 0.0680559 -0.919595 -0.386929
24.1038 22.2282 -19.6891 0.0714067 -0.915784 -0.395273
24.0782 22.7623 -20.9068 0.076466 -0.910608 -0.406136
24.0639 23.0329 -21.5189 0.0797114 -0.910247 -0.406321
28.5807 18.4832 -9.77837 0.0501331 -0.927603 -0.370188
28.5907 18.0374 -8.65747 0.0480767 -0.928074 -0.369278
28.6001 17.5841 -7.52089 0.0424673 -0.93043 -0.364
28.606 17.1874 -6.48064 0.0391431 -0.932741 -0.358417
28.6103 16.7168 -5.26431 0.0395511 -0.93187 -0.36063
28.6125 16.2126 -3.94801 0.0343049 -0.932168 -0.360398
28.6126 15.8522 -3.00545 0.026887 -0.934447 -0.355086
28.6118 15.5144 -2.12273 0.0225221 -0.934143 -0.356188
28.6096 15.1778 -1.23233 0.0190609 -0.935055 -0.35399
28.606 14.7319 -0.0547504 0.0201192 -0.934799 -0.354608
28.603 14.3816 0.858614 0.00380526 -0.932452 -0.361275
28.5989 14.0292 1.76774 0.003137 -0.932329 -0.361596
28.5952 13.6667 2.70371 0.00351469 -0.933064 -0.359694
28.5907 13.2764 3.71681 0.0052613 -0.932893 -0.360116
28.5861 12.9132 4.65294 -0.001248 -0.933572 -0.358389
28.5795 12.4218 5.92651 -0.00246483 -0.932025 -0.362387
28.5743 11.9494 7.14325 -0.00149678 -0.932706 -0.360635
28.5713 11.6819 7.83417 -0.00245336 -0.933035 -0.359778
23.1241 11.3835 8.68351 -0.00685254 -0.932225 -0.361816
23.1293 11.7655 7.69047 -0.00761902 -0.934659 -0.355465
23.1342 12.1487 6.67548 -0.00439947 -0.935954 -0.352095
23.14 12.529 5.66298 -0.00360797 -0.936945 -0.349459
23.1448 12.9617 4.4953 -0.00182776 -0.937874 -0.346971
23.1513 13.4701 3.12826 -0.00276413 -0.937195 -0.348794
23.1592 14.0316 1.62447 -0.00143647 -0.936432 -0.350845
23.1647 14.5129 0.324806 0.000819554 -0.937759 -0.347285
23.1662 14.7303 -0.265186 0.00532519 -0.93903 -0.343793
22.0651 13.661 2.62294 -0.00248769 -0.937284 -0.348557
22.0602 13.3171 3.54939 -0.00433791 -0.937666 -0.347511
22.054 12.8965 4.6805 -0.00488091 -0.937034 -0.349205
22.0498 12.5519 5.60908 -0.00283235 -0.937801 -0.347161
22.0444 12.1667 6.64333 -0.00522512 -0.936123 -0.351634
22.0403 11.846 7.49707 -0.00805656 -0.935859 -0.352283
22.0352 11.4688 8.49863 -0.00798066 -0.935741 -0.352599
22.0335 11.3594 8.78902 -0.0116286 -0.934691 -0.35527
20.9407 11.2741 9.03749 -0.0071074 -0.93372 -0.357933
20.9461 11.6216 8.11786 -0.00747612 -0.935924 -0.352124
20.9513 11.9769 7.16856 -0.00720154 -0.936806 -0.349776
20.957 12.3996 6.03258 -0.00728941 -0.937568 -0.347725
20.9625 12.7751 5.02133 -0.00748476 -0.937181 -0.348763
20.9646 12.9142 4.64768 -0.00607766 -0.936995 -0.349291
19.8659 12.3637 6.1508 -0.00770879 -0.93722 -0.348653
19.8605 12.0142 7.09021 -0.00669157 -0.936985 -0.349305
19.8546 11.622 8.13852 -0.00714361 -0.936122 -0.351603
19.8482 11.2365 9.16536 -0.00954155 -0.93527 -0.353807
19.8469 11.1606 9.36454 -0.0118715 -0.934324 -0.356226
18.7507 10.9897 9.84774 -0.0105652 -0.93584 -0.352266
18.7597 11.4062 8.73717 -0.0089029 -0.936136 -0.351525
18.7671 11.8297 7.60336 -0.00740602 -0.936715 -0.350016
18.768 11.8854 7.45431 -0.00634113 -0.936786 -0.349844
17.6658 11.346 8.92945 -0.0112953 -0.9365 -0.350485
17.656 10.9371 10.0177 -0.0100813 -0.935107 -0.354223
16.5633 10.9419 10.0453 -0.0137826 -0.935668 -0.352611
16.5652 11.0166 9.84683 -0.0131665 -0.935916 -0.351978
15.4668 10.8022 10.4632 -0.0165115 -0.935746 -0.352289
15.463 10.6429 10.8851 -0.0164114 -0.935352 -0.353337
29.6865 14.2116 1.30875 0.00369518 -0.932295 -0.361679
29.6927 14.7127 0.026301 0.00747912 -0.931205 -0.36442
29.6969 15.1065 -1.00065 0.00835016 -0.934002 -0.357169
29.7001 15.4986 -2.01094 0.00543924 -0.930653 -0.365863
29.7019 15.8841 -3.00688 0.030001 -0.932768 -0.359226
29.7013 16.3958 -4.31804 0.0343047 -0.932168 -0.360398
29.6967 16.8408 -5.46534 0.0395399 -0.931697 -0.361077
29.6931 17.1037 -6.15458 0.0298138 -0.934236 -0.355407
-25.0026 22.3795 -19.8264 -0.0687161 -0.921579 -0.382061
-25.019 21.9967 -18.893 -0.0655036 -0.920463 -0.385302
-25.0404 21.4917 -17.7015 -0.0633706 -0.919375 -0.388244
-25.0585 21.0835 -16.7274 -0.0618635 -0.921124 -0.384323
-25.0804 20.5614 -15.4492 -0.0752408 -0.924397 -0.373937
-25.0962 20.1223 -14.338 -0.0689994 -0.927745 -0.366782
-25.1104 19.6816 -13.2415 -0.0613727 -0.926961 -0.370102
-25.1213 19.2848 -12.2299 -0.0556624 -0.929611 -0.364315
-25.1308 18.9114 -11.2792 -0.0489394 -0.929624 -0.365245
-25.1355 18.5337 -10.295 -0.0398179 -0.932801 -0.358186
-25.1399 18.1477 -9.29421 -0.0396188 -0.932022 -0.360229
-25.1426 17.8 -8.38939 -0.0273738 -0.934367 -0.35526
-25.1461 17.4074 -7.35469 -0.0284844 -0.934533 -0.354734
-25.1498 16.9097 -6.05641 -0.0188877 -0.935131 -0.353798
-25.15 16.5333 -5.02445 -0.0166821 -0.939392 -0.342439
-25.1503 16.0827 -3.81588 -0.0161912 -0.936918 -0.349173
-25.1496 15.7576 -2.94186 -0.0173231 -0.936532 -0.350153
-25.1471 15.405 -1.99894 -0.0164179 -0.936742 -0.349636
-25.1445 15.0341 -1.003 -0.0122573 -0.936738 -0.349816
-25.1413 14.6235 0.0968053 -0.0121509 -0.936917 -0.349341
-25.1397 14.2931 0.983058 -0.01004 -0.936163 -0.351423
-25.136 13.9503 1.89346 -0.00924057 -0.935854 -0.352267
-25.1319 13.6065 2.80789 -0.00597479 -0.936584 -0.350392
-25.1235 13.0493 4.28083 -0.00233803 -0.935258 -0.353959
-25.117 12.5415 5.61223 -0.000560486 -0.933919 -0.357484
-25.1108 12.0047 7.00989 0.00377829 -0.933457 -0.35867
-25.1055 11.5728 8.13291 0.00423223 -0.932851 -0.360238
-25.1028 11.355 8.69427 0.00350447 -0.932 -0.362442
-26.192 11.3918 8.58626 0.00461471 -0.932367 -0.361484
-26.1967 11.8128 7.49806 0.00256149 -0.933043 -0.359756
-26.2011 12.1923 6.51334 0.00196831 -0.933228 -0.359278
-26.2047 12.549 5.58912 0.00130471 -0.933238 -0.359255
-26.2108 13.0078 4.39484 0.000755218 -0.933715 -0.358016
-26.2164 13.3956 3.37453 -0.00299042 -0.935152 -0.354235
-26.2217 13.7806 2.362 -0.00357079 -0.934498 -0.355952
-26.228 14.2941 1.00468 -0.0079294 -0.935401 -0.3535
-26.2322 14.6696 0.0113214 -0.0100392 -0.936163 -0.351422
-26.2356 15.1964 -1.38682 -0.0185583 -0.935415 -0.353064
-26.2384 15.6581 -2.6211 -0.0213559 -0.936061 -0.351188
-26.2389 16.0603 -3.69123 -0.0231473 -0.935845 -0.35165
-26.2388 16.3806 -4.5532 -0.0262274 -0.936573 -0.349489
-26.2379 16.7058 -5.41885 -0.0301069 -0.935859 -0.351087
-26.235 17.1477 -6.58621 -0.0304493 -0.933571 -0.357097
-26.2308 17.5907 -7.74203 -0.030936 -0.933005 -0.358531
-26.2253 18.0582 -8.95496 -0.0340761 -0.931125 -0.363105
-26.2223 18.4304 -9.90969 -0.0406317 -0.930237 -0.364704
-26.2149 18.8531 -10.965 -0.0580501 -0.926314 -0.372254
-26.2062 19.2608 -11.9866 -0.0655949 -0.928018 -0.366714
-26.1942 19.6377 -12.9314 -0.0701957 -0.926204 -0.370431
-26.1811 20.0559 -13.9726 -0.0667973 -0.926199 -0.37107
-26.1686 20.4533 -14.9608 -0.0626416 -0.924587 -0.375787
-26.1547 20.8076 -15.8403 -0.0758644 -0.922918 -0.377448
-26.1369 21.2137 -16.8329 -0.0762856 -0.921314 -0.381263
-27.2714 19.8304 -13.231 -0.0532051 -0.92712 -0.370968
-27.2851 19.4017 -12.1545 -0.0606103 -0.925296 -0.374371
-27.295 18.9875 -11.1333 -0.0586179 -0.925562 -0.374031
-27.3022 18.5566 -10.0741 -0.0529241 -0.924252 -0.378096
-27.307 18.1805 -9.13585 -0.0449142 -0.928725 -0.368038
-27.3146 17.7605 -8.07722 -0.0422427 -0.929822 -0.365577
-27.3204 17.4176 -7.20197 -0.0534986 -0.930941 -0.36123
-27.3239 16.9818 -6.04678 -0.0373348 -0.935354 -0.351738
-27.3271 16.6225 -5.10456 -0.0334812 -0.934741 -0.353749
-27.3275 16.2597 -4.1423 -0.0271265 -0.935058 -0.353455
-27.3264 15.9095 -3.2143 -0.027048 -0.935407 -0.352536
-27.3252 15.5592 -2.28361 -0.0205997 -0.934693 -0.354859
-27.3237 15.0861 -1.033 -0.0168559 -0.936967 -0.349012
-27.3205 14.7197 -0.0664557 -0.0185864 -0.932622 -0.360375
-27.3147 14.2304 1.21127 -0.0105967 -0.933661 -0.358001
-27.3102 13.8743 2.1283 -0.00592409 -0.933314 -0.359013
-27.3033 13.3737 3.43493 0.000305597 -0.933386 -0.358874
-27.2963 12.8789 4.72873 0.000755268 -0.933715 -0.358016
-27.2912 12.4571 5.82591 0.000436305 -0.933425 -0.358773
-27.2878 12.1225 6.69295 0.000174227 -0.932379 -0.361483
-27.2838 11.7303 7.70603 0.00242341 -0.932505 -0.361149
-27.2805 11.4158 8.51433 0.00281395 -0.931935 -0.362615
-28.369 11.526 8.22984 0.00059677 -0.932335 -0.361596
-28.372 11.8561 7.37739 0.00108214 -0.932427 -0.361358
-28.377 12.3411 6.12035 0.00367799 -0.933524 -0.358496
-28.3828 12.8244 4.86398 0.00275357 -0.933099 -0.359609
-28.3879 13.2599 3.72815 0.00331322 -0.933436 -0.35873
-28.3931 13.6344 2.75739 0.00185517 -0.932171 -0.362013
-28.4 14.1705 1.37858 -0.00163149 -0.932473 -0.361237
-28.4074 14.7052 -0.0081846 -0.000865199 -0.931626 -0.363417
-28.4116 15.1518 -1.16748 -0.00892076 -0.936422 -0.350763
-28.4118 15.5975 -2.3209 -0.0218851 -0.933451 -0.358035
-28.4162 16.1061 -3.65217 -0.0242304 -0.934689 -0.354641
-28.4152 16.4542 -4.55808 -0.0354238 -0.932534 -0.35934
-28.4125 16.7925 -5.43975 -0.0334531 -0.934019 -0.355654
-28.4093 17.193 -6.47317 -0.0329731 -0.928669 -0.36944
-28.4039 17.5761 -7.44986 -0.0520063 -0.9314 -0.360263
-28.3977 17.9259 -8.35814 -0.0505236 -0.931888 -0.359209
-28.387 18.4652 -9.70952 -0.0494184 -0.926581 -0.372834
-28.3847 18.5624 -9.9514 -0.0476845 -0.925684 -0.37528
-29.4928 17.3787 -6.84797 -0.0303443 -0.929368 -0.367905
-29.4977 16.998 -5.88572 -0.0316583 -0.92902 -0.368674
-29.5005 16.6318 -4.9473 -0.0197379 -0.931372 -0.363534
-29.5024 16.1916 -3.82772 -0.0135421 -0.928265 -0.371674
-29.5024 16.0501 -3.47435 -0.0135417 -0.928265 -0.371673
-29.5026 15.9225 -3.15556 -0.007522 -0.932225 -0.361802
