12.4147 30.8165 -27.8533 0.00495062 -0.922046 -0.387048
11.3691 31.0686 -28.4663 0.00579268 -0.922464 -0.386039
10.5584 31.2141 -28.8286 0.00620257 -0.922202 -0.386658
9.4383 31.3545 -29.1788 0.00559212 -0.921882 -0.387431
8.33617 31.4343 -29.3844 0.0049718 -0.922158 -0.386778
7.36369 31.491 -29.5337 0.00387245 -0.921685 -0.387915
6.04858 31.5855 -29.7639 0.00156984 -0.921552 -0.388252
5.09309 31.6614 -29.9465 0.00111314 -0.92186 -0.387521
3.75423 31.776 -30.2265 0.0034986 -0.921441 -0.388503
2.66398 31.8553 -30.4215 0.000480706 -0.921535 -0.388294
1.43338 31.9274 -30.5927 -0.000245053 -0.921053 -0.389438
0.423413 31.9727 -30.7 -0.00134288 -0.920775 -0.390089
-0.755163 31.937 -30.6075 -0.00307242 -0.920905 -0.389775
-1.76928 31.8685 -30.4437 -0.000848994 -0.920431 -0.390904
-2.71514 31.7839 -30.2427 -0.00141192 -0.921141 -0.389227
-4.07978 31.6887 -30.0139 -0.000630717 -0.921162 -0.389178
-5.21351 31.6115 -29.8305 0.000143687 -0.921063 -0.389413
-6.22697 31.525 -29.6254 -0.00224245 -0.922368 -0.386305
-7.33364 31.4146 -29.351 -0.00394335 -0.922198 -0.386697
-8.31588 31.3321 -29.1445 -0.00411142 -0.922115 -0.386894
-9.75223 31.1865 -28.7815 -0.00504935 -0.922139 -0.386825
-10.5888 31.0309 -28.3979 -0.00647773 -0.922369 -0.386256
-11.4868 30.7975 -27.8254 -0.0059298 -0.922438 -0.386098
-12.2435 30.6029 -27.3462 -0.00765047 -0.922243 -0.386535
-13.3668 30.3364 -26.6883 -0.00742171 -0.922267 -0.386483
-14.6014 30.0348 -25.9461 -0.00683062 -0.922229 -0.386583
-15.428 29.8282 -25.4359 -0.00714348 -0.922796 -0.385224
-16.7961 29.4801 -24.5764 -0.00612292 -0.922878 -0.385042
-17.9821 29.1276 -23.7115 -0.00613836 -0.923708 -0.383048
-18.9822 28.7547 -22.7944 -0.00670704 -0.924043 -0.38223
-19.5999 28.4676 -22.0885 -0.00800351 -0.924197 -0.381832
-20.1754 28.1598 -21.3323 -0.00831204 -0.924021 -0.382251
-20.7015 27.8317 -20.5278 -0.0078012 -0.924149 -0.381953
-21.3267 27.4643 -19.6258 -0.0090191 -0.924469 -0.381148
-21.8199 27.1422 -18.8302 -0.00876798 -0.924906 -0.380094
-22.4704 26.7051 -17.7516 -0.00814637 -0.924947 -0.380009
-23.2914 26.2623 -16.6529 -0.00804495 -0.925364 -0.378994
-24.0858 25.8272 -15.5685 -0.00861506 -0.925906 -0.377655
-24.4266 25.5084 -14.7793 -0.00813035 -0.925746 -0.378059
-24.7004 25.1349 -13.857 -0.0076495 -0.926331 -0.376633
-25.0144 24.7068 -12.7994 -0.00673085 -0.925989 -0.37749
-25.2822 24.3415 -11.8974 -0.00679343 -0.92634 -0.376628
-25.5521 23.9107 -10.8346 -0.00649216 -0.926033 -0.377386
-25.832 23.3901 -9.55102 -0.00565512 -0.926325 -0.376683
-25.9771 22.9856 -8.5555 -0.00543065 -0.925795 -0.377987
-26.1179 22.6231 -7.66554 -0.00525027 -0.925865 -0.377818
-26.3412 22.2133 -6.65652 -0.00383922 -0.926218 -0.37697
-26.5996 21.7882 -5.60675 -0.0032277 -0.926725 -0.375726
-26.6414 21.3078 -4.4225 -0.00330494 -0.926525 -0.376219
-26.4448 20.8899 -3.39533 -0.00166213 -0.926634 -0.375961
-26.2271 20.5559 -2.57311 -0.00173949 -0.926708 -0.375778
-25.9742 20.0546 -1.33916 -0.000669486 -0.926532 -0.376214
-25.7808 19.6387 -0.313829 -0.000421034 -0.926681 -0.375849
-25.6041 19.2735 0.586497 -0.000607321 -0.926714 -0.375767
-25.343 18.8305 1.67769 -0.000777265 -0.926537 -0.376204
-25.1269 18.4045 2.72495 0.000520782 -0.926483 -0.376336
-24.8072 17.9373 3.8771 0.00101987 -0.926469 -0.376369
-24.468 17.5935 4.72481 0.00166421 -0.926549 -0.376171
-23.9434 17.2196 5.64737 0.00121981 -0.926465 -0.376379
-23.5088 16.9093 6.41307 0.0015655 -0.926399 -0.376541
-22.9493 16.5866 7.20855 0.00214693 -0.926424 -0.376475
-22.3334 16.2537 8.02988 0.00236401 -0.925875 -0.377822
-21.7619 15.8911 8.92265 0.00258631 -0.925896 -0.37777
-21.1583 15.4979 9.8916 0.00294966 -0.925979 -0.377562
-20.6832 15.197 10.6327 0.00326841 -0.925723 -0.378188
-20.1827 14.9066 11.3479 0.00323196 -0.925704 -0.378236
-19.4277 14.4824 12.3916 0.00405815 -0.925269 -0.379289
-18.7809 14.1763 13.1443 0.00422152 -0.924992 -0.379963
-17.9493 13.9242 13.7686 0.00462197 -0.924914 -0.380149
-17.2038 13.7264 14.2581 0.00447212 -0.924767 -0.380507
-16.349 13.5027 14.8118 0.00452684 -0.92473 -0.380597
-15.5899 13.3122 15.2837 0.00387691 -0.924465 -0.381246
-14.5481 13.0177 16.0071 0.00474739 -0.923963 -0.382452
-13.3985 12.7204 16.7377 0.0043762 -0.923797 -0.382858
-12.5902 12.5152 17.2419 0.00470984 -0.923466 -0.383652
-11.7683 12.3114 17.7427 0.00454575 -0.923446 -0.383702
-10.7751 12.0836 18.3028 0.00482335 -0.923614 -0.383294
-9.94028 11.9368 18.6669 0.00438744 -0.923804 -0.382842
-9.03798 11.7983 19.0077 0.00209076 -0.923263 -0.384163
-8.03694 11.7043 19.2403 0.0027515 -0.922603 -0.385741
-6.86919 11.6237 19.4387 0.00109163 -0.922559 -0.385856
-5.94294 11.5555 19.605 0.00216341 -0.922471 -0.38606
-4.88608 11.4622 19.8337 0.00180539 -0.92239 -0.386255
-3.93695 11.3777 20.0398 0.00186589 -0.922372 -0.386299
-3.04763 11.3024 20.2263 0.00305812 -0.922064 -0.387025
-2.11604 11.2333 20.3972 0.00124411 -0.921904 -0.387416
-1.15379 11.1773 20.5326 0.000724826 -0.922042 -0.387089
-0.161515 11.1415 20.6174 -0.000398019 -0.921873 -0.387491
1.09695 11.1754 20.5373 -0.000122186 -0.921408 -0.388596
2.13677 11.216 20.4416 -0.000633837 -0.92259 -0.38578
3.11372 11.2356 20.3925 -0.000869401 -0.922711 -0.385491
4.31418 11.3332 20.1562 -0.00113689 -0.923052 -0.384674
5.56534 11.4611 19.8448 -0.00163882 -0.922465 -0.386077
6.60877 11.549 19.6295 -0.00231944 -0.922536 -0.385904
7.51897 11.6227 19.4487 -0.00238718 -0.922943 -0.384928
9.05279 11.7349 19.1666 -0.00249407 -0.923247 -0.384197
10.2259 11.8127 18.9659 -0.00464115 -0.922893 -0.385028
11.445 12.0375 18.4115 -0.00502055 -0.922989 -0.384793
12.4139 12.292 17.7892 -0.00413152 -0.923788 -0.382882
13.1086 12.5133 17.2482 -0.00505085 -0.923654 -0.383194
14.1123 12.7967 16.5521 -0.00421576 -0.923985 -0.382405
14.8846 12.9786 16.1039 -0.00463929 -0.923977 -0.382421
16.0964 13.2516 15.4283 -0.00525469 -0.924242 -0.38177
16.8864 13.4278 14.9941 -0.00402727 -0.924037 -0.382281
17.6548 13.6177 14.5264 -0.00444739 -0.924112 -0.382095
18.4296 13.824 14.0162 -0.00393716 -0.924876 -0.380248
19.3273 14.1423 13.2324 -0.00387864 -0.925009 -0.379926
20.2281 14.559 12.2078 -0.00354131 -0.925269 -0.379296
20.7935 14.8362 11.5255 -0.00342032 -0.925762 -0.378091
21.5829 15.2362 10.5404 -0.00308429 -0.925833 -0.37792
22.1883 15.5313 9.81208 -0.00283293 -0.925904 -0.377749
22.7832 15.923 8.84712 -0.00251274 -0.92614 -0.377173
23.3196 16.3413 7.81682 -0.00236021 -0.926078 -0.377325
23.9738 16.7122 6.90213 -0.0022426 -0.926116 -0.377233
24.5914 17.0391 6.09557 -0.0019988 -0.926347 -0.376666
25.2134 17.4989 4.96226 -0.00167469 -0.926686 -0.375832
25.6676 18.0125 3.69432 -0.000707824 -0.92666 -0.375901
25.9288 18.3955 2.74987 -0.000135318 -0.926462 -0.376386
26.1043 18.7517 1.87316 0.000545673 -0.926521 -0.376242
26.3281 19.3274 0.456647 0.00116187 -0.926419 -0.376493
26.5137 19.687 -0.427848 0.00105757 -0.926594 -0.376061
26.8205 20.1506 -1.56985 0.00129774 -0.926669 -0.375876
27.0905 20.5283 -2.49966 0.0015018 -0.926733 -0.375717
27.3405 20.9471 -3.53164 0.0024109 -0.926632 -0.375963
27.4522 21.3177 -4.44635 0.00255621 -0.927 -0.375053
27.4097 21.8729 -5.81549 0.00351286 -0.926482 -0.376324
27.2432 22.2936 -6.8532 0.00444689 -0.926342 -0.376656
27.0316 22.6949 -7.84099 0.0049585 -0.926103 -0.377237
26.8682 23.0335 -8.67631 0.00530033 -0.926385 -0.376541
26.6859 23.4237 -9.63733 0.00490921 -0.926052 -0.377364
26.4474 23.7668 -10.483 0.00601643 -0.926179 -0.377036
26.1817 24.1825 -11.5097 0.0059425 -0.926362 -0.376589
25.9771 24.6696 -12.7071 0.00580115 -0.925718 -0.37817
25.8452 25.0081 -13.5411 0.00741092 -0.925789 -0.377968
25.5949 25.3726 -14.4383 0.00676247 -0.925506 -0.378672
25.0716 25.8257 -15.5566 0.00569684 -0.925857 -0.377831
24.5021 26.1733 -16.415 0.00738657 -0.925481 -0.378715
24.009 26.4582 -17.1217 0.00836586 -0.924698 -0.380608
23.1835 26.9512 -18.335 0.00881741 -0.924478 -0.381134
22.5801 27.2628 -19.1039 0.00925203 -0.92414 -0.381942
21.9473 27.5997 -19.9335 0.00866763 -0.924093 -0.382069
21.2506 27.9974 -20.9123 0.00940251 -0.924081 -0.382081
20.7152 28.3268 -21.7212 0.0093736 -0.923914 -0.382485
19.9584 28.6955 -22.6315 0.00929829 -0.924212 -0.381767
19.0426 29.0495 -23.5103 0.00931334 -0.924025 -0.382219
18.1472 29.3328 -24.211 0.00783596 -0.923359 -0.383858
16.9602 29.6513 -24.9992 0.00596079 -0.923451 -0.38367
16.0416 29.8972 -25.6005 0.00587504 -0.922403 -0.386183
15.252 30.1127 -26.129 0.00715211 -0.922643 -0.385588
14.2592 30.3584 -26.7336 0.00546043 -0.922488 -0.385987
13.3611 30.5725 -27.257 0.00560105 -0.922357 -0.386299
12.8159 30.7146 -27.6048 0.00579553 -0.922238 -0.38658
13.4879 31.0164 -28.3172 0.00356744 -0.922925 -0.384964
12.634 31.2426 -28.8668 0.00378483 -0.922585 -0.385776
11.6407 31.4563 -29.389 0.0045287 -0.922524 -0.385913
10.8044 31.6179 -29.7859 0.0052264 -0.922322 -0.386387
9.76549 31.74 -30.0939 0.00685241 -0.922904 -0.384968
8.8683 31.7987 -30.2508 0.00557064 -0.92273 -0.385403
7.86983 31.8627 -30.4162 0.00490488 -0.923466 -0.383649
6.97869 31.9256 -30.5727 0.000991817 -0.922898 -0.385042
5.6677 32.0198 -30.8005 0.000202666 -0.922619 -0.385712
4.706 32.0985 -30.9903 -7.26721e-05 -0.922219 -0.386666
3.30464 32.2149 -31.2701 0.00275213 -0.921 -0.389552
2.41565 32.28 -31.4285 0.00112361 -0.921054 -0.389432
1.5082 32.3459 -31.5841 -0.000127083 -0.922177 -0.386769
0.571198 32.394 -31.6967 -0.00148405 -0.921498 -0.388379
-0.821659 32.3536 -31.5966 -0.00182267 -0.921688 -0.387927
-2.05728 32.2594 -31.3661 -0.000236884 -0.922196 -0.386721
-3.0346 32.1609 -31.1346 0.00132957 -0.922059 -0.387048
-3.93393 32.097 -30.9844 0.000430002 -0.92228 -0.386522
-5.41674 32.0019 -30.7588 0.000283284 -0.922269 -0.386547
-6.3502 31.9251 -30.5762 -0.00308524 -0.921762 -0.387743
-7.58929 31.8012 -30.27 -0.0039592 -0.922116 -0.386894
-8.47911 31.7248 -30.0795 -0.00403071 -0.922338 -0.386362
-9.89654 31.6068 -29.7833 -0.00447678 -0.92262 -0.385683
-10.9556 31.4295 -29.3443 -0.00516085 -0.92286 -0.3851
-11.8215 31.2209 -28.8329 -0.00538072 -0.922508 -0.385941
-12.884 30.9301 -28.1195 -0.00681508 -0.923117 -0.384459
-13.6594 30.737 -27.6425 -0.00663495 -0.923144 -0.384397
-14.6846 30.4877 -27.0274 -0.00457703 -0.923291 -0.384075
-15.4863 30.2921 -26.5477 -0.00467546 -0.923297 -0.384059
-16.6862 29.9837 -25.7889 -0.00519313 -0.923765 -0.382924
-17.4878 29.7762 -25.2786 -0.00434757 -0.923254 -0.384167
-18.2983 29.5445 -24.7122 -0.0046142 -0.923276 -0.38411
-19.0049 29.3104 -24.1396 -0.00570178 -0.924129 -0.382036
-19.9872 28.9164 -23.1677 -0.0067143 -0.924198 -0.381853
-20.5522 28.6431 -22.4945 -0.00765315 -0.924441 -0.381249
-21.3506 28.195 -21.3931 -0.00750245 -0.924133 -0.381997
-21.9163 27.8418 -20.5271 -0.00826927 -0.924314 -0.381542
-22.4051 27.5553 -19.8218 -0.00859842 -0.924349 -0.381452
-23.1053 27.1126 -18.7309 -0.00742666 -0.924872 -0.380205
-23.7108 26.7213 -17.7648 -0.00789761 -0.925297 -0.379162
-24.5533 26.3282 -16.7867 -0.00838689 -0.925724 -0.378106
-25.049 26.0294 -16.0425 -0.00830482 -0.925981 -0.37748
-25.4683 25.6487 -15.1015 -0.00789444 -0.925569 -0.378496
-25.7194 25.2685 -14.1647 -0.00718543 -0.926168 -0.377041
-25.9964 24.8317 -13.0883 -0.00672719 -0.925998 -0.377469
-26.2842 24.41 -12.0475 -0.00603152 -0.926139 -0.377132
-26.5859 23.9427 -10.8968 -0.00560173 -0.925951 -0.377603
-26.8061 23.5443 -9.91722 -0.00514875 -0.926141 -0.377142
-27 23.0419 -8.68287 -0.00314761 -0.925677 -0.378301
-27.1972 22.5501 -7.47554 -0.00375999 -0.926116 -0.377221
-27.3918 22.2132 -6.64585 -0.00378623 -0.926293 -0.376785
-27.6782 21.7291 -5.45111 -0.00362489 -0.92667 -0.375858
-27.6925 21.3532 -4.52806 -0.0016892 -0.926051 -0.377395
-27.563 20.99 -3.6377 -0.00165161 -0.926345 -0.376673
-27.3433 20.6059 -2.69253 -0.000504188 -0.926376 -0.376601
-27.1113 20.2337 -1.77731 -0.000473492 -0.926386 -0.376575
-26.9318 19.8863 -0.922832 -0.000353333 -0.926292 -0.376805
-26.7522 19.445 0.164723 -0.000378987 -0.926703 -0.375794
-26.5596 19.0828 1.05623 0.000805998 -0.926335 -0.376699
-26.3409 18.6682 2.07636 0.000450636 -0.926306 -0.37677
-26.1951 18.282 3.02603 9.91328e-05 -0.92636 -0.37664
-25.9041 17.8903 3.98962 0.00101068 -0.926333 -0.376704
-25.568 17.4807 4.99777 0.00138176 -0.92644 -0.37644
-25.0733 17.1395 5.83871 0.00166463 -0.9262 -0.377028
-24.6294 16.8404 6.57642 0.00219825 -0.926082 -0.377315
-24.1025 16.5029 7.40818 0.00239875 -0.926151 -0.377146
-23.4688 16.1814 8.20036 0.00196226 -0.925821 -0.377956
-22.9204 15.8771 8.94903 0.00258673 -0.925896 -0.37777
-22.3827 15.5251 9.81525 0.00278286 -0.925909 -0.377737
-21.7869 15.1588 10.7168 0.00307544 -0.925623 -0.378434
-21.0278 14.7082 11.8245 0.00336657 -0.925336 -0.379132
-20.5012 14.4021 12.5765 0.00366172 -0.925235 -0.379377
-19.7054 13.9598 13.6622 0.00324402 -0.925142 -0.379607
-18.5973 13.6065 14.5329 0.00450319 -0.924792 -0.380446
-17.8228 13.408 15.0246 0.00443831 -0.924765 -0.380513
-16.9586 13.1884 15.5683 0.00438968 -0.924748 -0.380556
-16.0076 12.9395 16.1826 0.00351696 -0.924328 -0.381582
-14.7212 12.5927 17.0329 0.00301542 -0.924302 -0.38165
-13.8863 12.374 17.5702 0.00322705 -0.923918 -0.382576
-13.0144 12.1538 18.1094 0.00333562 -0.923915 -0.382583
-12.1023 11.9258 18.667 0.00381623 -0.923588 -0.383366
-11.2021 11.7202 19.1731 0.00458513 -0.923495 -0.383583
-10.3995 11.5674 19.5513 0.0051792 -0.923374 -0.383868
-9.55677 11.44 19.8657 0.00366126 -0.922893 -0.38504
-8.39085 11.3255 20.147 0.00170247 -0.923238 -0.384224
-7.26591 11.2484 20.3363 -0.000486743 -0.923411 -0.383812
-6.05295 11.1616 20.5474 0.00266864 -0.92388 -0.382673
-5.05261 11.0702 20.7739 0.00194612 -0.923691 -0.383133
-4.15937 10.9866 20.978 -0.00075593 -0.922892 -0.385059
-3.21808 10.9079 21.1648 0.00115033 -0.922478 -0.386042
-2.27626 10.8402 21.331 0.00176289 -0.921766 -0.387742
-1.30938 10.7775 21.4846 0.0012436 -0.921904 -0.387416
0.35057 10.7253 21.6132 0.000824743 -0.923125 -0.3845
1.28795 10.7738 21.497 0.000631033 -0.922826 -0.385215
2.22891 10.8061 21.4209 -0.000199111 -0.922561 -0.385852
3.55206 10.8566 21.2997 -0.000135261 -0.922667 -0.385597
4.65539 10.9555 21.0595 -0.00173819 -0.921863 -0.387513
5.70018 11.065 20.7921 -0.00124987 -0.92295 -0.384917
6.98326 11.1668 20.5435 -0.00188639 -0.923253 -0.384188
7.90828 11.2439 20.3546 -0.00238754 -0.922943 -0.384929
9.17147 11.3376 20.122 -0.00176754 -0.923428 -0.383769
10.6098 11.4307 19.8809 -0.00360092 -0.924367 -0.381487
11.7152 11.6257 19.399 -0.00290142 -0.924023 -0.382325
12.684 11.866 18.8134 -0.00253263 -0.923488 -0.383617
13.7903 12.1814 18.0435 -0.0030327 -0.92387 -0.382694
14.5871 12.4338 17.425 -0.00393556 -0.924258 -0.381749
15.6473 12.6794 16.8186 -0.00412479 -0.923873 -0.382676
16.6993 12.9254 16.2115 -0.00413157 -0.924258 -0.381747
17.5735 13.1426 15.6762 -0.00407997 -0.924148 -0.382014
18.5803 13.3966 15.0522 -0.00330295 -0.924228 -0.381826
19.3814 13.6059 14.5366 -0.00337003 -0.924709 -0.380661
20.2604 13.9458 13.7017 -0.00338884 -0.925025 -0.37989
20.894 14.2458 12.9665 -0.00316802 -0.925168 -0.379545
21.6969 14.6347 12.0103 -0.00321288 -0.925347 -0.379106
22.2349 14.9075 11.3386 -0.00316058 -0.925558 -0.378594
22.9983 15.3089 10.3508 -0.00320339 -0.925621 -0.378439
23.5153 15.6237 9.57592 -0.00287051 -0.925937 -0.377668
23.9587 15.9706 8.72244 -0.00262476 -0.925959 -0.377614
24.5291 16.3252 7.84885 -0.00193868 -0.925864 -0.377851
25.142 16.6342 7.08754 -0.00193052 -0.926166 -0.377111
25.955 17.111 5.91191 -0.00178552 -0.926231 -0.376951
26.3299 17.494 4.96935 -0.00167266 -0.926256 -0.376892
26.6006 17.8317 4.13821 -0.00119682 -0.926469 -0.376368
26.8797 18.2375 3.13933 0.000430013 -0.926288 -0.376817
27.1136 18.6928 2.01982 0.000636654 -0.926486 -0.376328
27.3193 19.1178 0.974129 0.00070446 -0.926413 -0.376509
27.5473 19.6072 -0.228693 0.0010365 -0.926253 -0.3769
27.83 20.0706 -1.36918 0.000888277 -0.926575 -0.376109
28.1533 20.5134 -2.45872 0.00160875 -0.926604 -0.376034
28.437 21.0623 -3.80863 0.00217775 -0.926456 -0.376397
28.5208 21.4015 -4.64337 0.0021749 -0.926485 -0.376326
28.4696 21.8689 -5.7956 0.00351378 -0.926481 -0.376324
28.2986 22.276 -6.79949 0.00351461 -0.926481 -0.376325
28.1362 22.6105 -7.62211 0.00301536 -0.926017 -0.37747
27.8814 23.0731 -8.7602 0.00272566 -0.92629 -0.3768
27.7131 23.438 -9.65924 0.00419254 -0.92634 -0.376664
27.5092 23.8048 -10.565 0.00347412 -0.926628 -0.375964
27.1757 24.2658 -11.7007 0.00472696 -0.926379 -0.376562
27.0073 24.7436 -12.8739 0.00447224 -0.925734 -0.378149
26.8675 25.104 -13.7589 0.00459935 -0.926079 -0.377302
26.5565 25.5746 -14.9177 0.00475412 -0.926083 -0.377291
25.985 26.0086 -15.9906 0.00546674 -0.926089 -0.377264
25.1446 26.5083 -17.2255 0.00541906 -0.925597 -0.378471
24.6038 26.8411 -18.0421 0.00570134 -0.924888 -0.380198
24.0521 27.1525 -18.8084 0.0065641 -0.924696 -0.380649
23.4002 27.5013 -19.6668 0.00665072 -0.924185 -0.381886
22.5232 27.9819 -20.8448 0.00863458 -0.924102 -0.382049
21.8459 28.3932 -21.8532 0.00958684 -0.923879 -0.382564
21.3603 28.6931 -22.5917 0.00955796 -0.924338 -0.381454
20.5579 29.0547 -23.4861 0.00902468 -0.923961 -0.38238
19.7548 29.3495 -24.2172 0.00887566 -0.923605 -0.383243
18.8792 29.631 -24.914 0.00704219 -0.923542 -0.38343
18.0862 29.8562 -25.4709 0.00870506 -0.922967 -0.384781
17.1465 30.0823 -26.0279 0.00629187 -0.922484 -0.385983
16.1065 30.3653 -26.7216 0.00500431 -0.923344 -0.383941
14.8063 30.6926 -27.5248 0.00520606 -0.922538 -0.385871
13.6295 30.9792 -28.2267 0.00445022 -0.923004 -0.384763
14.1572 31.3213 -29.0439 0.00200708 -0.923662 -0.383198
14.944 31.1158 -28.5405 0.00317577 -0.924404 -0.381401
16.116 30.8181 -27.8112 0.00324005 -0.923526 -0.383522
16.8881 30.628 -27.3526 0.000487299 -0.923916 -0.382591
17.879 30.3946 -26.7792 0.00565749 -0.925751 -0.37809
18.7267 30.164 -26.1987 0.00738032 -0.924659 -0.380716
19.6991 29.9104 -25.572 0.00374856 -0.924211 -0.381861
20.6751 29.6477 -24.9161 0.0085101 -0.923855 -0.382647
21.349 29.3643 -24.2176 0.00590897 -0.924188 -0.381891
22.1909 28.9231 -23.1277 0.00981331 -0.92457 -0.380886
22.7334 28.5936 -22.3157 0.00903988 -0.924092 -0.382062
23.3636 28.2167 -21.3926 0.00824336 -0.923763 -0.382877
23.9364 27.8937 -20.6026 0.00754898 -0.923508 -0.383505
24.73 27.4486 -19.5243 0.00234352 -0.923851 -0.382725
25.3946 27.0917 -18.646 0.00367764 -0.926426 -0.376459
25.9904 26.7331 -17.7579 0.00741787 -0.924019 -0.382275
26.661 26.3789 -16.8973 0.000247402 -0.925652 -0.378377
27.1522 26.0727 -16.1377 0.00326456 -0.927279 -0.374358
27.6738 25.5578 -14.865 6.15088e-05 -0.926242 -0.376928
27.9031 25.1249 -13.7966 0.00448925 -0.92671 -0.375738
28.0661 24.7466 -12.8676 0.00500914 -0.924832 -0.380332
28.176 24.3981 -12.0159 0.000236206 -0.926107 -0.37726
28.3968 24.0588 -11.1829 0.000103053 -0.926156 -0.377142
28.6594 23.6935 -10.2809 0.00300364 -0.926582 -0.376082
28.8577 23.2547 -9.1995 0.00276143 -0.926277 -0.376834
29.114 22.7729 -8.01318 0.00374544 -0.926198 -0.377019
29.3257 22.3205 -6.90329 0.00146114 -0.92589 -0.377785
29.4819 21.9395 -5.96513 0.000524752 -0.92649 -0.37632
29.5871 21.3362 -4.47701 0.00155816 -0.926558 -0.376149
29.3479 20.7392 -3.00898 0.00135397 -0.926272 -0.376852
29.0585 20.2511 -1.81007 0.00112933 -0.926372 -0.376609
28.8352 19.8409 -0.801152 0.00076947 -0.926593 -0.376065
28.5588 19.4485 0.163959 0.000763364 -0.926218 -0.376988
28.3122 19.0021 1.25928 0.000203625 -0.926178 -0.377086
28.1281 18.6578 2.10609 -0.000352203 -0.926174 -0.377096
27.8214 18.0491 3.6007 -0.000858929 -0.926149 -0.377157
27.4841 17.5021 4.94445 -0.00147528 -0.926248 -0.376913
27.1946 17.1815 5.73381 -0.00170774 -0.926336 -0.376695
26.772 16.8527 6.54347 -0.00131472 -0.92631 -0.376759
26.2659 16.5524 7.28047 -0.0031451 -0.925837 -0.37791
25.6191 16.2047 8.13913 -0.00261958 -0.926087 -0.377299
25.0792 15.9096 8.86458 -0.00162808 -0.925838 -0.377918
24.6111 15.5657 9.71049 -0.00214367 -0.925792 -0.378026
23.9503 15.1772 10.6654 -0.00275635 -0.925668 -0.378326
23.2983 14.8118 11.5636 -0.00339806 -0.925486 -0.378766
22.5797 14.4248 12.5161 -0.0030304 -0.925618 -0.378446
22.028 14.1425 13.21 -0.00220011 -0.925008 -0.379938
21.277 13.7864 14.0809 -0.00344675 -0.924866 -0.380278
20.5054 13.4612 14.8812 -0.00312153 -0.925364 -0.379065
19.7498 13.2353 15.4369 -0.000898762 -0.924572 -0.380999
18.5171 12.9264 16.1886 -0.00376412 -0.923845 -0.382748
17.2261 12.5789 17.0486 -0.00251447 -0.924898 -0.380208
16.1814 12.3115 17.6993 -0.00559609 -0.923405 -0.383786
15.3317 12.1259 18.1622 -0.00328415 -0.925525 -0.378673
14.2992 11.81 18.938 -0.0023294 -0.924392 -0.381436
13.5108 11.5457 19.5839 -0.00197463 -0.924141 -0.382046
12.5593 11.3458 20.0698 -0.00127435 -0.92595 -0.377606
11.5796 11.1329 20.5911 -0.00404502 -0.923368 -0.383895
10.6231 11.0382 20.8365 -0.00340778 -0.92577 -0.378072
9.4496 10.9568 21.036 0.000958088 -0.923509 -0.383565
8.52027 10.8929 21.1937 -0.00284559 -0.923422 -0.383772
7.30327 10.7764 21.4818 -0.000968747 -0.9238 -0.382874
6.00058 10.6784 21.7205 -0.00080026 -0.923319 -0.384034
4.89711 10.5746 21.9696 0.00130873 -0.923251 -0.384195
3.97244 10.5011 22.1449 -0.00237185 -0.922106 -0.386931
2.78191 10.419 22.3538 -0.00306946 -0.923843 -0.382745
1.86561 10.3845 22.4388 0.00369787 -0.924342 -0.381522
0.974175 10.3166 22.5937 -0.000405417 -0.923115 -0.384523
-0.119428 10.3098 22.612 -0.000260675 -0.923491 -0.38362
-1.09883 10.315 22.5991 0.00117967 -0.923611 -0.383328
-2.34893 10.4365 22.2991 0.00189405 -0.923374 -0.383897
-3.59516 10.5181 22.106 -0.00141716 -0.923942 -0.38253
-4.56289 10.628 21.8427 -0.000870667 -0.924128 -0.382082
-5.76406 10.731 21.5911 0.00191695 -0.925426 -0.378923
-6.76857 10.8129 21.3886 0.000302575 -0.924969 -0.380041
-7.79655 10.8804 21.2208 0.00273436 -0.924027 -0.382313
-8.74666 10.9612 21.0219 0.00176636 -0.923475 -0.383655
-9.66912 11.033 20.8467 0.00196223 -0.924169 -0.381975
-10.7124 11.1557 20.5398 0.0033696 -0.924744 -0.380574
-11.5501 11.322 20.1294 0.00296149 -0.924495 -0.381182
-12.4551 11.5417 19.5914 0.00162326 -0.924255 -0.381772
-13.4542 11.8037 18.9518 0.00260585 -0.924179 -0.38195
-14.3402 12.0336 18.3894 0.00266373 -0.924204 -0.381889
-15.1228 12.2391 17.8864 0.00291335 -0.924363 -0.381502
-16.3265 12.556 17.1116 0.00122951 -0.924957 -0.380067
-17.1569 12.775 16.573 0.00495131 -0.925414 -0.378911
-18.1052 12.986 16.042 0.00643745 -0.924091 -0.382117
-19.3751 13.3195 15.2214 -0.000862851 -0.925072 -0.379745
-20.3667 13.6061 14.5186 0.00231002 -0.924862 -0.380297
-21.0483 13.9324 13.7201 0.00255093 -0.92533 -0.379154
-21.7373 14.4426 12.4663 0.00355758 -0.925475 -0.37879
-22.5739 14.9298 11.272 0.0021108 -0.92543 -0.378912
-23.4044 15.426 10.0505 0.00284734 -0.925901 -0.377756
-24.0804 15.8229 9.07592 0.00166963 -0.925551 -0.378618
-24.687 16.0849 8.4305 0.00242513 -0.926051 -0.37739
-25.1713 16.3855 7.68871 0.00411956 -0.925541 -0.37862
-25.7429 16.7365 6.82537 0.00196009 -0.926107 -0.377256
-26.2641 17.066 6.01403 0.00168777 -0.926197 -0.377036
-26.7581 17.4623 5.0391 0.00151952 -0.926038 -0.377426
-26.9654 17.8776 4.01863 0.00061532 -0.926211 -0.377005
-27.2877 18.2827 3.02199 0.00113046 -0.926378 -0.376592
-27.424 18.7234 1.93777 0.00109625 -0.926284 -0.376824
-27.632 19.0818 1.05654 0.000702932 -0.926255 -0.376897
-27.9228 19.4695 0.103054 0.000529005 -0.926485 -0.376332
-27.9993 19.8122 -0.740141 -0.000232577 -0.926199 -0.377036
-28.186 20.2085 -1.71415 1.80698e-05 -0.926297 -0.376793
-28.4859 20.6968 -2.91543 8.64422e-05 -0.926452 -0.376414
-28.6608 21.0345 -3.74547 -3.21403e-05 -0.925658 -0.378362
-28.7432 21.4757 -4.82384 -0.00141242 -0.925725 -0.378192
-28.6668 21.8445 -5.72905 -0.0015524 -0.926288 -0.376813
-28.3962 22.3086 -6.87329 -0.00130305 -0.926574 -0.37611
-28.1586 22.7564 -7.97394 -0.00253778 -0.926205 -0.377013
-27.927 23.2907 -9.2856 -0.00181609 -0.925766 -0.378093
-27.7611 23.6344 -10.1279 -0.00221561 -0.925843 -0.377901
-27.6055 23.9757 -10.9658 -0.00263389 -0.925836 -0.377916
-27.4253 24.3887 -11.9798 -0.00509305 -0.926179 -0.37705
-27.1568 24.7103 -12.7733 -0.00502511 -0.926122 -0.37719
-26.8299 25.2465 -14.091 -0.00678897 -0.925999 -0.377464
-26.5719 25.733 -15.2871 -0.00574279 -0.925447 -0.378833
-26.0592 26.1883 -16.4118 -0.00665399 -0.926407 -0.376465
-25.3797 26.5934 -17.4191 -0.00641274 -0.925968 -0.377549
-24.7439 26.8841 -18.1415 -0.00558899 -0.925198 -0.37944
-24.0912 27.2895 -19.1433 -0.00624482 -0.925131 -0.379597
-23.6119 27.5832 -19.8657 -0.00575955 -0.924453 -0.38125
-22.8644 28.0055 -20.9026 -0.0084097 -0.92441 -0.381307
-22.3759 28.2903 -21.6032 -0.00800578 -0.924163 -0.381915
-21.7374 28.6946 -22.5966 -0.00739 -0.924814 -0.380347
-21.174 28.9585 -23.2483 -0.00702952 -0.924772 -0.380458
-20.6625 29.2436 -23.949 -0.00672558 -0.924409 -0.381343
-19.974 29.5248 -24.6423 -0.00725089 -0.925347 -0.379043
-18.8638 29.87 -25.4978 0.00130795 -0.92528 -0.379283
-17.8832 30.1435 -26.1582 -0.00559647 -0.923334 -0.383958
-16.7062 30.4478 -26.9099 -0.00448597 -0.92436 -0.381488
-15.7568 30.6963 -27.5187 -0.00304259 -0.924914 -0.380161
-14.7607 30.9442 -28.1296 -0.00101724 -0.925575 -0.378562
-13.9049 31.1617 -28.6606 -0.00561898 -0.923937 -0.382504
-12.8565 31.4235 -29.3059 -0.00434761 -0.923185 -0.38433
-12.0934 31.6485 -29.8545 -0.00450739 -0.923632 -0.383252
-11.21 31.8373 -30.3201 -0.00364285 -0.924089 -0.38216
-10.2989 31.985 -30.6825 -0.00271021 -0.922715 -0.38547
-9.40448 32.0816 -30.922 -0.00381465 -0.922383 -0.386257
-8.12874 32.1644 -31.1308 -0.00353902 -0.922113 -0.386904
-6.78456 32.2833 -31.4257 -0.00286744 -0.922236 -0.386617
-5.70836 32.3708 -31.6362 -0.000322164 -0.921297 -0.38886
-4.31196 32.4686 -31.8745 -0.000764741 -0.923118 -0.384503
-3.36199 32.5375 -32.0355 0.00411561 -0.922934 -0.384928
-2.2223 32.6538 -32.3066 4.74612e-05 -0.922145 -0.386843
-1.04644 32.7683 -32.5835 -0.00154192 -0.922175 -0.386769
0.32092 32.8085 -32.6801 0.00214171 -0.920163 -0.391492
1.35769 32.7781 -32.6158 -0.00351223 -0.924761 -0.380531
2.32264 32.7116 -32.4538 0.00127147 -0.921822 -0.387612
3.37481 32.6145 -32.218 0.00219945 -0.922085 -0.386981
4.27652 32.5357 -32.0377 -0.00221475 -0.924462 -0.381267
5.53849 32.432 -31.7856 0.00246471 -0.922951 -0.384899
6.52107 32.3602 -31.6135 -0.00250885 -0.922656 -0.385603
7.59673 32.2811 -31.4268 0.000980012 -0.925474 -0.37881
8.64367 32.2188 -31.2636 0.00481053 -0.923514 -0.383535
9.70489 32.1536 -31.0895 0.00738732 -0.923893 -0.38258
10.6572 32.0737 -30.8776 0.00752663 -0.921781 -0.387637
11.7427 31.9298 -30.515 0.00702199 -0.922076 -0.386944
12.6335 31.7463 -30.067 0.00366717 -0.92115 -0.389192
13.399 31.5311 -29.5508 0.0022681 -0.922998 -0.384799
13.8564 31.4 -29.2336 0.00182917 -0.922978 -0.384848
10.332 29.1873 -23.9821 0.00256263 -0.9245 -0.38117
9.43645 29.3433 -24.3663 0.0026784 -0.924301 -0.381656
8.13857 29.527 -24.8217 0.00404389 -0.924682 -0.380718
7.26644 29.6283 -25.0784 0.00316873 -0.925007 -0.379936
6.30049 29.7336 -25.3396 0.0014817 -0.924608 -0.380915
5.15236 29.8573 -25.6422 0.00105684 -0.92422 -0.381859
4.02487 29.9334 -25.8297 0.0018623 -0.92386 -0.382723
2.99242 29.9662 -25.9123 0.00118972 -0.924261 -0.381759
1.99072 29.9656 -25.9132 0.000586376 -0.924131 -0.382076
0.959679 29.9678 -25.9185 8.75504e-05 -0.923775 -0.382935
-0.047219 29.9716 -25.927 -0.000986997 -0.923696 -0.383124
-0.949878 29.9744 -25.9316 -0.00148549 -0.924085 -0.382181
-1.96125 29.9371 -25.8385 -0.00102888 -0.92389 -0.382656
-3.04532 29.8812 -25.7013 -0.000407505 -0.923841 -0.382776
-4.06114 29.8335 -25.5845 -0.00206683 -0.923768 -0.382947
-4.95008 29.7575 -25.3961 -0.00220453 -0.923843 -0.382766
-5.89457 29.6542 -25.14 -0.00320456 -0.924057 -0.382241
-6.85207 29.5338 -24.8418 -0.0023426 -0.924097 -0.382151
-7.81501 29.4039 -24.5196 -0.00283717 -0.924624 -0.38087
-8.99593 29.2443 -24.1248 -0.00286665 -0.924624 -0.38087
-10.0431 29.0609 -23.6704 -0.00364061 -0.924722 -0.380627
-10.9754 28.8564 -23.1659 -0.00229678 -0.924827 -0.380382
-11.9964 28.5891 -22.5054 -0.00387075 -0.925582 -0.378526
-12.753 28.3633 -21.9451 -0.00390813 -0.925771 -0.378065
-13.6953 28.1177 -21.3348 -0.00351375 -0.925664 -0.378331
-14.6289 27.8917 -20.7715 -0.00471707 -0.925626 -0.37841
-15.5892 27.6262 -20.1124 -0.00502983 -0.924959 -0.380033
-16.4766 27.2616 -19.2116 -0.00485556 -0.925332 -0.379127
-17.041 26.9627 -18.4752 -0.00460644 -0.925793 -0.378003
-17.7032 26.6227 -17.6348 -0.00425337 -0.926115 -0.377216
-18.7088 26.1313 -16.4127 -0.00499293 -0.926509 -0.376239
-19.1481 25.8069 -15.6096 -0.00526133 -0.926155 -0.377106
-19.6821 25.4306 -14.6765 -0.00472395 -0.926809 -0.375502
-20.36 25.0052 -13.6202 -0.00401305 -0.926976 -0.375098
-20.7857 24.7062 -12.8749 -0.00396869 -0.9273 -0.374298
-21.3415 24.1947 -11.6008 -0.00496156 -0.92735 -0.374161
-21.6094 23.8542 -10.7535 -0.00460362 -0.926902 -0.375274
-21.7893 23.4629 -9.78624 -0.00301453 -0.926994 -0.375065
-21.9581 23.0499 -8.76594 -0.00267634 -0.92663 -0.375965
-22.1177 22.6724 -7.83276 -0.00324912 -0.927265 -0.374389
-22.244 22.321 -6.95965 -0.00196923 -0.927341 -0.374211
-22.3728 21.8083 -5.69095 -0.00227318 -0.927124 -0.374748
-22.4155 21.4494 -4.80037 -0.00192658 -0.927529 -0.373746
-22.3949 20.9427 -3.54431 -0.00068619 -0.927283 -0.374361
-22.3312 20.5635 -2.60494 -2.6358e-05 -0.927362 -0.374165
-22.188 20.1703 -1.63125 0.000424502 -0.927133 -0.374732
-21.9518 19.6629 -0.375767 0.00102445 -0.92703 -0.374986
-21.7399 19.3097 0.498243 0.00158812 -0.926966 -0.375142
-21.4415 18.9418 1.40726 0.00189093 -0.926802 -0.375545
-21.0231 18.5201 2.45078 0.00199393 -0.92689 -0.375327
-20.5619 18.0738 3.55545 0.00199772 -0.926876 -0.375362
-20.1931 17.7513 4.35376 0.00249563 -0.926751 -0.375669
-19.647 17.2747 5.53273 0.00238999 -0.926621 -0.375988
-19.1818 16.9249 6.39781 0.00264083 -0.926423 -0.376474
-18.485 16.5394 7.35103 0.00284109 -0.926448 -0.376411
-17.7586 16.2147 8.15607 0.00318089 -0.9264 -0.376528
-16.9392 15.8377 9.09136 0.00359781 -0.926519 -0.376231
-15.9019 15.4274 10.1114 0.00399097 -0.926336 -0.376678
-15.189 15.1811 10.7253 0.00420183 -0.926308 -0.376744
-14.1218 14.8239 11.6141 0.00382772 -0.925898 -0.377753
-13.1929 14.5371 12.3266 0.00399507 -0.925641 -0.378382
-12.1114 14.2692 12.9927 0.00439399 -0.925448 -0.378849
-11.3263 14.1005 13.413 0.0034891 -0.925418 -0.378931
-10.1771 13.8669 13.9938 0.00385154 -0.925311 -0.379189
-9.01052 13.6479 14.5384 0.00322643 -0.925008 -0.379934
-8.16744 13.4966 14.9139 0.00351772 -0.925014 -0.379917
-7.30612 13.3759 15.2158 0.00350766 -0.92505 -0.379828
-6.26041 13.2445 15.5417 0.00270187 -0.924165 -0.381983
-5.29596 13.1369 15.8081 0.00182491 -0.923967 -0.382467
-4.23798 13.0285 16.0745 0.00136711 -0.924088 -0.382178
-2.90075 12.9563 16.2562 0.00219768 -0.923898 -0.382632
-1.99829 12.9349 16.313 0.00221555 -0.923899 -0.382631
-0.959515 12.9189 16.3563 0.000757873 -0.923999 -0.382394
0.111679 12.9063 16.388 0.000657728 -0.923779 -0.382925
1.46324 12.9086 16.384 -0.000300523 -0.924384 -0.381464
2.86557 12.929 16.3321 -0.00167302 -0.923712 -0.383084
3.85678 12.9612 16.2483 -0.00246303 -0.923783 -0.38291
4.79865 13.0217 16.0984 -0.00110434 -0.923968 -0.382468
5.87423 13.12 15.8538 -0.00247218 -0.924252 -0.381775
6.85262 13.2315 15.578 -0.00221576 -0.924161 -0.381996
7.8039 13.3504 15.2842 -0.00303668 -0.924504 -0.381159
8.79074 13.4882 14.9415 -0.00332131 -0.924435 -0.381326
9.85167 13.6683 14.4932 -0.00370464 -0.924831 -0.38036
10.738 13.8282 14.0951 -0.0042715 -0.92491 -0.380161
11.7721 14.0342 13.5805 -0.0048487 -0.925037 -0.379846
12.5825 14.2184 13.123 -0.00401883 -0.92497 -0.380019
13.7444 14.5021 12.4153 -0.0047775 -0.925585 -0.37851
14.8269 14.8061 11.6603 -0.00399307 -0.925667 -0.378317
15.9131 15.115 10.8914 -0.00413854 -0.925832 -0.377913
16.9534 15.4751 9.99722 -0.00395005 -0.925983 -0.377544
17.5954 15.7268 9.37271 -0.00361596 -0.926275 -0.376831
18.321 16.0233 8.63633 -0.00321613 -0.926462 -0.376374
19.0466 16.3813 7.74906 -0.00322256 -0.926467 -0.376363
19.6058 16.7426 6.85416 -0.00282405 -0.926644 -0.375928
20.1956 17.1584 5.82495 -0.00271766 -0.926814 -0.375511
20.6454 17.4649 5.06535 -0.00209991 -0.926711 -0.375769
21.1968 17.825 4.17333 -0.00215697 -0.926921 -0.375251
21.7536 18.2108 3.21762 -0.00173179 -0.927005 -0.375046
22.2954 18.7143 1.9716 -0.00140677 -0.926783 -0.375593
22.5525 19.1051 1.00547 -0.00140593 -0.92701 -0.375033
22.7568 19.6092 -0.240524 -0.00131481 -0.926866 -0.375391
22.9495 20.0253 -1.26849 -0.000235915 -0.927141 -0.374711
23.1306 20.6042 -2.70245 0.0005292 -0.927434 -0.373986
23.2106 20.9788 -3.63195 0.00110843 -0.927642 -0.37347
23.2683 21.3806 -4.62873 0.00146055 -0.927524 -0.373761
23.2713 21.8049 -5.68165 0.0014992 -0.927532 -0.373741
23.2294 22.2654 -6.82394 0.00168125 -0.927326 -0.374249
23.1253 22.7555 -8.03557 0.00301743 -0.926692 -0.375809
22.9986 23.0947 -8.87369 0.00313539 -0.927173 -0.374621
22.5851 23.6505 -10.2517 0.00276645 -0.926831 -0.375467
22.1525 24.1418 -11.4669 0.00315443 -0.92678 -0.375591
21.7253 24.5578 -12.4989 0.00390134 -0.927174 -0.374612
21.189 24.9992 -13.5972 0.00407854 -0.927226 -0.374481
20.7577 25.3673 -14.5131 0.0040533 -0.926655 -0.375888
20.2393 25.7991 -15.5791 0.00466589 -0.926225 -0.376941
19.6016 26.1492 -16.4479 0.00516854 -0.92614 -0.377145
19.0149 26.4116 -17.0991 0.00462984 -0.925689 -0.378257
18.3064 26.7535 -17.9442 0.00442864 -0.925643 -0.378372
17.6395 27.0805 -18.7541 0.00626677 -0.925853 -0.377832
16.9392 27.377 -19.4912 0.00550044 -0.925915 -0.37769
16.0849 27.6814 -20.2479 0.00550119 -0.925475 -0.378768
15.1118 27.9981 -21.0365 0.00575191 -0.92542 -0.3789
14.2628 28.2432 -21.6451 0.003973 -0.924853 -0.380304
13.4172 28.4744 -22.2162 0.00468762 -0.924858 -0.380284
12.5959 28.6768 -22.7192 0.00473391 -0.924736 -0.380579
11.4705 28.9289 -23.3449 0.00479369 -0.924612 -0.38088
10.8144 29.0737 -23.7022 0.00387855 -0.924227 -0.381824
10.3192 28.7277 -22.8651 0.00124543 -0.924772 -0.380519
9.46774 28.8984 -23.2849 0.00325455 -0.925068 -0.379788
8.51468 29.0548 -23.6739 0.00296635 -0.924684 -0.380722
7.51741 29.1853 -23.9977 0.00202385 -0.925235 -0.37939
6.61631 29.2834 -24.2425 0.00232429 -0.925081 -0.379761
5.47749 29.4085 -24.5528 0.00187506 -0.924907 -0.38019
4.60729 29.4973 -24.7709 0.00191443 -0.924375 -0.381479
3.42709 29.5636 -24.9363 0.00117544 -0.924239 -0.381813
2.05731 29.5815 -24.9839 0.00100689 -0.924084 -0.382188
0.976109 29.5893 -25.0009 0.000557065 -0.924858 -0.380312
-0.301982 29.5873 -24.9962 -0.00112075 -0.924787 -0.380481
-1.49134 29.5574 -24.9202 -0.000119783 -0.924298 -0.381671
-2.49813 29.5104 -24.8046 -0.000963113 -0.925126 -0.379659
-3.52449 29.4707 -24.7047 -0.00142048 -0.924928 -0.38014
-4.58957 29.3962 -24.5205 -0.000789889 -0.924919 -0.380164
-5.50296 29.2971 -24.2772 -0.00215953 -0.924859 -0.380303
-6.66504 29.1471 -23.9046 -0.00262377 -0.925201 -0.379469
-7.70074 29.0095 -23.5624 -0.00261016 -0.925312 -0.379199
-9.10142 28.7978 -23.04 -0.00286658 -0.924624 -0.380871
-10.3654 28.5365 -22.3918 -0.00309946 -0.924833 -0.38036
-11.5871 28.2341 -21.6416 -0.00370654 -0.925584 -0.378524
-12.6183 27.9326 -20.892 -0.00433033 -0.925857 -0.377849
-13.8674 27.6147 -20.1033 -0.00405886 -0.925598 -0.378485
-14.6481 27.4122 -19.6026 -0.0030485 -0.92545 -0.378854
-15.4899 27.1023 -18.8347 -0.00337294 -0.92651 -0.376256
-16.1618 26.7472 -17.9546 -0.00313716 -0.926402 -0.376522
-17.0548 26.3206 -16.8987 -0.00290989 -0.926282 -0.376821
-17.6785 26.0135 -16.1354 -0.0046153 -0.9265 -0.376267
-18.2692 25.6279 -15.1806 -0.00341892 -0.926112 -0.377233
-18.7292 25.2975 -14.3605 -0.00330101 -0.927255 -0.374416
-19.4256 24.8579 -13.2651 -0.0039099 -0.927281 -0.374345
-19.9439 24.4908 -12.3502 -0.00391471 -0.927408 -0.374031
-20.2726 24.1618 -11.5305 -0.00377632 -0.92748 -0.373853
-20.6499 23.6639 -10.2922 -0.00373721 -0.927398 -0.374058
-20.8404 23.2518 -9.27192 -0.0027354 -0.927125 -0.374742
-20.9873 22.9094 -8.42466 -0.00151522 -0.926963 -0.375149
-21.1688 22.4785 -7.35632 -0.00169932 -0.927523 -0.373762
-21.3392 21.9402 -6.02023 -0.000513762 -0.927548 -0.373704
-21.4146 21.4448 -4.79068 -0.000487174 -0.927517 -0.373781
-21.3791 20.9269 -3.50538 -0.000303753 -0.927414 -0.374035
-21.2941 20.5853 -2.65869 6.5021e-05 -0.927412 -0.374042
-21.0664 19.9916 -1.18719 0.000776714 -0.927274 -0.374382
-20.7706 19.4453 0.166356 0.00138954 -0.927185 -0.374601
-20.3888 18.9828 1.31169 0.00229341 -0.926858 -0.375406
-19.999 18.5849 2.2963 0.00226667 -0.926825 -0.375487
-19.5854 18.1757 3.30977 0.00261135 -0.926978 -0.375105
-19.1627 17.8038 4.2313 0.00299154 -0.926801 -0.37554
-18.7347 17.4698 5.05884 0.00289253 -0.926748 -0.375671
-18.2461 17.1286 5.90283 0.00262651 -0.92646 -0.376385
-17.7369 16.8442 6.60658 0.00335148 -0.926461 -0.376376
-17.0201 16.5023 7.45463 0.00331414 -0.926491 -0.376303
-16.1879 16.1186 8.40745 0.0040781 -0.926486 -0.376308
-15.5709 15.8521 9.07017 0.00420418 -0.926488 -0.3763
-14.7027 15.5276 9.87857 0.00427484 -0.926367 -0.376598
-13.9056 15.2658 10.5314 0.00421969 -0.926361 -0.376614
-12.7576 14.9023 11.4359 0.00393522 -0.92591 -0.377724
-11.8389 14.6588 12.0424 0.00371931 -0.925828 -0.377926
-10.7523 14.4233 12.629 0.00375916 -0.925705 -0.378226
-9.78842 14.2336 13.103 0.0038627 -0.925621 -0.378432
-8.8116 14.0548 13.5492 0.00336851 -0.924991 -0.379975
-7.97721 13.8986 13.9372 0.00351068 -0.924972 -0.380018
-7.0372 13.7478 14.313 0.00325625 -0.925029 -0.379882
-6.12657 13.6305 14.6056 0.00216603 -0.92484 -0.380351
-5.01913 13.5147 14.8936 0.00219351 -0.924838 -0.380356
-3.96304 13.4129 15.1449 0.00188129 -0.924215 -0.381868
-2.62219 13.3446 15.3186 0.00193449 -0.9245 -0.381177
-1.11751 13.3086 15.4126 0.00131294 -0.924242 -0.381806
0.310747 13.289 15.4636 0.000166421 -0.924256 -0.381774
1.31808 13.293 15.4526 -0.000364457 -0.924287 -0.381698
2.30853 13.3102 15.4098 -0.000455409 -0.924448 -0.381307
3.71257 13.3542 15.2989 -0.00180208 -0.924394 -0.381434
4.68798 13.4149 15.1474 -0.00235513 -0.924177 -0.381958
5.63165 13.5079 14.9166 -0.00238803 -0.924166 -0.381982
6.7624 13.6429 14.5813 -0.00253207 -0.924354 -0.381528
7.68905 13.7551 14.3029 -0.00275686 -0.924785 -0.38048
8.861 13.9217 13.8878 -0.00396862 -0.924914 -0.380156
9.79475 14.081 13.4901 -0.00419683 -0.92505 -0.379823
10.9841 14.3107 12.9162 -0.00441135 -0.925269 -0.379287
11.8302 14.4928 12.4612 -0.00454793 -0.925508 -0.3787
12.6614 14.6838 11.9846 -0.00453775 -0.925569 -0.378552
13.7063 14.9599 11.2966 -0.00448494 -0.92563 -0.378403
14.4773 15.1845 10.7368 -0.0041384 -0.92591 -0.377721
15.5142 15.5095 9.92843 -0.00418692 -0.925946 -0.377634
16.3272 15.8015 9.20284 -0.00449953 -0.926329 -0.376689
16.9845 16.0557 8.56997 -0.00373438 -0.926359 -0.376623
17.8035 16.4056 7.70037 -0.00387817 -0.926511 -0.376247
18.5649 16.8588 6.5769 -0.00317813 -0.926591 -0.376057
19.2841 17.3268 5.41619 -0.003111 -0.926818 -0.375497
20.0313 17.8152 4.20497 -0.00281056 -0.92681 -0.375519
20.5201 18.1461 3.38496 -0.00266405 -0.926908 -0.37528
21.0038 18.5303 2.43306 -0.00227463 -0.926923 -0.375245
21.3376 18.9216 1.4637 -0.00185595 -0.926903 -0.375295
21.6439 19.4304 0.204834 -0.00151261 -0.927075 -0.374872
21.834 19.7707 -0.636741 -0.000873514 -0.926965 -0.375148
22.0116 20.2667 -1.8656 2.09377e-05 -0.927364 -0.37416
22.1416 20.7423 -3.04623 0.000322591 -0.9275 -0.373824
22.2274 21.212 -4.21291 -9.34404e-05 -0.927653 -0.373443
22.2397 21.6359 -5.26599 -0.000104931 -0.927651 -0.373449
22.2033 21.9987 -6.16514 0.000973183 -0.927295 -0.37433
22.1624 22.368 -7.08087 0.000841624 -0.927516 -0.373783
22.0245 22.9026 -8.40591 0.00117628 -0.927089 -0.374839
21.7603 23.2893 -9.36342 0.00141736 -0.92714 -0.374712
21.3886 23.747 -10.4983 0.00221478 -0.927266 -0.374398
21.1049 24.1037 -11.383 0.00297674 -0.92703 -0.374975
20.5556 24.6058 -12.6302 0.00408417 -0.927215 -0.374508
19.8988 25.0911 -13.8389 0.00458423 -0.927066 -0.37487
19.2676 25.6383 -15.1969 0.00394584 -0.92659 -0.376053
18.501 26.0305 -16.1702 0.00378652 -0.926199 -0.377016
17.8347 26.3563 -16.9768 0.00335518 -0.925979 -0.37756
16.9867 26.7682 -17.9964 0.00495647 -0.926129 -0.377174
16.2617 27.0792 -18.7697 0.00540324 -0.926129 -0.377167
15.6053 27.3229 -19.3774 0.0051378 -0.925986 -0.377524
14.6934 27.6227 -20.1243 0.00364169 -0.926171 -0.377086
13.6833 27.9219 -20.8687 0.0042182 -0.925233 -0.379376
12.7845 28.1663 -21.473 0.0038848 -0.924989 -0.379975
11.6174 28.45 -22.1777 0.00329597 -0.925496 -0.378743
10.3935 28.7103 -22.8226 0.00143173 -0.925146 -0.379607
9.70803 28.4244 -22.1286 0.00260514 -0.924998 -0.379964
10.8438 28.1855 -21.5379 0.00303071 -0.925566 -0.378574
11.7266 27.9815 -21.0322 0.00330182 -0.925881 -0.377799
12.648 27.7174 -20.3755 0.00281297 -0.926224 -0.376963
13.7797 27.4049 -19.598 0.00307632 -0.926301 -0.376771
14.6054 27.144 -18.9502 0.00351758 -0.92607 -0.377336
15.3161 26.8961 -18.3325 0.00485419 -0.926482 -0.376307
16.1527 26.5577 -17.4898 0.00447955 -0.926196 -0.377016
16.7148 26.2815 -16.8044 0.00475079 -0.9264 -0.376511
17.3809 25.9464 -15.9734 0.00215264 -0.926379 -0.376586
18.0042 25.6208 -15.167 0.00402665 -0.926552 -0.376145
18.6009 25.2199 -14.1721 0.00553791 -0.92664 -0.375909
19.1621 24.7613 -13.0306 0.00232627 -0.927777 -0.373127
19.6688 24.3865 -12.0948 0.00302239 -0.927959 -0.372671
20.0924 23.9759 -11.0728 0.00244444 -0.927247 -0.374442
20.4862 23.4699 -9.81694 0.00226784 -0.927294 -0.374326
20.7874 23.1196 -8.94621 0.00102333 -0.927666 -0.373405
21.0427 22.7421 -8.01078 -0.000208318 -0.927184 -0.374606
21.1515 22.3826 -7.11918 0.000696992 -0.927546 -0.373708
21.1751 22.001 -6.17178 8.42068e-05 -0.927412 -0.374043
21.2111 21.5321 -5.00782 -0.000113569 -0.927647 -0.373458
21.1952 21.136 -4.0237 -4.83289e-06 -0.927741 -0.373224
21.0126 20.6979 -2.93506 -0.000277362 -0.927594 -0.373589
21.0094 20.1576 -1.59424 -0.000508941 -0.927501 -0.373819
20.7084 19.7068 -0.47511 -0.00119464 -0.927376 -0.374129
20.5008 19.2738 0.596622 -0.00178045 -0.927128 -0.37474
20.1314 18.787 1.80344 -0.00205454 -0.927083 -0.37485
19.6492 18.3557 2.87386 -0.00309435 -0.926803 -0.375534
19.1708 18.0234 3.69869 -0.00374637 -0.92666 -0.375881
18.5398 17.6046 4.73725 -0.00355378 -0.926694 -0.375799
18.0496 17.2846 5.53116 -0.0035465 -0.92675 -0.375661
17.5655 16.9826 6.2812 -0.00371269 -0.926721 -0.375733
16.8623 16.6318 7.1529 -0.00346314 -0.926647 -0.375916
16.1574 16.3452 7.86785 -0.0048964 -0.926466 -0.376346
15.5518 16.0703 8.5513 -0.00423746 -0.926275 -0.376825
14.5491 15.6991 9.47339 -0.00377411 -0.926158 -0.377118
13.7205 15.4425 10.1133 -0.00452572 -0.926094 -0.377266
12.7505 15.1652 10.8067 -0.00584096 -0.92559 -0.378479
11.7269 14.9053 11.4552 -0.00506026 -0.925142 -0.379588
10.5339 14.6505 12.0917 -0.00467544 -0.92547 -0.378792
9.73956 14.4925 12.4885 -0.0050041 -0.924947 -0.380064
8.502 14.2948 12.9834 -0.00373938 -0.924806 -0.38042
7.15897 14.1124 13.4386 -0.00301882 -0.924703 -0.380677
6.23733 14.0097 13.6953 -0.00289121 -0.924672 -0.380755
5.16372 13.8587 14.0711 -0.00305163 -0.924239 -0.381801
4.25945 13.785 14.2546 -0.0015959 -0.924075 -0.382207
3.1114 13.7257 14.4017 -0.000862854 -0.924372 -0.381492
2.00067 13.7124 14.4354 -0.000523966 -0.924388 -0.381454
0.855232 13.6815 14.5125 -0.000886866 -0.924316 -0.381626
-0.405154 13.6666 14.5482 0.000690045 -0.924013 -0.382361
-1.35342 13.6913 14.4842 0.00188339 -0.924419 -0.381373
-2.37269 13.7352 14.3727 0.00210567 -0.92444 -0.381322
-3.39884 13.7711 14.2801 0.00199236 -0.924529 -0.381105
-4.84739 13.9134 13.9263 0.00277858 -0.924351 -0.381534
-5.85787 14.0056 13.6942 0.00295794 -0.925153 -0.379582
-6.87226 14.1346 13.3719 0.00295201 -0.925155 -0.379578
-7.7809 14.2913 12.9816 0.00328633 -0.925329 -0.379151
-8.61671 14.4724 12.5316 0.00420847 -0.925532 -0.378646
-9.82975 14.6721 12.03 0.00403604 -0.925577 -0.378539
-10.6995 14.8616 11.5574 0.00422734 -0.925474 -0.378789
-11.762 15.1191 10.9152 0.00403134 -0.925831 -0.377916
-13.1386 15.5177 9.9223 0.00476817 -0.926074 -0.377311
-13.9882 15.8059 9.20327 0.00544404 -0.926375 -0.376563
-14.7982 16.102 8.46347 0.00405925 -0.926586 -0.37606
-15.5908 16.4602 7.57298 0.0042924 -0.926415 -0.37648
-16.4389 16.8619 6.57476 0.00385721 -0.926437 -0.376429
-17.1911 17.2494 5.6145 0.00329787 -0.926393 -0.376545
-17.758 17.5726 4.81202 0.00272376 -0.926904 -0.375289
-18.2609 17.9937 3.76899 0.00254466 -0.927002 -0.375047
-18.5921 18.3822 2.80638 0.00260185 -0.926922 -0.375246
-19.0919 18.787 1.80351 0.00245917 -0.92692 -0.375252
-19.4507 19.1643 0.86869 0.00206524 -0.927 -0.375056
-19.7147 19.6096 -0.234046 0.00212266 -0.927358 -0.374168
-19.9686 19.9658 -1.11959 0.00235651 -0.927464 -0.373903
-20.1717 20.3688 -2.11991 0.00174104 -0.927376 -0.374125
-20.2876 20.7619 -3.09459 0.000825334 -0.927389 -0.374098
-20.3583 21.1713 -4.11027 0.00106698 -0.927571 -0.373644
-20.4276 21.686 -5.39091 -0.000225258 -0.927991 -0.372603
-20.2436 22.0307 -6.24911 -0.000869058 -0.927672 -0.373395
-20.1233 22.3716 -7.09535 -0.00151271 -0.927526 -0.373755
-20.0125 22.7814 -8.11211 -0.00122718 -0.927359 -0.37417
-19.855 23.1903 -9.12578 -0.000945801 -0.927273 -0.374385
-19.6571 23.5354 -9.98128 -0.00125203 -0.927444 -0.37396
-19.411 23.8973 -10.88 -0.00236904 -0.928031 -0.372491
-19.0385 24.3243 -11.947 -0.00418143 -0.92748 -0.373849
-18.3421 24.7275 -12.9536 -0.00372 -0.927175 -0.374609
-17.8132 25.1459 -13.9931 -0.00289264 -0.927118 -0.374758
-17.4241 25.4507 -14.7503 -0.00283967 -0.92716 -0.374656
-16.828 25.824 -15.6772 -0.00279357 -0.926854 -0.375413
-16.277 26.092 -16.3434 -0.00324962 -0.926171 -0.377089
-15.3673 26.5045 -17.3624 -0.00186886 -0.926525 -0.376225
-14.7299 26.8238 -18.1562 -0.00403251 -0.92685 -0.375403
-13.9686 27.1203 -18.8907 -0.0024428 -0.926211 -0.376997
-12.9725 27.3476 -19.4561 -0.00318523 -0.925954 -0.377623
-12.1335 27.5843 -20.0435 -0.00442923 -0.925957 -0.377602
-11.3913 27.7808 -20.5351 -0.00584508 -0.925746 -0.378101
-10.4683 28.0284 -21.1522 -0.00368163 -0.925204 -0.379453
-9.42715 28.272 -21.7551 -0.00319397 -0.925251 -0.379343
-8.52302 28.4439 -22.178 -0.00117792 -0.925428 -0.378921
-7.54693 28.5988 -22.5607 -0.00274413 -0.925416 -0.378942
-6.56602 28.7538 -22.9469 -0.00321019 -0.925117 -0.379668
-5.68444 28.8791 -23.2588 -0.00210859 -0.925134 -0.379634
-4.34091 29.0274 -23.6235 -0.000793988 -0.924996 -0.379977
-3.33995 29.1058 -23.816 -0.00106506 -0.925268 -0.379313
-2.16265 29.1477 -23.9206 -0.000124253 -0.925688 -0.378289
-1.24111 29.1958 -24.0394 -0.000336643 -0.925802 -0.378009
-0.340421 29.2198 -24.1004 -0.000721608 -0.925495 -0.378759
0.829436 29.2197 -24.101 -0.000570056 -0.925243 -0.379374
2.05303 29.1947 -24.0436 -0.0013655 -0.925365 -0.379074
3.32447 29.1708 -23.9836 0.00136552 -0.925179 -0.379527
4.5346 29.1026 -23.8123 0.00174425 -0.925169 -0.379552
5.67582 28.9551 -23.4466 0.00170412 -0.925339 -0.379136
6.69481 28.8576 -23.2029 0.00199106 -0.925239 -0.379379
7.55285 28.7548 -22.9457 0.00237907 -0.925733 -0.37817
8.55092 28.6122 -22.5911 0.00181276 -0.925662 -0.378346
9.53643 28.4595 -22.2155 0.00182294 -0.92494 -0.380108
11.2551 29.2204 -24.0517 0.00451502 -0.923085 -0.384569
12.3578 29.2256 -24.0496 0.00599054 -0.923017 -0.384713
13.2947 29.2308 -24.0474 0.00606081 -0.923049 -0.384634
14.5993 29.236 -24.0453 0.00483009 -0.923428 -0.383741
15.5155 29.2411 -24.0431 0.00693749 -0.922449 -0.386057
16.5781 29.2482 -24.0402 0.00780205 -0.922459 -0.386017
17.5317 29.2553 -24.0372 0.00839043 -0.923515 -0.38347
18.5104 28.8496 -23.0388 0.00872528 -0.92421 -0.381786
17.4907 28.8418 -23.0421 0.00839178 -0.923516 -0.383469
16.4627 28.8337 -23.0454 0.00814268 -0.924162 -0.381913
15.4488 28.8276 -23.0479 0.00571193 -0.92408 -0.382157
14.0588 28.8206 -23.0508 0.00492572 -0.92432 -0.381587
13.0616 28.8164 -23.0526 0.00473388 -0.924736 -0.380579
14.5944 28.4127 -22.0533 0.00412658 -0.924715 -0.380637
15.6998 28.4177 -22.0512 0.00544835 -0.924989 -0.379954
16.7085 28.4235 -22.0489 0.00772514 -0.923799 -0.3828
17.702 28.431 -22.0457 0.00919132 -0.923848 -0.382649
18.9283 28.4414 -22.0414 0.00940664 -0.924077 -0.382091
19.1389 28.4432 -22.0407 0.00892513 -0.924044 -0.382181
20.2438 28.0405 -21.0411 0.00937319 -0.923914 -0.382484
19.0973 28.0314 -21.0448 0.00852261 -0.924185 -0.381851
17.9863 28.0218 -21.0488 0.00961801 -0.924305 -0.381534
17.0166 28.0157 -21.0513 0.00541979 -0.925316 -0.379157
16.0356 28.0108 -21.0533 0.00564278 -0.925265 -0.37928
17.1918 27.6083 -20.0536 0.00640145 -0.925607 -0.378432
18.6534 27.6176 -20.0497 0.00596108 -0.925324 -0.379131
19.5845 27.6223 -20.0478 0.00670567 -0.924422 -0.381312
20.5683 27.6313 -20.0441 0.0110674 -0.923739 -0.382862
20.9235 27.6349 -20.0426 0.0102273 -0.923989 -0.382282
21.5471 27.2283 -19.0445 0.00820872 -0.924129 -0.381992
20.5992 27.2215 -19.0473 0.00927266 -0.924594 -0.38084
19.4607 27.2132 -19.0507 0.00554827 -0.925434 -0.378867
18.1774 27.2064 -19.0536 0.0062651 -0.925853 -0.377832
18.9799 26.8018 -18.0547 0.00452989 -0.925666 -0.378314
20.0441 26.8077 -18.0522 0.00629017 -0.925383 -0.378981
21.3366 26.8164 -18.0487 0.00767363 -0.925158 -0.379505
22.3468 26.8236 -18.0457 0.0092669 -0.924554 -0.380938
22.7918 26.8274 -18.0441 0.00926818 -0.924554 -0.380938
23.3929 26.4215 -17.0458 0.00836508 -0.924995 -0.379887
21.8955 26.4107 -17.0503 0.00694728 -0.924595 -0.380888
20.4197 26.4018 -17.0539 0.00664888 -0.925822 -0.377902
20.3471 26.4013 -17.0541 0.0066484 -0.925822 -0.377902
21.0179 25.9968 -16.0552 0.00370955 -0.925294 -0.379232
21.9489 26.0005 -16.0537 0.0078128 -0.924766 -0.380456
23.1207 26.0099 -16.0498 0.00852135 -0.924965 -0.379956
23.8925 26.0163 -16.0472 0.00947201 -0.925295 -0.379129
24.438 25.6126 -15.048 0.00931932 -0.925352 -0.378995
23.4475 25.604 -15.0515 0.00940019 -0.925382 -0.378919
22.3434 25.5963 -15.0546 0.00714253 -0.926239 -0.376868
21.4811 25.5916 -15.0565 0.0048438 -0.926347 -0.376641
21.8214 25.1884 -14.0571 0.00565037 -0.926956 -0.375127
22.8228 25.1939 -14.0549 0.00570784 -0.926756 -0.375621
24.3421 25.2032 -14.0511 0.0079015 -0.926556 -0.376075
25.0026 25.2089 -14.0488 0.00800019 -0.925414 -0.378874
25.2044 24.8035 -13.0502 0.00699172 -0.926254 -0.376835
24.1937 24.7969 -13.0529 0.00751718 -0.9264 -0.376466
23.1636 24.7905 -13.0555 0.0051083 -0.926746 -0.375653
22.1884 24.7862 -13.0573 0.00487548 -0.926893 -0.375294
22.7525 24.3838 -12.0575 0.00435802 -0.926389 -0.376543
23.9148 24.389 -12.0554 0.00625345 -0.926474 -0.376308
25.0852 24.3967 -12.0523 0.00664118 -0.926219 -0.376927
25.3955 24.3985 -12.0515 0.00583723 -0.926104 -0.377223
25.7852 23.9941 -11.0526 0.00602546 -0.926307 -0.376722
24.8438 23.9888 -11.0548 0.006207 -0.926267 -0.376816
23.6444 23.9824 -11.0574 0.00546161 -0.926489 -0.376283
23.0283 23.9792 -11.0586 0.00419417 -0.926571 -0.376095
24.0141 23.5786 -10.0582 0.00529635 -0.926438 -0.37641
25.0524 23.5839 -10.056 0.0061577 -0.926259 -0.376836
25.7828 23.5879 -10.0544 0.00592396 -0.926106 -0.377216
26.2434 23.1839 -9.05526 0.00564564 -0.92627 -0.376817
25.0503 23.178 -9.05768 0.00537163 -0.926435 -0.376417
24.0988 23.1744 -9.05912 0.00454492 -0.926695 -0.375788
23.5686 23.1719 -9.06015 0.00412581 -0.927043 -0.374933
23.8265 22.7679 -8.06104 0.0027012 -0.926598 -0.376045
24.81 22.7715 -8.05959 0.00438973 -0.926684 -0.375815
25.9792 22.7768 -8.05741 0.0052791 -0.926378 -0.376558
26.3396 22.7786 -8.05669 0.00529514 -0.926378 -0.376557
26.248 22.3727 -7.05837 0.00399168 -0.926584 -0.376067
24.9891 22.3678 -7.06035 0.00465092 -0.926885 -0.375317
23.8439 22.3633 -7.06216 0.00326076 -0.927241 -0.37445
23.91 21.9598 -6.06287 0.00280341 -0.927185 -0.374593
24.8737 21.9629 -6.06163 0.00347166 -0.926848 -0.375422
26.1143 21.9669 -6.05999 0.00357722 -0.926889 -0.375317
26.7455 21.9691 -6.05908 0.00383673 -0.926504 -0.376265
26.5515 21.5636 -5.06061 0.00284185 -0.926882 -0.375341
25.3917 21.5601 -5.06202 0.00323567 -0.927113 -0.374769
24.3415 21.5578 -5.06297 0.00179572 -0.927276 -0.374374
24.0105 21.5572 -5.06319 0.00199535 -0.927399 -0.374067
24.1146 21.1542 -4.0637 0.00133578 -0.927504 -0.37381
25.2488 21.1562 -4.06287 0.00260249 -0.927145 -0.374693
26.3183 21.1588 -4.06182 0.00262757 -0.927146 -0.37469
26.4359 21.1591 -4.0617 0.00280798 -0.927092 -0.374824
26.6004 20.7554 -3.06248 0.00206547 -0.926891 -0.375325
25.3306 20.7528 -3.0635 0.00196974 -0.927199 -0.374565
24.3431 20.7511 -3.06419 0.001051 -0.927299 -0.374319
23.8929 20.7507 -3.06437 0.00087161 -0.927375 -0.374133
23.7918 20.3474 -2.06496 0.000349313 -0.926954 -0.375175
24.847 20.348 -2.06472 0.00142915 -0.927026 -0.374995
26.2167 20.3502 -2.06384 0.00129951 -0.926836 -0.375465
26.3233 20.3503 -2.06381 0.00109166 -0.926682 -0.375845
25.9163 19.945 -1.06525 0.000885027 -0.926696 -0.37581
24.7158 19.9439 -1.06567 0.00104013 -0.926774 -0.375619
23.9564 19.9432 -1.06597 5.72554e-05 -0.927048 -0.374944
23.696 19.5382 -0.0672698 -0.000111472 -0.926648 -0.37593
24.8434 19.5384 -0.0671738 0.000578206 -0.926582 -0.376092
25.7439 19.5394 -0.0667852 0.00119407 -0.926456 -0.376401
25.8757 19.5395 -0.0667277 0.00116187 -0.926419 -0.376493
25.544 19.1337 0.931648 0.000280204 -0.926765 -0.375642
24.1129 19.1334 0.931507 -0.000266943 -0.92693 -0.375234
23.2085 19.134 0.931771 -0.00105676 -0.927045 -0.374949
23.3241 18.7294 1.93065 -0.00101261 -0.926754 -0.375667
24.4085 18.7287 1.93034 -0.000648739 -0.926704 -0.37579
25.2148 18.7283 1.93021 0.000157821 -0.926478 -0.376348
25.2777 18.3233 2.92887 -0.000542866 -0.92666 -0.375901
24.24 18.3238 2.92908 -0.000614361 -0.926697 -0.37581
23.2423 18.3249 2.92955 -0.00128951 -0.92693 -0.375231
22.877 18.3254 2.92973 -0.00128974 -0.926931 -0.37523
22.0807 17.9222 3.92917 -0.0016138 -0.92685 -0.375429
23.6117 17.9199 3.92825 -0.00161194 -0.92682 -0.375503
24.6387 17.9186 3.92772 -0.000711957 -0.926709 -0.375779
24.9846 17.9184 3.92762 -0.000740118 -0.926684 -0.37584
24.0158 17.5152 4.92708 -0.00161104 -0.927073 -0.374877
22.8157 17.5164 4.92754 -0.00131753 -0.926804 -0.375543
21.6706 17.5182 4.92827 -0.00182007 -0.926743 -0.37569
21.5577 17.5184 4.92836 -0.00203897 -0.926733 -0.375715
20.7926 17.115 5.9277 -0.00237291 -0.926796 -0.375557
21.8866 17.1129 5.92688 -0.0018205 -0.926742 -0.375693
22.8512 17.1115 5.92629 -0.00160283 -0.926752 -0.37567
23.7713 17.1101 5.92574 -0.0022434 -0.926398 -0.37654
22.7792 16.706 6.92479 -0.0019084 -0.926247 -0.376913
21.4625 16.7085 6.9258 -0.0027054 -0.926432 -0.376452
20.2121 16.7115 6.92702 -0.00240315 -0.926667 -0.375877
19.7818 16.307 7.92593 -0.0027242 -0.926469 -0.376361
20.7178 16.3046 7.92497 -0.0026763 -0.926428 -0.376463
22.0598 16.3012 7.92355 -0.00286352 -0.926166 -0.377105
22.4589 16.3002 7.92315 -0.00243606 -0.926109 -0.377248
22.0349 15.8948 8.9217 -0.00288085 -0.926162 -0.377115
21.1067 15.8973 8.92271 -0.00303924 -0.9262 -0.377021
19.7329 15.9014 8.92439 -0.00317257 -0.9261 -0.377265
18.8152 15.9041 8.92551 -0.00321592 -0.926462 -0.376374
17.8645 15.5009 9.92493 -0.00379143 -0.926194 -0.377029
18.7897 15.4977 9.92365 -0.00348005 -0.926084 -0.3773
20.0616 15.4935 9.92192 -0.00335322 -0.926014 -0.377475
20.841 15.4913 9.921 -0.00314157 -0.925964 -0.3776
20.5304 15.0849 10.9191 -0.00342068 -0.925762 -0.378092
19.0254 15.09 10.9212 -0.00368068 -0.925936 -0.377661
17.8008 15.0943 10.923 -0.00376123 -0.925985 -0.377543
16.8365 15.0977 10.9244 -0.00384203 -0.926029 -0.377434
16.7536 15.098 10.9245 -0.00384266 -0.926028 -0.377434
15.3183 14.696 11.9244 -0.00399371 -0.925667 -0.378318
16.6239 14.6911 11.9224 -0.00389621 -0.92581 -0.377969
17.845 14.6865 11.9205 -0.00420315 -0.925655 -0.378346
18.7839 14.6832 11.9192 -0.00384793 -0.92545 -0.37885
19.731 14.6798 11.9178 -0.00354084 -0.925269 -0.379296
18.7368 14.2745 12.9164 -0.00387917 -0.925009 -0.379926
17.7394 14.2782 12.9179 -0.0039649 -0.92504 -0.37985
16.3482 14.2835 12.9201 -0.00422663 -0.92509 -0.379725
15.0659 14.2883 12.922 -0.00427072 -0.925229 -0.379384
13.9558 14.293 12.924 -0.00491284 -0.925481 -0.378763
12.743 13.889 13.9231 -0.00394502 -0.92499 -0.379971
13.8691 13.885 13.9214 -0.00446092 -0.925193 -0.379471
14.965 13.8802 13.9195 -0.00496937 -0.924964 -0.380021
15.9216 13.8754 13.9175 -0.00423734 -0.924456 -0.381266
17.2388 13.8707 13.9156 -0.00424233 -0.925027 -0.379877
17.3534 13.8703 13.9154 -0.00437154 -0.925009 -0.379919
15.7447 13.4656 14.9142 -0.00542292 -0.924505 -0.38113
14.6756 13.4709 14.9164 -0.00467963 -0.924336 -0.381551
13.757 13.4743 14.9178 -0.00432682 -0.9241 -0.382126
12.6947 13.4786 14.9196 -0.00469696 -0.924226 -0.381817
11.6049 13.4838 14.9217 -0.00524649 -0.924333 -0.381552
10.4636 13.4888 14.9238 -0.00370464 -0.924831 -0.38036
10.1132 13.4899 14.9243 -0.00353011 -0.924744 -0.380572
7.44338 13.0871 15.9239 -0.00224641 -0.924155 -0.382012
8.83369 13.0834 15.9224 -0.00332375 -0.924415 -0.381375
10.3389 13.0789 15.9205 -0.00449321 -0.924531 -0.381082
11.4301 13.0734 15.9182 -0.00533159 -0.924359 -0.381488
12.5288 13.0682 15.9161 -0.00506734 -0.924351 -0.381509
13.776 13.0624 15.9137 -0.00420399 -0.92398 -0.382418
14.1736 13.0609 15.9131 -0.00419372 -0.923974 -0.382432
12.6291 12.6555 16.9116 -0.00505085 -0.923654 -0.383194
11.4117 12.6607 16.9138 -0.00463082 -0.923413 -0.383781
10.4472 12.6654 16.9157 -0.0055117 -0.923017 -0.384721
9.17532 12.6706 16.9179 -0.0035337 -0.923338 -0.383972
7.90564 12.6743 16.9194 -0.00235508 -0.9239 -0.382627
6.99557 12.6763 16.9202 -0.00184259 -0.923724 -0.383055
5.93286 12.6787 16.9212 -0.00245525 -0.923859 -0.382724
4.61722 12.6806 16.922 -0.00121199 -0.923253 -0.38419
3.67332 12.6821 16.9226 -0.00245104 -0.923532 -0.383514
2.76394 12.6839 16.9234 -0.001673 -0.923712 -0.383083
1.80726 12.6849 16.9238 -0.000807232 -0.923573 -0.383423
0.869784 12.6849 16.9238 0.000596369 -0.923614 -0.383324
-0.610883 12.684 16.9234 0.000879358 -0.923571 -0.383427
-1.83247 12.6824 16.9228 0.00163498 -0.923388 -0.383864
-2.80013 12.6807 16.9221 0.0022066 -0.923899 -0.382631
-4.12383 12.678 16.9209 0.0022692 -0.923864 -0.382714
-5.3618 12.6763 16.9202 0.00180439 -0.923835 -0.382786
-6.58679 12.6739 16.9192 0.00223316 -0.923897 -0.382634
-7.89461 12.671 16.918 0.00321996 -0.923546 -0.383474
-9.09087 12.6673 16.9165 0.00341901 -0.923501 -0.38358
-10.017 12.6644 16.9153 0.00383311 -0.923353 -0.383933
-10.9615 12.6602 16.9136 0.00501669 -0.923309 -0.384026
-12.1916 12.6546 16.9113 0.0047651 -0.92368 -0.383135
-13.7187 13.0606 15.913 0.00437554 -0.923796 -0.38286
-12.7017 13.0647 15.9147 0.00457369 -0.923848 -0.382732
-11.6711 13.0688 15.9163 0.00398373 -0.924121 -0.382079
-10.5917 13.0733 15.9182 0.00455389 -0.924495 -0.381166
-9.21506 13.0788 15.9205 0.00358482 -0.924604 -0.380912
-8.29004 13.0817 15.9217 0.00424067 -0.924843 -0.380325
-7.3283 13.0854 15.9232 0.00224591 -0.924689 -0.380718
-6.93823 13.0857 15.9233 0.000984572 -0.924324 -0.381607
-9.53488 13.4877 14.9234 0.00333531 -0.92493 -0.380124
-10.9707 13.4823 14.9211 0.0041569 -0.924561 -0.381012
-12.2449 13.4778 14.9193 0.00415331 -0.924445 -0.381293
-13.207 13.474 14.9177 0.00420942 -0.924485 -0.381196
-14.3671 13.4694 14.9158 0.00436813 -0.924536 -0.381069
-15.2094 13.466 14.9144 0.00387668 -0.924465 -0.381247
-16.6294 13.8702 13.9154 0.00450059 -0.924759 -0.380528
-15.4839 13.8749 13.9173 0.00437223 -0.924808 -0.380409
-14.0478 13.8808 13.9197 0.00407245 -0.924942 -0.380086
-12.5703 13.8862 13.922 0.00443472 -0.925164 -0.379542
-11.8285 13.8893 13.9232 0.00416402 -0.925107 -0.379683
-13.3184 14.292 12.9236 0.00385541 -0.925421 -0.378921
-14.9049 14.2863 12.9212 0.00432634 -0.925532 -0.378645
-16.4884 14.2802 12.9187 0.00373467 -0.925353 -0.379088
-17.5097 14.276 12.917 0.00459446 -0.925084 -0.379735
-18.0541 14.2737 12.916 0.00459428 -0.925084 -0.379734
-19.0752 14.6782 11.9171 0.00372697 -0.925426 -0.378911
-17.7182 14.6837 11.9194 0.00492497 -0.925539 -0.37862
-16.5055 14.688 11.9212 0.00381073 -0.926019 -0.377458
-15.1776 14.693 11.9232 0.00431857 -0.92584 -0.377891
-14.9277 14.694 11.9236 0.00416023 -0.925792 -0.378011
-16.1466 15.0961 10.9237 0.00423569 -0.926338 -0.376669
-17.1108 15.0927 10.9223 0.00372681 -0.926298 -0.376773
-18.0367 15.0896 10.921 0.00328828 -0.926191 -0.377039
-18.9423 15.0865 10.9198 0.00412927 -0.925714 -0.378202
-19.6811 15.0837 10.9187 0.00368018 -0.925709 -0.378219
-20.3779 15.4888 9.91999 0.00302833 -0.926029 -0.37744
-19.1635 15.4927 9.92157 0.00392505 -0.92601 -0.377479
-17.9772 15.4963 9.92307 0.00285116 -0.926084 -0.377307
-17.1472 15.4987 9.92402 0.00372036 -0.9263 -0.376768
-17.9614 15.9017 8.92452 0.00315611 -0.926537 -0.37619
-18.8969 15.8993 8.92353 0.00272209 -0.926451 -0.376405
-19.8351 15.897 8.9226 0.00258168 -0.926316 -0.376738
-20.678 15.8948 8.92169 0.00283347 -0.926272 -0.376846
-21.405 16.2996 7.92291 0.00208308 -0.926025 -0.377456
-20.3363 16.3018 7.92382 0.00258209 -0.926316 -0.376738
-18.9638 16.3048 7.92502 0.00252559 -0.926407 -0.376516
-19.8852 16.7085 6.9258 0.00224612 -0.926426 -0.376471
-20.9295 16.7064 6.92495 0.0020994 -0.926415 -0.376499
-22.1129 16.7042 6.92403 0.00206561 -0.926431 -0.376458
-22.2144 16.704 6.92395 0.00210627 -0.926428 -0.376466
-22.815 17.1086 5.92509 0.00161646 -0.926568 -0.376123
-21.6482 17.1104 5.92585 0.00189186 -0.926635 -0.375957
-20.1794 17.1133 5.92701 0.00233298 -0.926651 -0.375916
-20.1691 17.1133 5.92702 0.00236272 -0.926636 -0.375952
-20.5092 17.5176 4.92804 0.00252967 -0.926735 -0.375707
-21.6688 17.5155 4.92719 0.00187762 -0.926661 -0.375893
-22.7648 17.5139 4.92653 0.00147548 -0.92659 -0.376069
-23.6807 17.5128 4.92609 0.00119591 -0.92659 -0.376071
-23.7593 17.918 3.92747 0.00108353 -0.926705 -0.375789
-22.7289 17.919 3.92788 0.00111907 -0.926745 -0.37569
-21.7919 17.9201 3.9283 0.00119458 -0.926785 -0.37559
-21.0864 17.9214 3.92883 0.00206917 -0.926848 -0.37543
-21.3943 18.3254 2.92971 0.00199495 -0.92689 -0.375329
-22.3264 18.3244 2.92932 0.000852675 -0.926965 -0.375146
-23.3278 18.3234 2.92894 0.000962753 -0.926659 -0.375901
-24.3827 18.3226 2.9286 0.000841487 -0.926614 -0.376012
-24.7236 18.7276 1.92988 -0.000425418 -0.926556 -0.376158
-23.7145 18.7278 1.92997 0.000590748 -0.926941 -0.375206
-22.528 18.7286 1.93028 0.000775168 -0.926934 -0.375224
-21.8035 18.7291 1.9305 0.0014168 -0.926926 -0.375241
-22.4803 19.1332 0.931443 0.00086675 -0.926778 -0.375608
-23.7621 19.1328 0.931275 -0.000209782 -0.926655 -0.375912
-24.5768 19.1329 0.931313 -0.000425214 -0.926555 -0.37616
-25.0568 19.5383 -0.0672389 -0.00055841 -0.926693 -0.37582
-23.8827 19.5379 -0.0673896 -0.000120424 -0.926708 -0.375782
-22.6773 19.5379 -0.0673813 0.000171881 -0.927075 -0.374877
-22.7445 19.9421 -1.06642 -0.000107457 -0.926956 -0.375171
-23.8188 19.9425 -1.06628 -0.00062359 -0.926957 -0.375166
-24.9401 19.9433 -1.06595 -0.000571623 -0.926684 -0.375841
-25.2414 19.9434 -1.06589 -0.000572277 -0.926683 -0.375842
-25.3572 20.3483 -2.06464 -0.00140915 -0.926818 -0.375509
-24.2559 20.3471 -2.06513 -0.00113031 -0.926879 -0.375357
-23.1136 20.3461 -2.06553 -0.000927128 -0.927059 -0.374915
-22.8091 20.3458 -2.06563 -0.000615841 -0.927128 -0.374745
-23.1173 20.75 -3.06467 -0.00125467 -0.927253 -0.374434
-24.2764 20.7513 -3.06414 -0.00161937 -0.927029 -0.374985
-25.2882 20.753 -3.06347 -0.00215065 -0.926754 -0.375662
-25.6189 21.1582 -4.06206 -0.00265717 -0.926599 -0.376042
-24.6713 21.1562 -4.06288 -0.00187383 -0.927057 -0.374916
-23.7671 21.1545 -4.06358 -0.0020671 -0.927155 -0.374671
-22.9899 21.1534 -4.06401 -0.00136209 -0.927174 -0.374628
-22.9761 21.5566 -5.06346 -0.00192506 -0.927529 -0.373746
-24.1033 21.5591 -5.06246 -0.00224658 -0.927066 -0.374891
-25.0882 21.5616 -5.06144 -0.00355876 -0.92695 -0.375167
-25.925 21.5643 -5.06035 -0.00298015 -0.926562 -0.37613
-25.9057 21.9688 -6.05924 -0.00368982 -0.926864 -0.375379
-24.6882 21.9649 -6.06082 -0.0030949 -0.926767 -0.375624
-23.7693 21.9623 -6.06188 -0.0027181 -0.92714 -0.374706
-22.8579 21.96 -6.06282 -0.00274572 -0.92717 -0.37463
-22.7691 22.3635 -7.06212 -0.0022727 -0.927125 -0.374746
-23.6936 22.3659 -7.06116 -0.00276586 -0.927164 -0.374645
-24.9471 22.3702 -7.05941 -0.00532361 -0.926559 -0.376111
-25.6274 22.3735 -7.05805 -0.00532287 -0.92656 -0.37611
-25.4896 22.7791 -8.05652 -0.00507107 -0.925935 -0.377649
-23.902 22.7717 -8.05952 -0.00491086 -0.925911 -0.37771
-22.7981 22.768 -8.06104 -0.00436243 -0.926927 -0.375217
-22.817 23.1727 -9.05986 -0.00483351 -0.926629 -0.375946
-23.7763 23.1775 -9.05792 -0.00523728 -0.926432 -0.376425
-24.6901 23.1819 -9.05611 -0.00543666 -0.926377 -0.376559
-25.1047 23.1841 -9.05523 -0.00564521 -0.926323 -0.376687
-25.0458 23.5897 -10.0537 -0.00564487 -0.926334 -0.376661
-23.8933 23.5835 -10.0562 -0.00597721 -0.926601 -0.375997
-22.9296 23.5786 -10.0582 -0.00552957 -0.926736 -0.375673
-22.6649 23.5772 -10.0588 -0.00501257 -0.926631 -0.375938
-22.1163 23.9798 -11.0584 -0.00471333 -0.927277 -0.374347
-23.0848 23.9841 -11.0567 -0.00609489 -0.926987 -0.375044
-24.6095 23.9933 -11.0529 -0.00604001 -0.926407 -0.376474
-24.9373 23.995 -11.0522 -0.00607238 -0.926191 -0.377007
-24.4878 24.3983 -12.0516 -0.00685536 -0.926349 -0.376603
-23.2629 24.3903 -12.0549 -0.0074745 -0.926694 -0.375743
-21.7827 24.3817 -12.0584 -0.00496132 -0.92735 -0.374161
-21.7385 24.3815 -12.0585 -0.00496156 -0.92735 -0.374161
-21.3909 24.7846 -13.058 -0.00668418 -0.926964 -0.37509
-22.471 24.7907 -13.0555 -0.00653471 -0.926353 -0.3766
-23.4806 24.797 -13.0529 -0.00789199 -0.926493 -0.376228
-24.2091 24.8026 -13.0506 -0.00834048 -0.926405 -0.376437
-23.9457 25.2067 -14.0497 -0.00809644 -0.92615 -0.377068
-22.9784 25.1996 -14.0526 -0.00720415 -0.926215 -0.376928
-21.6775 25.1911 -14.0561 -0.00753667 -0.926587 -0.376004
-20.9033 25.1861 -14.0581 -0.00619871 -0.926548 -0.376126
-20.5243 25.59 -15.0572 -0.00560658 -0.926358 -0.376602
-21.6831 25.5962 -15.0547 -0.00681075 -0.926492 -0.376252
-23.0763 25.6069 -15.0503 -0.00921834 -0.926309 -0.376653
-23.1185 25.6073 -15.0502 -0.00854559 -0.926171 -0.377007
-23.0061 26.0132 -16.0485 -0.0082194 -0.925903 -0.377672
-21.5362 26.0018 -16.0532 -0.00764301 -0.925342 -0.379056
-19.9716 25.9934 -16.0566 -0.00505114 -0.926217 -0.376957
-19.61 25.9917 -16.0573 -0.00505114 -0.926217 -0.376957
-19.3296 26.3963 -17.0562 -0.00549967 -0.926498 -0.376259
-20.3074 26.4009 -17.0543 -0.00654159 -0.925976 -0.377525
-21.291 26.4082 -17.0513 -0.00788378 -0.925575 -0.378482
-22.1057 26.4141 -17.0489 -0.0079765 -0.925471 -0.378735
-21.3156 26.8166 -18.0486 -0.00840012 -0.925221 -0.379336
-20.4133 26.8099 -18.0514 -0.00747962 -0.92515 -0.379527
-19.1671 26.8022 -18.0545 -0.00630661 -0.925071 -0.379741
-18.1417 26.7969 -18.0567 -0.00402029 -0.925711 -0.37821
-17.717 27.203 -19.0549 -0.00490921 -0.924944 -0.380072
-18.6663 27.2084 -19.0527 -0.00647031 -0.925083 -0.379711
-19.9443 27.2158 -19.0497 -0.0063572 -0.925335 -0.379096
-20.76 27.2211 -19.0475 -0.00932511 -0.925031 -0.379777
-20.3198 27.6287 -20.0451 -0.00718772 -0.92385 -0.382688
-19.3 27.6217 -20.048 -0.00681473 -0.924323 -0.381551
-17.9634 27.6149 -20.0508 -0.00553074 -0.924579 -0.380951
-16.5771 27.6074 -20.0539 -0.00553155 -0.925025 -0.379866
-15.309 28.0111 -21.0532 -0.00539656 -0.925014 -0.379894
-16.3085 28.0156 -21.0513 -0.00493469 -0.925009 -0.379913
-17.3527 28.0215 -21.0489 -0.00697303 -0.924538 -0.381026
-18.7207 28.0298 -21.0455 -0.00608321 -0.924514 -0.3811
-19.4721 28.0341 -21.0437 -0.00808048 -0.924186 -0.381857
-18.9499 28.4428 -22.0409 -0.00679367 -0.92401 -0.382307
-17.6131 28.434 -22.0445 -0.00721976 -0.924251 -0.381718
-16.4845 28.427 -22.0474 -0.00601044 -0.924431 -0.381301
-15.3906 28.4209 -22.0499 -0.00547081 -0.92472 -0.38061
-14.2452 28.4149 -22.0524 -0.00569456 -0.924892 -0.380187
-13.8124 28.4127 -22.0533 -0.00507737 -0.924896 -0.380186
-12.179 28.8153 -23.053 -0.00564187 -0.924532 -0.381062
-13.0967 28.8198 -23.0512 -0.00455818 -0.924532 -0.381078
-14.041 28.824 -23.0494 -0.00625171 -0.923994 -0.382355
-15.4038 28.833 -23.0457 -0.00635285 -0.924023 -0.382284
-16.7639 28.8409 -23.0425 -0.00679958 -0.92324 -0.384163
-17.5651 28.8459 -23.0404 -0.00675898 -0.92324 -0.384165
-16.5537 29.2536 -24.038 -0.00696321 -0.923018 -0.384694
-15.4397 29.2467 -24.0408 -0.00674062 -0.92315 -0.384381
-14.3451 29.2381 -24.0444 -0.00784166 -0.92355 -0.383398
-13.3878 29.2327 -24.0466 -0.00555197 -0.924097 -0.382117
-12.2214 29.2271 -24.049 -0.00488024 -0.924142 -0.382019
-11.1429 29.2225 -24.0508 -0.00428871 -0.92421 -0.38186
-10.3752 29.2196 -24.0521 -0.00341871 -0.923953 -0.382491
-7.74956 29.6228 -25.0515 -0.00284945 -0.924358 -0.381517
-8.75839 29.6263 -25.0501 -0.00382222 -0.923582 -0.383383
-9.70336 29.6295 -25.0488 -0.00388764 -0.923719 -0.383052
-10.6316 29.6322 -25.0477 -0.00266719 -0.924051 -0.382259
-11.8527 29.6369 -25.0457 -0.00515961 -0.924256 -0.38174
-12.8255 29.6429 -25.0432 -0.0075219 -0.922412 -0.386135
-13.7963 29.6497 -25.0404 -0.00756331 -0.922431 -0.386088
-14.9169 29.6577 -25.037 -0.007501 -0.922605 -0.385672
-12.9569 30.06 -26.0369 -0.00762323 -0.922231 -0.386563
-11.8431 30.0526 -26.04 -0.00619306 -0.922436 -0.3861
-10.8675 30.0473 -26.0422 -0.00587961 -0.922343 -0.386328
-9.89663 30.0439 -26.0436 -0.00414641 -0.923267 -0.384136
-8.91655 30.0401 -26.0452 -0.00471811 -0.923451 -0.383687
-7.68763 30.0349 -26.0474 -0.00345953 -0.923924 -0.382561
-6.41798 30.0326 -26.0483 -0.00226144 -0.923238 -0.384221
-5.12357 30.0288 -26.0499 -0.00244806 -0.923828 -0.3828
-4.49984 30.0276 -26.0504 -0.00193364 -0.923693 -0.383129
-6.57276 31.2777 -29.032 -0.00284948 -0.922445 -0.386117
-5.38885 31.2753 -29.033 -0.00163482 -0.922293 -0.386488
-4.09472 31.2747 -29.0333 0.000486901 -0.921992 -0.387207
-2.79581 31.2743 -29.0335 -0.00116 -0.921943 -0.387324
-1.50991 31.2732 -29.0339 -0.00106402 -0.921717 -0.387861
-0.221742 31.2716 -29.0346 -0.00212045 -0.92175 -0.38778
0.803486 31.2693 -29.0355 -0.00136344 -0.921855 -0.387533
1.99022 31.269 -29.0357 0.000345214 -0.922155 -0.38682
3.0928 31.2721 -29.0344 0.00326486 -0.922011 -0.387151
4.0969 31.2751 -29.0331 0.00324904 -0.922013 -0.387145
5.00714 31.2765 -29.0325 0.000780623 -0.921456 -0.388482
5.95323 31.2772 -29.0322 0.000710456 -0.921553 -0.388251
7.19256 31.2793 -29.0314 0.0019296 -0.92173 -0.387828
7.39089 31.2797 -29.0312 0.00387246 -0.921687 -0.387915
10.6933 30.8806 -28.03 0.00765521 -0.921909 -0.38733
9.62727 30.8741 -28.0327 0.00536461 -0.921839 -0.387537
8.12117 30.866 -28.0361 0.00629644 -0.921925 -0.387317
6.76541 30.8612 -28.0381 0.00129095 -0.921981 -0.387233
5.54845 30.8595 -28.0388 0.00220405 -0.921833 -0.387582
4.51165 30.857 -28.0398 0.001852 -0.921378 -0.388664
3.15393 30.8549 -28.0407 0.00150049 -0.921445 -0.388506
1.73367 30.8527 -28.0416 0.00101601 -0.922487 -0.386027
0.817353 30.852 -28.0419 -0.00120858 -0.922688 -0.385545
-0.757297 30.8542 -28.041 -0.00149516 -0.921632 -0.388063
-1.83154 30.8555 -28.0404 -0.00136538 -0.921759 -0.38776
-2.88464 30.8568 -28.0399 -0.00134292 -0.921761 -0.387757
-4.1707 30.8576 -28.0395 8.78179e-05 -0.922196 -0.386722
-5.25548 30.8584 -28.0392 -0.00183847 -0.922146 -0.386837
-6.16597 30.861 -28.0382 -0.00300772 -0.922799 -0.38527
-7.27706 30.8637 -28.037 -0.00236294 -0.922695 -0.385523
-8.63047 30.8683 -28.0351 -0.00406874 -0.922301 -0.386452
-9.89096 30.8734 -28.033 -0.00486405 -0.922503 -0.385959
-10.0001 30.8739 -28.0328 -0.00580354 -0.922701 -0.385472
-11.7737 30.4683 -27.0343 -0.00673167 -0.922371 -0.386248
-10.8715 30.4634 -27.0363 -0.00602334 -0.922581 -0.385757
-9.77457 30.4575 -27.0388 -0.00537226 -0.922738 -0.38539
-8.50856 30.4517 -27.0412 -0.00428653 -0.923017 -0.384735
-7.52416 30.4486 -27.0425 -0.00226273 -0.922579 -0.385801
-6.36083 30.4465 -27.0433 -0.00226306 -0.923239 -0.384219
-5.13168 30.4429 -27.0448 -0.00311102 -0.923105 -0.384535
-4.21906 30.4407 -27.0457 -0.00123458 -0.922642 -0.385655
-3.22283 30.4398 -27.0461 -0.00187729 -0.921997 -0.387192
-2.22657 30.4387 -27.0466 -0.000516136 -0.923369 -0.383914
-1.19027 30.4387 -27.0466 -2.45994e-05 -0.923195 -0.384332
-0.235029 30.4376 -27.0471 -0.00162984 -0.923037 -0.384708
0.883408 30.4363 -27.0476 -0.00155845 -0.92265 -0.385635
2.18085 30.4364 -27.0476 0.00223655 -0.922334 -0.386387
3.16383 30.4379 -27.047 0.000798724 -0.922476 -0.386054
4.2887 30.4396 -27.0462 0.0012362 -0.923494 -0.383611
5.63339 30.4416 -27.0454 0.00279414 -0.921745 -0.387786
6.64922 30.4435 -27.0446 0.00170974 -0.92171 -0.387876
8.04492 30.4486 -27.0425 0.00639697 -0.92225 -0.386541
9.36166 30.4554 -27.0396 0.00483286 -0.922233 -0.386605
10.6703 30.4625 -27.0367 0.00693058 -0.92156 -0.388174
11.8336 30.469 -27.034 0.00553693 -0.921949 -0.387273
12.7578 30.4743 -27.0318 0.00589871 -0.922386 -0.386225
14.1283 30.0655 -26.0346 0.00561908 -0.922649 -0.385601
13.1403 30.0604 -26.0367 0.00589767 -0.922639 -0.38562
11.7088 30.0522 -26.0402 0.00620054 -0.922627 -0.385643
10.7721 30.0467 -26.0424 0.0063322 -0.922615 -0.385671
9.45043 30.0397 -26.0453 0.00528169 -0.922536 -0.385875
8.01875 30.033 -26.0481 0.00642329 -0.923646 -0.383192
6.69798 30.0277 -26.0504 0.00196297 -0.923546 -0.383484
5.89439 30.0269 -26.0507 0.0010366 -0.92422 -0.38186
9.42811 29.6265 -25.05 0.00375124 -0.923629 -0.38327
10.3899 29.6302 -25.0485 0.00551469 -0.923573 -0.383384
11.5279 29.636 -25.0461 0.00501307 -0.923329 -0.383977
12.5203 29.6412 -25.0439 0.00618935 -0.922621 -0.385657
13.7951 29.6482 -25.041 0.00532452 -0.922489 -0.385986
14.737 29.6526 -25.0392 0.00584191 -0.922293 -0.386447
15.5008 29.6573 -25.0372 0.00664231 -0.922262 -0.386507
1.78863 31.6886 -30.0283 0.00081505 -0.92095 -0.389679
0.723294 31.6884 -30.0284 8.89364e-05 -0.920848 -0.389922
-0.199811 31.6901 -30.0277 -0.00335415 -0.921176 -0.389132
-1.41254 31.6918 -30.027 -8.75351e-05 -0.920953 -0.389673
-9.94634 12.2505 17.9104 0.00424808 -0.923205 -0.384284
-9.02463 12.2542 17.9119 0.00383378 -0.923353 -0.383932
-7.47147 12.2589 17.9138 0.0032662 -0.923457 -0.383687
-6.1171 12.2623 17.9152 0.00199829 -0.922952 -0.384909
-5.1689 12.2634 17.9157 0.00113572 -0.922888 -0.385068
-3.9283 12.2652 17.9164 0.00193143 -0.923119 -0.38451
-2.91742 12.2667 17.9171 0.00166422 -0.923225 -0.384257
-1.49135 12.2692 17.9181 0.001769 -0.92331 -0.384051
-0.274431 12.2708 17.9188 0.0013716 -0.923468 -0.383674
0.923919 12.2714 17.919 0.000403417 -0.923426 -0.383775
1.91755 12.271 17.9188 -0.0013587 -0.922716 -0.385477
3.28676 12.269 17.918 -0.00170227 -0.922691 -0.385536
4.19555 12.2671 17.9172 -0.00194118 -0.92332 -0.384027
5.20805 12.2665 17.917 -0.000633177 -0.923201 -0.384317
6.31851 12.2648 17.9163 -0.0027085 -0.92304 -0.384694
7.29946 12.2626 17.9154 -0.00133083 -0.923547 -0.383483
8.40081 12.2603 17.9144 -0.00452626 -0.92329 -0.384077
9.41528 12.2559 17.9126 -0.00458915 -0.923 -0.384772
10.5372 12.2507 17.9104 -0.00514896 -0.923312 -0.384017
11.1581 12.2481 17.9094 -0.00455345 -0.923362 -0.383904
7.54415 11.8475 18.9099 -0.00238793 -0.922704 -0.385501
6.61697 11.8495 18.9107 -0.00262682 -0.923074 -0.384612
5.25113 11.8516 18.9116 -0.000725625 -0.922824 -0.385222
3.91885 11.8527 18.9121 -0.00137525 -0.922833 -0.385198
2.40239 11.8549 18.913 -0.00130511 -0.922673 -0.385582
1.1659 11.8568 18.9138 -0.00164058 -0.922864 -0.385123
0.0335192 11.8571 18.9139 0.00068709 -0.922707 -0.385502
-0.891557 11.857 18.9139 0.000820938 -0.92378 -0.382923
-2.1424 11.8549 18.913 0.00281819 -0.923808 -0.382845
-3.06354 11.8521 18.9118 0.00250058 -0.922468 -0.386065
-3.98961 11.8504 18.9111 0.00206305 -0.922684 -0.385552
-5.44371 11.8476 18.9099 0.00225408 -0.922517 -0.385949
-6.7647 11.8454 18.909 0.00128686 -0.922445 -0.386127
-6.88142 11.8452 18.909 0.00118978 -0.922502 -0.385991
-2.05828 11.4394 19.9074 0.00227533 -0.921989 -0.387209
-0.793434 11.4401 19.9077 -0.000187388 -0.921842 -0.387566
0.244637 11.4406 19.9079 0.000493691 -0.921466 -0.388458
1.37127 11.4408 19.9079 -0.00112613 -0.92192 -0.387378
2.4818 11.439 19.9072 -0.000997531 -0.922559 -0.385854
2.72364 11.4388 19.9071 -0.000997915 -0.92256 -0.385853
