4.95338 4.55515 -37.4201 -0.0054869 -0.9999 -0.0130209
3.65856 4.56552 -37.6904 -0.00425998 -0.999941 -0.00971859
2.57409 4.56932 -37.8703 -0.00226223 -0.99996 -0.00868064
1.45445 4.57434 -37.9664 -0.0038976 -0.999939 -0.0103637
0.421389 4.5753 -37.9738 -3.29779e-05 -0.999941 -0.0108086
-0.513749 4.57414 -37.9288 0.00116533 -0.999944 -0.0105594
-1.53013 4.57145 -37.839 0.00413202 -0.999946 -0.00949881
-2.83351 4.56427 -37.7564 0.00583043 -0.999938 -0.00942828
-3.78493 4.55534 -37.6618 0.00890839 -0.99991 -0.0100655
-4.90698 4.54016 -37.4119 0.0142479 -0.999842 -0.0105425
-6.07064 4.51884 -37.0564 0.01618 -0.999799 -0.0118033
-7.011 4.49915 -36.738 0.020153 -0.999689 -0.0147108
-7.98861 4.47426 -36.3803 0.020291 -0.999695 -0.0140503
-8.89869 4.45122 -36.0139 0.0194163 -0.999704 -0.0146505
-10.0195 4.42317 -35.6233 0.0211405 -0.999613 -0.0180666
-11.2743 4.38907 -35.2002 0.0206292 -0.999544 -0.0219671
-12.3471 4.35023 -34.5828 0.022674 -0.999457 -0.0239085
-13.3015 4.31033 -34.0148 0.0268856 -0.999332 -0.0247476
-14.2829 4.26833 -33.407 0.0283503 -0.999297 -0.0245483
-15.1298 4.22912 -32.7892 0.0283999 -0.999283 -0.025042
-16.3381 4.1669 -31.7396 0.025862 -0.999242 -0.0291067
-17.2453 4.11434 -30.9534 0.0280532 -0.999044 -0.0334827
-17.9519 4.07265 -30.3228 0.0279043 -0.998975 -0.0356497
-18.8797 4.0075 -29.3515 0.0334097 -0.998621 -0.0404846
-19.6119 3.94801 -28.49 0.0336312 -0.99861 -0.0405888
-20.5866 3.87006 -27.395 0.0341998 -0.998566 -0.0411835
-21.3989 3.79988 -26.3974 0.0306514 -0.99841 -0.0472995
-21.948 3.7411 -25.5513 0.033753 -0.998119 -0.0511755
-22.4661 3.67996 -24.7188 0.0328374 -0.998017 -0.0536965
-23.0917 3.60173 -23.6445 0.0330244 -0.998055 -0.0528686
-23.4941 3.53594 -22.6625 0.0300991 -0.997936 -0.0566848
-23.9362 3.46243 -21.6436 0.0308267 -0.9978 -0.0587007
-24.3214 3.39023 -20.6868 0.027415 -0.997555 -0.0642814
-24.6759 3.32092 -19.7667 0.0275052 -0.997528 -0.0646662
-25.2102 3.25545 -18.9357 0.0228548 -0.997598 -0.0653952
-26.4862 3.22595 -18.8836 0.0175 -0.997769 -0.064434
-27.3823 3.22179 -19.0912 0.0182827 -0.997898 -0.0621756
-27.2218 3.28107 -19.9925 0.0189081 -0.99795 -0.0611204
-26.8051 3.36667 -21.2944 0.0183159 -0.998077 -0.0592232
-26.2862 3.45399 -22.5727 0.024126 -0.99798 -0.0587485
-25.7089 3.53854 -23.8023 0.0256447 -0.997988 -0.0579483
-25.2018 3.61922 -24.9927 0.026389 -0.998074 -0.0561424
-24.7795 3.67381 -25.7864 0.025243 -0.998188 -0.0546164
-24.3731 3.73433 -26.7435 0.0228092 -0.998469 -0.050402
-23.9571 3.80225 -27.8972 0.0228053 -0.998452 -0.0507333
-23.4649 3.86594 -28.9881 0.0199211 -0.998583 -0.0493393
-23.0357 3.91296 -29.7821 0.019173 -0.998639 -0.0484954
-22.5568 3.97391 -30.8622 0.0192589 -0.998682 -0.0475837
-22.1248 4.02979 -31.866 0.0195119 -0.998759 -0.0458161
-21.6 4.09408 -33.0301 0.0215806 -0.998804 -0.0438348
-21.1262 4.14285 -33.9502 0.0200168 -0.998886 -0.0427237
-20.6613 4.18548 -34.7878 0.0179456 -0.999019 -0.0404766
-20.0727 4.23016 -35.6933 0.0170629 -0.999169 -0.0370128
-19.5118 4.27169 -36.5523 0.0159361 -0.999211 -0.0363527
-18.8198 4.32131 -37.6507 0.0169402 -0.999308 -0.033048
-18.1771 4.36254 -38.6345 0.0153984 -0.999409 -0.0307148
-17.5371 4.40368 -39.6958 0.0133611 -0.999467 -0.0297888
-16.8652 4.4428 -40.7417 0.0132073 -0.999496 -0.0288542
-16.2155 4.47477 -41.5888 0.0108297 -0.999572 -0.0271735
-15.5469 4.50531 -42.4839 0.00997003 -0.999643 -0.024779
-14.9879 4.53158 -43.3153 0.0100995 -0.999648 -0.0245266
-14.2633 4.5634 -44.3298 0.0099761 -0.999657 -0.0242212
-13.6678 4.58572 -45.0108 0.00964586 -0.999658 -0.0243194
-13.0692 4.60904 -45.7583 0.00776884 -0.999704 -0.0230096
-12.2378 4.63612 -46.7877 0.00543264 -0.999788 -0.0198657
-11.5802 4.65445 -47.5217 0.00566917 -0.999787 -0.0198234
-10.929 4.66936 -48.2075 0.00514397 -0.999863 -0.0157548
-10.0639 4.68563 -48.9907 0.00504056 -0.999896 -0.0135479
-9.35443 4.69625 -49.5523 0.00331888 -0.999914 -0.012702
-8.61687 4.7057 -50.1098 0.00304122 -0.999921 -0.0121733
-7.61205 4.71747 -50.9206 0.00119701 -0.99992 -0.0125615
-6.46568 4.72795 -51.7131 0.00108861 -0.999938 -0.0110935
-5.67505 4.73653 -52.3526 0.0012022 -0.99995 -0.00983605
-4.70484 4.74403 -53.0922 0.00231022 -0.999957 -0.00899165
-3.35529 4.74973 -53.5439 0.000822341 -0.999973 -0.00728534
-1.88315 4.7523 -53.5943 0.00141843 -0.999977 -0.00660571
-0.826875 4.75464 -53.5551 0.00229294 -0.999986 -0.00483269
0.137933 4.75671 -53.4815 0.00435305 -0.999966 -0.00695339
1.0888 4.76035 -53.3342 0.00482476 -0.999968 -0.00638909
2.30422 4.76422 -52.8598 0.0063432 -0.999967 -0.00507058
3.40132 4.76493 -52.2508 0.00466264 -0.999936 -0.0103167
4.20606 4.76437 -51.8361 0.00389073 -0.99993 -0.0111759
5.43295 4.76016 -51.0369 0.00450764 -0.999916 -0.0121223
6.31203 4.75673 -50.4386 0.00427932 -0.9999 -0.0134267
7.08724 4.75387 -49.9781 0.00492637 -0.999888 -0.0141622
8.05948 4.74856 -49.3195 0.00453622 -0.99983 -0.0178645
8.69392 4.74005 -48.6645 0.0054668 -0.999833 -0.0174402
9.30299 4.72341 -47.597 0.00511556 -0.999803 -0.019184
9.95135 4.69898 -46.2385 0.00243925 -0.999791 -0.0203195
10.4742 4.6777 -45.1738 0.00173485 -0.999752 -0.0222229
10.9452 4.66003 -44.3468 0.000606364 -0.999704 -0.0242255
11.6202 4.63277 -43.3122 -0.00123493 -0.999686 -0.0249799
12.458 4.59989 -42.2305 -0.00539913 -0.999629 -0.0267121
13.4127 4.55762 -40.9547 -0.00902621 -0.999618 -0.026093
14.2756 4.51388 -39.6596 -0.00902705 -0.999586 -0.0273089
14.939 4.47554 -38.5083 -0.00817911 -0.999501 -0.0305042
15.4538 4.44117 -37.6055 -0.0127041 -0.999424 -0.0313584
16.1764 4.39664 -36.5415 -0.0175288 -0.999302 -0.0329938
16.956 4.34672 -35.5196 -0.0195571 -0.999135 -0.0367013
17.5427 4.3029 -34.6533 -0.0199846 -0.999079 -0.0379695
18.0571 4.25472 -33.6552 -0.020106 -0.999 -0.0398933
18.653 4.18576 -32.2994 -0.021316 -0.998872 -0.042415
19.4281 4.10342 -30.9175 -0.0288333 -0.998585 -0.0446632
19.9467 4.05127 -30.1185 -0.0294145 -0.998503 -0.0461061
20.6606 3.9863 -29.2171 -0.0316162 -0.998279 -0.0493989
21.4117 3.91163 -28.1912 -0.0322092 -0.998244 -0.0497014
21.8716 3.85536 -27.3709 -0.0330382 -0.998184 -0.0503638
21.8456 3.83202 -26.8984 -0.0321265 -0.998138 -0.0518478
21.1387 3.89098 -27.6013 -0.0324343 -0.998286 -0.048691
20.8059 3.93634 -28.3016 -0.0316895 -0.998267 -0.0495959
20.0296 3.99642 -29.0274 -0.0301108 -0.998343 -0.0490402
19.1712 4.0596 -29.8042 -0.029252 -0.99851 -0.0460575
18.2099 4.12818 -30.6848 -0.0288338 -0.998585 -0.044663
17.5054 4.17591 -31.359 -0.0264586 -0.998744 -0.0425497
16.7807 4.22345 -32.0214 -0.0315586 -0.998757 -0.0385871
15.8354 4.27488 -32.7146 -0.0291042 -0.998988 -0.0342833
14.9638 4.31628 -33.2602 -0.0261716 -0.999194 -0.0304189
13.9045 4.36321 -33.9421 -0.0231265 -0.999376 -0.0266915
13.1058 4.39544 -34.514 -0.0208371 -0.999479 -0.0246649
12.1109 4.42989 -35.1667 -0.0168846 -0.999571 -0.0239523
10.7455 4.4652 -35.7498 -0.0173936 -0.999717 -0.0162025
9.67406 4.48823 -36.0949 -0.0136053 -0.999793 -0.0150508
8.58997 4.50905 -36.4439 -0.0125795 -0.999787 -0.0163404
7.43142 4.52776 -36.7928 -0.0111451 -0.999818 -0.0154871
6.50726 4.54004 -37.0502 -0.010237 -0.999886 -0.0111378
5.59373 4.54927 -37.2853 -0.00557976 -0.99993 -0.0104085
5.52523 4.54981 -37.3012 -0.00607858 -0.999911 -0.0118191
5.40659 4.5408 -36.2916 -0.0070357 -0.99994 -0.00838481
4.0293 4.55192 -36.5663 -0.00593834 -0.999948 -0.00824318
2.43499 4.56094 -36.8194 -0.00305735 -0.999973 -0.0067303
1.14111 4.56545 -36.9098 -0.00247934 -0.999977 -0.00622746
-0.238242 4.56709 -36.8924 -0.000478138 -0.999979 -0.00652826
-1.16334 4.56531 -36.8272 0.00347015 -0.99997 -0.00690513
-2.4609 4.55922 -36.7223 0.00657857 -0.999954 -0.0068095
-3.36753 4.55151 -36.6663 0.00862599 -0.999935 -0.00737997
-4.52379 4.53645 -36.4449 0.0133717 -0.999865 -0.00955691
-5.46528 4.5195 -36.1705 0.0173332 -0.999788 -0.0111209
-6.77782 4.48994 -35.7123 0.0200135 -0.999718 -0.01282
-7.92993 4.46119 -35.316 0.0211654 -0.999686 -0.0134502
-9.25589 4.42454 -34.8201 0.0226702 -0.999621 -0.0156187
-10.1658 4.39959 -34.4987 0.0218053 -0.999593 -0.0184169
-11.281 4.36415 -34.0076 0.0269909 -0.999432 -0.0201941
-12.4421 4.3163 -33.2846 0.028673 -0.999336 -0.0224986
-13.5591 4.26979 -32.6306 0.0284003 -0.999283 -0.025042
-14.3454 4.23293 -32.0643 0.0284493 -0.999269 -0.0255355
-15.0712 4.19516 -31.4589 0.0307881 -0.999159 -0.0270784
-16.0506 4.14111 -30.6156 0.0315462 -0.999093 -0.0286033
-16.7815 4.09909 -29.9929 0.0357849 -0.99879 -0.0337235
-17.6197 4.04383 -29.1886 0.031704 -0.998797 -0.0371757
-18.4438 3.97698 -28.2387 0.0341987 -0.998587 -0.0406865
-19.0884 3.92487 -27.4967 0.0329796 -0.998595 -0.0414733
-19.6887 3.87655 -26.824 0.0336178 -0.998542 -0.0422264
-20.4694 3.80373 -25.7866 0.036588 -0.998271 -0.0460109
-20.9904 3.74592 -25.0068 0.0377555 -0.997898 -0.0526761
-21.5462 3.68097 -24.1747 0.037307 -0.997862 -0.0536537
-22.0653 3.61742 -23.2899 0.0332739 -0.998085 -0.0521452
-22.4601 3.55849 -22.4668 0.0340176 -0.997578 -0.0606638
-22.9112 3.48132 -21.4298 0.0313177 -0.997556 -0.0623508
-23.4646 3.38281 -20.2063 0.029692 -0.997437 -0.06506
-23.8544 3.29932 -19.1125 0.0243765 -0.997422 -0.0674945
-24.1546 3.22175 -18.0826 0.0227066 -0.997464 -0.0674234
-24.8279 3.16752 -17.4815 0.0212178 -0.997751 -0.0635764
-25.6983 3.16753 -17.765 0.0201775 -0.997683 -0.0649143
-26.7252 3.14779 -17.7379 0.0174594 -0.997773 -0.0643715
-27.7738 3.12769 -17.6271 0.0138692 -0.998051 -0.0607249
-28.5946 3.14793 -18.242 0.0224168 -0.997909 -0.0606251
-28.348 3.24133 -19.6804 0.0172673 -0.99784 -0.0633824
-27.9291 3.32884 -20.9993 0.0156326 -0.998154 -0.0586924
-27.5373 3.40153 -22.1124 0.0190151 -0.99815 -0.0577312
-27.1912 3.45643 -22.9576 0.0197052 -0.998228 -0.0561381
-26.7333 3.5288 -24.0551 0.0235698 -0.998146 -0.0560913
-26.2074 3.61267 -25.3372 0.0252495 -0.998099 -0.0562266
-25.7758 3.67018 -26.1824 0.0236907 -0.99826 -0.0540055
-25.4005 3.72574 -27.0526 0.0219012 -0.998292 -0.0541538
-24.8826 3.80411 -28.3265 0.0208555 -0.99843 -0.0519946
-24.3666 3.87151 -29.439 0.018063 -0.998624 -0.0492283
-23.9428 3.91951 -30.2757 0.0186135 -0.998658 -0.0483219
-23.5469 3.96918 -31.159 0.0189495 -0.998703 -0.0472471
-23.1288 4.02203 -32.1251 0.0195465 -0.998757 -0.0458526
-22.7346 4.06874 -32.9754 0.0196702 -0.998795 -0.0449651
-22.3277 4.11453 -33.828 0.0192319 -0.998864 -0.0435887
-21.7649 4.16955 -34.8915 0.0185221 -0.999003 -0.040607
-21.1523 4.22118 -35.9493 0.0171865 -0.999166 -0.0370509
-20.5934 4.26524 -36.8758 0.017171 -0.999149 -0.0375061
-19.9453 4.31072 -37.8502 0.0148393 -0.999317 -0.0338323
-19.3658 4.34713 -38.6803 0.0141888 -0.99938 -0.0322177
-18.7423 4.38647 -39.6613 0.013773 -0.999428 -0.0308733
-18.2902 4.41563 -40.4431 0.0111897 -0.999457 -0.030985
-17.5525 4.4581 -41.5774 0.010127 -0.999503 -0.0298512
-16.8198 4.49213 -42.4683 0.0104476 -0.999529 -0.0288223
-15.9742 4.53199 -43.7175 0.00958366 -0.999633 -0.0253261
-15.3667 4.55936 -44.6184 0.00934644 -0.999664 -0.024189
-14.7349 4.58368 -45.3559 0.0100951 -0.999651 -0.0243984
-14.0437 4.61044 -46.1984 0.00899752 -0.999691 -0.0231736
-13.4783 4.632 -46.9085 0.0071871 -0.999741 -0.0214425
-12.7496 4.65155 -47.7022 0.00556228 -0.999808 -0.0187604
-12.041 4.66999 -48.5499 0.00394493 -0.999842 -0.0173515
-11.29 4.6853 -49.3227 0.00208285 -0.999899 -0.0140776
-10.4829 4.69838 -50.0432 0.00415415 -0.999902 -0.0133056
-9.39084 4.71244 -50.8568 0.00347823 -0.999916 -0.0124884
-8.42755 4.72437 -51.6418 0.00270926 -0.999926 -0.0118586
-7.60416 4.73221 -52.2313 0.00167303 -0.999941 -0.0107111
-6.82362 4.73852 -52.7017 0.00140953 -0.999936 -0.0112461
-5.76809 4.74875 -53.6187 2.29922e-05 -0.999938 -0.0111486
-4.89 4.75488 -54.1881 -0.000246271 -0.99995 -0.00994131
-3.97349 4.75791 -54.5328 6.43773e-05 -0.999959 -0.00907488
-2.6074 4.75862 -54.624 0.000682429 -0.999965 -0.00824456
-1.02078 4.76166 -54.6173 0.00232902 -0.999965 -0.00806415
0.378901 4.76573 -54.5576 0.00388113 -0.999964 -0.00751794
1.2745 4.76798 -54.4204 0.00408647 -0.999979 -0.0050247
2.53483 4.77098 -53.905 0.00558561 -0.999967 -0.00573009
3.47262 4.77417 -53.4269 0.00578225 -0.999971 -0.00486914
4.31358 4.77506 -52.9919 0.00738204 -0.999937 -0.00850158
5.28666 4.77553 -52.4121 0.0043806 -0.999928 -0.0111648
6.27881 4.77334 -51.7555 0.00552717 -0.999893 -0.0135263
7.05388 4.77067 -51.2223 0.00518143 -0.9999 -0.0131239
7.896 4.76815 -50.705 0.00501273 -0.999887 -0.0141373
8.87151 4.76509 -50.0507 0.00868295 -0.999824 -0.0166558
9.70566 4.7559 -49.1976 0.00782827 -0.999773 -0.0197942
10.1157 4.74215 -48.3601 0.00552817 -0.999784 -0.0199975
10.6558 4.72238 -47.1987 0.00439429 -0.999777 -0.0206255
11.2361 4.69625 -45.9282 0.0025825 -0.999736 -0.0228255
11.773 4.67486 -44.9584 0.0019248 -0.999737 -0.0228209
12.4697 4.64546 -43.9165 -0.00482053 -0.999626 -0.0269246
13.0866 4.62047 -43.1163 -0.00646434 -0.999599 -0.027532
13.931 4.5805 -41.9821 -0.00985928 -0.999559 -0.0279942
14.7387 4.54153 -40.7875 -0.00728415 -0.999571 -0.0283556
15.5319 4.50266 -39.5718 -0.00792366 -0.999535 -0.0293551
16.0315 4.47005 -38.6668 -0.00966551 -0.999481 -0.030723
16.6653 4.43057 -37.7155 -0.012404 -0.999355 -0.0336883
17.3851 4.38204 -36.7057 -0.0149974 -0.999187 -0.037434
17.9287 4.34494 -35.9819 -0.017821 -0.999114 -0.0381299
18.4934 4.30208 -35.1282 -0.0192444 -0.999072 -0.03853
19.1503 4.23802 -33.7881 -0.020106 -0.999 -0.0398933
19.6957 4.17853 -32.6723 -0.0222878 -0.998828 -0.0429648
20.2853 4.11904 -31.6913 -0.0261798 -0.998429 -0.0495427
20.9419 4.04835 -30.6099 -0.0282596 -0.998332 -0.0502906
21.6794 3.9734 -29.5851 -0.030293 -0.998249 -0.0507985
22.3013 3.90475 -28.6358 -0.0324623 -0.998213 -0.0501756
22.928 3.83702 -27.69 -0.0318391 -0.998226 -0.0503082
23.5758 3.76859 -26.7441 -0.0319126 -0.998216 -0.0504625
24.1227 3.70959 -25.8881 -0.0280358 -0.998146 -0.0540269
24.8505 3.62461 -24.773 -0.0270881 -0.997887 -0.059063
25.4819 3.55133 -23.8481 -0.0277458 -0.997759 -0.0608848
26.2717 3.45945 -22.6373 -0.0262865 -0.998156 -0.0547144
26.8658 3.38585 -21.5446 -0.0230214 -0.99824 -0.0545965
27.2848 3.32685 -20.6547 -0.0199913 -0.998316 -0.0544613
27.7701 3.25213 -19.497 -0.0215865 -0.997727 -0.063607
28.0444 3.15944 -18.2273 -0.0244509 -0.997304 -0.0691548
27.1468 3.15504 -17.8683 -0.0236164 -0.997199 -0.0709662
26.2256 3.16174 -17.6575 -0.0238332 -0.997115 -0.0720597
25.2449 3.18529 -17.6625 -0.0263786 -0.997488 -0.065611
24.8373 3.26017 -18.6084 -0.0304957 -0.997366 -0.0658178
24.4602 3.343 -19.7944 -0.0302629 -0.998045 -0.0546853
24.0838 3.40458 -20.701 -0.0282074 -0.998017 -0.0561073
23.6509 3.46988 -21.6101 -0.0327046 -0.99784 -0.0569747
23.1438 3.54548 -22.6246 -0.0320571 -0.99759 -0.061534
22.6613 3.61726 -23.5398 -0.031768 -0.997613 -0.0613155
22.1298 3.69634 -24.5932 -0.0347526 -0.997692 -0.0583333
21.5907 3.75935 -25.3903 -0.0333557 -0.997913 -0.0552935
20.7529 3.84907 -26.5237 -0.0350752 -0.99803 -0.0520247
20.0386 3.92054 -27.4548 -0.033349 -0.998299 -0.0478143
19.43 3.97505 -28.166 -0.0332784 -0.998341 -0.0469718
18.3586 4.05946 -29.2173 -0.0336466 -0.998365 -0.0462081
17.69 4.10777 -29.8291 -0.0322347 -0.998569 -0.0426611
16.6089 4.18291 -30.8317 -0.0315587 -0.998757 -0.0385867
15.8765 4.23031 -31.4467 -0.0306603 -0.998863 -0.0364037
14.6629 4.29582 -32.2412 -0.031715 -0.999033 -0.030083
13.615 4.34381 -32.9062 -0.0280346 -0.999302 -0.0245805
12.7103 4.38237 -33.5341 -0.0239416 -0.999419 -0.0241376
11.8213 4.41512 -34.1643 -0.0200367 -0.999575 -0.0211273
10.9273 4.44168 -34.5806 -0.0211497 -0.999577 -0.0199703
9.96579 4.46536 -34.9184 -0.0176023 -0.999715 -0.0161568
9.08339 4.48423 -35.21 -0.0144391 -0.999817 -0.0125058
7.83428 4.50724 -35.6159 -0.0135057 -0.999849 -0.010909
6.70039 4.52542 -35.9379 -0.0104058 -0.999879 -0.0115811
5.80296 4.53711 -36.1848 -0.00706768 -0.999939 -0.00848073
5.64552 4.5299 -35.1954 -0.0078976 -0.999935 -0.00820743
6.53666 4.51812 -34.8922 -0.0115097 -0.999908 -0.00715889
7.73651 4.49782 -34.5877 -0.0148241 -0.999845 -0.00950281
8.70669 4.47951 -34.245 -0.0152078 -0.999829 -0.0105363
9.78574 4.45726 -33.913 -0.0208018 -0.999733 -0.0100398
11.0608 4.41653 -33.3905 -0.0220773 -0.999595 -0.0179464
11.8741 4.38332 -32.7181 -0.0228402 -0.999492 -0.0221581
13.0291 4.34208 -32.0829 -0.0294134 -0.999399 -0.0174418
13.8389 4.30538 -31.5961 -0.0386888 -0.998914 -0.0245527
14.8874 4.24206 -30.8871 -0.0341758 -0.99881 -0.0347835
15.9391 4.17632 -30.0666 -0.0341592 -0.998769 -0.0359648
17.0418 4.09805 -29.0602 -0.0354937 -0.998602 -0.0391664
17.7507 4.04494 -28.4195 -0.0367086 -0.998398 -0.0430635
18.7134 3.96296 -27.418 -0.0357117 -0.998169 -0.0487452
19.3404 3.90727 -26.6963 -0.0331863 -0.998266 -0.0486078
19.9248 3.84591 -25.8543 -0.0369397 -0.998088 -0.0495631
20.4138 3.78933 -25.1218 -0.0401727 -0.997683 -0.0549107
21.1093 3.71649 -24.3271 -0.0372076 -0.997514 -0.0598266
21.6321 3.6354 -23.2608 -0.0344014 -0.99768 -0.0587458
22.3037 3.54226 -22.1111 -0.0336072 -0.997699 -0.058839
22.9138 3.45091 -20.8535 -0.0316877 -0.997904 -0.0564247
23.3002 3.38791 -19.9541 -0.0316102 -0.997993 -0.0548662
23.7022 3.32756 -19.1222 -0.0300451 -0.997616 -0.0621017
24.1025 3.22295 -17.7816 -0.0264181 -0.996984 -0.0729371
24.4271 3.13465 -16.6517 -0.0235857 -0.997285 -0.0697634
24.9119 3.0719 -15.8779 -0.0313295 -0.997397 -0.0648059
25.7988 3.07616 -16.3284 -0.0315975 -0.996381 -0.0789129
26.8624 3.07444 -16.6586 -0.0236066 -0.996996 -0.0737638
27.7554 3.07076 -16.9492 -0.0302825 -0.996512 -0.0777575
28.6911 3.04971 -16.9542 -0.00796478 -0.99745 -0.070265
29.6303 3.06159 -17.2898 -0.0243958 -0.997485 -0.0665364
29.257 3.14948 -18.3979 -0.0173551 -0.997236 -0.0722428
28.8575 3.22184 -19.3399 -0.0152467 -0.997505 -0.06893
28.4947 3.2806 -20.2135 -0.0182689 -0.998205 -0.0570053
27.9509 3.36239 -21.5516 -0.018548 -0.998438 -0.0526854
27.4649 3.4286 -22.6153 -0.0215983 -0.99828 -0.0544329
26.6642 3.51825 -23.8787 -0.0272879 -0.99799 -0.0570685
26.1495 3.5793 -24.6465 -0.0309569 -0.997638 -0.0612665
25.4313 3.67651 -25.8696 -0.0239547 -0.997831 -0.0613211
24.7181 3.7429 -26.8562 -0.0263412 -0.998641 -0.0448694
23.9181 3.82322 -28.1174 -0.0316632 -0.998471 -0.045208
23.4128 3.88132 -28.965 -0.0377273 -0.99797 -0.0513074
22.8758 3.94027 -29.7056 -0.0334077 -0.998108 -0.0516193
22.3032 4.00338 -30.5257 -0.0312245 -0.998066 -0.0536839
21.5811 4.08461 -31.5985 -0.0248865 -0.997986 -0.0580166
20.7952 4.17126 -32.958 -0.0181023 -0.998676 -0.0480724
20.3358 4.21649 -33.7721 -0.0161232 -0.998885 -0.0443247
19.9396 4.2633 -34.7955 -0.0146301 -0.999152 -0.0384953
19.2407 4.31915 -35.9445 -0.0193604 -0.999073 -0.0384475
18.706 4.36513 -36.8527 -0.0189488 -0.999028 -0.0397753
18.0339 4.41301 -37.7919 -0.0149759 -0.999187 -0.0374352
17.3988 4.45253 -38.5766 -0.0123581 -0.999186 -0.0383511
16.7878 4.49117 -39.4936 -0.00598257 -0.999487 -0.0314595
16.1053 4.52616 -40.5051 -0.00536663 -0.999555 -0.0293106
15.574 4.5512 -41.2922 -0.00462307 -0.999676 -0.0246904
14.8454 4.5834 -42.4942 -0.0122139 -0.999672 -0.0225146
14.084 4.62307 -43.4769 -0.0100444 -0.999487 -0.0301981
13.2968 4.66064 -44.5523 -0.00496689 -0.999522 -0.0304399
12.801 4.68505 -45.3745 -0.000226913 -0.99972 -0.0236731
12.296 4.70348 -46.1483 0.00385305 -0.999468 -0.0312263
11.7235 4.72819 -47.2932 0.00311783 -0.99974 -0.022577
11.3475 4.7462 -48.1843 0.00625029 -0.999765 -0.0207408
10.867 4.76621 -49.3155 0.00653946 -0.999781 -0.0198556
10.23 4.78239 -50.2573 0.0124332 -0.999646 -0.0232501
9.45583 4.78632 -50.9362 0.011777 -0.999728 -0.0201177
8.71808 4.78401 -51.4736 0.00915412 -0.999902 -0.0105471
7.77725 4.78424 -52.0205 0.00441028 -0.999912 -0.0124995
6.84016 4.79017 -52.6394 0.008396 -0.999826 -0.0166304
6.08719 4.79053 -53.1369 0.00849536 -0.99988 -0.0129639
5.16241 4.78669 -53.7139 0.00968032 -0.999919 -0.00773124
3.87669 4.7802 -54.4046 0.00786798 -0.999959 -0.00379694
3.09001 4.7779 -54.8775 0.00417766 -0.999982 -0.00436843
2.13276 4.77547 -55.2776 0.00367945 -0.999986 -0.00364319
0.996856 4.77304 -55.5567 0.00218674 -0.999977 -0.00590582
-0.329282 4.77039 -55.7208 0.00282494 -0.999977 -0.00608676
-1.39901 4.768 -55.6697 0.00171275 -0.999981 -0.00584213
-2.65291 4.76861 -55.6389 -0.00372091 -0.999951 -0.00675553
-3.82363 4.76914 -55.6548 0.000452546 -0.99993 -0.0118077
-4.76177 4.7671 -55.4961 -0.00017746 -0.999947 -0.0103386
-5.77015 4.76304 -54.8728 -0.00372702 -0.999917 -0.0123311
-6.58249 4.75618 -54.2859 2.23177e-06 -0.999938 -0.011162
-7.82457 4.74717 -53.3597 -0.00163045 -0.999941 -0.0107312
-8.62764 4.73948 -52.8456 0.00057842 -0.999882 -0.0153696
-9.62604 4.72429 -52.0124 0.00547157 -0.999942 -0.00926248
-10.4372 4.71438 -51.4438 0.00512628 -0.999934 -0.010196
-11.2518 4.70303 -50.7875 0.00299268 -0.99996 -0.0075865
-12.0747 4.69374 -50.0034 0.00129601 -0.999885 -0.0151326
-12.7358 4.68086 -49.3765 0.00529018 -0.999844 -0.016865
-13.6161 4.65861 -48.3761 0.0057315 -0.999824 -0.0178489
-14.2012 4.64355 -47.599 -0.000744292 -0.99964 -0.0256219
-15.0561 4.61182 -46.5515 0.00580339 -0.999688 -0.0242919
-15.9097 4.58227 -45.7703 0.00930441 -0.999661 -0.024296
-16.4931 4.55434 -44.8197 0.00752511 -0.999679 -0.0241557
-17.1276 4.52628 -43.9059 0.00848394 -0.99964 -0.0254467
-17.8017 4.49643 -43.0034 0.0107682 -0.999556 -0.0277934
-18.4218 4.46679 -42.1161 0.00513495 -0.999488 -0.0314084
-19.1575 4.42439 -41.021 0.0121261 -0.999316 -0.0343884
-19.8698 4.3812 -39.8882 0.010748 -0.999467 -0.0308355
-20.6906 4.324 -38.5805 0.0149963 -0.999239 -0.0359298
-21.2715 4.28702 -37.7803 0.0177123 -0.999155 -0.0370962
-21.836 4.23851 -36.764 0.0188007 -0.99915 -0.0366879
-22.5775 4.18397 -35.534 0.0120673 -0.999172 -0.0384251
-23.0049 4.14345 -34.7352 0.0155332 -0.998802 -0.0462324
-23.5888 4.07332 -33.4586 0.0195443 -0.998829 -0.0442559
-23.9923 4.03041 -32.6552 0.0186885 -0.998819 -0.0448246
-24.4891 3.96724 -31.4985 0.0190465 -0.998706 -0.0471642
-25.1251 3.89387 -30.1212 0.0137294 -0.998583 -0.0514148
-25.5493 3.84 -29.2252 0.0152796 -0.998341 -0.0555157
-26.0694 3.77002 -28.1425 0.0188987 -0.998245 -0.056081
-26.488 3.71283 -27.2705 0.0229252 -0.998082 -0.0574682
-27.0722 3.63171 -26.0628 0.0252345 -0.998097 -0.0562725
-27.3892 3.57317 -25.16 0.024887 -0.998227 -0.0540689
-27.7813 3.51002 -24.135 0.0202938 -0.998391 -0.0529069
-28.2231 3.4463 -23.1145 0.015885 -0.99838 -0.0545838
-28.735 3.35228 -21.5712 0.0126737 -0.998235 -0.0579453
-29.1366 3.27234 -20.3809 0.0166127 -0.997792 -0.0642989
-29.6349 3.16353 -18.9364 0.0242614 -0.997091 -0.0722565
-29.8341 3.10205 -18.0128 0.0279553 -0.997927 -0.0579688
-29.7268 3.05477 -17.0949 0.0144758 -0.997902 -0.0631021
-28.6925 3.04203 -16.6037 0.0207885 -0.997707 -0.064376
-27.7992 3.04357 -16.3676 0.0159336 -0.997591 -0.0674525
-26.7391 3.07677 -16.6589 0.00581889 -0.997721 -0.0669497
-25.8421 3.08908 -16.6912 0.0211799 -0.99713 -0.0719168
-25.0318 3.06808 -16.0226 0.0312714 -0.99753 -0.0625207
-23.736 3.08584 -15.8121 0.0213912 -0.998126 -0.0573357
-23.4433 3.16318 -16.9692 0.0208612 -0.99766 -0.0651011
-23.0857 3.25813 -18.2493 0.0216783 -0.997314 -0.0699603
-22.6881 3.35566 -19.4686 0.0309088 -0.997117 -0.0693028
-22.2067 3.444 -20.5416 0.0306485 -0.997286 -0.0669414
-21.8083 3.52145 -21.4405 0.0390082 -0.997573 -0.0576686
-21.3234 3.6063 -22.6236 0.0315261 -0.997887 -0.0567426
-20.7247 3.67228 -23.439 0.0359498 -0.998004 -0.051921
-20.2067 3.73308 -24.2227 0.0368587 -0.997826 -0.0546313
-19.5319 3.81585 -25.2763 0.0430978 -0.998011 -0.0460154
-18.8676 3.87624 -26.1489 0.0348278 -0.998577 -0.0403916
-17.9959 3.94528 -27.1 0.0344294 -0.998552 -0.0413441
-17.2523 4.01042 -28.062 0.034092 -0.998584 -0.0408485
-16.2661 4.08569 -29.0754 0.0348228 -0.998779 -0.0350333
-15.3189 4.14419 -29.8801 0.0329455 -0.99911 -0.0263333
-14.6115 4.18344 -30.4933 0.0324948 -0.999126 -0.0262858
-13.6583 4.2331 -31.2701 0.0296112 -0.999252 -0.0248756
-12.8958 4.26914 -31.825 0.0295027 -0.999268 -0.024371
-11.8542 4.31383 -32.3891 0.0290744 -0.999362 -0.0207331
-11.067 4.34844 -32.8892 0.0313418 -0.999362 -0.0171274
-9.94973 4.38897 -33.5218 0.0248942 -0.999581 -0.0147747
-9.02076 4.4143 -33.8207 0.022313 -0.999639 -0.0149664
-7.81027 4.44817 -34.2827 0.0214396 -0.999653 -0.0152759
-6.8732 4.47695 -34.6389 0.0199273 -0.999777 -0.00701051
-5.86083 4.4993 -34.9483 0.0170043 -0.999806 -0.00927012
-4.58275 4.52635 -35.2964 0.0186077 -0.999775 -0.010213
-3.37635 4.54581 -35.6059 0.011557 -0.999918 -0.00447104
-1.74562 4.56056 -35.7562 0.00666556 -0.999973 -0.000688327
-0.145549 4.56266 -35.8796 -0.00131875 -0.999997 -0.00175023
1.22121 4.5594 -35.8301 -0.00460097 -0.999985 -0.00309707
2.1491 4.55448 -35.7507 -0.00488111 -0.999973 -0.00477994
3.38177 4.54855 -35.4886 -0.00505232 -0.999961 -0.00696445
4.80106 4.53807 -35.4297 -0.00751414 -0.999942 -0.00768917
5.31073 4.53321 -35.2968 -0.00753635 -0.999942 -0.00768397
2.01629 4.63397 -42.4094 0.000942862 -0.999924 -0.0123314
0.908306 4.62734 -41.9971 0.00241111 -0.999905 -0.0135393
-0.303306 4.62062 -41.8254 0.0041725 -0.999913 -0.0124559
-1.63282 4.61896 -42.1524 0.00389258 -0.99993 -0.0111663
-2.5695 4.62057 -42.5786 0.00336024 -0.999929 -0.011456
-3.35403 4.6256 -43.1752 0.00175087 -0.999897 -0.0141177
-4.04789 4.63707 -44.163 0.00350115 -0.999895 -0.0140644
-4.54512 4.65206 -45.3041 0.00320036 -0.99989 -0.0144744
-4.75268 4.6706 -46.6468 0.00302708 -0.999899 -0.0138896
-4.72117 4.68648 -47.778 0.00399837 -0.999904 -0.0132539
-4.40666 4.6997 -48.7417 0.00409364 -0.999914 -0.0124363
-3.46076 4.71826 -49.9816 0.00412206 -0.999937 -0.0104268
-2.41571 4.72928 -50.6458 0.00413251 -0.999951 -0.00891438
-1.57235 4.73508 -51.0054 0.004025 -0.99996 -0.00800624
-0.457954 4.74131 -51.2171 0.00359176 -0.999971 -0.00665385
0.559481 4.74387 -51.2158 0.00190161 -0.999974 -0.00696843
1.83731 4.74446 -50.9027 0.00320503 -0.999933 -0.0111655
2.97729 4.74021 -50.1288 0.00437813 -0.999931 -0.0108809
3.54997 4.73206 -49.4126 0.00336475 -0.999887 -0.0146263
4.02214 4.71915 -48.4069 0.00340423 -0.999893 -0.014242
4.26233 4.70457 -47.4221 0.00128959 -0.99988 -0.015431
4.30384 4.69015 -46.4545 -0.00071973 -0.999883 -0.0152388
4.0856 4.66878 -45.0263 -0.00162042 -0.999894 -0.0144415
3.72468 4.65729 -44.1657 -0.00198737 -0.999901 -0.0139104
3.21158 4.64752 -43.3901 -0.000198688 -0.999895 -0.0143805
2.50335 4.63837 -42.7326 0.000861366 -0.999924 -0.0123028
1.94695 4.64825 -43.5751 0.00122604 -0.999906 -0.013577
1.13102 4.64166 -43.1408 0.00408427 -0.999934 -0.010742
-0.107155 4.63349 -42.8856 0.00448311 -0.999926 -0.01134
-1.12988 4.63144 -43.0852 0.00483813 -0.999944 -0.009167
-2.11183 4.63274 -43.5362 0.00340816 -0.999935 -0.0108583
-2.8555 4.64007 -44.1962 6.18021e-07 -0.9999 -0.014171
-3.34526 4.65086 -44.9589 0.000968622 -0.999897 -0.0141856
-3.72627 4.66379 -45.9432 0.00315954 -0.999893 -0.0143002
-3.7649 4.68041 -47.0992 0.00336994 -0.999888 -0.0145767
-3.26989 4.70313 -48.6161 0.00630824 -0.99991 -0.0118371
-2.46401 4.71722 -49.4433 0.00475123 -0.999939 -0.00998197
-1.53631 4.72692 -49.9565 0.00528894 -0.999947 -0.00878398
-0.286551 4.73489 -50.2312 0.00256619 -0.99996 -0.00830432
0.646609 4.73495 -50.1533 0.00111021 -0.999956 -0.00936037
1.57246 4.73295 -49.8571 0.00075524 -0.999955 -0.00945514
2.5771 4.72412 -49.0051 0.00116427 -0.99992 -0.0125742
3.06044 4.71296 -48.0838 0.000834869 -0.999917 -0.0128404
3.31254 4.69863 -47.0186 0.000355379 -0.999899 -0.0142085
3.27147 4.682 -45.8507 -0.0017869 -0.999901 -0.0139304
2.88403 4.66583 -44.6596 -0.00183793 -0.999897 -0.0142395
2.29954 4.65325 -43.8737 0.0015903 -0.999888 -0.0148507
1.50815 4.66223 -44.4992 0.000769118 -0.999872 -0.0159644
0.331025 4.64711 -43.9357 0.00401534 -0.99993 -0.011108
-0.584097 4.64072 -43.9986 0.00544162 -0.999961 -0.00691693
-1.43706 4.64051 -44.2957 9.26311e-05 -0.999963 -0.00855385
-2.30463 4.65312 -45.2086 -0.000826356 -0.999909 -0.0134663
-2.84479 4.67335 -46.4196 0.00183799 -0.999857 -0.0166659
-2.61015 4.68946 -47.4336 0.00434011 -0.999858 -0.0163065
-1.99611 4.71053 -48.5616 0.00532427 -0.999884 -0.0140716
-1.21482 4.7195 -49 0.00592379 -0.999935 -0.00975468
0.0920457 4.72681 -49.1989 0.0011994 -0.99999 -0.00431474
0.982112 4.72253 -48.9395 -0.00571394 -0.999918 -0.00917278
1.67192 4.71637 -48.3771 0.000112333 -0.999927 -0.0120338
2.25517 4.70508 -47.3816 -0.00189928 -0.99994 -0.0106642
2.36086 4.69248 -46.3813 -0.00432727 -0.999873 -0.0153094
2.14874 4.67792 -45.4924 0.000151944 -0.999893 -0.0146306
1.55635 4.66336 -44.5676 0.000768938 -0.999872 -0.0159647
22.4669 3.79483 -26.5781 -0.0313253 -0.998004 -0.0547686
23.0506 3.73122 -25.7293 -0.0288291 -0.998071 -0.054975
23.5549 3.66375 -24.8137 -0.0306512 -0.997867 -0.0576384
24.0441 3.59968 -23.9786 -0.03117 -0.997784 -0.0587769
24.6308 3.54362 -23.338 -0.0290855 -0.997791 -0.0596856
25.3223 3.46213 -22.2418 -0.0248135 -0.99808 -0.0567535
25.6417 3.40739 -21.4188 -0.0246321 -0.998099 -0.056493
26.3587 3.33421 -20.4317 -0.0235722 -0.998044 -0.0578787
26.6773 3.27636 -19.5696 -0.021839 -0.998041 -0.0586199
26.3015 3.23761 -18.7913 -0.0195723 -0.997544 -0.0672508
25.5712 3.29201 -19.424 -0.0222663 -0.998005 -0.0590724
25.1932 3.37019 -20.5906 -0.0243603 -0.997938 -0.0593664
24.745 3.438 -21.5723 -0.0235186 -0.998098 -0.056991
24.4903 3.51465 -22.787 -0.0293099 -0.997714 -0.0608773
23.8338 3.57046 -23.371 -0.0304638 -0.997712 -0.0603271
23.4373 3.63201 -24.209 -0.0304694 -0.997834 -0.0583038
22.9709 3.71856 -25.4576 -0.029831 -0.997985 -0.0559741
22.3878 3.76628 -26.0069 -0.0338218 -0.997937 -0.054562
18.3338 4.15705 -31.4321 -0.0285778 -0.998653 -0.0433173
18.3339 4.15826 -31.46 -0.0275181 -0.998699 -0.0429338
17.2537 4.24199 -32.8289 -0.0260245 -0.998931 -0.0381975
17.2547 4.28864 -34.1114 -0.0229005 -0.999075 -0.0363885
16.1729 4.30545 -33.8922 -0.0260069 -0.999038 -0.0353123
16.1737 4.3429 -34.9798 -0.0206089 -0.999196 -0.0343986
16.1739 4.35314 -35.2776 -0.0200831 -0.999166 -0.0355501
15.0915 4.33922 -34.1097 -0.024742 -0.999182 -0.0319799
15.0923 4.38008 -35.4399 -0.0184772 -0.999402 -0.0292112
15.093 4.42532 -36.886 -0.0148894 -0.999412 -0.0308907
15.0931 4.43063 -37.068 -0.0142488 -0.999473 -0.0291524
14.0118 4.50034 -39.0745 -0.0108977 -0.999578 -0.0269287
14.0116 4.47607 -38.1581 -0.0128919 -0.999564 -0.0265483
14.0113 4.4495 -37.2049 -0.0161658 -0.999524 -0.0262708
14.0109 4.42245 -36.2111 -0.0167434 -0.999441 -0.0289204
14.0104 4.3943 -35.2409 -0.0207981 -0.999414 -0.0271697
14.0102 4.38215 -34.7658 -0.0231646 -0.999404 -0.0255899
12.9287 4.42087 -35.3976 -0.020784 -0.999483 -0.0245361
12.9291 4.44395 -36.3278 -0.0164548 -0.999484 -0.0275957
12.9295 4.4751 -37.557 -0.0141103 -0.999581 -0.0252604
12.9298 4.49969 -38.5621 -0.0129136 -0.999598 -0.0252307
12.93 4.52399 -39.4899 -0.0117939 -0.999587 -0.0262081
12.9302 4.54795 -40.425 -0.00890223 -0.99965 -0.024907
11.8485 4.58997 -41.7426 -0.00485442 -0.999687 -0.0245389
11.8483 4.56864 -40.8424 -0.00976702 -0.999659 -0.0242369
11.8481 4.54178 -39.7511 -0.0110717 -0.999631 -0.0248182
11.8479 4.51467 -38.6161 -0.0120653 -0.999642 -0.0238901
11.8476 4.48561 -37.3728 -0.0127757 -0.999653 -0.0230145
11.8472 4.45466 -36.0423 -0.0157017 -0.999636 -0.0219404
10.7655 4.4818 -36.5329 -0.014749 -0.99965 -0.0219832
10.7659 4.51637 -38.139 -0.0111346 -0.999696 -0.021999
10.7662 4.54827 -39.5905 -0.00842924 -0.999706 -0.0227318
10.7663 4.57153 -40.6427 -0.00753165 -0.999709 -0.0229079
10.7665 4.60216 -41.9937 -0.00613581 -0.999737 -0.0220909
10.7666 4.6291 -43.0783 -0.00222629 -0.999715 -0.0237733
10.7666 4.6403 -43.5491 -0.00222654 -0.999715 -0.023773
9.68456 4.68061 -45.3664 0.00208702 -0.999772 -0.0212712
9.68459 4.65367 -44.12 0.000922432 -0.999771 -0.0213615
9.68458 4.63261 -43.1978 0.00042278 -0.999731 -0.0231868
9.68451 4.61137 -42.1273 -0.00428229 -0.999774 -0.0208386
9.68433 4.57821 -40.5933 -0.00605399 -0.999763 -0.0209283
9.68411 4.54649 -39.0967 -0.00794778 -0.999757 -0.0205471
9.68395 4.52748 -38.1828 -0.00912424 -0.99977 -0.0194284
9.68367 4.50123 -36.8101 -0.0109515 -0.999742 -0.0198804
8.60185 4.52063 -37.1746 -0.0111445 -0.999818 -0.0154873
8.60202 4.53836 -38.1985 -0.00869259 -0.999802 -0.0179011
8.60219 4.55907 -39.3217 -0.0066662 -0.999774 -0.0201998
8.60234 4.58278 -40.513 -0.00589664 -0.999779 -0.020193
8.60246 4.60682 -41.7382 -0.00277784 -0.999824 -0.0185629
8.60252 4.62687 -42.7867 -0.000112226 -0.999837 -0.0180354
8.60255 4.65345 -44.2036 0.00160089 -0.999803 -0.0197685
8.60249 4.68507 -45.7746 0.00319561 -0.999811 -0.0191693
8.60243 4.70514 -46.7982 0.0045242 -0.999819 -0.018481
8.60236 4.72217 -47.7193 0.00481977 -0.999811 -0.0188323
7.52023 4.73924 -48.9249 0.0038255 -0.999838 -0.0175599
7.52032 4.71906 -47.7812 0.00364278 -0.999829 -0.0181205
7.5204 4.69861 -46.6777 0.00335587 -0.999824 -0.0184619
7.52047 4.67479 -45.415 0.00301121 -0.999811 -0.0191863
7.52049 4.65377 -44.2357 -0.000564265 -0.999826 -0.0186671
7.52049 4.6354 -43.2275 -0.00167583 -0.999855 -0.0169369
7.52045 4.61719 -42.1622 -0.00200341 -0.99986 -0.0165826
7.52039 4.59925 -41.0993 -0.00344017 -0.999843 -0.0173843
7.5203 4.57946 -40.0373 -0.00472971 -0.999831 -0.0177578
7.52019 4.56245 -39.0468 -0.00645209 -0.999826 -0.0175056
7.52007 4.54655 -38.1278 -0.00810025 -0.999858 -0.0147748
7.51998 4.5362 -37.4226 -0.0109688 -0.999828 -0.0149474
6.43807 4.54816 -37.6436 -0.00810018 -0.999858 -0.0147748
6.43821 4.56911 -39.0283 -0.00735378 -0.99984 -0.0163137
6.4383 4.58588 -40.0196 -0.00537873 -0.999851 -0.0164212
6.43836 4.60116 -40.966 -0.00449024 -0.999863 -0.0159433
6.43841 4.61741 -41.9959 -0.00440052 -0.999866 -0.0157891
6.43844 4.63591 -43.1565 -0.00210612 -0.999859 -0.0166576
6.43845 4.65521 -44.2802 -4.58249e-05 -0.999851 -0.0172469
6.43842 4.67046 -45.2433 0.000420765 -0.999874 -0.0158396
6.43838 4.69065 -46.4317 0.0023487 -0.999828 -0.018422
6.43828 4.71944 -48.0401 0.00333795 -0.99984 -0.0175875
6.43822 4.73585 -48.9679 0.00453402 -0.999861 -0.0160216
6.43816 4.74632 -49.6903 0.00524252 -0.999881 -0.0144832
5.35611 4.75155 -50.3571 0.00427857 -0.999901 -0.0134265
5.3562 4.73188 -48.9783 0.00346974 -0.999894 -0.0141513
5.35628 4.71434 -47.9206 0.00322101 -0.999849 -0.0170636
5.35633 4.69397 -46.7128 9.1704e-05 -0.999866 -0.0163468
5.35636 4.67566 -45.5967 0.000327785 -0.99987 -0.0160998
5.35639 4.6576 -44.38 -0.00140393 -0.999892 -0.0146273
5.35641 4.64105 -43.2951 -0.00198544 -0.999871 -0.0159221
5.3564 4.62627 -42.344 -0.00293629 -0.999895 -0.0141942
5.35637 4.61273 -41.4161 -0.00292783 -0.999881 -0.0151388
5.35632 4.59818 -40.4766 -0.00432938 -0.999858 -0.0162875
5.35626 4.57977 -39.356 -0.00411173 -0.999857 -0.0164302
5.35617 4.56158 -38.1062 -0.00594027 -0.999881 -0.0142195
4.27421 4.56749 -38.1502 -0.00447271 -0.9999 -0.0133843
4.27428 4.5843 -39.3647 -0.00378567 -0.999888 -0.0145136
4.27433 4.60393 -40.615 -0.00309998 -0.999876 -0.0154164
4.27436 4.61997 -41.6692 -0.00361738 -0.999881 -0.0149662
4.27438 4.6382 -42.9554 -0.00304467 -0.999894 -0.0142476
4.27436 4.64886 -43.6752 -0.00291162 -0.999886 -0.014801
3.19235 4.63615 -42.5891 -0.000833543 -0.999899 -0.0141994
3.19236 4.62182 -41.5812 -0.00147693 -0.999887 -0.0149582
3.19234 4.60759 -40.6727 -0.0022117 -0.999887 -0.0148894
3.19231 4.58844 -39.3678 -0.00378513 -0.999888 -0.0145133
3.19229 4.57961 -38.7249 -0.00245261 -0.999888 -0.0147413
2.11034 4.58441 -38.8803 -0.00216454 -0.99989 -0.0146981
2.11035 4.59687 -39.7875 -0.000806732 -0.999894 -0.0145349
2.11036 4.61182 -40.8329 0.000186951 -0.999903 -0.0139012
2.11035 4.62141 -41.4972 0.000362337 -0.999896 -0.0144274
1.02836 4.61747 -41.2515 0.000786435 -0.999903 -0.0139278
1.02838 4.59882 -39.862 -0.000397841 -0.999903 -0.0139552
1.02838 4.58166 -38.572 0.000823777 -0.99993 -0.0117939
-0.0535811 4.5846 -38.8971 0.000823777 -0.99993 -0.0117939
-0.0536007 4.59677 -39.8485 0.0017567 -0.999921 -0.0124672
-0.0536315 4.61125 -41.016 0.0031063 -0.999919 -0.0123117
-0.053637 4.61411 -41.2476 0.0031063 -0.999919 -0.0123117
-1.13565 4.61273 -41.4151 0.00390976 -0.999933 -0.0109279
-1.1356 4.60072 -40.3537 0.00219919 -0.999923 -0.0121952
-1.13556 4.5875 -39.3186 0.00314771 -0.99991 -0.0130144
-1.13553 4.58011 -38.6491 0.00339152 -0.999953 -0.00904241
-2.21749 4.57842 -38.8758 0.00583012 -0.999939 -0.00942851
-2.21757 4.59252 -40.1143 0.00589731 -0.999917 -0.0114542
-2.21765 4.60884 -41.4766 0.00554602 -0.99991 -0.0121932
-2.21767 4.61188 -41.7161 0.00421183 -0.999915 -0.0123103
-3.29969 4.61177 -42.1244 0.00506338 -0.999901 -0.0131646
-3.29961 4.59828 -41.0809 0.00614617 -0.999899 -0.0127923
-3.29949 4.57951 -39.5865 0.00697051 -0.999908 -0.0116516
-3.29943 4.57096 -38.8628 0.00671556 -0.999924 -0.0103722
-4.38129 4.55401 -38.088 0.00982702 -0.999906 -0.00959859
-4.38144 4.57057 -39.5392 0.00954622 -0.999869 -0.0130943
-4.38158 4.58927 -40.9493 0.0063983 -0.999883 -0.0138715
-4.38168 4.60625 -42.1702 0.00509981 -0.999888 -0.0140503
-4.38176 4.62369 -43.3306 0.00479154 -0.999864 -0.0157974
-4.38178 4.62821 -43.6162 0.00414634 -0.99988 -0.014931
-5.46316 4.5402 -38.0847 0.0138006 -0.99983 -0.0121989
-5.46332 4.55448 -39.1327 0.0117095 -0.999833 -0.0139996
-5.46345 4.56901 -40.1964 0.00902295 -0.999813 -0.0171038
-5.46359 4.58736 -41.3104 0.00622684 -0.999877 -0.0143785
-5.46369 4.60422 -42.4623 0.00713133 -0.999865 -0.0148117
-5.46378 4.62195 -43.6332 0.00701682 -0.999861 -0.0151344
-5.46388 4.64463 -45.1072 0.00496607 -0.999869 -0.0154057
-5.46394 4.65974 -46.0316 0.00376758 -0.999876 -0.0153084
-5.46398 4.67408 -47.0702 0.00313951 -0.999904 -0.0135052
-5.46405 4.6908 -48.3429 0.00300853 -0.999915 -0.0126799
-5.4641 4.70467 -49.4283 0.00265684 -0.999926 -0.0119105
-5.46414 4.72039 -50.8431 0.00311951 -0.999937 -0.0107409
-5.46416 4.72865 -51.6295 0.00173043 -0.999934 -0.0113997
-4.38216 4.73999 -52.5483 0.0022941 -0.999959 -0.00878827
-4.38214 4.73026 -51.4924 0.00286389 -0.999946 -0.0100029
-4.3821 4.71674 -50.2198 0.00378568 -0.999932 -0.0110111
-4.38209 4.71326 -49.8933 0.00440577 -0.999933 -0.0106605
-3.3001 4.72688 -50.7668 0.00385519 -0.999946 -0.00968302
-3.30013 4.73541 -51.6966 0.00336753 -0.999948 -0.00958727
-3.30014 4.74311 -52.609 0.00163701 -0.999968 -0.00781127
-3.30015 4.74616 -52.9997 0.0016169 -0.999972 -0.00726336
-2.21813 4.74813 -53.0362 0.00150778 -0.999977 -0.00666068
-2.21811 4.74001 -51.863 0.00265039 -0.999973 -0.00689239
-2.2181 4.7372 -51.5091 0.0029642 -0.999958 -0.00870652
-1.13608 4.74223 -51.7208 0.00349204 -0.99997 -0.0069506
-1.13611 4.75021 -52.8223 0.00325741 -0.999975 -0.00622104
-0.0540859 4.75293 -52.8731 0.0020398 -0.999984 -0.00522394
-0.0540678 4.74852 -52.0822 0.00349258 -0.99997 -0.00695087
1.02797 4.74918 -51.7561 0.00303706 -0.999963 -0.00808967
1.02794 4.75559 -52.549 0.00367526 -0.999971 -0.00665749
2.10998 4.7563 -52.1323 0.00529864 -0.999947 -0.00877886
2.10998 4.75605 -52.1007 0.004178 -0.999961 -0.0078368
3.19201 4.7573 -51.6058 0.00457487 -0.999933 -0.0106398
3.19206 4.74817 -50.7736 0.00443287 -0.999931 -0.0109222
4.27405 4.75591 -51.0737 0.00329339 -0.99993 -0.0113879
4.27412 4.7433 -50.0272 0.00301832 -0.999892 -0.0143687
4.27417 4.73327 -49.3293 0.00319114 -0.99989 -0.0144976
-6.54616 4.71439 -50.5614 0.00139397 -0.999918 -0.0126984
-6.54612 4.70153 -49.4147 0.00281039 -0.999921 -0.0122577
-6.54609 4.68772 -48.342 0.00245833 -0.999914 -0.0128745
-6.54604 4.67188 -47.1294 0.00414655 -0.99988 -0.0149032
-6.54597 4.65656 -46.1819 0.00554456 -0.999854 -0.0161616
-6.54587 4.6333 -44.7754 0.00640008 -0.99984 -0.0166851
-6.54579 4.61578 -43.7031 0.00680693 -0.999837 -0.0167076
-6.54569 4.59913 -42.6286 0.00731817 -0.999859 -0.0150881
-6.54558 4.58214 -41.5773 0.0100718 -0.999792 -0.0177141
-6.54543 4.56361 -40.5052 0.0103689 -0.999806 -0.0167232
-6.54525 4.54417 -39.3759 0.012754 -0.999801 -0.015312
-6.54508 4.52951 -38.4207 0.0140216 -0.999798 -0.0144268
-6.54492 4.51707 -37.4852 0.0150323 -0.999809 -0.0125182
-7.62665 4.49309 -37.1383 0.0163737 -0.99972 -0.0170805
-7.62689 4.5098 -38.1265 0.0163507 -0.999728 -0.0166227
-7.62711 4.52794 -39.2178 0.0145878 -0.999765 -0.0160352
-7.6273 4.54753 -40.3003 0.0117054 -0.999764 -0.0182895
-7.62748 4.56657 -41.2923 0.0104753 -0.999767 -0.0188851
-7.62761 4.58252 -42.1926 0.00963948 -0.999807 -0.0171015
-7.62773 4.59962 -43.2093 0.0073663 -0.999844 -0.0160444
-7.62786 4.62199 -44.5204 0.007085 -0.999818 -0.0177152
-7.62794 4.63905 -45.5055 0.00580782 -0.999837 -0.0171222
-7.62803 4.65792 -46.6048 0.00451105 -0.999856 -0.0163517
-7.62811 4.68071 -47.984 0.00320936 -0.999886 -0.0147613
-7.62815 4.69832 -49.3508 0.00154287 -0.999922 -0.012429
-7.62817 4.70818 -50.1742 0.00100062 -0.999922 -0.0124233
-8.71017 4.69197 -49.0577 0.00326939 -0.999912 -0.012895
-8.71012 4.67598 -47.9592 0.00273943 -0.999856 -0.0167724
-8.71007 4.65935 -47.0003 0.00463565 -0.999819 -0.0184323
-8.70996 4.63459 -45.611 0.00536488 -0.999816 -0.0184147
-8.70982 4.60906 -44.2231 0.00708501 -0.999818 -0.0177152
-8.70967 4.58652 -42.9982 0.00878672 -0.999799 -0.0180412
-8.7095 4.56552 -41.8534 0.0110547 -0.999748 -0.0195188
-8.70929 4.54229 -40.6941 0.0112487 -0.999738 -0.0199447
-8.70898 4.5147 -39.3038 0.0135647 -0.999709 -0.0199554
-8.70869 4.49051 -37.99 0.0145996 -0.999714 -0.0189215
-8.70839 4.47113 -37.0091 0.0199417 -0.999621 -0.0189884
-9.79006 4.44336 -36.5005 0.0145068 -0.999684 -0.0205461
-9.7904 4.46538 -37.5615 0.0153017 -0.999674 -0.0204344
-9.79077 4.49311 -38.9696 0.0144109 -0.999689 -0.0203562
-9.79113 4.52338 -40.4136 0.0122551 -0.999706 -0.020931
-9.79139 4.54768 -41.5592 0.0116304 -0.99972 -0.0206225
-9.79156 4.56738 -42.5385 0.00904406 -0.999741 -0.0208627
-9.79175 4.59327 -43.8187 0.00754761 -0.999785 -0.0193298
-9.79189 4.61615 -44.9701 0.00670441 -0.999793 -0.019188
-9.79199 4.63577 -46.0111 0.00593651 -0.999802 -0.0190072
-9.7921 4.65969 -47.2724 0.00495194 -0.999807 -0.0189972
-9.79215 4.67434 -48.0569 0.00579755 -0.999875 -0.0147166
-10.8741 4.65564 -47.3798 0.00589837 -0.999787 -0.0197648
-10.874 4.63704 -46.436 0.0062281 -0.999794 -0.0193287
-10.8739 4.60877 -45.032 0.00800694 -0.999757 -0.0205149
-10.8738 4.58978 -44.085 0.00956755 -0.999723 -0.0215257
-10.8735 4.5546 -42.4275 0.0108486 -0.999695 -0.022182
-10.8732 4.52612 -41.1879 0.0120173 -0.999681 -0.0221926
-10.873 4.50514 -40.234 0.0134991 -0.999661 -0.0222759
-10.8726 4.47806 -38.9803 0.0141152 -0.999682 -0.0208792
-10.8723 4.45224 -37.7876 0.0175375 -0.99959 -0.022633
-10.8719 4.42359 -36.4504 0.0182839 -0.999622 -0.0205359
-10.8718 4.42256 -36.4023 0.0188723 -0.99959 -0.0215366
-11.9535 4.39317 -36.062 0.0223857 -0.999498 -0.0223985
-11.9539 4.4178 -37.1069 0.0189409 -0.999525 -0.0243201
-11.9542 4.44078 -38.0938 0.0175518 -0.999578 -0.0231392
-11.9546 4.467 -39.2403 0.0146808 -0.999624 -0.0231525
-11.9549 4.49033 -40.2602 0.0139984 -0.999637 -0.0230404
-11.9552 4.51926 -41.4627 0.0114368 -0.999626 -0.0248345
-11.9554 4.54354 -42.4753 0.0102256 -0.999665 -0.0237699
-11.9556 4.56617 -43.472 0.00971117 -0.999721 -0.0215309
-11.9558 4.58649 -44.4158 0.00884886 -0.999705 -0.0226123
-11.9559 4.60825 -45.3689 0.00747807 -0.999727 -0.0221144
-11.956 4.6262 -46.2072 0.00559901 -0.999773 -0.0205338
-13.0377 4.57968 -44.502 0.00991339 -0.999665 -0.0239262
-13.0376 4.55703 -43.5589 0.0105428 -0.999665 -0.023637
-13.0373 4.53172 -42.4596 0.0113651 -0.99965 -0.0238985
-13.037 4.50334 -41.3202 0.0114363 -0.999626 -0.0248345
-13.0368 4.47902 -40.3694 0.0137603 -0.99954 -0.0270389
-13.0365 4.45423 -39.4303 0.0140148 -0.999568 -0.0258299
-13.0361 4.42939 -38.424 0.0173558 -0.999553 -0.0243603
-13.0357 4.40093 -37.2814 0.0196739 -0.999485 -0.025357
-13.0353 4.37299 -36.1509 0.0198869 -0.999513 -0.0240509
-13.0347 4.3427 -34.9916 0.0255565 -0.99931 -0.026941
-14.1161 4.30574 -34.6026 0.0227806 -0.999359 -0.0276073
-14.1167 4.33234 -35.5692 0.0206026 -0.999381 -0.0285139
-14.1172 4.3625 -36.5593 0.0171181 -0.999416 -0.0295808
-14.1179 4.40383 -38.0278 0.0149478 -0.99956 -0.0256163
-14.1182 4.42836 -39.0076 0.0137622 -0.999578 -0.0255975
-14.1186 4.46351 -40.3163 0.0111379 -0.999554 -0.0277014
-14.119 4.49527 -41.4769 0.0110212 -0.999609 -0.025696
-14.1193 4.52574 -42.7215 0.010374 -0.999643 -0.0246405
-14.1195 4.54798 -43.6348 0.0100117 -0.999656 -0.0242496
-15.201 4.49488 -41.9242 0.0103998 -0.999608 -0.0259762
-15.2007 4.46149 -40.6812 0.0112343 -0.999569 -0.027139
-15.2003 4.43173 -39.5999 0.0110974 -0.999571 -0.0271049
-15.2 4.40611 -38.6695 0.0145553 -0.999481 -0.0287493
-15.1996 4.37841 -37.7204 0.0147529 -0.999455 -0.029515
-15.199 4.34293 -36.5148 0.015718 -0.999394 -0.0310667
-15.1983 4.30412 -35.3136 0.0193262 -0.999308 -0.031777
-15.1977 4.27314 -34.315 0.0230296 -0.999315 -0.0289762
-15.1972 4.25001 -33.5529 0.0232786 -0.999268 -0.0303455
-16.2782 4.19435 -32.6133 0.0249296 -0.999186 -0.03171
-16.2791 4.23346 -33.8649 0.0233893 -0.999219 -0.0318508
-16.2797 4.26533 -34.8212 0.0222991 -0.999219 -0.0326193
-16.2805 4.30874 -36.0305 0.0189257 -0.999213 -0.0348572
-16.2811 4.34159 -37.0275 0.0175242 -0.999258 -0.0342935
-16.2817 4.38171 -38.3687 0.0146235 -0.999467 -0.0291811
-16.2822 4.4161 -39.5409 0.0136426 -0.999469 -0.0295849
-16.2824 4.43637 -40.2475 0.0135697 -0.9995 -0.0285585
-17.3636 4.37115 -38.5353 0.0142139 -0.999454 -0.0298368
-17.3631 4.3349 -37.3311 0.0155166 -0.999346 -0.0326538
-17.3625 4.29932 -36.3338 0.0164287 -0.999226 -0.0357454
-17.3619 4.26519 -35.4073 0.0191103 -0.999137 -0.0368657
-17.3611 4.22636 -34.3168 0.0203916 -0.999194 -0.0345687
-17.36 4.17377 -32.7681 0.022077 -0.999237 -0.0322078
-17.3591 4.13507 -31.6531 0.0264016 -0.999077 -0.0338957
-18.4399 4.07395 -30.7411 0.0279043 -0.998975 -0.0356497
-18.4408 4.10782 -31.6753 0.0235564 -0.998961 -0.0390012
-18.4416 4.14358 -32.6481 0.0212788 -0.999098 -0.0367443
-18.4423 4.17799 -33.5547 0.0190251 -0.999114 -0.0375351
-18.443 4.21206 -34.4993 0.0175017 -0.99916 -0.0370572
-18.4436 4.24714 -35.4206 0.0170182 -0.999137 -0.0378807
-18.4445 4.29478 -36.7107 0.0166747 -0.999219 -0.0358365
-18.4445 4.30005 -36.8577 0.0170207 -0.999228 -0.0354206
-19.5253 4.22837 -35.4096 0.016243 -0.999142 -0.0380959
-19.5246 4.18986 -34.3992 0.0169609 -0.999084 -0.0392758
-19.5238 4.14861 -33.3554 0.0183521 -0.999064 -0.0391582
-19.5227 4.09303 -31.9948 0.0234103 -0.998856 -0.0417022
-19.5217 4.05202 -31.0013 0.0273218 -0.998888 -0.0384109
-19.5208 4.01615 -30.0869 0.0331801 -0.998617 -0.0407783
-19.5205 4.00734 -29.871 0.0331798 -0.998617 -0.0407784
-20.6001 3.90302 -28.2051 0.0339853 -0.998586 -0.0408827
-20.6017 3.96288 -29.5555 0.0297298 -0.998654 -0.0424949
-20.6028 4.00705 -30.5899 0.0249395 -0.998727 -0.0438484
-20.6038 4.04778 -31.4981 0.024908 -0.998665 -0.0452542
-20.6051 4.10576 -32.8326 0.0209147 -0.998885 -0.0423202
-20.6058 4.13914 -33.6197 0.0191144 -0.998951 -0.0416104
-21.6853 4.02161 -31.4782 0.0232629 -0.998666 -0.0460966
-21.6843 3.97672 -30.5137 0.0236114 -0.998639 -0.0465112
-21.6829 3.92218 -29.3473 0.0267237 -0.998413 -0.0495722
-21.6817 3.87253 -28.2512 0.0296676 -0.998748 -0.0402741
-21.6804 3.82656 -27.1588 0.031092 -0.998462 -0.0459116
-22.7598 3.71967 -25.6514 0.026394 -0.998223 -0.0534156
-22.7614 3.77523 -26.7314 0.0270539 -0.9985 -0.0476061
-22.7631 3.83634 -28.0452 0.0271148 -0.998605 -0.0453134
-22.7641 3.87616 -28.9185 0.0208868 -0.998629 -0.0480048
-23.8429 3.7426 -26.6674 0.0250495 -0.998478 -0.0491255
-23.8411 3.67982 -25.4485 0.0273448 -0.998141 -0.0544757
-23.8392 3.61418 -24.2468 0.0278996 -0.998074 -0.0554133
-23.8376 3.55811 -23.2491 0.0288599 -0.998042 -0.0554839
-24.9209 3.58834 -24.3116 0.0263905 -0.998074 -0.056139
-24.9189 3.51678 -23.0537 0.0277638 -0.997912 -0.0583101
-24.9171 3.4528 -21.954 0.0288086 -0.997776 -0.0601043
-24.9149 3.36832 -20.6 0.0284831 -0.997589 -0.0632843
-25.9962 3.31711 -20.199 0.0242261 -0.997824 -0.061315
-25.9982 3.40079 -21.5677 0.0243491 -0.997883 -0.060301
-25.9983 3.40712 -21.6731 0.0247264 -0.997897 -0.0599104
