-60.9888 24.316 0.672048 0.393698 -0.918815 0.013079
-60.4853 24.5681 1.43768 0.41331 -0.910078 0.0300611
-60.4206 24.5683 0.492126 0.419353 -0.907584 0.0179096
-60.3709 24.6004 -0.661901 0.39791 -0.917338 -0.0112446
-60.8559 24.3824 -0.331282 0.391298 -0.92009 -0.0145855
-60.9946 24.3157 0.331483 0.380331 -0.924794 -0.00931011
-61.4826 24.117 0.143888 0.378816 -0.925456 -0.00548954
-61.4882 24.1088 1.14637 0.393695 -0.918816 0.0130798
-60.9449 24.4159 2.54285 0.399339 -0.915393 0.0508243
-60.1799 24.7261 1.99123 0.411231 -0.911179 0.0237218
-59.9206 24.8174 1.09683 0.418042 -0.907982 0.0284722
-59.7727 24.8657 0.120579 0.420661 -0.907188 0.00734726
-59.8432 24.8324 -0.819687 0.424018 -0.905635 -0.00583452
-60.2666 24.6823 -1.99859 0.384178 -0.922233 -0.0435084
-61.0431 24.3551 -2.0354 0.397798 -0.916627 -0.0393862
-61.3438 24.1879 -0.8287 0.381662 -0.924204 -0.0134613
-61.4794 24.1188 0.0849968 0.381844 -0.924133 -0.0131302
-61.4833 24.117 0.103446 0.380331 -0.924794 -0.00931011
-61.9997 23.9071 -0.137485 0.38033 -0.924795 -0.00930896
-61.8566 23.9837 -1.32647 0.38148 -0.924274 -0.0137924
-61.5555 24.1514 -2.40582 0.393329 -0.917922 -0.0520732
-60.7961 24.5299 -3.53155 0.38667 -0.921349 -0.0400322
-60.1039 24.8062 -2.98413 0.40267 -0.914532 -0.0385224
-59.5706 24.9823 -1.80941 0.4226 -0.90501 -0.0434792
-59.2878 25.0913 -0.637306 0.42548 -0.904955 -0.00140897
-59.2938 25.0916 0.303638 0.41711 -0.908785 -0.000308865
-59.4392 25.0408 1.3701 0.404421 -0.914376 0.0189682
-59.9064 24.8799 2.74689 0.403364 -0.913827 0.0469428
-60.9869 24.4455 3.43763 0.396782 -0.916485 0.0511059
-61.6022 24.1333 2.61754 0.394176 -0.917571 0.0515462
-61.9924 23.9094 1.58209 0.379127 -0.924402 0.0374954
-62.0565 23.8795 0.519954 0.383543 -0.923494 -0.00725029
-62.0427 23.8864 0.379587 0.381179 -0.924475 -0.00636846
-62.5998 23.6546 0.426739 0.385516 -0.922678 -0.00603788
-62.4992 23.7107 -0.933157 0.386369 -0.922247 -0.01341
-62.3525 23.7855 -1.84737 0.382078 -0.923819 -0.0219352
-62.0707 23.9483 -2.71734 0.391461 -0.918704 -0.0523213
-61.6435 24.1816 -3.70011 0.383021 -0.922438 -0.0481831
-60.8271 24.5556 -4.33244 0.382591 -0.921685 -0.0636723
-60.0072 24.8939 -4.02758 0.400494 -0.915527 -0.0376003
-59.4315 25.0994 -2.89269 0.403704 -0.91414 -0.0370225
-58.9387 25.278 -1.57151 0.421639 -0.906417 -0.025082
-58.7623 25.3322 -0.589253 0.413979 -0.910052 -0.0153132
-58.7008 25.3555 0.459295 0.409378 -0.912289 0.006145
-58.9985 25.2434 1.73807 0.407949 -0.912828 0.017448
-59.2416 25.17 2.63041 0.406092 -0.912736 0.0447378
-59.6666 25.0226 3.44817 0.404712 -0.912503 0.0585961
-60.2925 24.7872 4.06122 0.412045 -0.908896 0.0640286
-61.1844 24.4015 4.14566 0.395616 -0.916771 0.0549103
-61.8053 24.1007 3.56961 0.394468 -0.917363 0.0532927
-62.255 23.8573 2.63287 0.391241 -0.919 0.0486802
-62.5618 23.6824 1.55122 0.369243 -0.929055 0.0227257
-62.6183 23.6434 0.876743 0.376393 -0.926275 0.00773648
-63.1758 23.4177 0.956223 0.381253 -0.92422 0.0215428
-63.2147 23.3996 -0.237583 0.387399 -0.921843 -0.0100621
-63.1282 23.4539 -1.39594 0.382079 -0.923819 -0.0219358
-62.8598 23.5926 -2.27822 0.37779 -0.92539 -0.0304594
-62.5449 23.7748 -3.1962 0.391514 -0.918865 -0.0488512
-62.1973 23.9814 -4.14834 0.385308 -0.920916 -0.0583677
-61.62 24.2597 -4.80762 0.385247 -0.920037 -0.0715234
-60.7708 24.6383 -5.09857 0.38333 -0.920907 -0.0705803
-59.7909 25.02 -4.79452 0.390674 -0.918749 -0.0538755
-59.0818 25.2861 -3.55562 0.415916 -0.908849 -0.0314577
-58.7543 25.402 -2.71606 0.421666 -0.906019 -0.0360936
-58.3849 25.5402 -1.74107 0.423275 -0.905531 -0.0288713
-58.1546 25.6081 -0.386523 0.420679 -0.906808 -0.026992
-58.2803 25.5563 1.08689 0.411478 -0.911281 0.0159243
-58.5645 25.445 2.03136 0.413308 -0.909679 0.0360376
-58.9805 25.3355 3.42337 0.420433 -0.905805 0.0524799
-59.5695 25.1282 4.27762 0.408793 -0.910087 0.0680459
-60.4796 24.759 4.92894 0.4153 -0.907703 0.0600108
-61.2879 24.4008 4.85981 0.398867 -0.915382 0.0544742
-62.1756 23.977 4.18132 0.395299 -0.917215 0.0493998
-62.7069 23.6911 3.12718 0.391241 -0.919 0.048681
-63.0942 23.4678 1.66218 0.376559 -0.925991 0.0263748
-63.1172 23.4558 1.55437 0.381252 -0.92422 0.0215442
