-37.3949 39.42 -17.8575 0.0745842 -0.996895 -0.0251963
-36.9073 39.4823 -18.9437 0.0683061 -0.997283 -0.0275838
-36.365 39.5473 -20.0587 0.0628751 -0.997646 -0.0273838
-35.7417 39.6116 -21.0735 0.0571652 -0.997928 -0.0294143
-35.1222 39.6718 -22.1468 0.0490918 -0.998454 -0.0260732
-34.5889 39.7197 -22.9656 0.0472458 -0.998558 -0.0253985
-33.8695 39.7744 -23.8225 0.0430308 -0.998756 -0.0250183
-33.1551 39.8234 -24.6758 0.0403683 -0.998841 -0.0260412
-32.5541 39.8647 -25.4342 0.0370213 -0.999028 -0.0239227
-31.9214 39.9064 -26.257 0.0323164 -0.999223 -0.0225284
-31.1976 39.9524 -27.2124 0.0307711 -0.999199 -0.0254528
-30.5154 39.9944 -28.0632 0.0290995 -0.999257 -0.0251714
-29.7482 40.0352 -28.8609 0.0240288 -0.999462 -0.0221876
-29.0188 40.0721 -29.6509 0.0239176 -0.999413 -0.0245474
-27.9576 40.1235 -30.699 0.0237237 -0.999374 -0.0262349
-27.2177 40.1494 -31.2474 0.0176236 -0.999514 -0.0256389
-26.4649 40.1734 -31.7584 0.0110109 -0.999636 -0.024627
-25.7186 40.195 -32.3167 0.00719934 -0.999697 -0.0234761
-24.9045 40.2169 -32.9865 0.00926901 -0.999705 -0.0224426
-24.0166 40.244 -33.6896 0.0103314 -0.9996 -0.0263127
-23.2715 40.2597 -34.2069 0.00455195 -0.99965 -0.0259451
-22.0515 40.2888 -35.0651 0.00256884 -0.999754 -0.0212383
-21.0215 40.3071 -35.8186 0.000723976 -0.999726 -0.0233179
-19.828 40.3218 -36.4627 -0.000192251 -0.999652 -0.0263808
-19.0112 40.3323 -36.8502 0.00155959 -0.999669 -0.0256161
-17.8211 40.3457 -37.4255 -0.00228254 -0.999719 -0.0236152
-16.7359 40.3544 -37.878 -0.0011973 -0.999739 -0.0228062
-15.7163 40.3608 -38.2496 -0.00394798 -0.999754 -0.0217296
-14.6043 40.3646 -38.7515 -0.00632188 -0.99975 -0.0214376
-13.3842 40.3699 -39.3376 -0.00731177 -0.999643 -0.0257007
-12.1848 40.3735 -39.8362 -0.00787765 -0.999649 -0.0253115
-11.3282 40.3754 -40.1153 -0.00638906 -0.999716 -0.0229785
-10.3189 40.3751 -40.3776 -0.00743693 -0.999685 -0.0239389
-9.31237 40.375 -40.6376 -0.00465083 -0.999807 -0.0190886
-8.38023 40.3699 -40.7985 -0.0099953 -0.999789 -0.0179558
-7.01531 40.3602 -40.937 -0.00918073 -0.999743 -0.0207468
-5.77503 40.3524 -41.0853 -0.0085128 -0.999785 -0.018909
-4.76229 40.3467 -41.243 -0.00874025 -0.99979 -0.0185212
-3.58027 40.3409 -41.4405 -0.00653661 -0.999887 -0.0134415
-2.34476 40.3363 -41.6725 -0.00817724 -0.999781 -0.0191725
-1.09747 40.3273 -41.8229 -0.00911888 -0.999798 -0.0178846
0.459974 40.3127 -41.8726 -0.00797234 -0.999881 -0.0132171
2.01547 40.2957 -41.7578 -0.0107015 -0.999855 -0.0132261
3.21907 40.2827 -41.6578 -0.0077111 -0.99989 -0.0123071
4.17196 40.2762 -41.5982 -0.00966475 -0.999904 -0.00934238
5.40307 40.2591 -41.405 -0.0108339 -0.999865 -0.0123507
6.59809 40.2478 -41.2191 -0.00988367 -0.99994 -0.00397178
7.95192 40.2307 -41.0638 -0.0100901 -0.999938 -0.00420243
8.99533 40.2217 -40.9474 -0.00673762 -0.999966 -0.00440774
10.1491 40.211 -40.8304 -0.0112502 -0.999936 -0.000977231
11.3397 40.1993 -40.6652 -0.00957918 -0.999953 0.00155692
12.3718 40.1885 -40.417 -0.0130436 -0.999915 -0.000350434
13.2724 40.1767 -40.1314 -0.0127939 -0.999918 -0.000216088
14.4532 40.1613 -39.7088 -0.0150821 -0.999886 0.00114384
15.6608 40.1432 -39.2389 -0.0141401 -0.999896 0.00233648
16.9797 40.1276 -38.7307 -0.0129883 -0.999908 0.00374682
17.9051 40.1169 -38.3316 -0.0155449 -0.999868 0.00480559
18.8739 40.1042 -37.8681 -0.0154192 -0.999869 0.00494619
20.0775 40.0897 -37.3258 -0.0152704 -0.999846 0.00870379
21.243 40.0764 -36.8522 -0.0147342 -0.99985 0.00909462
22.0814 40.0674 -36.4539 -0.0158338 -0.99982 0.0104107
23.0711 40.0582 -35.8328 -0.0177022 -0.999785 0.0107818
24.2067 40.0462 -35.0102 -0.0184653 -0.999768 0.0110633
25.1384 40.0362 -34.3052 -0.020649 -0.999699 0.0132712
26.0733 40.0259 -33.5544 -0.0217153 -0.99969 0.0121482
27.0603 40.0134 -32.7955 -0.0223239 -0.999673 0.0124533
28.1399 39.9986 -32.0128 -0.0239921 -0.999634 0.0124644
29.1179 39.9829 -31.2874 -0.0267962 -0.999577 0.0110879
30.0243 39.9665 -30.5552 -0.0280194 -0.999566 0.00909571
30.7772 39.952 -29.8631 -0.0298295 -0.999518 0.00831809
31.5869 39.9329 -28.9436 -0.0304911 -0.99951 0.00690641
32.4626 39.9131 -27.8709 -0.0330936 -0.999413 0.00881473
33.0558 39.8961 -27.1819 -0.036825 -0.999305 0.00585808
33.9014 39.8693 -26.0945 -0.04096 -0.999151 0.00435169
34.4514 39.8501 -25.3453 -0.0409649 -0.999151 0.0044085
35.014 39.825 -24.6146 -0.0456836 -0.998956 0.000556393
35.7064 39.7913 -23.8087 -0.0504501 -0.998723 -0.00246771
36.3185 39.759 -23.0851 -0.0515432 -0.998666 -0.00267655
36.8902 39.7264 -22.3533 -0.053108 -0.998583 -0.00337719
37.444 39.6881 -21.3913 -0.0571567 -0.998339 -0.00720952
37.9439 39.649 -20.3196 -0.0622284 -0.997996 -0.0110385
38.3173 39.6137 -19.4939 -0.0663189 -0.997699 -0.0138372
38.7239 39.5702 -18.6572 -0.076646 -0.9969 -0.017338
39.1746 39.5224 -17.7378 -0.0777617 -0.996877 -0.0137265
39.5658 39.4761 -16.9165 -0.0828424 -0.996372 -0.0194808
40.0465 39.4138 -15.8735 -0.0862401 -0.995986 -0.0239617
40.4486 39.3571 -14.9628 -0.0871539 -0.995953 -0.021809
40.8424 39.2977 -14.1077 -0.097993 -0.994892 -0.0242295
41.2046 39.2373 -13.2395 -0.101059 -0.994444 -0.0294675
41.5578 39.1762 -12.247 -0.10731 -0.993902 -0.0253806
41.8404 39.1207 -11.3359 -0.114484 -0.993143 -0.0236803
42.115 39.0602 -10.2838 -0.119733 -0.992366 -0.0295415
42.3241 39.0076 -9.35847 -0.120443 -0.992257 -0.0303191
42.5602 38.9476 -8.33275 -0.122901 -0.992043 -0.027
42.7378 38.8936 -7.29551 -0.13821 -0.989914 -0.031105
42.8499 38.8499 -6.30901 -0.137165 -0.990274 -0.0231694
42.9528 38.8154 -5.36891 -0.138014 -0.990231 -0.0197805
43.1592 38.7648 -4.18252 -0.137951 -0.990286 -0.0173841
43.4399 38.7036 -3.10759 -0.149722 -0.988558 -0.0183352
43.58 38.669 -2.07477 -0.147195 -0.989025 -0.0127474
43.6585 38.6464 -1.15553 -0.151779 -0.988342 -0.0119927
43.7036 38.6292 -0.12378 -0.153023 -0.988216 -0.000213516
43.6713 38.6374 1.00445 -0.151851 -0.988392 0.00434706
43.5603 38.6616 2.10812 -0.152222 -0.988325 0.00654493
43.4014 38.7018 3.30381 -0.151444 -0.988383 0.0124337
43.1819 38.7534 4.66984 -0.145908 -0.989187 0.0146599
43.0189 38.7926 5.67288 -0.139577 -0.989768 0.0296157
42.8901 38.8386 6.60298 -0.138062 -0.990034 0.0276496
42.6476 38.9105 7.96857 -0.134253 -0.990495 0.0299383
42.4399 38.9734 9.06948 -0.132095 -0.990623 0.0346173
42.1925 39.0437 10.2555 -0.116338 -0.992707 0.0315983
41.8613 39.1246 11.4078 -0.115929 -0.992456 0.0397379
41.5225 39.1938 12.278 -0.108793 -0.993461 0.0346429
40.9014 39.3061 13.6375 -0.0926425 -0.99494 0.0388823
40.4675 39.3832 14.6262 -0.0893691 -0.995439 0.0333783
40.0397 39.4532 15.5896 -0.0810197 -0.996242 0.0304579
39.5507 39.53 16.7182 -0.0733648 -0.996619 0.0369781
38.8574 39.636 18.1485 -0.070551 -0.996745 0.038958
38.2708 39.7217 19.3953 -0.0623634 -0.997385 0.0365271
37.7432 39.7914 20.4127 -0.0587534 -0.997658 0.034815
37.1172 39.8604 21.4289 -0.0552239 -0.997903 0.0337734
36.5295 39.9176 22.2893 -0.0482514 -0.99832 0.0319836
35.9836 39.9695 23.0365 -0.0439045 -0.998521 0.0317182
35.2481 40.0263 23.9779 -0.0392602 -0.998705 0.0321718
34.583 40.0794 24.8562 -0.0320397 -0.998953 0.0326441
33.9279 40.1288 25.7643 -0.0300023 -0.999115 0.0294965
33.3634 40.1682 26.525 -0.0278968 -0.99906 0.0329231
32.7261 40.2074 27.2935 -0.0229475 -0.999274 0.0304213
31.9184 40.2518 28.2447 -0.0171702 -0.999434 0.0288172
31.2401 40.2853 28.9651 -0.0132576 -0.999505 0.0285249
30.5349 40.3131 29.6115 -0.013198 -0.999456 0.0301818
29.7949 40.3402 30.2286 -0.0133226 -0.99952 0.0279599
29.0397 40.3645 30.8477 -0.00937033 -0.999648 0.0248408
28.2163 40.3891 31.5099 -0.00614431 -0.999652 0.0256672
27.1319 40.4155 32.3382 -0.00331743 -0.999618 0.027297
26.0056 40.4416 33.148 -0.000723254 -0.999594 0.0284943
25.0337 40.4625 33.9405 0.00247547 -0.999663 0.0258522
24.1919 40.4793 34.6194 0.0057751 -0.999537 0.0298043
23.3871 40.4894 35.1623 0.00763139 -0.999524 0.0298862
22.2223 40.5006 35.8385 0.00872328 -0.999503 0.0303027
21.3439 40.5097 36.3787 0.00784296 -0.999581 0.0278073
20.1531 40.5142 36.9374 0.00921474 -0.99957 0.0278416
19.2131 40.5195 37.3543 0.00648894 -0.999547 0.0293582
18.29 40.5247 37.7807 0.00915026 -0.999524 0.0294539
17.2756 40.5263 38.1739 0.0110669 -0.99956 0.0274189
15.9538 40.5265 38.6572 0.0109282 -0.999508 0.0293899
14.8186 40.5296 39.1556 0.00933688 -0.999566 0.027905
13.9415 40.5332 39.5393 0.00936652 -0.999534 0.0290354
12.885 40.533 39.9 0.010495 -0.999528 0.0288855
11.8178 40.5312 40.2197 0.00982587 -0.999565 0.0278065
10.9261 40.5285 40.4496 0.0102445 -0.999564 0.0276941
9.99175 40.5244 40.6146 0.00767226 -0.999664 0.024685
8.85857 40.521 40.7797 0.00676223 -0.99963 0.0263301
7.66714 40.5199 40.9382 0.00583396 -0.999645 0.02595
6.36772 40.5149 41.1066 0.0074952 -0.999618 0.0266052
5.06226 40.5124 41.2397 0.00338964 -0.999654 0.0260744
3.80989 40.5098 41.4124 0.00682257 -0.999641 0.0259053
2.50054 40.5121 41.4898 0.00133868 -0.999653 0.0259775
1.15236 40.5075 41.5811 0.00488397 -0.999676 0.0249691
0.232829 40.5028 41.5969 0.00556784 -0.999677 0.0247889
-1.0372 40.4992 41.5867 -0.000987678 -0.999686 0.0250195
-2.16046 40.4974 41.4826 0.00232285 -0.999605 0.0280028
-3.16979 40.4899 41.2999 0.00205934 -0.9996 0.0282157
-4.14882 40.4848 41.1379 -9.65421e-05 -0.99973 0.0232477
-5.09414 40.4802 41.0178 0.0049114 -0.999717 0.0232966
-5.99448 40.4734 40.91 0.00126957 -0.999717 0.0235428
-7.15179 40.4718 40.7603 -0.00210405 -0.999705 0.0241811
-8.25246 40.4695 40.6175 -0.00038677 -0.999732 0.023155
-9.29845 40.4616 40.4181 0.00205637 -0.999589 0.0285818
-10.5939 40.453 40.0753 -0.00310715 -0.999695 0.0245152
-11.5579 40.4457 39.7856 0.00304151 -0.999708 0.023985
-12.5031 40.4364 39.4887 0.0024055 -0.999762 0.0216632
-13.871 40.4214 38.9491 0.00127588 -0.999817 0.0188181
-15.0282 40.4065 38.4264 0.00407909 -0.999801 0.0195058
-15.8668 40.3937 38.0783 0.00566312 -0.999732 0.0224357
-16.7083 40.3817 37.7532 0.0034038 -0.999804 0.019076
-17.7534 40.3682 37.301 0.00865441 -0.99982 0.0168919
-18.9423 40.3497 36.7776 0.00609657 -0.999802 0.018966
-19.8739 40.3361 36.3689 0.00639572 -0.999798 0.0190562
-21.1186 40.3134 35.6709 0.0116482 -0.999767 0.0181613
-21.9132 40.2946 35.129 0.00963346 -0.999727 0.0212884
-22.7635 40.2741 34.5137 0.00973853 -0.999757 0.0197652
-23.6493 40.2536 33.8785 0.00887658 -0.999784 0.0188123
-24.5382 40.2309 33.2281 0.0128243 -0.999758 0.0177982
-25.3535 40.2094 32.6008 0.0172795 -0.999683 0.0182918
-26.2639 40.1818 31.923 0.017828 -0.999701 0.0166911
-27.4242 40.1434 30.9817 0.0197552 -0.999652 0.0175008
-28.3978 40.1082 30.142 0.0230037 -0.99959 0.017072
-29.2031 40.0742 29.3441 0.0257173 -0.999475 0.0197079
-29.8556 40.0439 28.6893 0.025691 -0.999451 0.0209224
-30.7089 40.0013 27.7425 0.0300549 -0.99933 0.0208704
-31.3726 39.9653 26.9308 0.0324462 -0.999278 0.019525
-31.9611 39.9295 26.2019 0.0353664 -0.999166 0.0204212
-32.7802 39.8764 25.1413 0.0400456 -0.99897 0.0213201
-33.3381 39.8377 24.3757 0.0420599 -0.998875 0.0218159
-34.0038 39.7874 23.4295 0.0440342 -0.998789 0.0219409
-34.6911 39.734 22.5107 0.049345 -0.998521 0.0228238
-35.2859 39.685 21.7112 0.0535743 -0.998283 0.0236476
-36.0899 39.6101 20.4605 0.0577868 -0.997984 0.0262574
-36.5157 39.5672 19.6688 0.0625888 -0.997729 0.0244907
-37.1915 39.4866 18.2755 0.066765 -0.997481 0.0239517
-37.8324 39.4042 16.8936 0.0730562 -0.997043 0.0238197
-38.2094 39.3496 16.0447 0.0803893 -0.996385 0.0274066
-38.6488 39.285 15.0241 0.0841358 -0.996004 0.0299391
-39.1814 39.1975 13.7404 0.0884934 -0.99551 0.0335828
-39.6002 39.129 12.7034 0.0982907 -0.994735 0.0287896
-39.9371 39.0692 11.8691 0.101602 -0.994366 0.0302323
-40.209 39.0154 10.9482 0.105319 -0.994017 0.028561
-40.3794 38.9691 10.0542 0.109371 -0.993558 0.0296729
-40.5638 38.9138 8.84271 0.112038 -0.993244 0.0300569
-40.8078 38.8554 7.64344 0.11845 -0.992686 0.0233453
-41.0133 38.8064 6.62061 0.120827 -0.99245 0.020753
-41.2304 38.7541 5.4088 0.12703 -0.991688 0.0204307
-41.3366 38.7248 4.43658 0.130978 -0.991302 0.012842
-41.4679 38.692 3.41124 0.134172 -0.990862 0.0138222
-41.6799 38.649 2.23637 0.134522 -0.990857 0.0100962
-41.796 38.6262 1.18804 0.134344 -0.990918 0.00572516
-41.8355 38.6178 0.0649544 0.135796 -0.990737 0.000160143
-41.8173 38.6211 -1.1577 0.135594 -0.990757 -0.00328483
-41.6252 38.6563 -2.62368 0.136218 -0.99065 -0.00757965
-41.4879 38.6854 -3.68158 0.132364 -0.991155 -0.0096088
-41.2693 38.7334 -5.21613 0.128667 -0.991574 -0.0150545
-41.1174 38.7675 -6.12963 0.123015 -0.992225 -0.0187608
-40.914 38.8158 -7.37089 0.12044 -0.992547 -0.0185362
-40.7129 38.869 -8.58805 0.115798 -0.992942 -0.0256123
-40.3487 38.956 -10.3648 0.111325 -0.99339 -0.0279825
-40.0797 39.0084 -11.3447 0.104031 -0.994156 -0.0288252
-39.7214 39.0775 -12.4359 0.0996415 -0.994657 -0.0265227
-39.412 39.1291 -13.2919 0.0921142 -0.995369 -0.0274904
-39.0631 39.1851 -14.1338 0.0887815 -0.995628 -0.0287608
-38.4189 39.2783 -15.5569 0.0848574 -0.995941 -0.0298343
-37.9844 39.3417 -16.5902 0.0772373 -0.996636 -0.0274201
-37.5726 39.3971 -17.4958 0.0764544 -0.996746 -0.025538
-38.4839 39.3351 -17.6863 0.0718176 -0.996995 -0.0290235
-38.8729 39.2785 -16.8392 0.0793425 -0.996468 -0.0274832
-39.3606 39.2043 -15.7279 0.0842668 -0.995894 -0.03307
-39.8451 39.129 -14.6571 0.092115 -0.995268 -0.0309232
-40.351 39.0456 -13.4144 0.0963121 -0.994877 -0.0302923
-40.659 38.9858 -12.5519 0.100535 -0.994414 -0.0321244
-41.0068 38.9153 -11.4253 0.10441 -0.993986 -0.0327658
-41.3112 38.8478 -10.3534 0.11122 -0.993401 -0.0280068
-41.5108 38.7975 -9.36076 0.114222 -0.992978 -0.030527
-41.7325 38.7287 -7.91788 0.122652 -0.992094 -0.0265675
-41.9016 38.6832 -6.91615 0.123536 -0.992104 -0.0213883
-42.0466 38.6444 -5.91741 0.126985 -0.991689 -0.0206852
-42.2369 38.6024 -4.88385 0.129525 -0.991445 -0.0161375
-42.3622 38.5714 -3.96565 0.133134 -0.991041 -0.0105601
-42.5319 38.5313 -2.54972 0.13697 -0.990512 -0.0111313
-42.7181 38.4975 -1.36724 0.140224 -0.990107 -0.00506139
-42.756 38.4885 -0.366237 0.141585 -0.989926 -0.000511087
-42.7048 38.4972 0.915024 0.140694 -0.990044 0.00402058
-42.6115 38.5206 2.26907 0.138782 -0.990256 0.0115249
-42.4098 38.5609 3.23098 0.137937 -0.990338 0.0141083
-42.197 38.6128 4.62629 0.135882 -0.990513 0.0200684
-42.1153 38.6446 5.60199 0.129843 -0.991313 0.0207766
-41.9166 38.6973 6.73365 0.123162 -0.992047 0.0259645
-41.6085 38.7746 8.18861 0.119701 -0.99238 0.0292016
-41.4257 38.8285 9.29688 0.114818 -0.992891 0.0313593
-41.2695 38.8807 10.3347 0.107506 -0.993563 0.035465
-41.0876 38.9332 11.3261 0.103833 -0.99403 0.0335219
-40.8131 38.9943 12.2676 0.097948 -0.994682 0.0318507
-40.2065 39.0998 13.6031 0.0951145 -0.99483 0.0354425
-39.8051 39.1679 14.5204 0.0926194 -0.995127 0.0338233
-39.4396 39.2285 15.4288 0.0867234 -0.995756 0.0308125
-38.985 39.3027 16.5495 0.0785853 -0.99647 0.0295309
-38.6003 39.3582 17.3983 0.0779439 -0.99643 0.0322986
-38.1611 39.4186 18.3271 0.070159 -0.997106 0.0292712
-37.6471 39.4868 19.4217 0.0617629 -0.997647 0.029769
-37.1216 39.5512 20.4732 0.0590485 -0.997831 0.0289013
-36.5566 39.6103 21.481 0.0563385 -0.998017 0.02804
-35.9563 39.6655 22.3606 0.0508885 -0.998367 0.0259474
-35.4001 39.7118 23.0667 0.0472935 -0.998559 0.0252124
-34.6186 39.7754 24.1153 0.0467255 -0.998643 0.0228169
-33.7213 39.8442 25.3973 0.039626 -0.998864 0.0264553
-33.1487 39.885 26.1562 0.0363212 -0.999009 0.0257285
-32.5098 39.928 26.9651 0.0318455 -0.999204 0.0240318
-31.7226 39.9766 27.9399 0.0300217 -0.999272 0.0234552
-30.7991 40.0272 29.0189 0.0281705 -0.999343 0.0227963
-29.9574 40.0661 29.8818 0.0241098 -0.999506 0.0201456
-29.2948 40.0954 30.5553 0.022113 -0.99956 0.0197642
-28.607 40.1236 31.2092 0.0212706 -0.999601 0.0185281
-27.7083 40.1547 31.9538 0.0190935 -0.999597 0.0207128
-26.8528 40.1861 32.6517 0.0175135 -0.999575 0.0233171
-25.9287 40.2144 33.3406 0.0145607 -0.999667 0.0212694
-25.1857 40.2356 33.8837 0.0116736 -0.999721 0.0205188
-24.3223 40.2584 34.5062 0.010076 -0.999694 0.0225834
-23.3839 40.2821 35.1911 0.00914972 -0.999739 0.0209372
-22.5603 40.3027 35.7972 0.00988228 -0.999716 0.0216882
-21.4395 40.3297 36.5798 0.00809276 -0.999722 0.0221327
-20.3487 40.3498 37.2036 0.00344557 -0.999767 0.021288
-19.184 40.3671 37.6826 0.00772971 -0.999669 0.0245342
-17.932 40.3872 38.228 0.00352317 -0.999714 0.0236495
-16.8625 40.4029 38.6899 0.00445432 -0.999684 0.0247311
-15.978 40.4146 39.0061 0.00485856 -0.999663 0.0254896
-15.1437 40.4265 39.3496 0.00378002 -0.999684 0.0248539
-13.859 40.4473 39.9577 0.00469571 -0.999662 0.0255753
-12.4897 40.4613 40.4579 0.00038198 -0.999615 0.0277301
-11.4992 40.4697 40.7514 0.000170455 -0.999574 0.0291712
-10.5714 40.4774 41.0323 -0.000516867 -0.999565 0.0294945
-9.46029 40.4876 41.334 0.00202484 -0.999582 0.0288374
-8.47411 40.4939 41.5322 -0.000679594 -0.999594 0.0284717
-7.29753 40.4966 41.6677 -0.00160995 -0.999609 0.0279005
-6.27141 40.4984 41.7876 0.000377876 -0.999562 0.0295783
-5.26438 40.5034 41.9165 0.00326386 -0.999615 0.0275649
-3.86831 40.5115 42.1036 0.00137978 -0.999601 0.0282131
-2.46995 40.5222 42.3911 0.00206498 -0.999543 0.0301036
-1.536 40.525 42.4932 -0.00104815 -0.999503 0.0315132
-0.260679 40.5256 42.5271 0.00254573 -0.999485 0.0319474
1.24577 40.5318 42.5221 0.00525673 -0.999468 0.0321555
2.16684 40.5353 42.4713 0.00557271 -0.999658 0.0255547
3.08738 40.5354 42.4293 0.00458127 -0.999465 0.0323892
4.22341 40.5375 42.2763 0.00747784 -0.999481 0.0313412
5.45764 40.5383 42.0912 0.00387194 -0.999475 0.0321723
6.40919 40.541 42.0114 0.00750394 -0.999472 0.03161
7.412 40.5449 41.8984 0.00640979 -0.999469 0.0319304
8.48106 40.5454 41.7293 0.00622192 -0.999445 0.0327132
9.78275 40.5513 41.5697 0.00900177 -0.999473 0.0312003
10.7784 40.5578 41.4423 0.00962286 -0.999415 0.0328083
11.9576 40.5599 41.1518 0.0104948 -0.999378 0.0336811
13.1539 40.5613 40.7812 0.0104979 -0.999527 0.0288848
14.0416 40.5627 40.5045 0.0113082 -0.999491 0.0298214
14.8858 40.5605 40.1575 0.00960249 -0.999477 0.0308837
15.8094 40.5562 39.7071 0.0107609 -0.999462 0.03097
16.6957 40.5549 39.3474 0.0107143 -0.999509 0.0294475
17.7977 40.5555 38.9743 0.0106381 -0.999504 0.029627
18.8604 40.5519 38.5248 0.00907659 -0.999514 0.029824
19.7006 40.5458 38.1196 0.00978828 -0.999373 0.0340128
20.6436 40.5413 37.7171 0.0102328 -0.999439 0.0317938
21.5476 40.5388 37.3022 0.00983105 -0.999509 0.0297324
22.3993 40.5316 36.8079 0.00877938 -0.999508 0.0301205
23.3199 40.523 36.2819 0.0072553 -0.999505 0.0306125
24.1392 40.5152 35.8339 0.00744333 -0.999515 0.0302493
25.1669 40.4951 35.0228 0.00366874 -0.999542 0.0300343
26.0649 40.4749 34.2551 0.0014332 -0.999473 0.0322876
27.1524 40.4496 33.4764 -0.00199072 -0.999571 0.0291934
28.0661 40.4267 32.8045 -0.00302843 -0.999546 0.0299805
29.1099 40.3956 31.9649 -0.00566835 -0.999465 0.03221
29.947 40.3696 31.2802 -0.00801047 -0.999491 0.0308213
30.9343 40.336 30.4943 -0.0113963 -0.999458 0.0308103
31.7053 40.3038 29.8035 -0.0127346 -0.999407 0.0319989
32.6328 40.2583 28.8215 -0.0156704 -0.999373 0.0317621
33.6522 40.1976 27.5942 -0.0227115 -0.999205 0.0326831
34.5219 40.1372 26.4969 -0.0277025 -0.998959 0.036193
35.256 40.0764 25.4915 -0.0338338 -0.998782 0.0357061
36.0428 40.0132 24.471 -0.038423 -0.998634 0.0354118
36.7017 39.9562 23.625 -0.0447051 -0.998296 0.0374729
37.2764 39.9018 22.8304 -0.0450116 -0.998347 0.0357309
37.8658 39.8397 21.9907 -0.0526266 -0.997999 0.0350528
38.6835 39.7392 20.6035 -0.0624232 -0.997298 0.0386357
39.0906 39.6839 19.8019 -0.0674079 -0.996891 0.0407902
39.5315 39.6165 18.8822 -0.0683753 -0.996894 0.0390254
39.9339 39.5548 18.0713 -0.075332 -0.996343 0.040311
40.4939 39.4594 16.8344 -0.0804618 -0.995954 0.0397016
40.9109 39.3894 15.8773 -0.0858201 -0.995552 0.0388753
41.3954 39.3076 14.8539 -0.0886664 -0.995316 0.0384283
41.9525 39.1999 13.6074 -0.103683 -0.993819 0.0396575
42.4324 39.1049 12.5841 -0.107514 -0.993447 0.038553
42.7941 39.0256 11.5937 -0.113736 -0.992609 0.0423147
43.1415 38.9249 10.2527 -0.126726 -0.991252 0.0367839
43.3373 38.8604 9.17911 -0.129419 -0.990857 0.0381088
43.5045 38.8023 8.25244 -0.140135 -0.989661 0.0305523
43.7057 38.7417 7.21039 -0.141991 -0.989316 0.0329208
43.8727 38.6812 6.03022 -0.145579 -0.988966 0.0274242
44.0815 38.6168 4.63542 -0.156595 -0.987534 0.0159417
44.2479 38.5726 3.61148 -0.159934 -0.986981 0.0167549
44.3803 38.5375 2.64817 -0.162818 -0.986506 0.0168796
44.5156 38.501 1.55754 -0.170662 -0.985297 0.0079918
44.6027 38.4808 0.0247732 -0.168241 -0.985741 0.00306559
44.5461 38.5027 -1.47438 -0.164327 -0.986305 -0.0135359
44.4484 38.5349 -2.39659 -0.161869 -0.986679 -0.0161546
44.221 38.5946 -3.71854 -0.155981 -0.987597 -0.0175427
43.9092 38.669 -5.06899 -0.154755 -0.987708 -0.0219818
43.7451 38.7308 -6.46695 -0.153878 -0.987681 -0.0284089
43.6469 38.7711 -7.43529 -0.136711 -0.990061 -0.0329158
43.4855 38.827 -8.40091 -0.135215 -0.990207 -0.0347327
43.237 38.8957 -9.47961 -0.132292 -0.990626 -0.0339449
42.9868 38.9638 -10.5903 -0.127598 -0.991382 -0.0296606
42.7349 39.0233 -11.5737 -0.114241 -0.993125 -0.0254468
42.4518 39.0824 -12.5127 -0.111356 -0.993344 -0.0294474
42.1641 39.1404 -13.372 -0.111497 -0.993313 -0.0299783
41.8001 39.2071 -14.2627 -0.0995217 -0.994668 -0.0268512
41.3353 39.281 -15.2597 -0.0955776 -0.99498 -0.0296723
40.9675 39.3358 -16.0883 -0.0917197 -0.995511 -0.0233644
40.4715 39.4058 -17.1851 -0.0838017 -0.996294 -0.0193937
40.0392 39.4601 -18.1139 -0.0803036 -0.996625 -0.0166018
39.5088 39.5226 -19.2189 -0.0755305 -0.996923 -0.020947
38.9797 39.5788 -20.2665 -0.0677862 -0.997566 -0.0161645
38.5524 39.622 -21.1686 -0.0618659 -0.997993 -0.013489
38.0572 39.6607 -22.1291 -0.0530461 -0.998567 -0.00705903
37.5839 39.6909 -22.9024 -0.0524727 -0.998609 -0.00480944
36.9681 39.7279 -23.7607 -0.05025 -0.998723 -0.00481787
36.3843 39.7591 -24.4487 -0.0503338 -0.998728 -0.00302977
35.6507 39.7955 -25.2816 -0.0456231 -0.998958 -0.000620071
35.0997 39.8219 -25.9971 -0.0455626 -0.99896 -0.00179648
34.5814 39.8419 -26.7334 -0.0372125 -0.999306 0.00175363
34.0349 39.8611 -27.4634 -0.0325434 -0.999462 0.00401937
33.3362 39.8806 -28.2673 -0.032498 -0.999465 0.00371156
32.7468 39.8964 -28.98 -0.0316157 -0.99949 0.00443061
31.9977 39.9146 -29.8667 -0.02931 -0.999548 0.00670273
31.2944 39.9301 -30.6403 -0.030491 -0.99951 0.00690633
30.5642 39.9448 -31.3124 -0.0280517 -0.999569 0.00866516
29.8503 39.9587 -31.8912 -0.0251486 -0.999637 0.00961641
29.0636 39.9729 -32.4727 -0.0235873 -0.999671 0.00996295
27.8436 39.9913 -33.3526 -0.0217239 -0.999718 0.00953024
27.0753 40.0011 -33.9508 -0.019603 -0.999742 0.0114379
26.2296 40.0107 -34.618 -0.0190732 -0.999778 0.00893871
25.3963 40.0208 -35.2538 -0.0197237 -0.999749 0.0105605
24.5164 40.0307 -35.9187 -0.0180931 -0.999802 0.00824107
23.6327 40.0411 -36.5832 -0.017599 -0.999814 0.00793031
22.8742 40.049 -37.0864 -0.0161299 -0.999825 0.00949299
21.8932 40.0598 -37.5749 -0.0154536 -0.999836 0.00947539
20.9318 40.0728 -37.9726 -0.0157998 -0.999869 0.00352216
19.9932 40.0858 -38.3614 -0.0146165 -0.999887 0.00355054
18.856 40.1003 -38.8949 -0.0144527 -0.999894 0.0016795
17.9815 40.1122 -39.2936 -0.0147392 -0.999891 0.000930604
17.1196 40.1241 -39.6404 -0.012192 -0.999926 -5.05614e-05
15.8459 40.1408 -40.1219 -0.0131721 -0.99991 -0.00253456
14.8142 40.1548 -40.5347 -0.0140355 -0.999898 -0.000794699
13.7051 40.1722 -40.9495 -0.0139833 -0.999892 -0.00459699
12.6714 40.1874 -41.2915 -0.012785 -0.999906 -0.00500824
11.1749 40.2044 -41.6388 -0.00836773 -0.999949 -0.00573584
9.73846 40.2202 -41.7969 -0.00992693 -0.999923 -0.00741089
8.76754 40.2305 -41.8986 -0.00779663 -0.999929 -0.0090508
7.4675 40.2438 -42.035 -0.010953 -0.99988 -0.0109687
6.04953 40.2622 -42.2359 -0.0115619 -0.999861 -0.0120004
4.93602 40.2767 -42.4309 -0.0105482 -0.999868 -0.0123341
3.52132 40.2942 -42.6123 -0.0106331 -0.999856 -0.012996
2.26817 40.3068 -42.6835 -0.00927177 -0.999846 -0.0148946
1.29695 40.3182 -42.7596 -0.0100172 -0.999782 -0.0182535
0.29406 40.3276 -42.7879 -0.00998042 -0.999754 -0.0197333
-0.895062 40.3408 -42.7471 -0.0121487 -0.99973 -0.0198327
-2.04858 40.3513 -42.6349 -0.00988915 -0.999752 -0.0199312
-3.27632 40.3585 -42.4504 -0.00756453 -0.999746 -0.0212149
-4.41259 40.3628 -42.2429 -0.00776234 -0.999746 -0.0211781
-5.7188 40.3699 -42.0233 -0.00982712 -0.999751 -0.0200219
-7.07474 40.3797 -41.8577 -0.0095291 -0.999753 -0.0200896
-8.34848 40.3889 -41.7402 -0.00961325 -0.999697 -0.0225755
-9.74046 40.3969 -41.5189 -0.00848044 -0.999675 -0.0240158
-10.6192 40.3992 -41.2909 -0.00743832 -0.999685 -0.023943
-11.9937 40.3989 -40.8985 -0.00779649 -0.99965 -0.0252783
-13.1482 40.3969 -40.4578 -0.00787611 -0.99965 -0.0252694
-14.4386 40.391 -39.8708 -0.00691751 -0.999651 -0.0254937
-15.2637 40.3859 -39.4524 -0.00681867 -0.99965 -0.0255793
-16.2117 40.3807 -39.0244 -0.0047759 -0.999623 -0.0270529
-17.1227 40.3769 -38.7173 -0.00442917 -0.999629 -0.026876
-18.5132 40.3669 -38.1468 -0.00387951 -0.999624 -0.0271282
-19.3807 40.355 -37.6898 0.000341799 -0.999603 -0.0281769
-20.2916 40.343 -37.2638 -0.000190251 -0.999652 -0.0263764
-21.4955 40.3273 -36.6002 -0.00110869 -0.999608 -0.0279405
-22.4112 40.3103 -35.9514 -0.000766355 -0.99967 -0.0256873
-23.4279 40.2877 -35.2206 0.00395321 -0.999602 -0.0278951
-24.3649 40.2649 -34.5786 0.00632947 -0.999551 -0.0292488
-25.195 40.2402 -33.9386 0.00733527 -0.999586 -0.0278072
-26.094 40.2139 -33.1652 0.00878637 -0.999625 -0.0257225
-27.2131 40.18 -32.3615 0.0145302 -0.999549 -0.0260065
-28.0507 40.1495 -31.7997 0.0162767 -0.999461 -0.0284319
-28.7772 40.1195 -31.2316 0.0188217 -0.999348 -0.0308029
-29.4279 40.0855 -30.5449 0.0222793 -0.999264 -0.0312129
-30.4711 40.0337 -29.4856 0.0233271 -0.999419 -0.0248541
-31.1975 39.9926 -28.6956 0.0269534 -0.999267 -0.0271643
-31.9317 39.9459 -27.7585 0.0291411 -0.999202 -0.0273135
-32.6212 39.8999 -26.8671 0.033414 -0.999069 -0.0272959
-33.2508 39.855 -26.045 0.034345 -0.998996 -0.028777
-34.0101 39.8015 -25.0902 0.0397274 -0.998789 -0.0290387
-34.67 39.7511 -24.3049 0.0448732 -0.998543 -0.0297774
-35.285 39.7034 -23.5823 0.0467459 -0.998521 -0.0277228
-35.9564 39.6431 -22.6213 0.0517988 -0.998181 -0.0307793
-36.5854 39.576 -21.5058 0.0571692 -0.997928 -0.0294121
-37.1469 39.5128 -20.5671 0.0613223 -0.997596 -0.0322888
-37.6315 39.4516 -19.5596 0.0658583 -0.997435 -0.0280417
-38.1062 39.386 -18.4836 0.0719996 -0.996926 -0.0308864
-38.2419 39.3674 -18.1972 0.071815 -0.996996 -0.0290219
-39.1369 39.3091 -18.4007 0.0697503 -0.996904 -0.0361718
-38.6124 39.3857 -19.5527 0.0667347 -0.997126 -0.0358566
-38.17 39.451 -20.6048 0.0637662 -0.997411 -0.0331668
-37.6766 39.5115 -21.5088 0.0579731 -0.997648 -0.0365764
-37.2403 39.5645 -22.3138 0.0567788 -0.997842 -0.0329755
-36.5726 39.6341 -23.4003 0.0495033 -0.998272 -0.0315117
-35.7083 39.7124 -24.5101 0.0470448 -0.998369 -0.0323533
-34.9532 39.7724 -25.4035 0.0404416 -0.998753 -0.0292679
-34.2108 39.8288 -26.3289 0.038389 -0.998883 -0.0275562
-33.619 39.8726 -27.095 0.036367 -0.998939 -0.0281666
-32.8565 39.9258 -28.0293 0.0313922 -0.999017 -0.0312869
-32.117 39.9755 -28.977 0.0273459 -0.999221 -0.0284566
-31.2944 40.0254 -29.9607 0.0255511 -0.999221 -0.0299613
-30.6677 40.0608 -30.6372 0.0222567 -0.999266 -0.0311929
-29.9643 40.099 -31.359 0.0222942 -0.999263 -0.0312343
-29.0555 40.1443 -32.1964 0.01911 -0.999319 -0.0315677
-28.2688 40.1746 -32.7585 0.0145036 -0.99946 -0.0294777
-27.4425 40.2033 -33.303 0.0110289 -0.999465 -0.0307341
-26.5679 40.2308 -33.9421 0.00829596 -0.999524 -0.0297001
-25.8143 40.2554 -34.6232 0.00616255 -0.999568 -0.0287489
-25.0563 40.279 -35.2271 0.00760871 -0.999516 -0.0301514
-24.131 40.3032 -35.8682 0.0048797 -0.999531 -0.0302248
-23.3296 40.3212 -36.4167 0.00105618 -0.999593 -0.0284907
-22.4429 40.3415 -37.1045 2.42468e-06 -0.999588 -0.0286996
-21.5942 40.3556 -37.6238 -0.00228325 -0.999584 -0.0287326
-20.7508 40.3671 -38.0652 -0.00242081 -0.999549 -0.0299151
-19.9199 40.3764 -38.4524 -0.00119441 -0.999578 -0.028956
-19.0918 40.3883 -38.9058 -0.00201585 -0.999523 -0.0308207
-18.0484 40.3988 -39.3702 -0.00461971 -0.999571 -0.0289092
-16.9467 40.4041 -39.7541 -0.00520217 -0.999608 -0.0275091
-15.9073 40.4092 -40.1799 -0.00718892 -0.999642 -0.0257623
-14.7954 40.4165 -40.74 -0.00763662 -0.999577 -0.0280576
-13.9713 40.4213 -41.1221 -0.00709509 -0.999589 -0.0277716
-12.5803 40.4233 -41.6814 -0.00868208 -0.999631 -0.0257271
-11.6346 40.423 -41.9517 -0.00800362 -0.999564 -0.0284318
-10.107 40.4215 -42.3898 -0.0103184 -0.999545 -0.0283334
-8.96593 40.4165 -42.6068 -0.0105441 -0.999649 -0.0243142
-7.90013 40.4074 -42.6959 -0.0105639 -0.99965 -0.0242744
-6.72916 40.3963 -42.8167 -0.0116918 -0.999624 -0.0247908
-5.55795 40.3893 -42.9729 -0.00862461 -0.99969 -0.0233688
-4.65642 40.3847 -43.134 -0.00948198 -0.999689 -0.0230517
-3.1507 40.3764 -43.3917 -0.00928716 -0.999707 -0.0223334
-1.57039 40.3647 -43.5885 -0.0109333 -0.999758 -0.0191017
-0.0204157 40.3498 -43.7047 -0.011218 -0.999759 -0.0188597
0.933818 40.3383 -43.6746 -0.0117991 -0.999773 -0.0177488
1.88296 40.3265 -43.6089 -0.0112393 -0.999785 -0.0174088
2.82428 40.3148 -43.5587 -0.0128852 -0.999767 -0.0172888
3.74279 40.3015 -43.5142 -0.0128477 -0.999808 -0.0143765
4.76934 40.2895 -43.3835 -0.00777907 -0.999854 -0.0151852
5.66922 40.2787 -43.2122 -0.0120735 -0.999832 -0.0137806
7.00828 40.2598 -43.0008 -0.0121921 -0.999833 -0.0135863
8.41446 40.2424 -42.8528 -0.0122379 -0.999851 -0.0120805
9.95947 40.2246 -42.6935 -0.0101517 -0.99992 -0.00753321
11.5032 40.207 -42.5213 -0.0113445 -0.999913 -0.00663597
12.9878 40.1877 -42.1596 -0.0116104 -0.999919 -0.00521523
13.8624 40.1741 -41.8587 -0.013964 -0.999892 -0.00458619
14.8458 40.1586 -41.4654 -0.0138416 -0.999893 -0.00464032
15.7735 40.1443 -41.1038 -0.0131721 -0.99991 -0.00253458
17.2513 40.1225 -40.5509 -0.0129897 -0.999914 -0.0012723
18.1085 40.1102 -40.2228 -0.0148189 -0.99989 -0.000233628
19.0598 40.0959 -39.7951 -0.0151974 -0.999883 0.000451478
20.3821 40.0777 -39.1725 -0.0157966 -0.999873 0.00166752
21.2769 40.0639 -38.8092 -0.0163323 -0.999861 0.00333482
22.3182 40.049 -38.3814 -0.0156204 -0.999868 0.00444731
23.492 40.0334 -37.8186 -0.0153053 -0.999872 0.00457858
24.2275 40.025 -37.2949 -0.0179076 -0.999808 0.00795727
24.9599 40.0163 -36.715 -0.0182162 -0.999802 0.0079843
25.9822 40.0037 -35.943 -0.0189711 -0.999785 0.00834113
26.7312 39.9943 -35.3817 -0.0190734 -0.999778 0.00893178
27.9515 39.9793 -34.4083 -0.0207055 -0.999749 0.00850648
28.8444 39.9653 -33.7597 -0.021711 -0.999727 0.00858497
29.8851 39.948 -33.0028 -0.0233852 -0.999694 0.00800746
30.9438 39.9283 -32.2192 -0.0255167 -0.999649 0.00707992
31.6216 39.9148 -31.6068 -0.0280689 -0.999586 0.00628363
32.6111 39.8929 -30.5847 -0.0288857 -0.999568 0.00539263
33.3544 39.8744 -29.6868 -0.030995 -0.999514 0.00331302
34.1305 39.8532 -28.7646 -0.0324528 -0.999467 0.00340344
34.9855 39.8256 -27.7693 -0.0370898 -0.999311 0.00119914
35.6717 39.7987 -26.7665 -0.0427544 -0.999081 -0.00262425
36.4143 39.763 -25.7799 -0.0436015 -0.999041 -0.00400225
37.0812 39.7278 -25.0359 -0.0462534 -0.998891 -0.0088433
37.7437 39.6914 -24.2777 -0.050255 -0.998723 -0.0048155
38.4276 39.6485 -23.2654 -0.0533984 -0.998552 -0.00652614
39.0852 39.6007 -22.1191 -0.0627254 -0.997972 -0.0108271
39.6778 39.5439 -20.9559 -0.0706355 -0.99734 -0.0179687
40.2798 39.4767 -19.7906 -0.0743007 -0.99698 -0.0225957
40.7151 39.4247 -18.9027 -0.0784372 -0.996641 -0.023526
41.2202 39.3561 -17.7574 -0.0788464 -0.996539 -0.0263445
41.6189 39.3003 -16.8858 -0.0919162 -0.995354 -0.0284934
42.0245 39.2361 -15.9828 -0.0975567 -0.994735 -0.0311326
42.5948 39.1417 -14.8019 -0.101777 -0.994382 -0.0290942
43.1408 39.0333 -13.4564 -0.109094 -0.993458 -0.0334778
43.4485 38.9658 -12.4784 -0.12481 -0.99162 -0.0333391
43.701 38.9048 -11.6074 -0.124736 -0.991641 -0.0330099
43.9128 38.8471 -10.6735 -0.126168 -0.991512 -0.0313316
44.1561 38.7776 -9.56321 -0.130516 -0.990793 -0.03598
44.4086 38.6971 -8.49109 -0.151199 -0.987704 -0.0396413
44.5649 38.6383 -7.57109 -0.151909 -0.987781 -0.0347165
44.6399 38.5961 -6.6287 -0.152365 -0.987856 -0.0303197
44.739 38.5534 -5.5959 -0.152222 -0.988038 -0.0246813
44.894 38.5044 -4.6615 -0.166737 -0.985624 -0.0272485
45.1434 38.4399 -3.57489 -0.172479 -0.984859 -0.0174542
45.2993 38.394 -2.67919 -0.180733 -0.983314 -0.0199665
45.4473 38.3459 -1.34101 -0.182518 -0.9831 -0.0141468
45.4957 38.3283 -0.283089 -0.185477 -0.982632 -0.00564962
45.4605 38.3342 0.967433 -0.183924 -0.982934 0.00353762
45.3701 38.3551 1.87308 -0.182195 -0.983127 0.0156296
45.2099 38.4093 3.1579 -0.162814 -0.986506 0.0168822
45.0518 38.4571 4.3748 -0.173841 -0.984546 0.0205037
44.8523 38.5076 5.39413 -0.156764 -0.987238 0.0263726
44.7203 38.571 6.55621 -0.151613 -0.987905 0.0316605
44.5393 38.6353 7.68508 -0.156646 -0.987049 0.0344147
44.3514 38.6946 8.64507 -0.141757 -0.989228 0.0360664
44.1453 38.7755 9.799 -0.138229 -0.989406 0.0442568
43.9629 38.8437 10.8286 -0.131268 -0.990522 0.0399203
43.6978 38.9203 11.8042 -0.125681 -0.990992 0.0462412
43.3474 39.0176 12.9037 -0.119553 -0.99176 0.0453559
42.7108 39.1443 14.2148 -0.111605 -0.992616 0.0471078
42.2513 39.2365 15.1734 -0.100334 -0.993859 0.0466643
41.7876 39.3211 16.1515 -0.0891339 -0.995078 0.042955
41.4187 39.3923 16.99 -0.0829761 -0.995601 0.0435097
41.004 39.4689 17.9516 -0.0819172 -0.995612 0.045199
40.4543 39.5615 19.1015 -0.0718293 -0.996367 0.0457426
39.828 39.6569 20.3651 -0.067127 -0.996808 0.0431261
39.3946 39.7228 21.2606 -0.0591884 -0.997312 0.0431914
38.8607 39.7947 22.1868 -0.056478 -0.997519 0.041896
38.0258 39.8869 23.3651 -0.0529454 -0.997781 0.0403588
37.4811 39.9414 24.1324 -0.0444035 -0.998244 0.0392154
36.8487 39.9981 24.944 -0.0391472 -0.998561 0.0366056
36.1648 40.0575 25.8094 -0.0385527 -0.998535 0.0379663
35.5609 40.1105 26.6095 -0.0309717 -0.998809 0.0376382
34.9372 40.1599 27.448 -0.0292258 -0.998877 0.0372834
34.1482 40.2136 28.4098 -0.0232571 -0.999093 0.0356015
33.3451 40.2649 29.402 -0.0213325 -0.999118 0.0361066
32.6834 40.3011 30.1457 -0.0154208 -0.999302 0.0340165
31.9196 40.3351 30.8576 -0.0123334 -0.999407 0.0321581
30.9619 40.3723 31.6554 -0.00649268 -0.999398 0.0340758
30.2168 40.3962 32.2152 -0.00643283 -0.999493 0.0311693
29.0831 40.434 33.1432 -0.00440499 -0.99934 0.0360516
28.2386 40.4615 33.8854 -7.17625e-05 -0.999336 0.0364326
27.3297 40.4821 34.4646 0.00290537 -0.999339 0.0362493
26.4838 40.5015 35.0809 0.00400611 -0.99943 0.033377
25.7095 40.5229 35.7814 0.00623577 -0.999396 0.0341757
24.7653 40.5416 36.5162 0.00700374 -0.999455 0.0322583
23.9273 40.5503 36.9845 0.00882095 -0.999394 0.033651
23.0498 40.5605 37.4942 0.0107353 -0.999326 0.0350527
21.9684 40.5696 38.1441 0.0119554 -0.999277 0.0360803
21.1194 40.5726 38.4956 0.0120868 -0.999236 0.0371759
19.9479 40.5773 38.9866 0.0101789 -0.99943 0.0321888
19.1447 40.5821 39.3976 0.011036 -0.999431 0.0318872
18.3187 40.5853 39.772 0.0116472 -0.999288 0.0358904
17.0869 40.5864 40.1811 0.0101794 -0.999371 0.033956
16.0769 40.5864 40.5886 0.0119298 -0.999425 0.0317051
15.1866 40.5918 41.0537 0.0105612 -0.999389 0.0333054
14.1282 40.5934 41.453 0.0116129 -0.999382 0.0331791
13.0721 40.5925 41.7751 0.0103695 -0.999374 0.0338124
11.7566 40.5934 42.211 0.0106999 -0.999378 0.0335932
10.7718 40.5892 42.4045 0.0113122 -0.999375 0.0334969
9.49174 40.5776 42.485 0.010537 -0.99937 0.0338719
8.51432 40.5751 42.6222 0.00683306 -0.999428 0.0331235
7.26807 40.5738 42.8525 0.00717985 -0.99948 0.0314417
5.92495 40.5683 42.943 0.00504582 -0.99945 0.0327707
4.95113 40.5665 43.0539 0.00679462 -0.999454 0.0323168
3.96461 40.5661 43.2425 0.00578465 -0.999397 0.0342176
3.07009 40.5658 43.347 0.00430589 -0.999396 0.0344714
2.10493 40.5641 43.4034 0.00274106 -0.999425 0.0338077
0.842879 40.5603 43.4596 0.00631043 -0.999432 0.0331045
-0.45557 40.5555 43.446 0.000885827 -0.999465 0.0326917
-1.42007 40.5543 43.4266 -0.000570089 -0.999516 0.0311134
-2.38431 40.5517 43.339 -9.41681e-05 -0.999528 0.0307155
-3.49728 40.5429 43.116 0.00232619 -0.999492 0.0317802
-4.69813 40.5346 42.8942 0.000216669 -0.999436 0.0335709
-6.01756 40.529 42.7424 0.000860239 -0.99944 0.0334436
-7.26947 40.5238 42.5934 -0.000679257 -0.999439 0.0334863
-8.25804 40.5214 42.5034 -0.00114475 -0.999524 0.0306934
-9.778 40.5119 42.2069 0.000324399 -0.999532 0.0304661
-11.1387 40.5005 41.8076 -0.000516982 -0.999565 0.0294946
-12.4286 40.4881 41.4164 0.000531606 -0.999544 0.0302062
-13.616 40.4776 41.0561 0.00167259 -0.999569 0.0292639
-14.4673 40.4635 40.6759 0.00353035 -0.999569 0.0291462
-15.5008 40.4459 40.1626 0.00261295 -0.999673 0.0254525
-16.417 40.4338 39.8248 0.00526274 -0.999642 0.0262482
-17.9733 40.4117 39.2342 0.00403622 -0.999686 0.0247336
-18.781 40.3983 38.8262 0.00531878 -0.999641 0.026246
-20.0204 40.379 38.3438 0.00532432 -0.999636 0.0264639
-21.1536 40.361 37.8475 0.00480878 -0.999659 0.0256679
-21.9549 40.3438 37.3409 0.00556924 -0.999672 0.0249848
-23.1037 40.3156 36.534 0.00677963 -0.999629 0.0263933
-23.9979 40.2917 35.8856 0.00784787 -0.99966 0.0248703
-24.8355 40.27 35.2504 0.0111762 -0.99968 0.0226494
-25.8768 40.2402 34.5035 0.0119804 -0.999694 0.0216155
-26.6828 40.2164 33.9327 0.0146622 -0.999651 0.0219739
-27.4179 40.1923 33.3409 0.0175289 -0.999574 0.0233155
-28.4322 40.1558 32.5393 0.0177656 -0.999562 0.023685
-29.2831 40.1228 31.8495 0.0206082 -0.999514 0.0233858
-30.1876 40.0841 30.9716 0.0227238 -0.999525 0.0207663
-31.1518 40.0397 29.9715 0.0246461 -0.999442 0.0225123
-31.8652 40.0025 29.2074 0.0258665 -0.999352 0.0250124
-32.5308 39.9615 28.372 0.0306568 -0.999207 0.0253889
-33.4846 39.8992 27.1905 0.0341423 -0.999037 0.0275498
-34.3696 39.8358 26.0443 0.0396469 -0.998853 0.0268446
-34.9614 39.7907 25.2301 0.0424455 -0.998731 0.0269361
-35.4905 39.7451 24.4565 0.0452859 -0.998587 0.027806
-36.1524 39.69 23.5866 0.0503833 -0.998297 0.029397
-36.8595 39.629 22.7276 0.0506388 -0.998332 0.0276706
-37.3675 39.5782 21.939 0.0560881 -0.997996 0.0292924
-38.1082 39.4926 20.5439 0.0615081 -0.997625 0.0310151
-38.7384 39.4074 19.2086 0.0689829 -0.996992 0.0353313
-39.3771 39.3141 17.8568 0.0772929 -0.996392 0.0350654
-39.7678 39.2554 17.0381 0.0824671 -0.996057 0.0323517
-40.2805 39.1635 15.6957 0.0865338 -0.9957 0.0329917
-40.8217 39.0681 14.3709 0.09262 -0.995127 0.0338232
-41.4618 38.959 13.1369 0.100198 -0.99419 0.0392044
-41.9753 38.8522 11.6716 0.105963 -0.993625 0.0382846
-42.1441 38.7964 10.6947 0.111178 -0.993096 0.0374087
-42.2979 38.7428 9.67578 0.114894 -0.992759 0.0348223
-42.4615 38.6834 8.59774 0.119345 -0.992301 0.0328639
-42.644 38.6329 7.62957 0.121789 -0.99207 0.0309643
-42.9296 38.5589 6.39982 0.12839 -0.991358 0.0269283
-43.0778 38.5143 5.4897 0.132258 -0.990813 0.0280113
-43.1063 38.4872 4.55392 0.134937 -0.990561 0.0241146
-43.2735 38.4482 3.64111 0.136789 -0.990472 0.0159519
-43.4914 38.4015 2.63818 0.142751 -0.989626 0.0161232
-43.6013 38.3717 1.4032 0.143193 -0.98965 0.00925285
-43.6343 38.3626 -0.00334759 0.143833 -0.9896 0.000690502
-43.6147 38.3713 -1.57387 0.142967 -0.989708 -0.00574305
-43.4431 38.4047 -2.46268 0.136631 -0.990565 -0.0106131
-43.2699 38.4456 -3.78882 0.134032 -0.990844 -0.0162282
-43.1487 38.481 -4.93606 0.132616 -0.990995 -0.0183221
-42.9159 38.5389 -6.15411 0.128387 -0.991455 -0.0228729
-42.7738 38.5784 -7.1177 0.126021 -0.991714 -0.0249521
-42.5825 38.6424 -8.47581 0.120143 -0.992204 -0.0329601
-42.4494 38.6921 -9.5255 0.117226 -0.992555 -0.0330421
-42.133 38.7739 -10.8874 0.108253 -0.993529 -0.034385
-41.7941 38.8497 -12.0083 0.10763 -0.993583 -0.0347631
-41.4197 38.9309 -13.2133 0.100408 -0.994394 -0.0331393
-41.0115 39.0079 -14.247 0.0977875 -0.994561 -0.035756
-40.5228 39.0894 -15.3457 0.0897946 -0.995347 -0.0348685
-40.0451 39.1688 -16.4075 0.0847249 -0.995859 -0.0329677
-39.64 39.2345 -17.3711 0.0827351 -0.99607 -0.0316068
-39.1607 39.3055 -18.3538 0.0798768 -0.996087 -0.0372776
-39.1484 39.3074 -18.3776 0.0748927 -0.996393 -0.039716
-39.9308 39.2693 -18.8963 0.0748885 -0.996393 -0.0397179
-40.512 39.1716 -17.6722 0.0798768 -0.996087 -0.0372774
-40.9875 39.0865 -16.436 0.0927402 -0.995047 -0.0357867
-41.4038 39.0155 -15.5578 0.0952513 -0.994751 -0.0373975
-41.9344 38.9243 -14.4797 0.0995361 -0.994318 -0.0377506
-42.3203 38.8488 -13.48 0.103591 -0.993958 -0.0360209
-42.6141 38.7773 -12.4588 0.106895 -0.993579 -0.0370276
-42.8716 38.7153 -11.5907 0.111937 -0.992937 -0.0393325
-43.2161 38.6309 -10.4328 0.118991 -0.992087 -0.0400481
-43.4247 38.5652 -9.25934 0.122485 -0.991896 -0.0337617
-43.5597 38.507 -8.06816 0.122818 -0.991927 -0.0314335
-43.726 38.4548 -7.03885 0.128231 -0.99132 -0.0289346
-43.9647 38.3879 -5.66621 0.131109 -0.991117 -0.0221817
-44.117 38.3368 -4.36973 0.1366 -0.990338 -0.0239077
-44.2658 38.2909 -2.84255 0.139749 -0.99006 -0.0158755
-44.5075 38.245 -1.76272 0.141678 -0.989883 -0.00764021
-44.6005 38.2236 -0.552154 0.14359 -0.989633 -0.00242831
-44.4807 38.2399 0.461351 0.143827 -0.989601 0.000691218
-44.5046 38.242 1.43916 0.142507 -0.989764 0.00773858
-44.4439 38.2618 2.4389 0.142024 -0.989757 0.0145269
-44.2238 38.3102 3.47391 0.143481 -0.989494 0.0177164
-43.9835 38.3765 4.92423 0.142835 -0.989417 0.0255285
-43.9099 38.4201 6.14518 0.132504 -0.990686 0.0313572
-43.6334 38.503 7.50323 0.133068 -0.990501 0.0346462
-43.3994 38.5699 8.55655 0.117996 -0.992327 0.0369239
-43.2062 38.644 9.92401 0.117543 -0.992371 0.0371845
-43.0449 38.7008 10.8312 0.117558 -0.992167 0.0422474
-42.8516 38.7676 11.9634 0.109329 -0.993182 0.040446
-42.5005 38.8473 13.029 0.102638 -0.99397 0.038506
-42.053 38.9337 14.0067 0.100195 -0.99419 0.0392086
-41.5503 39.0202 14.9397 0.097681 -0.994385 0.0406943
-41.0718 39.113 16.1996 0.0899511 -0.995118 0.0406089
-40.6954 39.1827 17.1666 0.0830735 -0.995705 0.0408754
-40.1135 39.2769 18.3856 0.0752673 -0.996413 0.0385671
-39.7084 39.3427 19.2392 0.0711502 -0.996702 0.0387706
-39.1666 39.4229 20.4255 0.0674322 -0.997045 0.0367869
-38.6841 39.4864 21.3947 0.0593093 -0.997574 0.0364528
-38.1123 39.5562 22.4795 0.0520923 -0.998158 0.0310955
-37.5102 39.6169 23.4292 0.0512389 -0.998233 0.0300816
-36.913 39.6672 24.114 0.05001 -0.998285 0.0303998
-36.3533 39.7176 24.8394 0.0466109 -0.998457 0.0300416
-35.8249 39.7638 25.6113 0.0442324 -0.99846 0.0334851
-34.9981 39.8328 26.7112 0.0357978 -0.998933 0.0291498
-34.3604 39.8783 27.517 0.0349369 -0.999001 0.0278585
-33.6044 39.9294 28.4527 0.0340387 -0.999064 0.0266872
-32.9224 39.9748 29.3343 0.0312393 -0.999139 0.0273085
-32.1319 40.0223 30.3102 0.0257168 -0.999397 0.0233428
-31.398 40.0573 31.052 0.0235276 -0.99948 0.0220613
-30.7236 40.0888 31.7478 0.0235996 -0.999468 0.0225303
-30.0596 40.1192 32.403 0.0236192 -0.999474 0.0222397
-29.2489 40.151 33.0687 0.0204468 -0.99955 0.0219628
-28.3743 40.1832 33.742 0.0194313 -0.999522 0.0240484
-27.5525 40.2151 34.4114 0.0191699 -0.999532 0.0238203
-26.8269 40.2392 34.9699 0.013596 -0.999588 0.0252719
-25.7823 40.27 35.702 0.011181 -0.999628 0.0248644
-24.8095 40.2985 36.4321 0.00965944 -0.999659 0.0242634
-23.8715 40.3242 37.113 0.00882372 -0.99961 0.0264813
-23.0223 40.3468 37.7205 0.0071882 -0.999661 0.0250272
-22.154 40.3674 38.3207 0.00564505 -0.999657 0.0255663
-21.2022 40.3868 38.8744 0.005274 -0.999665 0.0253512
-20.2802 40.4009 39.2297 0.00543893 -0.999648 0.0259662
-19.3148 40.4154 39.5899 0.00511979 -0.999653 0.0258433
-18.1348 40.4362 40.1941 0.00396826 -0.999623 0.0271357
-17.1466 40.4511 40.5614 0.004361 -0.999592 0.0282158
-16.1062 40.4642 40.8672 0.00438754 -0.999583 0.0285467
-15.1424 40.4809 41.3463 0.00298571 -0.999569 0.0292179
-14.1456 40.4982 41.8273 0.0034817 -0.999571 0.0290876
-13.2447 40.5096 42.144 0.000245659 -0.999555 0.0298136
-12.228 40.519 42.4339 0.000529365 -0.999543 0.0302107
-11.1018 40.5315 42.8108 0.00120426 -0.999526 0.0307768
-9.84045 40.5429 43.1514 0.00104551 -0.999466 0.0326678
-8.84831 40.5503 43.3633 0.000841707 -0.999419 0.0340855
-7.54952 40.5543 43.4923 -0.00139661 -0.999412 0.0342639
-6.39394 40.558 43.6146 0.000597143 -0.999444 0.0333342
-5.21223 40.5643 43.7833 0.000877851 -0.999451 0.0331128
-3.70188 40.5731 44.02 0.000680487 -0.999412 0.0342857
-2.46012 40.5822 44.2522 0.000885473 -0.999394 0.0347879
-1.51503 40.5858 44.3323 0.00169697 -0.99936 0.035744
-0.261558 40.5889 44.3762 0.00136477 -0.999321 0.0368128
1.07728 40.5941 44.3922 0.00513842 -0.999325 0.0363887
2.31108 40.5967 44.3267 0.00362284 -0.999387 0.0348342
3.64636 40.5985 44.2182 0.00470316 -0.999386 0.0347178
4.72657 40.597 44.0031 0.00632785 -0.99942 0.0334453
6.06449 40.5986 43.8262 0.00521523 -0.999423 0.0335729
7.30494 40.6041 43.7679 0.00742615 -0.999435 0.0327686
8.22667 40.6057 43.6077 0.00745612 -0.999435 0.0327879
9.34968 40.6078 43.4025 0.00995374 -0.999359 0.0343954
10.719 40.6209 43.363 0.0114043 -0.999345 0.0343308
11.6284 40.6263 43.2222 0.0108047 -0.99936 0.0341098
12.6671 40.6261 42.8817 0.0106157 -0.999351 0.0344193
13.6475 40.6245 42.5438 0.0103211 -0.999362 0.0341863
14.63 40.6261 42.2707 0.0110439 -0.999395 0.032977
15.7947 40.6236 41.7894 0.0128062 -0.999325 0.0344192
16.8759 40.6185 41.2343 0.0131276 -0.999328 0.0342373
18.0968 40.6209 40.8519 0.0122432 -0.999293 0.0355483
19.3409 40.6172 40.3381 0.0123143 -0.999247 0.0367685
20.3014 40.6103 39.7981 0.0138374 -0.99923 0.0367173
21.1646 40.6086 39.45 0.0123009 -0.999247 0.0368109
22.2213 40.6067 39.0624 0.0113446 -0.999243 0.0372085
23.1101 40.5998 38.5971 0.0107343 -0.999326 0.0350571
23.9607 40.5857 37.9824 0.00887864 -0.999341 0.0351827
24.7751 40.5779 37.5636 0.00825846 -0.999347 0.035187
25.8487 40.5612 36.8545 0.00700576 -0.999359 0.035099
26.6017 40.5423 36.1872 0.00661919 -0.99934 0.0357129
27.6029 40.5162 35.3749 0.00242448 -0.999257 0.0384655
28.5198 40.4973 34.8453 -0.000606798 -0.999285 0.0377995
29.5407 40.4647 34.0448 -0.00461218 -0.999326 0.0364267
30.3964 40.431 33.2156 -0.00554855 -0.99934 0.035868
31.436 40.3969 32.4675 -0.00669552 -0.999362 0.0350652
32.2555 40.3651 31.8025 -0.0109811 -0.999276 0.0364258
33.1508 40.3236 30.9823 -0.0145325 -0.999143 0.038765
33.8198 40.2868 30.243 -0.0183071 -0.999177 0.0360247
34.5995 40.234 29.2886 -0.0213372 -0.999118 0.0361068
35.5497 40.1689 28.147 -0.0276542 -0.998772 0.0408321
36.2311 40.1119 27.2522 -0.0333498 -0.998785 0.0362912
37.0441 40.037 26.1629 -0.0377749 -0.998486 0.039935
37.72 39.9779 25.3156 -0.039956 -0.998484 0.037868
38.5843 39.8911 24.1679 -0.0504298 -0.997905 0.0403384
39.1885 39.8226 23.3242 -0.0536783 -0.997703 0.0413041
39.8388 39.7463 22.4052 -0.0591917 -0.997282 0.0438705
40.4101 39.665 21.3688 -0.0656331 -0.996769 0.0462933
40.8209 39.5961 20.4611 -0.0654429 -0.996817 0.0455343
41.2374 39.5285 19.6114 -0.0728749 -0.996065 0.0503057
41.8598 39.4184 18.3551 -0.0806112 -0.995667 0.0463502
42.3057 39.3266 17.2419 -0.0957246 -0.994287 0.0472025
42.7376 39.2406 16.2811 -0.0987079 -0.993948 0.048072
43.3741 39.1141 15.0244 -0.106474 -0.993058 0.0497371
43.9776 38.9878 13.9187 -0.1116 -0.992616 0.0471066
44.4093 38.8655 12.5638 -0.125875 -0.990885 0.0479553
44.7323 38.7694 11.5175 -0.136536 -0.989357 0.0503009
45.001 38.6765 10.2767 -0.136245 -0.989754 0.0426677
45.1421 38.6133 9.37796 -0.154361 -0.986645 0.0520103
45.3125 38.5379 8.33621 -0.152276 -0.987472 0.0413551
45.5255 38.4607 7.15996 -0.161744 -0.986197 0.0354139
45.6526 38.4086 6.2664 -0.161681 -0.986291 0.0330054
45.8279 38.3345 4.90569 -0.169576 -0.985115 0.0278337
45.9941 38.2834 3.94834 -0.17888 -0.983659 0.0194889
46.1335 38.2312 2.86366 -0.183966 -0.982692 0.0216091
46.2818 38.1863 1.67887 -0.179624 -0.983665 0.0117514
46.3864 38.1608 0.446709 -0.182138 -0.983273 0.000263078
46.3761 38.1638 -0.572059 -0.183677 -0.982932 -0.00944093
46.2735 38.2012 -1.93912 -0.182519 -0.9831 -0.0141467
46.1328 38.2529 -3.07536 -0.178314 -0.983659 -0.0248786
45.9772 38.3009 -3.97144 -0.169855 -0.985188 -0.0227839
45.7134 38.3791 -5.14526 -0.166737 -0.985624 -0.0272489
45.5886 38.4258 -6.05648 -0.160855 -0.986412 -0.0334299
45.5112 38.4801 -7.271 -0.161101 -0.986349 -0.0340813
45.3294 38.5623 -8.59593 -0.155238 -0.986938 -0.0426653
45.0585 38.6494 -9.72715 -0.146234 -0.988469 -0.0392599
44.8437 38.7207 -10.7058 -0.143832 -0.988923 -0.0366625
44.612 38.7967 -11.8463 -0.140032 -0.9893 -0.040578
44.2176 38.8883 -13.0748 -0.125982 -0.991505 -0.03234
43.7692 39.0009 -14.5074 -0.11715 -0.992431 -0.0368206
43.3561 39.0799 -15.3399 -0.100025 -0.994396 -0.034235
42.7416 39.1854 -16.609 -0.0975601 -0.994734 -0.0311297
42.3418 39.2529 -17.5262 -0.0930237 -0.995076 -0.0342032
41.7582 39.3377 -18.732 -0.083029 -0.996221 -0.0252204
41.331 39.3996 -19.8211 -0.0754605 -0.996794 -0.0262086
40.7083 39.4701 -20.9072 -0.0724681 -0.99716 -0.0202825
40.2253 39.5235 -21.9656 -0.0705514 -0.997342 -0.0182159
39.7046 39.5694 -22.8698 -0.0637118 -0.997912 -0.0106456
39.0471 39.6235 -24.0131 -0.053954 -0.998472 -0.0109126
38.4477 39.6616 -24.8185 -0.0480152 -0.998808 -0.00874988
37.8347 39.6975 -25.5625 -0.0471358 -0.998849 -0.00879379
37.2118 39.7297 -26.2558 -0.0442415 -0.999012 -0.00415091
36.4462 39.7664 -27.254 -0.0404793 -0.999173 -0.00293211
35.9198 39.7904 -28.0859 -0.0384771 -0.999254 -0.00261111
35.0355 39.8222 -29.1516 -0.0348922 -0.999385 0.00228806
34.2675 39.8452 -29.9842 -0.0327813 -0.99946 0.00203397
33.6514 39.8615 -30.8197 -0.0296648 -0.999552 0.00382184
32.8138 39.8816 -31.6904 -0.027544 -0.999609 0.00481312
32.0725 39.8973 -32.4738 -0.0266053 -0.999631 0.00549622
31.3491 39.9118 -33.0779 -0.024612 -0.999674 0.00673012
30.1436 39.9344 -33.9363 -0.0233354 -0.999694 0.00819138
29.287 39.9487 -34.5782 -0.0217974 -0.999728 0.00829685
28.3287 39.964 -35.2832 -0.0207068 -0.999749 0.0085107
27.1344 39.9796 -36.2131 -0.019672 -0.999774 0.00805137
25.8185 39.9971 -37.1917 -0.0191721 -0.999789 0.00739382
25.0573 40.0062 -37.8248 -0.0182402 -0.999813 0.00637145
24.2747 40.0166 -38.4248 -0.0178581 -0.99982 0.00646651
23.2569 40.0313 -38.9717 -0.0179279 -0.999825 0.00515245
22.1339 40.0483 -39.4296 -0.0159747 -0.999869 0.00278785
21.1716 40.0631 -39.8678 -0.0170758 -0.999853 0.00163662
20.0346 40.0808 -40.3268 -0.015199 -0.999883 0.000448458
19.0384 40.097 -40.8126 -0.0152161 -0.999884 -0.000720968
17.8445 40.1145 -41.2776 -0.0144883 -0.999895 -0.000363058
16.9838 40.1291 -41.6335 -0.0151402 -0.999882 -0.0020597
15.8993 40.1456 -42.0389 -0.0144215 -0.99989 -0.00348629
14.6336 40.1665 -42.5431 -0.015208 -0.999872 -0.00492342
13.5084 40.1851 -42.9789 -0.013676 -0.999891 -0.00550227
12.6195 40.1984 -43.2294 -0.0124591 -0.999906 -0.00570714
11.5593 40.2122 -43.4306 -0.0119836 -0.999907 -0.00643788
10.5203 40.2252 -43.5731 -0.0125567 -0.999884 -0.00864476
9.41482 40.2401 -43.6919 -0.0125927 -0.999883 -0.00864144
8.48316 40.2518 -43.7677 -0.013541 -0.999844 -0.0113296
7.4931 40.2655 -43.8682 -0.0116816 -0.999845 -0.0131556
6.51698 40.2793 -43.9926 -0.0121897 -0.999833 -0.0135875
5.49702 40.2943 -44.18 -0.0122001 -0.99983 -0.0138556
4.40123 40.3087 -44.3558 -0.0117905 -0.999755 -0.0187103
3.31257 40.3242 -44.4662 -0.0128899 -0.999767 -0.0172862
2.39759 40.336 -44.5033 -0.012194 -0.999783 -0.016917
1.45515 40.3476 -44.5459 -0.0118012 -0.999773 -0.0177449
0.146432 40.3653 -44.6263 -0.0117928 -0.99976 -0.0184717
-1.0782 40.3788 -44.5384 -0.0130274 -0.999718 -0.0198529
-2.16033 40.3887 -44.4115 -0.0108136 -0.999717 -0.0212071
-3.40341 40.3983 -44.2685 -0.00925447 -0.999708 -0.0223191
-4.44838 40.4042 -44.1007 -0.00946303 -0.999709 -0.0221693
-5.69314 40.4115 -43.8679 -0.0110676 -0.999684 -0.0225581
-6.89408 40.4215 -43.7346 -0.01092 -0.999612 -0.025632
-7.982 40.4308 -43.6033 -0.0119874 -0.999588 -0.0260877
-8.91567 40.4399 -43.5303 -0.0116766 -0.999571 -0.0268424
-9.88471 40.4473 -43.3934 -0.0113799 -0.999576 -0.0268044
-10.9378 40.4501 -43.1135 -0.00853225 -0.999571 -0.0280166
-12.0163 40.45 -42.7935 -0.00855932 -0.999551 -0.0287013
-13.3961 40.4499 -42.348 -0.00944604 -0.999539 -0.0288528
-14.3832 40.4481 -41.9509 -0.00938929 -0.999451 -0.0317471
-15.2217 40.4435 -41.5677 -0.00817814 -0.999565 -0.0283433
-16.3524 40.4353 -40.9821 -0.00654606 -0.999557 -0.0290291
-17.2606 40.4292 -40.5828 -0.0057863 -0.999564 -0.0289658
-18.1256 40.4264 -40.3131 -0.00587692 -0.999562 -0.0290094
-19.3732 40.4168 -39.8091 -0.00293378 -0.999551 -0.0297899
-20.2271 40.4038 -39.3109 -0.00333193 -0.999513 -0.0310223
-21.1879 40.3924 -38.8742 -0.00258616 -0.999524 -0.0307156
-22.263 40.3782 -38.3398 -0.00164944 -0.999554 -0.0298058
-23.0356 40.3625 -37.8256 -9.48249e-05 -0.999555 -0.0298188
-24.0552 40.3378 -37.0259 0.00119028 -0.999579 -0.028999
-25.3264 40.3068 -36.1723 0.00446005 -0.999528 -0.0304057
-26.2356 40.2781 -35.4702 0.00772232 -0.999455 -0.0320929
-26.9159 40.2549 -34.8729 0.00759864 -0.999557 -0.0287859
-27.8224 40.2254 -34.18 0.0130573 -0.999438 -0.0308665
-28.7128 40.194 -33.576 0.0154234 -0.999366 -0.0320791
-29.5454 40.1582 -32.9453 0.0196548 -0.999271 -0.032703
-30.4382 40.1157 -32.1972 0.0216235 -0.999223 -0.032946
-31.1727 40.0743 -31.4516 0.0233936 -0.999245 -0.0310131
-31.8121 40.0383 -30.7704 0.0238247 -0.999236 -0.0309939
-32.6422 39.9872 -29.78 0.0255933 -0.999141 -0.0325454
-33.3561 39.9355 -28.8051 0.0272205 -0.999083 -0.0330543
-34.1808 39.8786 -27.8766 0.0347168 -0.998857 -0.0327371
-34.9606 39.8146 -26.8588 0.037676 -0.998802 -0.0310174
-35.5956 39.766 -26.079 0.0436515 -0.998619 -0.0292445
-36.2088 39.7163 -25.3335 0.0461366 -0.998348 -0.0342379
-36.8028 39.6644 -24.621 0.0465875 -0.998359 -0.033292
-37.6955 39.5785 -23.4094 0.0511178 -0.998114 -0.033982
-38.2211 39.5142 -22.4807 0.0551226 -0.997827 -0.0359253
-38.6749 39.4565 -21.6225 0.0627668 -0.997307 -0.0379275
-39.2102 39.3812 -20.526 0.0627241 -0.997319 -0.0376909
-39.6429 39.311 -19.4626 0.0727659 -0.996681 -0.0364864
-39.8336 39.2834 -19.0872 0.0727628 -0.996682 -0.036486
-40.6175 39.2462 -19.581 0.0755791 -0.996174 -0.0438172
-41.294 39.1296 -18.124 0.0787028 -0.995987 -0.0426092
-41.6483 39.0545 -17.2457 0.0920955 -0.995091 -0.0362324
-41.9952 38.9914 -16.411 0.0943611 -0.994788 -0.0386159
-42.6596 38.8744 -15.0464 0.0975557 -0.994469 -0.038921
-43.2542 38.7545 -13.551 0.102164 -0.993913 -0.0412023
-43.5981 38.666 -12.4479 0.113806 -0.992325 -0.0475241
-43.9191 38.5808 -11.3627 0.124857 -0.991162 -0.0443898
-44.201 38.4936 -10.0335 0.126354 -0.991342 -0.0355399
-44.4128 38.4248 -8.76559 0.127236 -0.991264 -0.0346791
-44.5322 38.3721 -7.73465 0.127342 -0.991287 -0.0335778
-44.731 38.3121 -6.55366 0.127877 -0.991431 -0.0266911
-44.855 38.2647 -5.6468 0.137934 -0.990016 -0.0285604
-45.0126 38.2165 -4.53601 0.142336 -0.989476 -0.0256067
-45.0792 38.1825 -3.44498 0.150509 -0.988489 -0.0153542
-45.3898 38.1143 -1.95709 0.150332 -0.988579 -0.0100498
-45.4873 38.0923 -1.01368 0.150402 -0.98861 -0.00384984
-45.4848 38.0922 -0.0435904 0.148068 -0.988977 -0.000996101
-45.4229 38.102 0.874786 0.148274 -0.988921 0.00702265
-45.3207 38.1296 2.33074 0.148416 -0.988848 0.0119492
-45.127 38.185 3.72727 0.144699 -0.989247 0.0210081
-44.999 38.2252 4.74367 0.143209 -0.989343 0.0262891
-44.8534 38.2857 6.0463 0.140273 -0.989513 0.0344516
-44.671 38.3537 7.13676 0.13324 -0.990111 0.0430771
-44.4316 38.4261 8.19165 0.125589 -0.991294 0.0395297
-44.2977 38.4925 9.4535 0.126823 -0.991132 0.039671
-44.015 38.5834 10.7536 0.115158 -0.992395 0.04348
-43.7147 38.685 12.2437 0.111248 -0.992847 0.0431354
-43.1999 38.8007 13.658 0.105414 -0.993531 0.0421438
-42.6133 38.9164 14.9273 0.0996274 -0.994054 0.0437076
-42.1934 38.9942 15.7882 0.0942289 -0.994532 0.0446714
-41.6236 39.1069 17.2737 0.0892965 -0.995196 0.0400818
-41.2098 39.1784 18.1663 0.0859683 -0.995175 0.0466325
-40.613 39.2845 19.4037 0.0689965 -0.996641 0.0441224
-40.2131 39.3508 20.2948 0.060841 -0.997336 0.040246
-39.5702 39.444 21.637 0.0589173 -0.997506 0.0388003
-38.9594 39.5263 22.8649 0.052699 -0.997932 0.0363686
-38.4733 39.5777 23.7128 0.0489333 -0.998359 0.0295523
-37.8641 39.6286 24.4516 0.0558089 -0.99802 0.028991
-37.2423 39.6872 25.2818 0.0496349 -0.998303 0.0304699
-36.6233 39.7472 26.1213 0.0409704 -0.998498 0.0363704
-35.7719 39.8209 27.1737 0.0359917 -0.99873 0.034835
-35.1734 39.8631 27.9031 0.0311703 -0.999087 0.0290331
-34.5944 39.9001 28.6225 0.0340948 -0.999064 0.0266373
-33.6303 39.9676 29.8514 0.0325407 -0.999055 0.0287285
-32.9445 40.0111 30.762 0.0266481 -0.999383 0.0228932
-32.2227 40.0483 31.5213 0.0251381 -0.999417 0.0230678
-31.5202 40.0824 32.2995 0.0237205 -0.999446 0.0233065
-30.8953 40.1119 32.9713 0.0236467 -0.999479 0.0219512
-30.0163 40.1471 33.6645 0.021921 -0.999538 0.02104
-29.2715 40.1756 34.1683 0.0213736 -0.999483 0.0239643
-28.3092 40.2138 34.9466 0.019594 -0.999494 0.0250223
-27.3048 40.2504 35.7333 0.0163586 -0.999603 0.0229355
-26.4326 40.2784 36.3411 0.0125472 -0.999637 0.023861
-25.6457 40.3032 36.9521 0.0112247 -0.999625 0.0249342
-24.9364 40.325 37.5435 0.0102624 -0.999613 0.0258692
-24.0035 40.3503 38.1351 0.00943693 -0.999546 0.028611
-23.3437 40.3725 38.7404 0.00606031 -0.999608 0.0272903
-21.9875 40.3973 39.4635 0.00535029 -0.999677 0.0248499
-21.1865 40.4126 39.8831 0.00595304 -0.999673 0.024877
-20.3335 40.4252 40.1895 0.00575881 -0.999676 0.0247935
-19.2934 40.4436 40.6457 0.00449823 -0.999606 0.0277035
-18.3872 40.4595 41.0599 0.00457136 -0.999591 0.0282335
-17.0139 40.4804 41.5545 0.00462607 -0.999554 0.0294843
-16.1264 40.4935 41.867 0.00407051 -0.999532 0.0302987
-14.721 40.5192 42.5341 0.00299128 -0.999472 0.0323448
-13.3247 40.5376 43.081 0.000393329 -0.999553 0.0299005
-12.3681 40.5471 43.3713 0.000660296 -0.999562 0.0295921
-11.0794 40.5624 43.8231 0.00130271 -0.999542 0.0302481
-9.9981 40.5718 44.0591 0.00127478 -0.9995 0.0316038
-9.06482 40.5791 44.2249 0.00103077 -0.999446 0.0332728
-7.78195 40.5858 44.3902 -0.000273107 -0.999419 0.0340467
-6.68701 40.5877 44.4689 2.20884e-05 -0.99937 0.0354768
-5.50271 40.5947 44.6902 0.0002193 -0.999374 0.0353568
-4.42476 40.5991 44.7899 0.000568239 -0.999408 0.034405
-3.5341 40.6066 44.9838 0.00175537 -0.999365 0.0355508
-2.36939 40.6138 45.1258 0.00104911 -0.999291 0.0376424
-1.38313 40.6178 45.2311 0.001762 -0.999388 0.0349471
-0.463169 40.6226 45.2963 0.00379899 -0.999326 0.0364829
0.785172 40.6282 45.3654 0.0016921 -0.999257 0.0384643
1.75893 40.6338 45.4393 0.00362857 -0.999379 0.0350434
3.26463 40.6298 45.156 0.00456051 -0.999356 0.0355801
4.8326 40.6287 44.9017 0.00572035 -0.999345 0.0357255
5.83039 40.6302 44.7655 0.00673358 -0.999321 0.0362035
7.32799 40.6342 44.6666 0.00594062 -0.99939 0.0343782
8.35311 40.6368 44.5132 0.00811002 -0.999388 0.0340209
9.34338 40.6388 44.3102 0.010204 -0.99938 0.0336869
10.2463 40.6471 44.2836 0.0100553 -0.999387 0.0335436
11.3812 40.6597 44.2515 0.0121127 -0.999303 0.035323
12.3105 40.662 44.0267 0.010742 -0.999308 0.0356063
13.4788 40.6589 43.5987 0.00952053 -0.999382 0.0338473
14.4602 40.6575 43.2509 0.0116459 -0.999356 0.0339273
15.497 40.6625 43.0465 0.012175 -0.999347 0.034
16.7635 40.6533 42.2901 0.0137167 -0.999327 0.0340288
17.8813 40.6553 41.89 0.0131502 -0.999291 0.0352712
19.0336 40.6546 41.4523 0.0137142 -0.99921 0.0373016
19.9501 40.6527 41.0548 0.0141608 -0.999188 0.0377295
20.7909 40.6473 40.6047 0.0144382 -0.99917 0.0380757
22.3836 40.643 39.9855 0.0110957 -0.999222 0.0378323
23.2107 40.637 39.5788 0.00926996 -0.999259 0.0373654
24.3517 40.6212 38.8612 0.00963494 -0.999281 0.0366604
25.2496 40.6103 38.354 0.00820663 -0.999302 0.0364262
26.2771 40.5931 37.6638 0.00766074 -0.999313 0.0362705
27.0999 40.5765 37.0496 0.0066402 -0.99934 0.0357099
27.7861 40.5584 36.4486 0.00427364 -0.999239 0.038747
28.9448 40.5287 35.6366 0.000998066 -0.999221 0.0394387
29.9331 40.5006 34.9544 -0.00292945 -0.999125 0.0417265
30.7374 40.4628 34.1131 -0.00403023 -0.999138 0.041313
31.6988 40.4337 33.4598 -0.00325112 -0.999215 0.0394828
32.8794 40.3859 32.5247 -0.00968708 -0.999159 0.0398398
33.9065 40.3355 31.5651 -0.0136736 -0.999138 0.0392033
34.7679 40.2769 30.4783 -0.0192752 -0.998962 0.0412087
35.8158 40.2013 29.1957 -0.0245458 -0.998886 0.0401833
36.5351 40.1503 28.406 -0.0305422 -0.998541 0.0445281
37.0747 40.0972 27.5989 -0.0356275 -0.998208 0.0479123
37.7881 40.0334 26.8112 -0.0410702 -0.998306 0.0412025
38.4568 39.9717 25.9457 -0.0454643 -0.998085 0.0418756
39.0019 39.9142 25.2164 -0.0482125 -0.997876 0.0437715
39.5562 39.8482 24.3319 -0.0477199 -0.997823 0.0455178
40.4817 39.7399 23.1348 -0.0587675 -0.997103 0.0480696
40.9945 39.6657 22.1993 -0.0653609 -0.996656 0.0489935
41.4406 39.5988 21.3939 -0.0672513 -0.996593 0.0476857
41.8626 39.5225 20.4419 -0.071878 -0.996311 0.046875
42.394 39.4323 19.4183 -0.0738715 -0.995819 0.0537364
42.8128 39.3393 18.4319 -0.0887394 -0.994585 0.0541006
43.2537 39.237 17.2735 -0.0921494 -0.994412 0.0513177
43.7887 39.1369 16.4043 -0.111319 -0.992622 0.0480565
44.25 39.0322 15.3949 -0.118861 -0.991323 0.0559546
44.7353 38.9294 14.576 -0.125908 -0.990443 0.0563056
45.0754 38.8383 13.7338 -0.12723 -0.990277 0.0562385
45.3681 38.7442 12.7619 -0.138135 -0.988937 0.0540543
45.7116 38.6207 11.2991 -0.143088 -0.988528 0.0481731
46.0021 38.4933 9.65354 -0.153274 -0.986701 0.0540706
46.2033 38.4087 8.53208 -0.152278 -0.987472 0.041357
46.3098 38.3371 7.58334 -0.178652 -0.983499 0.0285063
46.5779 38.2537 6.27535 -0.170814 -0.984818 0.0301406
46.7238 38.1887 5.07277 -0.16607 -0.98566 0.0299215
46.8454 38.1129 4.02064 -0.200705 -0.978845 0.0355592
46.9832 38.0666 3.10905 -0.201131 -0.979445 0.0137702
47.1728 38.0134 1.62186 -0.195711 -0.9806 0.0109952
47.2796 37.9812 0.687788 -0.202477 -0.979287 0.000867156
47.2438 37.9932 -0.805493 -0.19912 -0.979924 -0.00964851
47.0674 38.0648 -2.52776 -0.187779 -0.98183 -0.0270867
46.95 38.1099 -3.46755 -0.182147 -0.982767 -0.0305984
46.7835 38.1754 -4.42388 -0.170054 -0.985039 -0.0279309
46.5779 38.2445 -5.5912 -0.17031 -0.984871 -0.0319102
46.4582 38.3036 -6.69868 -0.173373 -0.984344 -0.0315848
46.4126 38.348 -7.6385 -0.158485 -0.986675 -0.0368085
46.1709 38.4411 -8.96582 -0.161039 -0.986 -0.0432549
45.914 38.5291 -9.94635 -0.153731 -0.987222 -0.0419402
45.7767 38.5892 -10.8491 -0.151924 -0.987144 -0.0495392
45.7 38.6431 -11.7621 -0.136236 -0.989677 -0.0444958
45.4094 38.719 -12.6862 -0.132611 -0.990327 -0.0405081
45.0012 38.8133 -13.5906 -0.129787 -0.99055 -0.0443421
44.7221 38.8939 -14.5337 -0.115142 -0.992247 -0.0463715
44.3562 38.9819 -15.576 -0.107848 -0.993293 -0.0414551
43.9022 39.0615 -16.3971 -0.10319 -0.994009 -0.035823
43.5258 39.1319 -17.2315 -0.0979651 -0.994379 -0.04017
42.9027 39.2319 -18.4283 -0.0878162 -0.99561 -0.0318578
42.4569 39.2982 -19.3929 -0.0808448 -0.996201 -0.032191
41.9579 39.3734 -20.6038 -0.0744604 -0.996834 -0.027428
41.4829 39.427 -21.4527 -0.0671852 -0.997581 -0.0178024
41.1315 39.4668 -22.2852 -0.0670092 -0.997517 -0.0215125
40.6169 39.5181 -23.1321 -0.0573062 -0.998228 -0.0160536
40.1833 39.5559 -23.9318 -0.0561587 -0.998297 -0.0157047
39.5935 39.602 -24.8201 -0.0543323 -0.998399 -0.0157339
38.9891 39.6414 -25.571 -0.048989 -0.998771 -0.00753188
37.9846 39.6987 -26.7756 -0.0459687 -0.998923 -0.00574439
37.2692 39.735 -27.7289 -0.0436147 -0.999031 -0.00585889
36.7237 39.7598 -28.6078 -0.0385497 -0.999256 -0.000750143
36.0314 39.7857 -29.4062 -0.0361647 -0.999346 0.000670657
35.326 39.8107 -30.1548 -0.0317706 -0.999494 0.00144489
34.7136 39.8287 -30.9714 -0.0295984 -0.999559 0.00251072
33.9566 39.8491 -31.882 -0.0276723 -0.999613 0.00221658
33.2448 39.8657 -32.5779 -0.0256764 -0.999666 0.00305196
32.5533 39.8792 -33.3832 -0.0265775 -0.99963 0.00583105
31.6711 39.898 -33.949 -0.0246295 -0.999674 0.00668312
30.4073 39.9216 -34.8579 -0.0225111 -0.99972 0.00727056
29.2231 39.941 -35.7726 -0.021158 -0.99975 0.0072708
28.0414 39.9581 -36.6789 -0.0195878 -0.999776 0.00796159
27.1061 39.971 -37.4034 -0.0202288 -0.999768 0.00733247
26.3759 39.9809 -37.9685 -0.0188879 -0.999797 0.00697899
25.3845 39.9941 -38.7826 -0.01837 -0.99981 0.00650611
24.2438 40.0114 -39.5162 -0.0182622 -0.999825 0.0040498
23.1714 40.0282 -40.1612 -0.0175259 -0.999839 0.00387018
22.2052 40.0441 -40.3722 -0.0186435 -0.999824 0.00183422
20.9469 40.0659 -40.948 -0.0166702 -0.999861 0.000317488
19.9154 40.083 -41.3995 -0.0162268 -0.999868 8.15542e-05
19.0714 40.0963 -41.7349 -0.0151983 -0.999884 0.00061714
17.9337 40.1141 -42.2127 -0.0164252 -0.999864 -0.00134837
16.6301 40.1382 -42.7223 -0.0163914 -0.999854 -0.00415693
15.4173 40.1582 -43.2802 -0.014916 -0.999876 -0.00507939
14.4885 40.1741 -43.6432 -0.0151372 -0.999873 -0.00490762
13.5329 40.1898 -43.9265 -0.0134235 -0.999896 -0.00533868
12.2637 40.2089 -44.2195 -0.012969 -0.999896 -0.00619524
10.8471 40.2272 -44.4343 -0.0126885 -0.9999 -0.00620999
9.62834 40.2452 -44.5961 -0.0137084 -0.999876 -0.00766743
8.52258 40.2612 -44.6952 -0.0147019 -0.999846 -0.00952045
7.32416 40.28 -44.8322 -0.0142113 -0.99983 -0.0116137
6.17856 40.2979 -44.9821 -0.0142515 -0.999788 -0.014663
4.71632 40.32 -45.2148 -0.0126606 -0.999781 -0.0166575
3.15926 40.3439 -45.3933 -0.0132084 -0.999715 -0.0198118
2.10813 40.3571 -45.4448 -0.0114632 -0.999724 -0.0205262
1.14388 40.3699 -45.5342 -0.0124296 -0.999739 -0.0191817
-0.40682 40.3892 -45.5096 -0.0130675 -0.999723 -0.0195866
-1.34782 40.3994 -45.4066 -0.0140464 -0.999695 -0.0202698
-2.66541 40.4126 -45.24 -0.011018 -0.999675 -0.022972
-3.62429 40.4188 -45.1274 -0.00909992 -0.999742 -0.0208039
-5.0102 40.4286 -44.9241 -0.0111591 -0.999671 -0.0230812
-6.03294 40.4356 -44.765 -0.0114208 -0.999643 -0.0241183
-7.24532 40.4503 -44.7061 -0.0133636 -0.999604 -0.0247686
-8.39956 40.4596 -44.5113 -0.012304 -0.999572 -0.0265285
-9.43021 40.4697 -44.3778 -0.013061 -0.999508 -0.0284789
-10.3323 40.4755 -44.2048 -0.0113465 -0.999511 -0.0291258
-11.6561 40.4782 -43.8496 -0.00928512 -0.999499 -0.0302524
-12.6478 40.4814 -43.6329 -0.00966957 -0.999476 -0.0308816
-13.8067 40.4796 -43.1519 -0.0115177 -0.999439 -0.0314611
-14.8951 40.4784 -42.7605 -0.00998785 -0.999469 -0.0310014
-15.7697 40.4722 -42.3149 -0.00879152 -0.999433 -0.0325011
-16.5881 40.463 -41.8747 -0.00569577 -0.999504 -0.0309765
-17.5947 40.4561 -41.4401 -0.00343817 -0.999554 -0.0295399
-18.7064 40.4534 -41.1234 -0.0059674 -0.99956 -0.0290534
-19.5275 40.4449 -40.7113 -0.00419922 -0.999511 -0.0309956
-20.6573 40.4325 -40.1917 -0.0032815 -0.999522 -0.0307385
-21.5475 40.4252 -39.8947 -0.00180211 -0.999501 -0.0315214
-22.3994 40.4094 -39.3523 -0.00214362 -0.999488 -0.0319181
-23.4152 40.3898 -38.7103 -0.000163715 -0.999524 -0.0308391
-24.3009 40.3677 -37.9954 5.93095e-05 -0.999514 -0.0311744
-25.3586 40.3412 -37.2872 0.00414281 -0.999487 -0.0317609
-26.2644 40.3141 -36.6114 0.00825295 -0.999411 -0.0332708
-27.0092 40.2906 -36.0754 0.00861465 -0.999457 -0.0318155
-27.6859 40.2652 -35.4116 0.00726663 -0.999538 -0.0295091
-28.4496 40.2389 -34.8363 0.0118835 -0.999385 -0.0329992
-29.2357 40.2096 -34.329 0.0161219 -0.999363 -0.0318381
-30.0138 40.1771 -33.7646 0.0195409 -0.999225 -0.0341645
-30.7391 40.1396 -33.1222 0.0227591 -0.99915 -0.0343555
-31.5663 40.0938 -32.3691 0.0238212 -0.999164 -0.0331527
-32.4486 40.0436 -31.4175 0.0230713 -0.999244 -0.0312905
-33.3993 39.986 -30.2805 0.0222333 -0.999152 -0.0345039
-34.006 39.9404 -29.455 0.0265937 -0.998827 -0.040448
-35.0684 39.8572 -28.2213 0.0376288 -0.998572 -0.0377441
-35.6099 39.8119 -27.4942 0.0377161 -0.998709 -0.0340282
-36.5063 39.7385 -26.4449 0.0412724 -0.998605 -0.0329346
-37.0853 39.6891 -25.7261 0.0472504 -0.998339 -0.0329495
-37.8318 39.6278 -24.9558 0.0477637 -0.99821 -0.035938
-38.328 39.5717 -24.1148 0.044734 -0.998282 -0.0376271
-38.9299 39.5034 -23.1868 0.0541324 -0.997782 -0.038734
-39.3179 39.4475 -22.3294 0.056847 -0.99741 -0.0440509
-40.0293 39.3435 -20.9691 0.0677041 -0.996831 -0.0413069
-40.4429 39.2753 -19.9584 0.0733438 -0.996386 -0.042837
-40.4923 39.2655 -19.815 0.0733435 -0.996386 -0.0428371
