-16.0417 5.59082 -32.4633 0.0685158 -0.988643 0.133758
-17.2175 5.56701 -31.9858 0.0680398 -0.990703 0.117809
-18.0382 5.54906 -31.6035 0.0913436 -0.986437 0.1363
-18.8098 5.53918 -31.1372 0.092381 -0.986941 0.131963
-19.6793 5.54271 -30.5192 0.0887631 -0.98911 0.117401
-20.7581 5.54504 -29.6768 0.0907945 -0.989133 0.115623
-21.4989 5.54841 -29.0549 0.0895169 -0.989389 0.114427
-22.4404 5.55779 -28.2836 0.0847944 -0.989186 0.119672
-23.406 5.55894 -27.5097 0.0973694 -0.988975 0.111566
-24.2509 5.55802 -26.7627 0.102867 -0.988825 0.107853
-25.0729 5.55606 -26.0172 0.0982035 -0.988124 0.118181
-25.7692 5.56527 -25.2864 0.109521 -0.989458 0.0947489
-26.5485 5.57271 -24.341 0.10606 -0.989556 0.09762
-27.4085 5.5842 -23.266 0.117701 -0.987991 0.100097
-28.0472 5.59065 -22.4251 0.121948 -0.988058 0.0941824
-28.7237 5.59258 -21.5328 0.12256 -0.987585 0.0981982
-29.5647 5.5838 -20.544 0.131517 -0.986961 0.0927981
-30.1351 5.57635 -19.7774 0.134339 -0.988055 0.0754984
-30.8766 5.5802 -18.447 0.124829 -0.989313 0.0753428
-31.4148 5.59685 -17.2952 0.12965 -0.989267 0.0671899
-32.0598 5.59998 -15.8581 0.133789 -0.989187 0.0600733
-32.4547 5.60337 -14.9157 0.132699 -0.989568 0.0560914
-32.8138 5.60263 -14.0794 0.140685 -0.988639 0.0521665
-33.3425 5.59041 -12.7864 0.140391 -0.988772 0.0510822
-33.6904 5.58412 -11.8475 0.154998 -0.986827 0.0463443
-34.1256 5.57357 -10.6417 0.153261 -0.987005 0.0482658
-34.4613 5.55879 -9.46165 0.159412 -0.986734 0.0307107
-34.6697 5.56568 -8.32256 0.152277 -0.987884 0.0285587
-34.8124 5.5632 -7.36703 0.149649 -0.988602 0.0162058
-34.9395 5.55764 -6.44708 0.151893 -0.988156 0.021005
-35.0987 5.56721 -5.17489 0.149886 -0.988526 0.0167901
-35.2377 5.5533 -3.83892 0.160213 -0.987024 0.00943961
-35.4167 5.54511 -2.71023 0.163517 -0.98632 0.0208651
-35.6354 5.51891 -1.27016 0.169625 -0.985493 0.00555715
-35.6988 5.51718 0.048198 0.171962 -0.985064 0.00883451
-35.6368 5.52677 0.985957 0.166582 -0.985973 -0.0103949
-35.4556 5.55037 2.34615 0.166185 -0.986094 -0.00124658
-35.3129 5.56975 3.34745 0.160526 -0.986995 -0.00645409
-35.1901 5.58759 4.3992 0.154499 -0.987922 -0.00883776
-35.0421 5.59344 5.30452 0.156269 -0.987502 -0.020502
-34.9257 5.60525 6.22984 0.156084 -0.987742 -0.00198763
-34.805 5.61003 7.3461 0.1484 -0.988726 -0.0199428
-34.6749 5.61098 8.26757 0.145684 -0.989079 -0.0220632
-34.4764 5.61697 9.16132 0.143317 -0.989344 -0.0256741
-34.1323 5.63693 10.2581 0.139898 -0.989546 -0.0346103
-33.9077 5.63159 11.1781 0.150252 -0.987525 -0.0456886
-33.6544 5.62869 12.1068 0.151367 -0.987522 -0.0411163
-33.285 5.63337 13.146 0.137042 -0.989516 -0.0455891
-32.8669 5.64571 14.0322 0.144128 -0.987836 -0.0583654
-32.2857 5.65469 15.3388 0.14497 -0.987711 -0.0584013
-31.7491 5.64207 16.6848 0.125204 -0.990223 -0.0614575
-31.3001 5.62981 17.6804 0.126869 -0.989412 -0.0704879
-30.7328 5.63565 18.6057 0.129165 -0.988503 -0.0782374
-30.1419 5.646 19.4503 0.129013 -0.988552 -0.0782402
-29.4214 5.6538 20.4812 0.124969 -0.98856 -0.0844513
-28.8253 5.64755 21.3711 0.134971 -0.986766 -0.0898667
-28.2838 5.64803 22.1791 0.12558 -0.988141 -0.0878165
-27.6789 5.63793 23.0548 0.123128 -0.98766 -0.0967841
-27.0555 5.64189 23.7858 0.120719 -0.98789 -0.097466
-26.2563 5.65037 24.6445 0.114432 -0.988334 -0.100501
-25.3025 5.6607 25.7135 0.109834 -0.98858 -0.102691
-24.6845 5.65028 26.3916 0.102936 -0.988236 -0.113055
-23.997 5.65526 27.0096 0.102 -0.98955 -0.101919
-22.9009 5.66829 27.869 0.100343 -0.986785 -0.127208
-22.1258 5.66448 28.5274 0.103996 -0.98704 -0.122131
-21.2385 5.65463 29.2789 0.0837319 -0.988881 -0.122895
-20.2582 5.65057 29.9841 0.0919711 -0.987729 -0.126226
-19.4199 5.65342 30.5634 0.0900621 -0.986597 -0.136067
-18.1245 5.64953 31.4629 0.0884851 -0.985964 -0.141444
-16.8666 5.64418 32.1369 0.0770303 -0.986829 -0.142157
-15.8699 5.66717 32.5575 0.0813041 -0.987064 -0.138179
-14.9968 5.67494 32.9355 0.0677508 -0.986493 -0.149137
-14.0562 5.6717 33.3882 0.0730328 -0.988192 -0.134694
-13.1084 5.6786 33.7947 0.0614375 -0.987274 -0.146682
-11.824 5.68331 34.2575 0.0565159 -0.9861 -0.156245
-10.3534 5.68957 34.7212 0.0469697 -0.988252 -0.145434
-9.26808 5.69206 35.0699 0.0531966 -0.988021 -0.144863
-8.00505 5.70258 35.4647 0.0432655 -0.988766 -0.142696
-6.57225 5.72017 35.7203 0.0343501 -0.990277 -0.134789
-5.22236 5.7166 35.9765 0.0235253 -0.988382 -0.150157
-3.74544 5.70141 36.2196 0.0118224 -0.98834 -0.151801
-2.83966 5.69771 36.2988 0.00222052 -0.988034 -0.154222
-1.36305 5.69199 36.3778 0.0067382 -0.987529 -0.157296
0.108864 5.69685 36.4487 0.0124584 -0.987357 -0.158019
1.08078 5.69475 36.4829 -0.00323626 -0.987869 -0.155257
2.14269 5.68827 36.4952 -0.00519676 -0.987736 -0.156044
3.11874 5.68241 36.4938 -0.00704608 -0.987702 -0.156192
4.07853 5.6833 36.457 -0.005635 -0.987061 -0.160185
5.3814 5.69618 36.2596 -0.0248512 -0.988013 -0.152351
6.77328 5.70103 35.992 -0.0275051 -0.988309 -0.149932
7.96876 5.69655 35.794 -0.0284211 -0.988413 -0.149107
8.88919 5.6868 35.6794 -0.0293405 -0.988387 -0.149099
9.8027 5.68372 35.5537 -0.0349782 -0.986766 -0.157918
10.8627 5.67778 35.2629 -0.0460684 -0.988233 -0.145557
11.733 5.69796 34.8934 -0.036834 -0.989104 -0.142539
12.6054 5.7207 34.5101 -0.0424323 -0.988358 -0.145958
13.5601 5.72288 34.1801 -0.0532623 -0.990363 -0.127841
14.9236 5.69827 33.7619 -0.061668 -0.989755 -0.128768
15.7686 5.69244 33.4446 -0.0563295 -0.989199 -0.135322
16.941 5.69615 32.9012 -0.0646514 -0.989648 -0.128083
17.8404 5.69416 32.4384 -0.0660043 -0.989111 -0.131478
18.915 5.69524 31.8754 -0.0721005 -0.988321 -0.13425
20.1455 5.70073 31.1863 -0.067788 -0.988726 -0.133513
21.0184 5.70427 30.6901 -0.0793353 -0.987748 -0.134339
21.7939 5.7069 30.1947 -0.0887827 -0.987816 -0.127492
22.6956 5.69846 29.5437 -0.0948168 -0.988014 -0.121782
23.4882 5.70864 28.8679 -0.0925436 -0.988021 -0.123495
24.2029 5.71362 28.2832 -0.0956937 -0.987694 -0.123692
25.3469 5.70984 27.4436 -0.09363 -0.9876 -0.126003
26.2471 5.70956 26.786 -0.0959596 -0.988042 -0.120532
27.249 5.7172 25.8348 -0.112034 -0.987358 -0.111815
27.9877 5.71933 24.9919 -0.115 -0.988365 -0.0992928
28.7447 5.72403 24.0723 -0.0987319 -0.99075 -0.093094
29.5276 5.74597 22.9621 -0.101209 -0.991215 -0.0851458
30.189 5.74349 21.9773 -0.13164 -0.987838 -0.0827498
30.9187 5.73122 20.9905 -0.107939 -0.99101 -0.0790399
31.5471 5.72148 20.1798 -0.115328 -0.990839 -0.0702636
32.1692 5.70048 19.3214 -0.12551 -0.990476 -0.0566163
32.7232 5.68197 18.4888 -0.130289 -0.988754 -0.0734158
33.2329 5.68079 17.4696 -0.139818 -0.98858 -0.0557786
33.8113 5.67496 16.0451 -0.134406 -0.989463 -0.053838
34.2721 5.66508 14.8855 -0.140044 -0.989429 -0.0376588
34.6613 5.64814 13.9222 -0.14714 -0.987989 -0.0470217
35.1651 5.63015 12.6142 -0.15415 -0.987383 -0.0346055
35.5184 5.59785 11.5732 -0.158023 -0.987173 -0.0227732
35.8025 5.57117 10.69 -0.155729 -0.98765 -0.0161827
36.0637 5.54087 9.70382 -0.153632 -0.988079 -0.00982422
36.3668 5.50384 8.09902 -0.155405 -0.987842 -0.00411025
36.5155 5.48287 7.12292 -0.165844 -0.986143 -0.00418177
36.6189 5.46596 6.20037 -0.162283 -0.986744 0.00109721
36.6916 5.45023 5.20707 -0.163432 -0.986526 0.00750389
36.7548 5.4315 4.20059 -0.159194 -0.98716 0.0114008
36.9071 5.39017 2.98939 -0.164555 -0.986323 0.00805456
37.0995 5.35531 1.83785 -0.166183 -0.986093 -0.00102701
37.1902 5.33964 0.71976 -0.172543 -0.984985 0.00472067
37.2252 5.32262 -0.436793 -0.164667 -0.986306 0.00737951
37.1883 5.32565 -1.61084 -0.167349 -0.985895 0.00211731
37.0431 5.34898 -2.72747 -0.166473 -0.986033 0.00417208
36.7571 5.38841 -3.93682 -0.167744 -0.985794 0.00827757
36.6401 5.39974 -5.14424 -0.165174 -0.986241 0.00678458
36.6096 5.39775 -6.16266 -0.165147 -0.986245 0.00691561
36.5276 5.40271 -7.17999 -0.159336 -0.987147 0.0121793
36.3706 5.41594 -8.10358 -0.158823 -0.987261 0.00839185
36.1523 5.44732 -9.06436 -0.16255 -0.986678 0.005955
35.8906 5.47104 -10.2649 -0.157367 -0.987264 0.0233617
35.647 5.48709 -11.2792 -0.158393 -0.987249 0.0155031
35.3064 5.52861 -12.32 -0.163822 -0.986016 0.0270602
34.9066 5.54878 -13.1817 -0.154037 -0.987277 0.0381605
34.4338 5.59311 -14.2448 -0.141238 -0.989386 0.0303723
33.9472 5.61255 -15.3791 -0.144743 -0.988243 0.0492541
33.4738 5.62236 -16.5044 -0.137051 -0.989123 0.0530299
32.9951 5.62575 -17.6227 -0.127026 -0.990626 0.0502519
32.59 5.62841 -18.4901 -0.120981 -0.990985 0.0575014
32.1029 5.63684 -19.3628 -0.119807 -0.991205 0.0561958
31.5937 5.64832 -20.1945 -0.137923 -0.987866 0.0712146
31.1032 5.65217 -20.9859 -0.115918 -0.990862 0.0689646
30.5109 5.6635 -21.7988 -0.113996 -0.990947 0.0709168
29.6352 5.68138 -22.9405 -0.118821 -0.990161 0.073914
28.9745 5.69291 -23.7438 -0.102274 -0.990563 0.0911224
28.3596 5.68812 -24.4557 -0.10838 -0.989889 0.091247
27.4803 5.70538 -25.4106 -0.114876 -0.989052 0.0924536
26.7036 5.69728 -26.2833 -0.111792 -0.987718 0.109162
25.5791 5.71708 -27.2699 -0.100965 -0.989129 0.106304
24.7537 5.7254 -27.9346 -0.0960395 -0.990245 0.100954
23.7939 5.72178 -28.7132 -0.0796542 -0.989422 0.121243
22.762 5.70516 -29.5083 -0.077031 -0.989371 0.123336
21.7051 5.69045 -30.3021 -0.0824683 -0.988378 0.127702
20.853 5.68158 -30.9011 -0.076462 -0.988418 0.131083
19.9897 5.67034 -31.4775 -0.0713149 -0.989483 0.125821
19.0201 5.65913 -32.0959 -0.0739143 -0.98766 0.138074
18.2084 5.65433 -32.547 -0.0704279 -0.987759 0.139186
16.9646 5.67654 -33.0513 -0.0726824 -0.988567 0.132052
16.0026 5.69958 -33.3547 -0.0535695 -0.989918 0.131107
15.1285 5.70887 -33.6522 -0.0543691 -0.990117 0.129279
13.996 5.70999 -34.1137 -0.0534034 -0.990073 0.130017
12.8647 5.71014 -34.5616 -0.0502354 -0.990004 0.13179
11.6364 5.70152 -35.0174 -0.0403303 -0.988301 0.147088
10.4311 5.68894 -35.4891 -0.0573794 -0.987489 0.146879
9.49064 5.70327 -35.6984 -0.0324881 -0.989423 0.14041
8.52613 5.69657 -35.9142 -0.0289664 -0.987345 0.155915
7.21986 5.70212 -36.1013 -0.0198383 -0.989163 0.145474
6.0426 5.70306 -36.2451 -0.0146829 -0.988164 0.152666
5.13557 5.70304 -36.315 -0.00852046 -0.989588 0.143329
3.72793 5.69548 -36.4715 -0.0117554 -0.988629 0.149914
2.59598 5.68259 -36.6249 -0.000205586 -0.988913 0.148427
1.60065 5.67035 -36.6928 0.00228836 -0.989472 0.144708
0.609507 5.66802 -36.6655 0.00689978 -0.989396 0.14508
-0.463448 5.67512 -36.5508 0.0121768 -0.990075 0.139856
-1.59783 5.68111 -36.4429 0.00760923 -0.990805 0.135083
-2.5877 5.67921 -36.3779 0.0179263 -0.990319 0.137467
-3.97577 5.65891 -36.272 0.0287954 -0.989793 0.139573
-4.87083 5.64919 -36.1655 0.0275904 -0.990108 0.137566
-6.1088 5.63292 -35.9657 0.0504086 -0.987386 0.150096
-7.67627 5.61134 -35.621 0.0420075 -0.988223 0.147141
-8.74523 5.609 -35.33 0.0460721 -0.987703 0.149332
-9.80928 5.60343 -35.0175 0.0495654 -0.987143 0.151959
-11.0512 5.59865 -34.605 0.0534515 -0.988884 0.138668
-12.262 5.59658 -34.1338 0.057226 -0.988466 0.140202
-13.1469 5.59886 -33.7424 0.063671 -0.988353 0.138217
-14.3829 5.59304 -33.2123 0.0614287 -0.988597 0.13746
-15.4614 5.59561 -32.7252 0.0641742 -0.988819 0.134535
-15.6524 5.59421 -32.6377 0.0685153 -0.988643 0.133758
-16.0174 5.44889 -33.4573 0.0763354 -0.98489 0.155295
-14.9683 5.44506 -33.9397 0.0689058 -0.984431 0.1617
-14.1324 5.45191 -34.2977 0.0705923 -0.986106 0.150372
-13.0609 5.45747 -34.7564 0.0663189 -0.985792 0.15431
-12.1769 5.45303 -35.1511 0.0611549 -0.985401 0.1588
-11.2174 5.44459 -35.5322 0.0551618 -0.985207 0.16225
-9.99502 5.45519 -35.92 0.0544835 -0.986279 0.155713
-9.07776 5.46178 -36.1746 0.050342 -0.985262 0.163475
-8.07945 5.46839 -36.4456 0.048254 -0.985838 0.160558
-6.82754 5.47774 -36.7395 0.0467918 -0.986499 0.156915
-5.77566 5.50267 -36.9236 0.0515382 -0.986325 0.156543
-4.60713 5.51989 -37.0996 0.0272251 -0.986462 0.161716
-3.44884 5.52762 -37.2191 0.0203583 -0.985352 0.169277
-2.39831 5.5413 -37.2816 0.0239259 -0.985015 0.170801
-1.12635 5.54526 -37.3818 0.00648147 -0.988004 0.154293
0.0420548 5.53103 -37.5223 0.00653294 -0.98801 0.154254
1.14502 5.52821 -37.612 0.00314644 -0.98606 0.16591
2.25882 5.53769 -37.557 0.00261677 -0.984013 0.178077
3.45726 5.55686 -37.4051 -0.0116562 -0.988607 0.150071
4.53741 5.56571 -37.2635 -0.0115684 -0.988624 0.149966
5.50296 5.56288 -37.1939 -0.0127417 -0.988397 0.151349
6.60916 5.56374 -37.0816 -0.0212403 -0.987444 0.156447
7.53395 5.55929 -36.9656 -0.0270008 -0.986837 0.159429
8.75718 5.55195 -36.7865 -0.0276942 -0.987151 0.157359
9.94546 5.55473 -36.5506 -0.0289099 -0.987167 0.157056
10.8193 5.54064 -36.3345 -0.0496521 -0.987959 0.146327
11.9266 5.56239 -35.8726 -0.0399916 -0.988325 0.147019
13.0697 5.57357 -35.4544 -0.0581626 -0.987934 0.143328
14.472 5.56844 -34.9244 -0.0545884 -0.987033 0.150951
15.3527 5.57534 -34.5347 -0.06843 -0.985631 0.154373
16.3557 5.55542 -34.1998 -0.0697879 -0.986162 0.150383
17.4513 5.53046 -33.8494 -0.0728693 -0.987063 0.142594
18.3957 5.51245 -33.4752 -0.0746511 -0.987349 0.13979
19.4114 5.512 -32.925 -0.0781575 -0.986675 0.1427
20.3302 5.52091 -32.3562 -0.0782555 -0.986788 0.141865
21.4842 5.53858 -31.5979 -0.0842861 -0.985812 0.14499
22.7479 5.54854 -30.6913 -0.0880867 -0.987528 0.1305
23.5933 5.57056 -30.0287 -0.0846638 -0.986902 0.137249
24.3073 5.58285 -29.4534 -0.0919967 -0.987861 0.125167
25.2542 5.5875 -28.6813 -0.0986311 -0.987766 0.120791
26.267 5.5678 -27.9001 -0.117958 -0.986533 0.113311
27.1243 5.55296 -27.1494 -0.109907 -0.987113 0.116275
28.0406 5.56322 -26.1808 -0.110664 -0.988533 0.102506
28.819 5.55746 -25.3178 -0.123655 -0.98718 0.100587
29.7186 5.54791 -24.2745 -0.131801 -0.985704 0.104959
30.4469 5.55221 -23.3659 -0.123498 -0.988009 0.0909383
31.008 5.53876 -22.6309 -0.139586 -0.986815 0.0819275
31.5767 5.52107 -21.8912 -0.135531 -0.987129 0.0848948
32.2733 5.49918 -20.9235 -0.142649 -0.987364 0.069016
32.8111 5.49147 -20.0049 -0.138693 -0.987128 0.0796392
33.2914 5.49753 -19.0987 -0.137926 -0.987644 0.0743987
33.6864 5.50271 -18.2727 -0.157598 -0.985578 0.059886
34.1599 5.48228 -17.2324 -0.148888 -0.98767 0.048373
34.6313 5.47495 -16.1058 -0.154358 -0.986494 0.0540782
35.1231 5.45189 -14.9556 -0.159745 -0.986011 0.0475738
35.4867 5.42653 -14.0878 -0.163625 -0.985829 0.0369872
36.0909 5.37763 -12.7637 -0.157713 -0.986817 0.0363082
36.5476 5.34194 -11.437 -0.156061 -0.987587 0.0177827
36.7782 5.32382 -10.508 -0.161063 -0.986737 0.0194819
36.9684 5.30692 -9.56782 -0.164834 -0.986244 0.0116727
37.2492 5.26862 -8.31169 -0.166858 -0.985915 0.0106117
37.4214 5.2536 -7.36895 -0.168553 -0.985601 0.0131145
37.4996 5.24733 -6.39724 -0.168086 -0.985753 0.00618185
37.5519 5.24624 -4.91502 -0.16985 -0.985459 0.00461815
37.7257 5.22285 -3.8344 -0.169452 -0.985493 0.00944685
37.9478 5.19146 -2.7672 -0.176733 -0.984243 0.00560841
38.0664 5.17646 -1.79873 -0.172035 -0.985068 0.00371227
38.1272 5.16663 -0.406699 -0.172088 -0.985082 -0.000159903
38.1098 5.17798 0.640742 -0.17339 -0.984825 0.00740108
38.0111 5.19745 1.63791 -0.172136 -0.985072 0.00181577
37.8975 5.22371 2.54274 -0.171535 -0.985144 0.00822002
37.7407 5.25847 3.61359 -0.167289 -0.985849 0.0102435
37.6365 5.2836 4.54802 -0.16916 -0.985559 0.00764571
37.5587 5.30572 5.60902 -0.170043 -0.985408 0.00750013
37.4887 5.32168 6.66269 -0.164776 -0.986325 -0.0021907
37.3684 5.33685 7.73407 -0.165843 -0.986143 -0.00418144
37.1657 5.3673 8.82958 -0.164883 -0.986311 -0.00203794
36.9903 5.39283 9.7397 -0.163845 -0.986467 -0.00613538
36.7792 5.41838 10.6866 -0.154212 -0.987889 -0.0161214
36.4615 5.44785 11.5753 -0.160973 -0.986429 -0.0301816
36.171 5.46996 12.5095 -0.159806 -0.986819 -0.0254837
35.8327 5.49212 13.4658 -0.148022 -0.988059 -0.0427596
35.4754 5.50929 14.3214 -0.147552 -0.988171 -0.0417925
35.1218 5.52763 15.175 -0.154423 -0.986612 -0.0509623
34.7531 5.53043 16.1028 -0.162724 -0.985002 -0.0573729
34.2872 5.5419 17.2272 -0.164146 -0.984633 -0.0595503
33.8584 5.53345 18.2858 -0.158073 -0.984636 -0.0741984
33.3981 5.54515 19.1446 -0.144559 -0.986814 -0.0712727
32.7942 5.56369 20.029 -0.138261 -0.986824 -0.0840356
32.1124 5.58745 20.9143 -0.145278 -0.986193 -0.0794857
31.4137 5.60044 21.804 -0.118527 -0.988485 -0.0940686
30.721 5.60413 22.7948 -0.132043 -0.987845 -0.0820148
30.1069 5.60995 23.7155 -0.128166 -0.986962 -0.0963822
29.4196 5.58193 24.7013 -0.115908 -0.987011 -0.11124
28.7722 5.57777 25.4718 -0.111489 -0.98831 -0.103985
27.9882 5.57222 26.3651 -0.114649 -0.987851 -0.104861
27.119 5.5608 27.2137 -0.11165 -0.984927 -0.132108
26.3686 5.56337 27.82 -0.11042 -0.98489 -0.133414
25.3411 5.56642 28.5781 -0.095694 -0.987694 -0.123691
24.5338 5.56883 29.1944 -0.0961381 -0.987856 -0.122056
23.7833 5.56026 29.8348 -0.0924059 -0.988043 -0.123422
22.9548 5.55492 30.4791 -0.10145 -0.986701 -0.126997
22.1941 5.5648 31.01 -0.100805 -0.986133 -0.131745
21.157 5.56328 31.6223 -0.0764154 -0.987405 -0.138518
20.3361 5.55445 32.1139 -0.0741608 -0.986776 -0.144132
19.5583 5.53982 32.5924 -0.0753296 -0.986073 -0.148166
18.7006 5.54431 33.0291 -0.0782539 -0.985209 -0.152376
17.5439 5.54602 33.6133 -0.0840505 -0.984144 -0.156194
16.7359 5.5489 34.0152 -0.0732815 -0.984872 -0.156798
15.84 5.54886 34.3934 -0.0631998 -0.98567 -0.156375
14.6605 5.56404 34.7977 -0.0731909 -0.983951 -0.162739
13.7859 5.57959 35.0706 -0.0572203 -0.985627 -0.15833
12.7413 5.56965 35.4651 -0.0480311 -0.987613 -0.149378
11.6465 5.547 35.9214 -0.0450875 -0.985346 -0.16414
10.5119 5.52752 36.3296 -0.044483 -0.986782 -0.155831
9.19467 5.53804 36.5842 -0.038607 -0.985145 -0.167326
8.29359 5.55684 36.6581 -0.0288811 -0.9884 -0.149103
6.9282 5.55465 36.8712 -0.0216906 -0.986796 -0.160511
5.78529 5.55444 37.0816 -0.0277348 -0.985899 -0.164947
4.86125 5.54192 37.2452 -0.00863656 -0.98505 -0.172051
3.8218 5.53092 37.3668 -0.0128505 -0.985312 -0.17028
2.66146 5.53467 37.4074 -0.00607698 -0.986271 -0.165025
1.72653 5.54274 37.405 -0.00128054 -0.984882 -0.172897
0.485118 5.5418 37.3756 0.00465089 -0.983415 -0.18131
-0.689912 5.54578 37.3209 0.0104039 -0.985529 -0.169188
-1.80747 5.545 37.2568 0.00748612 -0.985293 -0.17068
-2.91928 5.55059 37.1951 0.0065425 -0.984809 -0.173504
-4.25169 5.55668 37.0682 0.0138889 -0.984957 -0.172239
-5.45856 5.56776 36.8511 0.0330489 -0.984771 -0.170688
-6.41504 5.56637 36.675 0.0328983 -0.984722 -0.170999
-7.57252 5.5485 36.5028 0.0431344 -0.98479 -0.168278
-8.7454 5.55138 36.2186 0.044988 -0.986933 -0.154246
-9.84688 5.54164 35.8452 0.0528744 -0.986339 -0.155589
-10.7435 5.54523 35.566 0.0479357 -0.987965 -0.147062
-11.8263 5.53593 35.2034 0.0649706 -0.98745 -0.143946
-12.7968 5.52723 34.894 0.0551243 -0.986154 -0.156401
-13.7916 5.53247 34.492 0.0666663 -0.987231 -0.144564
-14.9195 5.52223 33.9768 0.0723838 -0.986321 -0.14799
-16.1893 5.52423 33.3906 0.074528 -0.986779 -0.143658
-17.2655 5.49892 32.9441 0.0801634 -0.987177 -0.138045
-18.3742 5.49166 32.3755 0.0856039 -0.98542 -0.147037
-19.5728 5.50436 31.543 0.0900621 -0.986597 -0.136067
-20.6297 5.50925 30.8192 0.0903639 -0.987207 -0.131255
-21.4591 5.51232 30.2467 0.0814486 -0.988322 -0.128782
-22.5322 5.51929 29.379 0.105545 -0.987394 -0.117957
-23.2596 5.52173 28.7229 0.100343 -0.986785 -0.127208
-24.2921 5.51768 27.934 0.117103 -0.98476 -0.128165
-25.1039 5.49552 27.2612 0.126247 -0.985109 -0.116711
-25.7568 5.5057 26.5631 0.122594 -0.984266 -0.127055
-26.4807 5.5119 25.749 0.133734 -0.983681 -0.120363
-27.092 5.51147 25.0589 0.115852 -0.988564 -0.0964402
-27.8992 5.49452 24.2045 0.129347 -0.986397 -0.101443
-28.5576 5.4874 23.3928 0.13412 -0.986233 -0.0967314
-29.1542 5.49152 22.5346 0.13759 -0.985658 -0.0977146
-29.6976 5.49691 21.715 0.13628 -0.986212 -0.0937909
-30.2294 5.50175 20.9227 0.144418 -0.984227 -0.102182
-30.9088 5.50164 19.9455 0.141256 -0.98586 -0.0893612
-31.5798 5.48723 19.0121 0.147266 -0.985365 -0.0844795
-32.0818 5.48156 18.1675 0.154548 -0.982804 -0.101046
-32.5203 5.49985 17.1617 0.141281 -0.987389 -0.0714339
-32.9024 5.51629 16.135 0.1424 -0.987891 -0.061488
-33.4078 5.50968 15.006 0.14497 -0.987711 -0.0584016
-33.8941 5.49698 14.0238 0.143517 -0.987879 -0.0591454
-34.3867 5.47797 12.8352 0.165565 -0.98543 -0.0389205
-34.8039 5.47695 11.3528 0.16271 -0.985378 -0.050468
-35.2351 5.46697 9.86965 0.173095 -0.984357 -0.0328475
-35.4835 5.45239 8.99629 0.173031 -0.98437 -0.0328185
-35.6569 5.45531 7.92781 0.17104 -0.984916 -0.0261914
-35.7821 5.45814 6.83887 0.178542 -0.983793 -0.0162537
-35.9187 5.44956 5.61751 0.167131 -0.985827 -0.00750506
-36.0898 5.4369 4.50627 0.166087 -0.985999 -0.0148411
-36.2686 5.40967 3.04741 0.170814 -0.985301 -0.00101759
-36.4575 5.38096 1.73348 0.1754 -0.98448 0.000739573
-36.5669 5.36107 0.624879 0.182482 -0.983207 -0.00212958
-36.5951 5.3535 -0.654412 0.181172 -0.983428 0.00683808
-36.4513 5.37194 -1.88432 0.178935 -0.983831 0.00735292
-36.2999 5.39009 -2.88166 0.177256 -0.98413 0.00828646
-36.1264 5.40743 -4.00686 0.160213 -0.987023 0.00943988
-36.0304 5.41537 -4.9992 0.1681 -0.985709 0.0109486
-35.8737 5.41622 -6.37637 0.159293 -0.986913 0.0236082
-35.7041 5.41899 -7.4959 0.165303 -0.98598 0.022787
-35.5736 5.41049 -8.49032 0.166901 -0.985358 0.0348398
-35.4196 5.40459 -9.39488 0.165492 -0.985678 0.0322789
-35.0461 5.43059 -10.6725 0.154081 -0.987261 0.0380366
-34.6818 5.43517 -11.7059 0.153261 -0.987005 0.0482658
-34.2803 5.45118 -12.8318 0.145723 -0.988659 0.0362941
-33.7866 5.45393 -14.1255 0.148239 -0.98764 0.0508508
-33.339 5.46984 -15.1794 0.140685 -0.988639 0.0521665
-32.7826 5.45908 -16.4948 0.150545 -0.985626 0.0766398
-32.3454 5.45428 -17.4454 0.155208 -0.985026 0.0750612
-31.8267 5.44444 -18.5813 0.141146 -0.98646 0.0829846
-31.2511 5.43119 -19.6876 0.134787 -0.987998 0.0754432
-30.7148 5.43488 -20.5359 0.142203 -0.984484 0.102471
-30.0297 5.43645 -21.4106 0.136573 -0.985638 0.0992144
-29.1726 5.44826 -22.461 0.121633 -0.988057 0.0945993
-28.3981 5.44302 -23.4651 0.12201 -0.987029 0.10434
-27.7349 5.43519 -24.3127 0.121747 -0.987205 0.10298
-27.0717 5.42677 -25.1688 0.12049 -0.987286 0.103678
-26.4587 5.41924 -25.8968 0.122534 -0.985937 0.113643
-25.7748 5.41044 -26.6193 0.103713 -0.986859 0.123903
-24.9878 5.41104 -27.3423 0.115707 -0.986529 0.115636
-24.2131 5.41707 -27.9938 0.103942 -0.986274 0.128262
-23.4514 5.41761 -28.6185 0.108317 -0.987088 0.118006
-22.2908 5.41813 -29.5731 0.087703 -0.989517 0.114735
-21.1749 5.40688 -30.5001 0.103333 -0.985573 0.134047
-20.4377 5.40621 -31.0609 0.096812 -0.984432 0.146681
-19.2896 5.39213 -31.8944 0.0962654 -0.985235 0.141463
-17.9699 5.40487 -32.6582 0.0884206 -0.986056 0.140965
-16.9361 5.43209 -33.0741 0.0845367 -0.985373 0.147966
-16.2262 5.44653 -33.3615 0.0795311 -0.985612 0.149145
-16.3665 5.28707 -34.2838 0.0748914 -0.983332 0.165679
-17.6161 5.27049 -33.7663 0.0830633 -0.985684 0.146722
-18.7164 5.2477 -33.2901 0.0846761 -0.98562 0.146229
-19.7373 5.24242 -32.6568 0.0979859 -0.985843 0.136062
-20.5075 5.24444 -32.1006 0.0968119 -0.984432 0.146681
-21.5969 5.25284 -31.3073 0.101206 -0.984905 0.140272
-22.4734 5.2625 -30.6043 0.0955314 -0.986207 0.135163
-23.1674 5.27599 -29.9899 0.112067 -0.985364 0.128446
-24.0904 5.26499 -29.2622 0.112853 -0.98549 0.126783
-25.069 5.25594 -28.5169 0.110725 -0.985773 0.126364
-25.8226 5.24889 -27.8739 0.116969 -0.9853 0.124484
-26.6393 5.25459 -27.065 0.119279 -0.984555 0.128152
-27.2843 5.26164 -26.3739 0.120903 -0.985985 0.11494
-27.9541 5.2803 -25.5186 0.134041 -0.983047 0.125107
-28.7994 5.29255 -24.3981 0.138882 -0.984053 0.111087
-29.4165 5.29556 -23.611 0.140685 -0.983358 0.114953
-30.229 5.29535 -22.5624 0.145303 -0.983967 0.10342
-31.2257 5.27086 -21.3659 0.150406 -0.983374 0.101749
-31.9159 5.26998 -20.3347 0.155143 -0.982988 0.0982587
-32.5279 5.27674 -19.2698 0.158999 -0.982563 0.0963791
-33.0432 5.2958 -18.0909 0.154863 -0.985162 0.0739884
-33.5301 5.29934 -17.0653 0.15499 -0.984461 0.0823444
-33.8841 5.31252 -16.2091 0.153155 -0.985486 0.0731523
-34.3286 5.31637 -15.1266 0.157902 -0.985773 0.0576023
-34.7288 5.30401 -14.1881 0.171328 -0.98298 0.0662867
-35.1195 5.30591 -13.1785 0.174863 -0.982475 0.0643418
-35.437 5.28433 -12.3257 0.169417 -0.985028 0.0318913
-35.8408 5.27187 -11.1685 0.170893 -0.983965 0.0505256
-36.1374 5.25934 -10.2789 0.170758 -0.984626 0.0352426
-36.4258 5.24923 -8.9939 0.173211 -0.984375 0.0302943
-36.5969 5.26841 -7.53528 0.16666 -0.985605 0.0279112
-36.7665 5.26394 -6.42974 0.166969 -0.985742 0.0208435
-36.8987 5.26232 -5.41739 0.180514 -0.983335 0.0160866
-37.0047 5.24669 -4.32624 0.187782 -0.982203 0.00385042
-37.0984 5.2398 -3.42112 0.186236 -0.982411 0.0136164
-37.3758 5.20289 -1.78215 0.180486 -0.983561 0.0056754
-37.4934 5.18607 -0.885381 0.189496 -0.981864 0.0058471
-37.5095 5.18465 0.0672585 0.185105 -0.982718 0.00132712
-37.4153 5.20271 1.03071 0.181099 -0.983457 0.00121204
-37.3293 5.22293 2.00306 0.179715 -0.983708 0.00455303
-37.1955 5.24909 2.92235 0.170813 -0.985301 -0.00101693
-37.046 5.2704 4.31471 0.189985 -0.981755 -0.00791338
-36.8617 5.28739 5.49429 0.171129 -0.98508 -0.0182222
-36.7195 5.29128 6.62037 0.174652 -0.984496 -0.0156167
-36.6195 5.29209 7.53329 0.178821 -0.983689 -0.0194485
-36.4857 5.28529 8.66728 0.178664 -0.983332 -0.0337166
-36.2625 5.28888 9.66318 0.186913 -0.981585 -0.038605
-35.85 5.3248 10.8872 0.169239 -0.984668 -0.0412581
-35.4832 5.30524 12.3652 0.181531 -0.981652 -0.0582438
-35.1624 5.32599 13.2506 0.199594 -0.978968 -0.0422291
-34.7035 5.34077 14.3869 0.178508 -0.980298 -0.0845568
-34.198 5.34833 15.4317 0.179668 -0.980907 -0.0744327
-33.7155 5.35632 16.4847 0.179083 -0.980647 -0.0790077
-33.261 5.32615 17.7713 0.16912 -0.981263 -0.0921636
-32.8332 5.30743 18.7003 0.168431 -0.980903 -0.0972647
-32.2832 5.31684 19.608 0.167156 -0.981751 -0.0906881
-31.6344 5.33531 20.5048 0.162392 -0.981536 -0.101075
-31.0118 5.33715 21.4023 0.142699 -0.985249 -0.09409
-30.4174 5.34722 22.2611 0.1364 -0.986458 -0.0908329
-29.6067 5.33326 23.4832 0.137145 -0.985388 -0.100943
-28.8313 5.33988 24.5173 0.136973 -0.985748 -0.0976266
-27.9247 5.34162 25.5348 0.134695 -0.983699 -0.119137
-27.1642 5.34535 26.3507 0.133797 -0.983672 -0.120361
-26.4868 5.33863 27.1107 0.12909 -0.983501 -0.126734
-25.7686 5.33052 27.9067 0.129521 -0.983536 -0.126016
-24.7353 5.36087 28.7338 0.117104 -0.98476 -0.128165
-23.9858 5.3687 29.2841 0.108 -0.985219 -0.132968
-22.896 5.35604 30.2718 0.117101 -0.983533 -0.137644
-21.8128 5.35529 31.0993 0.0969339 -0.984762 -0.144382
-20.4924 5.35417 31.9975 0.0965949 -0.984895 -0.143703
-19.5174 5.3408 32.6922 0.0924091 -0.983008 -0.158585
-18.5597 5.32436 33.3416 0.0901185 -0.983351 -0.157795
-17.1689 5.35171 33.9733 0.0886798 -0.983854 -0.155458
-16.1145 5.36984 34.4162 0.0852328 -0.982877 -0.163368
-14.9262 5.3765 34.962 0.0762962 -0.985054 -0.154171
-13.7965 5.37299 35.4894 0.0638489 -0.984265 -0.164642
-12.944 5.36915 35.8142 0.0576951 -0.984888 -0.163297
-11.9612 5.38685 36.1175 0.0748948 -0.984027 -0.161498
-10.8648 5.38833 36.5162 0.0535958 -0.983211 -0.174423
-9.96763 5.38778 36.7974 0.0591471 -0.984747 -0.163134
-8.64228 5.38721 37.1817 0.0450005 -0.982923 -0.178429
-7.34839 5.39661 37.4342 0.04048 -0.983631 -0.175512
-6.4292 5.40449 37.5813 0.0354212 -0.981421 -0.188478
-5.34714 5.41042 37.7823 0.0369958 -0.98281 -0.180536
-4.43423 5.39897 37.9497 0.014511 -0.981437 -0.191236
-3.04981 5.39125 38.0835 0.00936735 -0.983332 -0.181578
-1.5507 5.3892 38.1789 0.0111974 -0.983119 -0.182626
-0.1494 5.38198 38.2577 -0.00159479 -0.983184 -0.182515
0.76156 5.37172 38.3051 0.0051226 -0.983454 -0.181085
1.67207 5.37569 38.3101 0.00517747 -0.982419 -0.186619
2.59584 5.38429 38.2905 0.00103581 -0.98186 -0.189537
3.92957 5.37205 38.2594 -0.0148551 -0.983741 -0.178977
4.87403 5.38162 38.1593 -0.00587346 -0.983939 -0.178409
6.13171 5.39924 37.9319 -0.0253837 -0.985204 -0.169493
7.06305 5.40026 37.7641 -0.0325898 -0.982679 -0.182429
8.10599 5.39391 37.6102 -0.0328593 -0.98274 -0.182053
9.05039 5.38109 37.5161 -0.0311279 -0.982792 -0.182073
10.0893 5.36655 37.3861 -0.0425536 -0.984265 -0.171419
11.1259 5.36903 37.1022 -0.0494306 -0.983382 -0.17465
12.4323 5.3845 36.6111 -0.05051 -0.983777 -0.172107
13.3076 5.40671 36.2344 -0.0528846 -0.982807 -0.176897
14.3877 5.41117 35.8156 -0.0684646 -0.983433 -0.167844
15.6364 5.39477 35.4198 -0.0640557 -0.983747 -0.167743
16.5379 5.39141 35.0869 -0.0785959 -0.982803 -0.166998
17.4355 5.38235 34.687 -0.0819683 -0.983531 -0.161073
18.7711 5.38399 34.0074 -0.0755806 -0.984868 -0.155956
20.0452 5.38146 33.4141 -0.0750961 -0.98381 -0.16272
21.1556 5.40064 32.7075 -0.0937605 -0.983745 -0.153153
22.053 5.41108 32.1386 -0.0807619 -0.983091 -0.164344
22.9111 5.40945 31.6056 -0.100158 -0.985565 -0.136493
24.0592 5.40889 30.7754 -0.098836 -0.985569 -0.137423
24.8313 5.42234 30.1113 -0.105054 -0.985428 -0.133759
25.6128 5.42146 29.4926 -0.105615 -0.985608 -0.131994
26.6772 5.40956 28.7174 -0.107718 -0.986155 -0.126072
27.459 5.40137 28.1135 -0.109069 -0.985523 -0.129744
28.4123 5.41094 27.2176 -0.115793 -0.984323 -0.133042
29.4229 5.43812 26.0926 -0.123367 -0.983634 -0.131234
30.2556 5.4347 25.1149 -0.130417 -0.985059 -0.112376
30.9398 5.46441 24.0929 -0.124845 -0.985925 -0.111163
31.5383 5.46036 23.1578 -0.13628 -0.986066 -0.0953087
32.1645 5.46259 22.286 -0.148105 -0.984425 -0.0935918
32.8813 5.43122 21.4011 -0.157716 -0.982931 -0.0947144
33.4755 5.40788 20.6442 -0.157574 -0.983123 -0.0929521
34.1224 5.38589 19.6779 -0.167511 -0.982636 -0.0797913
34.5936 5.36973 18.8878 -0.163145 -0.983222 -0.0814624
35.0188 5.37544 17.8741 -0.161696 -0.984131 -0.0730738
35.376 5.37234 17.0105 -0.165569 -0.984265 -0.0617276
35.8573 5.37159 15.744 -0.164549 -0.984383 -0.0625636
36.3213 5.3567 14.6552 -0.172075 -0.98378 -0.0506191
36.6837 5.33472 13.8188 -0.171322 -0.984027 -0.0483645
37.0334 5.30806 12.8783 -0.180244 -0.982908 -0.0374757
37.3791 5.28388 11.742 -0.169008 -0.984864 -0.0384631
37.7075 5.2573 10.837 -0.181769 -0.982951 -0.026569
37.9233 5.23771 9.76522 -0.173199 -0.984742 -0.0124586
38.1444 5.20314 8.57336 -0.169179 -0.985584 -0.00131939
38.3123 5.17763 7.61383 -0.168405 -0.985706 -0.00492981
38.4156 5.15825 6.36337 -0.181217 -0.983406 0.00810363
38.4773 5.1402 5.16945 -0.181808 -0.983321 0.00509354
38.6146 5.1066 3.95092 -0.180466 -0.983553 0.0074564
38.776 5.06763 2.65494 -0.184677 -0.982795 0.0027412
38.8875 5.04412 1.74365 -0.184706 -0.98279 0.00277952
38.9933 5.02235 0.735438 -0.174125 -0.984709 0.0050799
39.0174 5.00825 -0.30622 -0.185975 -0.982511 0.00808165
38.9903 5.00768 -1.40286 -0.183199 -0.98306 0.00552346
38.8895 5.02359 -2.57202 -0.179838 -0.98368 0.00431071
38.7154 5.04966 -3.48692 -0.185333 -0.982641 0.0082735
38.474 5.09105 -4.68824 -0.173353 -0.984807 -0.00139914
38.406 5.09727 -5.99409 -0.165496 -0.986174 0.00854444
38.315 5.09636 -7.49153 -0.180131 -0.983562 0.0126073
38.1324 5.11762 -8.44185 -0.181016 -0.983385 0.0135835
37.9091 5.13877 -9.54042 -0.18493 -0.982574 0.0186785
37.7142 5.15664 -10.4299 -0.18352 -0.982782 0.0214579
37.5122 5.18061 -11.3322 -0.175379 -0.984289 0.0187695
37.2362 5.20147 -12.3743 -0.169794 -0.985125 0.0264276
36.8212 5.23426 -13.3864 -0.16113 -0.985888 0.0454028
36.348 5.27122 -14.3802 -0.16578 -0.985469 0.0369775
35.8272 5.29958 -15.6741 -0.163964 -0.985101 0.0518822
35.3389 5.32201 -16.7735 -0.16302 -0.985202 0.0529235
34.9118 5.32656 -17.8448 -0.167956 -0.983239 0.0709081
34.4778 5.332 -18.8001 -0.168779 -0.983562 0.0641747
34.0506 5.35232 -19.6105 -0.168396 -0.982484 0.0791466
33.4772 5.33704 -20.7006 -0.153508 -0.984461 0.0847355
32.8989 5.3504 -21.6202 -0.152528 -0.98489 0.0820218
32.3311 5.37051 -22.3848 -0.148037 -0.985123 0.0872834
31.5803 5.39013 -23.355 -0.146481 -0.984242 0.0990462
30.794 5.39322 -24.3826 -0.13474 -0.984804 0.109573
29.9501 5.39675 -25.4131 -0.131442 -0.985956 0.103025
29.2167 5.40528 -26.2663 -0.131307 -0.985963 0.103132
28.3242 5.40904 -27.2246 -0.135157 -0.98274 0.126308
27.5016 5.39984 -28.1061 -0.111827 -0.987179 0.113898
26.5352 5.41893 -28.8443 -0.1109 -0.985245 0.130361
25.6743 5.4337 -29.4807 -0.116016 -0.984406 0.132229
24.8878 5.43142 -30.1493 -0.109433 -0.984348 0.13814
23.9642 5.41625 -30.8904 -0.0889093 -0.986382 0.138365
22.9038 5.39403 -31.7 -0.0896689 -0.984786 0.148851
22.0944 5.38315 -32.2591 -0.0899475 -0.984833 0.148367
21.1033 5.37412 -32.9246 -0.0907152 -0.984696 0.148806
20.3038 5.36714 -33.4353 -0.0838205 -0.98508 0.150047
19.3116 5.35882 -34.0321 -0.0781498 -0.986558 0.143512
18.1978 5.36324 -34.5538 -0.0752127 -0.984519 0.15832
16.8442 5.39687 -35.0057 -0.077485 -0.984596 0.156738
15.713 5.4119 -35.3987 -0.0670731 -0.9851 0.158363
14.7742 5.4076 -35.8223 -0.0668873 -0.985104 0.158418
13.5146 5.41341 -36.2726 -0.0614523 -0.982857 0.173829
12.4025 5.4099 -36.6496 -0.0495461 -0.983371 0.174718
11.5463 5.39832 -37.0143 -0.0521953 -0.985146 0.163379
10.6918 5.39462 -37.3193 -0.0602095 -0.986151 0.154538
9.70964 5.40824 -37.521 -0.0401006 -0.984428 0.170135
8.65338 5.41155 -37.6919 -0.0262362 -0.98739 0.15612
7.10338 5.41324 -37.9134 -0.0229985 -0.984307 0.174962
5.86802 5.4125 -38.0616 -0.0197328 -0.98339 0.180397
4.64558 5.42077 -38.1706 -0.0164973 -0.982331 0.186257
3.50792 5.39905 -38.3062 -0.00170167 -0.982724 0.185068
2.14238 5.36713 -38.4977 -0.000233483 -0.983405 0.181373
1.04156 5.36523 -38.5273 -0.00397972 -0.984295 0.176485
-0.179989 5.37803 -38.4165 0.00980369 -0.982396 0.186552
-1.34426 5.39922 -38.246 0.0164258 -0.983227 0.181407
-2.72558 5.38039 -38.1595 0.0235106 -0.984059 0.176277
-3.64552 5.3739 -38.0986 0.017993 -0.983871 0.177972
-5.13798 5.36531 -37.9141 0.0380508 -0.981942 0.185314
-6.70355 5.33758 -37.6703 0.0489502 -0.986685 0.155103
-8.22537 5.31305 -37.3416 0.0518758 -0.985362 0.16239
-9.27461 5.30667 -37.0489 0.0486171 -0.985516 0.162454
-10.1752 5.30068 -36.8239 0.0468931 -0.985769 0.161434
-11.5313 5.28947 -36.3765 0.0646886 -0.985415 0.157267
-12.4126 5.29419 -36.0235 0.0607417 -0.983639 0.169601
-13.7062 5.30503 -35.4399 0.07475 -0.983305 0.165904
-14.9688 5.2891 -34.9385 0.0805676 -0.983751 0.160445
-16.301 5.28664 -34.316 0.074891 -0.983332 0.165679
-16.5574 5.11616 -35.2119 0.0768138 -0.983613 0.163078
-17.4765 5.11157 -34.7833 0.0865271 -0.982166 0.166925
-18.3497 5.09641 -34.4262 0.0969538 -0.980051 0.173495
-19.2372 5.07961 -34.0037 0.102131 -0.980905 0.165514
-20.1187 5.08053 -33.4523 0.105313 -0.981743 0.158204
-21.2091 5.09262 -32.6568 0.0939716 -0.983994 0.151409
-22.013 5.09753 -32.0873 0.0992056 -0.984764 0.14282
-22.7895 5.10355 -31.506 0.0993377 -0.984805 0.142447
-23.5947 5.12136 -30.7905 0.112974 -0.984057 0.137282
-24.4398 5.11335 -30.1201 0.115938 -0.984355 0.132669
-25.2371 5.09504 -29.577 0.115256 -0.983725 0.137844
-25.9551 5.08957 -29.0001 0.119141 -0.984274 0.130322
-26.6757 5.08802 -28.3264 0.119343 -0.984925 0.125223
-27.4129 5.09211 -27.5736 0.133569 -0.98313 0.124953
-28.1139 5.0989 -26.7747 0.134403 -0.982954 0.125445
-28.7943 5.12142 -25.8703 0.133418 -0.983097 0.125379
-29.4216 5.12966 -25.0547 0.14183 -0.983799 0.10965
-30.0884 5.12492 -24.2483 0.140519 -0.983375 0.115016
-30.7275 5.14003 -23.3398 0.142828 -0.983679 0.109251
-31.4674 5.11842 -22.4947 0.147375 -0.983703 0.103004
-32.0484 5.10553 -21.7542 0.164632 -0.981363 0.0991072
-32.5732 5.09871 -20.9617 0.162749 -0.981169 0.104023
-33.105 5.1001 -20.1167 0.160543 -0.981841 0.100996
-33.6706 5.11495 -18.9685 0.172071 -0.980373 0.0962302
-34.032 5.13825 -18.0443 0.167489 -0.982328 0.0828423
-34.5277 5.13816 -17.0404 0.166347 -0.982604 0.0825692
-34.9275 5.16132 -15.9389 0.166116 -0.982943 0.0789228
-35.3855 5.13796 -14.9811 0.175215 -0.982738 0.0589921
-35.7951 5.13226 -13.979 0.171327 -0.98298 0.0662869
-36.2395 5.12841 -12.7624 0.181224 -0.981829 0.0560574
-36.557 5.1102 -11.8807 0.180671 -0.982584 0.0434389
-37.0212 5.08062 -10.5456 0.188063 -0.981143 0.0445679
-37.2311 5.07882 -9.66233 0.185653 -0.981898 0.0368872
-37.365 5.08515 -8.62103 0.183494 -0.982599 0.0288027
-37.4625 5.09522 -7.71977 0.194004 -0.980692 0.0246017
-37.643 5.09135 -6.64937 0.201765 -0.97892 0.0311995
-37.7923 5.08351 -5.5797 0.194313 -0.980878 0.0109535
-37.8918 5.07454 -4.52052 0.197277 -0.9803 0.00926804
-38.0586 5.05555 -3.02618 0.197566 -0.980242 0.00967965
-38.2579 5.03217 -1.90934 0.192469 -0.981233 0.0104862
-38.394 5.01225 -0.825707 0.18985 -0.981799 0.00533689
-38.3847 5.01799 0.397276 0.188043 -0.98216 0.00126661
-38.2851 5.04357 1.57333 0.188842 -0.981959 0.00974344
-38.1926 5.06308 2.57337 0.192788 -0.981159 -0.0126633
-38.0647 5.07872 3.57388 0.193845 -0.981009 -0.00679266
-37.8821 5.10508 4.77337 0.192481 -0.981263 -0.00855014
-37.7515 5.11554 5.97234 0.18914 -0.981719 -0.0202925
-37.5502 5.12577 7.28695 0.183861 -0.982823 -0.0159508
-37.4377 5.12051 8.38673 0.180431 -0.983086 -0.031416
-37.2102 5.1172 9.56518 0.182616 -0.982136 -0.0453832
-36.8982 5.13448 10.6036 0.191484 -0.980961 -0.0323848
-36.5573 5.14246 11.7999 0.182272 -0.981333 -0.0613359
-36.2353 5.13649 12.893 0.181921 -0.981792 -0.0546704
-35.8585 5.15894 13.8331 0.199551 -0.977944 -0.0592678
-35.4205 5.15652 15.0094 0.18901 -0.978609 -0.0804326
-34.6895 5.18464 16.4026 0.179668 -0.980907 -0.0744334
-34.2433 5.15953 17.6819 0.176325 -0.980982 -0.0811382
-33.7301 5.13544 18.8828 0.168779 -0.981188 -0.093649
-33.0771 5.1419 20.0386 0.168198 -0.981598 -0.0904141
-32.4761 5.15627 20.8891 0.163022 -0.981315 -0.102203
-31.7123 5.16957 22.013 0.164028 -0.981655 -0.0971825
-30.9506 5.18183 23.0959 0.158261 -0.981178 -0.110626
-30.2711 5.178 24.0802 0.156594 -0.981125 -0.113433
-29.6854 5.17145 24.8541 0.146765 -0.981741 -0.121015
-29.0619 5.16858 25.6332 0.146732 -0.981742 -0.12105
-28.2229 5.17133 26.5836 0.135551 -0.982984 -0.123968
-27.5409 5.17822 27.2702 0.134564 -0.982915 -0.12558
-26.8522 5.166 28.0847 0.12865 -0.983632 -0.126162
-26.0205 5.1699 28.9013 0.129522 -0.983536 -0.126016
-25.1529 5.19785 29.5231 0.126028 -0.982113 -0.139899
-24.1495 5.20109 30.3549 0.111652 -0.982195 -0.151083
-23.4021 5.18773 31.0336 0.11653 -0.983223 -0.140335
-22.5411 5.19272 31.6824 0.11043 -0.982261 -0.151535
-21.6468 5.19592 32.2971 0.108275 -0.981828 -0.155814
-20.7756 5.18504 32.9004 0.0958725 -0.982687 -0.158539
-19.8914 5.16384 33.5611 0.0946991 -0.982666 -0.159375
-19.0249 5.15448 34.1367 0.0910581 -0.983383 -0.157047
-18.0005 5.1722 34.6303 0.0905034 -0.982521 -0.162575
-16.6743 5.19932 35.1501 0.0843911 -0.982926 -0.163507
-15.8364 5.2139 35.51 0.087085 -0.983468 -0.158765
-14.6337 5.21212 36.0897 0.0726905 -0.983687 -0.164517
-13.6427 5.19986 36.5699 0.0673908 -0.982513 -0.173559
-12.6322 5.21405 36.8592 0.0662635 -0.984453 -0.162436
-11.5714 5.22126 37.2408 0.060395 -0.983017 -0.173154
-10.3758 5.21278 37.6493 0.0526842 -0.982966 -0.176077
-9.22642 5.21864 37.9614 0.0478779 -0.982416 -0.180431
-7.83902 5.22099 38.28 0.0410031 -0.982556 -0.181388
-6.74756 5.23032 38.4482 0.0300482 -0.982041 -0.186258
-5.63155 5.23164 38.6409 0.0348971 -0.980154 -0.195002
-4.51848 5.22783 38.8216 0.0217569 -0.980472 -0.195272
-3.45819 5.22378 38.9453 0.0199069 -0.981831 -0.188711
-2.32891 5.22536 39.0193 0.00949175 -0.983341 -0.181522
-1.2902 5.21889 39.1117 0.00539166 -0.982583 -0.185629
-0.329466 5.20907 39.1607 -0.000781536 -0.982081 -0.188456
1.00237 5.19618 39.2393 0.00303817 -0.982636 -0.185518
1.91969 5.205 39.2155 0.00103663 -0.98186 -0.189538
2.95205 5.20587 39.1944 -0.00554952 -0.981418 -0.191785
4.00309 5.20662 39.1466 -0.00875155 -0.981295 -0.192307
5.30504 5.22517 38.9782 -0.011052 -0.982283 -0.18708
6.25267 5.23199 38.8116 -0.0306448 -0.982258 -0.184994
7.17069 5.23364 38.6407 -0.0323194 -0.982617 -0.182807
8.12736 5.22856 38.4989 -0.0325892 -0.982679 -0.182429
9.06192 5.2119 38.421 -0.0336127 -0.982047 -0.185618
10.009 5.20106 38.2985 -0.0418216 -0.981781 -0.185359
11.0237 5.20188 38.0652 -0.043777 -0.982595 -0.180451
12.0517 5.21024 37.7174 -0.0533884 -0.983302 -0.173972
12.956 5.22081 37.3803 -0.0531919 -0.983297 -0.174063
13.9054 5.23922 36.9862 -0.0530387 -0.983052 -0.17548
14.9637 5.24236 36.5788 -0.06533 -0.983864 -0.166562
16.0359 5.2318 36.223 -0.0693533 -0.983093 -0.16937
17.233 5.22198 35.7569 -0.0785954 -0.982804 -0.166998
18.4577 5.21715 35.1854 -0.077519 -0.983918 -0.16092
19.5693 5.22006 34.6324 -0.0779858 -0.9842 -0.158958
20.4411 5.21003 34.2679 -0.0807098 -0.983167 -0.163814
21.2953 5.21955 33.7583 -0.0932882 -0.982735 -0.15978
22.0728 5.23704 33.1968 -0.0935252 -0.98324 -0.156466
23.1414 5.25274 32.5 -0.093893 -0.981719 -0.165563
23.9874 5.24846 31.9531 -0.0975867 -0.984991 -0.142369
24.9035 5.25943 31.24 -0.101664 -0.985409 -0.136473
25.8513 5.27167 30.4202 -0.105054 -0.985428 -0.133758
26.6964 5.26442 29.8079 -0.103746 -0.985771 -0.132262
27.723 5.24983 29.0544 -0.116003 -0.985089 -0.127054
28.4959 5.24476 28.3943 -0.114351 -0.984997 -0.129243
29.2002 5.24901 27.7067 -0.129419 -0.982675 -0.132653
30.0522 5.26649 26.7586 -0.131794 -0.982828 -0.129042
30.7223 5.27458 25.9703 -0.139888 -0.982015 -0.126721
31.3754 5.29861 25.0485 -0.126663 -0.985374 -0.113995
31.9087 5.30649 24.2534 -0.15136 -0.982728 -0.106168
32.4049 5.31008 23.4735 -0.136281 -0.986066 -0.0953088
33.0892 5.28458 22.5785 -0.159924 -0.982906 -0.0911411
33.6794 5.26121 21.8412 -0.157006 -0.983017 -0.0950038
34.398 5.23376 20.8802 -0.165029 -0.982224 -0.0894479
34.9856 5.21534 19.9661 -0.163146 -0.983222 -0.0814626
35.4604 5.21226 19.0956 -0.160211 -0.983976 -0.0780718
35.9706 5.21109 17.9513 -0.171542 -0.982542 -0.0720092
36.4758 5.21096 16.6777 -0.16277 -0.984764 -0.0611981
36.8627 5.20925 15.6423 -0.168889 -0.984085 -0.055104
37.4314 5.17578 14.3989 -0.173268 -0.983602 -0.049877
37.8044 5.14437 13.5579 -0.166852 -0.98537 -0.0347241
38.0567 5.13217 12.6914 -0.171043 -0.984777 -0.0303497
38.3352 5.11042 11.7487 -0.175057 -0.984096 -0.0301613
38.6927 5.07608 10.7463 -0.180026 -0.983451 -0.0201755
38.8592 5.06614 9.82943 -0.1775 -0.983884 -0.0215675
39.0069 5.05122 8.88661 -0.17979 -0.983663 -0.00898508
39.2511 5.01667 7.55074 -0.185851 -0.982551 -0.00382159
39.3402 4.98533 6.05542 -0.181217 -0.983406 0.00810394
39.3953 4.9693 4.87128 -0.181542 -0.983372 0.00473314
39.5918 4.9231 3.57646 -0.182082 -0.983231 0.0101661
39.6905 4.89499 2.37169 -0.184706 -0.98279 0.00277933
39.8103 4.8697 1.40941 -0.185528 -0.982635 0.00031323
39.892 4.84984 0.402461 -0.191411 -0.981483 0.00732241
39.8873 4.84281 -0.686217 -0.185289 -0.982677 0.00367421
39.8464 4.84631 -1.67759 -0.193101 -0.981153 0.00139985
39.7602 4.8573 -2.75146 -0.187259 -0.982289 0.00647384
39.563 4.88663 -3.86451 -0.183907 -0.982924 0.00303422
39.3273 4.9325 -4.8149 -0.182806 -0.983145 -0.00271685
39.2958 4.93547 -5.75928 -0.186476 -0.982438 0.00654029
39.3338 4.91658 -6.86727 -0.181441 -0.983337 0.0112682
39.126 4.93915 -8.08011 -0.181901 -0.983209 0.0145603
38.9594 4.95401 -9.00818 -0.180896 -0.983299 0.0200071
38.6685 4.98358 -10.1855 -0.182913 -0.982936 0.0193422
38.4011 5.01199 -11.487 -0.187747 -0.982069 0.017087
38.1694 5.03025 -12.3873 -0.188533 -0.981512 0.0330148
37.788 5.05906 -13.4189 -0.179636 -0.982666 0.0457968
37.3799 5.09318 -14.2998 -0.179758 -0.982772 0.0429113
36.9555 5.1309 -15.2652 -0.174641 -0.983756 0.0410672
36.5136 5.13969 -16.4084 -0.174927 -0.982558 0.063081
36.1223 5.15456 -17.2718 -0.173577 -0.982821 0.0626892
35.7263 5.14935 -18.3568 -0.169604 -0.982993 0.0704188
35.2855 5.16033 -19.2656 -0.170616 -0.982839 0.0701091
34.8531 5.17401 -20.0973 -0.16455 -0.982384 0.0885756
34.2855 5.17319 -21.1877 -0.154369 -0.985146 0.0752195
33.7314 5.19308 -22.004 -0.149181 -0.984907 0.0875481
33.0272 5.21064 -22.9276 -0.145797 -0.984522 0.0972653
32.2739 5.22772 -23.9143 -0.151532 -0.983403 0.099783
31.5608 5.23318 -24.8842 -0.142831 -0.983624 0.109578
30.9654 5.23087 -25.6442 -0.136393 -0.984908 0.106512
30.0603 5.23257 -26.7402 -0.140656 -0.981706 0.12832
29.1349 5.23796 -27.6882 -0.134643 -0.982765 0.126666
28.4907 5.2346 -28.406 -0.135162 -0.982805 0.125804
27.7806 5.23276 -29.0929 -0.120289 -0.982792 0.140182
26.8146 5.25839 -29.7394 -0.121584 -0.983067 0.137041
25.9509 5.27712 -30.401 -0.124339 -0.982835 0.136269
25.2043 5.26253 -31.0669 -0.111588 -0.9827 0.147814
24.2651 5.24243 -31.8039 -0.099326 -0.983354 0.152031
23.4412 5.23291 -32.4405 -0.0959848 -0.984311 0.147923
22.255 5.22439 -33.21 -0.0897449 -0.984679 0.149511
21.4639 5.20563 -33.7991 -0.0867541 -0.983831 0.156683
20.2285 5.19906 -34.5343 -0.0883412 -0.983127 0.160134
19.3781 5.19447 -35.0083 -0.0824372 -0.982821 0.165126
18.4043 5.20194 -35.4536 -0.0825736 -0.983587 0.16043
17.2346 5.23416 -35.8392 -0.0776902 -0.98472 0.155857
16.2847 5.24968 -36.1665 -0.0669103 -0.985137 0.1582
15.129 5.24602 -36.6837 -0.068651 -0.985047 0.158006
14.1045 5.24978 -37.051 -0.0465814 -0.985399 0.163764
13.2029 5.2485 -37.3152 -0.0540173 -0.984128 0.168797
12.1637 5.2327 -37.76 -0.060426 -0.981325 0.18262
10.8485 5.21943 -38.2251 -0.046679 -0.981561 0.185362
9.88771 5.23252 -38.4033 -0.0483961 -0.980922 0.188244
8.92092 5.25238 -38.5349 -0.0352857 -0.981603 0.187285
7.67037 5.25276 -38.7266 -0.0302682 -0.983343 0.179221
6.34966 5.25262 -38.8945 -0.0166229 -0.983671 0.179208
5.27291 5.25397 -38.9947 -0.0164979 -0.98233 0.186258
3.72859 5.24066 -39.1452 -0.00592652 -0.982138 0.187998
2.4766 5.2107 -39.3412 -0.00535822 -0.983787 0.179262
1.00907 5.20182 -39.4394 -0.00508761 -0.984056 0.177777
0.110491 5.20089 -39.3786 0.0140523 -0.982276 0.186882
-1.15268 5.224 -39.1809 0.00836251 -0.982539 0.18587
-2.07242 5.23018 -39.0852 0.0235097 -0.984059 0.176278
-3.33234 5.21393 -39.0146 0.0202625 -0.984036 0.176792
-4.53591 5.20482 -38.8762 0.0330586 -0.981509 0.188538
-5.72569 5.19449 -38.7048 0.0346613 -0.982419 0.183444
-6.99336 5.17736 -38.5126 0.0501267 -0.984349 0.168943
-8.20257 5.15692 -38.2808 0.05055 -0.984688 0.166824
-9.44272 5.14913 -37.9259 0.054706 -0.984515 0.166547
-10.3324 5.13895 -37.7386 0.0499475 -0.983554 0.173533
-11.2637 5.1304 -37.4606 0.0692572 -0.984434 0.161534
-12.4536 5.12758 -36.9879 0.0645113 -0.984603 0.162464
-13.4668 5.13513 -36.543 0.0733312 -0.982911 0.168844
-14.3642 5.1429 -36.1044 0.076066 -0.983214 0.165838
-15.4828 5.11593 -35.7421 0.0789754 -0.983437 0.163108
-16.223 5.11232 -35.3995 0.0787368 -0.983894 0.160479
-16.739 4.93782 -36.1759 0.0816034 -0.982236 0.168976
-15.9236 4.92939 -36.6182 0.0814926 -0.98222 0.169122
-15.0148 4.95625 -36.8915 0.0778149 -0.982417 0.169712
-14.0098 4.96244 -37.3023 0.0746258 -0.982443 0.170988
-13.0897 4.96578 -37.6734 0.0707259 -0.982267 0.173638
-11.8646 4.96498 -38.1641 0.0689974 -0.981524 0.178464
-10.7734 4.96264 -38.5923 0.0590032 -0.981739 0.180696
-9.76353 4.97629 -38.8199 0.0549587 -0.982814 0.176226
-8.20583 4.99245 -39.2017 0.051373 -0.98237 0.179748
-7.25453 5.01379 -39.3544 0.0471507 -0.981995 0.182857
-5.69391 5.03359 -39.5769 0.0344421 -0.982693 0.182013
-4.73792 5.03921 -39.7155 0.0323919 -0.98235 0.184227
-3.78058 5.04835 -39.8367 0.0268955 -0.98186 0.187572
-2.8779 5.0475 -39.9414 0.0226495 -0.981165 0.191839
-1.68803 5.05236 -40.0399 0.0119294 -0.98118 0.192696
-0.528973 5.01911 -40.2731 0.0125691 -0.981824 0.189379
0.582913 5.00627 -40.3852 0.00553875 -0.979681 0.200486
1.48733 5.01606 -40.3523 -0.000196884 -0.97987 0.199634
2.62915 5.04437 -40.2151 -0.004695 -0.980837 0.194652
4.11537 5.07723 -39.9852 -0.00742852 -0.98224 0.187457
5.05283 5.08419 -39.8983 -0.0117575 -0.982331 0.18677
5.95174 5.09041 -39.7994 -0.016946 -0.982548 0.185235
7.63197 5.0909 -39.6037 -0.0283875 -0.981928 0.187087
8.5974 5.08462 -39.4778 -0.0360402 -0.981785 0.186457
9.92696 5.06864 -39.2535 -0.0443351 -0.981706 0.185168
10.8931 5.04619 -39.1311 -0.0465966 -0.981544 0.185473
12.313 5.0467 -38.7101 -0.0543271 -0.982325 0.178981
13.1986 5.09236 -38.2105 -0.0510309 -0.983353 0.174368
14.1846 5.0775 -38.0159 -0.0484535 -0.982929 0.177492
15.1093 5.08002 -37.6865 -0.0720092 -0.982277 0.173051
16.0071 5.07958 -37.3161 -0.0717766 -0.982481 0.171982
16.9584 5.08712 -36.8703 -0.0728305 -0.982521 0.171313
18.0359 5.05509 -36.5419 -0.0823041 -0.983585 0.160581
19.1987 5.03073 -36.0937 -0.0828433 -0.983589 0.160278
20.1201 5.02897 -35.6207 -0.085321 -0.983234 0.161158
21.127 5.02933 -35.0784 -0.0889523 -0.983007 0.160576
21.9898 5.03865 -34.5428 -0.0918845 -0.982615 0.161296
22.8916 5.06497 -33.8412 -0.0979827 -0.982263 0.159869
24.2075 5.06873 -32.9909 -0.103764 -0.982448 0.154949
25.1381 5.08292 -32.2392 -0.107334 -0.982387 0.152879
26.1936 5.08239 -31.5009 -0.115633 -0.981622 0.151784
27.086 5.09595 -30.6614 -0.124948 -0.982403 0.138821
27.9145 5.0674 -30.1106 -0.126251 -0.981819 0.14169
28.6525 5.06352 -29.4994 -0.131975 -0.980876 0.142895
29.6578 5.06219 -28.4694 -0.139256 -0.981839 0.128843
30.5508 5.02535 -27.7879 -0.140656 -0.981706 0.128321
31.1767 5.0567 -26.848 -0.144484 -0.981193 0.12798
31.9076 5.06231 -25.924 -0.153219 -0.981279 0.116531
32.633 5.03643 -25.1633 -0.153144 -0.982197 0.108753
33.3122 5.06092 -23.9579 -0.153006 -0.982418 0.106979
33.9804 5.04394 -23.1343 -0.162346 -0.98151 0.101354
34.9815 5.01275 -21.7425 -0.167211 -0.982011 0.0873234
35.5502 4.99559 -20.8055 -0.162519 -0.983011 0.0853091
36.0568 4.98454 -19.868 -0.16899 -0.983093 0.0704991
36.5634 4.97163 -18.8288 -0.169231 -0.983088 0.0699971
36.8113 4.99386 -17.8908 -0.172726 -0.982855 0.0643623
37.2529 4.9689 -17.0282 -0.168506 -0.983716 0.0623245
37.7579 4.94218 -15.9496 -0.182097 -0.981332 0.0618639
38.1417 4.92616 -14.8842 -0.182667 -0.981862 0.0506423
38.6487 4.8909 -13.5897 -0.186863 -0.981317 0.045819
38.9863 4.86348 -12.6529 -0.190304 -0.981134 0.0340705
39.346 4.82945 -11.5568 -0.192398 -0.981035 0.0225855
39.6498 4.79695 -10.2065 -0.186632 -0.98219 0.0217034
39.8718 4.77824 -9.21097 -0.18779 -0.981949 0.0225758
40.0416 4.76771 -7.98491 -0.185569 -0.982551 0.0125616
40.2438 4.74105 -7.05135 -0.18734 -0.982214 0.0126209
40.2886 4.74343 -6.11502 -0.188609 -0.982013 0.00883285
40.2567 4.75486 -5.12698 -0.191555 -0.981481 -0.00149032
40.536 4.70045 -3.48089 -0.192831 -0.981213 0.00431557
40.7147 4.67047 -2.06535 -0.199719 -0.979852 -0.00124416
40.7701 4.66266 -0.911127 -0.199085 -0.97994 0.00904874
40.7544 4.67574 0.107265 -0.198095 -0.980145 0.00857128
40.6723 4.70509 1.5908 -0.193411 -0.981088 0.00577768
40.5633 4.73042 2.79358 -0.189319 -0.981879 0.00834969
40.4693 4.75857 3.79042 -0.189821 -0.98177 0.00978265
40.3163 4.79614 4.75267 -0.187455 -0.982262 0.0044542
40.2481 4.81275 5.75627 -0.186447 -0.982458 0.00359859
40.3178 4.80954 7.16334 -0.189433 -0.981873 0.00435271
40.0378 4.86376 8.30651 -0.192393 -0.981315 -0.00133691
39.8551 4.88956 9.28587 -0.188437 -0.982019 -0.0114119
39.756 4.89187 10.208 -0.184127 -0.982587 -0.0248866
39.3251 4.93534 11.7161 -0.179519 -0.983368 -0.0270017
39.035 4.95853 12.671 -0.175235 -0.984184 -0.0259762
38.8069 4.96449 13.6765 -0.182921 -0.981926 -0.0482038
38.5112 4.97465 14.5276 -0.17715 -0.982948 -0.0493107
37.9062 5.03076 15.5945 -0.180466 -0.982146 -0.0528666
37.4673 5.04928 16.5378 -0.175123 -0.982427 -0.064572
37.1495 5.03673 17.5241 -0.173684 -0.982213 -0.0713136
36.6766 5.03713 18.6442 -0.171608 -0.982544 -0.0718153
36.1971 5.04638 19.5817 -0.172524 -0.981171 -0.0866568
35.3644 5.06046 20.9915 -0.167234 -0.981829 -0.0896794
34.4085 5.09435 22.352 -0.161753 -0.982242 -0.0949965
33.5909 5.12062 23.4063 -0.163595 -0.98163 -0.0978733
32.9269 5.13695 24.3257 -0.157103 -0.981117 -0.112791
32.3465 5.13604 25.1486 -0.158532 -0.981284 -0.109316
31.6532 5.08805 26.3533 -0.143386 -0.981204 -0.129139
30.5896 5.09494 27.4688 -0.143602 -0.979897 -0.13846
29.9729 5.07782 28.2088 -0.140993 -0.979969 -0.14065
29.121 5.07788 29.041 -0.137659 -0.980081 -0.143139
28.0493 5.09182 29.9003 -0.1242 -0.981695 -0.144395
27.2924 5.10393 30.4722 -0.110865 -0.983501 -0.142954
26.3516 5.11093 31.1614 -0.111327 -0.983705 -0.141173
25.0878 5.09485 32.2082 -0.106603 -0.982631 -0.151893
24.3624 5.08693 32.7643 -0.104136 -0.982106 -0.156834
23.1127 5.07719 33.5723 -0.0921871 -0.98247 -0.162032
22.3231 5.05037 34.1976 -0.0936249 -0.982666 -0.160007
21.379 5.03315 34.8218 -0.0869386 -0.981855 -0.168531
20.3971 5.03601 35.3079 -0.0856706 -0.982011 -0.16827
19.4757 5.04339 35.729 -0.0843278 -0.98198 -0.169125
18.5957 5.04703 36.137 -0.0793881 -0.982269 -0.16984
17.2951 5.05861 36.6584 -0.0759608 -0.981839 -0.173844
15.6772 5.063 37.3008 -0.0696553 -0.981351 -0.179161
14.804 5.06739 37.6155 -0.0678761 -0.981237 -0.180452
13.8621 5.0436 38.0702 -0.062131 -0.981134 -0.183074
12.6039 5.03476 38.5111 -0.0538005 -0.980778 -0.187563
11.0973 5.03048 38.9514 -0.0468234 -0.980958 -0.188434
10.1605 5.02811 39.1766 -0.0427046 -0.981519 -0.186536
8.64301 5.05767 39.332 -0.034453 -0.982991 -0.180391
7.25562 5.06382 39.5403 -0.0321597 -0.98272 -0.182281
5.95199 5.06073 39.7508 -0.0298595 -0.981388 -0.189702
4.91662 5.04294 39.9343 -0.00866369 -0.981042 -0.193601
3.95871 5.02696 40.0597 -0.00950935 -0.981054 -0.193502
2.94352 5.02587 40.1061 -0.00510097 -0.980576 -0.196061
1.88495 5.02691 40.1183 -0.00274072 -0.980629 -0.195853
0.742232 5.01372 40.1786 0.00392565 -0.981045 -0.193739
-0.357123 5.02342 40.1045 0.00329351 -0.980795 -0.194993
-1.70123 5.04141 39.9906 0.00900116 -0.980112 -0.198231
-2.99078 5.0529 39.8602 0.0163182 -0.980266 -0.196959
-4.69439 5.05763 39.66 0.0238742 -0.980945 -0.192758
-6.19617 5.05785 39.4425 0.0285091 -0.981629 -0.188644
-7.49156 5.05487 39.2573 0.0338165 -0.982346 -0.183838
-8.57286 5.04531 39.0651 0.0429502 -0.982075 -0.183515
-9.58747 5.04061 38.8285 0.0498326 -0.982842 -0.177592
-10.8755 5.03221 38.4929 0.0574583 -0.981909 -0.180411
-11.7478 5.03727 38.1943 0.0568239 -0.981545 -0.182594
-12.6674 5.05282 37.7663 0.0684321 -0.982393 -0.173839
-13.8843 5.01453 37.5253 0.067391 -0.982513 -0.173558
-15.1479 5.04884 36.8009 0.0772108 -0.981367 -0.175947
-16.1219 5.04569 36.3768 0.0916835 -0.980628 -0.172965
-17.3303 5.02014 35.8683 0.0868189 -0.981956 -0.168001
-18.2107 4.99383 35.5646 0.0881084 -0.981901 -0.16765
-19.2209 4.9881 35.051 0.0944506 -0.981291 -0.16777
-20.0222 4.99186 34.5662 0.102365 -0.980994 -0.164778
-20.7843 5.0089 33.9726 0.10297 -0.981668 -0.160388
-21.7297 5.01045 33.3608 0.102726 -0.981149 -0.163689
-22.5215 5.01753 32.8006 0.108384 -0.981246 -0.1594
-23.4918 5.0246 32.063 0.113727 -0.981766 -0.152322
-24.3144 5.01314 31.4934 0.117635 -0.983101 -0.140264
-25.1095 5.02327 30.7807 0.127511 -0.981628 -0.141939
-26.0456 5.01739 29.9892 0.125188 -0.982326 -0.139152
-27.1896 4.98991 29.0603 0.1364 -0.981405 -0.13505
-27.9293 5.00454 28.1928 0.139007 -0.98139 -0.132479
-28.7362 4.99859 27.3744 0.144374 -0.981321 -0.127108
-29.591 4.97438 26.5803 0.144691 -0.981924 -0.121993
-30.3178 5.00156 25.4575 0.148492 -0.981579 -0.120209
-30.9445 4.99498 24.7187 0.157194 -0.980808 -0.115347
-31.5265 5.00228 23.8539 0.161133 -0.980433 -0.113054
-32.2002 4.99579 22.9208 0.167668 -0.980139 -0.105788
-32.8257 4.98227 22.0026 0.16848 -0.980448 -0.10165
-33.4971 4.97459 20.9829 0.167554 -0.980463 -0.103047
-34.074 4.95618 20.1244 0.176464 -0.979635 -0.0957876
-34.701 4.96558 18.8385 0.180924 -0.978867 -0.0952478
-35.2256 4.97725 17.7245 0.184754 -0.978915 -0.086842
-35.5568 4.98942 16.8353 0.178991 -0.980089 -0.0859558
-36.1825 4.96376 15.7021 0.184782 -0.980423 -0.0680181
-36.4771 4.97783 14.7007 0.184758 -0.980414 -0.0682192
-37.0178 4.96558 13.2625 0.189696 -0.980123 -0.0580834
-37.3145 4.95813 12.3846 0.193515 -0.97912 -0.062003
-37.5966 4.96694 11.3824 0.205379 -0.977629 -0.0442535
-37.9539 4.94183 10.2013 0.194913 -0.979734 -0.0461512
-38.1827 4.94308 9.14793 0.200106 -0.979014 -0.0385877
-38.4599 4.92782 8.03454 0.198104 -0.979739 -0.0291502
-38.5098 4.9423 7.07628 0.198291 -0.979813 -0.0254539
-38.6834 4.92962 6.06223 0.193838 -0.9809 -0.0161658
-38.7601 4.92963 5.13758 0.193678 -0.980997 -0.0106451
-38.9696 4.896 4.09255 0.194231 -0.980928 -0.00742627
-39.0654 4.88355 2.95276 0.198228 -0.980123 -0.00687212
-39.1819 4.86454 1.77697 0.204078 -0.978953 0.00152658
-39.2458 4.84702 0.642898 0.205681 -0.978595 0.00622804
-39.3879 4.80871 -0.48909 0.203637 -0.979026 0.00617398
-39.1092 4.85624 -2.01333 0.205525 -0.978584 0.011197
-38.9952 4.86543 -3.07502 0.20147 -0.979434 0.00994898
-38.8842 4.87495 -4.26681 0.199372 -0.979858 0.0113651
-38.748 4.89414 -5.15903 0.200028 -0.979753 0.00858111
-38.5745 4.90456 -6.4093 0.201677 -0.979108 0.0259588
-38.3515 4.91771 -7.75556 0.195491 -0.980389 0.0249235
-38.2241 4.90915 -8.91274 0.195277 -0.980266 0.0307459
-38.009 4.89937 -10.283 0.193459 -0.980152 0.0433104
-37.7272 4.91462 -11.2941 0.1865 -0.981676 0.0391274
-37.4273 4.93461 -12.2095 0.187968 -0.981014 0.0476145
-37.1476 4.92774 -13.3413 0.181223 -0.98183 0.0560564
-36.5787 4.96703 -14.3828 0.17659 -0.982272 0.0628289
-36.0113 4.97516 -15.7557 0.177732 -0.981828 0.0664534
-35.6478 4.97392 -16.698 0.173066 -0.981085 0.0867235
-34.999 4.97227 -18.0158 0.170465 -0.981359 0.0886761
-34.6568 4.9428 -18.9628 0.168599 -0.981336 0.0924828
-34.2647 4.9084 -20.0173 0.171467 -0.980556 0.0954452
-33.7146 4.91582 -20.867 0.169259 -0.980068 0.104006
-33.1601 4.9249 -21.6864 0.165007 -0.98092 0.10276
-32.5599 4.94063 -22.5167 0.168034 -0.980396 0.102899
-31.9582 4.95452 -23.2907 0.157349 -0.981163 0.112074
-31.3427 4.97021 -24.0119 0.150515 -0.981697 0.11653
-30.4071 4.9574 -25.2929 0.146453 -0.982741 0.113008
-29.7676 4.9614 -26.0706 0.140267 -0.982175 0.12506
-29.2037 4.94063 -26.8347 0.136693 -0.982712 0.124822
-28.4725 4.92672 -27.7488 0.133311 -0.983301 0.123883
-27.9458 4.90032 -28.524 0.130769 -0.983415 0.12564
-27.1195 4.92774 -29.1437 0.12601 -0.983066 0.132979
-26.4733 4.9152 -29.8115 0.119057 -0.983621 0.135332
-25.4773 4.92807 -30.579 0.117163 -0.984237 0.132481
-24.5808 4.95994 -31.1352 0.115939 -0.984356 0.132668
-23.6964 4.94614 -31.9156 0.113688 -0.981625 0.15315
-22.5215 4.93909 -32.7756 0.108193 -0.981457 0.15823
-21.7634 4.93281 -33.3195 0.0998646 -0.982052 0.16
-20.5011 4.91207 -34.2213 0.0999684 -0.98148 0.163407
-19.7057 4.91 -34.726 0.0990477 -0.980936 0.167141
-18.4625 4.92101 -35.3633 0.095333 -0.98075 0.170414
-17.3355 4.94381 -35.83 0.0875032 -0.981403 0.170854
-16.9009 4.943 -36.0675 0.086192 -0.981928 0.168423
-16.8646 4.94256 -36.0877 0.0816027 -0.982236 0.168976
