-40.9258 41.0592 1.68757 0.132107 -0.991203 0.00762302
-40.9587 41.0489 0.534371 0.131764 -0.991265 0.00552714
-40.9703 41.0476 -0.680858 0.130545 -0.991441 -0.00135347
-40.8648 41.0655 -1.80263 0.130058 -0.991499 -0.00379519
-40.6908 41.094 -2.73262 0.125991 -0.991978 -0.0103319
-40.5409 41.1248 -3.72641 0.127174 -0.991779 -0.0141856
-40.4307 41.1537 -4.72982 0.124714 -0.992034 -0.0177515
-40.282 41.1961 -6.11187 0.1195 -0.992675 -0.0177504
-40.0789 41.2453 -7.20013 0.113253 -0.993235 -0.0256696
-39.872 41.2909 -8.19876 0.110508 -0.993657 -0.0208101
-39.7242 41.3337 -9.20944 0.103293 -0.994359 -0.0241106
-39.5292 41.3814 -10.2171 0.0988076 -0.994678 -0.0290858
-39.123 41.4517 -11.3396 0.0969711 -0.99492 -0.0270224
-38.5994 41.5355 -12.5538 0.0883716 -0.995733 -0.0262202
-38.1384 41.6028 -13.5542 0.0838908 -0.996013 -0.0303344
-37.5635 41.6838 -14.841 0.0772741 -0.996583 -0.0291806
-37.0541 41.7552 -16.1577 0.070018 -0.99713 -0.0287983
-36.5813 41.8194 -17.3598 0.0654958 -0.997457 -0.0281089
-36.0023 41.8929 -18.6727 0.0559168 -0.99797 -0.0304756
-35.4501 41.9533 -19.7429 0.0498381 -0.998337 -0.02863
-34.7418 42.0232 -20.8607 0.0431867 -0.998615 -0.0296533
-34.1036 42.0707 -21.6802 0.0390599 -0.998802 -0.0294012
-33.4761 42.1182 -22.5071 0.0349649 -0.998972 -0.0288666
-32.7016 42.1751 -23.6106 0.033058 -0.999103 -0.0264555
-32.0372 42.2177 -24.4842 0.027577 -0.999282 -0.0258413
-31.1862 42.2723 -25.5615 0.0284102 -0.999173 -0.0290843
-30.3331 42.3236 -26.6346 0.0196882 -0.999438 -0.0271401
-29.5791 42.3652 -27.6081 0.020167 -0.999419 -0.027484
-28.742 42.4082 -28.5062 0.0162779 -0.999508 -0.0263008
-27.9129 42.4417 -29.3442 0.0119246 -0.99943 -0.0315677
-27.2085 42.4696 -29.973 0.0114237 -0.999445 -0.0312866
-26.0338 42.509 -30.9435 0.00142012 -0.99944 -0.0334189
-25.1492 42.535 -31.6775 0.00325902 -0.999425 -0.0337245
-24.4281 42.5568 -32.2235 0.00481707 -0.999425 -0.0335661
-23.6041 42.5779 -32.8011 0.003167 -0.99951 -0.0311335
-22.6689 42.5984 -33.4845 -0.00253561 -0.999597 -0.0282864
-21.8149 42.6162 -34.1097 -0.00120677 -0.999471 -0.0325088
-20.8282 42.6356 -34.7888 -0.00347092 -0.999527 -0.0305348
-19.7773 42.6505 -35.3886 -0.00291466 -0.999492 -0.0317337
-18.5745 42.6621 -35.9498 -0.00772483 -0.999528 -0.0297446
-17.7267 42.6668 -36.327 -0.00623677 -0.999584 -0.0280834
-16.4795 42.6749 -36.8944 -0.00477317 -0.999565 -0.0290249
-15.2886 42.6782 -37.4214 -0.00586543 -0.999704 -0.0235296
-14.3872 42.6861 -37.7734 -0.00166464 -0.999619 -0.0275472
-13.2573 42.6928 -38.2559 -0.00850607 -0.999667 -0.0243684
-12.3694 42.6946 -38.6332 -0.0111045 -0.999347 -0.0343743
-11.537 42.6976 -38.9856 -0.0104565 -0.999388 -0.0333696
-10.407 42.6971 -39.3819 -0.0114865 -0.999476 -0.0302698
-9.11999 42.6916 -39.6708 -0.0115789 -0.999433 -0.0315975
-7.91594 42.6844 -39.9058 -0.0136501 -0.999483 -0.0289846
-6.95193 42.6728 -40.0442 -0.012489 -0.999579 -0.0258564
-5.89123 42.6661 -40.1845 -0.00955436 -0.999682 -0.0233383
-4.75783 42.6603 -40.3159 -0.00520036 -0.999719 -0.022874
-3.76142 42.6601 -40.4837 -0.007758 -0.999647 -0.0251666
-2.8179 42.6517 -40.5623 -0.00993426 -0.999701 -0.0222458
-1.63663 42.6452 -40.6961 -0.00704431 -0.999718 -0.0226577
-0.326105 42.6379 -40.861 -0.0104395 -0.999674 -0.0232944
0.575307 42.63 -40.9138 -0.0109269 -0.999659 -0.0237101
1.60338 42.6182 -40.9222 -0.0110647 -0.999635 -0.0246241
2.56715 42.6078 -40.8759 -0.0089571 -0.999672 -0.0240012
3.90321 42.5931 -40.7213 -0.00744697 -0.999686 -0.0239334
4.92306 42.582 -40.6048 -0.0114212 -0.99972 -0.0205374
6.03072 42.5699 -40.4887 -0.00572607 -0.999741 -0.0220228
7.3315 42.5589 -40.3372 -0.00886828 -0.999903 -0.0107614
8.45671 42.5445 -40.1463 -0.0104825 -0.999837 -0.014377
9.39022 42.5342 -39.9426 -0.00679332 -0.999858 -0.0153895
10.5511 42.5222 -39.7455 -0.0115129 -0.99982 -0.0149955
11.5132 42.5074 -39.5916 -0.0115058 -0.999799 -0.0163434
12.4224 42.4994 -39.3917 -0.00554917 -0.999934 -0.0100759
13.727 42.4817 -38.9134 -0.00921255 -0.999942 -0.00551371
14.7788 42.4704 -38.5186 -0.00772379 -0.999947 -0.00658962
15.9468 42.4565 -38.0743 -0.00940284 -0.999928 -0.00744728
17.3762 42.4399 -37.4673 -0.0119852 -0.99992 0.000449875
18.2795 42.4255 -37.1292 -0.0149497 -0.999885 0.00172667
19.3879 42.4149 -36.6517 -0.0089453 -0.999957 0.00229171
20.2197 42.4064 -36.224 -0.0120549 -0.999926 0.000766001
21.0195 42.3954 -35.8079 -0.0138145 -0.99989 0.00393084
21.8797 42.3877 -35.384 -0.0127285 -0.999891 0.00754101
22.7123 42.379 -34.8872 -0.0152765 -0.999871 0.00499947
23.6175 42.3698 -34.2282 -0.0121198 -0.999902 0.00686602
24.6792 42.3637 -33.4056 -0.0134144 -0.999881 0.00764969
25.4566 42.3571 -32.8674 -0.014615 -0.999869 0.00690373
26.4116 42.3466 -32.2632 -0.0164635 -0.999833 0.00786871
27.5203 42.3324 -31.4078 -0.01854 -0.99981 0.00596274
28.6192 42.3184 -30.4714 -0.0180439 -0.999814 0.00684018
29.6692 42.3046 -29.5642 -0.0191 -0.9998 0.0059419
30.3973 42.2956 -28.8283 -0.0213631 -0.999737 0.00828879
31.011 42.2881 -28.1159 -0.0219371 -0.999725 0.00830412
31.7072 42.2792 -27.2201 -0.0230586 -0.999709 0.00705486
32.2684 42.2682 -26.4771 -0.0249944 -0.999684 0.00260652
33.1441 42.2469 -25.4538 -0.02988 -0.999551 0.00227121
33.7248 42.2308 -24.7665 -0.0317995 -0.999493 0.00045499
34.368 42.2093 -23.973 -0.0338722 -0.999423 -0.00173469
35.0703 42.181 -22.9818 -0.0359297 -0.999346 -0.00418047
35.6845 42.1545 -22.0198 -0.037032 -0.999302 -0.0047467
36.1726 42.1298 -21.2093 -0.0425946 -0.999082 -0.00450663
36.6668 42.1031 -20.405 -0.0461569 -0.998896 -0.00871114
37.088 42.0767 -19.5872 -0.0472361 -0.998836 -0.00958839
37.6051 42.0403 -18.5562 -0.0496689 -0.998669 -0.0136259
38.0903 42.0013 -17.5865 -0.0545727 -0.998392 -0.015014
38.6043 41.9529 -16.4729 -0.0578032 -0.998124 -0.0199636
39.0427 41.9071 -15.5073 -0.0613892 -0.997945 -0.0183557
39.5292 41.8472 -14.3231 -0.0675262 -0.99748 -0.0215116
39.8696 41.8058 -13.4716 -0.0711238 -0.997242 -0.0212182
40.37 41.7434 -12.3762 -0.0762266 -0.996778 -0.0249582
40.8288 41.6795 -11.3738 -0.0813419 -0.996293 -0.0278796
41.1228 41.6226 -10.172 -0.0881337 -0.99575 -0.0265309
41.3647 41.5716 -8.89197 -0.0893926 -0.995768 -0.0212866
41.5832 41.5241 -7.60671 -0.0936236 -0.995385 -0.0209996
41.7785 41.4821 -6.33506 -0.0945093 -0.995368 -0.0176125
41.9412 41.4415 -5.01436 -0.099986 -0.994856 -0.0162323
42.1263 41.404 -3.9214 -0.101851 -0.994688 -0.0146565
42.3046 41.3676 -2.51885 -0.11196 -0.993637 -0.0122924
42.3505 41.3532 -1.30065 -0.108724 -0.994057 -0.0040656
42.3835 41.3475 -0.146531 -0.111181 -0.993797 -0.00241943
42.37 41.3481 1.06362 -0.107558 -0.994196 0.00238678
42.3045 41.3598 2.27675 -0.108943 -0.994036 0.00496879
42.1838 41.382 3.41539 -0.105955 -0.994319 0.00980742
42.0597 41.4058 4.49553 -0.103487 -0.994565 0.0114552
41.9505 41.435 5.68524 -0.103444 -0.994462 0.0185414
41.8188 41.4683 6.8692 -0.0968186 -0.995122 0.0187897
41.596 41.519 8.15066 -0.0925035 -0.99541 0.0243232
41.2822 41.5752 9.39491 -0.0869568 -0.995905 0.0244741
41.0253 41.6227 10.3163 -0.0853318 -0.995955 0.0281495
40.7519 41.6722 11.3019 -0.078913 -0.99653 0.026464
40.2519 41.7488 12.6244 -0.0754594 -0.996633 0.0320207
39.7637 41.8203 13.7624 -0.0703642 -0.997018 0.0316921
39.1554 41.9041 15.125 -0.0676592 -0.997264 0.0297141
38.7686 41.9586 15.9934 -0.0614051 -0.99749 0.0352683
38.2241 42.0296 17.1576 -0.055056 -0.997867 0.0349906
37.8221 42.0817 18.0829 -0.0533073 -0.998049 0.0325165
37.3974 42.1351 19.0218 -0.04923 -0.998085 0.0373678
36.7405 42.205 20.2535 -0.0412209 -0.998452 0.0371878
36.2279 42.2523 21.0943 -0.0318491 -0.998919 0.0338488
35.5838 42.3075 22.1278 -0.0280752 -0.999033 0.0338371
34.8085 42.3649 23.1892 -0.0265025 -0.999105 0.0329439
34.2189 42.402 23.8836 -0.0238461 -0.999248 0.0305881
33.5029 42.4465 24.7401 -0.0182665 -0.999203 0.0352338
32.7466 42.491 25.7329 -0.0170031 -0.9994 0.0301425
32.0159 42.5328 26.6593 -0.0117682 -0.999313 0.0350088
31.3371 42.5649 27.4439 -0.012081 -0.999412 0.0319743
30.4778 42.6014 28.3421 -0.00886291 -0.999496 0.0304897
29.6098 42.6331 29.1474 -0.00605551 -0.999557 0.029106
28.6911 42.6639 30.0104 0.00246352 -0.99933 0.0363331
27.7481 42.6849 30.7249 0.00159356 -0.999529 0.0306172
26.7783 42.705 31.4109 0.00252305 -0.999391 0.0348088
25.9917 42.7209 31.9617 0.00423703 -0.999408 0.0341511
24.8913 42.7424 32.7997 0.0120306 -0.999302 0.0353704
24.1476 42.7535 33.3657 0.0113516 -0.999196 0.0383249
23.1785 42.7706 34.0717 0.00828237 -0.999311 0.036173
22.4342 42.7814 34.6138 0.0114069 -0.999381 0.0332844
21.4413 42.7947 35.2777 0.0133223 -0.999098 0.0403097
20.3888 42.8026 35.811 0.0137349 -0.999061 0.0410737
19.5155 42.8064 36.2152 0.0155551 -0.999085 0.039804
18.4696 42.8086 36.7387 0.0177233 -0.9991 0.0385445
17.422 42.8122 37.198 0.0117384 -0.999043 0.0421279
16.49 42.8144 37.5128 0.0156204 -0.999052 0.0405287
15.134 42.8086 37.9771 0.0111113 -0.999394 0.032732
14.1618 42.8138 38.354 0.0106818 -0.999011 0.0431711
13.2408 42.8182 38.7745 0.0131043 -0.99924 0.0365511
12.3781 42.8229 39.1415 0.0109048 -0.999343 0.0345286
11.233 42.8172 39.3805 0.0118426 -0.999376 0.0332629
10.0343 42.8108 39.4856 0.00881996 -0.999072 0.0421633
8.61458 42.809 39.7239 0.00762115 -0.999531 0.029647
7.41913 42.806 39.9542 0.00677843 -0.999405 0.0334983
6.1447 42.8047 40.0883 0.00551454 -0.999284 0.0374276
4.94501 42.8002 40.1796 0.00727432 -0.9993 0.0366869
4.03157 42.8013 40.2874 -0.000729584 -0.999596 0.0283725
3.11906 42.8082 40.4679 -0.0017518 -0.999556 0.0297278
1.95915 42.8085 40.6649 0.00615993 -0.999493 0.031253
0.865092 42.8074 40.67 -0.00401573 -0.999522 0.0306654
-0.480323 42.8085 40.6315 0.00126392 -0.999515 0.031077
-1.52336 42.8062 40.5815 0.00154942 -0.999479 0.0322172
-2.86089 42.7954 40.3856 0.00405887 -0.999393 0.0346096
-4.13763 42.7824 40.1656 0.00311501 -0.999317 0.0367347
-5.13031 42.7805 40.0621 -0.00325313 -0.999186 0.0402041
-6.34823 42.7806 39.9754 -0.00313352 -0.999226 0.0392066
-7.77085 42.7777 39.7884 -0.00405295 -0.999428 0.0331422
-9.00248 42.7735 39.5294 0.000972319 -0.99955 0.0299945
-10.2533 42.768 39.2478 -0.00356789 -0.999418 0.0339398
-11.1094 42.7636 38.9555 -7.36061e-05 -0.999565 0.0289399
-12.4156 42.7458 38.508 0.000943445 -0.999403 0.0345227
-13.4539 42.7339 38.1849 -0.00556448 -0.999403 0.0339308
-14.4521 42.7298 37.8074 -0.00348995 -0.999524 0.0303198
-15.3553 42.716 37.4015 0.00258766 -0.999527 0.0306362
-16.2444 42.7021 36.9551 -0.000391496 -0.999611 0.0278768
-17.3815 42.6891 36.3737 0.000154737 -0.999716 0.0236172
-18.3641 42.6762 35.9619 0.00365535 -0.999703 0.0240924
-19.3394 42.6615 35.4931 0.00281716 -0.99969 0.0247373
-20.4602 42.6399 34.8308 0.00592797 -0.99965 0.025765
-21.3459 42.62 34.2662 0.00735986 -0.999621 0.0264944
-22.471 42.5886 33.4431 0.00601236 -0.999735 0.0214741
-23.2559 42.5741 32.8431 0.00612265 -0.999837 0.0169985
-24.1964 42.5529 32.1524 0.00932169 -0.999678 0.0234818
-25.0396 42.5322 31.5541 0.00720605 -0.999667 0.0247959
-26.1951 42.5033 30.6889 0.00889512 -0.99972 0.0218904
-27.2181 42.4739 29.9122 0.0120753 -0.999672 0.0226031
-28.1625 42.44 29.1024 0.0183675 -0.999521 0.0249268
-29.0766 42.4048 28.2176 0.0154239 -0.999694 0.0193566
-29.8874 42.3708 27.2939 0.0192809 -0.999529 0.0238717
-30.591 42.3345 26.3832 0.0225085 -0.999492 0.0223814
-31.3648 42.2937 25.3468 0.0257879 -0.999413 0.0225486
-32.0066 42.2577 24.5423 0.0286123 -0.999234 0.0266866
-32.6052 42.2219 23.8445 0.0297979 -0.999261 0.0241358
-33.2087 42.1861 23.1763 0.0308506 -0.999188 0.0259075
-33.8394 42.1454 22.3895 0.0373904 -0.998949 0.0265286
-34.524 42.0881 21.2266 0.037909 -0.9989 0.0276147
-35.2091 42.0238 19.9449 0.0484315 -0.99846 0.0270544
-35.7974 41.9634 18.7413 0.0516414 -0.998293 0.0270367
-36.1872 41.9188 17.9293 0.055099 -0.998079 0.0283305
-36.8505 41.8377 16.5045 0.0648233 -0.997404 0.0313427
-37.2678 41.7822 15.5799 0.0716794 -0.996897 0.0325248
-37.7907 41.7074 14.4199 0.0742096 -0.996681 0.0332831
-38.2947 41.6289 13.3105 0.0784542 -0.99642 0.0310825
-38.8089 41.5425 12.0341 0.0858049 -0.995553 0.0385324
-39.1546 41.4768 11.0792 0.0955664 -0.994921 0.0315971
-39.4446 41.4155 10.0998 0.0966299 -0.994693 0.0353303
-39.6691 41.3634 9.13851 0.0989783 -0.99468 0.0285642
-39.9041 41.3042 7.93925 0.11141 -0.99346 0.024996
-40.0437 41.2602 6.88543 0.116339 -0.992846 0.0265749
-40.1882 41.2188 5.85299 0.119384 -0.992535 0.024874
-40.4187 41.1626 4.6335 0.124733 -0.992049 0.0165769
-40.5883 41.1283 3.72723 0.126164 -0.991893 0.0149694
-40.8835 41.0708 2.26469 0.132289 -0.991151 0.0109506
-40.8906 41.0692 2.20693 0.131677 -0.991241 0.0101288
-41.8223 40.9471 2.31643 0.129266 -0.991548 0.0110727
-41.6486 40.9834 3.26619 0.129459 -0.991453 0.0161552
-41.3998 41.0333 4.37617 0.125136 -0.991934 0.0195138
-41.203 41.0808 5.32158 0.123154 -0.992029 0.0266634
-41.0251 41.1292 6.28894 0.11991 -0.992332 0.0299898
-40.9252 41.1682 7.19279 0.116931 -0.99269 0.0297511
-40.7484 41.2307 8.48773 0.104255 -0.993897 0.0360627
-40.5022 41.2911 9.50835 0.0980305 -0.99466 0.032061
-40.1969 41.3703 10.8599 0.0946598 -0.994718 0.0396289
-39.882 41.4379 11.8235 0.0888304 -0.995215 0.0406399
-39.4449 41.5227 12.9986 0.0820257 -0.995902 0.037916
-38.9896 41.6019 14.0657 0.0775209 -0.996354 0.0356245
-38.5742 41.6656 14.8745 0.0740339 -0.996318 0.0432416
-38.0746 41.7416 15.9845 0.0625628 -0.997375 0.0364501
-37.6057 41.8099 17.0559 0.055553 -0.997842 0.0350129
-37.0415 41.8833 18.2671 0.0527961 -0.99807 0.0325403
-36.4934 41.9461 19.3954 0.0500563 -0.998232 0.0320371
-35.8241 42.0214 20.784 0.043974 -0.998554 0.0309233
-35.1038 42.0891 22.0892 0.0403777 -0.998666 0.0318033
-34.3725 42.1501 23.2223 0.034085 -0.998943 0.0308249
-33.4882 42.2066 24.2148 0.0289113 -0.999203 0.0274982
-32.7176 42.2524 25.105 0.0271571 -0.999184 0.0296987
-32.0317 42.2936 25.9773 0.0227595 -0.999321 0.0289648
-31.4531 42.3252 26.743 0.0208048 -0.999481 0.0245848
-30.8342 42.3584 27.58 0.0206523 -0.999501 0.0238968
-30.2055 42.3902 28.3556 0.0151891 -0.999384 0.0316306
-29.4226 42.4256 29.1771 0.0130342 -0.999448 0.0305674
-28.6295 42.4569 29.9164 0.0108006 -0.999513 0.0292928
-27.7862 42.4864 30.6347 0.00777172 -0.999565 0.0284507
-27.0511 42.5096 31.2313 0.00851509 -0.999562 0.0283596
-26.08 42.5343 31.914 0.00379848 -0.999628 0.0270035
-24.9555 42.5635 32.752 0.0066372 -0.999565 0.0287397
-23.9565 42.5894 33.494 0.00156976 -0.999645 0.0264799
-22.7894 42.6158 34.3737 0.00281532 -0.99949 0.0318042
-21.5797 42.6463 35.2334 0.0029799 -0.999598 0.0281793
-20.8108 42.6627 35.7081 0.00390425 -0.999591 0.0283226
-19.8451 42.6817 36.2751 -0.00183142 -0.999587 0.0286654
-18.7289 42.6999 36.8125 0.00410557 -0.999522 0.0306443
-17.8014 42.7095 37.1722 -0.000593721 -0.999453 0.0329345
-16.9823 42.7212 37.5757 -0.00145915 -0.999506 0.0313879
-15.9284 42.7381 38.1466 -0.000681989 -0.999486 0.0320648
-14.8903 42.7537 38.6318 0.000815689 -0.999569 0.0293308
-13.633 42.7671 39.0724 -0.0040932 -0.999216 0.0393826
-12.3306 42.7805 39.4788 -5.92285e-05 -0.999197 0.0400599
-11.1621 42.7981 39.9446 -0.00425015 -0.999219 0.039187
-10.1563 42.8027 40.2414 -0.00587673 -0.999133 0.0411582
-9.1386 42.8062 40.4157 -0.00359801 -0.999102 0.0422227
-8.02941 42.812 40.6503 -0.00275568 -0.999146 0.0412249
-7.00028 42.817 40.8443 -0.00294732 -0.999176 0.0404877
-6.01359 42.8174 40.9143 -0.00247984 -0.99919 0.040161
-4.91091 42.817 40.9942 -0.00367455 -0.999207 0.0396587
-3.48824 42.8234 41.1867 0.00155532 -0.999276 0.0380126
-2.37351 42.8312 41.3815 -0.000535877 -0.999304 0.037289
-1.38822 42.8377 41.5532 0.00154942 -0.999479 0.0322172
-0.205211 42.8413 41.5679 0.00304798 -0.999327 0.0365634
0.755789 42.8412 41.5896 -0.00247169 -0.99933 0.0365279
2.09993 42.8423 41.5911 0.00492603 -0.999276 0.0377262
3.20489 42.8388 41.3962 0.000400784 -0.999269 0.0381931
4.12381 42.8335 41.2183 0.00136023 -0.999318 0.0369013
5.05663 42.8341 41.0825 0.00711679 -0.999294 0.0368876
5.98469 42.838 41.0176 0.00619833 -0.99931 0.0366182
6.91225 42.8419 40.9549 0.00677426 -0.999222 0.0388234
7.91136 42.8426 40.8288 0.00725537 -0.999163 0.040217
9.27887 42.8453 40.5549 0.010657 -0.999234 0.0376511
10.4615 42.8517 40.3647 0.010146 -0.999149 0.0398897
11.5573 42.857 40.2757 0.00984035 -0.998837 0.0471943
12.5568 42.8603 40.0849 0.0135587 -0.998885 0.0452294
13.7318 42.8563 39.5774 0.0170515 -0.999012 0.040889
14.705 42.8517 39.0968 0.0128579 -0.998945 0.0440331
15.7013 42.8492 38.7084 0.0150314 -0.998878 0.0449049
16.6943 42.8531 38.4078 0.0126761 -0.999106 0.0403357
17.7083 42.8527 38.0798 0.0122072 -0.999075 0.0412318
19.0451 42.8472 37.4606 0.0167989 -0.998804 0.0459223
20.3302 42.8433 36.8186 0.0181448 -0.998934 0.0424333
21.6342 42.8364 36.2354 0.0155005 -0.998809 0.0462523
22.6538 42.8228 35.5749 0.0164408 -0.998825 0.0455869
23.4512 42.8103 34.9914 0.0153316 -0.998863 0.0451083
24.5088 42.7932 34.2342 0.0124063 -0.999107 0.0403466
25.3251 42.7772 33.6354 0.0113516 -0.999196 0.0383249
26.1196 42.7609 33.0143 0.00381926 -0.999247 0.0386149
26.946 42.7418 32.4149 0.00908097 -0.999026 0.0431627
28.0288 42.7212 31.6757 0.00813798 -0.999203 0.039071
28.9648 42.6976 30.9454 0.00562492 -0.999282 0.0373477
29.6865 42.6759 30.3291 0.000989086 -0.999247 0.0387931
30.582 42.6442 29.5425 -0.00245642 -0.999183 0.0403392
31.2662 42.6177 28.875 -0.0036029 -0.999271 0.0379476
32.1801 42.5735 27.8881 -0.00675048 -0.999178 0.0399728
32.7742 42.5415 27.1826 -0.0127237 -0.999213 0.0375313
33.4158 42.5028 26.3551 -0.0123169 -0.99916 0.0390421
34.1893 42.4547 25.3303 -0.0182665 -0.999203 0.0352338
34.8313 42.4103 24.5267 -0.0197096 -0.999051 0.0388045
35.5909 42.3605 23.6617 -0.0208868 -0.998994 0.0396886
36.2046 42.3153 22.8601 -0.025994 -0.998779 0.0420058
36.7474 42.2673 22.0108 -0.0319441 -0.998874 0.0350886
37.2074 42.2251 21.2131 -0.0362767 -0.998631 0.0372633
37.9162 42.1501 20.0812 -0.0412208 -0.998452 0.0371878
38.4256 42.0813 18.9402 -0.0492299 -0.998085 0.0373676
38.9821 42.0072 17.7196 -0.0529322 -0.997976 0.0351528
39.4922 41.9394 16.6615 -0.0586223 -0.997485 0.0397141
39.8698 41.881 15.7622 -0.0637269 -0.997342 0.0353343
40.244 41.8237 14.8937 -0.0653434 -0.997112 0.0387071
40.8752 41.7333 13.5679 -0.0757698 -0.996557 0.0336491
41.4112 41.6502 12.2579 -0.0751509 -0.996709 0.0303908
41.6897 41.5984 11.4021 -0.0825205 -0.996057 0.0324915
41.9568 41.5449 10.3951 -0.0864073 -0.995797 0.0302215
42.2356 41.4917 9.34906 -0.0896932 -0.99551 0.0300347
42.491 41.4363 8.26111 -0.0931941 -0.995291 0.0266624
42.7144 41.3825 6.96836 -0.104156 -0.99427 0.024059
42.8544 41.3423 5.76287 -0.104051 -0.994406 0.0181475
42.9715 41.3096 4.57549 -0.112266 -0.993544 0.0163079
43.0922 41.2814 3.38285 -0.112346 -0.993636 0.00817926
43.2126 41.258 2.19967 -0.113104 -0.993549 0.00821287
43.3019 41.2431 0.875856 -0.113835 -0.9935 -5.28517e-05
43.3275 41.239 -0.054371 -0.11784 -0.993032 -0.00081822
43.3081 41.2424 -0.996198 -0.116742 -0.993144 -0.00471969
43.273 41.2539 -2.00502 -0.113382 -0.993535 -0.00568337
43.2213 41.273 -3.22415 -0.111422 -0.993682 -0.013431
42.9931 41.3175 -4.33405 -0.108187 -0.993971 -0.0177913
42.7942 41.3627 -5.50975 -0.105747 -0.99415 -0.021975
42.6949 41.3956 -6.52895 -0.105578 -0.994166 -0.0220783
42.529 41.4368 -7.67553 -0.0987002 -0.994902 -0.0199453
42.3543 41.4726 -8.60493 -0.0965962 -0.995116 -0.0203205
42.1878 41.512 -9.51487 -0.0963977 -0.994957 -0.0277072
42.0153 41.5572 -10.6253 -0.086634 -0.995764 -0.0307434
41.7869 41.605 -11.5119 -0.0844537 -0.995953 -0.0307351
41.3803 41.6657 -12.3947 -0.0835838 -0.996043 -0.0302023
40.8857 41.7321 -13.4241 -0.0734554 -0.996999 -0.0241742
40.5002 41.7837 -14.3865 -0.0684993 -0.997205 -0.0298177
40.16 41.8296 -15.2756 -0.0647664 -0.997591 -0.0248622
39.6777 41.8869 -16.3833 -0.0581652 -0.998054 -0.02244
39.1656 41.939 -17.4814 -0.055304 -0.998287 -0.0190222
38.6727 41.9841 -18.4746 -0.0522551 -0.998501 -0.0162837
38.1483 42.0245 -19.4957 -0.0471347 -0.998804 -0.0128386
37.6271 42.0615 -20.5216 -0.0430092 -0.999015 -0.0109146
37.0044 42.0999 -21.6593 -0.0410798 -0.999113 -0.00907446
36.5341 42.1244 -22.4692 -0.038017 -0.999265 -0.00495009
36.0428 42.1468 -23.2267 -0.0367225 -0.999296 -0.00719926
35.5044 42.1706 -23.9768 -0.032613 -0.999438 -0.0077977
34.9628 42.1923 -24.7017 -0.0297736 -0.999546 -0.00452282
34.1855 42.2184 -25.6389 -0.0292875 -0.999568 -0.00225264
33.2363 42.2432 -26.7444 -0.0264167 -0.999649 0.00184738
32.6783 42.2542 -27.4928 -0.0237842 -0.999693 0.00687725
32.0849 42.263 -28.2573 -0.0224486 -0.999735 0.00424643
31.2173 42.277 -29.3035 -0.0194204 -0.999807 0.00303513
30.1827 42.2902 -30.3334 -0.0186374 -0.999809 0.00587183
29.477 42.2996 -30.9249 -0.0163297 -0.999861 0.00338721
28.7763 42.3088 -31.5301 -0.0166704 -0.999853 0.0040372
27.8571 42.3215 -32.3186 -0.0167665 -0.999847 0.00492047
26.9244 42.3329 -33.0138 -0.0166879 -0.999844 0.00580726
25.931 42.3447 -33.6393 -0.0158258 -0.999853 0.00653421
25.1432 42.3512 -34.1979 -0.013303 -0.99988 0.00796143
24.0889 42.36 -35.0437 -0.0111304 -0.999935 0.00259716
23.3312 42.3677 -35.6078 -0.0108713 -0.99994 0.000350086
22.3182 42.3771 -36.2046 -0.0103584 -0.999943 -0.00154892
21.0972 42.3939 -36.7865 -0.0141821 -0.999899 0.000749622
20.2292 42.406 -37.2656 -0.0133805 -0.999905 -0.00313364
19.226 42.4173 -37.7449 -0.00732241 -0.999963 -0.00444351
18.0073 42.434 -38.1953 -0.010812 -0.999902 -0.00888392
17.0675 42.4477 -38.583 -0.01141 -0.999897 -0.00865843
16.2368 42.4605 -38.9616 -0.00990503 -0.999891 -0.0107259
15.3665 42.4714 -39.2939 -0.00963791 -0.999921 -0.00803068
14.4998 42.4806 -39.5898 -0.0067649 -0.999947 -0.00770628
13.4898 42.4951 -39.988 -0.0093666 -0.999855 -0.014249
12.4982 42.5098 -40.3471 -0.010414 -0.999822 -0.0157202
11.2685 42.5261 -40.5632 -0.0115072 -0.999799 -0.0163367
10.3018 42.5379 -40.6849 -0.0101446 -0.999851 -0.0139923
9.10491 42.552 -40.9409 -0.00857138 -0.999784 -0.0187199
7.75669 42.5705 -41.2127 -0.00980349 -0.999727 -0.021201
6.43249 42.5853 -41.3363 -0.00803144 -0.999767 -0.0200122
5.26761 42.5981 -41.4571 -0.00979836 -0.999695 -0.0226855
3.99841 42.6137 -41.6416 -0.00838376 -0.999713 -0.0224379
2.67112 42.6297 -41.7944 -0.009586 -0.999604 -0.0264634
1.74539 42.6394 -41.816 -0.0109941 -0.999558 -0.0275295
0.822174 42.6504 -41.8283 -0.0109081 -0.999508 -0.0293898
-0.388223 42.6628 -41.7928 -0.0113417 -0.999537 -0.0282359
-1.30372 42.669 -41.6792 -0.00876571 -0.999536 -0.0291808
-2.76079 42.6781 -41.4803 -0.0120127 -0.999459 -0.0306247
-3.95337 42.6844 -41.3659 -0.00963988 -0.999373 -0.0340055
-5.22859 42.6917 -41.1978 -0.0102485 -0.999381 -0.0336468
-6.45659 42.7006 -41.0638 -0.0118651 -0.999309 -0.0351943
-7.80794 42.7126 -40.8424 -0.0163912 -0.999289 -0.0339442
-8.84204 42.72 -40.6791 -0.0123728 -0.999406 -0.0321573
-9.76974 42.7259 -40.5402 -0.0104511 -0.999446 -0.031589
-10.8135 42.7287 -40.2558 -0.0138824 -0.999309 -0.0342795
-11.8313 42.7302 -39.8674 -0.0118108 -0.999416 -0.032006
-12.8221 42.7282 -39.4685 -0.0118237 -0.999361 -0.0337231
-13.6974 42.724 -39.0769 -0.00851405 -0.999373 -0.0343206
-14.6822 42.7157 -38.6331 -0.0068782 -0.999415 -0.0335091
-15.5574 42.7104 -38.3074 -0.00927332 -0.999355 -0.0346872
-16.7619 42.7052 -37.7934 -0.00989351 -0.999481 -0.0306478
-17.7337 42.6991 -37.3195 -0.00739544 -0.999444 -0.032492
-18.8416 42.6907 -36.8398 -0.00709798 -0.999489 -0.0311223
-19.9762 42.681 -36.3499 -0.00640454 -0.999395 -0.0338896
-20.9481 42.6689 -35.7935 -0.00598378 -0.99928 -0.0374759
-22.1299 42.6456 -34.9787 -0.00630714 -0.999282 -0.0373554
-23.0177 42.6281 -34.3391 -0.00686717 -0.999303 -0.0366967
-23.7803 42.6107 -33.7818 -0.000529175 -0.999267 -0.0382819
-25.0249 42.5786 -32.9414 -8.51456e-05 -0.999253 -0.0386448
-25.7332 42.5578 -32.379 0.00170065 -0.999425 -0.033873
-26.4459 42.5365 -31.7831 0.0044443 -0.999437 -0.0331133
-27.1464 42.5118 -31.1901 0.00746624 -0.999434 -0.0328009
-28.125 42.474 -30.4155 0.00915911 -0.999275 -0.0369215
-29.0077 42.437 -29.5678 0.00918682 -0.99941 -0.0330901
-29.6819 42.4029 -28.8403 0.0142621 -0.999363 -0.032716
-30.5631 42.3553 -27.8368 0.0166147 -0.999262 -0.0346365
-31.4907 42.297 -26.6444 0.020302 -0.999219 -0.0339057
-32.2522 42.2479 -25.6986 0.0239958 -0.999165 -0.0329422
-32.8603 42.2107 -24.9492 0.027466 -0.999086 -0.0324972
-33.4133 42.1675 -24.2039 0.0318193 -0.999012 -0.0307265
-33.9723 42.1264 -23.3998 0.0347838 -0.99901 -0.0277395
-34.6094 42.077 -22.5194 0.0392654 -0.99874 -0.0312667
-35.1869 42.0318 -21.8009 0.0390599 -0.998802 -0.0294012
-35.9144 41.9664 -20.8166 0.0464761 -0.998287 -0.035435
-36.4076 41.9125 -19.9363 0.0502368 -0.998213 -0.0323613
-36.974 41.844 -18.7932 0.0568835 -0.99781 -0.0335236
-37.4615 41.7737 -17.6196 0.0598624 -0.997677 -0.0325014
-37.8056 41.7211 -16.7136 0.064525 -0.997362 -0.0332088
-38.1527 41.6697 -15.7949 0.0686992 -0.997054 -0.0337776
-38.5859 41.6041 -14.7644 0.0729519 -0.996858 -0.0308647
-39.0075 41.5399 -13.8603 0.0819923 -0.996154 -0.0309089
-39.5802 41.448 -12.6271 0.0899536 -0.99537 -0.0336068
-40.1159 41.3594 -11.3916 0.0938594 -0.99502 -0.0335604
-40.4981 41.2826 -10.2045 0.103303 -0.994154 -0.0313927
-40.6534 41.2331 -9.13983 0.103146 -0.994186 -0.0309065
-40.8144 41.183 -8.05241 0.108991 -0.993724 -0.0247906
-41.055 41.1299 -7.13919 0.120391 -0.992349 -0.0273868
-41.1904 41.0873 -6.171 0.119993 -0.992532 -0.0219586
-41.293 41.0527 -5.14094 0.12471 -0.992034 -0.0177571
-41.414 41.0154 -3.90133 0.12593 -0.991909 -0.0159416
-41.5723 40.9835 -2.96381 0.130572 -0.991364 -0.0121681
-41.7479 40.9506 -2.05841 0.129918 -0.991513 -0.00474624
-41.8935 40.9266 -1.01748 0.130319 -0.991462 -0.00445142
-41.8838 40.9246 0.236771 0.132424 -0.99119 -0.00254479
-41.866 40.9324 1.4749 0.132244 -0.991205 0.00490146
-41.8467 40.9418 2.12681 0.129263 -0.991549 0.0110702
-42.7671 40.8207 2.21591 0.134406 -0.99082 0.0145221
-42.7836 40.8073 1.25087 0.134499 -0.990909 0.0031857
-42.7962 40.8021 0.235915 0.135912 -0.990715 0.000566998
-42.8107 40.8021 -0.831044 0.134201 -0.990953 -0.00149221
-42.6443 40.8344 -2.31641 0.132248 -0.991194 -0.00609367
-42.4314 40.8757 -3.3885 0.13042 -0.991383 -0.0122728
-42.2917 40.9113 -4.33826 0.129824 -0.991327 -0.0204088
-42.1541 40.9556 -5.62498 0.124802 -0.991903 -0.0235264
-42.059 41.0009 -6.80774 0.119564 -0.992346 -0.0307192
-41.863 41.0558 -7.84607 0.114081 -0.992764 -0.0374822
-41.5387 41.1403 -9.19712 0.111101 -0.993269 -0.0327728
-41.4057 41.193 -10.2827 0.101621 -0.994153 -0.0364401
-41.1862 41.2492 -11.2263 0.0986911 -0.994499 -0.0350712
-40.8011 41.3181 -12.1309 0.0954705 -0.994747 -0.0367291
-40.3621 41.3993 -13.1822 0.0872573 -0.995446 -0.0383959
-39.9725 41.4651 -13.9911 0.0832553 -0.995653 -0.0414444
-39.3484 41.5643 -15.2814 0.0770009 -0.996432 -0.0341462
-38.7793 41.6562 -16.6751 0.0706723 -0.996781 -0.0378404
-38.4624 41.7076 -17.5408 0.065145 -0.997273 -0.0346695
-38.0013 41.7801 -18.7083 0.057926 -0.997623 -0.0373148
-37.4679 41.8523 -19.8559 0.0569878 -0.997771 -0.034713
-36.896 41.9251 -20.993 0.0497058 -0.998083 -0.0368655
-36.194 41.9974 -22.0693 0.0440097 -0.998347 -0.0369531
-35.3774 42.0649 -23.0716 0.0381132 -0.99877 -0.0317108
-34.624 42.1272 -24.0784 0.0332799 -0.998875 -0.0337876
-34.0442 42.1727 -24.901 0.0301577 -0.998932 -0.0350019
-33.4349 42.2203 -25.7267 0.0278483 -0.998862 -0.0387159
-32.4442 42.2873 -26.9298 0.0221452 -0.999146 -0.0348266
-31.7045 42.338 -27.8809 0.0200902 -0.999051 -0.0386347
-30.7873 42.3918 -28.9922 0.0148331 -0.999201 -0.0370388
-30.1598 42.4253 -29.6667 0.010927 -0.999191 -0.0386946
-29.2267 42.474 -30.6741 0.0095034 -0.999198 -0.0388966
-28.4668 42.505 -31.3097 0.00709768 -0.99921 -0.0390664
-27.7403 42.5326 -31.8826 0.00520918 -0.999214 -0.039295
-27.0241 42.5599 -32.4904 0.00394358 -0.999259 -0.0382723
-26.2957 42.585 -33.1018 0.00141811 -0.999296 -0.0374445
-25.5917 42.6072 -33.6848 0.000173696 -0.999254 -0.0386249
-24.7608 42.6287 -34.2406 -0.000524933 -0.999267 -0.0382798
-23.9602 42.648 -34.763 -0.000713433 -0.999282 -0.0378888
-23.1766 42.6649 -35.3115 -0.00672774 -0.999292 -0.037015
-22.2264 42.6841 -35.9949 -0.00630955 -0.999282 -0.0373552
-21.3605 42.704 -36.6612 -0.00593421 -0.999276 -0.0375706
-20.2952 42.7168 -37.2207 -0.00975528 -0.999089 -0.0415532
-19.3605 42.725 -37.6463 -0.0108008 -0.999101 -0.0409809
-18.0895 42.7329 -38.1887 -0.0110808 -0.999082 -0.0413711
-17.2543 42.7369 -38.5632 -0.0102951 -0.999274 -0.0366758
-16.1845 42.7433 -39.0469 -0.0101726 -0.999163 -0.039501
-15.2204 42.7484 -39.4209 -0.014533 -0.999038 -0.0413724
-14.1504 42.7556 -39.8938 -0.0072606 -0.999134 -0.0409742
-13.3075 42.7634 -40.2851 -0.0117141 -0.999222 -0.0376546
-11.9508 42.7663 -40.8176 -0.0128454 -0.999215 -0.0374706
-11.0238 42.7671 -41.1918 -0.0149762 -0.999184 -0.0374987
-10.0802 42.7629 -41.4411 -0.0121352 -0.999218 -0.0376291
-9.13091 42.7576 -41.5968 -0.011776 -0.9992 -0.0382094
-7.94361 42.746 -41.7517 -0.014803 -0.99914 -0.0387417
-6.53953 42.7354 -41.9764 -0.0130624 -0.999203 -0.0377236
-5.48274 42.7255 -42.1063 -0.0136816 -0.999171 -0.0383178
-4.42881 42.7199 -42.2333 -0.00906064 -0.999322 -0.0356836
-3.46349 42.7137 -42.3433 -0.0109545 -0.999309 -0.0355314
-2.39322 42.7046 -42.4456 -0.0125817 -0.999276 -0.0359038
-1.15985 42.6957 -42.6258 -0.0120922 -0.999296 -0.0355083
-0.19614 42.6882 -42.7466 -0.0118395 -0.99933 -0.0346224
1.229 42.6721 -42.7167 -0.0109108 -0.999508 -0.029391
2.58484 42.6549 -42.7143 -0.0111699 -0.999555 -0.0276012
3.81958 42.6396 -42.5835 -0.00998344 -0.999594 -0.0266874
4.82819 42.6255 -42.4365 -0.010131 -0.999524 -0.0291293
6.01937 42.6115 -42.2945 -0.00831107 -0.999664 -0.0245716
7.00315 42.5999 -42.2005 -0.0100532 -0.999651 -0.0244107
7.90285 42.5889 -42.1206 -0.00979808 -0.99967 -0.0237268
9.09859 42.5723 -41.8893 -0.0104015 -0.999736 -0.020506
10.2688 42.5528 -41.6184 -0.0114324 -0.999761 -0.018435
11.167 42.5424 -41.5092 -0.0108786 -0.999811 -0.0160835
12.0772 42.5311 -41.4188 -0.0107119 -0.999816 -0.0158935
13.0498 42.5172 -41.1795 -0.0102858 -0.999823 -0.0157315
14.4258 42.4953 -40.5898 -0.0078822 -0.999838 -0.0161865
15.6801 42.4779 -40.1727 -0.00922327 -0.999826 -0.0162417
16.7274 42.4633 -39.7608 -0.012302 -0.999864 -0.0110028
17.6431 42.4475 -39.3108 -0.00989477 -0.999899 -0.0100769
18.6149 42.4343 -38.9344 -0.0103332 -0.99988 -0.0114615
19.7966 42.4173 -38.5048 -0.0116749 -0.999879 -0.0102476
20.9582 42.3982 -37.8936 -0.0133806 -0.999905 -0.00313364
22.1244 42.3834 -37.31 -0.0113581 -0.99993 -0.00329762
23.5209 42.3652 -36.5987 -0.0103584 -0.999943 -0.00154893
24.5587 42.3529 -35.864 -0.0112584 -0.999936 0.000170165
25.4338 42.3445 -35.1595 -0.0110602 -0.999934 0.00308851
26.5026 42.3339 -34.3789 -0.0136341 -0.9999 0.00366861
27.3257 42.3226 -33.8356 -0.0143952 -0.999894 0.00188948
28.1296 42.3123 -33.2534 -0.01409 -0.9999 0.00137794
29.226 42.2984 -32.3494 -0.0160203 -0.999864 0.00398954
30.0886 42.2874 -31.585 -0.0159754 -0.999867 0.00336254
30.9531 42.2761 -30.8959 -0.016031 -0.999868 0.00268397
31.6019 42.2668 -30.2681 -0.0175056 -0.999844 0.00228386
32.3871 42.2537 -29.3436 -0.0201032 -0.999793 0.00315901
33.2758 42.2379 -28.228 -0.02111 -0.999776 0.00162357
33.8335 42.2265 -27.4873 -0.0243478 -0.999703 -0.000226787
34.6477 42.2071 -26.4945 -0.0253855 -0.999677 -0.000382376
35.4794 42.1809 -25.523 -0.0289101 -0.999562 -0.00587221
36.0295 42.159 -24.7945 -0.03144 -0.999487 -0.00604893
36.6323 42.1324 -23.9457 -0.0350742 -0.999348 -0.00858832
37.1938 42.1053 -23.1483 -0.034501 -0.999358 -0.00965314
37.8718 42.0675 -22.0564 -0.0387396 -0.999168 -0.0127714
38.4529 42.0302 -20.9876 -0.0446855 -0.998922 -0.0125181
38.8711 42.0006 -20.1428 -0.04769 -0.99875 -0.0149073
39.3521 41.9606 -19.1684 -0.0512294 -0.998511 -0.01876
39.8793 41.9134 -18.1276 -0.053659 -0.998351 -0.0203955
40.3891 41.8617 -17.0508 -0.0559714 -0.998133 -0.0244543
40.875 41.8042 -15.9818 -0.0630252 -0.997571 -0.0296605
41.406 41.7259 -14.6103 -0.0785572 -0.996503 -0.0284812
41.8391 41.6589 -13.511 -0.080938 -0.996296 -0.0289749
42.3419 41.59 -12.5554 -0.0835012 -0.996041 -0.0305062
42.7226 41.5312 -11.7064 -0.0831277 -0.995991 -0.0330427
42.9497 41.4786 -10.719 -0.0921475 -0.995113 -0.0354903
43.1225 41.4224 -9.51581 -0.0917492 -0.995281 -0.0315857
43.3629 41.3636 -8.197 -0.101754 -0.994491 -0.025168
43.5986 41.3035 -6.69395 -0.105468 -0.994173 -0.0222727
43.7239 41.2595 -5.37316 -0.111924 -0.993453 -0.0229042
43.9455 41.2103 -4.25552 -0.110701 -0.993651 -0.0200777
44.145 41.1678 -3.05399 -0.110506 -0.993774 -0.0141747
44.1933 41.1477 -2.14576 -0.122165 -0.992448 -0.0103996
44.2778 41.1267 -0.646008 -0.123062 -0.992382 -0.00553477
44.2623 41.128 0.508245 -0.118148 -0.992993 0.00131702
44.1975 41.1379 1.56756 -0.122701 -0.992431 0.00393096
44.0983 41.1559 2.64309 -0.119028 -0.99288 0.00470456
43.9549 41.1876 3.92298 -0.119942 -0.992709 0.0119019
43.8534 41.2157 5.02726 -0.114316 -0.993336 0.014679
43.7133 41.2586 6.22459 -0.113826 -0.993215 0.0238033
43.5862 41.2952 7.12769 -0.103686 -0.994311 0.0244076
43.4274 41.3418 8.14127 -0.10298 -0.994154 0.0324623
43.1664 41.4064 9.37949 -0.0922653 -0.995197 0.0327139
42.7947 41.4844 10.7459 -0.0856913 -0.995772 0.0330854
42.4447 41.561 12.1405 -0.0850118 -0.995819 0.033441
42.0977 41.6225 13.0409 -0.0808623 -0.995792 0.0430765
41.5437 41.7128 14.3386 -0.0704028 -0.996785 0.0382552
41.0144 41.7919 15.3979 -0.0675666 -0.996973 0.038467
40.5369 41.8716 16.5585 -0.0646124 -0.997024 0.0420583
40.1722 41.9278 17.3936 -0.0564002 -0.997652 0.0388112
39.7237 41.9882 18.2602 -0.0543892 -0.99776 0.0388791
39.2673 42.054 19.2663 -0.0505786 -0.997692 0.0453064
38.8166 42.1216 20.3496 -0.0459494 -0.997978 0.0439098
38.3268 42.1773 21.191 -0.0404851 -0.998219 0.0436021
37.792 42.2374 22.0364 -0.0344806 -0.998437 0.0437763
37.1525 42.2999 23.0804 -0.0259878 -0.998779 0.0420076
36.5278 42.3529 23.9624 -0.0233947 -0.998896 0.0406499
35.9133 42.3953 24.6753 -0.0208246 -0.998913 0.0417057
35.286 42.4355 25.3839 -0.0183564 -0.999066 0.0391187
34.5864 42.4844 26.2963 -0.015256 -0.999099 0.0396109
34.0131 42.5233 27.0723 -0.0105412 -0.999116 0.0406093
33.41 42.5621 27.8302 -0.00979542 -0.999013 0.0433143
32.5797 42.6075 28.8065 -0.00549619 -0.999054 0.0430024
31.9326 42.6397 29.5072 -0.000677172 -0.999024 0.0441745
31.1153 42.6748 30.3097 0.00108844 -0.999054 0.0434754
30.1462 42.7095 31.153 0.00154989 -0.999127 0.0417534
29.1609 42.7395 31.9706 0.00457991 -0.999204 0.0396272
28.3771 42.7602 32.5733 0.00806943 -0.99901 0.0437522
27.4049 42.7802 33.2085 0.00908346 -0.999026 0.043167
26.2617 42.8063 34.0658 0.0105413 -0.998881 0.0460938
25.3947 42.828 34.7872 0.0142885 -0.998851 0.0457374
24.4892 42.8424 35.3718 0.0151556 -0.998785 0.0468911
23.7379 42.8553 35.8926 0.0167782 -0.998845 0.0450186
22.7717 42.8732 36.6372 0.0164413 -0.998825 0.0455927
21.9983 42.8827 37.1084 0.0158794 -0.998801 0.0462994
20.8924 42.8843 37.5474 0.0178633 -0.99894 0.0424162
19.9763 42.8863 37.9841 0.0173282 -0.998872 0.0441586
18.9493 42.8943 38.5218 0.0168016 -0.998803 0.0459281
18.0661 42.8956 38.9062 0.0183792 -0.998854 0.0441929
17.0932 42.894 39.2331 0.0152265 -0.998835 0.045771
16.1825 42.8919 39.5006 0.016346 -0.998849 0.0450721
15.1582 42.8941 39.8954 0.0149367 -0.998904 0.044358
14.1214 42.9006 40.4187 0.0167692 -0.998889 0.0440301
13.2022 42.9052 40.8483 0.0155757 -0.998757 0.0473462
12.142 42.9033 41.1437 0.0124762 -0.998801 0.0472479
11.1375 42.8975 41.2446 0.0102524 -0.998915 0.0454278
10.1862 42.8871 41.3148 0.0152025 -0.998907 0.0442101
8.7865 42.8834 41.6233 0.0107384 -0.998764 0.0485373
7.87085 42.8814 41.788 0.0110558 -0.998839 0.0468743
6.61628 42.8752 41.9044 0.00718072 -0.999274 0.0374076
5.54638 42.8739 41.9857 0.00679376 -0.999091 0.0419835
4.24225 42.8687 42.1655 0.00789637 -0.998994 0.0440446
3.34945 42.8758 42.3345 -0.000558673 -0.99922 0.0394849
2.32242 42.8805 42.5285 0.00442337 -0.999082 0.0424715
1.00043 42.878 42.5391 0.00109398 -0.998959 0.0456064
0.0640852 42.876 42.4945 0.000290748 -0.999328 0.0365425
-1.16318 42.8779 42.5031 -0.00195574 -0.999019 0.0442416
-2.70907 42.8631 42.231 0.00127504 -0.998941 0.0459501
-3.76478 42.8594 42.0651 -0.00395014 -0.998871 0.0473472
-4.69769 42.8555 41.9307 -0.00201263 -0.998893 0.0469883
-5.67918 42.8546 41.829 -0.00134848 -0.999124 0.0418341
-6.78064 42.8542 41.7776 -0.00294586 -0.999175 0.0404935
-8.02912 42.8507 41.5892 -0.00305868 -0.999158 0.0409104
-9.46093 42.8432 41.2631 -0.00395193 -0.999113 0.0419199
-10.9665 42.8398 41.0191 -0.00428287 -0.998995 0.0446003
-12.3906 42.8177 40.4071 -0.000713825 -0.999224 0.0393759
-13.2505 42.8075 40.1135 -0.00250789 -0.999163 0.0408398
-14.3414 42.7983 39.8143 -0.00165106 -0.999249 0.0387172
-15.3163 42.7855 39.4438 -0.00205398 -0.999235 0.0390444
-16.1309 42.7726 39.0607 -0.00267898 -0.99923 0.0391391
-17.0073 42.7574 38.6019 -0.00386886 -0.999229 0.0390773
-18.3027 42.7384 37.9845 0.000283905 -0.999362 0.0357066
-19.3217 42.723 37.557 0.00016222 -0.999332 0.0364986
-20.217 42.709 37.1382 -0.000802465 -0.999414 0.0342218
-21.1527 42.69 36.5885 -0.000604971 -0.99931 0.0371461
-22.2266 42.6665 35.9308 -0.00101705 -0.999429 0.0337675
-23.0452 42.6465 35.3266 0.000843944 -0.99941 0.0343233
-23.9652 42.6229 34.6754 0.00109614 -0.999398 0.0346877
-24.8625 42.5981 33.9579 0.00209989 -0.999535 0.0301286
-25.9336 42.5719 33.1813 0.00279831 -0.999544 0.0300781
-26.8738 42.5463 32.4694 0.00387218 -0.999571 0.028956
-27.9044 42.5189 31.7818 0.00658462 -0.999508 0.0306773
-28.743 42.4915 31.0477 0.00873624 -0.999506 0.030116
-29.6488 42.4568 30.2475 0.011085 -0.999403 0.0326911
-30.616 42.4134 29.2709 0.0139064 -0.999405 0.0315334
-31.2358 42.3812 28.5677 0.0151892 -0.999384 0.0316306
-31.9617 42.3392 27.6054 0.0174405 -0.999383 0.0304671
-32.7232 42.2952 26.5701 0.0189591 -0.999367 0.030048
-33.4354 42.2509 25.6256 0.0246226 -0.999218 0.0308536
-34.2343 42.1998 24.7072 0.029431 -0.999001 0.0335564
-34.9696 42.1517 23.9346 0.0316482 -0.999024 0.0308024
-35.5451 42.1082 23.1748 0.0348023 -0.998918 0.0308325
-36.0965 42.0559 22.2104 0.0377092 -0.998645 0.0358718
-36.6408 41.9984 21.193 0.0444304 -0.998378 0.0355791
-37.076 41.948 20.3435 0.047835 -0.998262 0.0343126
-37.4498 41.9012 19.4916 0.0500564 -0.998232 0.0320373
-37.8759 41.8502 18.6619 0.0556093 -0.997879 0.0338369
-38.2817 41.7987 17.8092 0.0555857 -0.99786 0.0344252
-38.6364 41.7449 16.9688 0.0622202 -0.997279 0.0395409
-38.9944 41.6883 16.1344 0.074843 -0.996169 0.0451372
-39.4631 41.611 15.1375 0.0740338 -0.996318 0.0432413
-39.9164 41.5383 14.284 0.081885 -0.995653 0.0443164
-40.273 41.4712 13.4098 0.0843247 -0.995603 0.0407857
-40.6037 41.4029 12.5161 0.0896579 -0.995068 0.0424487
-40.9402 41.3339 11.645 0.091351 -0.994759 0.0459382
-41.2362 41.26 10.5542 0.100103 -0.99418 0.0393804
-41.4478 41.1948 9.5284 0.105809 -0.993489 0.0422343
-41.6711 41.1323 8.63838 0.109375 -0.993207 0.0393904
-41.8003 41.085 7.74914 0.113601 -0.992812 0.0376784
-41.8799 41.038 6.69147 0.119916 -0.992331 0.0299871
-42.046 40.9884 5.72651 0.122471 -0.992 0.0304978
-42.2401 40.9383 4.80877 0.129453 -0.991289 0.0242499
-42.5202 40.8739 3.52053 0.12706 -0.991707 0.0193341
-42.6963 40.8378 2.72724 0.131835 -0.991184 0.0127962
-43.6136 40.7144 2.84222 0.134445 -0.990675 0.0220795
-43.6972 40.6886 1.93678 0.137169 -0.990467 0.0126159
-43.6972 40.6813 0.900179 0.136674 -0.99061 0.00327703
-43.727 40.6759 -0.391813 0.136192 -0.990679 -0.00271806
-43.6733 40.6893 -1.5784 0.137646 -0.990429 -0.00941245
-43.4982 40.7223 -2.54054 0.133991 -0.99087 -0.0149305
-43.3165 40.7618 -3.59669 0.130125 -0.991354 -0.0163403
-43.1784 40.8023 -4.67493 0.129181 -0.991401 -0.0208677
-43.0395 40.8505 -5.837 0.126143 -0.991674 -0.025741
-42.9528 40.8991 -7.0763 0.124075 -0.991775 -0.0314387
-42.7847 40.9542 -7.99559 0.118005 -0.992315 -0.0372174
-42.4981 41.0217 -8.88751 0.115638 -0.992434 -0.0410241
-42.3512 41.0776 -9.86811 0.105104 -0.993671 -0.039635
-42.24 41.1258 -10.8256 0.101034 -0.994059 -0.0402309
-41.9035 41.2057 -11.9087 0.0966296 -0.994487 -0.0407321
-41.4521 41.2912 -12.9612 0.0934219 -0.994727 -0.0423144
-41.0887 41.3633 -13.8996 0.0871725 -0.995317 -0.0416464
-40.638 41.4404 -14.7347 0.0832553 -0.995653 -0.0414449
-40.2105 41.5118 -15.6487 0.0783061 -0.995985 -0.0433753
-39.7324 41.5913 -16.7464 0.0706772 -0.996781 -0.0378405
-39.3619 41.656 -17.7454 0.0679242 -0.997018 -0.0364701
-39.0029 41.7136 -18.6322 0.065108 -0.997075 -0.0400376
-38.5932 41.778 -19.5687 0.0615175 -0.997349 -0.0386799
-38.1073 41.8461 -20.5837 0.0539434 -0.99768 -0.0415189
-37.704 41.9005 -21.4166 0.0491524 -0.998024 -0.0390849
-37.1963 41.9602 -22.2624 0.0464638 -0.998149 -0.0391164
-36.4952 42.0251 -23.1755 0.0441689 -0.998341 -0.036941
-35.908 42.0769 -23.9492 0.0379099 -0.998552 -0.0381602
-35.3269 42.1258 -24.7297 0.0327408 -0.998778 -0.0368831
-34.7478 42.1737 -25.4749 0.031124 -0.998768 -0.0386597
-34.1148 42.2266 -26.3761 0.0279612 -0.99885 -0.0389514
-33.3512 42.2796 -27.2607 0.0218357 -0.998998 -0.0390252
-32.5788 42.3362 -28.2767 0.0189337 -0.999061 -0.0389752
-31.8916 42.3818 -29.136 0.0141463 -0.999129 -0.0392517
-31.109 42.427 -29.9971 0.0143503 -0.999113 -0.0395781
-30.4434 42.4633 -30.7171 0.0112595 -0.999132 -0.040096
-29.7382 42.4999 -31.4514 0.0092793 -0.999151 -0.0401403
-29.0009 42.5316 -32.0511 0.00811108 -0.999133 -0.040811
-28.1186 42.5655 -32.7751 0.00511977 -0.999156 -0.0407241
-27.2665 42.5966 -33.4614 0.00164687 -0.999149 -0.0412222
-26.5785 42.6223 -34.0557 0.00171302 -0.999145 -0.0413066
-25.5891 42.6549 -34.8364 -0.00226744 -0.999137 -0.0414747
-24.5688 42.6762 -35.4357 -0.00398836 -0.99916 -0.0407881
-23.677 42.6998 -36.1132 -0.00765539 -0.99915 -0.0404924
-22.9113 42.7162 -36.679 -0.00863414 -0.999136 -0.0406573
-22.1365 42.7354 -37.2757 -0.00862707 -0.999049 -0.0427301
-21.3276 42.7483 -37.7452 -0.00885507 -0.999101 -0.0414607
-20.4835 42.757 -38.1443 -0.0100319 -0.999098 -0.0412595
-19.34 42.7666 -38.6652 -0.0108008 -0.999101 -0.0409811
-18.4744 42.774 -39.0707 -0.010874 -0.999069 -0.0417516
-17.6067 42.7766 -39.4111 -0.0146042 -0.99899 -0.0424416
-16.6847 42.7827 -39.8318 -0.0123058 -0.998925 -0.0446989
-15.7328 42.7879 -40.1946 -0.012034 -0.999044 -0.0419475
-14.8975 42.7899 -40.5368 -0.014535 -0.999038 -0.0413692
-13.9056 42.7985 -41.0473 -0.0113005 -0.99913 -0.040051
-13.0212 42.8021 -41.3852 -0.0133825 -0.999068 -0.041047
-12.0946 42.8051 -41.758 -0.0134355 -0.999073 -0.040905
-11.1218 42.8076 -42.1632 -0.0150541 -0.999011 -0.0418355
-9.80318 42.8016 -42.4687 -0.0142402 -0.998992 -0.0425601
-8.61987 42.7896 -42.6138 -0.0151319 -0.999094 -0.039768
-7.40674 42.7796 -42.8095 -0.0145766 -0.999128 -0.0391284
-6.33131 42.7689 -42.9251 -0.0131173 -0.999151 -0.0390602
-5.00141 42.7592 -43.1053 -0.0114911 -0.999153 -0.0395015
-3.62739 42.748 -43.2514 -0.011808 -0.99924 -0.037148
-2.61933 42.7395 -43.3384 -0.0126804 -0.999278 -0.035827
-1.33133 42.7298 -43.528 -0.0124357 -0.999288 -0.0356294
-0.216982 42.7213 -43.6815 -0.0126878 -0.999306 -0.0350205
0.939031 42.7053 -43.621 -0.0126284 -0.999375 -0.0330106
2.29438 42.6882 -43.6263 -0.0122745 -0.999369 -0.0333334
3.31446 42.6747 -43.5813 -0.0105799 -0.999413 -0.0325594
4.39119 42.6579 -43.3988 -0.0109907 -0.999456 -0.0310893
5.31241 42.6439 -43.2524 -0.0110737 -0.999512 -0.0292154
6.22781 42.6307 -43.146 -0.00969241 -0.999588 -0.0268935
7.57093 42.6141 -43.0462 -0.0102257 -0.999663 -0.023849
8.50507 42.6019 -42.9279 -0.0112249 -0.999662 -0.0234058
9.40949 42.5871 -42.7695 -0.0113581 -0.999693 -0.021945
10.3048 42.5719 -42.5649 -0.0133157 -0.999699 -0.0206076
11.2354 42.5577 -42.4299 -0.00873067 -0.999749 -0.0206383
12.2264 42.5477 -42.3646 -0.00870125 -0.99975 -0.0205987
13.1705 42.5348 -42.1459 -0.00856696 -0.999761 -0.0200854
14.4242 42.5123 -41.578 -0.00961684 -0.999764 -0.0194543
15.5848 42.4954 -41.1964 -0.00963057 -0.999828 -0.015872
16.549 42.4803 -40.847 -0.0104971 -0.999822 -0.0156436
17.5489 42.4625 -40.3735 -0.0105319 -0.999854 -0.0134706
18.5493 42.4459 -39.8924 -0.0103332 -0.99988 -0.0114616
19.6483 42.4298 -39.5516 -0.0116715 -0.999879 -0.0102481
20.6809 42.4118 -39.0913 -0.0124575 -0.999876 -0.00956955
21.7646 42.3927 -38.4989 -0.0129583 -0.999875 -0.00902596
23.0908 42.3741 -37.8896 -0.0129014 -0.999904 -0.005055
24.0483 42.3607 -37.3519 -0.0122446 -0.999922 -0.00254101
24.8116 42.35 -36.8206 -0.0120459 -0.999926 -0.00136875
25.5779 42.3416 -36.2102 -0.0123895 -0.999923 0.00121072
26.3386 42.3328 -35.6356 -0.0126951 -0.999919 0.000898362
27.1209 42.3233 -35.0714 -0.0131408 -0.999913 0.00102252
27.919 42.3132 -34.5143 -0.0138029 -0.999903 0.00180819
28.6469 42.304 -33.9838 -0.0140806 -0.9999 0.00137765
29.5979 42.2916 -33.2333 -0.0141212 -0.999899 0.00125065
30.5787 42.278 -32.3362 -0.0154855 -0.999879 0.00114453
31.3115 42.2682 -31.7853 -0.0159722 -0.999869 0.0022949
32.114 42.2552 -31.0875 -0.0183172 -0.999832 0.00114356
32.8681 42.2426 -30.1822 -0.0197926 -0.999803 0.00153336
33.5152 42.231 -29.3912 -0.0193533 -0.999812 0.00131393
34.2313 42.2165 -28.4697 -0.0223864 -0.999748 0.00165284
34.8323 42.2025 -27.729 -0.0243292 -0.999704 -0.000883018
35.4822 42.1856 -26.9108 -0.0264131 -0.99965 -0.00119513
36.2289 42.1613 -26.0456 -0.0309713 -0.999496 -0.0069084
36.8471 42.1358 -25.1971 -0.0335891 -0.999406 -0.00770324
37.4036 42.1103 -24.4002 -0.0342609 -0.999366 -0.00965588
38.1255 42.0763 -23.4758 -0.0366394 -0.999259 -0.0114774
38.6669 42.0438 -22.6104 -0.0387579 -0.999164 -0.0130388
39.2246 42.0042 -21.5586 -0.0442772 -0.998889 -0.0161119
39.7676 41.9613 -20.421 -0.048747 -0.998659 -0.0174126
40.2977 41.9163 -19.4044 -0.0518041 -0.99848 -0.0188249
40.7708 41.8731 -18.4565 -0.0524497 -0.998409 -0.0207204
41.2796 41.8153 -17.3161 -0.0622497 -0.997768 -0.0241494
41.8359 41.7402 -16.0687 -0.0734272 -0.996787 -0.0316074
42.2756 41.6668 -14.9433 -0.0778947 -0.996455 -0.0316214
42.5955 41.615 -14.062 -0.0802677 -0.9963 -0.0307182
43.1819 41.5311 -12.909 -0.082455 -0.996135 -0.0302551
43.6211 41.46 -11.8923 -0.091815 -0.995059 -0.0377854
43.868 41.3979 -10.8332 -0.0915641 -0.995146 -0.036055
44.0266 41.3397 -9.64949 -0.103723 -0.993964 -0.0357283
44.2416 41.2807 -8.48988 -0.101687 -0.994467 -0.0263587
44.4313 41.2354 -7.55584 -0.106235 -0.993865 -0.0307686
44.5291 41.1973 -6.54985 -0.110594 -0.993594 -0.0232036
44.6283 41.1587 -5.41832 -0.111555 -0.993479 -0.0235516
44.9094 41.0961 -4.09364 -0.119576 -0.99255 -0.023366
45.0899 41.0479 -2.79534 -0.121361 -0.992486 -0.0154763
45.139 41.0266 -1.69728 -0.122165 -0.992448 -0.0104002
45.2312 41.0082 -0.410222 -0.122337 -0.99248 -0.00414673
45.1668 41.0174 1.02842 -0.124284 -0.992243 0.00251777
45.1196 41.0276 2.0871 -0.122685 -0.99242 0.00716717
44.9597 41.057 3.17473 -0.124298 -0.992137 0.0139092
44.8542 41.086 4.36403 -0.12036 -0.992574 0.0176381
44.6635 41.1401 5.80398 -0.118493 -0.992601 0.0259179
44.5229 41.1826 6.84561 -0.110456 -0.993418 0.0300396
44.3664 41.2319 7.81679 -0.106941 -0.993743 0.0322138
44.1417 41.3003 9.10711 -0.103555 -0.99395 0.0366106
43.926 41.3549 10.058 -0.0955357 -0.994634 0.0396913
43.6161 41.4275 11.2415 -0.0881106 -0.995521 0.0342013
43.4117 41.4808 12.2102 -0.0863656 -0.995652 0.0348514
43.0464 41.5521 13.2077 -0.0817754 -0.995643 0.0447997
42.6568 41.6249 14.1806 -0.0777627 -0.995972 0.0444855
42.002 41.7264 15.4351 -0.0689904 -0.996806 0.0401741
41.6138 41.7906 16.3146 -0.0666273 -0.996794 0.044302
41.2519 41.854 17.2297 -0.0637579 -0.99694 0.0452307
40.7924 41.9241 18.1987 -0.0585006 -0.9975 0.0396392
40.3471 41.9874 19.0373 -0.0533387 -0.997599 0.0441623
39.9185 42.0609 20.1115 -0.0487227 -0.997674 0.0474299
39.3431 42.1434 21.3136 -0.0443133 -0.997782 0.0496707
38.7907 42.2081 22.2274 -0.0381198 -0.99821 0.0460832
38.1975 42.2709 23.1436 -0.0309381 -0.998543 0.0441299
37.6693 42.3234 23.9135 -0.0274073 -0.998602 0.0450162
36.8414 42.3875 24.9774 -0.0227277 -0.998895 0.0411296
35.9872 42.4465 25.9434 -0.0172025 -0.998951 0.0424384
35.3569 42.4919 26.7818 -0.0144352 -0.99894 0.0435202
34.6953 42.542 27.6474 -0.0113738 -0.998896 0.045483
33.9396 42.5924 28.6164 -0.00735795 -0.998896 0.0463717
33.278 42.6317 29.3954 -0.00383398 -0.998963 0.045363
32.6389 42.6649 30.0886 -0.00205044 -0.999009 0.0444287
31.9436 42.6955 30.7784 -0.000429622 -0.999045 0.0436995
30.9733 42.7311 31.6315 0.00210997 -0.999122 0.0418424
30.2813 42.7542 32.2178 0.00183038 -0.999124 0.0418003
29.5794 42.7771 32.8046 0.00464751 -0.998978 0.0449689
28.3718 42.8087 33.6802 0.00801558 -0.998978 0.0444684
27.537 42.8279 34.2509 0.00775829 -0.998943 0.0453028
26.6146 42.8545 35.0308 0.0106599 -0.998886 0.0459654
25.678 42.8773 35.7512 0.0134834 -0.998795 0.0471917
24.5973 42.8921 36.3895 0.014858 -0.998734 0.0480605
23.5672 42.9135 37.1882 0.0176742 -0.998676 0.0482986
22.6479 42.9301 37.8467 0.0174252 -0.998633 0.0492862
21.4571 42.9304 38.2904 0.0181918 -0.998656 0.0485401
20.2458 42.9341 38.8719 0.0203843 -0.998553 0.0497652
18.9351 42.9402 39.5069 0.0193445 -0.998711 0.0469346
17.5794 42.9398 40.0336 0.0182533 -0.998634 0.0489645
16.4851 42.938 40.3909 0.0177575 -0.998793 0.0457874
15.6153 42.9365 40.6921 0.0172084 -0.998676 0.0484709
14.4825 42.9468 41.2821 0.0162624 -0.998678 0.0487631
13.4572 42.9522 41.7354 0.0159903 -0.998693 0.0485332
12.3737 42.9502 42.0299 0.0146972 -0.998687 0.049077
11.3248 42.94 42.1368 0.0124737 -0.998801 0.0472514
10.3077 42.9306 42.2155 0.012931 -0.998738 0.0485344
9.40776 42.9287 42.4165 0.011836 -0.998751 0.0485334
8.0747 42.9273 42.7089 0.0119189 -0.998818 0.0471303
6.89722 42.917 42.7603 0.00997184 -0.998854 0.046801
5.65322 42.9128 42.8946 0.00679376 -0.999091 0.0419877
4.37496 42.9117 43.0739 0.00606709 -0.998902 0.0464504
3.48617 42.9171 43.258 0.00311164 -0.998967 0.0453445
2.1811 42.9235 43.48 0.00268995 -0.998966 0.0453924
1.13296 42.9198 43.4508 0.000498624 -0.998924 0.0463645
0.15826 42.9181 43.4136 -9.84983e-05 -0.998889 0.0471249
-0.775394 42.9217 43.4714 -0.0010603 -0.998894 0.0470022
-1.9954 42.9164 43.3445 -1.08377e-05 -0.998894 0.0470286
-3.05928 42.9058 43.0988 -0.00380352 -0.99886 0.0475928
-3.99501 42.903 42.9679 -0.00214768 -0.998817 0.0485802
-4.98507 42.8982 42.8168 -0.00249793 -0.998845 0.0479928
-6.52391 42.8958 42.6931 -0.00320311 -0.998861 0.0475979
-7.52458 42.8963 42.6206 -0.00433462 -0.998865 0.0474246
-8.64155 42.8891 42.3573 -0.00457233 -0.998884 0.0470053
-9.95429 42.8843 42.1199 -0.0041489 -0.998939 0.0458563
-11.0519 42.8827 41.9819 -0.00335912 -0.999013 0.0442931
-12.2146 42.8649 41.4967 -0.00294923 -0.999002 0.044565
-13.6035 42.8447 40.9461 -0.00304515 -0.999027 0.0440046
-14.8441 42.8329 40.5968 -0.00270616 -0.999041 0.0436983
-16.1727 42.813 40.0496 -0.0032977 -0.999066 0.0430918
-17.3762 42.7914 39.4431 -0.00315847 -0.999262 0.0382822
-18.4556 42.7747 38.9401 -0.00132646 -0.999253 0.0386324
-19.3456 42.7622 38.5752 -0.000619522 -0.99928 0.0379034
-20.4021 42.7421 38.0517 -0.0005225 -0.999249 0.0387381
-21.3758 42.7258 37.5581 -0.00124932 -0.999356 0.0358644
-22.2293 42.706 37.022 0.00128558 -0.999293 0.0375731
-23.3004 42.6788 36.2807 0.000561293 -0.999423 0.0339518
-24.3328 42.6529 35.5528 0.00106435 -0.999398 0.0346867
-25.0654 42.6325 34.9772 0.0013823 -0.999427 0.0338146
-26.0088 42.607 34.2885 0.00225357 -0.999433 0.0335913
-26.8262 42.5838 33.6725 0.00391928 -0.999442 0.0330981
-27.5589 42.563 33.0996 0.00681168 -0.999437 0.0328439
-28.4041 42.5387 32.5349 0.00677295 -0.99947 0.0318378
-29.3238 42.5088 31.7689 0.00742343 -0.99951 0.0304009
-30.1681 42.476 31.0143 0.00993357 -0.999428 0.0323176
-30.9273 42.4422 30.276 0.0120715 -0.999363 0.0335815
-31.8809 42.3922 29.1905 0.0154929 -0.999312 0.0336732
-32.5952 42.3484 28.2655 0.0172488 -0.999313 0.0327518
-33.1961 42.3135 27.5058 0.0208471 -0.999327 0.0301754
-33.8782 42.2678 26.4865 0.021479 -0.999264 0.03179
-34.463 42.228 25.7781 0.027586 -0.999069 0.0331654
-35.181 42.1828 25.0687 0.0312643 -0.998901 0.0349222
-35.8894 42.1313 24.253 0.035768 -0.998721 0.0354756
-36.4782 42.082 23.3938 0.0375042 -0.998799 0.0315432
-36.9399 42.0344 22.606 0.0421482 -0.9984 0.0376975
-37.454 41.9781 21.6497 0.0454163 -0.998301 0.0365051
-38.0714 41.9051 20.4123 0.0483214 -0.998134 0.0372038
-38.4153 41.8553 19.5806 0.0510126 -0.997994 0.0374818
-39.0819 41.7705 18.289 0.0593236 -0.9975 0.0383872
-39.5899 41.6861 17.0189 0.0694331 -0.996605 0.043645
-40.082 41.5975 15.9104 0.077421 -0.996007 0.0443054
-40.609 41.5102 14.933 0.0818849 -0.995653 0.0443164
-41.0696 41.423 13.8792 0.0838736 -0.995528 0.0433775
-41.3822 41.3567 13.0318 0.0887588 -0.994962 0.0466141
-41.9045 41.2503 11.7892 0.0969521 -0.994161 0.0473816
-42.2088 41.1519 10.3884 0.0976049 -0.993975 0.0498731
-42.4725 41.0755 9.2975 0.112245 -0.992631 0.0451783
-42.6902 40.9998 8.25588 0.118532 -0.991825 0.0472545
-42.7346 40.9533 7.2082 0.120328 -0.992012 0.0378639
-42.9472 40.8814 5.9365 0.124757 -0.991719 0.0304682
-43.2018 40.8082 4.61212 0.129269 -0.991195 0.0285307
-43.4389 40.7537 3.56077 0.133194 -0.990883 0.0202592
-43.5109 40.7382 3.28444 0.134442 -0.990675 0.0220761
-44.3746 40.6201 3.38642 0.139152 -0.989927 0.0256764
-44.5933 40.5647 2.02782 0.139722 -0.990129 0.0110801
-44.6202 40.5514 0.807669 0.14283 -0.989737 0.00447824
-44.6582 40.545 -0.557439 0.140943 -0.990015 -0.0017316
-44.5954 40.5593 -1.7081 0.141153 -0.989926 -0.0110774
-44.4069 40.5992 -2.59145 0.136723 -0.990491 -0.0152794
-44.2346 40.6389 -3.64519 0.135181 -0.990617 -0.0199525
-44.1244 40.677 -4.66001 0.134623 -0.990623 -0.023273
-43.9965 40.7238 -5.75787 0.129203 -0.991255 -0.0268432
-43.8124 40.7934 -7.157 0.129463 -0.990927 -0.0359428
-43.6601 40.8512 -8.11551 0.125772 -0.990976 -0.0455406
-43.4451 40.9201 -9.03002 0.110407 -0.992872 -0.0448096
-43.2361 40.9841 -9.95796 0.10828 -0.993156 -0.0437757
-43.1471 41.0414 -10.9089 0.0995169 -0.99387 -0.0477842
-42.9329 41.1036 -11.8518 0.0953016 -0.994519 -0.0429958
-42.5212 41.1836 -12.8161 0.095205 -0.99458 -0.0418006
-42.1715 41.2555 -13.7296 0.0946276 -0.99464 -0.0416679
-41.8001 41.3341 -14.5507 0.0872879 -0.994879 -0.0505249
-41.366 41.4102 -15.4147 0.079434 -0.995906 -0.0431459
-40.9742 41.482 -16.321 0.0761923 -0.996073 -0.0449896
-40.5764 41.5471 -17.1426 0.071785 -0.996581 -0.0407983
-40.0019 41.6479 -18.5994 0.0664368 -0.996875 -0.0426239
-39.6185 41.7068 -19.4385 0.0630282 -0.996951 -0.0457243
-39.1946 41.7784 -20.3254 0.0620739 -0.996779 -0.0507717
-38.8064 41.8355 -21.1948 0.0511681 -0.997735 -0.0436463
-38.1778 41.9211 -22.4506 0.0467424 -0.998024 -0.0419962
-37.6317 41.9801 -23.2489 0.0419279 -0.998262 -0.0414174
-37.051 42.0353 -23.991 0.0419673 -0.998257 -0.0414957
-36.1381 42.1185 -25.1945 0.0347184 -0.998525 -0.0416004
-35.5182 42.1715 -26.025 0.0300826 -0.998744 -0.0400591
-34.7692 42.2369 -27.0241 0.0268969 -0.998693 -0.0432916
-34.0454 42.2881 -27.8382 0.0220838 -0.998899 -0.0413908
-33.3044 42.3496 -28.9166 0.0201208 -0.998876 -0.0428629
-32.6979 42.3913 -29.6735 0.0144275 -0.999127 -0.0392162
-31.9596 42.4333 -30.437 0.0127062 -0.999054 -0.0415989
-31.3303 42.4692 -31.0999 0.0117547 -0.999063 -0.0416329
-30.227 42.5295 -32.2263 0.00907694 -0.998959 -0.0446569
-29.1888 42.5736 -33.0803 0.00522657 -0.99909 -0.0423331
-28.4568 42.6047 -33.7516 0.00366018 -0.999163 -0.0407446
-27.4993 42.6361 -34.426 0.00242228 -0.99903 -0.0439557
-26.3797 42.6768 -35.3351 0.000432303 -0.999036 -0.0438934
-25.6143 42.7025 -35.9616 -0.00284633 -0.999086 -0.0426332
-24.7793 42.7278 -36.6265 -0.00516952 -0.999112 -0.0417708
-23.556 42.7528 -37.3938 -0.00815238 -0.998943 -0.0451947
-22.6994 42.7756 -38.0895 -0.0100642 -0.998934 -0.0450581
-21.6372 42.7897 -38.6392 -0.0100075 -0.998961 -0.044462
-20.4476 42.8048 -39.2485 -0.0107797 -0.998943 -0.0446812
-19.6064 42.8096 -39.5721 -0.0126469 -0.998936 -0.0443452
-18.136 42.8166 -40.1384 -0.0134911 -0.998902 -0.0448495
-17.2374 42.8235 -40.5849 -0.01432 -0.998856 -0.0456141
-15.9643 42.831 -41.1048 -0.0122832 -0.998913 -0.0449676
-14.6257 42.8356 -41.6998 -0.0165053 -0.998931 -0.0431687
-13.6162 42.8436 -42.1986 -0.0134413 -0.999066 -0.0410664
-12.7146 42.8442 -42.502 -0.0151904 -0.998969 -0.0427561
-11.6497 42.8518 -43.0232 -0.0138711 -0.998998 -0.0425463
-10.639 42.8472 -43.242 -0.0137757 -0.998908 -0.0446491
-9.2839 42.8346 -43.4678 -0.0159153 -0.998997 -0.0418163
-8.38766 42.8268 -43.6118 -0.0167702 -0.999036 -0.0405584
-7.23522 42.8131 -43.7518 -0.0158023 -0.999097 -0.0394146
-6.27977 42.8031 -43.8242 -0.0131937 -0.999196 -0.0378671
-5.29969 42.7971 -43.9922 -0.0130264 -0.99915 -0.0391005
-4.14485 42.7857 -44.1007 -0.0132201 -0.99912 -0.0397937
-2.8458 42.777 -44.2625 -0.0114373 -0.999208 -0.038109
-1.73765 42.7666 -44.3728 -0.0130952 -0.999195 -0.0379136
-0.184957 42.7541 -44.6038 -0.0128684 -0.99925 -0.0365084
0.722308 42.7383 -44.5502 -0.0140491 -0.99935 -0.0331364
1.81429 42.7239 -44.526 -0.0114599 -0.999393 -0.0328721
3.36017 42.7037 -44.4722 -0.0119113 -0.999391 -0.0328057
4.25862 42.688 -44.3227 -0.0110296 -0.999461 -0.0309073
5.38923 42.669 -44.151 -0.0123884 -0.99948 -0.0297412
6.81819 42.6467 -44.0022 -0.0143295 -0.999498 -0.0282695
7.96082 42.6318 -43.9094 -0.0108734 -0.999613 -0.0255876
8.94167 42.6167 -43.7568 -0.0116583 -0.999619 -0.0250096
10.319 42.5916 -43.5208 -0.0144942 -0.999646 -0.0222425
11.2742 42.5776 -43.4109 -0.00876415 -0.999748 -0.0206742
12.4709 42.5649 -43.3079 -0.00892384 -0.999747 -0.0206312
13.3585 42.5519 -43.0591 -0.00887793 -0.999749 -0.0205477
14.3342 42.5339 -42.6273 -0.0093919 -0.999757 -0.019934
15.2358 42.519 -42.2939 -0.00862387 -0.999758 -0.0201899
16.4737 42.4978 -41.8452 -0.0119037 -0.999759 -0.0182174
17.521 42.4777 -41.4399 -0.0128579 -0.999818 -0.0140865
18.5192 42.4584 -40.8995 -0.011222 -0.999861 -0.0123575
20.0859 42.4325 -40.3206 -0.0126263 -0.999857 -0.0112745
21.4814 42.4064 -39.7035 -0.01468 -0.999852 -0.00879143
22.4135 42.3903 -39.2245 -0.0129319 -0.999889 -0.00732302
23.7338 42.3697 -38.6135 -0.0125906 -0.999906 -0.00549784
24.5064 42.3575 -38.1528 -0.0119374 -0.999924 -0.00293331
25.7798 42.339 -37.2062 -0.0121454 -0.999924 -0.00195806
26.7334 42.3273 -36.5185 -0.0158689 -0.999865 -9.8577e-05
27.7502 42.3139 -35.8293 -0.0135896 -0.999907 0.00114753
28.5297 42.3041 -35.1659 -0.0135656 -0.999907 0.00117482
29.3175 42.2946 -34.5526 -0.0131915 -0.999913 5.72695e-05
30.6156 42.2761 -33.5402 -0.0155425 -0.999879 0.000600071
31.3105 42.266 -32.9538 -0.0165871 -0.999861 0.000685005
32.1299 42.2533 -32.3435 -0.0174932 -0.999845 0.00167056
32.9004 42.2401 -31.5511 -0.0187017 -0.999824 0.00135207
33.8203 42.224 -30.4496 -0.018914 -0.999821 0.00109464
34.4572 42.2112 -29.6777 -0.0210094 -0.999779 0.000170284
35.0395 42.1987 -28.9683 -0.0222677 -0.999751 -0.000671677
35.7662 42.1805 -27.9796 -0.023371 -0.999726 -0.00133534
36.3919 42.163 -27.2694 -0.0252391 -0.99968 -0.00180818
36.9504 42.1434 -26.5665 -0.0302622 -0.999511 -0.00782931
37.4936 42.1208 -25.8133 -0.0306932 -0.999487 -0.00903227
38.156 42.0891 -24.9136 -0.0352968 -0.999308 -0.0115691
39.0517 42.047 -23.798 -0.0351408 -0.9993 -0.0124956
39.6744 42.0057 -22.7818 -0.0423571 -0.998899 -0.0200241
40.119 41.9714 -21.9032 -0.0423623 -0.99894 -0.0180043
40.5064 41.9363 -21.0347 -0.048043 -0.998692 -0.0175172
40.9286 41.8999 -20.2024 -0.0509158 -0.998469 -0.0216196
41.6466 41.8425 -19.2001 -0.052128 -0.998444 -0.0197706
41.8866 41.8039 -18.2803 -0.0610396 -0.997711 -0.029113
42.3375 41.74 -17.1252 -0.062185 -0.99753 -0.0326731
42.7274 41.6794 -16.2774 -0.0753807 -0.996522 -0.0355234
43.2679 41.5817 -14.8233 -0.0852436 -0.995817 -0.0319321
43.9225 41.4985 -13.8562 -0.0826187 -0.996112 -0.0305849
44.3392 41.4165 -12.4809 -0.0911149 -0.995176 -0.0363148
44.7279 41.3298 -11.1817 -0.0937806 -0.994857 -0.0382391
44.9177 41.2775 -10.2943 -0.0959842 -0.994488 -0.0421988
45.002 41.2209 -9.21061 -0.113888 -0.992523 -0.0432291
45.3193 41.1457 -8.01506 -0.118976 -0.992444 -0.0299962
45.4437 41.0903 -6.47648 -0.11643 -0.992901 -0.0243304
45.5197 41.0594 -5.5686 -0.115413 -0.993069 -0.0220746
45.7559 41.0071 -4.56651 -0.119862 -0.992331 -0.0296231
45.9061 40.9599 -3.5097 -0.128168 -0.9915 -0.0223984
46.0649 40.9148 -2.06174 -0.130698 -0.991345 -0.0123645
46.1293 40.8939 -0.892608 -0.135368 -0.990785 -0.00452352
46.168 40.8897 0.483305 -0.127806 -0.991785 0.00454474
46.0451 40.9076 1.4211 -0.125944 -0.992032 0.00312805
46.0621 40.9101 2.39497 -0.125904 -0.99203 0.00502779
45.8926 40.9395 3.36005 -0.128208 -0.991614 0.0162571
45.8143 40.9682 4.44857 -0.126323 -0.991851 0.0163424
45.5979 41.0215 5.73429 -0.123873 -0.991917 0.0274865
45.4005 41.0735 6.73536 -0.125291 -0.991685 0.0292621
45.2589 41.122 7.69147 -0.120669 -0.991893 0.0387806
45.0215 41.2095 9.18318 -0.107619 -0.993548 0.0357984
44.8516 41.2682 10.107 -0.098501 -0.994201 0.0428977
44.6318 41.3264 11.0371 -0.0963661 -0.994763 0.0334275
44.4071 41.3799 12.0558 -0.100093 -0.994468 0.031859
44.1237 41.4486 12.9153 -0.0884593 -0.994928 0.0476026
43.595 41.5591 14.2934 -0.0797581 -0.995578 0.0494214
43.0805 41.6438 15.3254 -0.0723978 -0.996513 0.0414826
42.4839 41.7443 16.6063 -0.0685768 -0.996682 0.0438417
41.976 41.8358 17.857 -0.0646324 -0.996896 0.0449458
41.4978 41.9126 18.8535 -0.0606262 -0.997105 0.0458914
40.9981 41.9946 19.9356 -0.0547842 -0.997289 0.0491338
40.5176 42.0774 21.0359 -0.0489479 -0.997454 0.0516226
40.0312 42.1419 21.8966 -0.0444382 -0.997668 0.0517522
39.2511 42.2379 23.1792 -0.03366 -0.998212 0.0494032
38.7152 42.2923 23.94 -0.0307918 -0.99842 0.0469993
38.1226 42.3473 24.7856 -0.0273436 -0.998791 0.0408445
37.5447 42.4001 25.5496 -0.0204834 -0.99861 0.0485703
36.8389 42.451 26.3859 -0.0167909 -0.998953 0.0425659
36.1768 42.5006 27.1419 -0.0119414 -0.998564 0.0521076
35.5961 42.5456 27.9363 -0.00938298 -0.998726 0.0495728
35.036 42.5851 28.6423 -0.00623156 -0.998813 0.0483124
34.3746 42.633 29.5511 -0.00591077 -0.998837 0.0478468
33.7469 42.6715 30.293 -0.00209343 -0.998948 0.0458104
32.8646 42.7134 31.1419 -0.000288465 -0.998899 0.046853
31.7582 42.7575 32.1686 0.00336 -0.999006 0.0444528
30.9574 42.7844 32.8258 0.00169265 -0.99881 0.0487449
29.7987 42.8258 33.8054 0.00775946 -0.998834 0.0476414
29.0474 42.8461 34.332 0.0101659 -0.998727 0.0493267
28.3011 42.8627 34.8637 0.0106657 -0.99866 0.0506199
27.1277 42.8986 35.8187 0.0109153 -0.998761 0.0485573
26.1557 42.9212 36.5421 0.0130565 -0.998729 0.0486549
25.2573 42.9353 37.061 0.0163769 -0.998643 0.0494328
24.5193 42.9498 37.5978 0.0161149 -0.998607 0.0502432
23.7914 42.9708 38.2513 0.0181587 -0.998534 0.0509936
22.3518 42.9813 38.9803 0.0189145 -0.998549 0.0504115
21.4109 42.9806 39.3224 0.0197509 -0.998529 0.0504857
20.0414 42.9861 39.9852 0.0206615 -0.998479 0.0511215
19.1453 42.9862 40.3566 0.0211542 -0.998476 0.0509736
18.2757 42.9859 40.706 0.0185031 -0.998589 0.0497785
16.8737 42.9861 41.2523 0.0187955 -0.99865 0.0484181
15.9316 42.9882 41.642 0.0164689 -0.998669 0.0488703
14.8118 42.9966 42.1913 0.0161139 -0.998675 0.0488735
13.8649 42.9971 42.518 0.0163638 -0.998665 0.0489892
12.9139 42.9991 42.841 0.0148502 -0.998605 0.050672
11.9074 42.9956 43.0666 0.0145993 -0.9986 0.0508338
10.9893 42.9823 43.0644 0.014098 -0.998603 0.0509305
9.81003 42.9763 43.2669 0.0147074 -0.998655 0.0496993
8.90008 42.9769 43.5184 0.0121174 -0.998678 0.0499561
7.98139 42.9715 43.634 0.0118575 -0.998669 0.0501858
6.97252 42.9618 43.668 0.0102644 -0.998712 0.0496815
6.05596 42.9554 43.7293 0.0105203 -0.99872 0.0494822
5.12328 42.9605 43.9636 0.00741065 -0.998632 0.0517559
4.19422 42.9592 44.0671 0.0053136 -0.998595 0.0527308
2.82738 42.9664 44.3448 0.00348774 -0.998652 0.0517433
1.02036 42.9641 44.3639 0.00119454 -0.998757 0.0498269
0.0886582 42.9659 44.4036 -0.00169544 -0.998734 0.050262
-1.29931 42.9625 44.321 -0.000472577 -0.998758 0.0498277
-2.31867 42.9603 44.2362 -0.00224922 -0.998679 0.051336
-3.26662 42.9523 44.0307 -0.00481392 -0.998771 0.0493287
-4.46466 42.9515 43.9347 -0.00179115 -0.998789 0.0491625
-5.63165 42.9401 43.6598 -0.00191469 -0.998854 0.0478233
-6.89522 42.9394 43.5714 -0.00374965 -0.998829 0.0482377
-7.80257 42.9378 43.4624 -0.00384661 -0.998845 0.0478895
-8.70058 42.9343 43.3172 -0.00448257 -0.998907 0.046532
-9.57795 42.9282 43.1024 -0.00431446 -0.998904 0.0466033
-11.0044 42.9261 42.9336 -0.00387723 -0.99892 0.046311
-11.8764 42.9176 42.6777 -0.00266036 -0.998941 0.0459099
-12.742 42.8995 42.2471 -0.0025875 -0.999038 0.0437682
-13.6492 42.888 41.93 -0.00271823 -0.999039 0.0437539
-14.8458 42.8733 41.5161 -0.00283857 -0.999025 0.0440653
-16.2951 42.8525 40.9836 -0.0010633 -0.999091 0.0426103
-17.3482 42.8367 40.5594 -0.00238173 -0.999137 0.0414742
-18.2414 42.8168 40.0344 0.000723978 -0.999163 0.0408654
-19.1753 42.8039 39.6801 -0.00080708 -0.999282 0.037885
-20.0265 42.7885 39.2291 -0.00223252 -0.999231 0.0391045
-20.9545 42.7725 38.8002 -0.0015725 -0.999178 0.0405064
-22.1791 42.7494 38.146 -0.002602 -0.99928 0.0378518
-22.9566 42.7306 37.6653 0.0010087 -0.999233 0.0391459
-23.687 42.7083 37.1277 -0.00020734 -0.999384 0.0351024
-24.4452 42.6881 36.5632 0.00124487 -0.999376 0.0352968
-25.6394 42.6551 35.6676 0.00185547 -0.999388 0.0349408
-26.4391 42.6353 35.1316 0.00134458 -0.999366 0.0355742
-27.2297 42.614 34.5632 0.00154133 -0.99933 0.0365471
-27.9652 42.5874 33.8896 0.00229972 -0.999281 0.0378264
-29.2944 42.5486 33.0056 0.00633234 -0.999429 0.0331892
-30.3856 42.5118 32.1398 0.00815928 -0.999427 0.0328315
-31.2494 42.4733 31.2769 0.0115749 -0.999259 0.036713
-32.0298 42.4338 30.4857 0.0161784 -0.999295 0.0338867
-32.6503 42.3948 29.6625 0.0183313 -0.999235 0.0345388
-33.5647 42.3374 28.4872 0.0199354 -0.99921 0.0343899
-34.2247 42.2967 27.6202 0.0215576 -0.99924 0.0323937
-34.7676 42.2551 26.7707 0.0233454 -0.999049 0.0368265
-35.8353 42.1842 25.6642 0.0296154 -0.998855 0.0375175
-36.6523 42.1254 24.7625 0.0340378 -0.998643 0.0394068
-37.3185 42.061 23.7246 0.040146 -0.998389 0.0400546
-37.9535 41.9952 22.7125 0.0432132 -0.998368 0.0373325
-38.5888 41.9236 21.558 0.044562 -0.998326 0.0368682
-38.9598 41.8687 20.6368 0.0502687 -0.997971 0.0390887
-39.4167 41.8088 19.7251 0.0536728 -0.997662 0.0423164
-39.9369 41.7323 18.637 0.0607624 -0.997209 0.0433913
-40.4081 41.6443 17.4122 0.0733403 -0.995997 0.0510515
-40.8579 41.5557 16.4057 0.0861531 -0.994858 0.0526248
-41.5192 41.4419 15.0686 0.081089 -0.99569 0.0449709
-42.1128 41.3235 13.6895 0.0867834 -0.994986 0.0496463
-42.5182 41.2411 12.7445 0.0919821 -0.994364 0.0527207
-42.917 41.1472 11.6552 0.0952206 -0.994035 0.0530511
-43.0928 41.0798 10.7203 0.103206 -0.993373 0.0505861
-43.3532 40.9747 9.43114 0.116978 -0.991421 0.0570424
-43.5954 40.8984 8.42327 0.122446 -0.991385 0.0465018
-43.6733 40.8448 7.44418 0.127609 -0.990979 0.0408802
-43.8827 40.7768 6.38513 0.128613 -0.990999 0.0371487
-44.0494 40.7137 5.15846 0.128836 -0.991137 0.0323199
-44.1488 40.6784 4.35026 0.133131 -0.990741 0.0266317
-44.2256 40.6589 4.00966 0.134583 -0.990507 0.0279291
