-66.6496 30.3159 0.590781 0.243803 -0.969737 0.00796987
-66.6438 30.3198 -0.609398 0.244463 -0.969655 -0.00148288
-66.0488 30.4683 -0.439765 0.242399 -0.970176 -0.000960243
-66.1137 30.4535 0.749646 0.250745 -0.968029 0.00680062
-66.5839 30.3402 1.02147 0.23822 -0.971077 0.0157477
-67.2539 30.1743 1.05402 0.241081 -0.970339 0.017947
-66.7264 30.3274 2.30421 0.233783 -0.972058 0.021185
-65.9573 30.5053 1.9809 0.234573 -0.971936 0.0173646
-65.5968 30.5904 1.16269 0.250643 -0.968053 0.00715128
-65.4635 30.6149 -0.317427 0.253079 -0.967425 0.00579211
-65.6515 30.5859 -1.54334 0.254616 -0.966856 -0.016954
-66.5516 30.3697 -2.3997 0.256029 -0.966277 -0.0275176
-67.024 30.2287 -1.3787 0.24439 -0.969654 -0.00661231
-67.3436 30.1417 -0.236142 0.244023 -0.969759 -0.00442549
-67.2784 30.1658 0.92264 0.241079 -0.970339 0.0179461
-67.9223 30.0064 0.937083 0.240424 -0.970498 0.0181925
-67.9762 29.9837 -0.0936273 0.237034 -0.971499 -0.00213586
-67.7636 30.041 -1.18911 0.243875 -0.96978 -0.00714414
-67.5151 30.1102 -2.05251 0.244496 -0.969481 -0.0160189
-66.9243 30.2931 -3.1148 0.253969 -0.966772 -0.0291757
-65.9909 30.5461 -3.3412 0.259121 -0.965417 -0.028601
-65.1683 30.7355 -2.20495 0.263959 -0.964122 -0.028042
-64.9005 30.7767 -0.818851 0.263505 -0.964503 -0.0172384
-64.8431 30.7833 0.547723 0.255318 -0.966844 0.00513546
-65.0503 30.7376 1.568 0.256496 -0.966471 0.0119843
-65.4372 30.6513 2.52591 0.25073 -0.967715 0.0248798
-66.2483 30.4728 3.35568 0.244151 -0.969011 0.0375114
-67.1442 30.2403 2.94738 0.233838 -0.971923 0.0257004
-67.728 30.0677 1.63808 0.239927 -0.970547 0.0214925
-67.7449 30.0625 1.58507 0.240425 -0.970497 0.0181934
-68.3335 29.9233 1.83229 0.238983 -0.970702 0.0249754
-68.0088 30.0286 2.81663 0.238012 -0.970821 0.0289994
-67.5356 30.1662 3.57281 0.233655 -0.971847 0.0302918
-66.5446 30.4301 4.15736 0.243067 -0.969177 0.0401358
-65.4235 30.6932 3.66293 0.245126 -0.968793 0.0367891
-64.7604 30.8325 2.61905 0.25586 -0.966489 0.0208517
-64.4049 30.9091 1.66216 0.253671 -0.967191 0.0138677
-64.2156 30.95 0.721685 0.255364 -0.966831 0.00518613
-64.2551 30.9473 -0.48141 0.255095 -0.966798 -0.0151365
-64.4194 30.9313 -1.82551 0.262943 -0.96448 -0.0252861
-65.0358 30.8043 -3.33075 0.259208 -0.965473 -0.0259359
-66.1623 30.5266 -4.17368 0.256633 -0.966145 -0.02619
-67.3339 30.2032 -3.72804 0.253839 -0.966846 -0.0278336
-67.8837 30.0396 -2.96291 0.249938 -0.968025 -0.0205928
-68.3239 29.9048 -1.75045 0.246703 -0.969041 -0.00913097
-68.5804 29.8342 -0.631856 0.246013 -0.969251 0.00541166
-68.6016 29.8383 0.753961 0.235635 -0.971731 0.0146484
-68.424 29.8933 1.53011 0.239927 -0.970547 0.0214927
-69.0938 29.7303 1.59985 0.237674 -0.971246 0.0138951
-69.2219 29.6755 0.242287 0.249101 -0.968374 0.011894
-69.2483 29.6644 -0.68734 0.246014 -0.969251 0.00541103
-69.0562 29.7148 -1.66847 0.250044 -0.968177 -0.0105879
-68.755 29.8071 -2.76309 0.254405 -0.96695 -0.0168947
-68.1903 29.9831 -3.79215 0.258449 -0.965315 -0.037022
-67.449 30.1982 -4.58414 0.250161 -0.967879 -0.0250735
-65.9617 30.5964 -4.89905 0.256342 -0.966333 -0.0221346
-64.6248 30.9293 -3.87387 0.261411 -0.964578 -0.0343096
-64.1063 31.0466 -3.03935 0.2619 -0.964823 -0.0229147
-63.7914 31.1104 -2.12667 0.26242 -0.964652 -0.0241014
-63.6264 31.1213 -0.926163 0.261252 -0.964827 -0.0292443
-63.5693 31.1168 0.35668 0.256751 -0.966399 -0.0122986
-63.7212 31.088 1.65746 0.254248 -0.967059 0.0123488
-64.0138 31.0237 2.51326 0.250091 -0.968064 0.0175196
-64.5236 30.9215 3.65673 0.252096 -0.96718 0.0317966
-65.3462 30.7391 4.48946 0.238734 -0.970641 0.0271416
-66.8351 30.389 4.88775 0.242954 -0.969127 0.0420339
-68.0371 30.06 4.05053 0.234172 -0.97172 0.030382
-68.757 29.8444 2.78061 0.237488 -0.970835 0.0328428
-69.0767 29.7368 1.74769 0.242106 -0.969827 0.0286516
-69.0816 29.7351 1.73044 0.23989 -0.970536 0.0212736
