-37.9691 44.791 -10.3725 0.0892787 -0.995617 -0.0277337
-38.2999 44.7192 -8.87249 0.0970989 -0.994873 -0.0282536
-38.5201 44.6693 -7.81863 0.101547 -0.994376 -0.0295958
-38.796 44.6062 -6.6006 0.11086 -0.993318 -0.0315318
-38.9449 44.558 -5.51143 0.120117 -0.99245 -0.024807
-39.0954 44.5098 -4.30147 0.132 -0.991112 -0.0165255
-39.3338 44.4579 -3.12278 0.1323 -0.991057 -0.0173843
-39.5677 44.4115 -1.92185 0.131927 -0.991222 -0.00858426
-39.6982 44.3838 -0.462064 0.135339 -0.990787 -0.0049747
-39.6451 44.3886 0.710017 0.133645 -0.991011 0.00537101
-39.4648 44.4212 1.74514 0.134814 -0.99084 0.00783846
-39.3241 44.462 3.01451 0.133851 -0.990831 0.0183492
-39.1339 44.5123 4.0559 0.128354 -0.991369 0.0266882
-38.9461 44.5707 5.34382 0.122024 -0.99209 0.0289934
-38.7617 44.6343 6.54744 0.117441 -0.99263 0.0293774
-38.5607 44.702 7.87082 0.106009 -0.993617 0.0385774
-38.2577 44.7858 9.41023 0.0958221 -0.99465 0.0385881
-37.9514 44.8526 10.6223 0.0869352 -0.995611 0.0346493
-37.5876 44.9101 11.5943 0.0758569 -0.99665 0.0305599
-37.0831 44.982 12.753 0.0718008 -0.996958 0.0302271
-36.688 45.0397 13.6451 0.0671482 -0.997295 0.0293546
-36.0951 45.1141 14.8253 0.0614872 -0.997466 0.0357956
-35.4441 45.1923 16.1279 0.0525394 -0.997964 0.0361578
-34.9251 45.2509 17.3582 0.0415353 -0.998683 0.0301197
-34.5538 45.2909 18.2894 0.0368525 -0.998964 0.0266874
-34.0315 45.3448 19.6994 0.0280099 -0.999241 0.0270554
-33.379 45.3942 20.8166 0.0211814 -0.999245 0.0325694
-32.5363 45.438 21.7559 0.0151993 -0.999501 0.0276832
-31.7029 45.4791 22.7186 0.0165999 -0.999411 0.0300304
-31.146 45.5112 23.5057 0.0123013 -0.999599 0.0251612
-30.5376 45.5382 24.4509 0.008944 -0.999614 0.0261094
-29.6919 45.5761 25.5715 0.0129717 -0.999665 0.0222502
-29.0586 45.6006 26.2999 0.00936366 -0.999578 0.0275042
-28.3455 45.6237 27.0705 0.00543314 -0.999727 0.0227027
-27.7047 45.6422 27.7155 0.00680167 -0.999789 0.0184266
-26.943 45.665 28.4312 0.00708595 -0.999678 0.0243739
-26.132 45.6873 29.1023 0.00702923 -0.999723 0.0223759
-25.009 45.7145 30.0694 0.00167328 -0.999819 0.0181276
-24.0003 45.7268 30.8098 -0.00336649 -0.999704 0.0241076
-23.1075 45.7422 31.4765 0.00481062 -0.99969 0.0235029
-22.1119 45.7682 32.2324 0.00572868 -0.999607 0.0274255
-21.344 45.7875 32.8111 0.00171959 -0.999631 0.0269183
-20.2892 45.8056 33.5465 -0.00191389 -0.999641 0.0267396
-19.4931 45.8203 34.0592 0.00267525 -0.999593 0.0284115
-18.354 45.8405 34.7046 0.00100621 -0.999605 0.0280897
-17.0874 45.8561 35.2631 -0.00167363 -0.999556 0.0297621
-16.1889 45.863 35.6063 -0.00757507 -0.999395 0.0337036
-15.0442 45.873 36.0544 -0.00486047 -0.999273 0.0378068
-14.1978 45.8819 36.381 0.00119369 -0.999632 0.0268657
-13.2949 45.8927 36.7923 -0.00122048 -0.999567 0.0294038
-11.9429 45.9014 37.3226 -0.00548809 -0.999373 0.0349734
-10.6599 45.911 37.7444 -0.00320767 -0.999323 0.036664
-9.36411 45.917 38.1367 -0.00942927 -0.999316 0.0357684
-8.41721 45.9173 38.3123 -0.00252452 -0.999047 0.0434842
-7.11943 45.9214 38.4531 -0.00293531 -0.999604 0.0269467
-6.20383 45.9185 38.5422 -0.00476011 -0.999468 0.03226
-5.02409 45.9211 38.6924 0.00098923 -0.99914 0.041463
-4.0069 45.9261 38.8625 -0.00483791 -0.999197 0.0397774
-2.90016 45.9319 39.0775 -0.00318449 -0.999369 0.0353864
-1.88932 45.9362 39.26 -0.00613449 -0.999127 0.0412826
-0.5332 45.9363 39.4069 -0.00176564 -0.999084 0.0426367
0.940972 45.9343 39.4996 -0.00392682 -0.998862 0.0475301
1.84302 45.9345 39.5113 0.00106392 -0.999411 0.0342877
2.87573 45.9339 39.4125 0.00707036 -0.999357 0.034993
3.77215 45.9364 39.251 0.0040901 -0.999211 0.0391042
5.06872 45.9241 38.9917 0.000180411 -0.999393 0.0341123
6.28925 45.9251 38.8415 0.00671028 -0.999193 0.0396098
7.23453 45.9286 38.741 0.00556787 -0.999339 0.0359379
8.57953 45.9284 38.5797 0.00677197 -0.999159 0.0401996
9.87223 45.9358 38.3645 0.0143338 -0.999103 0.039834
11.0488 45.9448 38.1017 0.0177027 -0.998801 0.0456347
12.2855 45.9461 37.7453 0.0129498 -0.999047 0.0413717
13.2044 45.9474 37.4257 0.00806532 -0.999243 0.0380569
14.416 45.9398 36.9692 0.0130464 -0.998977 0.0427481
15.379 45.9406 36.6649 0.0152955 -0.998795 0.0466391
16.558 45.9343 36.2065 0.0108253 -0.998707 0.0496641
17.5311 45.9322 35.8078 0.0202439 -0.998986 0.0401357
18.5807 45.9336 35.3709 0.0194978 -0.999145 0.0362493
19.4457 45.9308 35.01 0.00611502 -0.999387 0.0344845
20.6391 45.9223 34.3059 0.0246562 -0.99879 0.0425557
21.6731 45.9141 33.6002 0.0184112 -0.998862 0.0439903
22.6577 45.9029 32.9119 0.006563 -0.99923 0.0386702
23.6432 45.8835 32.1775 0.0112501 -0.999277 0.0354748
24.6915 45.8669 31.387 0.00919071 -0.999308 0.0352527
25.4459 45.8575 30.8404 0.0122985 -0.999094 0.0407418
26.4949 45.8393 30.1238 0.00833703 -0.999088 0.0418672
27.5298 45.8208 29.3725 0.0141299 -0.999287 0.0350173
28.5785 45.803 28.4938 0.00795019 -0.999252 0.0376919
29.6068 45.7714 27.4843 -0.00167222 -0.999399 0.0340742
30.3745 45.7385 26.6708 0.00713508 -0.999156 0.0404008
31.0089 45.7146 25.8164 -0.000793593 -0.999554 0.029476
31.7438 45.6843 24.9789 -0.00187021 -0.999521 0.0307544
32.5415 45.6552 23.999 -0.00480807 -0.999508 0.0309096
33.3633 45.618 23.0191 -0.00583414 -0.999428 0.0333062
34.2165 45.5731 21.8798 -0.0133082 -0.999565 0.0262006
34.7822 45.5425 21.0055 -0.0172067 -0.999536 0.0251453
35.2792 45.5055 20.1646 -0.0202402 -0.999228 0.0336671
35.7327 45.4709 19.3506 -0.0203159 -0.999346 0.0299059
36.3019 45.4223 18.1813 -0.0326535 -0.999061 0.0284673
36.7104 45.3827 17.1946 -0.0333166 -0.999145 0.0244614
37.0877 45.3479 16.3222 -0.0346082 -0.999019 0.0275026
37.7198 45.2848 14.9853 -0.0366023 -0.998977 0.0261636
38.0919 45.253 14.1639 -0.0446641 -0.99862 0.0276248
38.5052 45.2084 13.2204 -0.0456288 -0.998679 0.0231896
38.9763 45.1603 12.066 -0.0507377 -0.99844 0.0233234
39.5265 45.1011 10.6123 -0.0516969 -0.998482 0.0189884
39.8379 45.0571 9.07776 -0.0502825 -0.998585 0.0172848
39.9428 45.0389 8.13578 -0.0580669 -0.998262 0.00842674
40.1861 45.0052 6.63794 -0.0569055 -0.998299 0.0126728
40.3816 44.9809 5.54659 -0.0582393 -0.998237 0.0114384
40.5697 44.9612 4.56263 -0.0573245 -0.998323 0.00802481
40.7581 44.9408 3.12215 -0.0571936 -0.99835 0.00511954
40.8383 44.9314 1.54552 -0.0599805 -0.998199 0.000451841
40.9136 44.926 0.516927 -0.0582313 -0.998301 2.3053e-05
40.9847 44.9237 -0.426497 -0.0582687 -0.998299 -0.00165663
40.9383 44.9308 -1.67048 -0.0602092 -0.99817 -0.0055613
40.7678 44.9478 -2.7675 -0.0594589 -0.998206 -0.00699277
40.6174 44.9631 -3.70228 -0.0589405 -0.998227 -0.00821821
40.4429 44.9861 -5.04614 -0.0575916 -0.998249 -0.0129885
40.3136 45.0131 -6.22383 -0.0563249 -0.998286 -0.0158951
40.145 45.0348 -7.13791 -0.0566339 -0.998315 -0.0126776
39.9488 45.0634 -8.17045 -0.0562463 -0.998144 -0.0233385
39.7726 45.093 -9.15243 -0.0505911 -0.998502 -0.0203184
39.5913 45.1244 -10.1542 -0.0471554 -0.998651 -0.0217523
39.307 45.1593 -11.2797 -0.046481 -0.998792 -0.0159583
38.9248 45.1946 -12.2354 -0.0454563 -0.998741 -0.0212111
38.4101 45.2417 -13.5636 -0.0436133 -0.998945 -0.0143552
38.0605 45.2723 -14.4691 -0.0347874 -0.999196 -0.0197626
37.5757 45.3074 -15.702 -0.0299003 -0.999426 -0.0159073
36.9096 45.3525 -17.1564 -0.0303968 -0.999384 -0.0175265
36.5044 45.3771 -18.0033 -0.0265616 -0.99957 -0.0124321
35.9543 45.4052 -19.1418 -0.0254419 -0.999634 -0.00889115
35.2927 45.4304 -20.2036 -0.0268701 -0.999624 -0.00307603
34.5863 45.4513 -21.2236 -0.0188454 -0.999802 -0.00539864
33.9855 45.4649 -22.1046 -0.0257476 -0.999664 0.000407515
33.3467 45.4781 -22.9625 -0.0206078 -0.999761 0.00545239
32.7973 45.4845 -23.6984 -0.0168172 -0.999854 0.00307639
32.1985 45.4931 -24.5319 -0.0210277 -0.999762 0.00487439
31.6304 45.5025 -25.3528 -0.0178038 -0.999824 0.00489912
30.8768 45.5073 -26.3873 -0.0177512 -0.999816 0.00727575
30.1261 45.5143 -27.3059 -0.0182157 -0.99981 0.00689268
29.3796 45.5186 -28.0703 -0.0166848 -0.999776 0.0130157
28.4799 45.5218 -28.86 -0.0132623 -0.999877 0.00841269
27.5119 45.529 -29.6627 -0.0156061 -0.99984 0.00870323
26.7275 45.5346 -30.3424 -0.0127622 -0.999865 0.01002
25.9925 45.537 -30.8879 -0.00995071 -0.999918 0.00804975
25.2044 45.5429 -31.499 -0.0110676 -0.999927 0.00483288
24.4996 45.548 -32.0593 -0.0105893 -0.999928 0.00565121
23.4084 45.5517 -32.846 -0.00645846 -0.99996 0.00623355
22.5579 45.5568 -33.4445 -0.00642892 -0.999979 0.00111432
21.5293 45.5647 -34.1328 -0.00879213 -0.999957 -0.00292654
20.4863 45.5747 -34.7378 -0.00678861 -0.999976 -0.0011377
19.5458 45.5838 -35.1833 -0.0116788 -0.999928 -0.00291317
18.5084 45.5933 -35.5976 -0.00547835 -0.999983 -0.00200543
17.6114 45.6031 -35.9981 -0.00917843 -0.999889 -0.0102865
16.7358 45.6178 -36.4085 -0.0126817 -0.999899 -0.0064073
15.5513 45.6362 -36.8955 -0.00933897 -0.999885 -0.0113998
14.4639 45.6457 -37.2588 -0.0100466 -0.99985 -0.0128858
13.1959 45.6696 -37.5971 -0.00941526 -0.999879 -0.0109044
12.2593 45.6764 -37.9523 -0.00266856 -0.999944 -0.0101537
11.3272 45.6857 -38.3039 -0.0071176 -0.999732 -0.0220405
10.3607 45.6961 -38.5905 -2.77972e-05 -0.999814 -0.0192867
9.15453 45.7045 -38.7846 -0.00677275 -0.99986 -0.0152693
7.74528 45.7168 -38.864 -0.00881884 -0.999884 -0.0124122
6.44862 45.7307 -39.021 -0.00756562 -0.999567 -0.0284446
5.41164 45.7403 -39.1755 -0.00617822 -0.99969 -0.0235915
4.08868 45.7532 -39.343 -0.00442288 -0.999824 -0.0182159
3.01973 45.7627 -39.5019 -0.00913866 -0.999639 -0.024606
1.71342 45.7791 -39.6559 -0.00895895 -0.999575 -0.0276155
0.418128 45.7925 -39.6865 -0.00968729 -0.999608 -0.0262524
-1.14648 45.8069 -39.6013 -0.0121907 -0.999169 -0.0389004
-2.6026 45.8158 -39.4194 -0.00955524 -0.999297 -0.0362444
-3.54908 45.8181 -39.2395 -0.0107139 -0.999387 -0.0331471
-4.68932 45.8275 -39.0562 -0.010599 -0.999484 -0.0302048
-6.00818 45.8322 -38.8446 -0.00861029 -0.999566 -0.0281771
-7.06036 45.8419 -38.7433 -0.0155758 -0.999205 -0.0366867
-8.18532 45.8532 -38.6083 -0.0136981 -0.999219 -0.0370509
-9.08417 45.8576 -38.4335 -0.0079087 -0.999374 -0.0343164
-10.1629 45.8573 -38.1359 -0.0111443 -0.999483 -0.0299919
-11.2926 45.861 -37.7196 -0.0153257 -0.999481 -0.0283072
-12.4687 45.8673 -37.239 -0.0110135 -0.99945 -0.0306312
-13.5212 45.8599 -36.7677 -0.0109286 -0.999302 -0.0357328
-14.4794 45.8548 -36.3373 -0.00843794 -0.99934 -0.0352562
-15.6623 45.8531 -35.9015 -0.0127672 -0.999535 -0.027674
-16.8295 45.856 -35.5188 -0.00712258 -0.999384 -0.0343471
-17.6926 45.8498 -35.1922 -0.00604918 -0.999404 -0.0339822
-18.5039 45.8466 -34.8002 -0.0147772 -0.999303 -0.0342706
-19.5889 45.8366 -34.1456 -0.00744638 -0.999384 -0.0343073
-20.7066 45.8156 -33.3618 -0.0032065 -0.999356 -0.0357273
-21.7369 45.7962 -32.597 -0.0121823 -0.999371 -0.0329914
-22.8339 45.7782 -31.7552 -0.00743116 -0.99942 -0.0332475
-23.5761 45.7647 -31.1642 -0.00245004 -0.999594 -0.0281877
-24.3076 45.7463 -30.5374 0.000968717 -0.999603 -0.0281696
-25.0517 45.7163 -29.9299 0.00718977 -0.998989 -0.043932
-26.0334 45.6866 -29.1392 -0.00359634 -0.999349 -0.0359083
-26.8086 45.6612 -28.5283 0.00821122 -0.999372 -0.0344627
-27.554 45.6318 -27.824 0.00120017 -0.999345 -0.0361471
-28.4206 45.5994 -26.9588 0.00214025 -0.999385 -0.0350133
-29.3523 45.5607 -25.9278 0.00971623 -0.999524 -0.0289223
-30.036 45.5238 -25.0333 0.0147431 -0.999445 -0.0298437
-30.8171 45.4822 -24.0529 0.0126268 -0.99928 -0.035591
-31.4533 45.4511 -23.2668 0.0163199 -0.99957 -0.0243744
-32.053 45.4146 -22.5269 0.0254362 -0.999234 -0.0295017
-32.6802 45.3767 -21.7425 0.0284645 -0.999173 -0.0290307
-33.2597 45.3348 -20.8974 0.0288448 -0.998969 -0.0350635
-33.8242 45.2871 -19.9807 0.027332 -0.999147 -0.0307298
-34.428 45.2358 -18.8053 0.0343932 -0.998916 -0.0313538
-34.9762 45.177 -17.5612 0.0418734 -0.998748 -0.0255714
-35.4692 45.1305 -16.6628 0.0521669 -0.998345 -0.0242035
-36.042 45.0718 -15.4901 0.0569301 -0.998001 -0.0269747
-36.4015 45.023 -14.5748 0.0617362 -0.997716 -0.0273862
-36.9633 44.9461 -13.1747 0.0704232 -0.997077 -0.0296414
-37.5187 44.8692 -11.8653 0.077473 -0.996571 -0.0290396
-37.9301 44.7993 -10.5326 0.0891357 -0.995559 -0.0302944
-38.8383 44.7239 -10.6478 0.0860405 -0.995646 -0.0355402
-39.073 44.6669 -9.61671 0.0905641 -0.995363 -0.0324209
-39.347 44.5959 -8.27379 0.106071 -0.993832 -0.0323655
-39.5683 44.5418 -7.28746 0.110856 -0.993319 -0.0315344
-39.8239 44.4597 -5.83584 0.117424 -0.992598 -0.0303739
-39.9365 44.4148 -4.77938 0.123718 -0.991865 -0.0299481
-40.2488 44.3383 -3.22975 0.131015 -0.991239 -0.0167295
-40.4622 44.2945 -2.15153 0.134908 -0.990787 -0.0111674
-40.5509 44.2688 -1.19653 0.137683 -0.990426 -0.00841071
-40.6275 44.255 -0.17242 0.139659 -0.990188 -0.00416843
-40.5253 44.2705 1.01008 0.1378 -0.990438 0.0052923
-40.3468 44.3041 2.10369 0.136161 -0.990585 0.013135
-40.1873 44.3519 3.31122 0.134646 -0.990555 0.0258351
-40.0191 44.4042 4.29441 0.130365 -0.990967 0.0312162
-39.8088 44.4734 5.55987 0.122241 -0.991808 0.0368977
-39.5987 44.5566 7.04395 0.112557 -0.992735 0.0422989
-39.4255 44.6181 8.12883 0.106706 -0.993296 0.0439626
-39.2605 44.6741 9.01851 0.0954892 -0.994679 0.0386659
-39.015 44.7479 10.1915 0.0853935 -0.995331 0.0441128
-38.7371 44.807 11.1683 0.0789947 -0.996064 0.0401268
-38.2262 44.8899 12.39 0.0682576 -0.997098 0.0337159
-37.8279 44.9512 13.2965 0.0621453 -0.99739 0.0367685
-37.3252 45.028 14.4381 0.0574874 -0.997465 0.0417059
-36.8237 45.0922 15.3905 0.0536117 -0.997637 0.0427786
-36.3252 45.1577 16.3754 0.0442896 -0.998209 0.040222
-35.8998 45.2156 17.3968 0.0330651 -0.998836 0.0351273
-35.4272 45.2726 18.5239 0.0294722 -0.998912 0.0358442
-35.0158 45.3234 19.7096 0.0257145 -0.999075 0.0344623
-34.5657 45.366 20.7129 0.0206389 -0.999264 0.0323317
-33.9897 45.4045 21.5307 0.0209442 -0.999284 0.0314907
-33.1222 45.4481 22.4413 0.0154271 -0.99947 0.028647
-32.5202 45.4775 23.1156 0.0161271 -0.999425 0.0298189
-31.8971 45.5124 23.9898 0.0159704 -0.9995 0.0272792
-31.3154 45.5443 24.9073 0.00925565 -0.999531 0.0291757
-30.6915 45.5745 25.7757 0.00523688 -0.999542 0.0297983
-29.9922 45.602 26.6105 0.00428714 -0.999586 0.0284633
-29.108 45.6351 27.5884 0.000835587 -0.999395 0.0347744
-28.2826 45.665 28.4994 -0.00133472 -0.999532 0.0305543
-27.565 45.6843 29.1328 -0.000189568 -0.999436 0.0334719
-26.6491 45.7093 29.8895 -0.00283378 -0.99945 0.0330505
-25.956 45.7276 30.5116 -0.00350376 -0.999488 0.0317877
-25.2035 45.7411 31.0666 -0.00914415 -0.999535 0.0290979
-24.2586 45.7559 31.7533 -0.00572802 -0.999327 0.0362042
-23.1625 45.7789 32.614 -0.00777371 -0.999445 0.0324026
-22.1281 45.7994 33.3642 0.00334254 -0.999525 0.0306505
-21.2625 45.8239 33.9856 -0.000165263 -0.999355 0.0352094
-20.1634 45.8443 34.6926 -0.00645043 -0.999074 0.042401
-19.3653 45.857 35.1848 -0.00978369 -0.999073 0.0419184
-18.1606 45.8825 35.8055 0.0012362 -0.999093 0.042558
-16.7591 45.8943 36.3538 -0.00565579 -0.99929 0.0372402
-15.5954 45.9048 36.8254 -0.00570658 -0.999274 0.0376675
-14.3431 45.9175 37.3132 -0.00463171 -0.999258 0.0382235
-13.1323 45.9299 37.852 -0.0079378 -0.999063 0.042489
-11.9735 45.9353 38.2539 -0.00798988 -0.998815 0.0476507
-10.7608 45.95 38.684 -0.00237111 -0.99905 0.0435212
-9.88052 45.9532 38.9623 -0.0124079 -0.999201 0.0379995
-8.73166 45.9551 39.1865 -0.00129427 -0.998734 0.0502836
-7.6795 45.9586 39.3251 -0.00466282 -0.998947 0.0456495
-6.70524 45.9617 39.4412 -2.98825e-06 -0.998911 0.0466474
-5.76199 45.9623 39.531 -0.00845824 -0.998841 0.0473749
-4.76344 45.9618 39.6669 -0.0019227 -0.999168 0.0406158
-3.63112 45.9687 39.8717 -0.00273826 -0.998771 0.0494754
-2.54081 45.9759 40.0816 -0.00425079 -0.999019 0.043891
-1.53043 45.9746 40.2424 -0.00613684 -0.999127 0.0412784
-0.411168 45.9767 40.3093 0.000845859 -0.999003 0.0446289
0.681855 45.9777 40.3851 -0.00316534 -0.998839 0.048063
1.91573 45.9766 40.4254 0.000462244 -0.998775 0.0493939
2.8903 45.9754 40.3429 0.00589338 -0.998709 0.0504614
4.01631 45.972 40.1438 0.00767004 -0.998985 0.0438531
5.48406 45.9696 39.8533 0.00863744 -0.998665 0.0509373
6.42607 45.9693 39.7452 0.00501722 -0.99865 0.0516941
7.83637 45.9683 39.5738 0.00639385 -0.998712 0.0503298
8.80529 45.973 39.449 0.0123181 -0.998346 0.0561502
9.9681 45.9799 39.2911 0.0185052 -0.998457 0.051986
11.0914 45.9904 39.0616 0.0162817 -0.998735 0.0475653
12.2402 45.9914 38.7491 0.0129508 -0.998555 0.0516995
13.1058 45.9857 38.414 0.0174669 -0.998142 0.0583412
14.4353 45.9854 37.9206 0.0180274 -0.998711 0.0474395
15.7356 45.986 37.5208 0.0149933 -0.998773 0.0471878
16.6707 45.9804 37.1362 0.0208808 -0.998054 0.058762
17.855 45.9781 36.6507 0.0253718 -0.99809 0.0562327
18.8121 45.9838 36.2806 0.0266414 -0.998217 0.053415
19.928 45.9776 35.8193 0.0164082 -0.998532 0.0515116
20.7494 45.9714 35.3257 0.0222774 -0.998587 0.048254
21.7009 45.9624 34.6846 0.0200967 -0.998778 0.0451135
22.6745 45.9536 34.0373 0.0176858 -0.99867 0.0482222
23.7603 45.9318 33.2617 0.013048 -0.998996 0.0428406
24.8025 45.9144 32.4601 0.0202244 -0.998689 0.0470095
25.8001 45.8972 31.702 0.0194255 -0.998662 0.0479178
26.9007 45.8772 30.9474 0.00891952 -0.999118 0.0410292
28.1341 45.8543 30.0845 0.0124836 -0.99918 0.0383448
29.3449 45.8308 29.069 0.00795558 -0.999252 0.0376924
30.1281 45.8035 28.2701 0.00640695 -0.999162 0.0404171
30.9368 45.7714 27.374 0.00587576 -0.999119 0.0415453
31.71 45.7395 26.4431 0.00564632 -0.999234 0.038736
32.4603 45.7031 25.5199 0.0031385 -0.999041 0.0436788
33.0302 45.6774 24.8052 0.00439811 -0.999289 0.0374484
33.944 45.6385 23.7403 -0.00611405 -0.999426 0.0333236
34.6681 45.6025 22.8365 -0.00695128 -0.999306 0.0365971
35.2014 45.5699 22.0547 -0.00775415 -0.999211 0.0389475
35.686 45.5355 21.2687 -0.0100789 -0.999165 0.0395334
36.3852 45.4792 20.0695 -0.0206088 -0.999276 0.0319114
36.8723 45.438 19.1335 -0.0254243 -0.999156 0.0322617
37.2455 45.4002 18.2844 -0.0264463 -0.999076 0.0338651
37.7525 45.3464 17.0259 -0.0261741 -0.999195 0.0304124
38.2661 45.2956 15.9448 -0.0323459 -0.998927 0.0331548
38.6789 45.2524 15.0469 -0.0341031 -0.998851 0.0336209
39.059 45.2126 14.2233 -0.0398483 -0.998792 0.0287582
39.6319 45.1494 12.9153 -0.0448917 -0.998592 0.0279167
40.0137 45.1101 12.0035 -0.0479415 -0.998519 0.0256032
40.4051 45.0631 11.0046 -0.0506504 -0.998436 0.0232719
40.6437 45.0317 10.041 -0.0527173 -0.998411 0.0199059
40.7752 45.0058 8.99676 -0.0548179 -0.998349 0.0171517
40.897 44.9831 8.01233 -0.0543233 -0.998405 0.0153637
41.0648 44.9592 6.95748 -0.0569064 -0.998299 0.0126752
41.2148 44.9392 6.06865 -0.0568383 -0.998302 0.0127235
41.4358 44.9143 5.01166 -0.0574714 -0.998299 0.00963507
41.6248 44.8946 3.85945 -0.0575008 -0.998335 0.00462725
41.7003 44.884 2.59129 -0.0573817 -0.998338 0.00530772
41.7645 44.8769 1.44023 -0.0585788 -0.998282 0.000997586
41.8502 44.8712 0.446973 -0.0586306 -0.99828 -0.00065552
41.9362 44.8673 -0.588768 -0.0589432 -0.998257 -0.00256713
41.8313 44.8784 -1.92611 -0.0593441 -0.998226 -0.00462733
41.5585 44.9057 -3.46456 -0.0574924 -0.998294 -0.00989197
41.429 44.9239 -4.45889 -0.0552537 -0.998413 -0.0108967
41.3298 44.9441 -5.48212 -0.0547122 -0.998353 -0.0172773
41.1368 44.9791 -6.84 -0.0543307 -0.99835 -0.018601
40.8715 45.0155 -8.12314 -0.0478625 -0.998587 -0.0231022
40.6788 45.0519 -9.24395 -0.0484594 -0.998526 -0.0244314
40.5134 45.0842 -10.2955 -0.0449028 -0.998711 -0.0236596
40.2472 45.1218 -11.4145 -0.0431434 -0.99884 -0.021304
39.8884 45.1562 -12.3538 -0.0417209 -0.998903 -0.0212678
39.4795 45.1952 -13.287 -0.0382834 -0.998967 -0.0244117
38.9761 45.2443 -14.6645 -0.0347879 -0.999196 -0.0197653
38.5679 45.276 -15.6885 -0.0318774 -0.999294 -0.0195907
38.1983 45.3037 -16.5494 -0.0279805 -0.999432 -0.018761
37.8073 45.3297 -17.3869 -0.0273162 -0.999488 -0.0166541
37.3236 45.3586 -18.3259 -0.0290754 -0.999441 -0.0163893
36.9567 45.3789 -19.2159 -0.0193731 -0.999712 -0.0141686
36.336 45.407 -20.3415 -0.0214293 -0.999684 -0.0131089
35.6923 45.4292 -21.2683 -0.0183876 -0.999796 -0.00830759
34.9628 45.4492 -22.3002 -0.0159727 -0.999854 -0.00602566
34.3447 45.4631 -23.1381 -0.01391 -0.999898 -0.00296837
33.444 45.476 -24.3549 -0.0119284 -0.999929 -0.000374097
32.6816 45.4846 -25.3791 -0.010607 -0.999944 0.000588701
32.089 45.4902 -26.2554 -0.00941996 -0.999956 0.000381627
31.4546 45.4953 -27.1248 -0.0109198 -0.999938 0.00122238
30.8573 45.5023 -27.8493 -0.0127152 -0.999919 0.000952434
29.8885 45.5091 -28.8598 -0.00638008 -0.999975 0.00295824
28.7796 45.516 -29.8012 -0.00536368 -0.999986 0.000283465
27.9437 45.5201 -30.4783 -0.0049433 -0.999988 0.000558958
27 45.5253 -31.2557 -0.00749685 -0.999947 0.00711024
25.8709 45.532 -32.1299 -0.00781339 -0.999967 -0.00223666
24.7249 45.5405 -33.032 -0.00534479 -0.999986 0.000132719
23.9806 45.5451 -33.5524 -0.00650015 -0.99996 -0.00562289
22.7936 45.5546 -34.3875 -0.00417598 -0.999975 -0.0056494
21.5606 45.5675 -35.1868 -0.00779564 -0.999958 -0.00449311
20.4374 45.5808 -35.7941 -0.00604049 -0.999919 -0.0112062
19.381 45.5905 -36.2142 -0.00620348 -0.999853 -0.0152269
18.4506 45.6054 -36.6167 -0.0105319 -0.999836 -0.0147657
17.5424 45.6179 -37.0395 -0.00475296 -0.999892 -0.0138958
16.5226 45.6323 -37.5023 -0.00769797 -0.999821 -0.0172653
15.3921 45.6483 -37.9299 -0.0075675 -0.99979 -0.017641
14.2389 45.6651 -38.2783 -0.00416184 -0.999731 -0.0228127
13.0967 45.6797 -38.6372 -0.00587582 -0.99983 -0.0160268
12.2481 45.694 -38.9654 -0.00741474 -0.999719 -0.0224889
11.1248 45.7103 -39.3534 -0.00697452 -0.99973 -0.0221659
9.95202 45.719 -39.6313 -0.00137136 -0.999686 -0.0250045
8.68842 45.7332 -39.7435 -0.00856718 -0.999495 -0.0305819
7.16746 45.7506 -39.8442 -0.00763276 -0.999503 -0.0305269
6.01609 45.7632 -40.0277 -0.00449889 -0.999471 -0.0321324
5.11758 45.7692 -40.1418 -0.00596062 -0.99937 -0.0347733
4.00802 45.7838 -40.2872 -0.00712667 -0.999237 -0.0383935
2.62778 45.7971 -40.5087 -0.006455 -0.999404 -0.0335662
1.27363 45.8198 -40.6289 -0.0144379 -0.998976 -0.0428758
0.22744 45.8255 -40.6031 -0.00807546 -0.999186 -0.0391249
-0.693348 45.836 -40.533 -0.0152314 -0.999225 -0.0362974
-1.97633 45.8477 -40.4455 -0.00865071 -0.999278 -0.0369952
-3.48133 45.8504 -40.1634 -0.00823561 -0.999334 -0.0355553
-4.49938 45.8533 -39.9763 -0.010599 -0.999484 -0.0302048
-5.75836 45.8644 -39.8037 -0.0165261 -0.998942 -0.0429221
-6.86587 45.8751 -39.687 -0.0134019 -0.998995 -0.0427753
-7.80402 45.8845 -39.5942 -0.0128644 -0.999257 -0.0363163
-8.84135 45.891 -39.4251 -0.0120314 -0.999295 -0.0355769
-9.87632 45.8912 -39.1676 -0.0134243 -0.999003 -0.041949
-10.7984 45.8942 -38.8821 -0.0144579 -0.998707 -0.0487308
-12.0578 45.8961 -38.3864 -0.02774 -0.998759 -0.0413642
-12.9995 45.9005 -38.0104 -0.01223 -0.999141 -0.0396025
-14.1849 45.8927 -37.4593 -0.0146926 -0.999063 -0.0406083
-15.0009 45.885 -37.0768 -0.0107855 -0.998816 -0.0474343
-16.1834 45.8851 -36.667 -0.0218307 -0.998991 -0.0392538
-17.2461 45.8907 -36.3227 -0.0118357 -0.999105 -0.0405319
-18.0874 45.8868 -35.9963 -0.0169693 -0.998963 -0.0422382
-19.1416 45.8849 -35.4951 -0.0144506 -0.999086 -0.0400344
-20.3221 45.867 -34.7296 -0.0122429 -0.999144 -0.0394874
-21.4328 45.8466 -33.9344 -0.0105382 -0.998861 -0.0465228
-22.4179 45.8293 -33.2242 -0.0106004 -0.999252 -0.0367386
-23.306 45.8088 -32.5711 -0.00624101 -0.999337 -0.0357618
-24.3018 45.7886 -31.7667 -0.0062442 -0.999425 -0.0333382
-25.0322 45.7667 -31.1298 -0.00310056 -0.999264 -0.0382392
-25.7781 45.7406 -30.4969 0.000944893 -0.999027 -0.0440879
-26.4934 45.7162 -29.9181 0.00348145 -0.999284 -0.0369917
-27.3803 45.6843 -29.2596 -0.00289125 -0.998893 -0.04694
-28.2226 45.6538 -28.4536 0.00120017 -0.999345 -0.0361471
-28.9258 45.6266 -27.7532 -0.000295961 -0.999282 -0.0378034
-29.7063 45.592 -26.901 0.00197708 -0.999212 -0.0396335
-30.3091 45.5599 -26.1769 0.00630685 -0.999363 -0.0351291
-31.075 45.5177 -25.1932 0.00958263 -0.999225 -0.0381762
-31.6453 45.4856 -24.4715 0.015229 -0.999155 -0.0381643
-32.2769 45.4482 -23.7013 0.0205677 -0.999353 -0.0288395
-33.1491 45.393 -22.6233 0.0188601 -0.999062 -0.0388215
-33.7473 45.3501 -21.7878 0.0213028 -0.999185 -0.0342786
-34.3961 45.2989 -20.782 0.0273152 -0.999036 -0.0343712
-34.8485 45.2579 -19.9832 0.0325021 -0.998877 -0.0343649
-35.2813 45.2164 -19.1157 0.0342076 -0.998876 -0.0327596
-35.6993 45.1722 -18.2237 0.0362393 -0.998827 -0.0321088
-36.139 45.1223 -17.3677 0.0422669 -0.998502 -0.0346146
-36.5507 45.079 -16.5513 0.0481816 -0.998216 -0.0346504
-37.1126 45.0016 -15.2131 0.0541953 -0.998002 -0.0324914
-37.47 44.9457 -14.2566 0.0632756 -0.997447 -0.0330951
-37.9828 44.8708 -13.0771 0.0713766 -0.996853 -0.0343594
-38.3997 44.8118 -12.155 0.0766414 -0.99643 -0.0348411
-38.7458 44.744 -11.0276 0.0820923 -0.996088 -0.0327013
-39.6965 44.6582 -10.9581 0.0899944 -0.995203 -0.0383797
-39.9254 44.6018 -9.99803 0.094657 -0.994874 -0.0352268
-40.1392 44.5405 -8.94948 0.098725 -0.994424 -0.0370459
-40.3711 44.4739 -7.82684 0.107954 -0.993212 -0.0430399
-40.7181 44.3725 -6.33233 0.119047 -0.992146 -0.0382601
-40.8695 44.2913 -4.58849 0.125804 -0.991595 -0.0302148
-41.0828 44.2358 -3.67215 0.128402 -0.991411 -0.0237424
-41.3159 44.1849 -2.56939 0.13359 -0.990841 -0.0196727
-41.4432 44.1499 -1.48414 0.135788 -0.990606 -0.0161101
-41.5239 44.1273 -0.304776 0.140822 -0.990025 -0.0011806
-41.4558 44.1401 0.770834 0.139132 -0.990271 0.00216146
-41.2207 44.1855 2.16518 0.132948 -0.990971 0.0161905
-41.0615 44.2395 3.54934 0.130701 -0.991082 0.0258312
-40.8801 44.301 4.62922 0.130548 -0.990701 0.0381309
-40.6393 44.3858 5.974 0.125392 -0.991056 0.0452068
-40.4549 44.4743 7.41171 0.116136 -0.991846 0.0519101
-40.3083 44.5377 8.35187 0.102918 -0.993465 0.0493472
-40.0992 44.6096 9.43121 0.0934687 -0.994603 0.0445931
-39.775 44.7147 10.9133 0.0853932 -0.995331 0.0441131
-39.3088 44.8057 12.1931 0.0774207 -0.996064 0.0431315
-38.8782 44.8745 13.1159 0.0670262 -0.996898 0.0412461
-38.3048 44.9722 14.53 0.0604126 -0.99717 0.0447545
-37.6033 45.0728 15.8627 0.0531522 -0.997494 0.0467041
-37.1087 45.1411 16.8263 0.0443427 -0.998167 0.0411719
-36.6213 45.216 18.0869 0.0387325 -0.998481 0.0386203
-36.1097 45.2804 19.2736 0.0263231 -0.998828 0.0405614
-35.7792 45.3266 20.2946 0.0219595 -0.999033 0.0380828
-35.1359 45.3853 21.5354 0.0153635 -0.999211 0.0366215
-34.2578 45.4368 22.587 0.0128321 -0.999289 0.0354339
-33.3546 45.479 23.5075 0.0106002 -0.999373 0.0337848
-32.8053 45.5099 24.2424 0.00889932 -0.999384 0.0339381
-32.1538 45.5499 25.2823 0.00829084 -0.999455 0.0319639
-31.524 45.5813 26.1629 0.00595602 -0.999539 0.0297785
-30.9488 45.6071 26.8771 0.00240229 -0.99944 0.0333723
-30.3553 45.6317 27.5716 0.00266328 -0.999419 0.0339777
-29.5014 45.6665 28.5016 0.00182575 -0.999291 0.0374815
-28.8429 45.6917 29.2624 -0.00449126 -0.999315 0.0367319
-27.9676 45.7153 29.9892 -0.00206806 -0.999321 0.0367446
-27.1537 45.7387 30.6824 -0.00539777 -0.999138 0.041151
-26.3893 45.7594 31.3615 -0.0102288 -0.999221 0.0381115
-25.5479 45.7737 31.9289 -0.0104617 -0.999079 0.0416046
-24.4314 45.7951 32.7573 -0.0118237 -0.99912 0.0402276
-23.739 45.8122 33.3442 -0.00881617 -0.999131 0.0407379
-22.7533 45.8286 34.0293 -0.013998 -0.999009 0.0420423
-21.8041 45.8515 34.7216 -0.00643161 -0.998751 0.0495458
-20.9025 45.873 35.2897 -0.00884126 -0.998726 0.0496719
-19.8743 45.8929 35.9199 -0.00971707 -0.999068 0.0420619
-18.9368 45.9098 36.4376 -0.00229622 -0.998911 0.0465232
-17.8199 45.9247 36.9166 -0.011014 -0.998828 0.0471239
-16.5512 45.9359 37.3951 -0.00811938 -0.998717 0.0499863
-15.5586 45.948 37.7945 -0.0103121 -0.998657 0.0507051
-14.4507 45.9568 38.2444 -0.0119887 -0.998574 0.052012
-13.3178 45.9724 38.7922 -0.0104517 -0.998474 0.0541972
-12.3257 45.9851 39.1488 -0.00600673 -0.998571 0.0531041
-11.2798 45.9934 39.5086 -0.0101744 -0.998508 0.0536133
-10.3118 46.0002 39.8059 -0.0106151 -0.99841 0.0553667
-9.3252 46.0009 39.9938 -0.00936848 -0.998496 0.0540214
-8.0605 46.0007 40.1785 -0.00672368 -0.998859 0.0472776
-6.83292 46.0074 40.3814 0.000949099 -0.998419 0.0561952
-5.61841 46.009 40.4861 -0.0072748 -0.998567 0.0530118
-4.40514 46.0122 40.6922 -0.00552718 -0.998552 0.0535015
-3.21771 46.0163 40.8709 -0.00400033 -0.998778 0.0492619
-2.01627 46.0205 41.117 -0.00503854 -0.998482 0.0544672
-0.972524 46.0246 41.1961 -0.000358048 -0.99825 0.0591328
0.420044 46.0232 41.256 -0.00749574 -0.99845 0.0551401
1.69161 46.0281 41.3505 0.00220091 -0.998198 0.0599243
2.85124 46.0237 41.2768 0.00119893 -0.998094 0.0616756
4.06145 46.0241 41.0654 0.0113031 -0.998338 0.0565059
5.00409 46.0194 40.8566 0.00693015 -0.998342 0.0571436
6.57608 46.0184 40.6607 0.00587353 -0.998159 0.0603713
7.60838 46.0175 40.5325 0.0122999 -0.998025 0.0615779
8.66522 46.0222 40.3665 0.0139574 -0.998221 0.057895
9.80798 46.0322 40.2377 0.0163652 -0.998045 0.0603204
10.971 46.0381 40.037 0.0167706 -0.998246 0.0565961
12.2233 46.0484 39.7683 0.019718 -0.998404 0.0529208
13.1094 46.0459 39.4357 0.0190859 -0.998088 0.0587838
14.1599 46.0378 38.9991 0.0154904 -0.998044 0.0605676
15.3276 46.0385 38.6063 0.0253956 -0.997804 0.0611736
16.6107 46.0388 38.1391 0.0198251 -0.997916 0.0613989
17.9609 46.0359 37.5853 0.0241056 -0.997964 0.0590532
19.0012 46.0362 37.1645 0.0253744 -0.99809 0.0562371
19.8907 46.0382 36.8411 0.0248183 -0.997796 0.0615441
21.0146 46.031 36.2433 0.0272512 -0.997937 0.0581193
21.8416 46.0218 35.7053 0.024413 -0.99794 0.0592734
22.8649 46.0042 35.0394 0.0220493 -0.9983 0.0534653
23.6616 45.9919 34.4817 0.0255953 -0.998063 0.0566939
24.5675 45.9761 33.8089 0.0237207 -0.998043 0.0578575
25.3975 45.9607 33.1873 0.0202244 -0.998689 0.0470097
26.3671 45.9436 32.4339 0.019674 -0.998655 0.0479732
27.6015 45.9193 31.5858 0.0148022 -0.998535 0.0520457
28.4292 45.9032 30.9977 0.0153396 -0.998686 0.0488953
29.3894 45.8835 30.2621 0.0152627 -0.998877 0.0448161
30.0936 45.8653 29.6448 0.0115045 -0.998817 0.0471373
30.8243 45.8334 28.8601 0.0114735 -0.998665 0.0503317
31.7567 45.7986 27.8264 0.0113534 -0.999037 0.0423836
32.6916 45.7538 26.6669 0.00707783 -0.99908 0.0421408
33.5273 45.7099 25.5953 0.00699078 -0.998933 0.0456539
34.3508 45.6749 24.6378 0.0012806 -0.99921 0.039649
35.1338 45.636 23.7143 -0.000955596 -0.999129 0.041715
35.9768 45.5833 22.5395 -0.00507126 -0.999027 0.0436972
36.6226 45.5329 21.493 -0.0124036 -0.999118 0.0401193
37.0688 45.4946 20.7078 -0.0125742 -0.999031 0.0421879
37.6759 45.4388 19.5853 -0.018171 -0.999051 0.0394834
38.1938 45.3815 18.4018 -0.0204297 -0.99906 0.0382268
38.6807 45.3218 17.1424 -0.0264456 -0.998972 0.0368048
39.2956 45.2607 15.9384 -0.0358618 -0.998775 0.0340852
39.7131 45.212 14.9696 -0.036548 -0.998702 0.0354865
40.2748 45.1459 13.6784 -0.0427686 -0.998557 0.0324603
40.7304 45.0932 12.6537 -0.0429034 -0.998526 0.033237
41.2503 45.0341 11.4187 -0.0465056 -0.998534 0.0276975
41.5078 44.9973 10.4594 -0.0469678 -0.998627 0.0230122
41.6674 44.9652 9.33346 -0.0496803 -0.998515 0.0223747
41.8456 44.9307 7.98121 -0.0554166 -0.998342 0.0155693
42.0438 44.899 6.59454 -0.0550258 -0.998383 0.0142719
42.3424 44.8657 5.23632 -0.0582176 -0.998236 0.011467
42.5484 44.84 3.91769 -0.0593072 -0.998219 0.00650879
42.6059 44.83 2.66409 -0.0614963 -0.998096 0.00459158
42.6811 44.8215 1.62909 -0.0630875 -0.998008 -0.000797367
42.8027 44.8137 0.328963 -0.0649671 -0.997887 0.00121413
42.8633 44.8114 -0.603243 -0.0619167 -0.998068 -0.00522474
42.8248 44.8176 -1.5643 -0.0591258 -0.998234 -0.00525125
42.6183 44.8376 -2.66637 -0.0583494 -0.998269 -0.00736375
42.4151 44.861 -3.77234 -0.0565002 -0.998327 -0.0122676
42.2867 44.8853 -5.02503 -0.0553633 -0.998346 -0.0153816
42.1895 44.9076 -6.04564 -0.0525747 -0.998386 -0.0213464
41.9786 44.9419 -7.2592 -0.0502903 -0.998493 -0.0218343
41.7012 44.9861 -8.57775 -0.0480672 -0.998525 -0.0251525
41.564 45.0192 -9.59858 -0.046115 -0.998603 -0.0258078
41.3729 45.0576 -10.8042 -0.0455331 -0.998675 -0.023986
41.1308 45.0894 -11.7058 -0.0388898 -0.998919 -0.0254619
40.6454 45.139 -12.8914 -0.0384981 -0.998914 -0.0262187
40.2981 45.1744 -13.7232 -0.0382836 -0.998967 -0.0244116
39.8553 45.2196 -14.9199 -0.034305 -0.999118 -0.0241381
39.342 45.2636 -16.1646 -0.0291856 -0.999365 -0.0204104
38.8256 45.3024 -17.3609 -0.0234153 -0.99948 -0.0221138
38.1657 45.3468 -18.7624 -0.0238661 -0.999504 -0.0205378
37.6776 45.3748 -19.9098 -0.0206685 -0.99968 -0.0145212
36.8864 45.4063 -21.1904 -0.0203984 -0.999709 -0.0128531
36.0082 45.4359 -22.4941 -0.0174405 -0.999789 -0.0108748
35.1468 45.455 -23.5702 -0.0114189 -0.999917 -0.0055197
34.5428 45.4641 -24.4013 -0.00946339 -0.999945 -0.00453164
33.9425 45.4718 -25.1831 -0.00701304 -0.99997 -0.00324929
33.1819 45.4793 -26.2046 -0.00765483 -0.999965 -0.00116805
32.6858 45.4843 -26.9776 -0.0092633 -0.999956 0.000961056
31.7541 45.4914 -28.1866 -0.00750395 -0.999969 -0.00208807
30.8411 45.5023 -29.2001 -0.00795025 -0.999964 -0.00282591
29.8299 45.5103 -30.1455 -0.00591066 -0.999981 -0.00199334
28.8591 45.5153 -30.8864 -0.00515686 -0.999987 0.000380782
27.9223 45.5209 -31.6938 -0.00453591 -0.999988 -0.00187027
27.1737 45.5216 -32.2547 -0.00699265 -0.999972 -0.000113595
26.3225 45.5303 -32.9323 -0.00814142 -0.999964 -0.00223392
25.57 45.5355 -33.5446 -0.00633919 -0.99998 0.000186575
24.574 45.5438 -34.2462 -0.00888128 -0.999944 -0.0057061
23.7162 45.5533 -34.8425 -0.00418084 -0.999975 -0.00564743
22.8736 45.5606 -35.485 -0.00545962 -0.999967 -0.00591688
21.8048 45.577 -36.1531 -0.0095431 -0.999867 -0.0131935
20.7675 45.5887 -36.6592 -0.00550465 -0.999892 -0.0134966
19.6766 45.6055 -37.0913 -0.0077362 -0.999774 -0.0197912
18.8102 45.6182 -37.4559 -0.00566646 -0.999795 -0.0194131
17.8502 45.6322 -37.8888 -0.00172731 -0.999768 -0.0214792
17.019 45.6419 -38.2762 -0.00330581 -0.999677 -0.0249228
16.1357 45.6588 -38.6286 -0.00920413 -0.999645 -0.0250154
15.008 45.6784 -39.0123 -0.00913542 -0.999653 -0.024717
14.0473 45.6922 -39.3253 -0.00520914 -0.99959 -0.0281708
13.1838 45.7036 -39.6332 -0.00275306 -0.99963 -0.027058
11.9383 45.724 -40.0907 -0.00914775 -0.999523 -0.0295098
10.7895 45.7391 -40.4224 0.000512199 -0.999634 -0.0270358
9.81624 45.7501 -40.5858 -0.00929739 -0.999293 -0.0364184
8.81248 45.7612 -40.6531 -0.00822492 -0.999367 -0.0346084
7.45254 45.7756 -40.7151 -0.0106693 -0.999309 -0.0355389
6.50002 45.7867 -40.8506 -0.00375545 -0.999202 -0.0397577
5.5945 45.7968 -41.0149 -0.00450363 -0.999471 -0.0321367
4.6913 45.8106 -41.1335 -0.00997644 -0.998983 -0.0439607
3.60394 45.8262 -41.2739 -0.00590899 -0.999003 -0.0442189
2.6603 45.8378 -41.4309 -0.00828968 -0.998889 -0.0462518
1.01189 45.8641 -41.5749 -0.0131622 -0.998902 -0.0448901
-0.035259 45.8688 -41.4678 -0.00950724 -0.998741 -0.0492481
-1.10236 45.8796 -41.3983 -0.0129132 -0.998986 -0.0431349
-2.194 45.8899 -41.3362 -0.0104506 -0.998887 -0.0459932
-3.26406 45.8927 -41.1398 -0.0105599 -0.998843 -0.0469143
-4.62763 45.8963 -40.8613 -0.0148192 -0.998597 -0.0508321
-5.89353 45.9062 -40.705 -0.0145674 -0.998564 -0.0515438
-7.35233 45.9217 -40.5696 -0.0152283 -0.998816 -0.046205
-8.31927 45.9337 -40.4817 -0.0143706 -0.998706 -0.0486779
-9.53571 45.9358 -40.1985 -0.0173148 -0.998387 -0.0540565
-10.7276 45.9401 -39.8673 -0.0189125 -0.998559 -0.0500789
-11.6221 45.9402 -39.5311 -0.0192974 -0.998525 -0.0507406
-13.0301 45.9394 -38.9889 -0.0125088 -0.999148 -0.0393371
-13.8658 45.9363 -38.647 -0.0146951 -0.999063 -0.0406089
-14.7317 45.9332 -38.2069 -0.0174314 -0.998993 -0.0413414
-15.6814 45.9261 -37.7736 -0.0146033 -0.998745 -0.0479155
-16.6764 45.9269 -37.4554 -0.0175238 -0.99908 -0.0389154
-17.9304 45.9296 -37.0257 -0.0209795 -0.998456 -0.0514415
-18.8483 45.9298 -36.6425 -0.0214592 -0.998515 -0.0500682
-19.7797 45.9236 -36.1813 -0.0164918 -0.998659 -0.0490692
-20.7114 45.9093 -35.5476 -0.0203949 -0.998596 -0.0488905
-21.4621 45.8978 -35.0009 -0.0188071 -0.998624 -0.0489236
-22.437 45.8802 -34.333 -0.0158762 -0.998562 -0.0512009
-23.1842 45.8636 -33.7905 -0.0148497 -0.998573 -0.0512955
-24.1752 45.8384 -33.0506 -0.0116392 -0.998668 -0.0502371
-25.0407 45.8155 -32.3558 -0.0109294 -0.998747 -0.0487992
-25.7283 45.7928 -31.7572 -0.00296396 -0.999264 -0.0382383
-26.4625 45.7686 -31.146 -0.00172935 -0.999014 -0.0442729
-27.2534 45.7442 -30.5273 -0.00240743 -0.998875 -0.0473623
-28.0044 45.7174 -29.9233 -0.00242336 -0.998871 -0.0474459
-28.7645 45.6887 -29.2356 -0.00568723 -0.99888 -0.0469636
-29.3948 45.66 -28.5852 -0.00327342 -0.999019 -0.0438592
-30.1072 45.6285 -27.8132 0.00184092 -0.999087 -0.0426815
-30.6994 45.5978 -27.1358 0.00536528 -0.999057 -0.0430875
-31.3028 45.5623 -26.3856 0.00632717 -0.998986 -0.0445358
-31.8783 45.5275 -25.6389 0.0080595 -0.999208 -0.0389696
-32.4931 45.4888 -24.8584 0.0129205 -0.999146 -0.0392396
-33.2969 45.4385 -23.8981 0.0156027 -0.999008 -0.0416999
-33.9827 45.3924 -23.0485 0.0216264 -0.998932 -0.0408367
-34.5408 45.3491 -22.2517 0.0243592 -0.99905 -0.0359602
-35.1944 45.2918 -21.2083 0.0273656 -0.998975 -0.0360109
-35.8708 45.2228 -19.9298 0.0324966 -0.998877 -0.0343641
-36.3925 45.1676 -18.8275 0.0344495 -0.998644 -0.038691
-36.8315 45.118 -18.0073 0.0385606 -0.998481 -0.0393628
-37.4204 45.0424 -16.7916 0.0478315 -0.998033 -0.0405228
-37.8265 44.9826 -15.8457 0.0571169 -0.997436 -0.0429965
-38.3182 44.9003 -14.4927 0.0622276 -0.997128 -0.0428
-38.9877 44.7995 -13.0906 0.0706323 -0.996633 -0.0414377
-39.413 44.7255 -12.0775 0.0780211 -0.996145 -0.0398677
-39.5404 44.6982 -11.6284 0.0860432 -0.995645 -0.0355417
-40.4602 44.6274 -11.7538 0.0819581 -0.995578 -0.0459011
-40.6711 44.5706 -10.8311 0.0906534 -0.994743 -0.0476332
-40.8797 44.5085 -9.93099 0.0919958 -0.994795 -0.0436087
-41.0795 44.4406 -8.8179 0.0990467 -0.993964 -0.0471729
-41.4059 44.3538 -7.70327 0.106237 -0.993215 -0.0472998
-41.6306 44.2694 -6.53681 0.117864 -0.991851 -0.0477178
-41.6765 44.2135 -5.30969 0.124338 -0.991301 -0.0429965
-41.938 44.1342 -4.01081 0.136766 -0.990162 -0.0295519
-42.1559 44.0805 -3.08118 0.137249 -0.990364 -0.0184786
-42.3141 44.0389 -2.00893 0.136048 -0.990548 -0.0174976
-42.3771 44.0129 -1.03047 0.13757 -0.990402 -0.0124218
-42.4271 44.0059 -0.0783029 0.132189 -0.99122 0.00181894
-42.2923 44.0304 1.16861 0.131777 -0.991263 0.00564448
-42.1265 44.0646 2.11675 0.131116 -0.991119 0.0221881
-42.0253 44.1099 3.41736 0.129476 -0.99119 0.0278864
-41.8229 44.1745 4.54254 0.129115 -0.990754 0.0416705
-41.6103 44.2431 5.53776 0.125387 -0.991057 0.0452044
-41.4687 44.3089 6.47612 0.121358 -0.991433 0.0481828
-41.3399 44.3873 7.63589 0.11231 -0.991948 0.0585311
-41.1776 44.4578 8.64114 0.102254 -0.993138 0.0560698
-40.9536 44.549 9.77169 0.0953443 -0.993813 0.0569703
-40.7247 44.6299 10.8898 0.0870841 -0.994889 0.0511105
-40.4139 44.7089 11.914 0.0816993 -0.995528 0.046998
-39.8993 44.8001 13.0572 0.0759973 -0.996033 0.0462839
-39.4829 44.871 13.987 0.0674172 -0.996488 0.0496735
-39.0462 44.9538 15.1193 0.0597758 -0.99697 0.0495337
-38.6023 45.0262 15.9658 0.0550454 -0.997173 0.0508732
-37.9806 45.116 17.0963 0.0455489 -0.997507 0.0537005
-37.5553 45.1914 18.2968 0.0368862 -0.998198 0.0473366
-37.1291 45.248 19.1577 0.031867 -0.998462 0.0450193
-36.6294 45.3212 20.6108 0.022706 -0.998807 0.04323
-35.9517 45.3871 21.9134 0.0174655 -0.999081 0.0390482
-35.1231 45.4423 23.0257 0.0125505 -0.999201 0.0378562
-34.3347 45.4782 23.7879 0.0100206 -0.999242 0.0376041
-33.3643 45.5328 25.0639 0.00725026 -0.999263 0.0376836
-32.6828 45.5736 26.098 0.00631911 -0.999361 0.0351702
-31.9634 45.6104 27.0527 0.00279421 -0.999421 0.0339099
-31.1386 45.648 28.0626 -0.000827386 -0.999189 0.0402659
-30.4296 45.6803 28.858 0.000610901 -0.999184 0.0403848
-29.7733 45.7071 29.5887 -0.00269003 -0.999328 0.0365489
-28.9 45.7393 30.4768 -0.00469491 -0.999081 0.0426121
-27.9664 45.7634 31.1674 -0.00614629 -0.999125 0.0413785
-27.2479 45.7873 31.8593 -0.0100364 -0.999016 0.0432027
-26.2729 45.8082 32.5872 -0.0107657 -0.999041 0.0424322
-25.4463 45.8205 33.0894 -0.0118236 -0.99912 0.0402277
-24.5865 45.8406 33.8702 -0.0102648 -0.999154 0.0397751
-23.6008 45.8628 34.5486 -0.00833048 -0.998919 0.0457335
-22.7652 45.8794 35.1371 -0.0114591 -0.998776 0.047976
-22.0479 45.9025 35.7057 -0.00622337 -0.99871 0.0503938
-21.0469 45.9216 36.248 -0.00951454 -0.998789 0.0482603
-20.1305 45.9387 36.8135 -0.0128777 -0.998701 0.0492559
-19.2582 45.9519 37.2757 -0.00732578 -0.998718 0.0498818
-18.3347 45.9646 37.662 -0.00735424 -0.998915 0.0459939
-17.3599 45.9738 38.0312 -0.00722966 -0.998734 0.049778
-16.4812 45.9853 38.3926 -0.00794455 -0.998712 0.0501152
-15.3696 45.9981 38.8203 -0.0103121 -0.998657 0.0507053
-14.4836 46.0084 39.2116 -0.0111137 -0.99854 0.0528535
-13.2281 46.0274 39.7963 -0.00893368 -0.998422 0.0554382
-12.2622 46.0385 40.1543 -0.0101987 -0.998429 0.0550918
-11.37 46.0466 40.449 -0.00922238 -0.998431 0.0552297
-10.3391 46.0545 40.7673 -0.00980963 -0.998335 0.0568449
-9.34154 46.0516 40.8884 -0.00761345 -0.998242 0.0587207
-7.9601 46.0576 41.1283 -0.0078216 -0.998122 0.0607556
-6.87835 46.0598 41.3133 -0.0036792 -0.998279 0.058314
-5.92916 46.0589 41.3834 -0.00720281 -0.99857 0.0529723
-4.57615 46.0657 41.6397 -0.00324524 -0.998297 0.0582447
-3.19818 46.0659 41.7833 -0.00894683 -0.998271 0.0580934
-2.04662 46.0759 42.0331 -0.00227964 -0.997961 0.0637896
-0.844159 46.0766 42.0756 -0.000478196 -0.998247 0.0591758
0.173912 46.0747 42.131 -0.00466976 -0.997892 0.0647296
1.35031 46.0819 42.2606 0.00279634 -0.997928 0.0642861
2.53223 46.0824 42.222 0.00234027 -0.998022 0.062827
3.64634 46.079 42.064 0.0094191 -0.998064 0.0614811
4.67957 46.0741 41.8613 0.0049113 -0.998279 0.0583756
5.69792 46.0687 41.6561 0.00764797 -0.998402 0.0559665
6.88484 46.0776 41.6165 0.0100507 -0.998296 0.0574678
8.05826 46.0761 41.392 0.0124624 -0.998005 0.0618595
9.0966 46.081 41.2215 0.0152219 -0.99799 0.0615232
10.2381 46.0921 41.113 0.0159738 -0.998015 0.0609193
11.128 46.0954 40.9495 0.0139747 -0.998085 0.0602659
12.1228 46.1011 40.755 0.0229771 -0.997789 0.0622295
13.0577 46.106 40.4606 0.0189531 -0.998022 0.0599365
13.9999 46.1008 40.0593 0.0228328 -0.997576 0.0656729
14.9518 46.0965 39.6851 0.0228373 -0.997735 0.0632448
15.9929 46.1012 39.3475 0.0251715 -0.997664 0.0635053
17.0964 46.0986 38.9035 0.0239412 -0.997504 0.0664268
18.6411 46.0987 38.2699 0.0267834 -0.997481 0.0656782
19.5415 46.0988 37.9168 0.0248809 -0.997533 0.0656384
20.5562 46.1006 37.5541 0.0255043 -0.997629 0.063914
21.3624 46.0931 37.1138 0.0270121 -0.997684 0.0624314
22.324 46.0805 36.4958 0.0267676 -0.997828 0.0601399
23.4971 46.0595 35.7166 0.0223225 -0.997907 0.060696
24.4678 46.0445 35.0434 0.0255802 -0.997996 0.0578708
25.3294 46.0262 34.3733 0.0208803 -0.99816 0.0569183
26.1222 46.0108 33.8085 0.0220306 -0.998186 0.0560241
26.8655 45.9939 33.2142 0.0209762 -0.99823 0.0556443
27.6908 45.9774 32.6343 0.0188571 -0.998238 0.0562599
28.7607 45.9568 31.9098 0.0190132 -0.998237 0.056226
29.4609 45.9397 31.3423 0.0164872 -0.998403 0.054032
30.4915 45.9148 30.5368 0.015517 -0.998576 0.0509902
31.4762 45.8741 29.4861 0.0132944 -0.998605 0.0511056
32.2701 45.8402 28.619 0.0130826 -0.998609 0.0510802
32.9122 45.8106 27.8687 0.00883669 -0.99892 0.0456227
33.8432 45.7625 26.6811 0.00690268 -0.998851 0.0474271
34.5288 45.7259 25.7875 0.0047608 -0.998977 0.0448854
35.1245 45.6965 25.1011 0.0021549 -0.999 0.0446623
35.8537 45.6586 24.2422 0.000864519 -0.998963 0.045517
36.5101 45.6154 23.3747 -0.00810309 -0.999017 0.0435894
37.1674 45.5646 22.3511 -0.008652 -0.99895 0.0449785
37.7333 45.5165 21.4185 -0.0138125 -0.998793 0.0470693
38.3429 45.4577 20.3392 -0.0177435 -0.99892 0.0429404
38.795 45.409 19.4112 -0.0224039 -0.998766 0.0441167
39.2293 45.3518 18.3112 -0.0271314 -0.998813 0.0404593
39.5565 45.3088 17.4211 -0.0299266 -0.998795 0.0386967
40.0055 45.2594 16.5731 -0.0333348 -0.998708 0.0382968
40.488 45.2001 15.4867 -0.0394976 -0.998436 0.0395566
40.9778 45.1378 14.3137 -0.0417526 -0.998489 0.0357145
41.4309 45.0872 13.3865 -0.043773 -0.998472 0.0337403
41.8137 45.0414 12.5156 -0.0435108 -0.998523 0.0325443
42.1354 44.9998 11.671 -0.0510553 -0.998315 0.0275403
42.4242 44.9566 10.6038 -0.0521453 -0.998294 0.0262753
42.5961 44.9126 9.10525 -0.0510308 -0.998458 0.0218514
42.7917 44.8763 7.85668 -0.0530498 -0.998417 0.0183351
42.9274 44.8525 6.77155 -0.0587443 -0.998153 0.015465
43.1399 44.825 5.76749 -0.058371 -0.998205 0.0133662
43.4128 44.7932 4.58632 -0.0593291 -0.998156 0.0127459
43.4859 44.7774 3.33797 -0.0654768 -0.997815 0.00879058
43.555 44.7677 2.13465 -0.0638045 -0.997951 0.004447
43.6661 44.7583 1.04154 -0.064966 -0.997887 0.0012161
43.7916 44.7509 -0.373325 -0.0678778 -0.997687 -0.00370236
43.7655 44.7586 -1.51138 -0.065737 -0.997811 -0.00720366
43.5861 44.7762 -2.49834 -0.0630275 -0.997977 -0.00788476
43.3911 44.7973 -3.38873 -0.0622038 -0.998007 -0.0106518
43.2111 44.8286 -4.82046 -0.0595611 -0.998071 -0.0175405
43.1188 44.8542 -5.918 -0.0541508 -0.99826 -0.0233304
42.954 44.8867 -6.98216 -0.0502894 -0.998493 -0.0218371
42.7046 44.9264 -8.10464 -0.0490639 -0.998516 -0.0236371
42.529 44.9597 -9.05482 -0.0475986 -0.998492 -0.0273357
42.3802 45.0005 -10.326 -0.0432976 -0.998698 -0.0269882
42.1469 45.044 -11.5262 -0.0433709 -0.998651 -0.0285454
41.8037 45.084 -12.4944 -0.0386953 -0.998878 -0.0272929
41.3286 45.1321 -13.6098 -0.0374718 -0.998931 -0.027064
40.9181 45.1769 -14.7147 -0.0360191 -0.999016 -0.0258937
40.4608 45.2211 -15.8096 -0.0278874 -0.999194 -0.0288825
39.9724 45.2648 -16.9357 -0.0268735 -0.999329 -0.0248705
39.492 45.3 -17.9971 -0.0230998 -0.999526 -0.0203488
39.029 45.3311 -19.0004 -0.0234845 -0.999515 -0.0204415
38.5244 45.3618 -20.1663 -0.0204945 -0.999641 -0.0172749
38.1251 45.382 -20.9762 -0.0170464 -0.999753 -0.0142766
37.599 45.4028 -21.791 -0.0169559 -0.999749 -0.0146608
36.6568 45.4317 -23.1527 -0.0157568 -0.999813 -0.011096
35.6896 45.453 -24.3379 -0.0114186 -0.999917 -0.00551384
34.8835 45.4662 -25.4771 -0.0082568 -0.999956 -0.00410683
34.2934 45.473 -26.1707 -0.00705819 -0.999967 -0.00398856
33.7516 45.4779 -26.986 -0.00535529 -0.999985 0.000812154
33.0607 45.4822 -27.9869 -0.00659637 -0.999978 -0.000827576
32.3734 45.4885 -28.8236 -0.00805042 -0.999962 -0.00333188
31.6872 45.4967 -29.606 -0.00795025 -0.999964 -0.00282591
30.907 45.5046 -30.4358 -0.0067931 -0.999974 -0.00212376
30.0757 45.5108 -31.1063 -0.00483127 -0.999986 -0.00162168
29.3719 45.515 -31.6827 -0.00385029 -0.99999 -0.00237891
28.4581 45.5204 -32.4522 -0.00319418 -0.999989 -0.00336197
27.4513 45.5248 -33.1734 -0.00319244 -0.999982 -0.00463865
26.4642 45.5346 -33.9894 -0.00546313 -0.99997 -0.00542944
25.7154 45.5403 -34.5769 -0.00363012 -0.999947 -0.00966879
24.7066 45.5514 -35.247 -0.00571077 -0.999936 -0.00974935
23.543 45.5643 -36.1288 -0.00205611 -0.999931 -0.0113914
22.5341 45.5796 -36.8278 -0.00812745 -0.999862 -0.01447
21.7233 45.5916 -37.2229 -0.00610923 -0.999869 -0.0150038
20.8063 45.6031 -37.6226 -0.00867375 -0.999832 -0.0158635
19.5598 45.6286 -38.1436 -0.00949995 -0.999656 -0.0240989
18.2983 45.6483 -38.6764 -0.00423068 -0.999752 -0.021741
17.3001 45.6645 -39.1201 -0.00488433 -0.999586 -0.0283665
16.1724 45.6837 -39.562 -0.00643565 -0.999561 -0.0289233
15.2097 45.7005 -39.8858 -0.0075816 -0.999606 -0.0270262
14.1948 45.7181 -40.2689 -0.00398101 -0.99961 -0.0276132
13.065 45.7364 -40.6877 -0.00483492 -0.999437 -0.0331993
11.8354 45.7563 -41.0942 -0.0054618 -0.999379 -0.0347802
10.8232 45.7717 -41.3605 -0.00676185 -0.999393 -0.0341831
9.88953 45.7825 -41.4907 -0.00706996 -0.999376 -0.0345914
8.38198 45.7973 -41.5914 -0.00822482 -0.999367 -0.0346085
7.16778 45.8142 -41.6683 -0.0123483 -0.999245 -0.0368243
6.24014 45.8266 -41.83 -0.00652443 -0.999086 -0.0420832
5.27443 45.8428 -41.9917 -0.00929337 -0.99897 -0.0444087
3.76082 45.8651 -42.2083 -0.00713381 -0.999056 -0.042849
2.79868 45.8785 -42.321 -0.0100715 -0.998757 -0.0488038
1.89235 45.8978 -42.4994 -0.0121458 -0.998777 -0.047931
0.980943 45.9101 -42.5306 -0.0108891 -0.998803 -0.047677
-0.304156 45.9128 -42.3122 -0.0095623 -0.998763 -0.0487946
-1.71967 45.9298 -42.267 -0.0136219 -0.998631 -0.0505056
-3.22791 45.9392 -42.0778 -0.0131663 -0.998507 -0.0529798
-4.37253 45.9418 -41.814 -0.0147139 -0.998442 -0.0538312
-5.41012 45.9515 -41.7119 -0.0149549 -0.998525 -0.0521935
-6.60558 45.9588 -41.534 -0.0121043 -0.998549 -0.0524726
-7.75863 45.9739 -41.4885 -0.018748 -0.998327 -0.0546792
-9.13321 45.9849 -41.2264 -0.0163825 -0.998446 -0.0532606
-10.3675 45.9907 -40.9308 -0.0184765 -0.998382 -0.0537705
-11.6369 45.9919 -40.5427 -0.0162613 -0.998414 -0.0538966
-12.4799 45.9872 -40.1444 -0.0193515 -0.998567 -0.0499017
-13.6192 45.9871 -39.733 -0.0170271 -0.998468 -0.0526381
-14.6661 45.982 -39.2788 -0.0193517 -0.998535 -0.0505327
-15.5175 45.9747 -38.8078 -0.0199225 -0.998534 -0.0503169
-16.4828 45.975 -38.459 -0.0188383 -0.998369 -0.0538986
-17.4708 45.977 -38.1365 -0.0205761 -0.998398 -0.05268
-18.5751 45.9781 -37.7095 -0.0205987 -0.998464 -0.0514348
-19.755 45.9744 -37.2032 -0.0157071 -0.998609 -0.050342
-20.9481 45.9619 -36.5183 -0.0227082 -0.998405 -0.0516953
-22.0535 45.9418 -35.6856 -0.0195425 -0.998432 -0.0524632
-23.2803 45.9192 -34.8455 -0.0165494 -0.998405 -0.053983
-24.4113 45.8891 -33.979 -0.010653 -0.998599 -0.0518307
-25.1413 45.8689 -33.4265 -0.0109296 -0.998747 -0.0487992
-26.0367 45.8418 -32.7051 -0.00869845 -0.99871 -0.0500163
-26.9471 45.8097 -31.935 -0.00747565 -0.998633 -0.0517275
-27.8967 45.781 -31.2579 -0.00757387 -0.998594 -0.0524647
-28.6691 45.7525 -30.5561 -0.00806803 -0.998785 -0.0486245
-29.6363 45.7147 -29.6801 -0.00650195 -0.998699 -0.0505734
-30.237 45.6837 -28.9965 -0.00433394 -0.998787 -0.0490433
-31.0084 45.6453 -28.1811 0.00178751 -0.998922 -0.0462542
-31.6295 45.6054 -27.4172 0.00483692 -0.998938 -0.0457579
-32.3197 45.5613 -26.5372 0.00779042 -0.998924 -0.0457114
-33.0739 45.5121 -25.5781 0.012666 -0.998972 -0.0435276
-33.8908 45.4591 -24.6046 0.0141639 -0.999009 -0.0422065
-34.6332 45.4072 -23.7051 0.0191004 -0.998768 -0.045799
-35.4073 45.341 -22.5683 0.0233853 -0.998726 -0.0447244
-36.1243 45.2758 -21.4346 0.0273648 -0.998746 -0.0419206
-36.5655 45.2287 -20.5851 0.0305229 -0.998673 -0.0414768
-37.0001 45.1775 -19.6239 0.0344489 -0.998644 -0.0386907
-37.4885 45.1196 -18.6913 0.0385671 -0.99843 -0.0405927
-37.9844 45.0533 -17.6794 0.0474922 -0.997859 -0.0449667
-38.5233 44.9725 -16.4826 0.0566986 -0.997322 -0.0462026
-38.9292 44.9031 -15.4468 0.0622248 -0.997128 -0.0428038
-39.3001 44.8309 -14.4179 0.0669827 -0.996839 -0.0425992
-39.8579 44.7488 -13.4152 0.0742326 -0.996293 -0.043483
-40.3288 44.6663 -12.362 0.0819578 -0.995578 -0.0459036
-41.3031 44.5884 -12.338 0.0757407 -0.995925 -0.0489474
-41.4636 44.5284 -11.4286 0.0857234 -0.995081 -0.0496281
-41.7577 44.4585 -10.5148 0.0860103 -0.995117 -0.0484184
-41.8761 44.3993 -9.58937 0.0931158 -0.994192 -0.0539634
-42.1759 44.3071 -8.39487 0.0984444 -0.993803 -0.0513481
-42.438 44.2134 -7.19942 0.112547 -0.992123 -0.0549965
-42.5837 44.1268 -5.98144 0.126204 -0.990592 -0.0518534
-42.6554 44.0729 -4.96637 0.127903 -0.990945 -0.0408362
-42.8947 43.9982 -3.9067 0.136855 -0.989995 -0.0322202
-43.0805 43.9493 -3.00546 0.144399 -0.989341 -0.017905
-43.2502 43.9096 -1.96735 0.136056 -0.990547 -0.0174776
-43.2977 43.8898 -0.837473 0.132378 -0.991199 5.84967e-05
-43.3012 43.8842 0.203683 0.141327 -0.989942 -0.000202131
-43.1918 43.9065 1.2776 0.139355 -0.990178 0.00985099
-43.0159 43.9477 2.29052 0.136584 -0.990442 0.0192311
-42.9704 43.9746 3.20313 0.136545 -0.990221 0.0285943
-42.7533 44.0442 4.38133 0.131732 -0.990523 0.0387752
-42.5147 44.1324 5.6151 0.12835 -0.990412 0.0510674
-42.3373 44.2203 6.84483 0.125223 -0.990462 0.0574812
-42.2301 44.2881 7.76837 0.118475 -0.99061 0.0672489
-42.0209 44.4015 9.06775 0.101372 -0.992875 0.0626285
-41.8198 44.4898 10.1352 0.0846319 -0.994541 0.0610322
-41.5546 44.5823 11.285 0.0804859 -0.99509 0.057372
-41.2397 44.6611 12.2777 0.0763517 -0.995707 0.0522536
-40.878 44.7306 13.1253 0.0723921 -0.996226 0.0478935
-40.4184 44.8112 14.0905 0.0717684 -0.996203 0.0492516
-39.7747 44.9416 15.679 0.0631228 -0.996352 0.0571594
-39.219 45.0383 16.7754 0.0533809 -0.996619 0.0620323
-38.8264 45.1048 17.5951 0.0439811 -0.997503 0.0550369
-38.2654 45.2017 18.9746 0.0347849 -0.997929 0.0538122
-37.8477 45.2583 19.8414 0.0275705 -0.998583 0.0454035
-37.5463 45.3039 20.7272 0.0248605 -0.998679 0.0448998
-36.9015 45.3737 22.0142 0.0168379 -0.998976 0.0419821
-36.3987 45.4162 22.779 0.0113916 -0.998917 0.0449122
-35.7132 45.4627 23.7346 0.00775467 -0.99912 0.0411445
-34.7542 45.511 24.7489 0.00869329 -0.999252 0.0376456
-34.2251 45.5485 25.6298 0.00713019 -0.999231 0.0385569
-33.6447 45.5773 26.3492 0.00378783 -0.999295 0.0372994
-32.8946 45.6132 27.2097 0.00279773 -0.99924 0.0388699
-32.3429 45.6453 27.9627 0.00101591 -0.999188 0.0402159
-31.5963 45.6838 28.9361 -0.000624163 -0.999176 0.0405945
-30.796 45.7161 29.735 -0.00120226 -0.999129 0.0417138
-30.1748 45.7496 30.584 -0.00472409 -0.999103 0.0420775
-29.4805 45.7742 31.2392 -0.00426869 -0.999091 0.0424162
-28.6056 45.7945 31.8112 -0.00423455 -0.999112 0.0419128
-27.7088 45.8276 32.7071 -0.0075971 -0.999002 0.0440069
-26.606 45.8468 33.3955 -0.0114878 -0.998981 0.0436503
-25.7354 45.8636 34.0197 -0.0130939 -0.998971 0.0433729
-25.1454 45.8848 34.7043 -0.0126291 -0.998882 0.045463
-23.8703 45.9068 35.4212 -0.0105421 -0.998632 0.0512109
-23.0244 45.9326 36.1075 -0.0104789 -0.998581 0.0521895
-22.0642 45.958 36.7704 -0.0092594 -0.998633 0.0514506
-21.1528 45.9728 37.252 -0.0113061 -0.998634 0.0510081
-19.8394 45.9949 37.9821 -0.0119667 -0.998621 0.0511124
-18.8981 46.0048 38.3751 -0.00957544 -0.99861 0.0518258
-17.7276 46.0185 38.8327 -0.00822892 -0.998548 0.0532377
-16.3935 46.0361 39.3853 -0.00892306 -0.998573 0.052652
-15.2117 46.0504 39.8399 -0.00956449 -0.998516 0.0535792
-13.7173 46.0756 40.5672 -0.00891975 -0.998354 0.0566604
-12.7367 46.0929 41.0401 -0.0113635 -0.998406 0.0552906
-11.585 46.1022 41.4096 -0.00780752 -0.998343 0.0570118
-10.5921 46.1089 41.6821 -0.00974622 -0.998343 0.0567041
-9.50433 46.1072 41.7613 -0.00587957 -0.997945 0.0637936
-8.55923 46.1104 41.9088 -0.00711708 -0.997954 0.0635288
-7.09144 46.1167 42.2169 -0.00829502 -0.998096 0.0611233
-5.65327 46.1151 42.3501 -0.00720926 -0.998022 0.0624556
-4.68345 46.1236 42.5908 -0.00510755 -0.998088 0.0616053
-3.3432 46.1215 42.6665 -0.0047513 -0.998118 0.0611336
-2.27287 46.1327 42.9335 -0.00404182 -0.998167 0.0603693
-1.30863 46.1328 42.9876 -0.00325376 -0.99821 0.0597189
-0.356167 46.1337 43.0007 -0.00218976 -0.997976 0.0634862
0.721959 46.1366 43.1241 -0.00296101 -0.997792 0.0663153
1.82915 46.1416 43.2133 0.000424042 -0.998135 0.0610514
2.73372 46.1343 43.064 0.00291937 -0.998168 0.0604365
3.64647 46.1332 42.9497 0.00812203 -0.998034 0.0621251
4.74579 46.1329 42.8205 0.00387397 -0.998135 0.0609248
5.71306 46.1228 42.58 0.00770201 -0.998005 0.0626265
6.81262 46.1315 42.545 0.0114582 -0.998196 0.0589261
7.98115 46.1356 42.3587 0.0168511 -0.997752 0.0648077
8.94229 46.1372 42.1481 0.0164605 -0.997668 0.0662397
10.4472 46.1511 41.9698 0.0172373 -0.997676 0.0659214
11.8946 46.1726 41.9064 0.0194867 -0.997599 0.0664167
12.7324 46.1681 41.5645 0.0228995 -0.997475 0.0672121
13.6818 46.1678 41.2239 0.0247019 -0.997497 0.0662146
14.5734 46.1748 40.9841 0.0228327 -0.997576 0.065673
15.435 46.162 40.5263 0.0233158 -0.997585 0.0653597
16.2838 46.1657 40.2471 0.0249006 -0.997671 0.0634959
17.283 46.1627 39.7909 0.0271672 -0.997468 0.0657242
18.1532 46.1607 39.4074 0.0272208 -0.997434 0.0662122
19.3013 46.1601 38.9348 0.0266005 -0.997353 0.0676767
20.3009 46.162 38.5706 0.0265225 -0.997362 0.0675657
21.3902 46.1625 38.158 0.025725 -0.997354 0.0679974
22.3421 46.1513 37.6147 0.0277064 -0.997644 0.0627529
23.399 46.1419 37.0615 0.0225742 -0.997621 0.0651402
24.3473 46.115 36.2676 0.0284266 -0.997723 0.0611547
25.5365 46.0891 35.3513 0.0229494 -0.997841 0.0615266
26.3981 46.0721 34.7607 0.022756 -0.997819 0.0619685
27.3786 46.0525 34.0878 0.0199241 -0.998273 0.0552653
28.1325 46.0342 33.4975 0.0189178 -0.998256 0.0559273
29.1025 46.0163 32.8526 0.0188125 -0.998251 0.0560445
29.8194 45.9932 32.2084 0.0173067 -0.998275 0.0560998
30.5367 45.9756 31.6641 0.0161425 -0.998334 0.0553755
31.6181 45.9392 30.6928 0.015415 -0.998451 0.0534643
32.4179 45.9026 29.8019 0.0133272 -0.998499 0.0530886
33.1842 45.8796 29.1585 0.0121439 -0.998583 0.0517955
33.7871 45.8374 28.2261 0.0102272 -0.998572 0.0524142
34.5302 45.7967 27.2971 0.00725443 -0.998842 0.0475713
35.2211 45.7534 26.311 0.00520799 -0.998767 0.0493628
36.298 45.6981 25.1121 0.000517736 -0.998859 0.0476989
37.096 45.6492 24.1096 -0.00393659 -0.998713 0.0505572
37.717 45.5933 23.0954 -0.0105031 -0.998693 0.0500152
38.3661 45.5455 22.2443 -0.012873 -0.99891 0.0448698
38.8442 45.5029 21.4756 -0.014752 -0.998676 0.0492731
39.3939 45.4357 20.3683 -0.0250139 -0.998534 0.047861
39.9497 45.3677 19.1442 -0.0255793 -0.998792 0.0419559
40.2131 45.3178 18.1304 -0.0287163 -0.998452 0.047355
40.6642 45.2674 17.2833 -0.0308145 -0.998658 0.0416231
41.0816 45.2163 16.4567 -0.0367602 -0.998415 0.0425523
41.5638 45.1449 15.2306 -0.043778 -0.998195 0.0406744
42.0791 45.0836 14.1175 -0.0435786 -0.998463 0.0342484
42.6988 45.0072 12.7931 -0.0521482 -0.998001 0.035617
43.0444 44.9624 11.9518 -0.0499676 -0.998335 0.0288031
43.296 44.9173 10.8534 -0.0551314 -0.998104 0.0271057
43.4948 44.8784 9.65886 -0.0535896 -0.998285 0.0235828
43.6789 44.8398 8.29462 -0.0519225 -0.998428 0.0211147
43.7493 44.8123 7.34609 -0.0582156 -0.998093 0.0198107
43.9538 44.7839 6.25729 -0.0581514 -0.998219 0.0130749
44.276 44.7419 5.04934 -0.0681681 -0.997545 0.0160278
44.391 44.7227 3.97748 -0.06699 -0.997723 0.00783415
44.4265 44.7108 2.70671 -0.0710323 -0.997458 0.00571477
44.5838 44.6942 1.47534 -0.0700147 -0.99754 0.00335154
44.7122 44.6847 0.460081 -0.0682741 -0.997658 -0.0041539
44.7681 44.6836 -0.809573 -0.0757 -0.99712 -0.000546631
44.6573 44.6958 -1.72031 -0.0791276 -0.996858 -0.00370849
44.4794 44.7192 -2.69175 -0.0714283 -0.997402 -0.00938363
44.2908 44.7413 -3.61265 -0.0700964 -0.997475 -0.0111491
44.1113 44.7765 -5.00852 -0.0631469 -0.997869 -0.016437
44.0112 44.8024 -5.97283 -0.0621449 -0.997828 -0.0218331
43.7679 44.8549 -7.44044 -0.0568028 -0.998023 -0.0265179
43.5211 44.9024 -8.69853 -0.0501233 -0.998269 -0.0305101
43.3283 44.9474 -9.98043 -0.0472665 -0.998483 -0.028223
43.1309 44.9951 -11.2868 -0.0431983 -0.998591 -0.0307601
42.6678 45.0582 -12.7373 -0.0392501 -0.998796 -0.0293021
42.2383 45.1016 -13.7511 -0.0376697 -0.998932 -0.0267222
41.8241 45.1529 -14.9519 -0.0351916 -0.998875 -0.0316328
41.4453 45.1935 -15.8881 -0.0313657 -0.999088 -0.0289597
40.9992 45.2349 -16.7882 -0.026621 -0.999192 -0.0298152
40.4069 45.2842 -18.1377 -0.0214973 -0.999476 -0.0240714
40.01 45.3119 -19.0089 -0.0195089 -0.999565 -0.0220881
39.6496 45.3367 -19.8414 -0.0177799 -0.999643 -0.0198208
39.2834 45.3585 -20.7093 -0.0157215 -0.999685 -0.0195106
38.6964 45.3878 -21.8867 -0.0114914 -0.999801 -0.0163322
37.9778 45.4119 -22.9658 -0.0131558 -0.999829 -0.0129924
37.1014 45.4379 -24.1522 -0.0127591 -0.999848 -0.0118807
36.3215 45.4505 -25.0596 -0.00717496 -0.999965 -0.00281326
35.3652 45.4692 -26.2908 -0.00607729 -0.999938 -0.00834404
34.7897 45.4741 -27.0622 -0.00158411 -0.999998 -0.000128402
33.9818 45.4765 -28.2268 -0.00420474 -0.999989 -0.000763835
33.0311 45.4853 -29.4031 -0.00736583 -0.999967 -0.00346346
32.1035 45.4963 -30.4851 -0.00728037 -0.999968 -0.00328365
30.9761 45.5075 -31.581 -0.00602799 -0.999976 -0.00322545
30.2252 45.5128 -32.1877 -0.00405297 -0.999989 -0.00244058
29.5403 45.5178 -32.832 -0.00392075 -0.999987 -0.00339112
28.4402 45.5244 -33.5731 -0.00207613 -0.999985 -0.00500611
27.5258 45.5296 -34.2816 -0.00410215 -0.999979 -0.00442758
26.7321 45.5375 -34.9249 -0.00731385 -0.999954 -0.00591252
25.6476 45.551 -35.7288 -0.0049359 -0.999955 -0.00816285
24.6649 45.5635 -36.4122 -0.00519364 -0.999929 -0.0106836
23.6895 45.5772 -37.144 -0.00296952 -0.99991 -0.0130557
22.8632 45.5906 -37.7168 -0.00829294 -0.999843 -0.0156474
21.9902 45.6038 -38.1607 -0.00630806 -0.99987 -0.0148348
20.9943 45.6158 -38.4763 -0.0136946 -0.999699 -0.0192436
20.1288 45.6402 -38.9194 -0.0135214 -0.999601 -0.0248017
19.1317 45.6579 -39.2926 -0.00547652 -0.999711 -0.0234034
18.2594 45.6737 -39.6301 -0.00534745 -0.999604 -0.0276149
16.7885 45.6987 -40.2687 -0.00628725 -0.99963 -0.0264094
15.5804 45.7227 -40.7269 -0.00982373 -0.999465 -0.0310432
14.4872 45.7453 -41.1589 -0.00743681 -0.999381 -0.0342518
13.6434 45.7613 -41.5195 -0.00467886 -0.999426 -0.0335565
12.5884 45.7814 -41.9065 -0.00574298 -0.999328 -0.0362083
11.6159 45.7961 -42.1842 -0.00463527 -0.999365 -0.0353328
10.6672 45.8056 -42.3136 -0.00749503 -0.999366 -0.0347959
9.74684 45.8173 -42.4546 -0.00737807 -0.99936 -0.0349998
8.77495 45.826 -42.4957 -0.0121279 -0.999177 -0.0382826
7.29918 45.849 -42.5703 -0.0100826 -0.998986 -0.0438721
6.27764 45.8685 -42.7783 -0.00986877 -0.998981 -0.0440297
5.16978 45.8878 -42.9804 -0.00928254 -0.998965 -0.0445214
4.17796 45.9044 -43.1496 -0.00999004 -0.998988 -0.0438519
2.94016 45.92 -43.2002 -0.0107937 -0.999008 -0.0431916
1.62599 45.9474 -43.4145 -0.0118947 -0.998435 -0.0546446
0.649158 45.9579 -43.4086 -0.0111055 -0.998499 -0.053614
-0.291447 45.9599 -43.2386 -0.0131599 -0.998559 -0.052029
-1.22718 45.969 -43.1665 -0.0131291 -0.998596 -0.0513059
-2.64785 45.9815 -43.0472 -0.0133839 -0.998662 -0.0499589
-3.53919 45.9896 -42.9205 -0.0159422 -0.998458 -0.053127
-4.58167 45.9931 -42.71 -0.0132335 -0.998329 -0.0562509
-5.78472 46.0057 -42.6284 -0.0156448 -0.99844 -0.0535997
-6.7916 46.0113 -42.4424 -0.0151961 -0.998439 -0.0537382
-7.94651 46.0288 -42.4093 -0.017741 -0.998314 -0.0552601
-9.01773 46.0349 -42.183 -0.0169385 -0.998342 -0.0550049
-10.0476 46.0424 -41.989 -0.0182794 -0.998347 -0.0544938
-11.0486 46.0434 -41.6759 -0.018375 -0.998411 -0.0532518
-12.2963 46.0432 -41.2532 -0.018746 -0.998142 -0.0579831
-13.2661 46.039 -40.8148 -0.0218903 -0.998174 -0.0563068
-14.4803 46.0353 -40.3683 -0.0170847 -0.998463 -0.0527164
-15.3451 46.0319 -39.9729 -0.0207148 -0.998079 -0.058381
-16.253 46.0283 -39.5556 -0.0250341 -0.99813 -0.0557581
-17.1519 46.0292 -39.2212 -0.0197444 -0.998355 -0.053823
-18.4153 46.0273 -38.7084 -0.021272 -0.998335 -0.0536217
-20.0221 46.0244 -38.0255 -0.0194415 -0.998343 -0.0541486
-20.8749 46.0235 -37.7024 -0.02222 -0.998278 -0.0542918
-21.6671 46.01 -37.1355 -0.0206089 -0.998362 -0.0533761
-22.4035 45.9941 -36.5505 -0.019718 -0.998445 -0.0521488
-23.3473 45.9822 -35.9997 -0.0177559 -0.998479 -0.052191
-24.0209 45.9613 -35.3977 -0.0140666 -0.998423 -0.0542912
-25.2255 45.9235 -34.4414 -0.0119692 -0.998474 -0.0539134
-26.4428 45.8895 -33.5699 -0.0106085 -0.998622 -0.0513949
-27.1345 45.8648 -32.9647 -0.00905386 -0.998519 -0.0536426
-28.0452 45.8431 -32.41 -0.00861746 -0.998512 -0.053849
-28.7947 45.8127 -31.7198 -0.00832404 -0.998629 -0.0516855
-29.9424 45.7708 -30.7465 -0.00678892 -0.998661 -0.0512873
-30.6525 45.7406 -30.0661 -0.00501783 -0.998568 -0.0532667
-31.3064 45.6967 -29.2165 -0.0015865 -0.998625 -0.0523915
-31.8918 45.6587 -28.5229 0.0028137 -0.998763 -0.049639
-32.7546 45.599 -27.4145 0.00615663 -0.998786 -0.0488312
-33.8183 45.526 -26.0981 0.0115668 -0.998825 -0.0469643
-34.4512 45.488 -25.4164 0.0133585 -0.998857 -0.0459004
-35.0915 45.4384 -24.5742 0.0186259 -0.998763 -0.0460988
-35.8203 45.3772 -23.6101 0.0248181 -0.998642 -0.0457527
-36.3173 45.3303 -22.8265 0.0255239 -0.998701 -0.0441006
-36.8972 45.2764 -21.9286 0.0256833 -0.998751 -0.0428477
-37.3482 45.2254 -21.0754 0.030106 -0.998678 -0.0416703
-37.797 45.1701 -20.0756 0.030582 -0.998585 -0.0434661
-38.4673 45.0807 -18.7056 0.0412838 -0.997937 -0.0491424
-38.8475 45.0252 -17.8766 0.0476739 -0.997522 -0.0512173
-39.244 44.9561 -16.9962 0.0555614 -0.997365 -0.0466449
-39.8662 44.8427 -15.5167 0.0668943 -0.996482 -0.0502216
-40.2579 44.7738 -14.5859 0.0679304 -0.996643 -0.0456798
-40.9943 44.6519 -13.1517 0.0757565 -0.995914 -0.0491508
-41.0306 44.6445 -13.0575 0.0757435 -0.995925 -0.0489484
