40.6761 45.4234 1.1809 -0.0537227 -0.998554 0.000220441
40.6096 45.4284 2.14003 -0.0553828 -0.998465 0.00114527
40.4817 45.4367 3.20827 -0.0531572 -0.998581 0.00218203
40.3743 45.4483 4.18484 -0.0570401 -0.998356 0.00569328
40.217 45.4632 5.18189 -0.055831 -0.998405 0.00803428
40.0456 45.4818 6.11618 -0.0543535 -0.998473 0.00983512
39.8872 45.5019 7.15435 -0.056353 -0.998339 0.0118393
39.6163 45.534 8.59406 -0.0484503 -0.99869 0.0161308
39.4415 45.5547 9.51916 -0.0490803 -0.998711 0.0129624
39.2706 45.5754 10.4091 -0.0515032 -0.998476 0.0196937
38.9358 45.6162 11.5052 -0.0506294 -0.998481 0.0217296
38.5087 45.6655 12.724 -0.0424875 -0.998722 0.0273636
38.108 45.7065 13.7324 -0.0372325 -0.99899 0.0251646
37.7239 45.7461 14.66 -0.0322854 -0.999124 0.0266371
37.2046 45.7969 15.9011 -0.0309876 -0.999141 0.0274742
36.6998 45.8416 17.0703 -0.0296094 -0.99928 0.0237423
36.1737 45.888 18.1153 -0.0253522 -0.999118 0.0330952
35.5606 45.933 19.1846 -0.0259206 -0.999245 0.0286742
35.0717 45.9672 20.0323 -0.0210438 -0.999381 0.0281974
34.482 46.0028 20.931 -0.0173834 -0.999311 0.0321953
33.8851 46.0355 21.7203 -0.0128218 -0.999487 0.0288554
33.182 46.0687 22.6839 -0.0069973 -0.999628 0.0263573
32.6248 46.0927 23.4819 -0.00393645 -0.999656 0.0259141
31.867 46.1215 24.4324 -0.00346508 -0.999639 0.0266168
31.1742 46.1454 25.2367 -0.00287615 -0.999617 0.0275363
30.1803 46.186 26.5363 0.00530431 -0.999351 0.035638
29.6063 46.2085 27.2515 0.00839467 -0.999235 0.0380163
28.552 46.2344 28.2651 0.00661857 -0.999401 0.0339418
27.5847 46.2639 29.1743 0.00649475 -0.999132 0.0411434
26.4814 46.2749 30.0311 0.01193 -0.999425 0.0312384
25.4952 46.2956 30.688 0.00964858 -0.99889 0.0460956
24.7695 46.3073 31.2272 0.0159105 -0.999012 0.0414902
24.0141 46.3208 31.8149 0.013811 -0.999327 0.0329187
23.2484 46.3362 32.4085 0.0118041 -0.999083 0.0411578
22.1779 46.3503 33.1601 0.0168802 -0.999226 0.0355368
21.0717 46.3636 33.8984 0.0141549 -0.998882 0.0450725
20.028 46.3724 34.454 0.019546 -0.99909 0.0379149
18.8923 46.3724 34.9998 0.0130835 -0.99907 0.0408428
17.9367 46.379 35.3826 0.0174063 -0.998825 0.0447568
16.6554 46.3706 35.8231 0.0155137 -0.998647 0.0492793
15.5753 46.3797 36.2147 0.0133082 -0.998916 0.044144
14.5104 46.376 36.6521 0.0216551 -0.998966 0.0399634
13.4147 46.3746 37.1011 0.0157247 -0.999024 0.0411997
12.561 46.3774 37.4422 0.0120741 -0.999166 0.039006
11.5335 46.3827 37.7911 0.00381568 -0.999066 0.0430389
10.5573 46.3893 38.0607 0.0169785 -0.999301 0.0333012
9.65619 46.3807 38.2603 0.0189588 -0.999239 0.0340237
8.4361 46.3733 38.4437 0.00669764 -0.998872 0.0470163
7.1401 46.3696 38.6247 0.0110768 -0.99886 0.0464229
5.86631 46.3649 38.7961 0.00250082 -0.999344 0.0360023
4.71963 46.3702 38.8625 0.00400838 -0.999123 0.0410269
3.40982 46.3613 39.0022 0.00800014 -0.998933 0.0452662
2.22814 46.3715 39.214 0.0016532 -0.998961 0.0454756
1.2749 46.3782 39.3349 -0.00309978 -0.999211 0.039601
0.365524 46.3772 39.3052 0.00430145 -0.999112 0.0419062
-1.09421 46.3692 39.0857 -0.00728319 -0.999032 0.0433327
-2.46929 46.3682 38.9396 0.00144051 -0.999139 0.0414614
-3.78781 46.3662 38.8341 -0.00527503 -0.998966 0.0451519
-5.00455 46.3646 38.6978 -0.00229781 -0.998953 0.0456801
-6.11568 46.3615 38.54 -0.00316227 -0.999405 0.034343
-7.00838 46.3616 38.4061 -0.00611911 -0.999508 0.0306938
-7.97635 46.3609 38.2439 -0.00431999 -0.999535 0.0301935
-9.11807 46.3617 38.0178 -0.00815515 -0.999482 0.0311249
-10.3471 46.3572 37.7251 -0.00302547 -0.999304 0.0371713
-11.353 46.3499 37.3717 -0.00736714 -0.999627 0.0260363
-12.2305 46.3432 36.9742 -0.00374765 -0.999674 0.0252694
-13.0914 46.3366 36.5919 -0.00320962 -0.999671 0.0254265
-14.1476 46.3303 36.2223 0.00140044 -0.999542 0.029621
-15.1247 46.3165 35.883 6.77026e-05 -0.999408 0.0344092
-16.0471 46.3095 35.4801 -0.00409852 -0.999716 0.0234916
-17.1266 46.2972 34.9506 0.00273086 -0.999594 0.0283438
-18.4962 46.2783 34.3407 -0.000487589 -0.999664 0.025903
-19.3542 46.266 33.8639 -0.00382757 -0.999535 0.0302395
-20.328 46.2501 33.2237 -0.00153363 -0.999518 0.0309413
-21.3841 46.2315 32.6094 0.00426858 -0.999624 0.026827
-22.2677 46.2057 31.9291 0.00614711 -0.99969 0.0237793
-23.1506 46.1871 31.1692 0.00357439 -0.999789 0.020213
-23.8606 46.1704 30.5969 0.00588412 -0.999712 0.0232772
-24.6912 46.1589 29.9851 -0.00733777 -0.999765 0.0203684
-25.5687 46.1501 29.3753 0.00480152 -0.999721 0.0231139
-26.4993 46.1297 28.7117 0.00417902 -0.999682 0.0248203
-27.1987 46.1125 28.1016 0.00296113 -0.999688 0.0248154
-27.8281 46.0923 27.3998 0.00350791 -0.999656 0.0260031
-28.4368 46.0707 26.6339 0.00317355 -0.999626 0.0271365
-29.277 46.0402 25.5841 0.00840354 -0.999639 0.0252399
-30.1066 46.005 24.4071 0.0156454 -0.999729 0.0163573
-30.673 45.979 23.6524 0.0203727 -0.9996 0.0196133
-31.4457 45.9447 22.6812 0.0193547 -0.999625 0.0193802
-32.4025 45.9011 21.5727 0.0201184 -0.999471 0.0255428
-33.0192 45.8681 20.7942 0.0208638 -0.999399 0.0276903
-33.6277 45.8265 19.7905 0.0227826 -0.999319 0.028995
-34.0468 45.7927 18.944 0.0278348 -0.999095 0.0321492
-34.7425 45.7299 17.4661 0.0357438 -0.998875 0.0300203
-35.1425 45.682 16.553 0.0428862 -0.998559 0.0322638
-35.6431 45.6218 15.4241 0.0495578 -0.998241 0.0324485
-36.0329 45.5767 14.5684 0.0532817 -0.998024 0.0329811
-36.61 45.5051 13.374 0.0644686 -0.997418 0.0309263
-37.0435 45.4436 12.4878 0.0700252 -0.997034 0.031731
-37.3723 45.3932 11.6094 0.0746665 -0.996769 0.0296076
-37.9441 45.2991 10.1348 0.0812793 -0.996261 0.0284057
-38.1724 45.2465 9.22737 0.0904867 -0.995277 0.035162
-38.3762 45.1788 7.83906 0.108994 -0.993663 0.0274548
-38.5036 45.1312 6.73132 0.114653 -0.992846 0.0331435
-38.6584 45.0845 5.83882 0.118067 -0.992597 0.0283212
-38.8779 45.0107 4.31272 0.129976 -0.991014 0.0315974
-39.0916 44.9525 3.23091 0.134952 -0.990371 0.0303048
-39.2778 44.9021 2.24948 0.139924 -0.990004 0.0176798
-39.4349 44.8651 1.10865 0.136643 -0.990585 0.00832832
-39.4322 44.8622 -0.203175 0.139587 -0.990202 -0.00378871
-39.3491 44.8783 -1.12629 0.138423 -0.990343 -0.00778294
-39.2228 44.903 -2.02397 0.1373 -0.990497 -0.00797924
-39.0165 44.9507 -3.44224 0.136732 -0.990414 -0.0195913
-38.8192 45.0036 -4.7078 0.125382 -0.991872 -0.0216672
-38.583 45.0669 -6.05954 0.125037 -0.991777 -0.0272837
-38.335 45.1371 -7.45653 0.10564 -0.993947 -0.0301719
-38.2153 45.1784 -8.42713 0.105525 -0.994055 -0.0268116
-38.1325 45.2134 -9.37967 0.0953529 -0.994882 -0.0334249
-37.8393 45.2736 -10.5881 0.0874731 -0.995719 -0.0298267
-37.364 45.3485 -11.8716 0.0768687 -0.996678 -0.0269177
-36.9837 45.4047 -12.834 0.0745754 -0.996845 -0.0270651
-36.6076 45.4522 -13.7234 0.0670892 -0.997398 -0.0255943
-36.2189 45.5056 -14.6367 0.0595817 -0.997897 -0.0241886
-35.8146 45.5464 -15.5863 0.0476699 -0.99838 -0.0309471
-35.4001 45.5907 -16.454 0.0454725 -0.998496 -0.0305984
-34.9308 45.6407 -17.4009 0.042546 -0.998629 -0.0304814
-34.3127 45.6925 -18.5755 0.0394666 -0.998979 -0.0219913
-33.7401 45.7406 -19.5506 0.0354059 -0.99896 -0.0287306
-33.0859 45.7984 -20.7603 0.0311357 -0.999126 -0.0275608
-32.5482 45.8318 -21.5043 0.0266152 -0.999326 -0.025296
-31.654 45.8841 -22.6255 0.0288433 -0.99931 -0.0233818
-31.0181 45.9171 -23.345 0.0168942 -0.999684 -0.0185937
-30.1812 45.9573 -24.4557 0.00524373 -0.999342 -0.0358965
-29.5464 45.9921 -25.2844 0.00964987 -0.999314 -0.0357584
-28.992 46.019 -26.0231 0.00596814 -0.999585 -0.0281741
-28.1379 46.0584 -27.0497 0.00378912 -0.999209 -0.0395767
-27.4552 46.0875 -27.7373 0.00264165 -0.999408 -0.0343142
-26.623 46.1179 -28.546 0.00438086 -0.999429 -0.0335041
-25.5688 46.1573 -29.5266 -0.00222311 -0.999227 -0.0391804
-24.6069 46.1847 -30.2416 -0.00306465 -0.999163 -0.040792
-23.6698 46.2054 -30.8455 -0.00194824 -0.999232 -0.0391482
-22.8005 46.2257 -31.4243 -0.00845991 -0.999404 -0.0330308
-21.7412 46.2374 -32.1648 -0.0104261 -0.999738 -0.0180113
-20.8125 46.257 -32.9346 -0.0054027 -0.998967 -0.0448821
-20.0343 46.2739 -33.5164 -0.00802056 -0.999454 -0.0320616
-18.9598 46.2863 -34.1299 -0.00665039 -0.999421 -0.0333592
-17.918 46.2952 -34.7009 -0.0149657 -0.999362 -0.0319252
-16.9133 46.2978 -35.2208 -0.00575936 -0.999733 -0.0223728
-16.0499 46.3017 -35.6123 -0.00933772 -0.999696 -0.022533
-14.6738 46.3035 -36.2076 -0.00918843 -0.999456 -0.0316814
-13.3029 46.3026 -36.766 -0.0144089 -0.999487 -0.0286201
-12.2259 46.2992 -37.1627 -0.0131758 -0.999426 -0.0299527
-11.2613 46.2991 -37.4911 -0.0128532 -0.999153 -0.0390923
-10.1261 46.2992 -37.8442 -0.0119188 -0.999159 -0.0392454
-9.22835 46.2954 -38.1083 -0.0164804 -0.999256 -0.0348557
-8.09913 46.2875 -38.3651 -0.0135266 -0.999178 -0.0380553
-6.72669 46.2776 -38.568 -0.0119438 -0.999291 -0.0357041
-5.43401 46.2729 -38.751 -0.000622421 -0.999709 -0.023968
-4.50564 46.2737 -38.9109 -0.00700993 -0.999662 -0.0246454
-3.47109 46.2645 -39.0306 -0.0123688 -0.999594 -0.0256689
-2.41413 46.2549 -39.111 -0.00717886 -0.999504 -0.0306657
-1.28757 46.2484 -39.2485 -0.0131653 -0.999349 -0.033582
-0.261657 46.2398 -39.3845 -0.00753618 -0.999445 -0.0319595
0.922833 46.2353 -39.399 -0.00671833 -0.999676 -0.0245429
1.97415 46.2259 -39.4123 -0.00763385 -0.999734 -0.0214537
2.96766 46.2187 -39.3609 -0.00803289 -0.99982 -0.0172057
4.23191 46.2035 -39.1745 -0.0110644 -0.999763 -0.0187409
5.72395 46.1905 -38.999 -0.00593732 -0.999536 -0.0298711
6.90675 46.1797 -38.9061 -0.0135127 -0.999615 -0.0232036
8.15886 46.1656 -38.7607 -0.00534566 -0.99961 -0.0273989
9.15885 46.1556 -38.5898 -0.00745694 -0.999637 -0.0257424
10.1363 46.1459 -38.3898 -0.00561887 -0.999809 -0.0187008
11.1024 46.1362 -38.1793 -0.00531546 -0.99979 -0.019758
12.1268 46.1248 -37.9189 -0.0104306 -0.999675 -0.0232793
13.1312 46.1084 -37.6059 -0.00724039 -0.999955 -0.00614939
14.1343 46.0993 -37.2311 -0.00647062 -0.999956 -0.0067258
15.3374 46.0789 -36.6752 -0.00841577 -0.9999 -0.0110753
16.254 46.0686 -36.2471 -0.00808638 -0.999926 -0.0090224
17.4414 46.0554 -35.7736 -0.00755352 -0.999951 -0.00646571
18.3374 46.0447 -35.452 -0.00946408 -0.999947 -0.00397646
19.6336 46.0324 -34.9775 -0.00658356 -0.99997 -0.00405869
20.5044 46.025 -34.5851 -0.0141406 -0.999899 -0.00106646
21.5366 46.0133 -34.0087 -0.0134002 -0.999857 0.00952819
22.3853 46.0036 -33.4426 -0.0100452 -0.999902 0.00255562
23.1874 46.0091 -32.6983 -0.0118389 -0.999827 0.0129037
24.0336 46.0006 -32.064 -0.0124101 -0.999887 0.00720279
24.7728 45.9973 -31.5172 -0.00993908 -0.999911 0.00891424
25.7648 45.9954 -30.7469 -0.00837828 -0.999916 0.00986135
26.7741 45.9902 -29.9721 -0.0155743 -0.999836 0.00928856
27.7867 45.9816 -29.268 -0.0146672 -0.999843 0.00990011
28.6852 45.9779 -28.4097 -0.0119611 -0.999877 0.00843708
29.4228 45.9789 -27.6199 -0.0182781 -0.999761 0.0104418
30.3082 45.965 -26.687 -0.0167982 -0.999826 0.00462849
30.8811 45.9645 -25.9015 -0.00917925 -0.999934 0.00692231
31.6476 45.9596 -24.861 -0.0167635 -0.999854 0.00320711
32.4754 45.95 -23.8461 -0.0153162 -0.999877 0.00345205
33.4028 45.9356 -22.7319 -0.0200893 -0.999798 0.000351385
34.0867 45.9199 -21.8503 -0.0189669 -0.999814 -0.00338311
34.6722 45.9061 -21.0594 -0.0198641 -0.999797 -0.00017717
35.5015 45.8834 -19.8246 -0.0181692 -0.999816 -0.00614096
36.0455 45.8608 -18.6723 -0.0200429 -0.999741 -0.0107716
36.437 45.8388 -17.7209 -0.0241589 -0.999621 -0.0131962
36.8778 45.8086 -16.57 -0.0305441 -0.999445 -0.0102477
37.407 45.7796 -15.3377 -0.0324246 -0.999427 -0.00967897
37.9171 45.7382 -14.1627 -0.0319772 -0.999358 -0.015904
38.4734 45.6995 -12.9657 -0.0385787 -0.999083 -0.0185738
38.9333 45.6618 -11.9775 -0.0405446 -0.998956 -0.0210673
39.2402 45.626 -10.8605 -0.0408586 -0.998946 -0.0208981
39.3917 45.6008 -9.96471 -0.0411468 -0.998924 -0.0213924
39.6148 45.5631 -8.6524 -0.0407443 -0.998938 -0.0214853
39.8389 45.5384 -7.68734 -0.0483902 -0.998728 -0.0141752
40.0705 45.5106 -6.79564 -0.0478955 -0.998651 -0.0200333
40.3074 45.4792 -5.44217 -0.0495686 -0.998695 -0.0122851
40.4072 45.4615 -4.36836 -0.052374 -0.998587 -0.00898039
40.5037 45.4467 -3.24574 -0.0505429 -0.99869 -0.0079139
40.6909 45.4287 -2.02044 -0.0531283 -0.998576 -0.00478268
40.762 45.4212 -0.858715 -0.0522219 -0.998631 -0.00308366
40.6914 45.4233 0.511865 -0.0520803 -0.998643 -0.000839771
40.6778 45.4234 1.12883 -0.0520692 -0.998643 -0.000923918
41.5867 45.376 1.1646 -0.0521617 -0.998638 -0.000991859
41.5151 45.381 2.2905 -0.0516334 -0.998658 0.00382397
41.4234 45.389 3.21903 -0.0506199 -0.998701 0.00578723
41.2575 45.4053 4.61754 -0.0500724 -0.998726 0.0061688
41.036 45.4264 5.85491 -0.0510049 -0.998656 0.00920954
40.8304 45.4517 7.03721 -0.0507994 -0.998591 0.015314
40.6337 45.4774 8.1434 -0.0484503 -0.99869 0.0161309
40.4428 45.5068 9.20863 -0.0471304 -0.998706 0.0191122
40.2639 45.5269 10.1092 -0.0415853 -0.998948 0.0185881
39.9119 45.5745 11.5144 -0.0399874 -0.998887 0.0249723
39.5857 45.611 12.4114 -0.0411765 -0.998789 0.0268927
39.1926 45.6573 13.4918 -0.0424555 -0.99873 0.0271422
38.6666 45.714 14.7321 -0.033199 -0.998938 0.0319531
38.1546 45.7685 15.9634 -0.029692 -0.99912 0.0296269
37.7807 45.8067 16.8411 -0.0250801 -0.999171 0.0316691
37.4055 45.8404 17.7249 -0.0218256 -0.999198 0.0333103
36.9814 45.8798 18.5181 -0.0258772 -0.998976 0.0370115
36.3171 45.9325 19.6698 -0.0212783 -0.999251 0.0323134
35.8554 45.9662 20.5204 -0.0157362 -0.999258 0.0346129
35.3339 46.0061 21.3678 -0.0138237 -0.999176 0.0381056
34.5334 46.0504 22.3743 -0.0075822 -0.999424 0.0329795
33.9705 46.0804 23.1305 0.000331617 -0.999516 0.0310944
33.1777 46.1197 24.2832 0.00193246 -0.999355 0.0357383
32.1833 46.1568 25.424 0.00483855 -0.999281 0.0375922
31.5759 46.1807 26.1639 0.00605974 -0.999356 0.0353746
31.0236 46.2047 26.9366 0.00567966 -0.999353 0.0355059
30.2331 46.2386 27.9331 0.00493467 -0.999207 0.0395198
29.488 46.2586 28.6348 0.0114108 -0.998884 0.0458396
28.5191 46.2885 29.5554 0.0131441 -0.998901 0.0449812
27.7785 46.3073 30.1929 0.0160326 -0.99882 0.0457085
26.808 46.3218 30.8758 0.0168422 -0.998654 0.0490629
26.0496 46.3346 31.3961 0.0170574 -0.998605 0.0499631
24.9168 46.3568 32.2682 0.0177439 -0.998678 0.048251
24.0148 46.3721 32.9814 0.0153326 -0.998872 0.044935
23.1172 46.3872 33.585 0.0177329 -0.998696 0.0476876
22.2997 46.3964 34.1676 0.0200386 -0.998778 0.0451219
21.455 46.4089 34.735 0.0166156 -0.998486 0.0524359
20.4272 46.4196 35.2776 0.0212614 -0.998355 0.0531065
19.289 46.4211 35.8041 0.0233119 -0.998133 0.0564545
18.3557 46.4257 36.1959 0.0190855 -0.998359 0.0539359
17.4551 46.4221 36.5112 0.0236075 -0.998384 0.0517015
16.4303 46.4185 36.8361 0.0133083 -0.998916 0.0441441
14.8661 46.4169 37.4825 0.0193797 -0.999031 0.0394477
13.6228 46.4215 38.0044 0.0167967 -0.9986 0.0501648
12.6961 46.4192 38.3604 0.0207562 -0.998336 0.0535208
11.7677 46.425 38.6726 0.0106665 -0.998151 0.0598374
10.4694 46.426 39.0315 0.0167855 -0.998524 0.0516604
9.25772 46.4196 39.2372 0.0091719 -0.998466 0.0545943
8.33355 46.4175 39.342 0.0117405 -0.998572 0.0519674
7.43254 46.4122 39.4687 0.0110121 -0.998796 0.0477975
6.0356 46.4101 39.6804 0.0097954 -0.998536 0.0531952
4.98961 46.4051 39.7562 0.00268497 -0.998862 0.0467466
3.85763 46.4036 39.8305 0.0047185 -0.998816 0.0484255
2.74433 46.4095 40.0302 0.00165324 -0.998961 0.0454696
1.68556 46.414 40.2234 0.00323936 -0.998689 0.0506575
0.766994 46.4175 40.267 -0.00265246 -0.998373 0.0569652
-0.199241 46.4128 40.147 -0.00346411 -0.998581 0.0529647
-1.65744 46.4108 39.9138 -0.00569861 -0.998749 0.0496749
-2.58135 46.4059 39.8261 0.000394817 -0.999069 0.0431472
-3.74941 46.4054 39.7402 -0.00675278 -0.999074 0.0424937
-4.72557 46.4078 39.6515 -0.00263783 -0.998808 0.0486872
-5.7428 46.4044 39.5114 -0.00310723 -0.998912 0.0465236
-7.29685 46.3992 39.2586 -0.00853298 -0.998653 0.0511882
-8.7224 46.3987 39.0132 -0.0102319 -0.998743 0.0489918
-9.67025 46.4011 38.8157 -0.0106816 -0.998848 0.0467502
-10.7155 46.3981 38.5651 -0.00721615 -0.998794 0.0485634
-11.8006 46.3858 38.1749 -0.00720676 -0.998885 0.0465994
-12.7958 46.3733 37.6973 -0.00901879 -0.998946 0.0450081
-13.7327 46.3638 37.317 -0.00897681 -0.999139 0.0405023
-14.8934 46.3584 36.9266 -0.00689578 -0.999057 0.0427534
-16.0786 46.3428 36.4827 -0.0015133 -0.998999 0.0447095
-17.156 46.3309 35.9265 -0.00356947 -0.999167 0.0403501
-18.0866 46.3123 35.506 -0.0032853 -0.999008 0.0442144
-19.4176 46.2945 34.8775 -0.00320954 -0.999618 0.0274279
-20.3102 46.2824 34.3063 -0.00363763 -0.999585 0.0285527
-21.1735 46.2681 33.7934 0.00239247 -0.9995 0.0314403
-22.0708 46.2473 33.2508 0.00458463 -0.999506 0.0310953
-22.9809 46.2274 32.5057 -0.00877565 -0.999476 0.0311436
-24.0505 46.2011 31.5726 -0.00722866 -0.99925 0.0379794
-24.8048 46.1829 30.9964 -0.00933212 -0.999165 0.0396264
-25.5996 46.1791 30.427 -0.00960306 -0.999463 0.0304505
-26.5464 46.1618 29.8004 -0.00331692 -0.999508 0.0311975
-27.6616 46.1368 28.9301 -0.00221242 -0.999443 0.0332887
-28.6779 46.1021 27.859 0.000257916 -0.999491 0.0313935
-29.5531 46.0693 26.7398 0.00389696 -0.999596 0.0281631
-30.1238 46.0434 25.9469 0.00598447 -0.999482 0.0316358
-30.8104 46.0083 24.959 0.00502421 -0.999519 0.03059
-31.4613 45.9796 24.1032 0.00719358 -0.999483 0.0312326
-32.3035 45.9426 23.0644 0.010367 -0.99967 0.023506
-32.9544 45.9118 22.3266 0.0182659 -0.999428 0.0284762
-33.5458 45.8815 21.6379 0.0202715 -0.999374 0.029008
-34.0962 45.8469 20.8277 0.0215363 -0.999351 0.0288196
-34.6519 45.8046 19.7878 0.0185075 -0.99922 0.0345694
-35.0947 45.7629 18.8774 0.0225204 -0.999162 0.0341847
-35.599 45.7079 17.8066 0.031213 -0.998677 0.0408621
-35.9979 45.6566 16.8777 0.037812 -0.998372 0.0426809
-36.3868 45.6034 15.9516 0.043593 -0.998294 0.0382255
-36.9677 45.5281 14.7057 0.0580851 -0.997672 0.0357352
-37.4985 45.4551 13.6278 0.0628622 -0.997153 0.0416427
-37.9889 45.3803 12.5032 0.0671788 -0.997021 0.0378926
-38.4763 45.2993 11.3291 0.0736529 -0.996546 0.0380632
-38.8376 45.2317 10.316 0.0845316 -0.995374 0.0456622
-39.0882 45.165 9.27684 0.0947301 -0.994655 0.0405001
-39.2362 45.1033 8.2589 0.0989727 -0.994034 0.0458386
-39.4059 45.0313 6.76721 0.118227 -0.992225 0.0381288
-39.5742 44.9698 5.80553 0.125236 -0.991406 0.0376283
-39.7514 44.9046 4.54899 0.132423 -0.99044 0.0377785
-39.9134 44.8482 3.59764 0.140222 -0.989573 0.03292
-40.1214 44.7875 2.51181 0.137394 -0.990391 0.0154176
-40.3207 44.7449 1.34573 0.135752 -0.990681 0.0107386
-40.3712 44.7306 0.253474 0.135306 -0.990784 0.00628927
-40.3077 44.7412 -0.68795 0.138222 -0.990376 -0.00702506
-40.1426 44.7733 -1.92126 0.138649 -0.990302 -0.00883594
-40.0014 44.8047 -2.86425 0.130349 -0.991256 -0.0203773
-39.8404 44.8533 -4.03139 0.131798 -0.990984 -0.024074
-39.6936 44.8974 -5.01283 0.125855 -0.991602 -0.0288863
-39.5221 44.9555 -6.05945 0.113337 -0.992899 -0.0361515
-39.3542 45.009 -7.02327 0.113217 -0.993033 -0.0326793
-39.1531 45.0768 -8.2663 0.101498 -0.994062 -0.0390256
-39.0506 45.1232 -9.31491 0.0953532 -0.994882 -0.0334217
-38.8296 45.1836 -10.4854 0.0915127 -0.99532 -0.0306734
-38.3096 45.2756 -11.8883 0.0779589 -0.996232 -0.0379708
-37.8583 45.3495 -13.0945 0.0668952 -0.997178 -0.0340693
-37.4433 45.4123 -14.0901 0.0582809 -0.997787 -0.0320159
-37.0388 45.4658 -15.0227 0.0571823 -0.997737 -0.0351988
-36.6301 45.5171 -15.9358 0.0502559 -0.998208 -0.0324665
-36.068 45.5816 -17.1198 0.0454562 -0.998457 -0.0319033
-35.4047 45.6523 -18.4506 0.0323755 -0.998864 -0.0349623
-34.7827 45.7085 -19.6099 0.0290233 -0.999161 -0.0288785
-34.3104 45.7491 -20.4449 0.0273032 -0.998977 -0.0360004
-33.8438 45.794 -21.2979 0.0298545 -0.998812 -0.0385107
-33.1015 45.8463 -22.2968 0.0187984 -0.999228 -0.0344254
-32.1347 45.9049 -23.4988 0.0141764 -0.99924 -0.0362244
-31.3207 45.9504 -24.4492 0.0108909 -0.999312 -0.0354623
-30.5411 45.9919 -25.4677 0.00453589 -0.999278 -0.0376802
-29.8568 46.0288 -26.3779 0.00120649 -0.999327 -0.0366646
-29.2019 46.0617 -27.2193 0.00257204 -0.99922 -0.0394171
-28.3552 46.0991 -28.1503 0.00299156 -0.999399 -0.0345239
-27.5579 46.129 -28.9089 -0.00108429 -0.9989 -0.046881
-26.7524 46.164 -29.6658 -0.000574037 -0.998885 -0.0472122
-26.0107 46.1929 -30.3483 -0.00335408 -0.999068 -0.0430347
-25.1596 46.2172 -30.9807 -0.00532339 -0.999081 -0.0424945
-24.2045 46.2356 -31.583 -0.00556945 -0.999167 -0.0403538
-23.376 46.2522 -32.1302 -0.00341948 -0.999389 -0.03477
-22.5805 46.2631 -32.68 -0.0101483 -0.999037 -0.0426906
-21.5652 46.2883 -33.4951 -0.00901941 -0.999033 -0.0430377
-20.5163 46.3097 -34.3023 -0.0162863 -0.998991 -0.0418495
-19.448 46.3205 -34.9025 -0.0125626 -0.998976 -0.0434724
-18.6216 46.3248 -35.3588 -0.0140301 -0.999225 -0.0364902
-17.5447 46.3292 -35.9182 -0.0168305 -0.998793 -0.0461341
-16.6752 46.3329 -36.3092 -0.0164134 -0.9988 -0.0461512
-15.7498 46.3353 -36.7086 -0.01486 -0.998917 -0.0440968
-14.3199 46.34 -37.3146 -0.0165202 -0.99894 -0.0429637
-13.4339 46.3402 -37.6769 -0.0174408 -0.998913 -0.0432366
-12.1674 46.3365 -38.1471 -0.0159115 -0.999053 -0.0403715
-11.2066 46.3373 -38.4699 -0.0127789 -0.99886 -0.0460037
-10.1826 46.3357 -38.7729 -0.0182205 -0.999015 -0.0404376
-9.22837 46.3306 -39.0542 -0.0151826 -0.999045 -0.0409196
-8.16011 46.3268 -39.2935 -0.014926 -0.999066 -0.0404665
-7.05271 46.3141 -39.4348 -0.015576 -0.99871 -0.048327
-6.13174 46.3068 -39.5441 -0.0130838 -0.998845 -0.0462382
-4.80795 46.3062 -39.781 -0.00445118 -0.999025 -0.0439134
-3.42392 46.2976 -39.9395 -0.0139927 -0.998975 -0.0430453
-2.03401 46.2855 -40.0364 -0.00845044 -0.999162 -0.0400426
-0.651452 46.2758 -40.2664 -0.0132141 -0.999268 -0.0358931
0.55838 46.2661 -40.3131 -0.0121746 -0.998966 -0.0438112
1.52538 46.256 -40.3047 -0.00587678 -0.999249 -0.0382872
2.66822 46.2461 -40.3104 -0.00973403 -0.999375 -0.0339347
3.57586 46.2357 -40.2114 -0.00533289 -0.999367 -0.035023
4.56217 46.2261 -40.0421 -0.00377677 -0.999295 -0.0373624
5.66989 46.218 -39.9096 -0.007149 -0.999569 -0.0284101
6.65084 46.208 -39.8402 -0.00842046 -0.999601 -0.0269594
7.78458 46.1956 -39.7371 -0.00883131 -0.999573 -0.0278463
8.8407 46.1821 -39.5654 -0.00956822 -0.999664 -0.0240859
10.2926 46.1641 -39.28 -0.0058853 -0.999734 -0.0223196
11.2954 46.1553 -39.0799 -0.00497303 -0.999675 -0.0250146
12.2572 46.1452 -38.8672 -0.00465912 -0.999729 -0.0227099
13.6255 46.123 -38.4361 -0.00865586 -0.999661 -0.0245708
14.536 46.1081 -38.0605 -0.0057524 -0.999705 -0.0235791
15.4044 46.0926 -37.6408 -0.00640104 -0.999648 -0.0257283
16.2331 46.0777 -37.2337 -0.00808678 -0.999926 -0.00902742
17.5718 46.0611 -36.6656 -0.00673668 -0.999746 -0.0211844
18.4623 46.0503 -36.3589 -0.00679391 -0.999878 -0.0140309
19.612 46.0374 -35.9636 -0.00537692 -0.999966 -0.0061895
20.8214 46.0263 -35.4477 -0.00855829 -0.999934 -0.0075563
22.086 46.0103 -34.7393 -0.00499775 -0.999948 -0.00892612
23.0566 46.0035 -34.0529 -0.00389414 -0.999985 -0.00390797
23.7486 45.9983 -33.4301 -0.00551032 -0.999972 -0.00471278
24.7416 45.9916 -32.6462 -0.00900749 -0.999947 0.00496503
25.7354 45.9859 -31.9452 -0.0067651 -0.999975 0.00155791
26.5839 45.9838 -31.2863 -0.00761762 -0.999925 0.00956571
27.4117 45.9766 -30.6641 -0.0094394 -0.999933 0.0039914
28.2442 45.9714 -30.0982 -0.0100353 -0.999945 -0.002941
29.0062 45.9716 -29.3906 -0.00573489 -0.99994 0.00703326
29.9667 45.9654 -28.3952 -0.00899759 -0.999957 0.00128074
30.6348 45.9593 -27.7212 -0.0105511 -0.999942 0.0022439
31.2853 45.9548 -26.9067 -0.00972548 -0.999949 0.00269753
31.9041 45.9517 -26.0213 -0.0167822 -0.999855 0.00298486
32.5409 45.9435 -25.1928 -0.0160441 -0.999864 0.00361666
33.4721 45.9358 -24.0858 -0.0102104 -0.999944 -0.000561349
34.2604 45.923 -23.1056 -0.0120928 -0.99992 -0.0038311
35.1946 45.9058 -21.9074 -0.0129113 -0.999884 -0.0078932
35.8191 45.889 -21.0505 -0.0147263 -0.99983 -0.0110692
36.4503 45.8686 -20.0509 -0.0156419 -0.99978 -0.0137146
36.9364 45.8459 -18.9912 -0.020595 -0.999729 -0.0108553
37.255 45.8264 -18.1247 -0.022625 -0.999597 -0.0170828
37.6842 45.7959 -16.98 -0.0249377 -0.999523 -0.0181696
38.2083 45.7585 -15.7339 -0.0240949 -0.999522 -0.0193327
38.6478 45.7271 -14.7291 -0.026039 -0.999462 -0.0199279
39.0308 45.6972 -13.8813 -0.0322331 -0.999215 -0.0228597
39.478 45.6632 -12.9676 -0.0386208 -0.998929 -0.0254847
39.9014 45.6244 -12.03 -0.0379052 -0.999066 -0.0206796
40.2251 45.5823 -10.646 -0.036595 -0.99904 -0.0240725
40.441 45.5435 -9.30017 -0.040336 -0.99896 -0.0212602
40.7049 45.5066 -8.03246 -0.0403519 -0.998984 -0.0200517
40.9615 45.4734 -7.04316 -0.0462931 -0.998719 -0.0204515
41.1787 45.4422 -5.87166 -0.0497426 -0.998645 -0.0152892
41.254 45.4233 -4.79051 -0.0505141 -0.998642 -0.0127084
41.3358 45.4096 -3.85183 -0.0498994 -0.998711 -0.00922756
41.4999 45.3932 -2.83273 -0.0510201 -0.998667 -0.00777602
41.6457 45.3781 -1.90335 -0.051545 -0.998637 -0.00814167
41.6855 45.3721 -0.544233 -0.0520749 -0.998642 -0.00156637
41.5915 45.3762 0.680177 -0.0520848 -0.998642 -0.000840407
42.5472 45.3245 0.643937 -0.0551595 -0.998472 -0.00338404
42.4626 45.3294 1.84531 -0.0543375 -0.99852 3.79119e-05
42.3594 45.3387 2.96244 -0.0571202 -0.998357 0.00431742
42.2719 45.3482 3.91283 -0.0559761 -0.998421 0.00462592
42.1216 45.3634 4.94516 -0.0543322 -0.998497 0.00722332
41.8956 45.3877 6.21641 -0.0486501 -0.998734 0.012825
41.711 45.4114 7.27593 -0.0495923 -0.998661 0.0147055
41.4858 45.4472 8.6965 -0.0493331 -0.9986 0.0190753
41.2331 45.4815 9.83849 -0.0481814 -0.998619 0.0208349
41.0539 45.5131 10.8976 -0.0432241 -0.998813 0.0224727
40.6823 45.5603 12.134 -0.0393333 -0.998877 0.0264316
40.2734 45.6074 13.2139 -0.0382925 -0.998711 0.0333201
39.8586 45.6557 14.2233 -0.0358297 -0.998816 0.032906
39.4833 45.6987 15.1021 -0.0345431 -0.998866 0.0327189
39.1227 45.739 15.9885 -0.0331957 -0.99894 0.0318848
38.6285 45.7909 17.1202 -0.0297112 -0.998984 0.0338709
38.2578 45.8319 18.0283 -0.0218193 -0.999199 0.0333088
37.6893 45.889 19.1428 -0.0214661 -0.998949 0.0404902
37.0683 45.9345 20.164 -0.0148829 -0.999079 0.039721
36.6125 45.9763 21.0113 -0.00895228 -0.999094 0.0416082
36.0274 46.0221 21.9746 -0.00711574 -0.999018 0.0437363
35.086 46.0744 23.1354 0.00133294 -0.999205 0.0398552
34.5507 46.1036 23.87 -0.00357966 -0.999426 0.0333735
34.0326 46.1348 24.678 0.00483966 -0.999073 0.0427697
33.1801 46.1712 25.6601 0.00909627 -0.999069 0.0421644
32.4899 46.1985 26.4371 0.0112779 -0.998928 0.0447945
31.9368 46.2245 27.2073 0.0140692 -0.99894 0.0438289
31.3593 46.2577 28.0638 0.0143946 -0.998688 0.0491253
30.7494 46.2812 28.7473 0.0156192 -0.998632 0.0498802
29.8552 46.305 29.5083 0.017759 -0.998576 0.0503023
29.0462 46.3293 30.2995 0.0205233 -0.998553 0.0497111
28.1597 46.3517 31.0374 0.016006 -0.9983 0.0560378
27.2039 46.3693 31.686 0.0184372 -0.998515 0.0512399
26.3303 46.3846 32.3023 0.0193822 -0.998626 0.0486941
25.4805 46.4012 32.9803 0.0185645 -0.998652 0.0484732
24.4245 46.422 33.8376 0.0270948 -0.997875 0.0592593
23.4425 46.434 34.444 0.0177313 -0.998696 0.0476827
22.5354 46.4525 35.1022 0.0212565 -0.997993 0.0596516
21.431 46.465 35.8107 0.0213245 -0.998254 0.0548263
20.5839 46.4728 36.2012 0.0183421 -0.998027 0.0600515
19.701 46.4757 36.5839 0.0247264 -0.99797 0.0586916
18.6683 46.4772 37.0304 0.0255246 -0.997788 0.061388
17.5169 46.4737 37.4351 0.0223369 -0.997984 0.0594121
16.4645 46.471 37.8283 0.0240616 -0.998094 0.0568046
15.6173 46.473 38.1976 0.0206319 -0.998083 0.0582867
14.3179 46.4757 38.7188 0.0249433 -0.997916 0.0595187
13.2833 46.4762 39.1199 0.0216125 -0.997849 0.0618941
11.954 46.4801 39.5874 0.0127579 -0.998355 0.0558905
10.7745 46.4778 39.9022 0.019805 -0.998345 0.0539898
9.51928 46.4705 40.1104 0.0101552 -0.998076 0.0611602
8.22887 46.4603 40.2266 0.0165227 -0.998027 0.0605667
6.95622 46.4579 40.4385 0.00673968 -0.998099 0.0612635
5.58515 46.4575 40.6167 0.00824975 -0.998344 0.0569246
4.29311 46.4528 40.6846 0.00512305 -0.998213 0.0595345
3.22872 46.4567 40.8545 0.00610823 -0.998192 0.0597923
2.00502 46.4667 41.1293 0.00126639 -0.998311 0.0580663
0.654733 46.4701 41.1831 -0.00139773 -0.998317 0.0579538
-0.302717 46.4634 41.0537 -0.000204123 -0.998446 0.0557266
-1.66085 46.4558 40.826 -0.00467687 -0.99878 0.0491598
-2.82446 46.4518 40.7017 0.000267913 -0.998445 0.0556507
-3.76817 46.4498 40.6264 -0.00607029 -0.998491 0.0543685
-4.76653 46.4531 40.56 -0.00468628 -0.998775 0.0492513
-5.73002 46.4488 40.4148 -0.00572731 -0.998413 0.0557024
-7.00399 46.447 40.204 -0.00895567 -0.99831 0.0574263
-8.03325 46.447 40.0586 -0.00664059 -0.998467 0.0549094
-9.2461 46.4433 39.8031 -0.00827257 -0.998598 0.0522639
-10.2095 46.4444 39.6298 -0.0109106 -0.998637 0.0510401
-11.161 46.4428 39.4055 -0.00755062 -0.998632 0.0517215
-12.3791 46.4248 38.9128 -0.00878167 -0.998543 0.0531929
-13.4772 46.4088 38.3492 -0.00729496 -0.998927 0.0457029
-14.4382 46.3998 38.0405 -0.00775525 -0.998722 0.049773
-15.5662 46.3954 37.6627 -0.0107784 -0.998768 0.048403
-16.547 46.382 37.2764 -0.00842013 -0.998562 0.0529197
-17.3475 46.3664 36.8255 -0.00896294 -0.998911 0.0451694
-18.3227 46.3545 36.3954 -0.00722196 -0.998939 0.0454773
-19.5291 46.3405 35.8867 -0.0106457 -0.998594 0.0519382
-20.3049 46.3251 35.3904 -0.0142741 -0.998723 0.048454
-21.2139 46.3076 34.7879 -0.00853935 -0.998792 0.0483165
-22.44 46.2836 34.124 -0.00673542 -0.998848 0.0475075
-23.4351 46.2611 33.3131 -0.0148551 -0.999051 0.0409331
-24.1465 46.2423 32.6648 -0.00994275 -0.999179 0.0392741
-25.3062 46.2177 31.713 -0.0126512 -0.99913 0.0397469
-26.3236 46.2023 31.0149 -0.0111361 -0.999173 0.0390983
-27.2697 46.1867 30.3945 -0.00828284 -0.99914 0.0406249
-28.3154 46.161 29.5553 -0.0076306 -0.999172 0.0399661
-29.2038 46.1314 28.6304 -0.00253114 -0.999316 0.0368932
-29.8075 46.1053 27.8758 -0.00174695 -0.999284 0.0377664
-30.4691 46.0743 27.0052 -0.00126031 -0.999374 0.0353439
-31.0138 46.0477 26.2475 0.00375487 -0.999451 0.0328412
-31.8023 46.0083 25.1207 0.0050242 -0.999519 0.03059
-32.4273 45.9791 24.369 0.00949254 -0.999421 0.0326702
-33.0766 45.9465 23.5457 0.00739207 -0.999369 0.0347205
-33.6896 45.9182 22.8747 0.00738103 -0.999345 0.0354259
-34.2996 45.8876 22.1873 0.0102958 -0.999334 0.0349355
-34.9942 45.8435 21.1319 0.0143668 -0.999253 0.0358653
-35.4683 45.802 20.2081 0.0223784 -0.999055 0.0372704
-36.0786 45.7374 18.9159 0.0310731 -0.998739 0.0394265
-36.6737 45.6649 17.6524 0.0379564 -0.998321 0.0437497
-37.0659 45.6113 16.7565 0.0429862 -0.998132 0.0430605
-37.4649 45.5494 15.8023 0.0483106 -0.99784 0.044508
-37.9969 45.4693 14.7388 0.0544676 -0.997569 0.0427412
-38.4609 45.3984 13.7223 0.0627035 -0.997163 0.0416421
-38.9375 45.319 12.6069 0.0663251 -0.996943 0.0411188
-39.3042 45.2585 11.7685 0.0733732 -0.996416 0.0420892
-39.6154 45.1951 10.8981 0.0799268 -0.995354 0.053692
-39.899 45.116 9.80906 0.092936 -0.99423 0.0535761
-40.1251 45.0238 8.39015 0.0938889 -0.994454 0.0474025
-40.2157 44.9573 7.39872 0.115981 -0.99173 0.0537733
-40.4866 44.8561 5.8312 0.123932 -0.991177 0.0467091
-40.6112 44.7978 4.89005 0.139454 -0.989348 0.0417438
-40.7807 44.733 3.79365 0.135705 -0.990216 0.0323064
-41.0662 44.655 2.51017 0.132214 -0.99076 0.0302225
-41.2088 44.6222 1.6206 0.141031 -0.989962 0.009279
-41.2703 44.6049 0.390302 0.142798 -0.989742 0.00433635
-41.2436 44.6101 -0.549108 0.136396 -0.990631 -0.0067185
-41.0951 44.6396 -1.78124 0.135837 -0.99064 -0.0123596
-40.8972 44.6881 -2.91188 0.132854 -0.990956 -0.0186293
-40.763 44.7312 -4.00516 0.128627 -0.991203 -0.0304768
-40.5727 44.8018 -5.33384 0.120004 -0.992116 -0.0359851
-40.3929 44.8659 -6.40937 0.117232 -0.992266 -0.0406836
-40.1723 44.9477 -7.71591 0.103959 -0.993658 -0.042829
-40.0072 45.0082 -8.76065 0.0977624 -0.994452 -0.0386167
-39.8838 45.068 -9.89615 0.0922555 -0.994969 -0.038804
-39.6187 45.1374 -11.0303 0.0872732 -0.995292 -0.0421652
-39.1002 45.2308 -12.3173 0.0778466 -0.996183 -0.0394931
-38.7815 45.292 -13.2272 0.0722128 -0.99642 -0.0439607
-38.2375 45.3792 -14.533 0.0648232 -0.997117 -0.0393931
-37.8367 45.4389 -15.4887 0.0560845 -0.997688 -0.0383793
-37.3868 45.4962 -16.4294 0.0488804 -0.997925 -0.041921
-36.7891 45.5739 -17.712 0.0390543 -0.998518 -0.0378192
-36.2164 45.6392 -18.8524 0.0339397 -0.998812 -0.0349528
-35.6748 45.6957 -19.9265 0.0270697 -0.998984 -0.0359836
-35.0899 45.749 -20.9938 0.024417 -0.998977 -0.0379801
-34.4111 45.81 -22.1019 0.0239984 -0.99888 -0.0407717
-33.6336 45.867 -23.105 0.0143818 -0.99905 -0.0411434
-33.0131 45.9087 -23.8972 0.0128722 -0.999074 -0.0410078
-32.3478 45.9461 -24.6413 0.0113869 -0.999096 -0.0409407
-31.6671 45.9875 -25.5087 0.00760744 -0.99917 -0.0399882
-31.0122 46.0255 -26.366 0.00535131 -0.999217 -0.0391562
-30.3927 46.0585 -27.1679 0.000688145 -0.999115 -0.0420534
-29.7638 46.0923 -27.9627 0.000505114 -0.999044 -0.0436815
-28.9494 46.1329 -28.839 -0.00339179 -0.998979 -0.0448522
-28.2378 46.1599 -29.5053 -0.00591768 -0.998824 -0.0481191
-27.0768 46.2058 -30.5997 -0.00704754 -0.998756 -0.0493739
-25.9311 46.2452 -31.5716 -0.00338124 -0.999071 -0.0429592
-25.1434 46.2627 -32.0632 -0.00668247 -0.999024 -0.0436187
-24.369 46.2805 -32.562 -0.0100592 -0.998972 -0.0440039
-23.4072 46.298 -33.2194 -0.0141841 -0.998686 -0.0491657
-22.4403 46.3171 -33.9482 -0.0158915 -0.998601 -0.0503775
-21.2892 46.3484 -34.9118 -0.016877 -0.998529 -0.0515278
-19.9542 46.3595 -35.6522 -0.013954 -0.998957 -0.0434429
-18.6353 46.3725 -36.3989 -0.0175617 -0.998594 -0.0500114
-17.6743 46.3758 -36.8481 -0.0201204 -0.998611 -0.0486771
-16.7913 46.3764 -37.2238 -0.0192073 -0.998667 -0.0479114
-15.859 46.3779 -37.6248 -0.0184169 -0.998596 -0.049666
-14.9494 46.3802 -38.0079 -0.0183964 -0.998596 -0.0496662
-14.0798 46.3824 -38.3677 -0.0190487 -0.998439 -0.0524717
-12.5277 46.3838 -38.9865 -0.018979 -0.998559 -0.0501905
-11.4201 46.3812 -39.3633 -0.0160345 -0.998713 -0.0479696
-10.4919 46.3771 -39.6328 -0.0193665 -0.99897 -0.0410393
-9.59956 46.3722 -39.8982 -0.0161908 -0.998451 -0.0530659
-8.55254 46.3736 -40.1758 -0.0142715 -0.998626 -0.0503669
-7.36585 46.3627 -40.339 -0.0155761 -0.99871 -0.0483267
-6.41531 46.3508 -40.4005 -0.0143472 -0.998622 -0.0504728
-5.30109 46.3455 -40.5959 -0.0124229 -0.998577 -0.0518261
-3.96645 46.3437 -40.812 -0.0121303 -0.998636 -0.0506896
-3.06398 46.332 -40.8483 -0.0150623 -0.998696 -0.0487844
-1.8465 46.3184 -40.9496 -0.0161973 -0.998549 -0.0513525
-0.574105 46.3156 -41.205 -0.0076442 -0.998663 -0.0511254
0.879927 46.2996 -41.1926 -0.0140168 -0.998706 -0.0488852
2.20588 46.285 -41.2091 -0.00920198 -0.998651 -0.0511002
3.12224 46.2765 -41.2084 -0.00651111 -0.998743 -0.0495924
4.05307 46.2655 -41.0523 -0.00327798 -0.999073 -0.0425709
4.96953 46.2552 -40.885 -0.006253 -0.999377 -0.0347271
6.23548 46.2402 -40.7797 -0.0114015 -0.999284 -0.0360685
7.41963 46.2269 -40.6985 -0.00525689 -0.999453 -0.0326576
8.54651 46.2153 -40.5429 -0.00637249 -0.999453 -0.0324575
9.53504 46.199 -40.3488 -0.00758676 -0.999322 -0.0359282
10.4409 46.1881 -40.1749 -0.00440776 -0.999303 -0.037072
11.3531 46.1781 -40.0004 -0.00412568 -0.999687 -0.0246589
12.3938 46.1689 -39.7805 -0.00306196 -0.999642 -0.0265846
13.395 46.153 -39.5014 -0.00938486 -0.999541 -0.0288077
14.2829 46.1353 -39.1486 -0.00413331 -0.999641 -0.0263625
15.6502 46.1141 -38.5359 -0.00563104 -0.999676 -0.0248113
16.8439 46.0908 -37.927 -0.00630312 -0.999648 -0.0257615
17.7631 46.0777 -37.5502 -0.0105694 -0.999721 -0.0211079
18.7357 46.0606 -37.2255 -0.00868483 -0.9998 -0.0175695
20.2364 46.04 -36.6926 -0.00726806 -0.999729 -0.0220224
21.0884 46.0309 -36.3197 -0.00389156 -0.999903 -0.0133635
22.2837 46.0178 -35.6865 -0.00489378 -0.999947 -0.00906382
23.2067 46.0085 -35.0886 -0.00262907 -0.999954 -0.00918686
24.2586 45.9993 -34.2221 -0.00550467 -0.999972 -0.00471495
25.2691 45.9877 -33.3917 -0.00587759 -0.999969 -0.00510984
26.1145 45.982 -32.8074 -0.00676519 -0.999975 0.00155189
27.1835 45.9747 -31.935 -0.00249532 -0.999989 -0.00387987
28.4866 45.9716 -31.0304 -0.00227527 -0.999996 -0.00143207
29.208 45.9682 -30.4877 -0.00343548 -0.999992 -0.00183722
29.9963 45.9629 -29.661 -0.00475231 -0.999982 -0.00361232
30.7732 45.9567 -28.9124 -0.00764994 -0.999964 -0.00135441
31.4881 45.9509 -28.1455 -0.00532436 -0.999983 -0.00155111
32.181 45.9475 -27.2109 -0.00595781 -0.999982 -0.000288145
32.9985 45.9403 -26.0905 -0.00685735 -0.999975 -0.00180968
33.7343 45.9327 -25.2031 -0.00793315 -0.999967 -0.000761425
34.3879 45.9253 -24.4202 -0.0122733 -0.999923 -0.00204209
34.9717 45.9175 -23.6786 -0.00744645 -0.999954 -0.00610409
35.6932 45.9064 -22.7277 -0.00915334 -0.999929 -0.00731602
36.3104 45.8914 -21.953 -0.0111091 -0.999874 -0.0113681
36.9204 45.8726 -21.0432 -0.0133148 -0.999821 -0.0131615
37.5851 45.8454 -19.7781 -0.0164932 -0.99973 -0.016344
37.9591 45.8225 -18.7786 -0.0174585 -0.999648 -0.0199946
38.449 45.7883 -17.4703 -0.0191015 -0.999583 -0.0215025
38.9991 45.7504 -16.2377 -0.0238957 -0.999492 -0.021005
39.4472 45.716 -15.2178 -0.0256047 -0.999445 -0.021274
39.8135 45.6855 -14.3854 -0.031476 -0.999175 -0.0256666
40.2033 45.6511 -13.531 -0.0314389 -0.999137 -0.0271167
40.6516 45.6137 -12.6518 -0.0312236 -0.999192 -0.0252594
40.9832 45.5789 -11.6357 -0.0329445 -0.999144 -0.0249085
41.1468 45.5512 -10.7457 -0.0360782 -0.999064 -0.0238751
41.3859 45.509 -9.36745 -0.0362081 -0.999039 -0.0247021
41.6549 45.4629 -7.96361 -0.042091 -0.998786 -0.0255913
41.9587 45.4233 -6.82219 -0.0446381 -0.998812 -0.0195325
42.119 45.3954 -5.72157 -0.0446579 -0.998834 -0.0183608
42.1634 45.3737 -4.35466 -0.0505372 -0.99867 -0.0101617
42.343 45.352 -3.26105 -0.0534566 -0.998508 -0.0105758
42.5729 45.3301 -1.96978 -0.0542478 -0.998501 -0.00721558
42.6105 45.3252 -1.02376 -0.0556691 -0.998448 -0.00138932
42.5763 45.3251 0.016841 -0.053751 -0.99855 -0.00202304
42.5623 45.3248 0.322488 -0.0551596 -0.998472 -0.00338396
43.5027 45.2706 0.549615 -0.0603398 -0.998178 -0.000594989
43.3651 45.2784 1.76555 -0.056332 -0.998411 0.001282
43.2846 45.2847 2.72549 -0.0571211 -0.998357 0.00431391
43.1826 45.2968 3.8296 -0.0563771 -0.998396 0.0051455
43.0021 45.3166 5.09993 -0.0546678 -0.998474 0.00775346
42.8384 45.3363 5.98529 -0.0520871 -0.998538 0.0144199
42.6381 45.3641 7.20573 -0.0504393 -0.99861 0.0152695
42.4822 45.3907 8.31403 -0.049255 -0.998606 0.0189663
42.3296 45.4215 9.46692 -0.0470372 -0.998637 0.0225995
42.0323 45.4655 10.7215 -0.0477287 -0.998544 0.025138
41.7681 45.5096 11.9535 -0.0431728 -0.998637 0.0293436
41.4036 45.5491 12.786 -0.0390059 -0.998777 0.0301562
41.0886 45.592 13.6897 -0.039553 -0.998658 0.0334147
40.6467 45.6412 14.6363 -0.036868 -0.998718 0.0346909
40.1339 45.7043 15.8899 -0.0348414 -0.998678 0.0377812
39.5987 45.7658 17.1216 -0.0286459 -0.998795 0.0398608
39.235 45.8067 17.9628 -0.0228092 -0.998879 0.0414679
38.7042 45.8677 19.1602 -0.0221447 -0.998934 0.0405094
37.927 45.9363 20.4506 -0.0132993 -0.998853 0.0460049
37.3586 45.9911 21.5262 -0.00900283 -0.999031 0.0430619
36.7618 46.0411 22.5262 -0.00808261 -0.998993 0.0441266
36.1689 46.0767 23.2319 -0.00734153 -0.998983 0.0444838
35.5444 46.113 24.0632 0.00158593 -0.998969 0.0453633
34.9691 46.1502 24.9372 0.00396671 -0.999073 0.0428663
34.3282 46.1835 25.7664 0.00448981 -0.999018 0.0440735
33.6934 46.2082 26.4263 0.00879166 -0.998993 0.0439608
32.8425 46.2482 27.4561 0.0112779 -0.998928 0.0447944
32.2839 46.2857 28.3901 0.0129727 -0.998678 0.049732
31.6339 46.3176 29.1907 0.0146066 -0.998527 0.0522259
30.6216 46.3446 30.024 0.0165056 -0.998578 0.0506812
29.6798 46.374 30.9356 0.0190944 -0.998558 0.0501531
28.4606 46.4064 31.9263 0.0169733 -0.998277 0.0561658
27.6066 46.4199 32.4879 0.0212024 -0.998195 0.0561854
26.8221 46.4355 33.056 0.0217354 -0.998151 0.0567575
25.9705 46.4566 33.7619 0.0222807 -0.998108 0.0573074
25.0781 46.4761 34.4477 0.025016 -0.997996 0.0580519
23.9045 46.4926 35.2165 0.0262129 -0.997689 0.0626834
22.8543 46.5145 36.0052 0.0256646 -0.997798 0.0611568
21.8492 46.5261 36.6167 0.0251287 -0.997712 0.062745
20.5428 46.5307 37.1773 0.0210171 -0.997863 0.0617873
19.5334 46.5338 37.6093 0.0234292 -0.997851 0.0611994
18.345 46.5341 38.0976 0.0262962 -0.997821 0.0605139
16.9659 46.5295 38.6216 0.0265325 -0.997705 0.0621028
15.8226 46.5342 39.1329 0.0213178 -0.99767 0.064811
14.7263 46.5359 39.5444 0.0243558 -0.997776 0.0620384
13.879 46.537 39.8923 0.0227915 -0.997835 0.0616758
12.92 46.5367 40.2071 0.0208413 -0.997761 0.0635535
11.717 46.5389 40.6154 0.019303 -0.997737 0.0643999
10.611 46.5332 40.8479 0.0180337 -0.997768 0.0642942
9.69915 46.5262 40.99 0.0139211 -0.997919 0.0628289
8.73584 46.5184 41.0579 0.0135352 -0.998147 0.0593217
7.80045 46.512 41.1722 0.0120596 -0.997914 0.0634259
6.83382 46.5141 41.3668 0.00895933 -0.998158 0.059949
5.54717 46.5089 41.5231 0.00971432 -0.998281 0.0577713
4.48005 46.5058 41.5651 0.0043173 -0.998238 0.0591762
3.42575 46.5109 41.7404 0.00650368 -0.998244 0.0588672
2.49299 46.5172 41.9568 0.00672614 -0.998292 0.0580339
1.08601 46.5218 42.0973 -0.000498901 -0.998401 0.056523
-0.021566 46.5192 42.0305 -0.000720424 -0.998364 0.0571698
-1.3398 46.5078 41.7834 -0.00379054 -0.998233 0.0592965
-2.24175 46.5059 41.6742 -0.00521862 -0.998287 0.0582707
-3.75168 46.5018 41.5162 -0.00258996 -0.998255 0.0589997
-5.01246 46.5056 41.4305 -0.00704263 -0.998032 0.0623021
-6.21354 46.5023 41.2217 -0.00763783 -0.998142 0.0604352
-7.35474 46.4998 41.0676 -0.00747396 -0.998236 0.0588641
-8.69135 46.4975 40.8984 -0.00664058 -0.998467 0.0549094
-9.62212 46.4969 40.681 -0.0125286 -0.99832 0.0565741
-10.698 46.4933 40.4821 -0.00886407 -0.998457 0.0546564
-11.8637 46.4853 40.1231 -0.00755069 -0.998632 0.0517218
-12.8314 46.4708 39.6753 -0.0110271 -0.998498 0.0536732
-14.0147 46.4529 39.1154 -0.00949691 -0.998518 0.0535961
-15.0407 46.4442 38.7806 -0.00807646 -0.998555 0.053132
-15.9941 46.4392 38.4863 -0.00909063 -0.998784 0.0484466
-16.8794 46.4305 38.1322 -0.0101107 -0.998576 0.0523837
-17.8477 46.4118 37.5925 -0.010071 -0.998568 0.0525446
-18.9388 46.3983 37.1548 -0.00921742 -0.998632 0.0514531
-19.9022 46.3879 36.75 -0.0105649 -0.998698 0.0499079
-21.0944 46.3621 35.9746 -0.0108944 -0.998773 0.0482931
-22.1464 46.3415 35.3528 -0.00622793 -0.998746 0.0496654
-23.0417 46.3222 34.8273 -0.0109542 -0.998784 0.0479407
-23.8271 46.3023 34.1938 -0.00958592 -0.998937 0.045086
-24.4774 46.2809 33.5607 -0.00939796 -0.999159 0.0399106
-25.4121 46.2632 32.8036 -0.0140576 -0.99912 0.0395089
-26.1893 46.2477 32.1742 -0.0107138 -0.999101 0.0410148
-27.1275 46.2329 31.5685 -0.0109246 -0.999137 0.0400577
-27.8954 46.2178 31.0456 -0.00730342 -0.999156 0.0404132
-28.874 46.193 30.25 -0.00532128 -0.999196 0.0396695
-29.547 46.1692 29.595 -0.00327519 -0.999232 0.0390503
-30.1886 46.1434 28.8707 -0.00333801 -0.999275 0.0379186
-30.955 46.1053 27.8665 -0.000805387 -0.999318 0.0368806
-31.6324 46.0704 26.9342 0.00306208 -0.999333 0.036382
-32.2087 46.0405 26.1182 0.00393854 -0.999398 0.0344259
-32.9038 46.0061 25.2548 0.00654215 -0.999326 0.036128
-33.5708 45.9721 24.406 0.00725579 -0.999399 0.0338871
-34.321 45.9366 23.5267 0.0073966 -0.99937 0.0347178
-34.9587 45.9053 22.8332 0.00572981 -0.999213 0.0392419
-35.5375 45.8693 22.0453 0.0106395 -0.99915 0.0396781
-36.1059 45.8186 20.9387 0.0177257 -0.998975 0.0416562
-36.7144 45.7575 19.7731 0.0244773 -0.99877 0.0431273
-37.2034 45.6956 18.6685 0.0301865 -0.998486 0.0459743
-37.6046 45.6417 17.8341 0.0407992 -0.997884 0.0506269
-38.0844 45.5671 16.7824 0.041869 -0.997722 0.0528954
-38.5712 45.4825 15.6335 0.056578 -0.997125 0.0504103
-39.1308 45.3941 14.519 0.056832 -0.997085 0.0509113
-39.5867 45.3098 13.3749 0.0689134 -0.996621 0.0446842
-40.1206 45.2209 12.2482 0.0700835 -0.996451 0.0466171
-40.526 45.1274 11.0234 0.0841401 -0.994967 0.0544082
-40.7958 45.0368 9.8263 0.0848993 -0.994701 0.0579879
-40.9984 44.9484 8.72473 0.102696 -0.992826 0.0606922
-41.1041 44.8719 7.62645 0.111825 -0.991647 0.0642805
-41.2433 44.8012 6.67407 0.123934 -0.991177 0.0467056
-41.44 44.7241 5.65137 0.127909 -0.990592 0.0486221
-41.5189 44.6596 4.51891 0.12849 -0.990808 0.0418844
-41.8135 44.5793 3.29565 0.13234 -0.990731 0.0306305
-42.0549 44.5117 2.11583 0.129112 -0.991355 0.0220602
-42.1558 44.4858 0.998841 0.132807 -0.991101 0.00899103
-42.1767 44.4796 -0.14355 0.136112 -0.990684 -0.00299543
-42.115 44.4962 -1.44412 0.136398 -0.990631 -0.00672067
-41.8212 44.5545 -2.55639 0.135267 -0.990638 -0.0183833
-41.6967 44.6043 -3.77277 0.13113 -0.991007 -0.0264407
-41.5669 44.6528 -4.67491 0.121969 -0.991668 -0.0414508
-41.4461 44.7185 -5.82628 0.122632 -0.991309 -0.047618
-41.2368 44.7934 -6.92486 0.112681 -0.992274 -0.0519106
-41.0241 44.8786 -8.20321 0.102833 -0.993556 -0.0473915
-40.8455 44.9454 -9.13701 0.096732 -0.994179 -0.047035
-40.7398 45.0151 -10.4584 0.0903497 -0.994737 -0.0483308
-40.4361 45.0876 -11.4655 0.0798663 -0.995562 -0.0497664
-40.0047 45.1692 -12.4566 0.0782552 -0.995913 -0.0450842
-39.6983 45.231 -13.3497 0.0722074 -0.99642 -0.0439607
-39.3295 45.3012 -14.3168 0.0677872 -0.996785 -0.0424107
-38.8804 45.3743 -15.3432 0.0598537 -0.997331 -0.0415506
-38.275 45.465 -16.6545 0.0503068 -0.997548 -0.0479254
-37.908 45.5191 -17.5024 0.0423074 -0.998073 -0.0453827
-37.2798 45.5979 -18.717 0.0341162 -0.998502 -0.0427717
-36.7541 45.6639 -19.9032 0.0297779 -0.998826 -0.0381346
-36.3 45.7087 -20.7432 0.0262264 -0.998812 -0.0410748
-35.7907 45.7571 -21.619 0.0253008 -0.99889 -0.0397252
-35.1821 45.814 -22.6158 0.0231046 -0.998757 -0.0441548
-34.49 45.8682 -23.4937 0.0225658 -0.998809 -0.043256
-33.8194 45.9146 -24.3212 0.014593 -0.999022 -0.0417283
-32.978 45.9658 -25.29 0.0116095 -0.999067 -0.0415994
-32.2783 46.0105 -26.2082 0.00491066 -0.999043 -0.0432006
-31.6439 46.0519 -27.0425 0.00286202 -0.998871 -0.0474246
-31.0621 46.0879 -27.7601 -0.000999324 -0.998875 -0.0472296
-30.2687 46.1342 -28.7777 -0.00358128 -0.998713 -0.0505995
-29.2079 46.1855 -29.8732 -0.00418436 -0.998673 -0.0513332
-28.486 46.2108 -30.4811 -0.00830845 -0.998755 -0.0491827
-27.8263 46.2364 -31.1124 -0.00767797 -0.998755 -0.0492783
-26.8309 46.2752 -32.0244 -0.00676027 -0.998712 -0.0502892
-26.052 46.295 -32.5625 -0.010493 -0.998734 -0.0492
-25.0916 46.3148 -33.1703 -0.0107379 -0.998733 -0.0491611
-24.1943 46.3382 -33.8395 -0.012904 -0.998631 -0.0506716
-23.406 46.352 -34.3353 -0.0158859 -0.998601 -0.0503789
-22.5435 46.3781 -35.0807 -0.0158716 -0.998509 -0.0522269
-21.6205 46.4 -35.8112 -0.0170969 -0.998553 -0.0509935
-20.6832 46.408 -36.3303 -0.0206225 -0.998463 -0.0514506
-19.4206 46.4187 -37.0259 -0.0193329 -0.998478 -0.0516435
-18.1899 46.4226 -37.6046 -0.0221411 -0.9985 -0.0499927
-17.0794 46.4223 -38.0648 -0.0188193 -0.998632 -0.0487847
-15.8681 46.4255 -38.5778 -0.0184145 -0.998596 -0.049666
-14.6783 46.4306 -39.0796 -0.0171403 -0.998436 -0.0532083
-13.7314 46.4334 -39.4936 -0.0209559 -0.998441 -0.0517384
-12.8127 46.4336 -39.8469 -0.0198431 -0.998264 -0.0554561
-11.6694 46.4341 -40.2593 -0.0195107 -0.998283 -0.0552223
-10.3003 46.4264 -40.6293 -0.0202329 -0.998297 -0.0547173
-9.12069 46.4214 -40.9713 -0.0161935 -0.99845 -0.0530671
-7.64228 46.4134 -41.2229 -0.0144209 -0.998376 -0.0551068
-6.46277 46.3955 -41.2723 -0.0143477 -0.998622 -0.0504672
-5.41767 46.3939 -41.4793 -0.011295 -0.998523 -0.0531355
-4.21701 46.3902 -41.6955 -0.0144363 -0.998717 -0.0485357
-3.08828 46.376 -41.7412 -0.0137346 -0.998669 -0.049694
-1.84049 46.3645 -41.8467 -0.0154536 -0.99853 -0.0519376
-0.890089 46.3637 -42.0989 -0.0111792 -0.998587 -0.0518284
0.296184 46.3534 -42.1414 -0.0113252 -0.998789 -0.0478815
1.27067 46.3382 -42.0747 -0.0094915 -0.998639 -0.0512883
2.46266 46.3293 -42.1217 -0.00923312 -0.998652 -0.0510862
3.59431 46.3169 -42.0841 -0.00651095 -0.998743 -0.0495927
4.6293 46.2979 -41.859 -0.00852202 -0.998988 -0.0441626
5.8036 46.2808 -41.6982 -0.00889781 -0.999011 -0.0435541
7.0412 46.2683 -41.657 -0.0084855 -0.999124 -0.0409864
8.0424 46.254 -41.5325 -0.00830914 -0.999155 -0.0402347
8.95606 46.241 -41.3818 -0.00747189 -0.999244 -0.0380968
10.2154 46.2254 -41.153 -0.00494179 -0.999294 -0.0372294
11.3597 46.2111 -40.9178 -0.0052097 -0.999323 -0.0364322
12.3409 46.1998 -40.7362 -0.00504401 -0.999341 -0.0359332
13.3157 46.1858 -40.5006 -0.00570937 -0.999382 -0.0346742
14.2563 46.1682 -40.1392 -0.00696247 -0.99941 -0.03364
15.5603 46.1442 -39.6063 -0.00458869 -0.999583 -0.0284834
16.376 46.1287 -39.221 -0.00575925 -0.999588 -0.0281018
17.3811 46.1073 -38.6649 -0.00583431 -0.99959 -0.0280424
18.425 46.0899 -38.2869 -0.00659845 -0.999634 -0.0262461
19.4541 46.0738 -37.97 -0.00813224 -0.999621 -0.0262836
20.4853 46.0565 -37.553 -0.00909072 -0.999721 -0.0217965
21.541 46.0394 -37.0892 -0.00550744 -0.999896 -0.0132595
22.7436 46.0225 -36.4583 -0.00601287 -0.999918 -0.0111073
23.9341 46.012 -35.6781 -0.00262907 -0.999954 -0.00918686
24.6606 46.0032 -35.0772 -0.00572893 -0.999948 -0.00841569
25.4422 45.9924 -34.4173 -0.00650422 -0.999951 -0.00728973
26.3345 45.9845 -33.7599 -0.00273687 -0.999985 -0.0047869
27.3413 45.9784 -32.9823 -0.00249807 -0.999989 -0.00388027
28.1291 45.9738 -32.3221 -0.00192321 -0.999994 -0.00260414
29.1007 45.9707 -31.7606 -0.00330544 -0.999993 -0.00155589
30.0598 45.9661 -30.985 -0.00361783 -0.999992 -0.00186136
30.7532 45.9611 -30.175 -0.00483637 -0.999982 -0.00362974
31.4568 45.9553 -29.5183 -0.00482734 -0.999983 -0.00328734
32.1985 45.9489 -28.7248 -0.00553772 -0.999979 -0.00326413
33.0283 45.942 -27.5655 -0.00680806 -0.999977 -0.000730091
33.6482 45.937 -26.7106 -0.00728067 -0.999971 -0.00212641
34.4542 45.9296 -25.7578 -0.00485883 -0.999983 -0.00324063
35.044 45.9238 -25.0552 -0.00563979 -0.999976 -0.00397964
35.6647 45.916 -24.2705 -0.00745074 -0.999953 -0.00617431
36.2584 45.9067 -23.4785 -0.00915842 -0.999929 -0.0073135
36.9254 45.8927 -22.6623 -0.00967303 -0.999902 -0.0101015
37.5187 45.877 -21.7937 -0.0110154 -0.99985 -0.0131563
38.012 45.859 -20.9602 -0.0096662 -0.999839 -0.0151271
38.4299 45.8386 -20.117 -0.0122216 -0.999718 -0.0203575
38.7819 45.8158 -19.1469 -0.0172839 -0.999641 -0.0204694
39.1951 45.7858 -18.0195 -0.0190976 -0.999583 -0.021505
39.7553 45.7465 -16.8385 -0.0220916 -0.999439 -0.0251066
40.2711 45.7044 -15.6135 -0.0248502 -0.999434 -0.0226928
40.8124 45.6545 -14.3333 -0.030327 -0.999177 -0.0268928
41.4423 45.5987 -13.0355 -0.0314401 -0.999137 -0.0271142
41.7818 45.5622 -12.081 -0.035181 -0.999052 -0.0256585
42.0388 45.5242 -10.9361 -0.0350475 -0.99907 -0.0251334
42.3185 45.4779 -9.54284 -0.0400439 -0.998849 -0.0264147
42.5138 45.4351 -8.25817 -0.040419 -0.998786 -0.0281422
42.783 45.3991 -7.28348 -0.0442881 -0.998742 -0.0232783
42.996 45.3637 -6.22214 -0.0488553 -0.998564 -0.0218542
43.0476 45.34 -5.16857 -0.0482197 -0.998682 -0.0173224
43.0769 45.3243 -4.05201 -0.0515626 -0.998595 -0.0120054
43.3397 45.2958 -2.99489 -0.0534567 -0.998508 -0.0105752
43.4889 45.2801 -1.9344 -0.054164 -0.998507 -0.00712785
43.5208 45.2744 -1.00518 -0.0576445 -0.998328 -0.00319166
43.5039 45.2709 -0.0975786 -0.0599767 -0.998193 -0.00279678
43.5027 45.2709 -0.0287496 -0.0603393 -0.998178 -0.000597929
44.4457 45.2144 0.00574214 -0.0569344 -0.99836 -0.000480741
44.3675 45.2154 1.23468 -0.0632532 -0.997995 -0.00239495
44.2435 45.2259 2.28401 -0.0620008 -0.998075 0.00157355
44.0888 45.2386 3.60019 -0.0648899 -0.997885 0.0039753
43.9063 45.2631 4.94413 -0.0587556 -0.998241 0.00796239
43.7016 45.2957 6.25251 -0.0508263 -0.998602 0.0144994
43.5336 45.32 7.37076 -0.0529794 -0.998485 0.014832
43.354 45.3562 8.63872 -0.0455647 -0.998765 0.0198303
43.2661 45.3821 9.75691 -0.0515572 -0.998395 0.0234562
42.9797 45.4244 10.8687 -0.0466184 -0.998576 0.0259406
42.6259 45.4818 12.3073 -0.0466342 -0.998465 0.0298651
42.2027 45.5337 13.29 -0.0450656 -0.998217 0.0384571
41.8039 45.5887 14.4312 -0.0404833 -0.998573 0.0348261
41.3046 45.6422 15.314 -0.0384373 -0.998327 0.0426732
40.9639 45.6903 16.2655 -0.0323515 -0.998602 0.0416863
40.4231 45.7573 17.4675 -0.0259622 -0.998818 0.0410902
39.9797 45.8109 18.4919 -0.0245979 -0.998862 0.0408552
39.4444 45.8722 19.6511 -0.0208982 -0.998907 0.0418109
38.8875 45.9329 20.6138 -0.0153971 -0.998631 0.0496657
38.3776 45.9815 21.5353 -0.0104334 -0.998552 0.0524713
38.003 46.0254 22.3838 -0.00657703 -0.998895 0.0465249
37.1347 46.0863 23.4925 -0.00444148 -0.998686 0.0508612
36.4622 46.1263 24.3299 0.00122575 -0.998984 0.0450594
35.693 46.1785 25.4704 0.00353351 -0.998853 0.047667
35.0013 46.2148 26.3459 0.00762979 -0.998909 0.0460679
34.2825 46.247 27.1142 0.00952242 -0.998753 0.0489615
33.6761 46.2759 27.8556 0.0114498 -0.998786 0.0479081
33.2364 46.3107 28.6599 0.010612 -0.998715 0.0495522
32.2689 46.3614 29.8714 0.0127105 -0.998542 0.0524532
31.3356 46.3893 30.6625 0.016511 -0.99851 0.0520028
30.5228 46.4108 31.3469 0.0187984 -0.998486 0.0516861
29.8076 46.4349 31.9853 0.017847 -0.998181 0.057573
29.0666 46.4591 32.6541 0.019813 -0.99825 0.055722
28.1333 46.4721 33.2198 0.0201402 -0.998158 0.0572012
27.261 46.4903 33.8623 0.0208114 -0.998193 0.0563682
26.5325 46.5122 34.4772 0.0215411 -0.997932 0.0605131
25.6961 46.5283 35.0714 0.0240185 -0.997851 0.0609551
24.4565 46.5538 35.9695 0.025356 -0.99776 0.0619011
23.6663 46.5697 36.5438 0.0286687 -0.997563 0.0636157
22.8728 46.5848 37.0989 0.0274986 -0.997296 0.0681492
21.8006 46.5917 37.622 0.0256372 -0.997321 0.0685071
20.9411 46.5931 37.9532 0.0246159 -0.997374 0.0681113
19.5546 46.5971 38.5524 0.026843 -0.99735 0.0676207
18.6822 46.598 38.9054 0.0289634 -0.997204 0.0688895
17.4756 46.5957 39.4007 0.0291085 -0.997311 0.0672338
16.5539 46.6041 39.9131 0.028788 -0.997414 0.0658501
15.5361 46.6021 40.2849 0.0221438 -0.997736 0.0635071
14.5774 46.6014 40.627 0.021201 -0.997375 0.0692319
13.4064 46.6017 41.0155 0.0243889 -0.997309 0.0691343
12.3414 46.6045 41.411 0.0234811 -0.99737 0.0685585
11.3741 46.5978 41.6175 0.0190583 -0.997615 0.0663464
10.0764 46.5882 41.8271 0.0177935 -0.997611 0.0667576
9.13893 46.5787 41.9253 0.0141799 -0.997757 0.0654193
8.22848 46.5698 42.0091 0.0155528 -0.997893 0.0628828
6.71876 46.5668 42.2784 0.012597 -0.998121 0.0599447
5.03404 46.5628 42.4537 0.00536609 -0.998037 0.0623812
3.89659 46.5658 42.5819 0.00645122 -0.998061 0.061858
2.64541 46.5721 42.8492 0.00568158 -0.997969 0.0634304
1.70537 46.5731 42.9278 0.00141502 -0.997867 0.0651578
0.762909 46.5774 42.9713 -0.0014752 -0.997719 0.0674851
-0.723974 46.5698 42.8334 -0.00224127 -0.997837 0.0656634
-1.86214 46.5614 42.6366 -0.00389236 -0.997922 0.0643172
-3.15943 46.5617 42.5368 -0.00534173 -0.997926 0.0641567
-4.36368 46.56 42.3796 -0.00794424 -0.998006 0.0626129
-5.39194 46.5601 42.2592 -0.00743212 -0.998036 0.0622079
-6.63397 46.5565 42.0424 -0.00782213 -0.997973 0.0631519
-8.12033 46.5563 41.8535 -0.00804871 -0.997859 0.0648975
-9.34438 46.5573 41.7142 -0.00940681 -0.997799 0.0656355
-10.2981 46.5511 41.4934 -0.0089233 -0.997984 0.0628083
-11.5064 46.5459 41.2155 -0.0101892 -0.998082 0.0610598
-12.5964 46.5283 40.7515 -0.0109964 -0.998189 0.0591034
-13.8062 46.5102 40.2014 -0.00967955 -0.998364 0.0563516
-14.7893 46.4976 39.8012 -0.0089104 -0.998412 0.0556324
-16.1389 46.4864 39.3735 -0.0110376 -0.998482 0.0539084
-17.1277 46.4804 39.0396 -0.0101553 -0.998584 0.0522267
-18.0772 46.4624 38.4995 -0.0131384 -0.998336 0.0561275
-19.137 46.4496 38.0468 -0.012229 -0.998318 0.0566628
-20.5938 46.432 37.4568 -0.0110844 -0.998494 0.0537266
-21.5959 46.4064 36.7493 -0.0120378 -0.998655 0.0504337
-22.7512 46.3838 36.0599 -0.00986436 -0.998604 0.0518786
-23.673 46.3636 35.4936 -0.0111775 -0.998613 0.0514547
-24.4085 46.3391 34.8633 -0.0111036 -0.998738 0.0489218
-25.1545 46.317 34.1993 -0.0138024 -0.998913 0.0444404
-25.9547 46.3038 33.5952 -0.0144349 -0.999001 0.0422642
-26.7065 46.2864 32.9379 -0.0137237 -0.998956 0.0435614
-27.6114 46.2698 32.316 -0.00774954 -0.999006 0.0438985
-28.7364 46.2444 31.5122 -0.00848722 -0.999061 0.0424796
-29.5016 46.2214 30.8554 -0.00587947 -0.999033 0.043575
-30.5049 46.1832 29.8647 -0.0039998 -0.999133 0.041352
-31.2198 46.1511 28.9944 -0.00240721 -0.999173 0.040597
-31.8512 46.1158 28.1274 7.17899e-06 -0.999187 0.0403019
-32.7143 46.0702 27.0096 0.00318495 -0.999219 0.0393613
-33.4506 46.0316 26.0556 0.0013063 -0.999271 0.0381108
-34.24 45.9945 25.1356 0.00367223 -0.999306 0.0370772
-34.8517 45.9594 24.2444 0.00412703 -0.999347 0.0358856
-35.5505 45.9293 23.5339 0.00580392 -0.999309 0.036711
-36.2424 45.8902 22.6877 0.00962792 -0.999026 0.0430592
-36.6886 45.8461 21.8411 0.0173622 -0.998924 0.042989
-37.1625 45.802 20.989 0.0186219 -0.998754 0.0462894
-37.6259 45.7369 19.8106 0.0264778 -0.99838 0.050287
-38.0929 45.6861 19.0319 0.029244 -0.998509 0.0461031
-38.51 45.6197 18.0831 0.0385538 -0.997694 0.0558321
-38.9425 45.5493 17.1826 0.047228 -0.997449 0.0535209
-39.3024 45.4854 16.3453 0.0500574 -0.996965 0.059629
-39.8793 45.3755 15.1048 0.0657669 -0.996186 0.0570025
-40.3166 45.2936 14.0865 0.0670247 -0.996619 0.0475289
-40.8125 45.2054 12.9806 0.071616 -0.996233 0.0488348
-41.2497 45.1365 12.1908 0.0761982 -0.995684 0.0525464
-41.4096 45.0645 11.1818 0.0797473 -0.995108 0.0583073
-41.6547 44.9744 10.1243 0.0903313 -0.993563 0.0679129
-41.943 44.89 9.22436 0.0959513 -0.993331 0.0639195
-41.9795 44.7834 7.82489 0.113549 -0.990944 0.0712545
-42.1078 44.702 6.88597 0.124729 -0.989783 0.0671175
-42.3974 44.5819 5.32421 0.131663 -0.990021 0.0499994
-42.5459 44.5198 4.39295 0.137577 -0.989788 0.0373037
-42.762 44.4467 3.17032 0.135602 -0.990295 0.0301401
-42.9584 44.3923 2.07055 0.135638 -0.990587 0.0180218
-43.0666 44.3595 0.817788 0.139657 -0.99015 0.0091123
-43.07 44.3549 -0.663374 0.142156 -0.989838 -0.002851
-42.9177 44.3907 -2.00796 0.14217 -0.989673 -0.0183288
-42.7173 44.4381 -2.96756 0.141608 -0.989543 -0.0274155
-42.4879 44.522 -4.42903 0.135781 -0.989782 -0.0434348
-42.4195 44.579 -5.45373 0.129212 -0.989563 -0.0613143
-42.2677 44.6587 -6.58907 0.112821 -0.992198 -0.0530561
-42.0741 44.7319 -7.53813 0.109748 -0.992573 -0.0524895
-41.8835 44.8094 -8.54175 0.100415 -0.993589 -0.0519468
-41.6794 44.8846 -9.52569 0.0855864 -0.993736 -0.0701885
-41.6191 44.9606 -10.855 0.0815055 -0.995332 -0.0516881
-41.3396 45.0258 -11.6901 0.0812705 -0.995444 -0.0498683
-40.8325 45.1238 -12.8618 0.0738528 -0.996105 -0.048166
-40.3889 45.2139 -14.0506 0.0717191 -0.996312 -0.0470525
-39.8162 45.3166 -15.3724 0.0665509 -0.996689 -0.0465461
-39.3178 45.4068 -16.71 0.058303 -0.997022 -0.0504674
-38.7744 45.4936 -17.7327 0.036994 -0.997336 -0.0617824
-38.3351 45.5606 -18.7427 0.0368124 -0.998065 -0.0501056
-37.7697 45.6315 -19.8509 0.0275991 -0.998569 -0.0458049
-37.1915 45.7011 -21.1242 0.0260145 -0.998815 -0.0411217
-36.6226 45.7578 -22.1196 0.0238298 -0.998777 -0.0433311
-36.1084 45.8054 -22.9266 0.0242168 -0.998737 -0.0440267
-35.4442 45.86 -23.7257 0.0205281 -0.998561 -0.0494584
-34.6798 45.9178 -24.6441 0.0148192 -0.998832 -0.0458543
-33.7543 45.9831 -25.786 0.00932385 -0.998784 -0.0482622
-33.2012 46.0202 -26.5087 0.00573218 -0.998867 -0.0472425
-32.4686 46.0718 -27.5222 0.00424196 -0.998734 -0.0500041
-31.7339 46.1152 -28.3479 0.000449848 -0.99869 -0.0511725
-31.1688 46.1602 -29.1654 -0.00347677 -0.998472 -0.0549137
-30.5377 46.1913 -29.8302 -0.00831336 -0.998456 -0.0549179
-29.8309 46.226 -30.568 -0.00824144 -0.998505 -0.0540297
-29.0008 46.2532 -31.2237 -0.0110854 -0.998539 -0.0528942
-27.8678 46.2981 -32.2857 -0.0104867 -0.99845 -0.0546658
-27.1062 46.3232 -32.8885 -0.0108257 -0.998514 -0.0533944
-26.07 46.349 -33.627 -0.0138862 -0.99852 -0.0525748
-25.0909 46.3768 -34.352 -0.0102115 -0.998423 -0.055187
-24.2618 46.3964 -34.8962 -0.0152037 -0.998238 -0.0573598
-23.3799 46.4185 -35.5532 -0.0184735 -0.998226 -0.0565959
-22.6799 46.4376 -36.1408 -0.0195076 -0.998312 -0.0546936
-21.9366 46.4525 -36.6843 -0.0203067 -0.99834 -0.0538825
-21.1149 46.4603 -37.1559 -0.0222027 -0.998335 -0.0532454
-20.2767 46.4647 -37.5834 -0.0212893 -0.998227 -0.0555764
-19.3147 46.4774 -38.1775 -0.0190536 -0.998415 -0.0529647
-18.3409 46.474 -38.5204 -0.0238979 -0.998352 -0.052166
-17.4754 46.4718 -38.8388 -0.0216633 -0.99823 -0.0553808
-16.5796 46.4739 -39.2154 -0.0207071 -0.998212 -0.0560646
-15.2134 46.4801 -39.8018 -0.0190786 -0.998209 -0.0566909
-14.3777 46.485 -40.1891 -0.0204643 -0.998275 -0.0550355
-13.2841 46.49 -40.6876 -0.0201755 -0.998244 -0.0556902
-12.1399 46.4867 -41.0439 -0.0202194 -0.99826 -0.0553853
-10.9765 46.4857 -41.4534 -0.0204467 -0.998247 -0.055537
-9.80061 46.4776 -41.7511 -0.0200713 -0.99832 -0.05435
-8.87634 46.4721 -41.9168 -0.0163479 -0.998126 -0.0589687
-7.44367 46.4612 -42.1424 -0.017843 -0.998175 -0.0576988
-6.47043 46.4474 -42.1919 -0.0120137 -0.998161 -0.0594151
-4.76461 46.4427 -42.4995 -0.0148084 -0.998259 -0.0570857
-3.04338 46.4223 -42.634 -0.0150104 -0.998402 -0.0544338
-2.09997 46.4163 -42.758 -0.0147175 -0.998508 -0.0525759
-0.70847 46.4122 -43.0281 -0.0125502 -0.998378 -0.055525
0.279982 46.4019 -43.068 -0.0116141 -0.998324 -0.0566765
1.31509 46.3866 -42.988 -0.00870931 -0.998398 -0.0559033
2.90472 46.368 -43.0197 -0.0131505 -0.998676 -0.0495865
3.90015 46.3552 -42.9564 -0.00930067 -0.998847 -0.0470955
4.94332 46.3337 -42.7066 -0.009483 -0.998841 -0.0471882
5.99634 46.3187 -42.6058 -0.0107876 -0.998867 -0.0463243
7.19588 46.3077 -42.6002 -0.00893457 -0.999014 -0.0434961
8.47908 46.2846 -42.4058 -0.01158 -0.999114 -0.040348
9.62336 46.2674 -42.1741 -0.00556474 -0.999262 -0.0380081
10.5281 46.2541 -41.994 -0.00633405 -0.999329 -0.03605
11.7806 46.2403 -41.7745 -0.00455462 -0.999313 -0.0367743
12.8823 46.2275 -41.5805 -0.0043887 -0.999263 -0.0381255
14.3324 46.1996 -41.0698 -0.00700721 -0.999329 -0.0359307
15.2439 46.1805 -40.6901 -0.00880378 -0.999369 -0.0343106
16.4831 46.1566 -40.2416 -0.00585376 -0.999596 -0.027806
17.5589 46.1354 -39.7075 -0.00593095 -0.99959 -0.0280084
18.4181 46.1197 -39.3458 -0.00727171 -0.999564 -0.0286339
19.3096 46.1027 -39.0015 -0.00766336 -0.999598 -0.0273095
20.5583 46.0742 -38.4824 -0.0131291 -0.999662 -0.0220582
21.3973 46.0583 -38.1076 -0.0094719 -0.999775 -0.0189613
22.2357 46.0445 -37.7337 -0.00596604 -0.999866 -0.0152664
23.7105 46.0254 -36.8706 -0.00129965 -0.999908 -0.0133722
24.8047 46.0139 -36.1679 -0.00519251 -0.999901 -0.0130935
25.8477 45.9982 -35.284 -0.00475781 -0.999939 -0.00991932
26.712 45.9864 -34.607 -0.00530556 -0.99995 -0.00726301
27.4802 45.9817 -34.0712 -0.00285063 -0.999991 -0.00303013
28.4701 45.9764 -33.1816 -0.00235232 -0.999988 -0.00426922
29.4372 45.9732 -32.6006 -0.000285365 -0.999992 -0.00393272
30.2704 45.9714 -32.1754 -0.00114522 -0.999988 -0.00460459
31.1857 45.9622 -31.0193 -0.00533873 -0.999974 -0.00492411
31.8722 45.9565 -30.3996 -0.00487525 -0.999981 -0.00367727
32.5279 45.9494 -29.7262 -0.00685448 -0.999971 -0.00329923
33.5439 45.9396 -28.4073 -0.00631544 -0.999978 -0.00171743
34.0818 45.9354 -27.6653 -0.00411571 -0.999989 -0.000262872
34.8747 45.931 -26.7468 -0.00465178 -0.999983 -0.00364959
35.6778 45.9224 -25.7323 -0.00700241 -0.99997 -0.00335027
36.4135 45.916 -24.776 -0.00398475 -0.999974 -0.00469076
37.2011 45.9001 -23.7251 -0.00915536 -0.999883 -0.0119856
37.839 45.886 -22.927 -0.0103721 -0.999888 -0.0108284
38.3383 45.8768 -22.1424 -0.00359285 -0.999876 -0.0143785
38.8485 45.8576 -21.2988 -0.00902564 -0.999757 -0.0198221
39.2899 45.8317 -20.2935 -0.0122837 -0.999718 -0.0203457
39.6369 45.8088 -19.452 -0.0141686 -0.999668 -0.0215144
39.9667 45.7852 -18.5648 -0.0162953 -0.999565 -0.0243297
40.4563 45.7515 -17.629 -0.0188718 -0.999466 -0.0266577
40.7787 45.7187 -16.6727 -0.0194228 -0.999414 -0.0281757
41.1737 45.6858 -15.8681 -0.0268291 -0.999232 -0.0285498
41.5761 45.6497 -14.9614 -0.0274611 -0.999242 -0.0276094
41.9374 45.61 -14.0228 -0.0322939 -0.999095 -0.0276659
42.4047 45.5661 -13.0471 -0.0341958 -0.998997 -0.0289053
42.6885 45.5337 -12.1924 -0.0333651 -0.999122 -0.0252818
42.9864 45.4879 -10.7262 -0.0320372 -0.999175 -0.0249471
43.271 45.4456 -9.70241 -0.0375463 -0.998899 -0.0281245
43.3888 45.4069 -8.55678 -0.0435407 -0.998635 -0.0288551
43.6699 45.366 -7.55221 -0.0432117 -0.998669 -0.0281556
43.8482 45.3288 -6.50184 -0.0544921 -0.998255 -0.0227375
43.9907 45.2969 -5.3593 -0.0505154 -0.998521 -0.0201099
43.976 45.2819 -4.43633 -0.0535087 -0.998468 -0.0141067
44.2725 45.2397 -2.71375 -0.0580511 -0.998248 -0.0105332
44.4361 45.2184 -1.12128 -0.0624166 -0.998029 -0.00608021
44.4615 45.2144 -0.500369 -0.0633937 -0.997981 -0.00384705
44.464 45.2128 -0.113733 -0.0597047 -0.998198 0.000754083
