-38.6339 46.7849 -0.390112 0.163564 -0.986521 -0.00467277
-38.6107 46.7949 0.840211 0.165143 -0.986248 0.00654182
-38.4833 46.8336 2.24671 0.154149 -0.987859 0.0176435
-38.3552 46.8761 3.1373 0.15094 -0.988261 0.0235042
-38.1975 46.9279 4.22319 0.146603 -0.988776 0.0287878
-37.9651 46.9983 5.45608 0.128201 -0.991086 0.03575
-37.7782 47.0496 6.3603 0.123674 -0.991583 0.0375605
-37.5969 47.1075 7.42008 0.105363 -0.993886 0.0330044
-37.4098 47.1628 8.44548 0.0976306 -0.994726 0.0302115
-37.2011 47.2073 9.38235 0.0820581 -0.99604 0.0342087
-36.8529 47.2657 10.5007 0.0738132 -0.997112 0.017885
-36.4896 47.3157 11.3566 0.0634493 -0.997407 0.0339667
-35.8486 47.3926 12.6867 0.0533817 -0.998259 0.0250797
-35.2174 47.4672 14.2848 0.0622148 -0.997819 0.0220645
-34.9023 47.5067 15.1832 0.0513621 -0.998476 0.0158579
-34.3795 47.5517 16.3699 0.0330936 -0.999172 0.0236595
-33.8312 47.5943 17.4124 0.0327541 -0.999191 0.023354
-33.0194 47.6469 18.851 0.024407 -0.99939 0.0234081
-32.3431 47.6921 20.0752 0.0146249 -0.999686 0.0203476
-31.7586 47.7252 21.0763 0.0206328 -0.999529 0.0226988
-31.1181 47.7562 21.9102 0.0144964 -0.999685 0.0204896
-30.4121 47.7817 22.6894 0.0119656 -0.999665 0.0226648
-29.6449 47.81 23.6231 0.0189091 -0.999705 0.015232
-28.8854 47.8319 24.6091 0.00603255 -0.99986 0.0129593
-28.2261 47.8536 25.463 0.00552567 -0.999711 0.0234054
-27.6153 47.8776 26.2415 0.0167249 -0.999701 0.0165502
-26.9313 47.8989 27.0046 0.00760628 -0.999685 0.0239343
-26.2429 47.9115 27.6793 -0.000462811 -0.999951 0.00987639
-25.1377 47.9247 28.5948 0.0024797 -0.999849 0.0171943
-24.4176 47.9334 29.1721 -0.0031175 -0.999927 0.0116591
-23.5974 47.9445 29.8446 0.00168361 -0.999451 0.032581
-22.8312 47.9672 30.4583 -0.00364275 -0.999887 0.0146097
-21.8051 47.9706 31.1499 -0.00835847 -0.999873 0.0135376
-20.7838 47.984 31.8481 0.00359127 -0.999639 0.0254716
-19.9188 48.0039 32.4572 0.00592124 -0.999733 0.0222015
-19.111 48.0225 32.9922 0.00705467 -0.999669 0.0247358
-17.9622 48.0488 33.6528 0.000299895 -0.999618 0.0261218
-16.9091 48.0555 34.2331 -0.000732383 -0.999739 0.0226081
-15.6785 48.0634 34.7351 -0.00934241 -0.999565 0.0278521
-14.4222 48.0753 35.2052 0.00393142 -0.999568 0.0291415
-13.4241 48.0822 35.6065 -0.0111519 -0.999626 0.0233706
-12.5801 48.0876 35.9889 0.00171988 -0.999753 0.0221483
-11.6276 48.0978 36.3947 0.00115989 -0.999714 0.0238411
-10.2697 48.1134 36.8912 0.00428939 -0.999708 0.0236952
-8.9173 48.1116 37.2853 -0.00961741 -0.999548 0.0284778
-7.63025 48.1057 37.5293 -0.00909699 -0.999583 0.027363
-6.61986 48.1077 37.6607 -0.000932472 -0.999509 0.0313117
-5.49502 48.1049 37.7461 -0.0108044 -0.999407 0.0318848
-4.42577 48.1007 37.8815 -0.00491313 -0.999664 0.0253376
-3.15962 48.1065 38.078 -0.00535785 -0.999364 0.0342597
-2.18986 48.0993 38.2004 0.00195686 -0.999727 0.0225278
-1.09327 48.109 38.2583 0.00607001 -0.999668 0.0249836
0.0826324 48.1091 38.2784 -0.0016506 -0.999765 0.0216002
1.3455 48.1033 38.3208 -0.00919113 -0.999727 0.0214863
2.52419 48.0966 38.3226 -0.00124783 -0.999428 0.0326512
3.90226 48.095 38.2132 -5.27693e-05 -0.999697 0.0246204
5.26263 48.1038 37.9696 0.0218483 -0.999076 0.0370061
6.46757 48.1103 37.7786 -0.0014387 -0.999408 0.0343655
7.60987 48.1111 37.6847 0.0129721 -0.999304 0.0349791
8.65636 48.1214 37.5822 0.0128281 -0.999231 0.0370227
9.57795 48.1178 37.4314 0.00162597 -0.999392 0.0339134
10.8201 48.1155 37.145 0.00575432 -0.99975 0.0216091
11.8863 48.1152 36.819 0.00685654 -0.999749 0.0213506
12.9472 48.1213 36.4753 0.0248861 -0.999108 0.0341148
14.0013 48.1196 36.0879 0.000433948 -0.999329 0.0363699
15.1818 48.1122 35.5544 0.0131729 -0.999457 0.0302126
16.3242 48.1071 35.0882 0.00799135 -0.999237 0.0382345
17.6895 48.108 34.583 0.0218901 -0.999127 0.0355904
18.6574 48.1123 34.1717 0.0147427 -0.999155 0.038317
19.4867 48.1084 33.7871 0.0110695 -0.999096 0.040929
20.6681 48.0885 33.0799 0.00731288 -0.999333 0.0351494
21.4776 48.0832 32.6208 0.01958 -0.998804 0.0448041
22.2579 48.0739 32.094 0.0150012 -0.999164 0.0368945
23.0765 48.0677 31.4709 0.012322 -0.999483 0.0296078
24.2165 48.0484 30.6564 0.00164967 -0.999479 0.0322408
25.1204 48.0336 29.9372 0.00698943 -0.999701 0.0234147
26.2523 48.0143 29.0358 0.0043886 -0.999279 0.0377153
27.2171 47.9931 28.2706 0.00956958 -0.999468 0.0308696
28.3 47.9783 27.3011 0.0101931 -0.999604 0.0262252
29.1777 47.9509 26.3558 0.00134794 -0.999333 0.0364847
29.8653 47.9419 25.5927 0.0124539 -0.999655 0.0225375
30.8337 47.9187 24.5028 0.0036766 -0.999612 0.0275589
31.4509 47.9001 23.6767 -0.000556017 -0.999811 0.0160788
32.006 47.8823 22.8489 0.00384255 -0.999705 0.0239738
32.6119 47.8611 21.9717 0.00077852 -0.999582 0.0289006
33.2172 47.8395 21.1128 -0.0122337 -0.999801 0.0146973
33.7584 47.817 20.3595 -0.00815031 -0.999709 0.0226872
34.388 47.7879 19.4756 -0.0205571 -0.999333 0.0300363
34.9118 47.7557 18.7007 -0.0211292 -0.999408 0.0271408
35.3883 47.7239 17.8674 -0.0230197 -0.999599 0.016474
35.7833 47.6988 16.9904 -0.0279612 -0.999409 0.0199856
36.1464 47.6682 16.0213 -0.0281825 -0.999357 0.0221433
36.6405 47.6278 14.7348 -0.0303613 -0.999359 0.0188669
37.2633 47.5762 13.3283 -0.0309097 -0.999165 0.0267033
37.634 47.5422 12.5019 -0.0333423 -0.999209 0.02057
38.0091 47.516 11.6811 -0.0389952 -0.999089 0.0173203
38.4149 47.4844 10.5873 -0.0408709 -0.999146 0.00594223
38.6181 47.4705 9.51939 -0.0408517 -0.999098 0.0104187
38.8896 47.436 8.022 -0.0350425 -0.999266 0.0138606
39.0792 47.421 7.08719 -0.0479307 -0.998843 0.00380443
39.2181 47.4102 6.12772 -0.0465728 -0.998898 0.00551637
39.3272 47.4009 5.16468 -0.0452208 -0.998972 0.00275786
39.3733 47.3992 3.80117 -0.0421071 -0.99908 0.00498994
39.4993 47.3823 2.78704 -0.0443709 -0.998962 0.00993721
39.6443 47.3746 1.79928 -0.0391194 -0.999226 -0.00415817
39.8339 47.3667 0.492953 -0.0354319 -0.999362 0.00361993
39.8433 47.366 -0.475411 -0.034169 -0.999412 -0.00270783
39.7401 47.3736 -1.42628 -0.0474795 -0.998847 -0.00705215
39.6469 47.3862 -2.37892 -0.0395633 -0.999164 -0.0102879
39.5073 47.3979 -3.30674 -0.0394931 -0.999215 -0.00304367
39.3015 47.417 -4.84272 -0.0365685 -0.999246 -0.0130402
39.231 47.4302 -5.78883 -0.0362548 -0.999299 -0.00937821
39.0432 47.4548 -7.1136 -0.0399503 -0.999062 -0.0166828
38.8117 47.4854 -8.39127 -0.0263595 -0.999472 -0.0190064
38.524 47.5173 -9.68078 -0.0262428 -0.99948 -0.0187311
38.2202 47.5432 -10.8449 -0.0274638 -0.999538 -0.0128467
37.9499 47.5636 -11.714 -0.0282474 -0.999415 -0.019277
37.4709 47.6025 -12.9878 -0.0291461 -0.999375 -0.0199948
36.9253 47.6389 -14.4179 -0.0282538 -0.99953 -0.0117028
36.3683 47.6651 -15.6057 -0.025996 -0.999625 -0.00863163
35.8588 47.6892 -16.6948 -0.02912 -0.99954 -0.00807093
35.4455 47.7074 -17.8211 -0.0207917 -0.999668 -0.0117416
34.9438 47.7207 -18.8847 -0.0147593 -0.999883 -0.00401528
34.4873 47.7336 -19.6944 -0.017573 -0.999799 -0.00945688
33.9821 47.7492 -20.4865 -0.0163106 -0.999865 0.00189327
33.2333 47.7608 -21.5101 -0.0189107 -0.99982 -0.000651286
32.5046 47.7707 -22.4095 -0.0122163 -0.999908 0.00592524
31.9127 47.7753 -23.1548 -0.0168778 -0.999829 0.00743618
31.1177 47.7794 -24.2248 -0.016089 -0.999838 0.00803044
30.3964 47.7764 -25.15 -0.00919886 -0.999911 0.00783794
29.7953 47.7804 -25.8723 -0.0183234 -0.999816 0.00561835
28.9985 47.783 -26.9458 -0.013563 -0.999818 0.0133935
28.2339 47.7769 -27.8943 -0.00357891 -0.999889 0.0144499
27.4676 47.7751 -28.6021 -0.0127397 -0.999906 0.00406093
26.6303 47.7818 -29.2675 -0.0118647 -0.999892 0.0086919
25.6142 47.7867 -29.9948 -0.0109744 -0.999893 0.00969616
24.6174 47.7891 -30.7002 -0.0137104 -0.99981 0.0131115
23.7624 47.7957 -31.3527 -0.0181529 -0.999742 0.013671
22.9939 47.7988 -31.9309 -0.0101684 -0.999808 0.0167473
22.0306 47.797 -32.6234 -0.0118337 -0.999858 0.00836413
21.0948 47.8042 -33.2264 -0.0163078 -0.999797 0.01186
20.1343 47.8062 -33.7391 -0.00456614 -0.999866 0.0157254
19.2161 47.8148 -34.1649 -0.0106419 -0.999895 -0.00974333
18.0575 47.8332 -34.6229 -0.0165479 -0.999828 -0.0033882
17.01 47.8379 -35.0746 -0.00613629 -0.999918 -0.00977622
16.0904 47.8529 -35.4622 -0.0154425 -0.999825 -0.00915626
15.176 47.8629 -35.847 -0.00423346 -0.999943 -0.00982467
13.86 47.8755 -36.3676 -0.00641362 -0.99992 -0.0109389
13.0053 47.8859 -36.6844 -0.0106081 -0.999911 -0.00119584
12.0623 47.9019 -37.0697 -0.0133453 -0.999873 -0.00871984
11.2007 47.9111 -37.3785 -0.00571081 -0.999875 -0.0133879
10.1595 47.9233 -37.6236 -0.00300125 -0.999802 -0.0196874
9.10109 47.9308 -37.755 -0.0035534 -0.999745 -0.0222156
7.91447 47.935 -37.8466 -0.00587473 -0.999602 -0.0269262
6.98142 47.9479 -37.9751 -0.0140818 -0.99987 -0.00785597
5.72025 47.9498 -38.1483 0.00297317 -0.999983 -0.00509555
4.50722 47.9648 -38.3273 -0.00460161 -0.999656 -0.025111
3.40142 47.969 -38.4589 -0.00521473 -0.999926 -0.0109791
2.19063 47.9867 -38.6571 -0.0125729 -0.999486 -0.029505
1.07092 47.983 -38.7314 0.00119712 -0.999712 -0.0209754
-0.262298 48.0025 -38.6633 -0.0141618 -0.99924 -0.0361048
-1.24471 48.0074 -38.5179 -0.0100519 -0.999342 -0.034863
-2.67825 48.009 -38.2519 -0.00637698 -0.999561 -0.026653
-3.59226 48.0165 -38.1438 -0.0164634 -0.999824 -0.00819899
-4.838 48.0322 -38.0352 -0.00569384 -0.999888 -0.0107682
-5.75677 48.0368 -37.906 -0.0128855 -0.99962 -0.024355
-6.69809 48.0401 -37.7112 -0.00630462 -0.99962 -0.0268471
-7.60647 48.0406 -37.5438 -0.00367392 -0.9996 -0.0279923
-8.85603 48.0431 -37.3265 -0.0166436 -0.999271 -0.034353
-10.1635 48.0555 -37.0445 -0.0131077 -0.999336 -0.03391
-11.0412 48.0564 -36.7875 -0.015598 -0.99922 -0.0360369
-11.9003 48.0623 -36.4484 -0.021308 -0.99925 -0.0323337
-12.9256 48.0622 -35.9691 -0.0136789 -0.99932 -0.0342511
-13.8049 48.0607 -35.5528 -0.00867556 -0.999557 -0.0269594
-14.661 48.065 -35.2329 -0.016777 -0.999369 -0.0313104
-15.6665 48.0688 -34.8798 -0.0028626 -0.999699 -0.0243777
-16.672 48.0612 -34.4388 -0.00328211 -0.999705 -0.0240495
-17.4841 48.0625 -34.0312 -0.0186864 -0.999319 -0.0309265
-18.3831 48.0645 -33.5576 -0.00608366 -0.999489 -0.0313684
-19.1993 48.055 -33.0707 -0.0109676 -0.999261 -0.0367518
-19.9756 48.0453 -32.5681 -0.00811583 -0.99951 -0.0302401
-20.7067 48.029 -32.0191 -0.000545323 -0.999371 -0.0354573
-21.6468 48.01 -31.2532 -0.0121542 -0.999137 -0.0397274
-22.6639 47.9926 -30.4627 -0.000811647 -0.999493 -0.0310064
-23.7989 47.9676 -29.6541 0.0011559 -0.999447 -0.0328216
-24.5545 47.9536 -29.136 -0.000672719 -0.999608 -0.0279746
-25.84 47.915 -28.1147 0.00716172 -0.999411 -0.0335643
-26.6834 47.8863 -27.3039 0.000515749 -0.99947 -0.0324332
-27.3627 47.8639 -26.6513 0.0157937 -0.99921 -0.0364617
-28.1406 47.8241 -25.8067 0.00940729 -0.999632 -0.0249646
-28.6966 47.8036 -25.0428 0.00384576 -0.999763 -0.0213259
-29.4386 47.778 -24.0437 0.0155096 -0.999548 -0.0251804
-30.1896 47.739 -23.1979 0.0204897 -0.99946 -0.0251156
-30.9977 47.7109 -22.3198 0.00896626 -0.9997 -0.0228084
-31.9096 47.6637 -21.0683 0.0180637 -0.999443 -0.0280598
-32.7552 47.6142 -19.7349 0.0229505 -0.999464 -0.0232462
-33.4512 47.5649 -18.4414 0.0273323 -0.999443 -0.0174569
-34.0677 47.5106 -17.1547 0.0349506 -0.999015 -0.027346
-34.5718 47.4692 -16.0333 0.0338053 -0.999206 -0.0210297
-35.023 47.4303 -14.8907 0.0520265 -0.998567 -0.0125117
-35.4295 47.3873 -14.0528 0.0558518 -0.998051 -0.0278475
-35.9954 47.3288 -12.8963 0.0629382 -0.997777 -0.0209073
-36.3904 47.276 -11.8771 0.068803 -0.99738 -0.0220652
-36.7813 47.2211 -10.8022 0.0775391 -0.99664 -0.0263832
-37.0878 47.1724 -9.75792 0.0904846 -0.99557 -0.0255364
-37.353 47.1151 -8.60894 0.0902539 -0.995394 -0.032328
-37.5345 47.0707 -7.53701 0.104459 -0.994225 -0.0245918
-37.6993 47.0217 -6.45576 0.114775 -0.992921 -0.0303739
-37.8803 46.9677 -5.30301 0.138618 -0.989891 -0.0300218
-38.1263 46.906 -4.15958 0.145184 -0.989184 -0.019965
-38.3392 46.8538 -3.28266 0.154349 -0.987952 -0.0113284
-38.5667 46.8022 -1.91473 0.154774 -0.987878 -0.0119412
-38.6353 46.7864 -0.718443 0.162853 -0.986637 -0.00516251
-39.5398 46.6384 -0.86064 0.161994 -0.98678 -0.00489927
-39.4628 46.6577 -2.01383 0.171704 -0.985069 -0.0125388
-39.326 46.6936 -2.95993 0.167585 -0.985686 -0.0172893
-39.0597 46.7665 -4.15849 0.144266 -0.989185 -0.0264682
-38.8211 46.8373 -5.14524 0.127275 -0.99124 -0.0352829
-38.6179 46.9138 -6.38056 0.125371 -0.991068 -0.0454474
-38.4724 46.9623 -7.39212 0.105471 -0.993834 -0.0329785
-38.3437 47.0117 -8.31388 0.0974938 -0.994655 -0.0340189
-38.1524 47.066 -9.29115 0.0869454 -0.995497 -0.036897
-37.9113 47.1157 -10.2537 0.0811596 -0.996139 -0.0333952
-37.5153 47.1853 -11.4801 0.0704121 -0.996939 -0.0335024
-37.0011 47.2649 -12.8834 0.0591656 -0.99786 -0.0278473
-36.5306 47.3243 -13.9225 0.050496 -0.998297 -0.0292022
-36.0114 47.3776 -14.8489 0.0489493 -0.99824 -0.0332157
-35.5332 47.4313 -15.9906 0.0389576 -0.99881 -0.0293253
-35.1718 47.4662 -16.8857 0.032244 -0.999101 -0.0267883
-34.8126 47.504 -17.7272 0.0289946 -0.999065 -0.0320579
-34.1746 47.5639 -19.0704 0.0260141 -0.999275 -0.0275414
-33.6443 47.6003 -20.0232 0.022025 -0.999297 -0.0299668
-33.1528 47.6354 -20.8537 0.0147152 -0.999471 -0.0290177
-32.4176 47.6792 -21.9521 0.0138644 -0.999297 -0.0340185
-31.8522 47.7147 -22.6952 0.00787478 -0.999283 -0.0368173
-31.0241 47.7503 -23.6458 0.00252226 -0.999487 -0.0318779
-30.287 47.7758 -24.4523 -0.000766034 -0.999365 -0.0352011
-29.5499 47.8118 -25.3927 0.000143979 -0.999323 -0.0367641
-28.8727 47.8426 -26.3598 -0.00643137 -0.999398 -0.0340908
-28.0671 47.8837 -27.2359 -0.00201924 -0.998819 -0.0485392
-27.4088 47.9073 -27.8597 -0.0072205 -0.999195 -0.0394721
-26.5213 47.9375 -28.7401 -0.00750409 -0.998992 -0.0442578
-25.481 47.9689 -29.6129 -0.00992406 -0.99885 -0.0469012
-24.6298 47.9879 -30.1985 -0.00752596 -0.998872 -0.0468178
-23.7136 48.0132 -30.8347 -0.00712618 -0.999027 -0.0433188
-22.9381 48.0297 -31.4135 -0.00807786 -0.999185 -0.0395425
-21.9791 48.0505 -32.1713 -0.0106453 -0.999174 -0.0391964
-21.1367 48.0669 -32.8428 -0.0139194 -0.998991 -0.0426945
-20.3385 48.0802 -33.4657 -0.0127862 -0.999149 -0.039015
-19.3841 48.0938 -34.0918 -0.0130105 -0.999284 -0.0355377
-18.5121 48.1005 -34.5441 -0.0152362 -0.999055 -0.0405616
-17.4427 48.1016 -35.0717 -0.0205305 -0.9991 -0.0369463
-16.4631 48.0976 -35.5322 -0.0224518 -0.998924 -0.0405763
-15.597 48.1019 -35.8526 -0.011355 -0.99924 -0.0372836
-14.7448 48.1003 -36.1584 -0.018555 -0.999099 -0.0381702
-13.7186 48.0977 -36.5826 -0.0183403 -0.999092 -0.0384585
-12.7506 48.0995 -37.0613 -0.0157367 -0.998981 -0.0421121
-11.8282 48.0987 -37.4595 -0.0257416 -0.99865 -0.0451267
-10.9024 48.0898 -37.773 -0.0155987 -0.99922 -0.0360313
-10.0219 48.0861 -38.0142 -0.0158409 -0.998757 -0.0472626
-9.10833 48.0811 -38.2019 -0.0145802 -0.998693 -0.0489731
-8.2263 48.0764 -38.3836 -0.0173696 -0.998619 -0.0495585
-7.30095 48.0653 -38.5177 -0.0118531 -0.999117 -0.0380245
-6.24941 48.0695 -38.7382 -0.00234794 -0.999413 -0.0341906
-4.8317 48.0645 -38.9524 -0.00777679 -0.999012 -0.0437652
-3.89821 48.054 -39.0121 -0.0164659 -0.998841 -0.045225
-2.97839 48.0426 -39.0955 -0.0108861 -0.999055 -0.0415412
-2.08713 48.0427 -39.2867 -0.0100377 -0.999342 -0.0348565
-1.15869 48.04 -39.4767 -0.010463 -0.99935 -0.0345031
-0.262185 48.0341 -39.5887 -0.0108726 -0.999358 -0.0341369
1.17849 48.0236 -39.6308 -0.00195725 -0.999012 -0.044354
2.49554 48.0138 -39.5406 -0.00750234 -0.999125 -0.0411248
3.54016 47.9997 -39.3701 -0.00578416 -0.999168 -0.0403816
4.50358 47.9884 -39.23 -0.00447591 -0.999086 -0.042442
5.69058 47.9796 -39.0869 -0.00281683 -0.999407 -0.0343054
7.11572 47.9686 -38.8875 -0.000342175 -0.999417 -0.0340753
8.38014 47.9584 -38.7342 -0.00987137 -0.999456 -0.0314669
9.28518 47.95 -38.6706 -0.00323673 -0.999626 -0.0266772
10.3476 47.9445 -38.5372 -0.00532266 -0.999487 -0.0313221
11.4948 47.9287 -38.2542 -0.00586661 -0.999645 -0.0259704
12.3844 47.9149 -37.9389 -0.00504337 -0.99973 -0.0226629
13.465 47.9008 -37.5079 -0.00170288 -0.999736 -0.0229109
14.3959 47.8861 -37.1449 -0.00737975 -0.999577 -0.02812
15.5502 47.8706 -36.6727 -0.00155157 -0.999926 -0.0120497
16.7812 47.8545 -36.163 -0.0119218 -0.999802 -0.0159559
17.6638 47.8422 -35.7708 -0.00428581 -0.999966 -0.0062115
18.717 47.8322 -35.3544 -0.00976593 -0.99992 -0.00735187
19.7261 47.8181 -34.9641 -0.00918799 -0.999908 -0.00994428
20.5609 47.8079 -34.5785 -0.00743674 -0.999934 -0.00876568
21.5071 47.7982 -34.043 -0.00462074 -0.999938 -0.0101602
22.5187 47.7904 -33.369 -0.0135039 -0.999909 -1.48173e-05
23.8681 47.7793 -32.4244 -0.000858981 -0.999998 -0.00199062
24.6581 47.7764 -31.7928 -0.00559072 -0.999977 0.00109185
25.8621 47.7754 -30.8979 -0.00361223 -0.999983 0.0045076
26.9498 47.7713 -30.1604 -0.0108041 -0.999904 0.00855054
27.6688 47.7715 -29.6119 -0.00200557 -0.999989 0.00434222
28.5008 47.765 -28.9185 -0.00633437 -0.999976 -0.00239279
29.173 47.7677 -28.2157 -0.00551299 -0.999879 0.0145187
29.7958 47.7685 -27.4596 -0.0110402 -0.999919 0.00627864
30.632 47.769 -26.3193 -0.005327 -0.999968 0.00597254
31.361 47.7689 -25.418 -0.00695769 -0.999972 0.0025869
32.0185 47.7666 -24.5701 -0.00685324 -0.999973 0.00265668
32.7413 47.7664 -23.5888 -0.00373885 -0.999983 4.84605e-05
33.527 47.7584 -22.6111 -0.00430791 -0.999983 -0.00387635
34.1437 47.7528 -21.8393 -0.0033702 -0.999984 -0.00461863
34.7834 47.7411 -20.9456 -0.00559656 -0.99994 -0.00943393
35.2874 47.727 -20.1502 -0.00733659 -0.999821 -0.0174267
35.7666 47.7104 -19.3447 -0.0116467 -0.999922 -0.00307262
36.2179 47.7045 -18.3813 -0.00853436 -0.999961 -0.00214046
36.544 47.687 -17.4805 -0.0113184 -0.999791 -0.0168949
37.0272 47.6615 -16.2819 -0.00977436 -0.999777 -0.018744
37.4561 47.6409 -15.4268 -0.0107209 -0.999779 -0.0180737
37.8981 47.6179 -14.4593 -0.01305 -0.999681 -0.0215123
38.3688 47.58 -13.1204 -0.0133563 -0.99963 -0.023709
38.8519 47.5482 -11.9323 -0.015138 -0.99968 -0.0202785
39.1809 47.5192 -10.8982 -0.0211685 -0.999593 -0.0177383
39.414 47.4988 -9.98559 -0.0212516 -0.999634 -0.016731
39.649 47.4716 -8.90117 -0.0268896 -0.999376 -0.02258
39.8817 47.4395 -7.7108 -0.0309249 -0.999227 -0.0242822
40.0676 47.4083 -6.55915 -0.0279717 -0.999463 -0.0154315
40.1754 47.3925 -5.26149 -0.0315972 -0.999428 -0.0118061
40.2617 47.376 -4.26706 -0.030629 -0.999438 -0.0136499
40.4121 47.363 -3.37132 -0.0314102 -0.999481 -0.00719657
40.6085 47.3485 -2.15447 -0.0323756 -0.999455 -0.00648844
40.7378 47.3376 -0.935831 -0.0321079 -0.999474 -0.0044565
40.7777 47.3349 0.291829 -0.0328644 -0.999458 0.00203915
40.6387 47.3423 1.39597 -0.0307491 -0.999523 0.00164132
40.4816 47.3468 2.36563 -0.0288085 -0.999582 0.0017428
40.3332 47.3549 3.46107 -0.0353281 -0.999317 0.00752157
40.2831 47.361 4.44649 -0.0311629 -0.999505 0.0042974
40.2291 47.3687 5.54301 -0.0321464 -0.999448 0.00825573
40.072 47.3852 6.8227 -0.0332919 -0.999412 0.00823394
39.892 47.4016 7.7697 -0.0307467 -0.999386 0.0167967
39.6553 47.4269 9.05122 -0.0283681 -0.999522 0.0122519
39.4467 47.4466 10.1425 -0.0273278 -0.999544 0.012842
39.2441 47.4653 11.0252 -0.0277291 -0.999312 0.0246459
38.8546 47.4986 12.0411 -0.0219416 -0.999492 0.0230366
38.4535 47.5307 12.9262 -0.0253673 -0.999249 0.0292953
37.8988 47.5793 14.1474 -0.0247074 -0.999382 0.0249335
37.4192 47.6154 15.1977 -0.022488 -0.999355 0.0277138
37.0317 47.6515 16.2078 -0.0162309 -0.999505 0.0269388
36.6863 47.6828 17.1881 -0.0115731 -0.999625 0.0248197
36.2803 47.714 18.1353 -0.00741362 -0.999314 0.0361754
35.6681 47.7551 19.2274 -0.00502858 -0.999338 0.0360208
35.1086 47.7933 20.0781 -0.0199851 -0.999258 0.0329318
34.4767 47.8244 20.9441 -0.00723109 -0.999586 0.0274417
33.9291 47.8516 21.6796 -0.00456039 -0.999525 0.0303834
33.249 47.8809 22.6375 -0.0010138 -0.999585 0.0287357
32.4447 47.9111 23.8467 0.00609869 -0.999562 0.0289623
31.7412 47.9314 24.8414 0.00626445 -0.999644 0.0258818
30.8394 47.9615 25.8812 0.0110734 -0.999229 0.0376466
30.1583 47.9737 26.6208 0.0267382 -0.998968 0.0367187
29.5193 47.9952 27.3428 0.0154759 -0.998979 0.0420587
28.6313 48.012 28.2493 0.0188626 -0.9992 0.0352625
27.8931 48.0269 28.896 0.0222907 -0.998718 0.0454409
27.1308 48.0384 29.5069 0.0227103 -0.998342 0.0528758
26.3349 48.0594 30.1299 0.00424426 -0.999092 0.0423987
25.6161 48.068 30.7017 0.0228471 -0.999127 0.0349771
24.3917 48.0896 31.6698 0.0167856 -0.99877 0.0466453
23.0717 48.1109 32.6029 0.0220593 -0.998471 0.050691
22.1481 48.126 33.2826 0.0189986 -0.998627 0.0486645
21.1329 48.1399 33.9032 0.0184252 -0.998449 0.052528
19.7703 48.1461 34.6324 0.0155605 -0.998769 0.0462905
18.4587 48.149 35.2603 0.0187151 -0.999169 0.0360722
17.6111 48.1536 35.5989 0.0144812 -0.998476 0.0532496
16.6136 48.1554 35.9417 0.017072 -0.998391 0.0540757
15.3625 48.1551 36.4735 0.0284632 -0.998251 0.0518122
14.4368 48.1578 36.9116 0.0174712 -0.998116 0.0588145
13.5678 48.1633 37.252 0.0213399 -0.998863 0.0417823
12.6449 48.1619 37.5549 0.0177941 -0.998618 0.0494495
11.4015 48.1535 37.9424 0.00990199 -0.998064 0.0609951
10.4994 48.1621 38.2009 0.0196961 -0.998541 0.0502834
9.26102 48.1598 38.4468 0.00658374 -0.999195 0.0392004
8.34845 48.1528 38.5368 0.0128299 -0.99923 0.0370279
7.20874 48.1449 38.6196 0.0044834 -0.998393 0.0560014
5.84819 48.1464 38.7737 0.00995351 -0.99923 0.0360242
4.88645 48.1434 38.9909 0.00742041 -0.99873 0.049837
3.93032 48.1413 39.1461 0.0116048 -0.998453 0.0543785
2.79916 48.1348 39.2168 0.00721862 -0.998458 0.0550456
1.72423 48.1368 39.244 -0.00529459 -0.998913 0.0459544
0.812829 48.143 39.2215 -0.00391046 -0.998718 0.0502949
-0.642186 48.1464 39.1984 -0.00492971 -0.998963 0.0452525
-1.90469 48.1401 39.1565 0.000937919 -0.998984 0.044846
-2.99751 48.1374 39.0233 -0.00838786 -0.999106 0.0407036
-3.91371 48.1367 38.8771 -0.00928568 -0.998381 0.056115
-4.89466 48.1338 38.7268 -0.00307411 -0.998477 0.0550871
-5.91798 48.1393 38.6335 0.00140085 -0.999459 0.0328513
-6.94872 48.1432 38.5629 -0.01411 -0.998514 0.0523986
-8.30885 48.1476 38.3492 -0.005691 -0.998774 0.0491768
-9.41 48.1469 38.1062 -0.0178432 -0.998685 0.0476669
-10.437 48.152 37.8173 -0.000345091 -0.999133 0.0416262
-11.491 48.1369 37.4422 -0.0032131 -0.999106 0.0420678
-12.3229 48.1259 37.077 -0.00449876 -0.999012 0.0442107
-13.3017 48.1153 36.6662 -0.0139819 -0.998876 0.04528
-14.5752 48.1063 36.1418 -0.000264737 -0.99914 0.0405072
-15.5392 48.0981 35.7759 -0.0125878 -0.999022 0.0423925
-16.5706 48.0927 35.3666 -0.0100218 -0.999049 0.0424347
-17.6235 48.0817 34.9162 -0.00335512 -0.999 0.0445731
-18.9116 48.0574 34.2069 0.00845631 -0.999514 0.0300037
-19.6814 48.0407 33.7352 -0.00356113 -0.999078 0.0420478
-20.5592 48.0245 33.1314 -0.00357526 -0.999379 0.0349997
-21.5751 48.0029 32.4082 -0.00385843 -0.999562 0.0293409
-22.5867 47.9906 31.7293 -0.0146455 -0.999168 0.0379503
-23.3628 47.9864 31.2332 -0.0152079 -0.999493 0.0279856
-24.1455 47.9734 30.6378 -0.00402115 -0.999428 0.0335839
-24.8354 47.9575 30.0266 -0.00698352 -0.999527 0.0299399
-25.7555 47.9398 29.2472 -0.00602588 -0.999372 0.0349323
-26.5117 47.924 28.6518 -0.0108199 -0.999403 0.0327578
-27.4608 47.9135 27.7818 0.00341469 -0.999818 0.0168805
-28.2623 47.8926 26.9214 -0.00341874 -0.999696 0.0244168
-29.0314 47.8592 25.8949 0.0038831 -0.999591 0.0279064
-29.7041 47.8381 25.018 0.00206929 -0.999763 0.0216725
-30.5963 47.8066 23.8946 0.0080309 -0.999766 0.0200608
-31.5801 47.7718 22.7468 0.00985345 -0.999623 0.0256193
-32.5043 47.73 21.6418 0.0116861 -0.999411 0.0322744
-33.0297 47.698 20.7449 0.00635918 -0.999437 0.0329523
-33.7774 47.6479 19.3816 0.0157037 -0.999352 0.0320132
-34.3184 47.6079 18.4206 0.0176117 -0.999157 0.0370623
-35.0558 47.5454 17.051 0.0252853 -0.999187 0.0297663
-35.4798 47.5068 16.1675 0.0410592 -0.998856 0.0245094
-35.9036 47.4599 15.1147 0.0443929 -0.998615 0.0282424
-36.2018 47.4212 14.2297 0.0478541 -0.998339 0.0317531
-36.5869 47.3673 13.251 0.052406 -0.998167 0.0298711
-37.1095 47.3028 12.1271 0.0633165 -0.997391 0.0346839
-37.5206 47.246 11.2591 0.0673344 -0.997089 0.0356985
-37.9147 47.1788 10.2325 0.0774919 -0.996219 0.0389799
-38.1728 47.1259 9.28825 0.0859549 -0.995308 0.0429756
-38.4003 47.0483 8.04202 0.0947833 -0.994721 0.0393223
-38.6091 46.9695 6.84115 0.114543 -0.992177 0.0489769
-38.7869 46.9054 5.82719 0.128204 -0.991085 0.035748
-39.0594 46.8079 4.52491 0.147529 -0.9883 0.0376059
-39.244 46.7381 3.1768 0.15476 -0.987518 0.0289418
-39.3949 46.6903 2.21895 0.156091 -0.987455 0.0238336
-39.5167 46.6475 1.24392 0.159579 -0.986855 0.0252372
-39.5737 46.6298 -0.205974 0.161547 -0.986854 0.0045884
-39.5716 46.6302 -0.271322 0.161994 -0.98678 -0.00489976
-40.4736 46.4811 -0.349466 0.168377 -0.985713 0.00283062
-40.4059 46.4928 -1.44955 0.168534 -0.985694 5.24556e-05
-40.3034 46.5227 -2.56168 0.163469 -0.986302 -0.0220377
-40.1346 46.5809 -3.57532 0.16474 -0.985558 -0.0391885
-39.7963 46.6896 -4.88757 0.13511 -0.989506 -0.0509107
-39.5603 46.7873 -6.19137 0.120262 -0.991603 -0.0475499
-39.4103 46.8562 -7.18713 0.113673 -0.992309 -0.0481598
-39.239 46.9257 -8.434 0.105187 -0.993219 -0.0486592
-39.0981 46.9798 -9.33368 0.0941881 -0.994641 -0.0426256
-38.8204 47.0454 -10.351 0.074463 -0.996354 -0.0408208
-38.5063 47.1168 -11.4351 0.0667454 -0.996859 -0.0424645
-37.9942 47.2027 -12.7716 0.0669507 -0.996997 -0.038898
-37.5838 47.268 -13.933 0.0550006 -0.997812 -0.0366522
-37.0621 47.3287 -14.8754 0.0473931 -0.998182 -0.0372293
-36.52 47.3895 -15.9385 0.0418136 -0.998696 -0.0293072
-35.9877 47.4537 -17.269 0.0330348 -0.998945 -0.0319066
-35.6007 47.4956 -18.1812 0.0312742 -0.998991 -0.0321977
-35.2179 47.534 -19.0566 0.0186758 -0.999186 -0.0357597
-34.7583 47.5733 -19.908 0.017279 -0.999146 -0.0374954
-34.0316 47.6311 -21.1523 0.017907 -0.999325 -0.0317886
-33.4778 47.6708 -22.0124 0.0111685 -0.999074 -0.0415533
-32.6823 47.7218 -23.0738 0.00992355 -0.999139 -0.0402948
-32.0528 47.7546 -23.8457 0.000508025 -0.999113 -0.042098
-31.0851 47.7971 -24.9214 -0.00386272 -0.999248 -0.0385428
-30.4444 47.8226 -25.6908 -0.00201693 -0.999293 -0.0374506
-29.7536 47.8612 -26.6956 -0.00624355 -0.998828 -0.0478489
-29.023 47.9029 -27.5774 -0.00484479 -0.99869 -0.0509465
-28.3309 47.9267 -28.2217 -0.00731228 -0.99898 -0.0442778
-27.624 47.9527 -28.9123 -0.0062854 -0.998987 -0.0445504
-26.534 47.9944 -29.9851 -0.00632092 -0.998885 -0.0467864
-25.7633 48.0149 -30.5331 -0.00996559 -0.998854 -0.0468179
-24.6663 48.0382 -31.2657 -0.00752499 -0.998872 -0.0468126
-23.4218 48.0638 -32.1764 -0.00864093 -0.999176 -0.0396432
-22.6049 48.0841 -32.8234 -0.00980985 -0.998986 -0.0439419
-21.8929 48.1005 -33.3943 -0.0121381 -0.999037 -0.0421635
-21.1403 48.1143 -33.9822 -0.0191753 -0.998772 -0.0453042
-20.2756 48.129 -34.6442 -0.0205664 -0.998411 -0.0524191
-19.4909 48.1351 -35.0866 -0.0240087 -0.998249 -0.0540551
-18.5366 48.1403 -35.5421 -0.017271 -0.99888 -0.0438114
-17.6737 48.1474 -35.9741 -0.0214268 -0.99865 -0.0469943
-16.5064 48.1419 -36.4885 -0.021766 -0.998374 -0.0525968
-15.3349 48.1412 -36.893 -0.0189084 -0.998434 -0.0526439
-14.3977 48.1383 -37.2542 -0.0249324 -0.998291 -0.0528611
-13.0729 48.1437 -37.9183 -0.0197883 -0.998388 -0.0532054
-12.179 48.1462 -38.3104 -0.0245032 -0.998503 -0.0487574
-11.1255 48.1404 -38.6682 -0.0232584 -0.998356 -0.0523919
-9.9551 48.1305 -38.9744 -0.0190236 -0.998562 -0.0499511
-9.06796 48.126 -39.1465 -0.0131259 -0.9986 -0.0511496
-8.00929 48.1213 -39.344 -0.0176568 -0.998413 -0.053468
-6.67339 48.1132 -39.5825 -0.0127282 -0.998486 -0.0535116
-5.68084 48.1141 -39.7911 -0.0120234 -0.998279 -0.0574045
-4.70298 48.1078 -39.8861 -0.013115 -0.998352 -0.0558268
-3.68312 48.0955 -39.9306 -0.0150433 -0.998303 -0.0562536
-2.60136 48.0882 -40.0946 -0.0158811 -0.998304 -0.0560066
-1.53187 48.0871 -40.3437 -0.0130548 -0.998644 -0.0503887
-0.449546 48.0798 -40.4876 -0.0119859 -0.998476 -0.0537369
0.466313 48.0733 -40.5347 -0.00992827 -0.998336 -0.0568035
1.74016 48.0609 -40.5389 -0.00623208 -0.998712 -0.0497244
2.83362 48.0504 -40.4183 -0.00336054 -0.998624 -0.0523245
3.89057 48.0347 -40.2251 -0.004944 -0.998827 -0.0480065
5.08863 48.022 -40.0635 -0.00663598 -0.998988 -0.0444935
6.18766 48.0101 -39.9561 -0.00547631 -0.998982 -0.0445262
7.58984 47.9975 -39.7135 -0.00406805 -0.999179 -0.0402146
9.00822 47.9819 -39.607 -0.00819607 -0.999381 -0.0342145
10.1302 47.9747 -39.4931 -0.00196683 -0.999469 -0.032506
11.6095 47.9543 -39.1921 -0.00421359 -0.999221 -0.0391987
12.5328 47.9398 -38.8631 -0.00197214 -0.999277 -0.0379761
13.7267 47.9219 -38.3901 0.00122639 -0.999447 -0.033228
14.6218 47.9089 -38.0248 -0.00834453 -0.999494 -0.0305356
15.8563 47.8857 -37.5049 -0.00491588 -0.999673 -0.0251131
16.9812 47.8705 -37.0642 -0.00201802 -0.999654 -0.0262415
18.0365 47.8524 -36.6072 -0.006597 -0.999709 -0.0226352
18.9709 47.8426 -36.2363 -0.00565486 -0.999805 -0.0187465
19.9934 47.8282 -35.8595 -0.00691406 -0.999825 -0.0174013
20.9842 47.8149 -35.3817 -0.00374669 -0.999886 -0.0146227
21.8268 47.8056 -34.9177 -0.00663462 -0.999933 -0.00924426
22.5912 47.7951 -34.4013 -0.00460211 -0.999971 -0.00614171
23.4744 47.7869 -33.8065 -0.00327739 -0.999967 -0.00732704
24.4775 47.7802 -33.0976 -0.00132836 -0.999986 -0.00447184
25.6036 47.7707 -32.1674 -0.00559073 -0.999977 0.00109185
26.5555 47.7706 -31.499 -0.00300877 -0.999985 0.00446678
27.6692 47.7688 -30.7342 -0.0016016 -0.999998 0.000818463
28.456 47.7685 -30.1252 0.000967007 -0.999993 -0.00327437
29.5071 47.7607 -29.1943 -0.003491 -0.999988 0.000470744
30.3937 47.7612 -28.2232 -0.00290595 -0.999986 -0.00451901
31.1141 47.7631 -27.2313 -0.00290154 -0.999973 0.00667906
31.7109 47.7638 -26.4426 -0.00337282 -0.999988 0.00361564
32.3928 47.762 -25.6141 -0.0046062 -0.999989 -0.000477198
33.2449 47.7613 -24.4775 -0.00247638 -0.999988 0.00431437
33.9574 47.7599 -23.4919 -0.00431202 -0.999983 -0.00387335
34.9394 47.7521 -22.2806 -0.000369655 -0.999982 -0.00487829
35.5213 47.7427 -21.519 -0.00508788 -0.999943 -0.00934906
36.0433 47.7305 -20.6673 -0.00424388 -0.999845 -0.0167933
36.5903 47.7145 -19.7155 -0.000491836 -0.999894 -0.0144567
37.112 47.7005 -18.5963 -0.000559511 -0.99989 -0.0145858
37.4354 47.6823 -17.6886 -0.00246894 -0.9998 -0.0198529
37.9891 47.6527 -16.3461 -0.0107898 -0.999754 -0.0193996
38.6115 47.6221 -15.1482 -0.0128486 -0.99973 -0.0193567
39.0654 47.5902 -13.9422 -0.01346 -0.999627 -0.0237495
39.5026 47.5569 -12.7693 -0.0132064 -0.999646 -0.023083
39.9607 47.5235 -11.618 -0.0154419 -0.999614 -0.0230987
40.3099 47.4864 -10.3145 -0.0164064 -0.999551 -0.0250666
40.5561 47.4549 -9.10958 -0.0242454 -0.999385 -0.0253461
40.8002 47.4192 -7.84818 -0.0190923 -0.99949 -0.0256044
40.9827 47.3926 -6.84574 -0.0214642 -0.999555 -0.0205318
41.0637 47.3722 -5.76758 -0.0190793 -0.999731 -0.0132026
41.1327 47.3522 -4.43554 -0.0244455 -0.999603 -0.0140315
41.3312 47.3359 -3.3802 -0.0274785 -0.99961 -0.00502078
41.5298 47.322 -2.30155 -0.0283083 -0.999553 -0.0096144
41.6721 47.312 -1.04899 -0.0247379 -0.999694 -0.000863487
41.727 47.308 0.123405 -0.0250643 -0.999679 -0.00377137
41.5641 47.3126 1.4573 -0.0282847 -0.999594 0.00356203
41.3814 47.3213 2.43326 -0.0293963 -0.999563 0.00307553
41.2641 47.3279 3.6262 -0.0301582 -0.999542 0.00259852
41.1836 47.3356 5.0562 -0.02934 -0.999555 0.00512247
41.0952 47.3466 6.14657 -0.0281598 -0.99954 0.0107935
40.9316 47.3649 7.24882 -0.0252443 -0.999605 0.0123235
40.6623 47.392 8.54697 -0.025852 -0.999543 0.0156825
40.5194 47.4082 9.46232 -0.0263152 -0.999566 0.0131876
40.3369 47.4254 10.3935 -0.023205 -0.999537 0.0184098
40.091 47.4533 11.363 -0.0189651 -0.999533 0.023943
39.6042 47.4965 12.617 -0.0226642 -0.999435 0.024825
38.9515 47.55 14.0875 -0.0218768 -0.999351 0.0281955
38.4918 47.5864 15.0195 -0.0171254 -0.999336 0.0321069
37.9203 47.6412 16.3589 -0.019039 -0.999384 0.0292502
37.4494 47.6877 17.7354 -0.00950456 -0.999329 0.0350963
37.0789 47.7224 18.564 -0.00854599 -0.999239 0.0380484
36.5582 47.7607 19.4933 -0.00484523 -0.999292 0.0373219
36.03 47.7948 20.3465 -0.00245605 -0.999179 0.0402577
35.4032 47.8343 21.2507 0.0037527 -0.999154 0.0407126
34.6609 47.8689 22.2883 0.00779174 -0.999216 0.0388167
33.9512 47.9047 23.2591 0.00227383 -0.999224 0.0393146
33.268 47.9289 24.2675 0.0108965 -0.999295 0.0353676
32.509 47.9614 25.3275 0.0148467 -0.999114 0.0393608
31.848 47.9806 26.0958 0.0130799 -0.999171 0.0384668
31.1833 47.9999 26.8215 0.0114887 -0.999264 0.0366103
30.1772 48.0313 27.9866 0.0251927 -0.998561 0.0473515
29.4986 48.0492 28.7012 0.0235904 -0.998337 0.0525932
28.5827 48.0696 29.5062 0.0207056 -0.998526 0.0500139
27.5973 48.0904 30.2887 0.0227103 -0.998342 0.0528758
26.6142 48.1064 31.0363 0.0244757 -0.998131 0.0559932
25.7828 48.1236 31.7494 0.0298147 -0.997942 0.0567755
24.9761 48.1403 32.3824 0.0213593 -0.997884 0.0612617
24.1562 48.1533 32.9522 0.0237986 -0.998441 0.0504926
23.1977 48.167 33.6311 0.02161 -0.998231 0.0553861
22.4191 48.1812 34.1916 0.0219676 -0.998229 0.0552803
21.6571 48.1914 34.6798 0.0226641 -0.997726 0.0630059
20.3401 48.209 35.3915 0.0225212 -0.997534 0.0664676
19.5313 48.2064 35.8267 0.0300758 -0.997942 0.0564406
18.5513 48.2126 36.2389 0.0210084 -0.997662 0.0650134
17.4876 48.2139 36.612 0.0244839 -0.997511 0.0660545
16.3704 48.2088 37.0045 0.0222636 -0.997945 0.0596005
15.5506 48.2114 37.3983 0.0255908 -0.998038 0.0571364
14.5014 48.215 37.8755 0.0179532 -0.998219 0.0568871
13.428 48.2139 38.2663 0.0238043 -0.998237 0.0543714
12.01 48.2116 38.7089 0.0168823 -0.997918 0.0622486
11.0182 48.213 39.0073 0.0195161 -0.99822 0.0560591
9.72521 48.2062 39.3027 0.0159831 -0.997849 0.0634682
8.65449 48.199 39.4334 0.016014 -0.997629 0.0669323
7.71154 48.1931 39.4984 -0.00296117 -0.9984 0.0564746
6.68652 48.1921 39.5818 0.0119319 -0.998386 0.0555258
5.40921 48.1919 39.8175 0.00867527 -0.998352 0.0567017
4.1468 48.1938 40.0623 0.0116693 -0.998448 0.0544508
2.93791 48.1891 40.1389 0.00434516 -0.998056 0.0621655
1.9863 48.1886 40.1834 0.00169767 -0.99804 0.0625567
0.982068 48.1911 40.1904 -0.00390677 -0.998718 0.0502986
-0.348422 48.1912 40.1519 -0.00478576 -0.997883 0.0648623
-1.30856 48.1919 40.1139 -0.0032075 -0.997813 0.0660211
-2.27949 48.1931 40.0552 -0.00969697 -0.998029 0.0619994
-3.53005 48.1915 39.8748 -0.00540152 -0.998105 0.061292
-4.75432 48.1857 39.662 -0.005785 -0.998217 0.0594087
-5.65307 48.1863 39.5629 -0.0101676 -0.99816 0.0597848
-6.55793 48.1919 39.4995 -0.011989 -0.99829 0.0572179
-7.68234 48.198 39.378 -0.0111745 -0.998419 0.0550932
-8.8202 48.1957 39.1696 -0.00832721 -0.998496 0.0541759
-9.77864 48.1978 38.9478 -0.0160168 -0.998389 0.0544378
-10.7407 48.1939 38.6768 -0.00717759 -0.998535 0.0536194
-11.6007 48.1845 38.3807 -0.00614778 -0.998572 0.0530604
-12.6226 48.1664 37.9209 -0.00861082 -0.998426 0.055313
-13.6065 48.1604 37.5314 -0.0167484 -0.998674 0.048679
-14.5575 48.1551 37.1477 -0.00631644 -0.998687 0.0508424
-15.5198 48.1414 36.7587 -0.0066245 -0.998797 0.0485414
-16.6659 48.1337 36.3203 -0.0102665 -0.999066 0.0419729
-17.5812 48.1272 35.9335 -0.0124457 -0.998679 0.0498195
-18.6481 48.1094 35.4228 -0.00574904 -0.998904 0.0464596
-19.9163 48.0883 34.6804 -0.00593573 -0.998831 0.0477523
-20.9073 48.0576 34.027 -0.00511089 -0.998641 0.0517242
-21.6442 48.0447 33.4973 -0.0144829 -0.998938 0.0437488
-22.4314 48.0325 32.931 -0.0173319 -0.999162 0.0370863
-23.3954 48.0224 32.2996 -0.0119591 -0.999175 0.0388232
-24.5244 48.0058 31.5206 -0.0133492 -0.999088 0.0405557
-25.3308 47.9872 30.787 -0.0144027 -0.999061 0.0408467
-26.127 47.9701 30.1056 -0.011157 -0.999277 0.0357586
-26.9321 47.9569 29.4825 -0.00993428 -0.999355 0.0345202
-27.8222 47.942 28.716 -0.0145901 -0.999402 0.0313398
-28.6951 47.9219 27.8622 -0.00892944 -0.999233 0.038119
-29.5394 47.8898 26.7949 -0.00442565 -0.999454 0.032751
-30.2168 47.8603 25.8503 -0.00278902 -0.999364 0.0355439
-30.7956 47.8371 25.1078 -0.00632043 -0.999382 0.034591
-31.5111 47.8096 24.1821 -0.00503226 -0.999492 0.0314666
-32.1427 47.7884 23.4657 0.000998243 -0.99939 0.0349218
-32.9458 47.7565 22.5771 0.00174517 -0.999374 0.0353227
-33.7039 47.7174 21.4602 0.00395243 -0.999407 0.0341478
-34.2005 47.6837 20.5338 0.00756047 -0.999355 0.0350036
-34.6798 47.6489 19.7093 0.00990059 -0.999338 0.0349389
-35.3227 47.592 18.4686 0.017612 -0.999157 0.0370655
-35.781 47.5482 17.5869 0.0246983 -0.998981 0.0377622
-36.2402 47.5014 16.7019 0.0320758 -0.998622 0.0415306
-36.601 47.4557 15.8409 0.0315879 -0.998835 0.03647
-36.8938 47.4145 14.9896 0.0393939 -0.998393 0.0405171
-37.3076 47.3545 13.8889 0.0443095 -0.998343 0.0367132
-37.7166 47.2963 12.9807 0.0564777 -0.997511 0.0417374
-38.1298 47.2433 12.1723 0.0582526 -0.997667 0.0356105
-38.5816 47.168 11.1497 0.0672228 -0.996889 0.0407466
-38.9541 47.0864 9.93354 0.0776898 -0.995607 0.0513421
-39.2047 46.9942 8.611 0.0939036 -0.994522 0.0454801
-39.4417 46.905 7.32155 0.107615 -0.99286 0.0514232
-39.6316 46.8166 6.2185 0.129952 -0.989311 0.0658037
-39.8732 46.7162 5.07958 0.139156 -0.989001 0.050124
-40.0638 46.6296 3.70952 0.147123 -0.988531 0.0340806
-40.2038 46.5761 2.78412 0.156682 -0.986978 0.036009
-40.3816 46.5169 1.70404 0.163065 -0.986256 0.0266353
-40.4889 46.4846 0.543314 0.159756 -0.98714 0.0056944
-40.4794 46.4809 -0.219334 0.167121 -0.985909 0.00712694
-41.3888 46.3276 -0.156312 0.166548 -0.986017 0.00567969
-41.3094 46.3368 -1.39101 0.161084 -0.986698 -0.0140573
-41.2102 46.3824 -2.45923 0.149837 -0.988397 -0.0245533
-41.0494 46.4478 -3.59662 0.136548 -0.989526 -0.0468275
-40.7492 46.5586 -4.82116 0.138104 -0.988507 -0.0614918
-40.4989 46.6602 -6.0034 0.129091 -0.989905 -0.0585166
-40.3573 46.7353 -7.04665 0.118251 -0.991405 -0.0559665
-40.1925 46.8028 -7.98589 0.105182 -0.993219 -0.0486593
-40.1041 46.8712 -9.02166 0.0977316 -0.993934 -0.0497962
-39.7752 46.9754 -10.4131 0.0831197 -0.994804 -0.0587816
-39.3843 47.0644 -11.6276 0.0726063 -0.995914 -0.0531657
-39.0394 47.1303 -12.582 0.0608975 -0.997155 -0.0444164
-38.7131 47.1976 -13.6607 0.0570506 -0.99754 -0.0404387
-38.3151 47.256 -14.5766 0.051815 -0.99772 -0.0432409
-37.8002 47.3141 -15.4194 0.0442765 -0.99813 -0.0418001
-37.2666 47.3826 -16.5199 0.038108 -0.998503 -0.0392057
-36.8683 47.4333 -17.5426 0.0297474 -0.998831 -0.0375432
-36.4967 47.4793 -18.3786 0.0264615 -0.998717 -0.0431775
-36.0212 47.5335 -19.4637 0.0216053 -0.999082 -0.0368469
-35.4503 47.5837 -20.5188 0.0188667 -0.999081 -0.0384843
-34.938 47.6263 -21.401 0.015035 -0.998921 -0.0439403
-34.2563 47.6817 -22.4771 0.0106859 -0.999071 -0.0417416
-33.4642 47.7355 -23.5229 0.00691674 -0.999049 -0.043039
-32.6817 47.7815 -24.497 0.00395503 -0.99895 -0.045434
-32.0098 47.8147 -25.275 -0.00286248 -0.998994 -0.0447491
-31.2034 47.848 -26.1497 -0.00793559 -0.999014 -0.0436646
-30.5965 47.8843 -27.0662 -0.00623801 -0.998828 -0.0478478
-30.0365 47.9219 -27.8402 -0.0103939 -0.998409 -0.0553784
-29.3568 47.9527 -28.5261 -0.00816181 -0.998765 -0.0488718
-28.6205 47.9785 -29.1864 -0.010486 -0.998558 -0.052642
-27.7374 48.0169 -30.1216 -0.0135564 -0.998261 -0.0573608
-27.0683 48.0418 -30.7279 -0.0133483 -0.998311 -0.0565397
-26.0402 48.0666 -31.4282 -0.0140542 -0.998451 -0.05384
-24.9361 48.0927 -32.2229 -0.0152834 -0.998456 -0.0533987
-24.1758 48.1094 -32.7814 -0.0175285 -0.998366 -0.0543927
-23.3221 48.1276 -33.4224 -0.0222035 -0.998333 -0.0532841
-22.5965 48.1437 -33.9895 -0.0196822 -0.99822 -0.0562919
-21.6641 48.1638 -34.7311 -0.0225006 -0.998468 -0.05056
-20.7662 48.1813 -35.431 -0.0194173 -0.998336 -0.0543013
-19.7081 48.1897 -35.9994 -0.0236366 -0.998211 -0.0549155
-18.4149 48.1942 -36.6079 -0.0223129 -0.998186 -0.0559124
-17.4395 48.1968 -37.0874 -0.0259728 -0.998213 -0.0538207
-16.5657 48.1921 -37.417 -0.021766 -0.998374 -0.0525965
-15.4726 48.1911 -37.7913 -0.0189976 -0.99844 -0.0525053
-14.3569 48.191 -38.2669 -0.0246858 -0.998278 -0.0532201
-13.295 48.1957 -38.8119 -0.0201692 -0.998422 -0.0524062
-12.4608 48.1967 -39.1641 -0.0214661 -0.998441 -0.0515232
-11.552 48.193 -39.4872 -0.0212922 -0.998145 -0.0567694
-10.6271 48.1922 -39.7925 -0.0211519 -0.997924 -0.0608271
-9.18912 48.1791 -40.0648 -0.0202229 -0.997927 -0.0610993
-7.93562 48.1708 -40.2895 -0.0163835 -0.998233 -0.0569923
-6.81131 48.1665 -40.4789 -0.0116796 -0.998135 -0.0599165
-5.90143 48.1689 -40.6965 -0.0115298 -0.998119 -0.0602057
-4.98184 48.1616 -40.8034 -0.0142045 -0.998426 -0.0542512
-3.86719 48.1488 -40.8435 -0.0129317 -0.998437 -0.0543694
-2.92311 48.1412 -40.9476 -0.01544 -0.998267 -0.0567762
-1.95827 48.1396 -41.1726 -0.0150347 -0.998229 -0.0575495
-0.761048 48.1339 -41.3634 -0.0134368 -0.998138 -0.0594899
0.352494 48.1252 -41.4224 -0.0112056 -0.998225 -0.0584925
1.39224 48.1153 -41.4499 -0.0106717 -0.998409 -0.0553698
2.37567 48.1059 -41.4123 -0.00575075 -0.998407 -0.0561283
3.74729 48.0843 -41.1682 -0.00667309 -0.998645 -0.0516087
5.04306 48.0664 -40.987 -0.00655621 -0.998644 -0.0516409
6.07146 48.0573 -40.9314 -0.00922054 -0.998841 -0.047246
7.35265 48.0386 -40.7358 -0.00640791 -0.999233 -0.0386232
8.52451 48.0216 -40.568 -0.0108829 -0.999158 -0.0395595
9.44399 48.0106 -40.4821 -0.00268483 -0.999232 -0.0389522
10.3739 48.0052 -40.3679 -0.00249892 -0.999348 -0.0359883
11.6278 47.9911 -40.1309 -0.00421282 -0.999222 -0.0391931
12.7765 47.9731 -39.7511 -0.00232722 -0.999253 -0.0385726
13.6678 47.957 -39.3895 -0.00288157 -0.999275 -0.0379697
14.5979 47.9419 -39.0264 -0.00649657 -0.999451 -0.0324733
15.4483 47.924 -38.6634 -0.006658 -0.999407 -0.0337753
16.4831 47.9048 -38.2098 -0.00323079 -0.999558 -0.0295161
17.3489 47.892 -37.9104 -0.00324505 -0.999602 -0.027928
18.2271 47.8746 -37.5219 -0.0101592 -0.999601 -0.0263454
19.3916 47.8544 -37.0592 -0.00827579 -0.999793 -0.018572
20.645 47.8361 -36.5606 -0.00667059 -0.999826 -0.0174361
21.5196 47.824 -36.1433 -0.00379087 -0.999886 -0.0146183
22.4104 47.8134 -35.6458 -0.00577291 -0.999838 -0.0167876
23.143 47.8006 -35.1161 0.00232425 -0.999864 -0.0159962
24.1754 47.793 -34.4309 -0.000657822 -0.999905 -0.013793
25.2173 47.783 -33.665 -0.00458939 -0.999934 -0.0105382
25.9682 47.7758 -33.0238 0.00152087 -0.999973 -0.0071991
27.1263 47.7729 -32.1918 0.00175211 -0.999984 -0.00541302
28.2051 47.7714 -31.4475 0.00257134 -0.999988 -0.00411772
29.1063 47.7706 -30.7402 -0.000600018 -0.999992 -0.00395537
29.9854 47.766 -29.9783 0.00133198 -0.999971 -0.00698464
30.6987 47.7646 -29.2685 0.00283252 -0.999982 -0.00514232
31.474 47.7599 -28.3537 -0.000583086 -0.999987 -0.00497246
32.0731 47.7595 -27.4841 -0.00081615 -0.999999 -0.000746177
32.8848 47.7601 -26.5057 -0.00376965 -0.999989 0.00162324
33.5889 47.762 -25.584 0.0038881 -0.999992 0.00136098
34.1255 47.7623 -24.8306 0.00237161 -0.999995 -0.00201515
34.8765 47.7616 -23.847 0.00309913 -0.99997 -0.00702179
35.5878 47.7582 -22.9619 0.00180088 -0.999973 -0.0070359
36.2444 47.7521 -22.1247 0.000831383 -0.999932 -0.0111804
36.844 47.7381 -21.0791 0.00196172 -0.9999 -0.0139708
37.5281 47.7185 -19.9 0.00199333 -0.999833 -0.0181393
37.9202 47.7059 -19.0586 -0.00268305 -0.999863 -0.016337
38.3216 47.6845 -17.9124 -0.0034268 -0.999785 -0.0204188
38.6456 47.6645 -17.0268 -0.0044399 -0.999756 -0.0216199
39.17 47.6391 -16.0707 -0.00725392 -0.999686 -0.023997
39.5685 47.616 -15.2347 -0.0112628 -0.999629 -0.0248116
39.9621 47.5847 -14.1697 -0.0113968 -0.999606 -0.0256615
40.2747 47.5592 -13.3021 -0.0111996 -0.999627 -0.0248148
40.847 47.5222 -12.0794 -0.0138691 -0.999578 -0.0255051
41.1512 47.4864 -10.8787 -0.0173318 -0.999538 -0.0249827
41.4026 47.4563 -9.83558 -0.0165902 -0.999563 -0.0244527
41.6065 47.4215 -8.53778 -0.0187996 -0.999524 -0.0244194
41.7895 47.3915 -7.50343 -0.0190079 -0.999493 -0.0255599
41.9417 47.3646 -6.34779 -0.018388 -0.999627 -0.0201581
41.9656 47.3483 -5.43016 -0.0233111 -0.999575 -0.0174802
42.0782 47.3266 -4.2637 -0.023609 -0.999644 -0.0122767
42.3532 47.3067 -3.10023 -0.0269837 -0.999593 -0.0083906
42.5097 47.296 -1.94829 -0.0224156 -0.999732 -0.0055206
42.6086 47.2885 -0.568517 -0.0220234 -0.99975 -0.0038519
42.6376 47.2844 0.335855 -0.0249809 -0.999681 -0.00369802
42.4836 47.287 1.57464 -0.0297183 -0.999554 0.00149997
42.3008 47.2922 2.50706 -0.031152 -0.999514 -0.0005621
42.1707 47.3011 3.85412 -0.0312599 -0.999506 0.00307592
42.0833 47.3085 4.80358 -0.0282917 -0.99958 0.00633857
42.0254 47.3171 5.84163 -0.0281559 -0.99954 0.0107889
41.7929 47.3453 7.42758 -0.0262038 -0.99957 0.013072
41.6159 47.3637 8.32945 -0.0261742 -0.99954 0.0153359
41.4791 47.381 9.22525 -0.0255997 -0.99957 0.014233
41.22 47.4132 10.6604 -0.0204503 -0.999549 0.0219699
40.97 47.4413 11.6173 -0.0212941 -0.999456 0.0251385
40.6475 47.4731 12.5343 -0.0202343 -0.999407 0.0278372
40.2541 47.5047 13.4059 -0.0193566 -0.999373 0.029592
39.8925 47.5402 14.3056 -0.01847 -0.999348 0.0309927
39.2352 47.5928 15.579 -0.0167743 -0.999287 0.0338198
38.8446 47.6285 16.4414 -0.0163711 -0.999258 0.0348513
38.5422 47.6644 17.3277 -0.0130993 -0.999369 0.0327843
38.1629 47.7059 18.3617 -0.00918158 -0.999178 0.0394754
37.7028 47.7476 19.3193 -0.00743529 -0.999114 0.0414262
37.1602 47.7862 20.2054 -0.00281461 -0.999129 0.0415137
36.5915 47.8316 21.1951 -0.000408089 -0.999072 0.0430638
35.8361 47.8757 22.2274 0.00375675 -0.999154 0.0407147
35.144 47.9086 23.2139 0.00783405 -0.99922 0.0386936
34.2111 47.9485 24.4532 0.0126352 -0.999062 0.0414174
33.5733 47.9788 25.3918 0.0139532 -0.999016 0.0420532
33.0169 48.0027 26.1155 0.0164566 -0.998943 0.0428423
32.2747 48.0266 26.948 0.0177723 -0.998738 0.046972
31.6589 48.0487 27.666 0.0197525 -0.998515 0.0507707
31.0155 48.0736 28.4457 0.0225932 -0.998604 0.047754
30.3233 48.0943 29.1913 0.0232851 -0.998338 0.0527221
29.6586 48.1114 29.8116 0.0236813 -0.998285 0.0535301
28.8245 48.1275 30.4646 0.0230905 -0.998235 0.054713
27.8844 48.1474 31.2109 0.0225212 -0.998213 0.0553475
27.0364 48.1644 31.8789 0.0240511 -0.998105 0.0566333
26.3221 48.1814 32.4809 0.0269297 -0.998023 0.0567065
25.3688 48.2 33.2038 0.0250194 -0.997933 0.0591973
24.5679 48.2113 33.7576 0.027402 -0.997426 0.0662581
23.4847 48.2307 34.5435 0.0316984 -0.997396 0.0647854
22.6156 48.2497 35.1837 0.0296595 -0.996924 0.0725462
21.7621 48.263 35.6788 0.0265056 -0.997357 0.0676546
20.9408 48.2687 36.0841 0.0245133 -0.997446 0.0670611
19.902 48.2714 36.6011 0.0323803 -0.996981 0.0705752
18.914 48.2787 37.0748 0.0258018 -0.997197 0.0702312
17.8334 48.2785 37.4624 0.0234259 -0.99736 0.068685
16.6444 48.2749 37.891 0.0272129 -0.997433 0.0662405
15.7846 48.2748 38.3279 0.0296724 -0.997619 0.0621915
14.401 48.276 38.9045 0.0266086 -0.997083 0.0715367
13.354 48.2758 39.2496 0.0215726 -0.997403 0.068716
12.1695 48.2794 39.653 0.020753 -0.997594 0.0660796
10.8262 48.2724 40.0126 0.022032 -0.997726 0.0636949
9.61491 48.2642 40.212 0.01263 -0.997799 0.0651037
8.70771 48.2601 40.3307 0.0135284 -0.997578 0.0681653
7.37958 48.2508 40.4385 0.0144843 -0.997921 0.0627624
6.17248 48.2466 40.6364 0.0104055 -0.998299 0.0573677
4.94839 48.2531 40.9105 0.00663305 -0.997822 0.0656244
3.80416 48.252 41.0165 0.00769006 -0.997796 0.0659006
2.59545 48.2458 41.0729 0.00625293 -0.997928 0.0639791
1.20185 48.2498 41.1463 -0.000303582 -0.997796 0.0663623
-0.20263 48.2515 41.0902 -0.00478317 -0.997883 0.0648616
-1.30755 48.2537 41.0468 -0.00387869 -0.99785 0.0654234
-2.78146 48.2543 40.946 -0.00367597 -0.997911 0.0644918
-3.82651 48.2469 40.7597 -0.00491848 -0.99816 0.060442
-5.21894 48.2399 40.5248 -0.00787965 -0.997893 0.0642419
-6.22988 48.2468 40.4299 -0.0132843 -0.997849 0.0641944
-7.1768 48.2508 40.3499 -0.00881654 -0.997859 0.064799
-8.11831 48.2521 40.2143 -0.0126985 -0.997797 0.0651013
-9.07735 48.252 40.0242 -0.0104909 -0.997925 0.0635245
-9.98735 48.2496 39.8359 -0.0132547 -0.998157 0.0589798
-10.9167 48.245 39.583 -0.0119705 -0.998017 0.0617884
-12.1093 48.2312 39.1444 -0.0106276 -0.998157 0.0597133
-13.0596 48.2187 38.7443 -0.0128628 -0.998277 0.0572175
-14.358 48.2093 38.2455 -0.0142245 -0.998305 0.0564295
-15.2607 48.1977 37.8528 -0.0108695 -0.998392 0.0556382
-16.121 48.1884 37.5143 -0.0123567 -0.998388 0.0553901
-17.5558 48.1775 36.9501 -0.0124457 -0.998679 0.0498195
-18.4752 48.1679 36.5646 -0.00834111 -0.998577 0.052566
-19.3581 48.1515 36.1141 -0.0143979 -0.998312 0.0562233
-20.4499 48.1311 35.4433 -0.0102787 -0.998351 0.0563825
-21.3904 48.1045 34.8248 -0.0102019 -0.998561 0.0526038
-22.239 48.086 34.2426 -0.0149322 -0.998938 0.0435838
-23.189 48.0707 33.5257 -0.0178605 -0.998764 0.0463663
-23.9587 48.0614 33.0213 -0.0174448 -0.998949 0.0423813
-24.8334 48.0494 32.4629 -0.012644 -0.998953 0.043971
-25.7784 48.0277 31.6319 -0.0146141 -0.999087 0.0401384
-26.7967 48.0045 30.7039 -0.0151391 -0.999034 0.0412297
-27.5716 47.9939 30.1391 -0.0159003 -0.999002 0.0417243
-28.4122 47.9758 29.3992 -0.0159278 -0.998972 0.0424345
-29.4399 47.9484 28.3944 -0.00778036 -0.999247 0.0380081
-30.117 47.9209 27.5466 -0.00692214 -0.999198 0.0394328
-30.651 47.8939 26.7687 -0.00567535 -0.999326 0.0360895
-31.2178 47.871 26.0106 -0.00630276 -0.99938 0.0346528
-31.8807 47.8457 25.1863 -0.00418792 -0.999342 0.0360195
-32.6942 47.8129 24.1824 0.00098499 -0.999392 0.0348412
-33.3506 47.788 23.4881 0.00174926 -0.999374 0.035319
-34.1368 47.7501 22.479 0.00236477 -0.999408 0.0343065
-34.63 47.7187 21.6453 0.00564991 -0.99936 0.0353235
-35.3374 47.6712 20.478 0.00959047 -0.999264 0.0371393
-35.8927 47.6214 19.3434 0.0136723 -0.998976 0.0430014
-36.33 47.5755 18.4781 0.0166424 -0.998902 0.0437771
-36.9348 47.5095 17.3124 0.0253218 -0.998548 0.047546
-37.4842 47.4335 16.0558 0.0316799 -0.998264 0.049647
-37.829 47.3823 15.1461 0.0417831 -0.998154 0.0440741
-38.2328 47.3194 14.0515 0.0495021 -0.997849 0.0422875
-38.9027 47.2148 12.6383 0.0564745 -0.997511 0.0417333
-39.3676 47.1319 11.5526 0.0700805 -0.996416 0.0473779
-39.7173 47.0556 10.538 0.0854243 -0.9947 0.0572263
-39.9761 46.9672 9.36111 0.0934561 -0.993748 0.0602297
-40.1322 46.8854 8.38434 0.103025 -0.99291 0.058667
-40.3528 46.7869 7.21228 0.122184 -0.990074 0.0694645
-40.588 46.6835 6.15312 0.132724 -0.988544 0.0718664
-40.812 46.5721 4.91652 0.145123 -0.987904 0.0546277
-40.9438 46.5059 3.92107 0.152024 -0.987639 0.0376765
-41.0962 46.4361 2.83146 0.156687 -0.986978 0.0360095
-41.3345 46.3549 1.49976 0.159945 -0.986773 0.0250144
-41.3946 46.3285 0.154486 0.167121 -0.985909 0.00712627
-42.2926 46.1783 -0.0338533 0.15709 -0.987505 0.0104562
-42.269 46.2023 1.23099 0.152896 -0.988111 0.0160851
-42.1363 46.2474 2.27884 0.168552 -0.985212 0.0307989
-41.943 46.3171 3.27072 0.166028 -0.985206 0.0422494
-41.7919 46.3794 4.20262 0.160299 -0.985394 0.0552342
-41.6706 46.4715 5.26206 0.138155 -0.988722 0.057815
-41.4889 46.5571 6.17806 0.141444 -0.987314 0.0721368
-41.2494 46.673 7.16251 0.128069 -0.988681 0.0774767
-41.0932 46.7559 8.06916 0.116261 -0.989662 0.0827481
-40.8676 46.8805 9.33093 0.0889279 -0.993591 0.0697734
-40.6969 46.9666 10.2659 0.0756092 -0.994632 0.06946
-40.4607 47.039 11.1815 0.0650754 -0.995871 0.0632724
-39.929 47.1546 12.5599 0.0542941 -0.996819 0.0583407
-39.5641 47.2175 13.3918 0.0542012 -0.997224 0.0510599
-39.1802 47.2786 14.2349 0.0511568 -0.997437 0.0500097
-38.7354 47.3503 15.3337 0.0456399 -0.998042 0.04277
-38.3471 47.4186 16.2452 0.0259565 -0.998329 0.0516336
-37.7683 47.5051 17.6166 0.0231731 -0.998421 0.0510894
-37.3723 47.5552 18.4582 0.0204521 -0.998311 0.0541973
-36.7977 47.6212 19.5849 0.00638816 -0.998774 0.0490868
-36.344 47.671 20.6086 0.00447044 -0.99905 0.0433263
-35.8301 47.71 21.4699 0.00345895 -0.999064 0.0431239
-35.3012 47.7433 22.3338 0.000631719 -0.999288 0.0377148
-34.7445 47.7742 23.1335 0.000109055 -0.999277 0.0380231
-33.6751 47.8259 24.4495 -0.00230827 -0.999172 0.0405502
-32.9607 47.8532 25.2577 -0.00578945 -0.999345 0.0356877
-32.1387 47.8908 26.3473 -0.00650309 -0.999245 0.038227
-31.499 47.9146 27.1395 -0.00858897 -0.999275 0.03709
-30.9312 47.9434 27.9802 -0.00676915 -0.999125 0.0412347
-30.3751 47.9695 28.6873 -0.0105977 -0.999061 0.0420071
-29.2956 48.0073 29.8149 -0.0100257 -0.998959 0.0444962
-28.6061 48.0261 30.4983 -0.0170112 -0.998964 0.042201
-27.8409 48.0404 31.1553 -0.0169376 -0.998984 0.0417729
-27.0733 48.05 31.6562 -0.0212279 -0.998738 0.0454252
-26.3735 48.0672 32.3097 -0.0185056 -0.998769 0.0460151
-25.6634 48.0798 32.9035 -0.0161569 -0.998896 0.044025
-24.8685 48.0976 33.541 -0.0133126 -0.998887 0.0452371
-24.0296 48.1108 34.084 -0.0165131 -0.998763 0.0468965
-23.0961 48.1245 34.7371 -0.0192077 -0.998764 0.0458362
-22.1033 48.1505 35.4977 -0.0161955 -0.99837 0.0547323
-21.3171 48.1834 36.2101 -0.0102787 -0.998351 0.0563825
-20.4388 48.1943 36.6158 -0.0124581 -0.99842 0.0547781
-19.4538 48.2105 37.1267 -0.0127402 -0.998357 0.0558738
-18.2903 48.2219 37.6122 -0.0140366 -0.998363 0.0554413
-17.4087 48.2302 37.9842 -0.0121249 -0.99841 0.0550423
-16.3594 48.2406 38.4033 -0.0116421 -0.998212 0.0585213
-15.4301 48.2531 38.8059 -0.0107127 -0.998341 0.0565652
-14.3133 48.2671 39.2861 -0.0138081 -0.998336 0.0559874
-13.2158 48.2708 39.6164 -0.00989354 -0.998256 0.0580957
-12.1316 48.2943 40.1579 -0.0101854 -0.998033 0.061865
-11.0113 48.3023 40.491 -0.0119704 -0.998017 0.0617883
-10.0522 48.3072 40.702 -0.0103003 -0.997765 0.0660115
-9.14195 48.3111 40.9189 -0.0107976 -0.997681 0.0671853
-7.9418 48.3119 41.1318 -0.0131496 -0.997494 0.0695211
-6.9919 48.3098 41.2649 -0.00938847 -0.997711 0.0669665
-6.03805 48.3082 41.3845 -0.0113965 -0.997657 0.06746
-5.03814 48.3064 41.5291 -0.0105145 -0.997628 0.0680222
-4.12392 48.3008 41.6062 -0.00944243 -0.997934 0.0632376
-3.13714 48.313 41.8411 -0.00250127 -0.997922 0.0643913
-2.08247 48.3139 41.9187 -0.00427452 -0.99787 0.0650957
-1.16832 48.3121 41.944 -0.00486908 -0.99781 0.0659665
-0.177503 48.314 42.0538 -0.00497311 -0.997883 0.0648205
0.846258 48.3154 42.125 -0.00334942 -0.997903 0.0646382
2.2837 48.308 42.0065 0.000748453 -0.997666 0.0682749
3.55007 48.3107 41.9201 0.00788579 -0.997654 0.0680005
4.47044 48.3123 41.862 0.00625211 -0.997777 0.0663349
5.58858 48.3113 41.7335 0.00640501 -0.997821 0.0656623
6.54277 48.3018 41.4873 0.0132558 -0.997936 0.062435
7.61318 48.3203 41.4898 0.0144843 -0.997921 0.0627624
9.1486 48.3221 41.1395 0.0155381 -0.997549 0.0681569
10.6616 48.3296 40.9287 0.019458 -0.997356 0.0699598
12.0211 48.3427 40.6783 0.0233418 -0.997436 0.0676417
13.0129 48.3444 40.3404 0.023839 -0.997381 0.0682293
14.1946 48.3485 39.9909 0.0268264 -0.997118 0.0709671
15.289 48.3445 39.5288 0.0267222 -0.997083 0.071491
16.1411 48.3396 39.1266 0.032449 -0.997135 0.0683355
17.1485 48.3426 38.6909 0.0312183 -0.997014 0.070573
18.047 48.3502 38.4089 0.0301545 -0.997213 0.0682379
19.2879 48.347 37.8968 0.0272356 -0.997041 0.0718843
20.2478 48.3405 37.4349 0.0300173 -0.997082 0.0701772
21.6977 48.3365 36.7584 0.0279807 -0.997223 0.069016
22.9382 48.3224 36.0486 0.0305422 -0.996968 0.0715506
23.7506 48.3071 35.5119 0.028704 -0.997035 0.0713691
24.6245 48.2851 34.841 0.0272794 -0.997261 0.068716
25.887 48.259 33.9311 0.0276961 -0.997516 0.0647231
27.234 48.231 32.8857 0.0273319 -0.997659 0.0626924
28.2002 48.21 32.1202 0.0278081 -0.99764 0.0627725
28.9586 48.1942 31.5447 0.0261427 -0.997652 0.0632873
29.6901 48.1768 30.9463 0.0276863 -0.997925 0.0581332
30.7365 48.1531 30.098 0.023695 -0.998087 0.0570217
31.4216 48.1303 29.3641 0.0250039 -0.998257 0.0534476
32.1337 48.1026 28.5445 0.0189451 -0.998438 0.0525162
32.7462 48.0768 27.7757 0.0225679 -0.998524 0.049375
33.727 48.0374 26.6173 0.0184977 -0.998619 0.0491127
34.7125 47.9935 25.3151 0.0168633 -0.998821 0.0454745
35.4619 47.9619 24.3115 0.0153485 -0.998899 0.0443404
36.0968 47.9336 23.5034 0.00884954 -0.99886 0.0466012
36.6075 47.9001 22.7282 0.00561849 -0.999003 0.0442679
37.1754 47.8706 22.016 0.0055646 -0.998935 0.0457921
37.8772 47.8128 20.8108 -0.000442016 -0.998911 0.0466562
38.4323 47.7665 19.851 -0.00373411 -0.999065 0.0430646
38.8453 47.7232 18.9641 -0.00940654 -0.99918 0.0393843
39.4183 47.6606 17.5649 -0.0125763 -0.999155 0.0390639
39.7824 47.6196 16.5837 -0.0127376 -0.999239 0.0368766
40.4607 47.5595 15.25 -0.0197838 -0.999268 0.0327289
41.0461 47.5075 13.9462 -0.0170632 -0.999308 0.0330595
41.5029 47.4653 12.9056 -0.021409 -0.999379 0.0279795
41.8349 47.4325 11.9914 -0.0242187 -0.999367 0.0260665
42.1286 47.3985 10.9738 -0.0275767 -0.999406 0.0206482
42.3054 47.3613 9.49282 -0.0330688 -0.999284 0.0173844
42.5811 47.3305 7.96065 -0.0292777 -0.99945 0.0155765
42.7657 47.3126 7.02217 -0.0281018 -0.999515 0.0134327
42.8886 47.2966 6.09708 -0.0277372 -0.999529 0.0130972
42.9732 47.2834 5.1927 -0.0317437 -0.999476 0.00638342
43.0922 47.2716 4.22251 -0.0354014 -0.999248 0.0158415
43.2539 47.2628 3.03361 -0.0344253 -0.999402 0.00320483
43.3515 47.2575 1.86633 -0.0369893 -0.999316 0.000406685
43.5424 47.2583 0.862336 -0.0287096 -0.999567 -0.00580259
43.5569 47.261 -0.0604328 -0.0259664 -0.999643 -0.00568678
43.4682 47.271 -1.03199 -0.0248178 -0.99966 -0.00800025
43.3517 47.2785 -2.65151 -0.0245088 -0.999692 -0.00315228
43.2048 47.2912 -3.76495 -0.0277687 -0.999539 -0.0122489
42.9394 47.3104 -4.722 -0.0266131 -0.99957 -0.0108687
42.8767 47.3266 -5.6233 -0.02961 -0.999436 -0.0158666
42.7931 47.3552 -6.63569 -0.0206554 -0.999491 -0.0239808
42.6245 47.3876 -7.95515 -0.0172747 -0.999525 -0.0254964
42.427 47.424 -9.21596 -0.0173119 -0.999529 -0.0253205
42.3672 47.45 -10.234 -0.0165855 -0.999568 -0.0242566
42.0241 47.484 -11.3116 -0.0148912 -0.999485 -0.0284401
41.7364 47.5223 -12.5334 -0.0120114 -0.999532 -0.0281272
41.3067 47.5511 -13.3741 -0.0107911 -0.99957 -0.0272562
40.9608 47.5778 -14.2726 -0.00922786 -0.999647 -0.02491
40.5309 47.606 -15.2249 -0.00925318 -0.999618 -0.0260241
39.9546 47.6467 -16.4961 -0.0053739 -0.999595 -0.0276908
39.47 47.6719 -17.4446 -0.000643261 -0.99972 -0.0236485
38.9234 47.7044 -18.8972 0.00202502 -0.999791 -0.020182
38.2745 47.7318 -20.4388 0.0049151 -0.999785 -0.0201086
37.7887 47.7455 -21.2905 0.00689962 -0.999839 -0.0165687
37.0482 47.7591 -22.5836 0.00580216 -0.999927 -0.0105722
36.3873 47.7644 -23.4618 0.00552837 -0.999947 -0.00835259
35.807 47.7681 -24.283 0.00331407 -0.999964 -0.00781998
35.0879 47.7697 -25.1945 0.00769555 -0.999969 -0.00182139
34.2996 47.7647 -26.197 0.00318868 -0.999993 -0.000459188
33.7002 47.7619 -26.933 0.00569827 -0.999983 0.000447353
32.9898 47.7592 -28.0452 -0.000814321 -0.999999 -0.000751017
32.3168 47.7611 -28.751 -0.00185061 -0.999986 -0.00431331
31.7305 47.7672 -29.5883 -5.55243e-05 -0.999979 -0.00655349
31.0185 47.7696 -30.2236 0.00187964 -0.999988 -0.0045782
30.3374 47.7727 -30.8317 0.00240842 -0.999972 -0.00705595
29.0924 47.7759 -31.8371 0.00302118 -0.999982 -0.00515841
28.3598 47.7763 -32.428 0.0034746 -0.99998 -0.00533722
27.4079 47.778 -33.1017 0.000997394 -0.999986 -0.00518299
26.4523 47.7815 -33.7909 0.00101427 -0.99998 -0.00628149
25.3563 47.794 -34.6967 -0.00339169 -0.999925 -0.0117562
24.5983 47.8043 -35.2373 3.56748e-06 -0.999893 -0.0146046
23.684 47.8136 -35.8583 -0.00142425 -0.999887 -0.0149823
22.7768 47.8247 -36.5204 -0.002576 -0.999889 -0.0146184
21.4227 47.8442 -37.1889 -0.0071683 -0.99976 -0.0206417
19.8852 47.8724 -37.8327 -0.00747519 -0.999602 -0.0269939
18.8487 47.8906 -38.2273 -0.00891095 -0.999478 -0.0310465
17.4223 47.9206 -38.8642 -0.00540443 -0.999526 -0.0302742
16.5428 47.9354 -39.1792 -0.0075977 -0.999387 -0.0341062
15.371 47.9621 -39.7036 -0.00649981 -0.999279 -0.0373642
14.2587 47.985 -40.1372 -0.00460518 -0.999193 -0.0398208
13.1477 48.0064 -40.603 -0.00252575 -0.999174 -0.0405472
11.5383 48.0313 -41.0408 -0.00268708 -0.998895 -0.0468244
10.1752 48.0432 -41.3281 -0.000842648 -0.999046 -0.0435258
9.15513 48.0551 -41.4783 -0.00767861 -0.99903 -0.043356
8.05416 48.0655 -41.5105 -0.00990253 -0.99889 -0.0460321
7.0724 48.0869 -41.7502 -0.00984341 -0.998823 -0.047492
6.17264 48.0993 -41.8337 -0.00910336 -0.998829 -0.0475143
5.11785 48.1129 -41.881 -0.00555437 -0.998528 -0.0539469
4.21404 48.1236 -41.9871 -0.00581845 -0.998592 -0.0527041
2.99271 48.1487 -42.2881 -0.00746683 -0.998561 -0.0531059
2.10876 48.1563 -42.3129 -0.0069351 -0.998555 -0.0532845
1.20243 48.1693 -42.3537 -0.0121616 -0.998261 -0.057677
0.19328 48.1819 -42.3671 -0.0114661 -0.99825 -0.0580052
-0.841201 48.1862 -42.2406 -0.0118192 -0.998308 -0.0569226
-2.37732 48.1939 -41.9944 -0.0156688 -0.998181 -0.0582234
-3.3482 48.1971 -41.7944 -0.0136382 -0.998175 -0.0588196
-4.95809 48.2149 -41.7021 -0.0175086 -0.997906 -0.062254
-5.94542 48.2272 -41.6499 -0.011371 -0.998104 -0.060489
-6.91676 48.2231 -41.399 -0.011906 -0.998047 -0.0613193
-8.07881 48.2276 -41.1996 -0.0145258 -0.998123 -0.0594913
-9.09075 48.2358 -41.0429 -0.0203765 -0.998071 -0.0586494
-10.0136 48.2442 -40.8651 -0.0214616 -0.998012 -0.059241
-11.184 48.2572 -40.6499 -0.0219786 -0.99786 -0.0615858
-12.0946 48.2538 -40.2877 -0.0202107 -0.997865 -0.0621003
-12.9861 48.2468 -39.8943 -0.0223721 -0.99825 -0.0547347
-14.3031 48.247 -39.3081 -0.0262942 -0.998092 -0.0558577
-15.3884 48.2464 -38.801 -0.023076 -0.998081 -0.0574419
-16.265 48.2465 -38.4791 -0.0221637 -0.99803 -0.0586912
-17.6411 48.2512 -37.9848 -0.026038 -0.998098 -0.0558872
-18.6155 48.2511 -37.5395 -0.0252787 -0.997952 -0.0587577
-19.5382 48.2479 -37.0866 -0.0254439 -0.99795 -0.0587223
-20.7163 48.2421 -36.5057 -0.0226552 -0.99802 -0.0586787
-22.0403 48.2199 -35.5869 -0.026472 -0.997957 -0.0581409
-22.9162 48.2041 -34.9193 -0.0228306 -0.998028 -0.0584727
-23.7075 48.1859 -34.3089 -0.0185078 -0.998137 -0.057994
-24.8067 48.1595 -33.4843 -0.0187289 -0.998278 -0.0555879
-25.8916 48.131 -32.6574 -0.0158342 -0.998407 -0.0541457
-26.7958 48.1103 -32.0264 -0.0149125 -0.998374 -0.055023
-27.5927 48.0906 -31.4354 -0.0155538 -0.998141 -0.0589331
-28.5796 48.056 -30.5978 -0.0143667 -0.998184 -0.0584991
-29.2017 48.0262 -29.9312 -0.0147661 -0.998263 -0.0570243
-30.3492 47.9775 -28.8033 -0.0116064 -0.998388 -0.0555263
-31.0072 47.9408 -28.0146 -0.00914696 -0.998334 -0.0569647
-31.5489 47.902 -27.2336 -0.0106424 -0.998548 -0.0526634
-32.1943 47.8687 -26.4115 -0.0103408 -0.998627 -0.0513504
-32.9865 47.8314 -25.6002 -0.00212092 -0.998786 -0.0490009
-33.6798 47.7912 -24.7266 0.00149071 -0.998802 -0.0489099
-34.3434 47.7407 -23.8121 0.0103276 -0.998811 -0.047576
-34.917 47.7014 -23.0689 0.0129182 -0.998849 -0.046081
-35.456 47.6577 -22.3087 0.0163342 -0.998933 -0.0431956
-36.0842 47.6015 -21.25 0.0163129 -0.998999 -0.0416092
-36.8059 47.5318 -19.8674 0.0206421 -0.998935 -0.0412418
-37.3978 47.4656 -18.6036 0.0254547 -0.998721 -0.0436889
-37.7995 47.4162 -17.705 0.0284701 -0.998514 -0.0462878
-38.2582 47.347 -16.5752 0.0320642 -0.998379 -0.0470289
-38.8699 47.2708 -15.4935 0.0468786 -0.99781 -0.046663
-39.2877 47.2123 -14.6575 0.0470947 -0.997851 -0.0455665
-39.6695 47.139 -13.6384 0.0572952 -0.997097 -0.0497946
-40.0201 47.076 -12.7093 0.0608608 -0.997103 -0.0456157
-40.4226 46.989 -11.5493 0.0679096 -0.995945 -0.0590126
-40.7042 46.9096 -10.5944 0.0789493 -0.995088 -0.0597172
-40.9086 46.8357 -9.62087 0.0796108 -0.995091 -0.0587822
-41.0456 46.7526 -8.68376 0.106419 -0.992716 -0.0564851
-41.1461 46.6845 -7.75204 0.111895 -0.99162 -0.0641341
-41.3808 46.5698 -6.3365 0.120858 -0.990657 -0.0631347
-41.5731 46.4778 -5.35666 0.136326 -0.988723 -0.0619818
-41.8776 46.3393 -3.97215 0.155763 -0.98603 -0.0570635
-42.1103 46.2353 -2.44175 0.163818 -0.985834 -0.0349335
-42.1987 46.1945 -1.50784 0.161933 -0.98657 -0.0187758
-42.2542 46.1805 -0.813962 0.161464 -0.986865 0.00509415
-42.2894 46.1778 -0.220583 0.161464 -0.986865 0.0050941
