65.6329 41.2451 -1.79804 -0.243994 -0.969248 -0.0316155
66.0007 41.1543 -1.80526 -0.236534 -0.971055 -0.0330008
66.2036 41.0767 -0.796783 -0.237947 -0.970928 -0.0260787
66.1477 41.073 0.0973227 -0.236931 -0.971399 -0.0157094
66.0253 41.0873 1.15445 -0.238956 -0.970931 -0.0139177
65.5058 41.2063 1.91866 -0.243847 -0.969805 -0.00350152
65.1696 41.2997 1.06536 -0.241734 -0.970257 -0.0129169
65.1455 41.3261 -0.137719 -0.24611 -0.968999 -0.0216829
65.439 41.2783 -1.21443 -0.24503 -0.96917 -0.0258888
65.5344 41.262 -1.50532 -0.245345 -0.969078 -0.0263248
64.5553 41.5156 -1.70121 -0.245661 -0.968987 -0.0267553
64.9426 41.4571 -2.84883 -0.242311 -0.969513 -0.0364553
65.7217 41.3046 -3.85274 -0.24054 -0.9695 -0.0469815
66.556 41.0681 -3.15892 -0.240043 -0.970169 -0.0339411
66.8993 40.9482 -2.18156 -0.236532 -0.971056 -0.0330008
67.1118 40.8499 -0.64096 -0.236563 -0.971216 -0.0278084
67.0048 40.8507 0.738858 -0.240825 -0.9704 -0.0181086
66.7983 40.8871 1.82669 -0.241686 -0.970294 -0.0106009
66.2875 41.0032 3.1083 -0.240515 -0.970628 -0.00499773
65.3817 41.2337 3.71283 -0.245704 -0.969342 0.00225505
64.7654 41.3888 2.77782 -0.243254 -0.96996 -0.00205318
64.4285 41.4757 1.72003 -0.241925 -0.97025 -0.00773355
64.2836 41.5309 0.440877 -0.244267 -0.969601 -0.0144213
64.3573 41.5402 -0.861846 -0.238395 -0.970857 -0.0238482
64.5086 41.5227 -1.5283 -0.245662 -0.968986 -0.0267549
63.6471 41.7443 -1.80058 -0.245662 -0.968737 -0.0346299
64.0359 41.6933 -3.09914 -0.243707 -0.969165 -0.0364043
64.7238 41.5877 -4.61162 -0.23899 -0.969862 -0.0474512
66.0366 41.2792 -4.961 -0.242086 -0.969139 -0.0465149
67.0484 40.991 -4.2124 -0.241284 -0.969371 -0.0458562
67.5927 40.8069 -3.06521 -0.244484 -0.969017 -0.0351127
67.8633 40.7032 -1.97696 -0.242128 -0.969821 -0.028652
68.0186 40.637 -0.995465 -0.237067 -0.971213 -0.0233128
67.9612 40.6199 0.450663 -0.238252 -0.971015 -0.0191212
67.7058 40.6616 1.88078 -0.241407 -0.970384 -0.00872253
67.4705 40.7121 2.76908 -0.240854 -0.970525 -0.00832544
67.1195 40.7966 3.61438 -0.239911 -0.970793 -0.00191245
66.4399 40.9683 4.44865 -0.244029 -0.969764 0.00276842
65.6426 41.1704 4.90766 -0.243694 -0.969803 0.00926525
64.6613 41.417 4.66018 -0.245186 -0.969455 0.00641014
64.0938 41.5577 3.59883 -0.244624 -0.969618 -9.14017e-05
63.7358 41.6486 2.57126 -0.244464 -0.969657 -0.00159623
63.4805 41.7209 1.28422 -0.244684 -0.969499 -0.0141731
63.4098 41.7544 0.269719 -0.247264 -0.96879 -0.0174841
63.4516 41.7608 -0.712154 -0.24351 -0.969733 -0.0174228
63.6106 41.7479 -1.64209 -0.245662 -0.968737 -0.0346304
62.7588 41.9756 -1.96864 -0.245547 -0.968783 -0.0341393
63.0648 41.9351 -3.03439 -0.24457 -0.968998 -0.0350245
63.4224 41.8953 -4.2572 -0.246567 -0.968187 -0.0426557
63.9086 41.82 -5.16305 -0.242587 -0.968824 -0.0503198
64.8488 41.6271 -5.96652 -0.242175 -0.9689 -0.0508295
66.0278 41.3342 -6.0362 -0.244433 -0.968343 -0.0506402
66.8983 41.0998 -5.69881 -0.24214 -0.969103 -0.0469794
67.7371 40.8518 -4.88754 -0.240978 -0.96944 -0.0460044
68.3427 40.6495 -3.74335 -0.238127 -0.970258 -0.0435399
68.6507 40.525 -2.50931 -0.235954 -0.971207 -0.032724
68.8814 40.4331 -1.37149 -0.238387 -0.970671 -0.0311226
68.935 40.3971 -0.363571 -0.240915 -0.970308 -0.021481
68.8763 40.3923 0.585425 -0.238886 -0.97085 -0.0195937
68.6526 40.4255 1.95084 -0.23939 -0.970859 -0.0111767
68.4112 40.4774 2.89698 -0.241327 -0.970439 -0.00305219
68.0288 40.5698 3.95635 -0.241815 -0.970321 -0.00166284
67.4834 40.7086 4.8459 -0.243862 -0.969794 0.00558784
66.8085 40.8834 5.59723 -0.245404 -0.969357 0.0110862
65.6886 41.1725 6.06372 -0.245858 -0.96924 0.011335
64.7612 41.4039 5.9837 -0.242223 -0.970145 0.0121371
64.0147 41.5859 5.44319 -0.246845 -0.969004 0.00945788
63.4969 41.7119 4.64057 -0.246804 -0.96905 0.0054982
63.0682 41.8172 3.40457 -0.24505 -0.96951 0.000748077
62.7233 41.9042 2.21699 -0.243918 -0.969794 -0.00187332
62.5589 41.9588 0.939459 -0.245952 -0.969145 -0.0161555
62.5264 41.9885 -0.209034 -0.247264 -0.96879 -0.0174841
62.6306 41.9875 -1.28487 -0.252661 -0.967194 -0.0264171
62.6951 41.9817 -1.68866 -0.249164 -0.967965 -0.0305252
61.7816 42.21 -1.58137 -0.243787 -0.969401 -0.0285153
61.6369 42.2072 -0.00427407 -0.241971 -0.970064 -0.0204472
61.7463 42.1576 1.53026 -0.244529 -0.969608 -0.00809817
61.8626 42.1214 2.42396 -0.245425 -0.9694 -0.00422876
62.1757 42.0423 3.71448 -0.243901 -0.9698 0.00102234
62.5058 41.9622 4.70823 -0.242006 -0.970268 0.00358391
63.0273 41.8413 5.66041 -0.247881 -0.968712 0.0123274
63.623 41.6995 6.44703 -0.248691 -0.968462 0.0152749
64.6089 41.4558 7.01637 -0.244279 -0.969558 0.016643
65.5787 41.2156 7.17623 -0.245209 -0.969353 0.0150475
66.5114 40.9747 6.91161 -0.252579 -0.967469 0.0122889
67.3147 40.7654 6.57106 -0.246768 -0.969027 0.00959411
68.2693 40.5141 5.48357 -0.245106 -0.969486 0.00431169
68.8734 40.359 4.44997 -0.241619 -0.97037 -0.00119523
69.1733 40.2843 3.56105 -0.244025 -0.969762 -0.00374719
69.4645 40.2173 2.58841 -0.240541 -0.970568 -0.0117243
69.6563 40.1832 1.38982 -0.244325 -0.969563 -0.0147663
69.8687 40.1518 0.314857 -0.240734 -0.970411 -0.018695
69.8756 40.1696 -0.621954 -0.240606 -0.97039 -0.0212694
69.7359 40.2302 -1.62777 -0.24173 -0.969867 -0.0304029
69.5657 40.3032 -2.54667 -0.23974 -0.970195 -0.0352903
69.2915 40.4174 -3.82783 -0.241021 -0.969747 -0.0385796
68.6139 40.6485 -5.21765 -0.242639 -0.969077 -0.0448989
67.7233 40.9223 -6.2794 -0.242356 -0.968987 -0.0482455
66.6112 41.2367 -6.9701 -0.244331 -0.968291 -0.0520948
65.6998 41.4764 -7.17085 -0.242573 -0.968808 -0.0506705
64.8142 41.6936 -7.07378 -0.243162 -0.968621 -0.0514318
63.8993 41.8949 -6.55375 -0.241634 -0.968983 -0.0517983
63.1215 42.0472 -5.75013 -0.242478 -0.968894 -0.049484
62.6144 42.1235 -4.76108 -0.243927 -0.968631 -0.0474054
62.2325 42.1685 -3.61235 -0.244054 -0.968829 -0.0425101
61.9866 42.1901 -2.53817 -0.244053 -0.969187 -0.033393
61.9655 42.1926 -2.45865 -0.244689 -0.969047 -0.0327897
