66.3173 41.998 1.69375 -0.236515 -0.97158 -0.00917281
66.5635 41.9586 0.319617 -0.232959 -0.972365 -0.0154038
66.6601 41.9574 -0.726282 -0.233355 -0.972135 -0.0222983
66.3848 42.0467 -1.55746 -0.234016 -0.971814 -0.028533
66.3168 42.0818 -2.19375 -0.233907 -0.971719 -0.0321963
65.7957 42.1787 -1.13242 -0.238488 -0.970811 -0.0254803
65.6815 42.1844 -0.214698 -0.238396 -0.970895 -0.0230389
65.6185 42.1788 0.845393 -0.239055 -0.97091 -0.0133735
65.7556 42.1345 1.72394 -0.236519 -0.971579 -0.00917294
66.2808 42.0042 2.11883 -0.236374 -0.971642 -0.00626429
67.0493 41.8146 2.54973 -0.23666 -0.971574 -0.00601152
66.547 41.9328 3.40128 -0.238699 -0.971093 -0.000646111
65.7873 42.1192 3.88065 -0.238435 -0.971158 -0.000621367
65.159 42.2738 3.06839 -0.238172 -0.971223 -0.000602325
64.874 42.3495 1.78758 -0.240013 -0.970703 -0.00990626
64.744 42.4008 0.556174 -0.241698 -0.970192 -0.0173902
64.8425 42.4046 -0.813646 -0.240168 -0.970489 -0.021574
64.9917 42.3956 -1.85308 -0.239478 -0.970551 -0.0261106
65.2097 42.3802 -2.98219 -0.237918 -0.970577 -0.0370508
66.0886 42.2042 -3.96952 -0.236821 -0.970825 -0.0376135
66.8346 41.9996 -3.38909 -0.237149 -0.970821 -0.0355318
67.2108 41.87 -2.30105 -0.236169 -0.971156 -0.0328359
67.4198 41.7865 -1.16169 -0.23275 -0.972191 -0.0258111
67.4891 41.7432 -0.0721818 -0.234813 -0.9718 -0.0213322
67.4321 41.7382 1.05301 -0.234536 -0.971977 -0.0159105
67.2839 41.7616 1.84624 -0.235418 -0.971831 -0.0101298
68.1081 41.5583 2.19438 -0.235416 -0.971831 -0.01013
68.33 41.5249 0.847331 -0.234128 -0.972088 -0.0151318
68.3764 41.5339 -0.257186 -0.233116 -0.972281 -0.0180766
68.1831 41.6163 -1.6622 -0.235631 -0.971451 -0.0275889
67.9798 41.6985 -2.73992 -0.235012 -0.971462 -0.0321172
67.5835 41.8372 -3.90512 -0.23489 -0.971236 -0.0390721
66.7645 42.0733 -4.78198 -0.236942 -0.970427 -0.0461546
65.7624 42.327 -4.97294 -0.237167 -0.970355 -0.0465089
64.9326 42.5083 -4.45901 -0.240122 -0.969797 -0.0428512
64.2555 42.6179 -3.05206 -0.238822 -0.970387 -0.0362248
64.0758 42.6217 -1.85559 -0.239853 -0.970466 -0.0258202
63.9429 42.6285 -0.865172 -0.240227 -0.970381 -0.0255283
63.8609 42.6238 0.369817 -0.24031 -0.970536 -0.0175886
63.9224 42.5937 1.2675 -0.240595 -0.970502 -0.0154939
64.0925 42.5391 2.48692 -0.239435 -0.970903 -0.00432247
64.3113 42.4817 3.40748 -0.239856 -0.970807 -0.000272996
64.8455 42.3511 4.27536 -0.239127 -0.970988 0.00095388
65.4736 42.1969 4.90682 -0.239202 -0.970969 0.000819139
66.6218 41.9112 4.75683 -0.240713 -0.970594 -0.00123288
67.4272 41.7156 3.69658 -0.238656 -0.971097 -0.00364314
67.8609 41.6143 2.90178 -0.237572 -0.971349 -0.0063572
67.8928 41.6071 2.80745 -0.23734 -0.971407 -0.00613376
68.7043 41.4061 3.19678 -0.238149 -0.971209 -0.00611912
68.1609 41.5339 4.1617 -0.23776 -0.971314 -0.00443984
67.7105 41.6425 4.96272 -0.238923 -0.971037 0.00182551
66.8227 41.8655 5.76784 -0.24201 -0.97026 0.00512636
65.8065 42.119 6.0035 -0.241656 -0.970332 0.00762954
64.9536 42.3289 5.81762 -0.240854 -0.970539 0.00640561
64.293 42.4891 5.07525 -0.23983 -0.970803 0.00480099
63.6489 42.6452 4.10293 -0.239853 -0.970808 -0.000276371
63.2991 42.7334 3.24103 -0.241012 -0.970519 -0.00240295
63.1859 42.765 2.12477 -0.242107 -0.970208 -0.00750866
63.001 42.8267 1.01787 -0.241243 -0.970332 -0.0160573
63.0185 42.8467 -0.424724 -0.240308 -0.970536 -0.0175866
63.097 42.8496 -1.33525 -0.237038 -0.971207 -0.0238537
63.275 42.8414 -2.56459 -0.240009 -0.970128 -0.0353088
63.5495 42.8214 -3.84919 -0.238513 -0.970291 -0.0403665
64.0009 42.7523 -4.75781 -0.239203 -0.969986 -0.0436829
64.7419 42.6057 -5.56463 -0.2395 -0.969716 -0.047839
65.7576 42.3804 -6.03637 -0.237574 -0.970153 -0.048602
66.8952 42.0916 -5.83635 -0.237485 -0.970215 -0.0477907
67.7198 41.8593 -5.17357 -0.23536 -0.970856 -0.0452027
68.3174 41.679 -4.38581 -0.233947 -0.971482 -0.0386112
68.7471 41.535 -3.34205 -0.232945 -0.971828 -0.0357874
68.9355 41.4507 -2.21738 -0.233595 -0.971829 -0.0311944
69.1321 41.3759 -1.27022 -0.234304 -0.971732 -0.0289474
69.2627 41.3209 -0.357419 -0.237364 -0.971231 -0.0192128
69.1737 41.3158 1.02413 -0.237062 -0.971316 -0.0186217
68.9565 41.349 2.4315 -0.237175 -0.971398 -0.0115597
68.7839 41.3876 3.02683 -0.238726 -0.971069 -0.00588529
69.6504 41.1732 3.21018 -0.23929 -0.970928 -0.00627922
69.187 41.2823 4.17173 -0.238959 -0.97102 -0.004351
68.7177 41.3923 5.00789 -0.240581 -0.970598 -0.0051227
67.9872 41.5764 6.07303 -0.24222 -0.970214 0.00390772
66.9964 41.8264 6.68759 -0.242463 -0.970153 0.00384046
65.8752 42.1099 7.033 -0.241666 -0.97033 0.00759549
64.7762 42.3828 6.8242 -0.242598 -0.970067 0.0107674
63.9408 42.5849 6.25192 -0.241703 -0.970285 0.0112356
63.3693 42.7184 5.32605 -0.239001 -0.971009 0.00451867
62.7154 42.8754 4.27616 -0.239588 -0.97087 0.000996693
62.3686 42.964 3.12038 -0.239965 -0.970776 -0.00337368
62.2593 42.9975 2.03144 -0.23635 -0.971613 -0.0103156
62.0797 43.0569 0.756392 -0.237396 -0.971307 -0.0142263
62.127 43.0682 -0.549562 -0.238471 -0.970949 -0.0197262
62.2844 43.0582 -1.74704 -0.237766 -0.971056 -0.022739
62.4146 43.0643 -2.87153 -0.234577 -0.971401 -0.036582
62.6321 43.0543 -3.98504 -0.242104 -0.969528 -0.0374388
63.0312 42.9979 -4.92013 -0.238301 -0.970169 -0.044553
63.6238 42.8893 -5.71442 -0.237311 -0.970363 -0.0455927
64.5418 42.7077 -6.60975 -0.238466 -0.96984 -0.0504482
65.5539 42.4795 -6.99929 -0.238502 -0.969796 -0.0511157
66.4269 42.2642 -6.99656 -0.241625 -0.969086 -0.049789
67.5632 41.9577 -6.48282 -0.240365 -0.969647 -0.0448233
68.2802 41.7529 -5.85786 -0.238073 -0.970294 -0.0430122
69.1306 41.496 -4.71689 -0.234506 -0.971314 -0.0393899
69.6596 41.3107 -3.24045 -0.236431 -0.971006 -0.0351861
69.8832 41.2261 -2.3394 -0.237591 -0.970895 -0.0300146
70.1482 41.1241 -0.991178 -0.232748 -0.972232 -0.0243685
70.1247 41.1042 -0.0125513 -0.235502 -0.971602 -0.022733
70.0281 41.1055 1.13195 -0.236233 -0.971521 -0.0184654
69.8889 41.1232 2.1962 -0.239683 -0.970782 -0.0115998
69.8394 41.1324 2.45021 -0.238395 -0.971118 -0.00954903
69.7193 41.1577 2.97086 -0.238199 -0.971191 -0.0068872
