-70.93 38.03 0.277272 0.551546 -0.834013 -0.00370138
-70.9347 38.0199 -0.624659 0.544441 -0.837386 0.0349815
-70.5788 38.1786 -1.4715 0.528766 -0.846384 0.0635622
-70.061 38.5396 -1.02701 0.536015 -0.841759 0.0642683
-69.8904 38.695 0.189624 0.52713 -0.849783 -0.00157902
-70.1365 38.5118 1.31502 0.543714 -0.838514 -0.0356242
-70.9183 38.0305 0.712532 0.543349 -0.839072 -0.0246933
-71.8188 37.4568 1.04264 0.519157 -0.85409 -0.0317234
-71.5359 37.5873 2.1589 0.518359 -0.854617 -0.0305192
-71.0792 37.8188 3.04241 0.517216 -0.854727 -0.0439338
-70.364 38.2528 3.17704 0.533329 -0.840652 -0.0887503
-69.6305 38.7674 2.56602 0.544031 -0.836598 -0.0638793
-69.2557 39.0777 1.79807 0.550264 -0.833247 -0.0502993
-69.0232 39.2655 0.845732 0.550491 -0.834525 -0.00827251
-68.9842 39.2821 -0.373959 0.563311 -0.825276 0.0279199
-69.1124 39.1301 -1.28247 0.561893 -0.824677 0.0646764
-69.384 38.8771 -2.1485 0.547224 -0.834133 0.0667728
-69.8564 38.5001 -3.04622 0.519493 -0.849982 0.087507
-70.7586 37.9123 -3.2508 0.53723 -0.838067 0.0950082
-71.3848 37.5799 -2.64531 0.539294 -0.83726 0.0900922
-71.7734 37.4274 -1.47209 0.535223 -0.842291 0.063891
-71.9456 37.3812 -0.322778 0.519336 -0.854513 0.0098548
-71.8466 37.4444 0.921702 0.523349 -0.851806 -0.0177198
-72.7835 36.8613 1.30812 0.520813 -0.853376 -0.0201862
-72.5261 36.9775 2.46386 0.515925 -0.8558 -0.0369761
-72.2132 37.1237 3.31937 0.508133 -0.860445 -0.0378689
-71.6012 37.4344 4.19449 0.477593 -0.877249 -0.0483637
-70.8389 37.8288 4.5673 0.473738 -0.878512 -0.0602585
-69.9125 38.3636 4.4502 0.486501 -0.85802 -0.164677
-69.0914 38.9664 3.80173 0.537957 -0.835026 -0.115469
-68.5325 39.5157 2.64286 0.563427 -0.818926 -0.102383
-68.1501 39.8353 1.7062 0.561885 -0.82699 -0.0188733
-68.0571 39.9239 0.380139 0.611106 -0.788017 -0.0318396
-68.0456 39.9211 -0.645388 0.648034 -0.760972 0.0312084
-68.2316 39.6793 -1.84313 0.587795 -0.801316 0.10698
-68.5818 39.3156 -2.90978 0.554725 -0.826215 0.0971424
-68.9302 38.9938 -3.8214 0.525782 -0.845508 0.0931066
-69.5429 38.5553 -4.41016 0.526836 -0.846166 0.0780102
-70.3406 38.0148 -4.66282 0.566916 -0.815393 0.107964
-71.2958 37.4398 -4.41233 0.549386 -0.831054 0.08319
-72.1311 37.0123 -3.43947 0.521737 -0.846392 0.104343
-72.6016 36.8313 -2.36042 0.51781 -0.85163 0.0812319
-72.8601 36.7728 -1.04497 0.527978 -0.847008 0.0617709
-72.9644 36.7611 -0.0735203 0.517356 -0.855762 -0.00373586
-72.9437 36.7711 0.48293 0.517358 -0.855761 -0.00373788
-72.8704 36.8138 0.846037 0.520632 -0.853733 -0.00740066
