-45.1692 52.847 0.960147 0.657996 -0.752492 0.0248098
-44.7647 53.1754 -0.00854546 0.646888 -0.762579 0.00296516
-44.973 52.9828 -0.913456 0.659948 -0.750103 0.0343857
-45.6357 52.348 -1.31196 0.702186 -0.710267 0.00795032
-45.8504 52.0798 -0.268428 0.731864 -0.68064 0.00509226
-45.7545 52.2259 0.727502 0.74757 -0.663904 0.0192572
-45.3599 52.6836 1.2881 0.705753 -0.705923 0.0152
-44.5581 53.421 1.8873 0.637203 -0.766735 0.0578319
-44.1639 53.6914 1.10652 0.605508 -0.795718 0.0138952
-43.7648 53.9134 0.195276 0.510281 -0.85954 -0.0283576
-43.8021 53.9155 -0.881421 0.468809 -0.88306 -0.00361477
-44.2035 53.582 -1.72433 0.619945 -0.782845 0.0531218
-44.6775 53.2246 -2.47003 0.666725 -0.744685 -0.0303446
-45.3808 52.6187 -3.07872 0.688189 -0.724698 -0.00622215
-46.0349 51.8985 -2.98765 0.746498 -0.665149 -0.0177972
-46.3741 51.5155 -2.08914 0.762021 -0.647552 -0.000303771
-46.596 51.2467 -1.03503 0.759561 -0.650293 -0.0135715
-46.6251 51.1928 -0.0199482 0.759042 -0.650916 -0.012783
-46.4955 51.3843 1.49237 0.773473 -0.633741 0.0102763
-46.168 51.8088 2.67859 0.76053 -0.648805 0.0140807
-45.3775 52.7281 2.95299 0.753737 -0.656125 0.0371572
-44.6941 53.3132 2.15744 0.677138 -0.734294 0.0479263
-43.9437 53.9739 2.90507 0.605324 -0.792156 0.0779213
-44.4413 53.6332 3.70093 0.645751 -0.762065 0.0349878
-45.0216 53.1317 4.2057 0.658023 -0.751069 0.0492728
-45.6783 52.4645 4.47248 0.762433 -0.645595 0.0436316
-46.5083 51.4527 4.2017 0.774511 -0.632263 0.019373
-46.8884 50.9624 3.4133 0.770733 -0.636692 0.0242638
-47.1402 50.6101 2.48367 0.792477 -0.60964 0.0178852
-47.3155 50.3696 1.40955 0.786372 -0.617728 0.00558645
-47.4159 50.2339 0.251492 0.784495 -0.620133 0.00143537
-47.4223 50.2233 -0.80948 0.784834 -0.619705 0.0012301
-47.2819 50.3926 -2.0057 0.78585 -0.61839 0.00570529
-46.9685 50.7846 -3.22191 0.783164 -0.621721 -0.0107869
-46.6153 51.237 -4.15555 0.763379 -0.645243 -0.0302273
-45.9229 52.0761 -4.57902 0.750105 -0.660075 -0.034987
-45.2313 52.7779 -4.48142 0.707919 -0.701643 -0.0809222
-44.4767 53.4562 -3.93922 0.663257 -0.748081 -0.0215492
-43.8015 53.9204 -3.13948 0.557931 -0.827094 -0.0529434
-43.3356 54.2248 -2.36842 0.518915 -0.851318 -0.0490416
-42.6617 54.5293 -1.1888 0.461543 -0.884395 -0.0585992
-42.4413 54.6209 -0.0311145 0.387675 -0.921772 0.00671617
-42.9107 54.4773 1.15955 0.495466 -0.865098 0.0782233
-43.4328 54.2414 1.85845 0.477751 -0.836803 0.222604
-43.5227 54.2081 2.01555 0.618527 -0.781987 0.0750697
-43.7515 54.0852 2.54405 0.605323 -0.792157 0.0779202
