-71.3119 44.0145 0.505572 0.813463 -0.581496 0.00765534
-70.7388 44.8238 0.437311 0.81663 -0.576972 0.0147774
-70.1833 45.4922 0.133974 0.770504 -0.636254 0.0376217
-70.4417 45.1402 -0.429094 0.768236 -0.638474 0.0465177
-70.9949 44.4163 -0.627846 0.791097 -0.607006 0.0755637
-71.4136 43.8734 -0.0742356 0.810295 -0.586022 0.000544648
-71.4287 43.8525 0.0093268 0.810295 -0.586021 0.000538171
-72.0744 43.0603 0.0249879 0.782419 -0.621643 0.0272852
-71.9322 43.187 0.985812 0.784909 -0.617605 -0.049815
-71.4876 43.6377 1.58597 0.754883 -0.647759 -0.102756
-70.9651 44.3759 1.54102 0.836613 -0.534507 -0.119919
-70.3949 45.2282 1.27669 0.743827 -0.655074 -0.113943
-69.5556 46.0839 0.791768 0.630464 -0.775619 -0.0305061
-68.834 46.731 0.445777 0.597999 -0.792717 -0.0881126
-67.8204 47.4118 -0.122229 0.527082 -0.84754 -0.0621377
-68.2933 47.1243 -0.212505 0.534793 -0.842888 -0.058686
-69.1184 46.6264 -0.760533 0.541914 -0.83687 0.0195535
-69.9341 45.7102 -1.21963 0.782446 -0.621662 0.036261
-70.6795 44.7107 -1.53078 0.787727 -0.612662 0.0610819
-71.2158 43.971 -1.68591 0.801142 -0.5905 0.0973692
-71.8171 43.2293 -1.42574 0.772378 -0.625723 0.109103
-72.0667 43.0394 -0.372857 0.791623 -0.609185 0.0471931
-72.7138 42.2867 -0.130083 0.765351 -0.6423 0.0188921
-72.592 42.3207 -1.39628 0.740535 -0.661419 0.106474
-72.0774 42.6321 -2.44403 0.755487 -0.63435 0.15578
-71.4782 43.2994 -2.77731 0.770035 -0.611915 0.180569
-70.7509 44.2794 -2.60822 0.762122 -0.613099 0.208036
-70.1683 45.1255 -2.35336 0.791011 -0.562717 0.240109
-69.6925 45.8624 -2.14362 0.709123 -0.66596 0.200623
-68.8275 46.7062 -1.72311 0.595113 -0.788101 0.134196
-68.0565 47.1836 -1.42725 0.451079 -0.878136 0.159389
-67.1883 47.6394 -1.12989 0.410396 -0.901614 0.136631
-65.9609 48.242 -0.607955 0.426378 -0.904253 0.0230025
-64.7458 48.6546 -0.306279 0.17109 -0.98453 -0.0377937
-64.0261 48.7845 0.161335 0.226735 -0.973938 -0.00604632
-65.3293 48.437 0.504 0.279284 -0.952225 -0.123567
-66.2451 48.139 0.613202 0.408467 -0.912156 0.0269881
-67.118 47.7653 0.907033 0.39756 -0.917542 0.00793494
-67.968 47.2697 1.14687 0.569703 -0.807276 -0.106573
-68.6772 46.7362 1.40643 0.536932 -0.832854 -0.113002
-69.5571 46.0174 1.86676 0.636801 -0.738468 -0.190094
-70.1775 45.2206 2.24564 0.724096 -0.647475 -0.228313
-70.7268 44.4041 2.50262 0.805275 -0.551674 -0.217229
-71.4568 43.383 2.66092 0.75806 -0.620292 -0.201453
-72.2821 42.585 2.0943 0.718455 -0.670548 -0.184896
-72.5955 42.373 1.20504 0.765627 -0.63916 -0.0683708
-72.7053 42.2937 0.0175212 0.774976 -0.631819 -0.0147141
-73.3681 41.5557 0.128065 0.712939 -0.701203 -0.00569216
-73.3286 41.5154 -1.20761 0.713397 -0.697595 0.0665303
-73.0653 41.6319 -2.13082 0.709753 -0.681803 0.174895
-72.6737 41.8217 -3.06066 0.714538 -0.665808 0.210729
-72.0623 42.2478 -3.63097 0.716816 -0.653355 0.242236
-71.4076 42.9378 -3.80633 0.74972 -0.610766 0.252333
-70.6126 44.0575 -3.63803 0.766023 -0.583898 0.268836
-70.1177 44.7694 -3.3941 0.748263 -0.61404 0.251004
-69.5136 45.6515 -3.12528 0.762157 -0.581825 0.283894
-68.773 46.4929 -2.77627 0.562362 -0.800063 0.20892
-67.8474 47.1176 -2.43715 0.447875 -0.884136 0.133085
-66.7958 47.6942 -2.10354 0.446419 -0.888512 0.1061
-65.6937 48.237 -1.64425 0.367029 -0.926703 0.0806951
-64.7826 48.5657 -1.42829 0.201768 -0.974269 0.100338
-63.7805 48.7953 -1.19326 0.186312 -0.977272 0.100235
-62.4978 49.0321 -0.917644 0.166225 -0.984178 0.0605227
-61.2769 49.2561 -0.87042 0.180445 -0.981663 0.0614654
-60.3775 49.4572 -0.869928 0.230278 -0.96868 0.0929034
-59.4462 49.6119 -0.93966 0.148191 -0.979181 0.138721
-58.2174 49.779 -1.19285 0.178858 -0.975536 0.127629
-56.8283 50.0253 -1.6278 0.233853 -0.967055 0.100588
-55.8905 50.2655 -1.91375 0.304441 -0.945479 0.115689
-55.0816 50.5021 -2.28157 0.407701 -0.903015 0.135325
-54.3155 50.7922 -2.68495 0.437808 -0.889288 0.128726
-53.4273 51.2067 -3.19079 0.476949 -0.872365 0.107235
-52.4371 51.8021 -3.67999 0.591369 -0.799965 0.101681
-51.6833 52.3725 -3.75121 0.656189 -0.749824 0.0847327
-50.8494 53.2032 -2.79535 0.653748 -0.752572 0.0790514
-50.5849 53.5381 -1.95639 0.715085 -0.697587 0.03415
-50.4534 53.6888 -1.05198 0.682228 -0.730472 0.0312256
-50.4554 53.6901 0.141657 0.684181 -0.728516 -0.0340756
-50.4937 53.5796 1.34113 0.697334 -0.71326 -0.0702228
-50.6216 53.356 2.29515 0.691868 -0.715476 -0.0970215
-50.975 52.9013 3.23187 0.669809 -0.735755 -0.0983017
-51.59 52.2786 3.61403 0.669784 -0.733275 -0.11704
-52.6274 51.5005 3.3264 0.556072 -0.797997 -0.232348
-53.663 50.952 2.73041 0.504689 -0.846062 -0.171664
-54.4638 50.6331 2.30996 0.349273 -0.918088 -0.181918
-55.3046 50.3595 1.9272 0.363196 -0.921256 -0.139197
-56.5883 50.0589 1.42023 0.243623 -0.963071 -0.104802
-57.891 49.8206 1.23165 0.191121 -0.97538 -0.110026
-59.3356 49.6061 1.07841 0.131665 -0.987771 -0.0834998
-60.3678 49.4257 0.878053 0.191878 -0.978911 -0.0688916
-61.6203 49.2133 0.757535 0.170631 -0.985035 -0.024324
-62.5084 49.0689 0.909719 0.184243 -0.979749 -0.0630977
-63.5899 48.8013 1.15805 0.214233 -0.972061 -0.0957662
-64.7712 48.5512 1.37783 0.174108 -0.981766 -0.0762988
-65.7943 48.2274 1.60505 0.384193 -0.917364 -0.104112
-66.8277 47.791 1.86266 0.401805 -0.888348 -0.192212
-67.5759 47.3175 2.05099 0.525878 -0.811766 -0.242751
-68.3348 46.7903 2.32054 0.476066 -0.870233 -0.126712
-69.1133 46.1 2.73417 0.675799 -0.681466 -0.280891
-69.8125 45.2319 3.18058 0.676144 -0.702378 -0.222474
-70.4744 44.3723 3.46082 0.791837 -0.562705 -0.237399
-70.9895 43.5818 3.63938 0.750235 -0.598755 -0.280427
-71.5474 42.8711 3.70643 0.7311 -0.633741 -0.252714
-72.1922 42.2755 3.50921 0.701236 -0.673473 -0.230638
-72.8068 41.8319 2.76127 0.687874 -0.696752 -0.197993
-73.248 41.6175 1.43106 0.704326 -0.703728 -0.0932314
-73.3301 41.5901 0.6622 0.712941 -0.701201 -0.00568833
-74.0376 40.8795 0.726847 0.688236 -0.72374 -0.00611399
-73.9512 40.9038 1.72342 0.663943 -0.742337 -0.0798902
-73.7183 40.967 2.72928 0.706172 -0.701162 -0.0984531
-73.2598 41.1908 3.62756 0.654848 -0.72951 -0.197456
-72.5788 41.581 4.30424 0.634205 -0.721086 -0.271616
-71.8009 42.202 4.71 0.675575 -0.682053 -0.279658
-70.872 43.1529 4.73795 0.688041 -0.645851 -0.330871
-70.3431 43.9328 4.50294 0.705976 -0.609241 -0.35933
-69.6558 44.9982 4.28539 0.750231 -0.55099 -0.365463
-68.7308 46.0737 3.58585 0.640999 -0.711424 -0.285521
-68.019 46.7454 3.23026 0.464648 -0.85734 -0.22152
-67.2015 47.2934 2.95113 0.486044 -0.853895 -0.186079
-65.8842 47.9987 2.61663 0.339115 -0.912193 -0.229519
-64.9299 48.3406 2.44023 0.168089 -0.964035 -0.205868
-63.618 48.6609 2.15625 0.20984 -0.963458 -0.166408
-62.7189 48.8745 2.02745 0.205724 -0.964743 -0.164161
-61.5415 49.1384 1.8289 0.179547 -0.967759 -0.176648
-60.6379 49.2906 1.86658 0.173601 -0.980905 -0.0833956
-59.4204 49.4447 2.13256 0.156808 -0.969056 -0.190635
-57.8327 49.67 2.2656 0.180133 -0.965944 -0.184358
-56.8851 49.8352 2.41315 0.198066 -0.960168 -0.197098
-55.8097 50.0611 2.78944 0.250499 -0.938481 -0.232174
-54.8643 50.2736 3.10842 0.371488 -0.879945 -0.296131
-54.0897 50.5158 3.52325 0.484539 -0.831842 -0.270666
-53.334 50.8409 4.04907 0.546516 -0.814154 -0.196147
-52.3929 51.3643 4.5001 0.545128 -0.820237 -0.173342
-51.6833 51.9892 4.67197 0.698883 -0.699887 -0.14689
-51.0206 52.6985 4.59567 0.718578 -0.686909 -0.101596
-50.4501 53.3242 4.12994 0.712623 -0.698493 -0.0653938
-50.1166 53.7421 3.34899 0.715307 -0.695188 -0.0709515
-49.8369 54.198 1.97749 0.734695 -0.674578 -0.0679131
-49.7322 54.3846 0.890448 0.728575 -0.68385 -0.0352874
-49.7418 54.4187 -0.15067 0.720549 -0.693066 -0.0133992
-49.7375 54.4193 -1.12814 0.718428 -0.695583 0.00508746
-49.8331 54.2823 -2.18475 0.711741 -0.699592 0.0632125
-50.1384 53.884 -3.15456 0.709117 -0.702448 0.0608218
-50.5103 53.38 -4.24719 0.697761 -0.71021 0.0934253
-51.0999 52.7325 -4.73364 0.682974 -0.721057 0.116222
-52.3574 51.6674 -4.69442 0.626395 -0.763819 0.153617
-53.593 50.9205 -4.09307 0.508603 -0.837878 0.197951
-54.8007 50.3979 -3.39474 0.463375 -0.860687 0.210932
-55.5756 50.1168 -3.04332 0.317283 -0.913982 0.252918
-56.5556 49.9223 -2.66398 0.247022 -0.945325 0.212927
-57.4553 49.7363 -2.43813 0.217182 -0.956442 0.191005
-58.3645 49.6087 -2.18427 0.178981 -0.96795 0.176178
-59.2431 49.4821 -1.99336 0.165267 -0.970474 0.175543
-60.2443 49.329 -1.93803 0.156618 -0.971934 0.175524
-61.5947 49.0907 -1.9151 0.185796 -0.969629 0.15906
-62.8161 48.8634 -2.09537 0.152985 -0.978725 0.136719
-64.2004 48.5461 -2.40895 0.214643 -0.962299 0.167058
-65.0469 48.315 -2.5977 0.280877 -0.943603 0.175275
-66.2717 47.8275 -3.04498 0.392562 -0.899479 0.177039
-67.0253 47.3869 -3.40107 0.449103 -0.883226 0.134946
-68.091 46.7816 -3.51936 0.528771 -0.821131 0.211041
-68.7169 46.1685 -3.84214 0.675998 -0.645353 0.355732
-69.3472 45.3592 -4.15303 0.701975 -0.641803 0.307187
-69.9491 44.5315 -4.40636 0.729491 -0.590817 0.341481
-70.7729 43.2598 -4.71985 0.743062 -0.565504 0.357862
-71.6852 42.1904 -4.81557 0.719685 -0.629434 0.293029
-72.4413 41.5188 -4.52992 0.679452 -0.675444 0.286567
-73.0388 41.1425 -3.93833 0.674138 -0.7001 0.235368
-73.5829 40.9462 -2.83015 0.692688 -0.696019 0.188621
-73.983 40.7818 -1.70593 0.71932 -0.690436 0.0766565
-74.1153 40.7837 -0.704563 0.681673 -0.727762 0.0614178
-74.0721 40.8504 0.299855 0.690867 -0.721845 -0.0101764
-74.0319 40.8777 0.527543 0.71214 -0.701182 -0.00685496
-59.0925 49.6991 -0.00018663 0.140748 -0.989566 -0.0308033
-58.2192 49.8495 -0.161271 0.172861 -0.984892 -0.00800012
-57.2854 50.0094 -0.443937 0.193564 -0.980647 0.00687252
-56.268 50.2799 -0.763127 0.270694 -0.962474 -0.0192014
-55.3702 50.552 -1.12543 0.382259 -0.917627 0.0957065
-54.3132 50.93 -1.67108 0.412235 -0.908006 0.0474209
-53.3738 51.3496 -2.19652 0.48936 -0.867169 0.0751613
-52.6279 51.7796 -2.5573 0.56107 -0.819737 0.102652
-51.7907 52.4089 -2.54935 0.626779 -0.774815 0.0732266
-51.3695 52.8586 -1.72696 0.650154 -0.757888 0.0422428
-51.1712 53.0416 -0.511694 0.663118 -0.747712 0.0206659
-51.2205 52.9917 0.612355 0.642466 -0.766283 -0.00684323
-51.3447 52.7105 1.92593 0.618591 -0.778938 -0.0947392
-52.316 51.8998 2.38993 0.591745 -0.791325 -0.153764
-53.2018 51.3888 1.93352 0.51531 -0.84545 -0.134935
-53.9846 50.9515 1.50324 0.525933 -0.844837 -0.0982056
-54.7815 50.6783 1.11587 0.363169 -0.926552 -0.0921779
-55.7915 50.3729 0.617504 0.271449 -0.959686 -0.0729193
-56.9186 50.1039 0.210028 0.219463 -0.975458 0.0178001
-57.9861 49.8878 0.153898 0.172856 -0.984893 -0.00800366
-58.8571 49.7317 0.0285968 0.159399 -0.986757 -0.0213789
-54.8207 50.7582 -0.227234 0.394689 -0.917092 -0.0562306
-53.8164 51.2275 -0.932405 0.464812 -0.884339 0.0435257
-53.086 51.5863 -1.33839 0.489361 -0.867169 0.0751553
-52.3313 52.1182 -1.42237 0.580838 -0.81156 0.0520792
-51.9484 52.429 -0.413102 0.618489 -0.785073 0.00167909
-51.9943 52.3577 0.612962 0.594244 -0.802739 -0.0429185
-52.8784 51.6533 1.08002 0.550515 -0.830518 -0.0598165
-53.6922 51.2076 0.644194 0.491045 -0.867759 -0.0730322
-54.6973 50.7992 -0.0753295 0.382589 -0.920717 -0.0768522
-54.8055 50.7587 -0.128375 0.388638 -0.918905 -0.0665413
