0.809476 72.3286 -0.791254 0.00969585 -0.999411 0.0109166
1.59372 72.3006 0.238717 -0.0371567 -0.997534 -0.0378098
0.6291 72.2704 0.71351 0.0157578 -0.99797 -0.0583762
0.18742 72.303 -0.248577 0.0344989 -0.998787 -0.0278409
0.66188 72.3228 -0.70249 0.0354662 -0.99935 -0.00643868
0.515276 72.2873 -1.72729 0.00420771 -0.994003 0.10724
-0.297838 72.2692 -1.29885 0.0753139 -0.997018 0.0168209
-0.823603 72.2602 -0.231226 0.049513 -0.998165 -0.000288948
-0.475198 72.2211 1.01239 0.0308124 -0.998578 -0.0432945
0.771868 72.2053 1.68058 -0.0132306 -0.998021 -0.061476
1.66491 72.2145 1.49753 -0.00210383 -0.997627 -0.0688171
2.40368 72.2443 0.758625 -0.0504356 -0.998482 -0.0164907
2.43614 72.2485 -0.704608 -0.049825 -0.998672 0.00570948
1.64553 72.2805 -1.55485 -0.088526 -0.991542 0.0890113
0.851059 72.2777 -1.77462 -0.0144618 -0.995105 0.0977618
1.01877 72.1837 -2.70706 0.00420771 -0.994003 0.10724
-0.329005 72.1805 -2.47029 0.0482026 -0.993394 0.0995403
-1.29114 72.1818 -1.63954 0.0733146 -0.995252 0.0599905
-1.77812 72.2088 -0.361349 0.0705262 -0.996155 0.0459116
-1.70674 72.1681 0.642397 0.0960764 -0.993491 -0.0612011
-1.2351 72.1558 1.58536 0.0732307 -0.995201 -0.0648969
-0.28888 72.173 2.38969 0.0519974 -0.996983 -0.0519702
0.880135 72.1521 2.65359 -0.0110365 -0.999345 -0.0344677
1.99776 72.1383 2.40077 -0.0199528 -0.996472 -0.0815208
2.8487 72.1591 1.82894 -0.0415032 -0.996557 -0.0717818
3.45421 72.1834 0.751835 -0.058018 -0.99789 -0.0291429
3.45616 72.1918 -0.617921 -0.0568005 -0.998269 0.0152512
2.98744 72.1762 -1.61408 -0.0266427 -0.997457 0.0660984
2.05829 72.1573 -2.37422 -0.0624087 -0.992601 0.103374
1.14373 72.1839 -2.68697 -0.0412119 -0.993087 0.106248
1.2304 72.0678 -3.62842 -0.0384285 -0.991847 0.1215
2.45963 72.0509 -3.27659 -0.0572058 -0.994113 0.0920165
3.27534 72.0528 -2.74587 -0.0544162 -0.993814 0.0966469
3.88909 72.0792 -1.96386 -0.1169 -0.988239 0.0985781
4.34516 72.0824 -0.959737 -0.133809 -0.990122 0.0345384
4.4814 72.0551 0.281253 -0.14399 -0.989387 -0.0194873
4.25964 72.0501 1.30176 -0.143854 -0.987929 -0.0574651
3.50563 72.0475 2.52085 -0.0809696 -0.992069 -0.0960997
2.43248 72.0527 3.26125 -0.0612785 -0.99285 -0.102436
1.51714 72.0702 3.57563 -0.0465561 -0.991995 -0.106263
0.436759 72.0786 3.57931 0.036991 -0.989963 -0.133971
-0.50925 72.0471 3.39769 0.0612313 -0.991659 -0.113412
-1.47173 72.0496 2.74199 0.0786375 -0.993143 -0.0865107
-2.10496 72.0578 2.09558 0.0779365 -0.994488 -0.0671168
-2.67322 72.0677 0.756399 0.100428 -0.9942 -0.0358279
-2.73738 72.0848 -0.331576 0.137958 -0.990148 -4.02189e-05
-2.4815 72.0802 -1.46441 0.0919407 -0.994372 0.0524143
-1.83997 72.0915 -2.4663 0.0733101 -0.995253 0.0599829
-1.07715 72.0845 -3.09937 0.0537435 -0.995198 0.0818082
-0.235433 72.0673 -3.58818 0.0248814 -0.994798 0.0987207
1.2177 72.0678 -3.63087 -0.00811897 -0.991909 0.126688
1.2249 72.0679 -3.62969 -0.0232737 -0.991878 0.124094
1.45108 71.9489 -4.54744 -0.0219246 -0.992892 0.116981
0.144327 71.9586 -4.63578 -0.012902 -0.994088 0.107808
-1.09281 71.9732 -4.2822 0.0282322 -0.99455 0.100361
-2.06406 71.9911 -3.53117 0.0631332 -0.993943 0.089958
-2.86866 71.9842 -2.74642 0.0921495 -0.994105 0.0563021
-3.3067 71.982 -1.949 0.10008 -0.994227 0.0357044
-3.58004 71.9725 -0.859616 0.108802 -0.993981 0.0127864
-3.72322 71.9589 0.213499 0.107359 -0.994186 -0.00825598
-3.63939 71.9506 1.08977 0.11113 -0.993444 -0.0268175
-3.27753 71.9457 2.17213 0.0978385 -0.993698 -0.054703
-2.48373 71.9505 3.12726 0.0573097 -0.996299 -0.0640665
-1.5196 71.9331 3.96975 0.0499312 -0.994581 -0.0911692
-0.666448 71.9417 4.35897 0.0398426 -0.993301 -0.106714
0.451408 71.9415 4.52069 0.00276491 -0.993178 -0.116574
1.53791 71.9235 4.58146 -0.01651 -0.990731 -0.134832
2.3961 71.9388 4.26924 -0.0618868 -0.990142 -0.125611
3.60295 71.9245 3.74295 -0.0745315 -0.991111 -0.10889
4.27536 71.9321 3.07613 -0.0883198 -0.991773 -0.0924049
4.83516 71.9368 2.27187 -0.092134 -0.995028 -0.0378207
5.33935 71.9379 0.78706 -0.106377 -0.994108 -0.0108849
5.39809 71.9461 -0.529406 -0.130953 -0.991177 -0.0204677
5.13933 71.9389 -1.70669 -0.110053 -0.992442 0.0542816
4.48616 71.9323 -2.83088 -0.102807 -0.991609 0.0783687
3.64067 71.9344 -3.65823 -0.0738538 -0.991294 0.108883
2.51808 71.9438 -4.31189 -0.0510326 -0.992915 0.105028
1.94607 71.9445 -4.46195 -0.0291196 -0.993838 0.106944
1.56707 71.9471 -4.54036 -0.0259011 -0.993385 0.111722
