-37.2801 11.6314 18.364 0.186449 -0.980084 -0.0681385
-36.9266 11.6304 19.2624 0.182501 -0.980153 -0.0772983
-36.4344 11.6236 20.4242 0.181613 -0.97933 -0.0890429
-35.9142 11.6245 21.4606 0.175744 -0.980793 -0.0846148
-35.3381 11.6401 22.4435 0.171643 -0.980753 -0.0930758
-34.689 11.6513 23.4813 0.165601 -0.981239 -0.09871
-34.066 11.6652 24.3621 0.16047 -0.981627 -0.103233
-33.2418 11.6994 25.3131 0.161277 -0.981226 -0.105762
-32.4995 11.7222 26.1947 0.156303 -0.981435 -0.111153
-31.8116 11.7297 27.0723 0.147123 -0.982675 -0.112717
-31.2625 11.7261 27.8107 0.145371 -0.982592 -0.115671
-30.3796 11.7218 28.9388 0.145461 -0.982036 -0.120193
-29.5961 11.723 29.8394 0.136784 -0.982622 -0.125478
-28.8415 11.7293 30.6115 0.134722 -0.982995 -0.12478
-27.9386 11.7522 31.3939 0.133227 -0.982994 -0.126385
-27.2193 11.7728 31.9733 0.123971 -0.983194 -0.134017
-26.2939 11.7878 32.7177 0.12054 -0.983403 -0.135557
-25.4715 11.7915 33.3908 0.118478 -0.983156 -0.139162
-24.5295 11.7981 34.1488 0.111695 -0.983607 -0.141418
-23.608 11.7997 34.8046 0.105953 -0.983434 -0.147076
-22.4668 11.8005 35.6345 0.105374 -0.982727 -0.152105
-21.6698 11.7782 36.305 0.0995226 -0.982998 -0.154302
-20.6363 11.7773 36.9695 0.0982 -0.982787 -0.156476
-19.7784 11.7883 37.4311 0.0917384 -0.983076 -0.158465
-18.8542 11.8064 37.8212 0.0870345 -0.983868 -0.156294
-18.0012 11.8246 38.1769 0.084679 -0.983981 -0.156878
-17.0364 11.8307 38.6596 0.084889 -0.983935 -0.157055
-15.9054 11.847 39.093 0.0755343 -0.983832 -0.162383
-15.011 11.8584 39.427 0.0716624 -0.983947 -0.16344
-14.1788 11.8594 39.7709 0.0660014 -0.983017 -0.171187
-13.3078 11.8511 40.1327 0.0620667 -0.983173 -0.171809
-12.3737 11.8444 40.5026 0.05999 -0.983775 -0.169079
-11.5122 11.8422 40.8169 0.0563358 -0.983614 -0.171249
-10.3827 11.8441 41.1653 0.0504572 -0.983708 -0.172496
-9.35327 11.8614 41.3447 0.0475444 -0.983448 -0.174839
-7.98969 11.8937 41.5254 0.0457511 -0.983147 -0.176998
-6.58618 11.9062 41.7302 0.0311733 -0.984243 -0.174051
-5.37304 11.9035 41.9471 0.0265194 -0.983595 -0.178429
-4.33195 11.8918 42.1481 0.0186751 -0.983261 -0.181235
-3.03383 11.8721 42.3858 0.0170187 -0.982753 -0.184138
-1.59802 11.86 42.5521 0.0120415 -0.982889 -0.183803
-0.131364 11.8489 42.6678 0.00356782 -0.983597 -0.180316
1.04671 11.8523 42.6516 -0.0015525 -0.983424 -0.181291
2.1058 11.8712 42.5393 -0.0015752 -0.983031 -0.183431
3.1619 11.8948 42.4016 -0.00219748 -0.983053 -0.183309
4.24396 11.9161 42.2408 -0.0149729 -0.982825 -0.183922
5.15118 11.9227 42.1278 -0.0149116 -0.98311 -0.182405
6.38999 11.9213 42.0172 -0.0208955 -0.983015 -0.182329
7.44765 11.9125 41.9291 -0.0255769 -0.983171 -0.180891
8.71286 11.8989 41.8082 -0.0322391 -0.983036 -0.180549
9.70281 11.8889 41.6803 -0.0329645 -0.983315 -0.178897
11.1181 11.8769 41.451 -0.0369854 -0.983485 -0.177166
12.1036 11.884 41.1997 -0.038279 -0.983346 -0.177668
13.0217 11.8901 40.93 -0.0499674 -0.983524 -0.173736
14.0745 11.898 40.5723 -0.0536471 -0.983409 -0.173286
15.0805 11.9093 40.189 -0.0554671 -0.984178 -0.168274
16.125 11.9152 39.7854 -0.0627338 -0.984156 -0.165831
17.388 11.9299 39.2219 -0.0622419 -0.984047 -0.166665
18.372 11.9378 38.7948 -0.0710144 -0.983778 -0.16466
19.4077 11.9246 38.3995 -0.0772016 -0.983462 -0.163814
20.7207 11.9031 37.9056 -0.0775863 -0.984338 -0.158282
21.74 11.8933 37.4408 -0.0811645 -0.984508 -0.155426
22.5372 11.8979 36.984 -0.0838469 -0.984454 -0.154333
23.4683 11.9197 36.2929 -0.0957371 -0.983781 -0.15169
24.3601 11.9387 35.5836 -0.0989202 -0.983953 -0.148498
25.5029 11.9488 34.7326 -0.103584 -0.983873 -0.145821
26.5487 11.9404 34.0475 -0.103837 -0.985196 -0.136381
27.4334 11.9365 33.3889 -0.104479 -0.985496 -0.133723
28.143 11.9451 32.7705 -0.104549 -0.985572 -0.133106
28.9226 11.9413 32.1126 -0.11793 -0.984808 -0.127459
30.034 11.9038 31.3424 -0.121826 -0.984945 -0.122648
31.0767 11.8734 30.5248 -0.126201 -0.984558 -0.121319
32.0214 11.8762 29.5167 -0.128084 -0.984331 -0.121187
32.7211 11.8827 28.6643 -0.142625 -0.98344 -0.111822
33.2708 11.8849 27.9412 -0.143831 -0.984142 -0.10355
33.825 11.8852 27.1206 -0.142346 -0.985109 -0.0964209
34.3967 11.8748 26.3142 -0.149858 -0.984258 -0.093698
34.9731 11.8563 25.5697 -0.158878 -0.983432 -0.087285
35.7779 11.8126 24.5592 -0.161437 -0.983893 -0.0766473
36.4476 11.7653 23.6995 -0.164556 -0.983372 -0.076774
37.1512 11.7353 22.5724 -0.169779 -0.982413 -0.0777138
37.7228 11.6931 21.6769 -0.176516 -0.982029 -0.0667694
38.1469 11.6688 20.8653 -0.175146 -0.982585 -0.0620588
38.6033 11.6442 19.9023 -0.182193 -0.981831 -0.0530232
39.0272 11.6223 18.8309 -0.18534 -0.981377 -0.0503354
39.3167 11.601 17.9657 -0.199084 -0.979078 -0.0420955
39.5806 11.5844 17.0444 -0.200062 -0.979168 -0.0346979
39.8636 11.5611 16.0795 -0.199641 -0.979248 -0.0348902
40.2121 11.5203 15.1192 -0.206701 -0.97798 -0.027837
40.5917 11.452 14.1826 -0.209554 -0.977763 -0.00814915
40.9508 11.3832 13.2444 -0.209277 -0.977819 -0.00851809
41.3632 11.2969 11.8165 -0.224939 -0.974357 0.00429817
41.5407 11.2497 10.7528 -0.229165 -0.973361 0.00715953
41.6645 11.2128 9.79803 -0.229966 -0.973169 0.00755361
41.8103 11.1656 8.65825 -0.242369 -0.97009 0.0135062
41.9324 11.1155 7.49979 -0.243161 -0.969772 0.0203612
42.0324 11.0696 6.55074 -0.240696 -0.970364 0.0214326
42.1601 11.0158 5.50821 -0.245244 -0.969229 0.0201154
42.2552 10.9685 4.55607 -0.251157 -0.967675 0.0229245
42.3403 10.9251 3.63038 -0.250875 -0.96776 0.0224277
42.4497 10.878 2.42626 -0.25476 -0.966895 0.0130959
42.5377 10.8374 1.21943 -0.259618 -0.965651 0.0108192
42.4889 10.8394 0.21607 -0.259683 -0.965634 0.0107523
42.3651 10.8682 -0.699409 -0.257223 -0.966344 0.00384992
42.2724 10.8905 -1.68734 -0.256059 -0.966652 -0.00409602
42.2512 10.9008 -2.80153 -0.257087 -0.966381 -0.00348728
42.2068 10.9176 -4.01101 -0.252324 -0.967636 -0.00368378
42.0407 10.9734 -5.38148 -0.25265 -0.967527 -0.0072982
41.9233 11.0129 -6.74182 -0.248441 -0.968626 -0.00537402
41.8837 11.0302 -7.83827 -0.244491 -0.969594 -0.0105895
41.8394 11.0487 -8.77019 -0.241607 -0.970357 -0.00581364
41.7031 11.0862 -9.9303 -0.239137 -0.970985 -0.00149713
41.5196 11.1317 -10.9949 -0.237004 -0.971504 0.00314113
41.3542 11.1689 -11.9691 -0.236307 -0.971676 0.00173871
41.0927 11.2221 -12.8876 -0.222893 -0.974781 0.0109934
40.7723 11.2849 -13.7765 -0.221304 -0.975156 0.00912679
40.5043 11.3386 -14.6938 -0.226556 -0.973822 0.0175971
40.1212 11.4012 -15.6316 -0.212304 -0.976758 0.0289486
39.6679 11.4557 -16.8518 -0.206919 -0.977512 0.0401778
39.2624 11.4862 -18.0041 -0.201252 -0.978521 0.0446408
38.8643 11.5178 -19.1052 -0.204647 -0.977569 0.0496825
38.3401 11.5544 -20.3153 -0.193347 -0.979507 0.0564252
37.7555 11.5999 -21.4196 -0.187027 -0.980038 0.0671949
37.1723 11.6443 -22.3187 -0.181469 -0.981035 0.0681099
36.5516 11.6912 -23.2856 -0.177109 -0.981381 0.0739994
35.8644 11.7276 -24.2534 -0.174231 -0.980523 0.0906588
35.2975 11.7469 -25.0826 -0.16947 -0.98103 0.0941245
34.7851 11.7558 -25.8618 -0.152658 -0.982972 0.102286
33.8845 11.7633 -27.1714 -0.153176 -0.983453 0.0967379
33.0553 11.7799 -28.2037 -0.146591 -0.982792 0.112387
32.2602 11.7957 -29.0901 -0.141839 -0.983086 0.11578
31.4694 11.8033 -29.9535 -0.135878 -0.983793 0.116963
30.5361 11.8171 -30.8555 -0.128959 -0.984462 0.119184
29.7857 11.8329 -31.5469 -0.131509 -0.982896 0.128492
28.9594 11.8425 -32.2419 -0.127554 -0.981739 0.141133
28.1714 11.8566 -32.8328 -0.11291 -0.983396 0.142016
27.1843 11.8602 -33.5857 -0.113098 -0.983728 0.139561
26.2686 11.8487 -34.3476 -0.107679 -0.982858 0.149651
25.4602 11.8395 -34.9913 -0.106578 -0.983056 0.149132
24.3671 11.833 -35.8019 -0.104985 -0.983145 0.149682
23.4875 11.8325 -36.3706 -0.0985103 -0.982473 0.158248
22.1811 11.8298 -37.1834 -0.0961485 -0.982282 0.160868
21.0652 11.8283 -37.8085 -0.0851386 -0.98278 0.163995
20.0268 11.8333 -38.322 -0.0847577 -0.983106 0.16223
19.2026 11.8418 -38.6958 -0.0771827 -0.982628 0.168778
17.9016 11.8594 -39.1908 -0.0774773 -0.983066 0.166067
16.7313 11.8774 -39.6188 -0.0741521 -0.982647 0.170018
15.5647 11.8801 -40.0717 -0.0613738 -0.983192 0.171946
14.6859 11.8709 -40.419 -0.0545684 -0.983106 0.174712
13.8336 11.8604 -40.7454 -0.0534953 -0.982834 0.176547
12.578 11.8558 -41.1514 -0.0526426 -0.983576 0.172649
11.3042 11.8622 -41.455 -0.0450274 -0.983179 0.176974
10.3297 11.8688 -41.602 -0.0336424 -0.98311 0.179897
9.25933 11.8792 -41.7462 -0.0336856 -0.983045 0.180244
8.20535 11.8823 -41.897 -0.0253171 -0.983209 0.18072
7.21337 11.8748 -42.0841 -0.0255072 -0.982341 0.18527
6.30511 11.867 -42.2271 -0.013247 -0.982502 0.185783
4.92868 11.8542 -42.3952 -0.0137151 -0.982543 0.185531
3.81702 11.8463 -42.489 -0.00394121 -0.982956 0.183798
2.78073 11.8341 -42.5694 0.00166373 -0.983247 0.182265
1.63108 11.8215 -42.6182 0.00460416 -0.983184 0.182552
0.346949 11.8201 -42.5927 0.0037308 -0.983668 0.179952
-0.730246 11.8159 -42.5777 0.0175556 -0.982947 0.182946
-1.76449 11.8004 -42.5341 0.0218858 -0.983603 0.179015
-3.39662 11.7924 -42.3823 0.0214023 -0.983644 0.178849
-4.3012 11.7869 -42.2739 0.0262385 -0.982764 0.182973
-5.60495 11.7862 -42.0812 0.0379941 -0.982388 0.182827
-7.11668 11.7719 -41.8083 0.0408504 -0.983285 0.177433
-8.07134 11.7645 -41.6279 0.0459809 -0.982749 0.179136
-9.03001 11.7559 -41.426 0.0465646 -0.982646 0.179549
-10.0555 11.7518 -41.1554 0.0578061 -0.982213 0.17865
-11.1679 11.7419 -40.8436 0.0592305 -0.982444 0.176907
-12.1495 11.736 -40.5511 0.0617694 -0.982857 0.17366
-13.1933 11.7333 -40.1652 0.0659045 -0.98312 0.170682
-14.2011 11.7323 -39.7581 0.0736857 -0.982889 0.168821
-15.2759 11.7253 -39.3339 0.0749599 -0.982481 0.170599
-16.3804 11.7174 -38.8772 0.079989 -0.982582 0.16769
-17.2644 11.7107 -38.4681 0.0841581 -0.982791 0.164436
-18.3038 11.7034 -37.9649 0.0885267 -0.982633 0.163066
-19.3875 11.6856 -37.4806 0.0919595 -0.982934 0.159314
-20.4773 11.6591 -37.0044 0.0947887 -0.982923 0.157712
-21.7152 11.6451 -36.331 0.0968845 -0.982769 0.15741
-22.5945 11.6588 -35.663 0.10654 -0.982252 0.154372
-23.388 11.6694 -35.0508 0.106189 -0.982175 0.155102
-24.3071 11.6714 -34.3924 0.110019 -0.982732 0.148763
-25.0832 11.6704 -33.8153 0.111961 -0.982934 0.145947
-25.7867 11.6724 -33.2325 0.117319 -0.982716 0.143195
-26.7266 11.6778 -32.406 0.121533 -0.982866 0.138581
-27.6416 11.6766 -31.6141 0.12184 -0.982747 0.139152
-28.6258 11.6625 -30.807 0.130965 -0.981656 0.138562
-29.3225 11.6457 -30.2013 0.135774 -0.982802 0.125149
-30.0194 11.6439 -29.4566 0.136395 -0.983421 0.119498
-30.6413 11.6489 -28.7086 0.140966 -0.982365 0.122794
-31.2949 11.653 -27.8816 0.146429 -0.981881 0.12028
-31.9433 11.6619 -26.9659 0.148857 -0.982243 0.114192
-32.5321 11.6592 -26.1958 0.151265 -0.98218 0.111541
-33.2635 11.6475 -25.2531 0.155201 -0.98242 0.103749
-33.9906 11.6391 -24.2297 0.157776 -0.982461 0.0993653
-34.8534 11.6136 -23.0867 0.15959 -0.982232 0.0987514
-35.6777 11.592 -21.9329 0.162625 -0.982232 0.0936057
-36.2247 11.5856 -20.9701 0.161974 -0.983376 0.0820433
-36.7851 11.5772 -19.9334 0.163197 -0.983294 0.0806132
-37.3314 11.5735 -18.7068 0.177913 -0.98135 0.0727724
-37.6526 11.5839 -17.739 0.177578 -0.981642 0.0696109
-38.0342 11.5809 -16.7953 0.184396 -0.981004 0.0598308
-38.3345 11.5719 -15.9116 0.18053 -0.982259 0.0505321
-38.7367 11.5456 -14.9538 0.189017 -0.980654 0.0508933
-39.2621 11.4982 -13.8149 0.192848 -0.980384 0.0405599
-39.6049 11.4644 -12.9427 0.195891 -0.979872 0.0384444
-39.8522 11.4514 -12.0134 0.197992 -0.979489 0.0373559
-40.0476 11.4409 -11.0371 0.203437 -0.97866 0.0289471
-40.2102 11.4382 -9.99501 0.205343 -0.978276 0.0283719
-40.3478 11.4402 -8.86034 0.206757 -0.978083 0.0244827
-40.4873 11.4372 -7.60334 0.208549 -0.977813 0.0197392
-40.5711 11.4317 -6.66991 0.214854 -0.97663 0.00557906
-40.6744 11.4183 -5.53399 0.215982 -0.976346 0.0100524
-40.7621 11.4071 -4.54207 0.219245 -0.975628 0.00904301
-40.9692 11.3685 -3.14275 0.223486 -0.974701 0.00338588
-41.0938 11.3437 -2.22563 0.222803 -0.974849 0.00505319
-41.1563 11.3369 -1.24561 0.222334 -0.974934 0.00844029
-41.1533 11.3469 -0.146948 0.227807 -0.97368 0.00711552
-41.0958 11.3619 1.07011 0.225842 -0.974157 -0.00359059
-41.0574 11.3712 2.16123 0.221216 -0.975214 0.00190148
-41.0376 11.3752 3.13894 0.218002 -0.975945 -0.00206704
-40.9699 11.3862 4.21004 0.215875 -0.976396 -0.00606721
-40.8273 11.4125 5.69815 0.225645 -0.974202 -0.00321664
-40.742 11.4193 6.79847 0.213916 -0.976751 -0.0137313
-40.5795 11.4444 7.72608 0.209872 -0.977685 -0.00928935
-40.3336 11.4772 9.04675 0.207531 -0.977912 -0.0237187
-40.1303 11.484 10.2005 0.204012 -0.97856 -0.028272
-40.0116 11.4815 11.1492 0.202584 -0.978856 -0.0282956
-39.8515 11.4819 12.0648 0.198085 -0.979379 -0.0397323
-39.5526 11.5014 13.0883 0.196457 -0.979689 -0.0401459
-39.1888 11.5244 14.0434 0.197077 -0.978756 -0.0565446
-38.6277 11.5623 15.3378 0.193422 -0.979549 -0.055415
-38.1317 11.5957 16.4135 0.192763 -0.979113 -0.0646448
-37.7363 11.6164 17.2691 0.191931 -0.979253 -0.0650035
-37.3786 11.6293 18.1117 0.191528 -0.979218 -0.0667057
-38.2581 11.4385 18.3696 0.194853 -0.978313 -0.0702557
-37.861 11.4442 19.3524 0.190427 -0.97845 -0.0798372
-37.4767 11.4373 20.3465 0.183359 -0.979372 -0.0847831
-37.0021 11.4331 21.4022 0.178062 -0.980477 -0.0834223
-36.3896 11.4492 22.501 0.178555 -0.980024 -0.0875325
-35.7228 11.467 23.5358 0.173211 -0.980193 -0.0960228
-35.1033 11.4787 24.5216 0.172587 -0.98018 -0.0972631
-34.4098 11.5049 25.3623 0.160007 -0.981874 -0.101592
-33.6957 11.5337 26.1698 0.157231 -0.981919 -0.105416
-33.0718 11.5503 26.9087 0.154419 -0.981848 -0.110109
-32.5098 11.5557 27.6389 0.153723 -0.981663 -0.112723
-31.9599 11.5512 28.4157 0.152167 -0.981617 -0.115207
-31.2607 11.5474 29.3015 0.143419 -0.982255 -0.120858
-30.615 11.5501 30.0451 0.144034 -0.981822 -0.123615
-29.806 11.5545 30.9306 0.137028 -0.98264 -0.125069
-28.8718 11.569 31.8189 0.134125 -0.982386 -0.130109
-28.1292 11.5864 32.4511 0.132637 -0.982198 -0.133023
-27.0993 11.6157 33.2335 0.123278 -0.982844 -0.137151
-26.3903 11.6235 33.7976 0.119997 -0.982881 -0.13979
-25.6785 11.6247 34.3955 0.118888 -0.982532 -0.143098
-24.9037 11.6247 35.0133 0.111713 -0.98216 -0.15127
-23.9778 11.6291 35.6716 0.110198 -0.982556 -0.149784
-23.0187 11.6247 36.3881 0.105374 -0.982727 -0.152105
-22.1776 11.6075 37.0688 0.103267 -0.982984 -0.151914
-21.1128 11.6043 37.7561 0.0969134 -0.982855 -0.156854
-20.2393 11.6134 38.2387 0.0958559 -0.982647 -0.158783
-19.349 11.6346 38.621 0.0908714 -0.982764 -0.160986
-18.4876 11.66 38.947 0.0858569 -0.983925 -0.156587
-17.2763 11.6671 39.5205 0.082747 -0.982896 -0.164522
-16.4231 11.6738 39.8871 0.0779092 -0.983134 -0.165461
-15.0052 11.69 40.4076 0.070054 -0.982831 -0.170691
-13.9028 11.6904 40.8379 0.0625493 -0.983317 -0.170803
-12.7841 11.6794 41.3174 0.0615405 -0.983611 -0.169471
-11.4742 11.6743 41.794 0.0563367 -0.983614 -0.171247
-10.4335 11.676 42.1059 0.0497964 -0.983645 -0.173062
-9.4054 11.6939 42.277 0.0450778 -0.983653 -0.174338
-8.15452 11.7254 42.4216 0.0454833 -0.983456 -0.175347
-7.04075 11.7411 42.5662 0.030996 -0.983174 -0.180021
-6.11031 11.7389 42.737 0.0300521 -0.983128 -0.180431
-4.97028 11.7323 42.9563 0.0221034 -0.983602 -0.178927
-3.90696 11.7139 43.1542 0.0165692 -0.983083 -0.182407
-2.61356 11.7014 43.3295 0.0131316 -0.982514 -0.185726
-1.70516 11.6933 43.4325 0.0116973 -0.982424 -0.186295
-0.517562 11.6819 43.5524 0.00817132 -0.98246 -0.186293
0.417669 11.6804 43.5856 -0.0030478 -0.982792 -0.184684
1.50125 11.6845 43.5426 -0.00247417 -0.983008 -0.183542
2.89731 11.714 43.3676 -0.00403907 -0.982704 -0.185137
3.81352 11.7352 43.2303 -0.00632207 -0.982642 -0.185397
4.79991 11.7534 43.0701 -0.0133806 -0.983265 -0.181683
5.89646 11.7567 42.9638 -0.017855 -0.983156 -0.181864
7.03562 11.7485 42.8733 -0.0241537 -0.982829 -0.182917
8.33322 11.7315 42.7769 -0.0290754 -0.9828 -0.182352
9.90418 11.7198 42.5682 -0.0325368 -0.982722 -0.182203
10.9619 11.7108 42.4094 -0.0361476 -0.983334 -0.178167
11.9652 11.7131 42.1809 -0.0391396 -0.983699 -0.175514
13.1074 11.7222 41.8435 -0.0486492 -0.983153 -0.176189
14.2568 11.7287 41.4827 -0.0516367 -0.98336 -0.174162
15.3978 11.7397 41.0629 -0.0552756 -0.983681 -0.171218
16.5448 11.7498 40.6018 -0.0630066 -0.983644 -0.168744
17.4276 11.7629 40.1931 -0.0634779 -0.983787 -0.16772
18.3177 11.7744 39.7848 -0.0676648 -0.983414 -0.168251
19.5817 11.7593 39.3187 -0.0736799 -0.984003 -0.162204
20.5551 11.7476 38.9505 -0.0740886 -0.984274 -0.160347
21.4497 11.7347 38.5836 -0.0808449 -0.983989 -0.158842
22.499 11.7251 38.0888 -0.0862152 -0.983521 -0.158912
23.4985 11.7429 37.422 -0.0935238 -0.983468 -0.155006
24.2334 11.7614 36.8374 -0.0953887 -0.983866 -0.151354
25.1728 11.7814 36.0942 -0.0966981 -0.984473 -0.1465
25.9834 11.7879 35.5122 -0.0972812 -0.984451 -0.146262
27.0373 11.774 34.8632 -0.102947 -0.985012 -0.138392
27.924 11.7725 34.2017 -0.107471 -0.984863 -0.135994
28.6393 11.7862 33.5376 -0.110361 -0.984633 -0.135311
29.8204 11.7716 32.6079 -0.116384 -0.985178 -0.126014
30.8771 11.7312 31.891 -0.121763 -0.984893 -0.123127
31.6534 11.7094 31.2616 -0.126313 -0.984664 -0.120339
32.3052 11.7065 30.582 -0.131922 -0.98392 -0.120374
32.9857 11.7164 29.774 -0.137954 -0.983267 -0.118739
33.8279 11.7153 28.7163 -0.144428 -0.983219 -0.111446
34.5528 11.7279 27.6529 -0.143832 -0.984142 -0.103551
35.4232 11.7041 26.4609 -0.156479 -0.983434 -0.0914998
36.1389 11.6699 25.56 -0.156506 -0.983918 -0.0860924
37.1081 11.6053 24.3444 -0.16573 -0.983317 -0.0749727
37.7446 11.5711 23.3666 -0.167454 -0.983003 -0.075266
38.25 11.5414 22.5493 -0.174072 -0.982578 -0.0651149
38.84 11.5041 21.5122 -0.175632 -0.982415 -0.0633576
39.3421 11.4739 20.5015 -0.18431 -0.981364 -0.054328
39.8283 11.4443 19.3099 -0.188931 -0.980768 -0.048977
40.212 11.4178 18.1665 -0.195454 -0.980091 -0.0349191
40.5811 11.3893 16.8431 -0.195988 -0.980082 -0.0320577
40.9414 11.348 15.6798 -0.207203 -0.978018 -0.0233902
41.3192 11.2866 14.7794 -0.208437 -0.977882 -0.0173378
41.8559 11.1833 13.4575 -0.216436 -0.976244 -0.0101694
42.2141 11.1002 12.1889 -0.225337 -0.974256 0.00701894
42.403 11.0484 11.0445 -0.229404 -0.973311 0.00633312
42.5557 10.9993 9.85715 -0.238658 -0.971 0.0142026
42.7028 10.945 8.67277 -0.242222 -0.970065 0.0169229
42.8059 10.898 7.67362 -0.247524 -0.968633 0.0219686
42.943 10.8351 6.41634 -0.250433 -0.967835 0.0237263
43.05 10.78 5.40436 -0.254476 -0.966841 0.0214447
43.1453 10.7317 4.40125 -0.256213 -0.966347 0.0229975
43.2369 10.6796 3.27703 -0.258911 -0.965667 0.02077
43.358 10.6306 2.28741 -0.259727 -0.965557 0.0154937
43.4402 10.5954 1.26892 -0.263241 -0.964651 0.0117037
43.4251 10.5887 0.35664 -0.265252 -0.964158 0.0062695
43.2931 10.6203 -0.554491 -0.265985 -0.963963 0.00510984
43.1391 10.6602 -1.65764 -0.261219 -0.965265 -0.00412071
43.1253 10.6667 -2.60323 -0.258115 -0.96611 -0.00288032
43.1323 10.6695 -3.51572 -0.258091 -0.966096 -0.00685772
43.0564 10.6975 -4.56988 -0.259162 -0.965786 -0.00957154
42.8783 10.7567 -5.78632 -0.258273 -0.966004 -0.011261
42.7927 10.7897 -7.06703 -0.252376 -0.967572 -0.0101275
42.7797 10.805 -8.13247 -0.247689 -0.968796 -0.00921319
42.729 10.8252 -9.05729 -0.245469 -0.969353 -0.00948997
42.5873 10.8696 -10.3393 -0.240761 -0.970579 -0.0026694
42.3632 10.9244 -11.4376 -0.236307 -0.971676 0.00173869
42.1852 10.9673 -12.3799 -0.23561 -0.971848 0.000336256
41.898 11.0282 -13.3473 -0.227205 -0.9738 0.00927833
41.5723 11.0948 -14.2746 -0.223154 -0.974677 0.0144026
41.1816 11.1658 -15.4175 -0.223523 -0.974456 0.0217003
40.7326 11.236 -16.5584 -0.215426 -0.975914 0.0344137
40.3279 11.2799 -17.6809 -0.203686 -0.977949 0.0461239
39.8346 11.317 -19.0537 -0.204391 -0.977777 0.0466457
39.4963 11.3413 -19.9379 -0.197011 -0.979215 0.0482194
38.9392 11.3856 -21.1445 -0.192141 -0.979495 0.0605868
38.2807 11.4392 -22.3095 -0.186493 -0.980196 0.0664472
37.6508 11.4862 -23.3143 -0.180885 -0.981087 0.068914
37.0381 11.5271 -24.1792 -0.17205 -0.980998 0.0896724
36.4995 11.5543 -24.9149 -0.171509 -0.98146 0.0854498
35.9503 11.5737 -25.7244 -0.160539 -0.982912 0.0900636
35.4288 11.5864 -26.5151 -0.16502 -0.981956 0.0922208
34.8941 11.5891 -27.3367 -0.155591 -0.982817 0.0993049
34.0509 11.6073 -28.4227 -0.148119 -0.982772 0.110497
33.3604 11.617 -29.2362 -0.143249 -0.983233 0.112836
32.745 11.6277 -29.9211 -0.140633 -0.982802 0.119655
32.0921 11.634 -30.6303 -0.138386 -0.983237 0.118722
31.4136 11.6454 -31.2969 -0.133864 -0.983489 0.121781
30.6359 11.6549 -32.0038 -0.127809 -0.982514 0.135391
29.9067 11.6606 -32.6509 -0.127787 -0.982572 0.134987
29.0797 11.6763 -33.2912 -0.127577 -0.981791 0.140751
28.1846 11.6888 -33.9626 -0.115877 -0.982502 0.145809
27.0499 11.6826 -34.8816 -0.112406 -0.982363 0.149422
26.2935 11.668 -35.5268 -0.106577 -0.983057 0.149131
25.3945 11.6621 -36.2011 -0.105851 -0.983011 0.149951
24.1757 11.6626 -37.0044 -0.0967682 -0.982778 0.157426
23.391 11.6573 -37.52 -0.0956737 -0.982887 0.157414
22.5879 11.6542 -38.0224 -0.0946323 -0.983 0.157339
21.6028 11.6588 -38.5485 -0.0895049 -0.982272 0.164714
20.3901 11.6654 -39.1481 -0.0848929 -0.98204 0.168494
19.2197 11.674 -39.6641 -0.0799802 -0.981948 0.171407
18.2604 11.6893 -40.0175 -0.0778233 -0.982181 0.171041
17.2677 11.7058 -40.3632 -0.0763157 -0.981861 0.173567
16.336 11.7106 -40.7328 -0.069632 -0.98111 0.180482
15.3669 11.7044 -41.1403 -0.0652972 -0.982074 0.176729
14.0532 11.6848 -41.6667 -0.0547604 -0.983234 0.173932
12.9011 11.6826 -42.0373 -0.0522328 -0.982428 0.179105
11.5914 11.6866 -42.3429 -0.0437942 -0.982661 0.180164
10.5457 11.6927 -42.519 -0.0359821 -0.983131 0.17931
9.64145 11.7013 -42.6438 -0.0321593 -0.983301 0.179113
8.215 11.7121 -42.8215 -0.0253449 -0.983201 0.180759
7.28531 11.7058 -42.9752 -0.0185964 -0.98331 0.180987
6.31636 11.6962 -43.1269 -0.0189097 -0.983384 0.18055
5.38926 11.6876 -43.2509 -0.0140575 -0.983236 0.181796
4.00294 11.6809 -43.3778 -0.00660572 -0.983144 0.182687
2.67425 11.6632 -43.4933 0.00104234 -0.983356 0.18167
1.33552 11.6472 -43.5519 0.00400071 -0.983308 0.181901
0.268761 11.6547 -43.4924 0.00694367 -0.982761 0.184693
-0.678074 11.6501 -43.4542 0.0128082 -0.982438 0.18615
-2.17392 11.6305 -43.4175 0.0215991 -0.982873 0.183016
-3.11789 11.6295 -43.3113 0.0217826 -0.982844 0.183148
-4.1052 11.6219 -43.2006 0.027874 -0.983415 0.179216
-5.47752 11.6208 -42.9778 0.0319714 -0.98317 0.179876
-6.58206 11.6138 -42.7993 0.0420336 -0.982484 0.181541
-7.65638 11.5985 -42.6306 0.0424597 -0.982558 0.181043
-8.59116 11.5848 -42.471 0.0466505 -0.982412 0.180808
-9.98121 11.5806 -42.1194 0.0551047 -0.981917 0.181081
-10.8871 11.574 -41.8628 0.0556571 -0.982392 0.178333
-12.0958 11.5645 -41.5298 0.057648 -0.983012 0.174254
-13.0101 11.5621 -41.2199 0.0661666 -0.982986 0.171352
-14.2161 11.5662 -40.7231 0.0710489 -0.982933 0.169666
-15.1083 11.5591 -40.3746 0.0739966 -0.983057 0.167699
-16.4281 11.5451 -39.8617 0.0758023 -0.983082 0.166744
-17.2602 11.5432 -39.4727 0.0829618 -0.982667 0.16577
-18.5561 11.5377 -38.8353 0.0857381 -0.982707 0.164121
-19.5993 11.5154 -38.4005 0.0910642 -0.982752 0.160952
-20.4424 11.4953 -38.0458 0.0926595 -0.982636 0.160742
-21.2597 11.4794 -37.645 0.0959589 -0.982993 0.156577
-22.3982 11.4712 -36.977 0.100791 -0.983005 0.153434
-23.3129 11.4923 -36.2313 0.103571 -0.98296 0.151863
-24.1125 11.5022 -35.6138 0.106145 -0.982187 0.155055
-24.9805 11.4979 -35.03 0.112192 -0.982106 0.15125
-25.9651 11.4968 -34.2822 0.115645 -0.982116 0.148575
-26.729 11.5054 -33.6049 0.11804 -0.982647 0.143076
-27.7986 11.5105 -32.656 0.121983 -0.982875 0.138114
-28.5699 11.4995 -32.032 0.127818 -0.98258 0.134903
-29.3971 11.4827 -31.3684 0.129585 -0.98244 0.134224
-30.2837 11.4693 -30.5551 0.134581 -0.982861 0.125989
-31.1792 11.4718 -29.5173 0.143938 -0.982345 0.1195
-31.744 11.4743 -28.8119 0.144559 -0.982493 0.117517
-32.4514 11.4837 -27.8402 0.148252 -0.982239 0.115006
-33.1812 11.4851 -26.8572 0.150376 -0.982425 0.110578
-34.1289 11.4753 -25.5947 0.154418 -0.982619 0.103033
-34.9115 11.4603 -24.5416 0.156412 -0.982843 0.0977429
-35.5292 11.4436 -23.7155 0.158206 -0.9828 0.0952255
-36.0831 11.4299 -22.9113 0.160417 -0.982473 0.0949269
-36.6741 11.4138 -22.0536 0.164639 -0.982148 0.0909955
-37.2502 11.4046 -21.0392 0.172098 -0.981807 0.0802158
-37.8781 11.3979 -19.7229 0.176826 -0.981451 0.0740745
-38.2926 11.4016 -18.6615 0.178839 -0.981311 0.0710259
-38.7549 11.4034 -17.4146 0.181677 -0.981226 0.0646298
-39.0996 11.3954 -16.5158 0.18608 -0.981163 0.051871
-39.4243 11.3805 -15.6099 0.187525 -0.98097 0.0503227
-39.9625 11.3351 -14.4378 0.191678 -0.980541 0.0420421
-40.4693 11.2786 -13.2845 0.194104 -0.980335 0.0355244
-40.7869 11.2572 -12.1006 0.200093 -0.979105 0.0362675
-40.9865 11.2496 -11.0263 0.201901 -0.979069 0.0255444
-41.1146 11.2454 -10.1049 0.204348 -0.978578 0.0249946
-41.2263 11.2492 -9.08861 0.208758 -0.977721 0.0208749
-41.3643 11.241 -7.945 0.214588 -0.97648 0.0209381
-41.4589 11.2344 -6.87918 0.217743 -0.975987 0.00615919
-41.5428 11.2217 -5.94222 0.216909 -0.976168 0.00676645
-41.6525 11.207 -4.53901 0.218925 -0.975708 0.00804535
-41.929 11.148 -2.91528 0.230325 -0.973105 0.00384304
-42.058 11.1253 -1.71942 0.231049 -0.972925 0.00573638
-42.0708 11.1269 -0.64723 0.229718 -0.973237 0.0058591
-42.04 11.1416 0.553253 0.23734 -0.97142 0.00350351
-41.9623 11.1607 1.73404 0.224482 -0.974473 0.00102694
-41.946 11.1678 3.00212 0.231842 -0.972753 -0.000595694
-41.8899 11.1755 3.9547 0.226807 -0.97391 -0.0075849
-41.7933 11.1924 4.92642 0.226147 -0.974079 -0.00524345
-41.6821 11.2144 6.19101 0.225148 -0.974324 -0.00118412
-41.5829 11.2302 7.11873 0.215729 -0.976443 -0.00457293
-41.3492 11.2669 8.43711 0.219756 -0.975347 -0.0201218
-41.1201 11.2937 9.65595 0.211841 -0.976961 -0.0241822
-40.9555 11.2888 11.0157 0.20584 -0.978148 -0.0291917
-40.7289 11.2892 12.363 0.205844 -0.97774 -0.0405769
-40.4468 11.3093 13.2633 0.204905 -0.977662 -0.0468093
-39.9546 11.3461 14.5345 0.19295 -0.979684 -0.0546698
-39.4036 11.3819 15.8173 0.193239 -0.979581 -0.055497
-39.003 11.4053 16.6889 0.193593 -0.978974 -0.0642832
-38.593 11.4303 17.5436 0.192761 -0.979114 -0.0646433
-38.4734 11.4345 17.8277 0.193191 -0.978765 -0.0684802
-39.3113 11.2453 18.2163 0.19118 -0.979394 -0.0650928
-39.7004 11.2258 17.3679 0.190884 -0.979527 -0.0639452
-40.308 11.1907 16.0373 0.19316 -0.979268 -0.0610121
-40.6636 11.1702 15.1815 0.194727 -0.97936 -0.0541251
-41.0375 11.1455 14.2174 0.195288 -0.97986 -0.0416904
-41.5016 11.1046 12.9643 0.197851 -0.979564 -0.0360279
-41.751 11.0878 11.9673 0.202523 -0.978591 -0.0360944
-41.8781 11.0913 11.0198 0.21522 -0.976163 -0.0280352
-41.9998 11.0933 9.8142 0.216129 -0.976208 -0.0174915
-42.1382 11.0795 8.90605 0.219731 -0.975358 -0.0198907
-42.3404 11.0506 8.01731 0.223792 -0.97446 -0.0184334
-42.5185 11.0195 6.66947 0.227558 -0.973761 -0.00239117
-42.6114 10.9994 5.60446 0.22825 -0.973601 -0.000271963
-42.7193 10.978 4.50399 0.231639 -0.972781 -0.00639399
-42.824 10.9567 3.41892 0.239092 -0.97099 -0.0037467
-42.8594 10.9467 2.32752 0.243467 -0.969886 0.00678441
-42.8997 10.9331 1.2168 0.242696 -0.970102 -0.000104782
-42.9541 10.9176 0.304693 0.24093 -0.970521 0.00491231
-42.9978 10.8997 -0.66026 0.244769 -0.969569 0.00347146
-42.971 10.9064 -1.97264 0.243961 -0.969784 -0.000829452
-42.7758 10.946 -3.32736 0.230325 -0.973105 0.00384304
-42.5759 10.9934 -4.48335 0.227186 -0.973849 -0.00210003
-42.5113 11.01 -5.44097 0.221984 -0.975025 0.00255281
-42.4079 11.0264 -6.37192 0.216965 -0.976154 0.0070056
-42.312 11.0344 -7.63386 0.21988 -0.975422 0.0143147
-42.1348 11.052 -9.03417 0.212916 -0.976945 0.0156292
-41.9965 11.0568 -10.2972 0.203246 -0.978844 0.0235488
-41.8268 11.0622 -11.5467 0.202613 -0.978971 0.0237176
-41.6301 11.0733 -12.494 0.196188 -0.98 0.0333243
-41.3059 11.0996 -13.614 0.196074 -0.979976 0.0346715
-40.9488 11.1415 -14.4498 0.194103 -0.980335 0.0355223
-40.3642 11.1984 -15.6685 0.185261 -0.981611 0.0459452
-39.9835 11.2177 -16.7214 0.184636 -0.981588 0.0489308
-39.689 11.2206 -17.6049 0.183917 -0.981111 0.0599606
-39.2343 11.2223 -18.795 0.176645 -0.981694 0.0712335
-38.809 11.2248 -19.8216 0.172286 -0.982306 0.0734365
-38.3712 11.2272 -20.8093 0.17226 -0.981984 0.0776624
-37.9561 11.2329 -21.6408 0.171414 -0.982042 0.0788146
-37.4457 11.2409 -22.5227 0.163969 -0.98246 0.0888043
-36.7614 11.2618 -23.524 0.15805 -0.983095 0.092435
-36.1254 11.275 -24.4667 0.156077 -0.983034 0.0963129
-35.2934 11.2986 -25.5465 0.154972 -0.98275 0.100889
-34.7493 11.3041 -26.303 0.152072 -0.983183 0.101094
-34.0676 11.3112 -27.2135 0.145686 -0.983611 0.106233
-33.4329 11.3197 -27.9955 0.143116 -0.983477 0.110851
-32.5786 11.3051 -29.2069 0.141601 -0.983474 0.112817
-31.864 11.2977 -30.1152 0.144598 -0.982074 0.120919
-31.1463 11.2934 -30.979 0.141763 -0.981862 0.125901
-30.1915 11.3028 -31.9135 0.126848 -0.983556 0.128558
-29.2997 11.3216 -32.6354 0.125837 -0.983031 0.133449
-28.5494 11.3366 -33.2252 0.122419 -0.983006 0.136787
-27.6041 11.3406 -34.0252 0.116711 -0.983153 0.140669
-26.8657 11.3279 -34.7172 0.114908 -0.982955 0.143514
-26.0628 11.3222 -35.3788 0.110894 -0.983207 0.144939
-25.2348 11.3322 -35.9236 0.104429 -0.98378 0.14585
-24.3926 11.337 -36.4894 0.105562 -0.983294 0.148271
-23.6011 11.32 -37.1464 0.103292 -0.982796 0.15311
-22.4458 11.2964 -38.0526 0.0995267 -0.982646 0.156532
-21.6325 11.3104 -38.4776 0.0951625 -0.98274 0.158621
-20.7877 11.3239 -38.8912 0.0943659 -0.982488 0.160664
-19.8865 11.3462 -39.2718 0.0911674 -0.982849 0.160297
-18.928 11.3687 -39.663 0.0832947 -0.983509 0.160535
-17.9261 11.3727 -40.1556 0.0802787 -0.983496 0.162131
-16.8572 11.3731 -40.6687 0.0800482 -0.983077 0.164749
-15.7028 11.3861 -41.123 0.0747751 -0.982973 0.167849
-14.2434 11.3956 -41.6892 0.0672329 -0.983623 0.16723
-12.8175 11.3863 -42.2791 0.059821 -0.983583 0.170254
-11.3359 11.4005 -42.6875 0.0534177 -0.982653 0.177593
-9.85289 11.404 -43.1088 0.0505268 -0.983565 0.173343
-8.94855 11.4106 -43.3309 0.0453196 -0.983502 0.175118
-7.47255 11.4358 -43.5585 0.0424251 -0.983588 0.175365
-5.97158 11.4569 -43.7856 0.036789 -0.98279 0.180956
-5.02561 11.4572 -43.9515 0.0318198 -0.983146 0.18003
-3.91086 11.4585 -44.1226 0.0255026 -0.982902 0.182352
-2.76888 11.4577 -44.2745 0.021965 -0.982814 0.183285
-1.56431 11.4669 -44.3503 0.015355 -0.98216 0.18742
-0.416117 11.4835 -44.3515 0.011702 -0.982344 0.186711
0.987463 11.475 -44.4755 0.00694474 -0.982761 0.184693
2.32121 11.4852 -44.4504 0.00217152 -0.982352 0.187024
3.57138 11.5104 -44.3071 -0.00315129 -0.982622 0.185585
4.94714 11.5184 -44.1981 -0.0106087 -0.983015 0.18321
6.14274 11.5309 -44.0478 -0.01598 -0.983462 0.180378
7.29085 11.5371 -43.8919 -0.0196321 -0.983239 0.181259
8.2369 11.5455 -43.7211 -0.024445 -0.983148 0.18117
9.485 11.5392 -43.5653 -0.0294941 -0.982611 0.18332
10.7274 11.5254 -43.4089 -0.0384688 -0.98288 0.180156
11.6492 11.517 -43.2493 -0.0467694 -0.982064 0.182642
12.893 11.5093 -42.9632 -0.0492901 -0.981624 0.184345
13.8528 11.51 -42.6967 -0.0501496 -0.981716 0.183628
15.0479 11.5166 -42.2675 -0.0648281 -0.981131 0.182151
16.1463 11.5301 -41.7921 -0.0696187 -0.981383 0.178997
17.2105 11.5391 -41.3316 -0.07029 -0.981938 0.17563
18.6109 11.5167 -40.8508 -0.0745699 -0.982605 0.170077
19.6427 11.4977 -40.4785 -0.080382 -0.982327 0.169033
20.6324 11.4928 -40.0317 -0.0859518 -0.9819 0.168769
21.8277 11.4903 -39.431 -0.0882573 -0.982016 0.16688
23.2276 11.4785 -38.7349 -0.0924203 -0.982611 0.160986
24.34 11.4911 -37.9743 -0.0967418 -0.982776 0.157458
25.3675 11.4889 -37.3183 -0.10582 -0.981795 0.157733
26.225 11.488 -36.7434 -0.108192 -0.982278 0.153052
27.0414 11.4983 -36.1004 -0.110198 -0.982369 0.150995
28.0269 11.5154 -35.2456 -0.114144 -0.982342 0.148229
28.8297 11.5134 -34.6233 -0.117145 -0.982082 0.147624
29.6692 11.5042 -33.9839 -0.123209 -0.981908 0.143795
30.6539 11.4872 -33.2077 -0.127764 -0.982631 0.134583
31.4233 11.4787 -32.5397 -0.127787 -0.982573 0.134987
32.1296 11.4674 -31.8999 -0.134165 -0.982322 0.130551
32.779 11.4604 -31.241 -0.143521 -0.981997 0.122814
33.6198 11.4559 -30.277 -0.144456 -0.982268 0.119507
34.7154 11.4374 -29.0259 -0.149622 -0.98275 0.108702
35.3066 11.4269 -28.2955 -0.15656 -0.98266 0.0993345
35.9623 11.4156 -27.3677 -0.15753 -0.982502 0.0993646
36.5081 11.4069 -26.5359 -0.161802 -0.982354 0.0938105
37.2594 11.3824 -25.3936 -0.170971 -0.981922 0.0812264
38.1722 11.3201 -24.1776 -0.174063 -0.98173 0.0768703
38.7215 11.2869 -23.3292 -0.184227 -0.980636 0.0661502
39.209 11.2459 -22.4942 -0.188295 -0.980089 0.0628989
39.8894 11.1888 -21.277 -0.196364 -0.978782 0.0585415
40.2888 11.1608 -20.3668 -0.198644 -0.978912 0.0476334
40.6425 11.1316 -19.4676 -0.200276 -0.978609 0.0470472
40.9912 11.1041 -18.5272 -0.203376 -0.978108 0.0439464
41.3107 11.075 -17.6079 -0.21059 -0.977137 0.0292467
41.6816 11.0263 -16.5653 -0.213008 -0.976525 0.0318302
42.0886 10.9598 -15.5476 -0.215299 -0.976305 0.0217849
42.4459 10.8908 -14.544 -0.221618 -0.975054 0.0121379
42.7702 10.8241 -13.6393 -0.223259 -0.974731 0.00744694
43.0558 10.761 -12.7166 -0.226004 -0.974125 -0.00162479
43.2427 10.7161 -11.7795 -0.230433 -0.973064 -0.00437752
43.4388 10.659 -10.562 -0.237696 -0.971323 -0.00567952
43.5591 10.6241 -9.63855 -0.240949 -0.970465 -0.0104068
43.655 10.5835 -8.31066 -0.247269 -0.968835 -0.0144774
43.6809 10.5547 -6.74756 -0.252376 -0.967572 -0.0101275
43.7606 10.5222 -5.83957 -0.257666 -0.966142 -0.0133657
43.96 10.4572 -4.81406 -0.259445 -0.965706 -0.00998614
44.0395 10.4265 -3.67506 -0.261716 -0.965121 -0.00650423
44.0128 10.4258 -2.57236 -0.263755 -0.964572 -0.00583884
44.0252 10.417 -1.59635 -0.263707 -0.964595 -0.00231424
44.2325 10.3613 -0.527736 -0.264539 -0.964367 0.00292099
44.3523 10.3353 0.478383 -0.264517 -0.964352 0.00742855
44.3073 10.3607 1.62449 -0.264812 -0.964182 0.015069
44.1905 10.4128 2.75012 -0.266266 -0.963706 0.0193026
44.0761 10.4678 3.79857 -0.260843 -0.965074 0.0243639
43.9733 10.5218 4.8519 -0.260677 -0.965137 0.0236348
43.8738 10.5797 5.9928 -0.253789 -0.966898 0.0264449
43.767 10.6396 7.11654 -0.250399 -0.967788 0.025852
43.658 10.6917 8.16893 -0.24778 -0.968562 0.0221764
43.5503 10.7387 9.09362 -0.244487 -0.969443 0.0201483
43.4175 10.7901 10.0855 -0.239081 -0.970883 0.0149834
43.2791 10.8424 11.188 -0.234264 -0.972086 0.0111455
43.1401 10.8836 12.1557 -0.229577 -0.973249 0.00897754
42.8298 10.9603 13.4575 -0.218057 -0.975935 -0.00131482
42.4863 11.0348 14.3403 -0.215514 -0.976457 -0.00863212
42.0683 11.1155 15.3403 -0.212443 -0.977073 -0.0135407
41.6514 11.184 16.4157 -0.202905 -0.978865 -0.0249737
41.3917 11.2081 17.3657 -0.199224 -0.979541 -0.0282748
41.12 11.2318 18.3219 -0.194276 -0.980359 -0.0339621
40.6721 11.2647 19.6384 -0.192095 -0.980206 -0.0479194
40.3123 11.2869 20.5516 -0.186324 -0.980961 -0.0547681
39.8817 11.3168 21.4776 -0.186442 -0.980924 -0.0550233
39.3639 11.3506 22.4184 -0.179123 -0.981839 -0.0624851
38.88 11.3802 23.2486 -0.172147 -0.982635 -0.0692298
38.3005 11.4147 24.1749 -0.168141 -0.982921 -0.0747943
37.6573 11.4511 25.1396 -0.167217 -0.982857 -0.077608
36.8542 11.5072 26.1165 -0.166204 -0.982702 -0.0816678
36.2586 11.535 26.8466 -0.157058 -0.98338 -0.0910866
35.57 11.5576 27.7593 -0.156377 -0.982542 -0.100789
34.8469 11.5527 28.8395 -0.142603 -0.983889 -0.107815
33.992 11.5494 29.9612 -0.136241 -0.984346 -0.111811
33.0191 11.5427 31.1527 -0.131845 -0.984284 -0.117481
32.271 11.5462 31.9489 -0.126329 -0.984704 -0.119999
31.4804 11.5687 32.5983 -0.126343 -0.984743 -0.119659
30.2349 11.6211 33.4009 -0.121164 -0.984943 -0.123311
28.924 11.621 34.5113 -0.106775 -0.98564 -0.130778
28.0119 11.605 35.3481 -0.103401 -0.985316 -0.135836
27.2404 11.616 35.8391 -0.102221 -0.985077 -0.138467
26.3738 11.6245 36.3586 -0.0937942 -0.985097 -0.144174
25.6089 11.6199 36.8917 -0.0959816 -0.984174 -0.148937
24.3873 11.5871 37.8735 -0.095388 -0.983867 -0.151353
23.2118 11.5569 38.7467 -0.0841676 -0.984805 -0.151876
22.3316 11.5623 39.1872 -0.0847988 -0.983991 -0.156729
21.3606 11.5769 39.5986 -0.0791634 -0.98347 -0.162847
20.2998 11.5881 40.0288 -0.0743637 -0.983739 -0.163488
19.1501 11.5997 40.4584 -0.0697294 -0.98357 -0.166509
18.2272 11.6013 40.8286 -0.064755 -0.983547 -0.168647
17.3387 11.5875 41.2507 -0.0647967 -0.983566 -0.16852
16.3063 11.5792 41.6806 -0.0592374 -0.983298 -0.172075
15.3569 11.57 42.0467 -0.0554487 -0.983247 -0.173626
14.4003 11.5615 42.3757 -0.0502116 -0.983276 -0.175062
13.0896 11.5526 42.7805 -0.0457925 -0.982445 -0.180847
12.2106 11.5447 43.0414 -0.0412584 -0.982601 -0.181085
11.1656 11.5391 43.3067 -0.0384074 -0.982762 -0.180822
10.2073 11.5449 43.4547 -0.0336375 -0.982654 -0.182372
9.25615 11.5542 43.5743 -0.0310136 -0.982674 -0.182725
8.31495 11.5582 43.7099 -0.0286073 -0.982633 -0.183331
7.08106 11.5716 43.8173 -0.0265219 -0.982739 -0.183085
6.08225 11.5835 43.8688 -0.0209347 -0.982589 -0.184612
4.77776 11.5831 43.9913 -0.0151517 -0.982678 -0.184696
3.81818 11.5616 44.1473 -0.00736573 -0.982738 -0.184853
2.52694 11.5293 44.3549 -0.00359426 -0.983025 -0.183436
1.35152 11.5124 44.4627 -0.000971836 -0.982894 -0.184167
0.430891 11.5087 44.4918 0.00176888 -0.982284 -0.187332
-0.921869 11.515 44.4148 0.00716284 -0.982251 -0.187429
-2.39699 11.5332 44.2373 0.011429 -0.983191 -0.182212
-3.38672 11.5425 44.1152 0.0133211 -0.983103 -0.182567
-4.63229 11.5555 43.9335 0.0180657 -0.982426 -0.185776
-5.99498 11.5688 43.6807 0.0298643 -0.982882 -0.1818
-7.35773 11.5693 43.4382 0.0342697 -0.983125 -0.179679
-8.32748 11.5551 43.332 0.0399177 -0.983067 -0.178725
-9.80508 11.5193 43.1587 0.0450775 -0.983653 -0.174338
-10.9738 11.5051 42.8946 0.0534399 -0.982765 -0.176962
-11.8422 11.5033 42.6359 0.0545864 -0.982833 -0.17624
-12.7256 11.5038 42.3418 0.0578412 -0.983308 -0.172509
-14.0314 11.5213 41.7765 0.0625865 -0.983824 -0.167847
-15.0945 11.5234 41.3365 0.070667 -0.98377 -0.164932
-15.9951 11.5122 41.0243 0.0734821 -0.982731 -0.169789
-17.2965 11.4998 40.5103 0.0784557 -0.983159 -0.164997
-18.6395 11.4927 39.8775 0.0826042 -0.982935 -0.164362
-19.6806 11.4661 39.4627 0.0905506 -0.982634 -0.161959
-20.541 11.4395 39.1239 0.0948298 -0.982436 -0.160708
-21.4416 11.4352 38.6124 0.0969017 -0.982864 -0.156806
-22.4869 11.4353 37.9661 0.100843 -0.982658 -0.155554
-23.3818 11.4422 37.3101 0.105164 -0.982563 -0.153334
-24.384 11.4584 36.4927 0.110199 -0.982556 -0.149785
-25.2205 11.4507 35.9132 0.111143 -0.982701 -0.148137
-25.9653 11.448 35.3498 0.11474 -0.982816 -0.144591
-26.7985 11.4582 34.6076 0.12005 -0.982731 -0.140788
-27.6802 11.4482 33.9085 0.12434 -0.982612 -0.137848
-28.5614 11.416 33.2851 0.13146 -0.982657 -0.130784
-29.5411 11.3946 32.4475 0.132814 -0.982865 -0.127812
-30.2053 11.3846 31.8282 0.138325 -0.982466 -0.125
-30.841 11.3779 31.1702 0.140733 -0.982379 -0.122969
-31.8341 11.3755 30.0138 0.144153 -0.982147 -0.120861
-32.4491 11.3726 29.2909 0.152196 -0.981605 -0.115272
-33.0128 11.3758 28.5191 0.150777 -0.981834 -0.115176
-33.5591 11.3828 27.7239 0.151955 -0.981913 -0.112947
-34.4403 11.3568 26.7023 0.157404 -0.981816 -0.106118
-35.2855 11.3194 25.7443 0.165457 -0.981006 -0.101249
-35.9873 11.2959 24.7925 0.169593 -0.980718 -0.0970571
-36.6716 11.2794 23.7273 0.173858 -0.980359 -0.0930482
-37.3128 11.2561 22.758 0.179687 -0.979567 -0.0903387
-37.7618 11.2478 21.9559 0.180779 -0.979504 -0.0888103
-38.2825 11.2487 20.7699 0.186102 -0.979065 -0.0824452
-38.7689 11.2548 19.5084 0.189434 -0.978754 -0.0784372
-39.3028 11.2457 18.2352 0.186229 -0.979933 -0.0710583
-39.3052 11.2456 18.2295 0.188704 -0.979664 -0.0680753
-40.0842 11.0602 18.7435 0.184345 -0.98071 -0.0649837
-40.5025 11.0424 17.811 0.183698 -0.980919 -0.063661
-40.8908 11.0212 16.9585 0.187764 -0.980463 -0.0586182
-41.4328 10.9894 15.697 0.193385 -0.979704 -0.0527075
-41.9242 10.9631 14.3269 0.191924 -0.980098 -0.0507136
-42.325 10.9235 13.3012 0.201617 -0.978647 -0.040009
-42.5912 10.9002 12.3906 0.205714 -0.978149 -0.0300997
-42.7903 10.8891 11.1479 0.208094 -0.977885 -0.0209185
-42.888 10.8931 10.0134 0.217484 -0.975919 -0.0167388
-43.036 10.8762 9.01811 0.218839 -0.97563 -0.0159875
-43.2995 10.8324 7.83326 0.222433 -0.974878 -0.0110848
-43.4179 10.81 6.3994 0.227557 -0.973761 -0.00239053
-43.4938 10.7915 5.44687 0.229195 -0.97338 0.00095446
-43.6323 10.7586 4.14493 0.237029 -0.971502 0.00131368
-43.719 10.7371 3.221 0.241309 -0.97043 0.00149171
-43.7605 10.7171 1.92777 0.249042 -0.968474 0.00558923
-43.8388 10.6935 0.790728 0.249265 -0.968431 0.00292474
-43.9037 10.6723 -0.507286 0.246942 -0.969012 0.00506965
-43.8902 10.6754 -1.54062 0.242936 -0.970041 -0.0017843
-43.7627 10.7062 -2.9455 0.238051 -0.971243 0.000775565
-43.5241 10.768 -4.26193 0.235823 -0.971791 -0.00302309
-43.441 10.7902 -5.32608 0.231408 -0.972856 0.000709404
-43.3412 10.8134 -6.22492 0.228186 -0.973594 0.00444877
-43.256 10.8256 -7.35083 0.223902 -0.974601 0.0046082
-43.1738 10.8353 -8.25865 0.215203 -0.976542 0.0073065
-43.0441 10.8545 -9.16848 0.210004 -0.977575 0.015652
-42.9487 10.8524 -10.4803 0.209932 -0.977547 0.0181538
-42.7547 10.8692 -11.5786 0.202832 -0.978914 0.0242017
-42.5147 10.8858 -12.7098 0.197307 -0.979893 0.0294084
-42.1915 10.9185 -13.7978 0.194001 -0.980508 0.0311058
-41.781 10.9655 -14.781 0.191781 -0.980633 0.0397322
-41.3176 11.0165 -15.7115 0.18526 -0.981611 0.0459443
-40.8575 11.0435 -16.9176 0.184878 -0.98155 0.048783
-40.5791 11.0399 -17.8661 0.176085 -0.982813 0.0554241
-40.0397 11.0504 -19.21 0.168308 -0.983408 0.0676789
-39.6487 11.0579 -20.084 0.17378 -0.98221 0.0711041
-39.2302 11.0599 -21.0105 0.173319 -0.981885 0.0765706
-38.7326 11.0615 -22.0658 0.17178 -0.9815 0.0845523
-38.2254 11.0693 -22.9814 0.163991 -0.98247 0.0886562
-37.5426 11.0928 -23.985 0.161031 -0.982787 0.0904717
-36.9617 11.1044 -24.8414 0.15807 -0.98289 0.0945547
-36.3692 11.1162 -25.6769 0.153635 -0.983443 0.0961067
-35.7112 11.1355 -26.5115 0.151283 -0.983516 0.0990461
-35.1462 11.1424 -27.2818 0.148442 -0.983317 0.105133
-34.6055 11.143 -28.0333 0.145173 -0.983482 0.108096
-33.9131 11.1537 -28.8487 0.143116 -0.983477 0.110851
-33.3456 11.1316 -29.7515 0.141631 -0.983346 0.113892
-32.7305 11.1275 -30.5094 0.136447 -0.983434 0.119334
-31.916 11.1227 -31.4758 0.132748 -0.983898 0.11968
-31.2575 11.1209 -32.2254 0.133372 -0.98276 0.128044
-30.4641 11.1466 -32.8396 0.126012 -0.983477 0.129963
-29.5861 11.1606 -33.569 0.123041 -0.983382 0.133482
-28.8153 11.173 -34.1742 0.122136 -0.98325 0.135289
-27.8126 11.1682 -35.0695 0.113297 -0.983936 0.137913
-26.9552 11.1518 -35.8635 0.107564 -0.984556 0.138095
-26.0001 11.165 -36.4903 0.107804 -0.983934 0.142246
-25.0334 11.1795 -37.0903 0.103673 -0.983595 0.147624
-24.0295 11.1512 -37.9707 0.0994669 -0.983612 0.150375
-23.0857 11.1281 -38.7359 0.097611 -0.983591 0.151721
-21.9702 11.1461 -39.3141 0.0948438 -0.983429 0.154504
-20.5934 11.1642 -40.0046 0.0882699 -0.983962 0.154996
-19.3576 11.202 -40.4613 0.0873384 -0.983212 0.160155
-18.3562 11.205 -40.9544 0.0823661 -0.983332 0.162092
-17.2785 11.2018 -41.5041 0.0781126 -0.983636 0.162353
-16.1439 11.2174 -41.9328 0.0716401 -0.983884 0.163832
-15.205 11.2287 -42.2762 0.0697362 -0.983334 0.167904
-14.2092 11.2268 -42.6959 0.0650886 -0.983455 0.169034
-13.2817 11.2163 -43.0981 0.0613826 -0.983435 0.170545
-12.1865 11.2291 -43.4049 0.0590155 -0.983464 0.171217
-10.9928 11.2319 -43.7462 0.0523921 -0.983406 0.173688
-10.0557 11.2355 -44.0058 0.0512396 -0.983477 0.173631
-8.93282 11.246 -44.2551 0.0469404 -0.983298 0.175844
-7.74795 11.27 -44.419 0.0411502 -0.983469 0.176338
-6.51767 11.29 -44.5902 0.0378488 -0.983406 0.177412
-5.29926 11.2933 -44.8083 0.0305486 -0.983464 0.178506
-4.19706 11.2948 -44.9743 0.0244754 -0.98345 0.179518
-3.28108 11.2935 -45.1004 0.0222405 -0.983286 0.180703
-2.14877 11.2913 -45.2428 0.019736 -0.982969 0.182707
-1.21377 11.301 -45.27 0.0125977 -0.983067 0.182814
-0.0392369 11.3083 -45.2997 0.0101372 -0.982855 0.1841
0.981565 11.2977 -45.4076 0.00427949 -0.982337 0.18707
2.13719 11.3064 -45.3877 0.00217189 -0.982351 0.187024
3.18599 11.3316 -45.2581 -0.000634779 -0.982479 0.186368
4.31925 11.3454 -45.1613 -0.00382071 -0.982933 0.183915
5.47293 11.3548 -45.0387 -0.0120357 -0.982875 0.183878
6.54947 11.3644 -44.8998 -0.0164776 -0.982458 0.185755
7.44872 11.3709 -44.7662 -0.0225933 -0.982863 0.182947
8.5691 11.3788 -44.5806 -0.0276081 -0.982942 0.181805
9.63772 11.3696 -44.4501 -0.0301328 -0.982673 0.182878
10.6422 11.3567 -44.3295 -0.0374114 -0.98197 0.185298
11.6403 11.3427 -44.1813 -0.0450921 -0.981874 0.184094
12.7484 11.3397 -43.9166 -0.0497278 -0.982129 0.181514
14.0124 11.3326 -43.6043 -0.0538266 -0.981474 0.183835
15.0231 11.3379 -43.2596 -0.0612165 -0.981551 0.181072
16.3404 11.3537 -42.6952 -0.0655365 -0.982288 0.175526
17.5699 11.3618 -42.1794 -0.0702912 -0.981937 0.175631
18.8206 11.3483 -41.728 -0.0717694 -0.982462 0.172071
20.2737 11.3261 -41.181 -0.0791719 -0.9827 0.167427
21.2651 11.3221 -40.7146 -0.0849325 -0.982794 0.164019
22.0925 11.3208 -40.2986 -0.0856982 -0.982537 0.165156
23.2553 11.3038 -39.7791 -0.0929991 -0.982391 0.161984
24.1234 11.3059 -39.2447 -0.0978424 -0.98205 0.161255
25.1601 11.321 -38.5114 -0.0997341 -0.982 0.160405
26.1545 11.3125 -37.9025 -0.104151 -0.982448 0.154752
27.1254 11.3169 -37.2053 -0.107223 -0.982796 0.150354
27.949 11.331 -36.5201 -0.111276 -0.982584 0.148814
28.7208 11.3423 -35.8624 -0.116763 -0.982703 0.14374
29.53 11.3404 -35.2185 -0.116953 -0.982392 0.145682
30.5194 11.3222 -34.5116 -0.119347 -0.98271 0.141551
31.2777 11.312 -33.8964 -0.127336 -0.982432 0.136416
31.9956 11.3063 -33.2415 -0.134126 -0.98212 0.132097
32.7768 11.2928 -32.5484 -0.134145 -0.982221 0.131324
33.5211 11.2843 -31.7872 -0.140215 -0.982513 0.122503
34.3683 11.2888 -30.7648 -0.144033 -0.982554 0.117636
35.0741 11.2754 -29.9962 -0.147877 -0.982526 0.112932
35.9204 11.2608 -28.9406 -0.153764 -0.982151 0.108329
36.5446 11.2456 -28.1217 -0.158312 -0.982306 0.100057
37.0684 11.2361 -27.3522 -0.162852 -0.982183 0.0937856
37.5466 11.2323 -26.5645 -0.16652 -0.981827 0.0909084
38.2882 11.1934 -25.5313 -0.171789 -0.981975 0.0787696
38.9015 11.1454 -24.7566 -0.174058 -0.981723 0.0769687
39.4723 11.1079 -23.86 -0.182795 -0.980504 0.0720911
39.9489 11.0708 -23.0656 -0.186408 -0.980636 0.0600342
40.5887 11.0181 -21.9053 -0.188492 -0.980391 0.0574884
41.004 10.9852 -21.0205 -0.195818 -0.979417 0.0489696
41.4543 10.9503 -19.8543 -0.196875 -0.979457 0.0436182
41.9357 10.9053 -18.5794 -0.198621 -0.979362 0.0374163
42.3388 10.858 -17.4367 -0.211807 -0.976881 0.0289896
42.7367 10.8 -16.3179 -0.214878 -0.976412 0.021136
43.1355 10.7275 -15.3224 -0.219663 -0.975525 0.0099673
43.5059 10.6512 -14.3216 -0.222172 -0.974994 0.00515753
43.8539 10.574 -13.2301 -0.233448 -0.972369 0.000643236
44.0767 10.5183 -12.2961 -0.235158 -0.971933 -0.00691648
44.2679 10.4618 -11.0998 -0.235788 -0.971754 -0.00993037
44.4101 10.4117 -9.75801 -0.244199 -0.969607 -0.0151341
44.5207 10.3676 -8.65277 -0.247268 -0.968835 -0.0144781
44.5567 10.3398 -7.60162 -0.249241 -0.96832 -0.0152084
44.5823 10.314 -6.46639 -0.253198 -0.967231 -0.0188228
44.7516 10.2532 -5.39618 -0.255337 -0.966738 -0.014826
44.9146 10.1975 -4.39032 -0.258671 -0.965889 -0.0121883
44.9187 10.1824 -3.13978 -0.263233 -0.964707 -0.00691491
44.9081 10.1746 -1.7778 -0.269517 -0.962972 -0.00496602
45.1146 10.1166 -0.720979 -0.269147 -0.963099 -0.00018182
45.2458 10.086 0.342242 -0.267736 -0.963468 0.00676145
45.1965 10.1117 1.3983 -0.266094 -0.963841 0.0142833
45.0776 10.1665 2.61011 -0.263978 -0.964314 0.0203689
44.9415 10.2335 3.82264 -0.262844 -0.964493 0.0258094
44.806 10.3122 5.29296 -0.256574 -0.966045 0.0304546
44.7271 10.3657 6.35499 -0.253196 -0.96701 0.0279469
44.6059 10.4373 7.66875 -0.250398 -0.967788 0.0258519
44.4874 10.4983 8.80726 -0.244818 -0.969148 0.0285864
44.3168 10.5698 10.0855 -0.238747 -0.970831 0.0220754
44.1874 10.6209 11.1127 -0.235278 -0.971808 0.0151652
44.0624 10.6658 12.179 -0.232907 -0.972429 0.0110677
43.8049 10.7362 13.3684 -0.230285 -0.973097 0.00711199
43.3442 10.8406 14.6407 -0.218322 -0.97585 -0.00722791
42.7834 10.9503 15.9927 -0.206872 -0.978288 -0.0125187
42.4338 11.0061 17.0386 -0.206018 -0.978293 -0.0223277
42.0842 11.04 18.2987 -0.196315 -0.979979 -0.033182
41.7287 11.0756 19.3243 -0.184315 -0.982037 -0.0403642
41.3809 11.1001 20.2921 -0.182805 -0.982302 -0.0408059
40.8756 11.1296 21.5037 -0.177727 -0.982605 -0.05385
40.3972 11.1623 22.4257 -0.175616 -0.982592 -0.0605232
39.9526 11.1905 23.2736 -0.175344 -0.982338 -0.0651014
39.2891 11.2363 24.2916 -0.171468 -0.98292 -0.0668348
38.5364 11.2775 25.4357 -0.167843 -0.982922 -0.0754539
37.9006 11.3164 26.2736 -0.166609 -0.982478 -0.0835426
37.0197 11.3683 27.3465 -0.155607 -0.983676 -0.0903821
36.4368 11.3917 28.0896 -0.151412 -0.98404 -0.0933718
35.6635 11.392 29.2465 -0.143485 -0.984259 -0.103111
34.8654 11.3903 30.3126 -0.137031 -0.984611 -0.108429
34.002 11.3893 31.3737 -0.13373 -0.984757 -0.111218
33.33 11.3842 32.1768 -0.125511 -0.985341 -0.115541
32.4061 11.3983 33.0385 -0.121673 -0.985615 -0.117294
31.3807 11.4308 33.812 -0.120499 -0.98541 -0.1202
30.264 11.472 34.522 -0.109439 -0.985668 -0.128383
29.4606 11.4588 35.2879 -0.105051 -0.985499 -0.133253
28.2974 11.4464 36.2667 -0.101868 -0.985122 -0.13841
27.3455 11.4627 36.8315 -0.0936919 -0.985367 -0.142373
26.375 11.4618 37.4843 -0.0935923 -0.985637 -0.140571
25.2347 11.4333 38.395 -0.0886055 -0.985224 -0.146537
24.45 11.41 39.0066 -0.0862848 -0.985041 -0.149162
23.4959 11.3954 39.6232 -0.0827813 -0.984513 -0.154538
22.5155 11.404 40.0865 -0.0799833 -0.983772 -0.160607
21.4563 11.4155 40.5335 -0.0767557 -0.983979 -0.160915
20.435 11.422 40.963 -0.073954 -0.983608 -0.164457
19.4723 11.4306 41.3308 -0.068542 -0.983748 -0.165954
18.6307 11.4336 41.6573 -0.063768 -0.983796 -0.167569
17.7385 11.4204 42.0743 -0.0642257 -0.983995 -0.166213
16.8991 11.4127 42.42 -0.0616355 -0.98316 -0.17204
15.6717 11.4016 42.8949 -0.0540606 -0.983057 -0.175146
14.657 11.3933 43.2464 -0.0497606 -0.983179 -0.175733
13.7859 11.3891 43.5137 -0.0493093 -0.983082 -0.176402
12.3476 11.3756 43.9429 -0.0423147 -0.9832 -0.177562
11.1808 11.3677 44.2348 -0.0352568 -0.982839 -0.181063
10.2584 11.3788 44.3492 -0.0345003 -0.983343 -0.178455
8.98752 11.3849 44.5358 -0.0281476 -0.983527 -0.178557
8.04214 11.3859 44.6732 -0.0242039 -0.983375 -0.179914
6.9489 11.4012 44.7493 -0.0229736 -0.982805 -0.183176
5.9078 11.4142 44.7899 -0.0201908 -0.982764 -0.183753
4.79178 11.4103 44.9058 -0.0143745 -0.982561 -0.185383
3.79482 11.3826 45.1069 -0.00766316 -0.983076 -0.183037
2.59095 11.3581 45.2737 -0.00294028 -0.983191 -0.182555
1.39345 11.3435 45.37 -0.00207917 -0.983598 -0.180361
0.117792 11.3386 45.3891 0.00431275 -0.983133 -0.182843
-0.86737 11.3488 45.3051 0.00754293 -0.982916 -0.183901
-2.13898 11.3678 45.1463 0.011429 -0.983191 -0.182213
-3.44592 11.3799 44.9866 0.01326 -0.983092 -0.182631
-4.42443 11.3853 44.8634 0.0193928 -0.982813 -0.183583
-5.48429 11.3935 44.7072 0.0187296 -0.982619 -0.184679
-6.40116 11.3997 44.5327 0.0284975 -0.983134 -0.180654
-7.96018 11.3964 44.2815 0.0371954 -0.983215 -0.17859
-8.99127 11.3682 44.2053 0.0423456 -0.983058 -0.178314
-10.1343 11.3423 44.0522 0.0469824 -0.98297 -0.177658
-11.0116 11.3354 43.8406 0.0506733 -0.98354 -0.173439
-12.1435 11.3333 43.5093 0.054086 -0.98375 -0.171204
-13.3894 11.3343 43.0935 0.0574018 -0.983922 -0.169123
-14.4129 11.3519 42.6205 0.0647097 -0.983948 -0.166297
-15.4936 11.3548 42.1709 0.0699972 -0.983881 -0.164552
-16.844 11.338 41.6768 0.0754248 -0.983836 -0.162415
-18.0844 11.3282 41.1415 0.0826518 -0.982961 -0.164187
-19.0391 11.3231 40.688 0.0860877 -0.98346 -0.159359
-19.9348 11.2978 40.3587 0.0862566 -0.983535 -0.158807
-20.8937 11.2684 39.9968 0.0910383 -0.983432 -0.156749
-21.7374 11.268 39.4983 0.0951461 -0.983539 -0.153579
-22.755 11.2629 38.881 0.100843 -0.982658 -0.155555
-23.7561 11.2613 38.2172 0.104042 -0.983233 -0.149716
-24.5611 11.2828 37.5056 0.107153 -0.982599 -0.151715
-25.7223 11.2817 36.665 0.112288 -0.982788 -0.146676
-26.6389 11.2771 35.9772 0.114582 -0.982739 -0.145241
-27.3401 11.2865 35.3363 0.119055 -0.982535 -0.143003
-28.2948 11.2741 34.5834 0.127635 -0.982297 -0.137123
-29.3853 11.2418 33.7676 0.131027 -0.982708 -0.13083
-30.1889 11.2258 33.0725 0.134491 -0.982633 -0.127834
-31.2041 11.2079 32.1033 0.139341 -0.982439 -0.124084
-32.2368 11.2067 30.909 0.144255 -0.982196 -0.120335
-32.8621 11.202 30.1977 0.144152 -0.982147 -0.120861
-33.5678 11.196 29.3334 0.149356 -0.982064 -0.115079
-34.1859 11.2071 28.416 0.151705 -0.982062 -0.111982
-34.7723 11.1977 27.6801 0.1579 -0.981802 -0.105511
-35.4526 11.1642 26.975 0.161807 -0.981337 -0.103809
-36.2328 11.1332 26.0125 0.162801 -0.981508 -0.100686
-37.0004 11.1151 24.8835 0.166652 -0.981237 -0.0969593
-37.5807 11.0959 23.9873 0.172268 -0.980939 -0.0899012
-38.177 11.0628 23.1397 0.178423 -0.980044 -0.0875809
-38.6614 11.058 22.2047 0.182386 -0.979333 -0.0874188
-39.0468 11.0607 21.2945 0.182274 -0.980069 -0.0789927
-39.491 11.0658 20.1964 0.182132 -0.98018 -0.0779428
-39.9905 11.0621 18.964 0.183142 -0.98049 -0.0713304
-40.0375 11.0612 18.8592 0.182547 -0.980767 -0.0689951
-40.9568 10.8584 19.2934 0.184992 -0.980501 -0.0663057
-40.5141 10.874 20.2241 0.179866 -0.981191 -0.070071
-40.1631 10.8619 21.1928 0.182003 -0.980221 -0.0777251
-39.7789 10.8693 21.9879 0.180832 -0.980502 -0.0768723
-39.3846 10.8726 22.8218 0.17568 -0.98103 -0.0819493
-38.9088 10.8881 23.6615 0.171251 -0.981704 -0.0832523
-38.3353 10.9159 24.5108 0.170962 -0.98152 -0.0859619
-37.8695 10.9271 25.3041 0.171092 -0.981455 -0.086449
-37.3162 10.9464 26.0687 0.16202 -0.982068 -0.0963953
-36.6241 10.9689 26.9797 0.158483 -0.982244 -0.100294
-35.9871 10.9773 27.9248 0.159506 -0.981781 -0.103187
-35.3115 11.0209 28.5222 0.149935 -0.983224 -0.103505
-34.6993 11.0279 29.3057 0.149179 -0.982764 -0.109172
-34.1912 11.0207 30.0525 0.146218 -0.983025 -0.110825
-33.2075 11.0356 31.1903 0.144173 -0.9829 -0.114552
-32.6357 11.0327 31.9025 0.1381 -0.983107 -0.120047
-31.726 11.0312 32.9227 0.137771 -0.982724 -0.123582
-30.8049 11.0563 33.7265 0.135259 -0.982763 -0.126021
-29.7568 11.0841 34.6064 0.128416 -0.983585 -0.126766
-29.0284 11.0985 35.1767 0.12518 -0.982968 -0.134549
-28.2715 11.1204 35.7181 0.119988 -0.982988 -0.139013
-27.1133 11.1168 36.7214 0.113053 -0.983874 -0.138514
-25.9363 11.1139 37.6212 0.106086 -0.983188 -0.14862
-25.1296 11.107 38.244 0.106242 -0.983147 -0.148776
-24.3492 11.0766 39.0091 0.107588 -0.98302 -0.14865
-23.5724 11.0927 39.4388 0.100496 -0.983446 -0.150782
-22.5403 11.0997 40.0747 0.0971883 -0.983757 -0.150919
-21.5798 11.0986 40.6643 0.0922612 -0.98354 -0.155359
-20.6011 11.1174 41.1064 0.0887714 -0.983385 -0.158343
-19.6011 11.1446 41.4841 0.0859178 -0.983385 -0.159913
-18.5001 11.1585 41.9688 0.0800691 -0.983669 -0.161194
-17.4726 11.1823 42.3534 0.0766331 -0.984702 -0.156385
-16.2529 11.1883 42.8576 0.0686256 -0.984725 -0.160019
-15.1187 11.1904 43.3116 0.0633043 -0.98444 -0.163914
-14.2079 11.1646 43.8034 0.0572606 -0.983943 -0.169047
-13.2248 11.1699 44.1142 0.0547603 -0.985142 -0.162729
-12.3156 11.162 44.4524 0.0533922 -0.984819 -0.165171
-11.1981 11.1673 44.7481 0.0503005 -0.984054 -0.170612
-9.84807 11.1827 45.0302 0.045756 -0.984081 -0.171729
-8.91372 11.2054 45.1402 0.0376757 -0.984836 -0.169346
-7.95786 11.226 45.2328 0.0332516 -0.984023 -0.174768
-7.05478 11.2263 45.3897 0.0291906 -0.984213 -0.174566
-5.30294 11.2278 45.642 0.0237002 -0.983536 -0.179151
-4.34396 11.2245 45.7588 0.0178742 -0.98403 -0.177102
-3.41892 11.2241 45.852 0.0147379 -0.984203 -0.176405
-2.4884 11.2136 45.9746 0.00989236 -0.984139 -0.177101
-0.914767 11.1866 46.1863 0.00648047 -0.983975 -0.178189
0.00614123 11.1773 46.2581 0.00378393 -0.983515 -0.180785
1.41829 11.1703 46.3091 -0.0026908 -0.983209 -0.182462
2.46473 11.1787 46.245 -0.00324958 -0.983325 -0.18183
3.40256 11.2046 46.0953 -0.00317045 -0.983924 -0.178535
4.67609 11.2292 45.8898 -0.0143043 -0.983441 -0.180662
5.72701 11.245 45.7261 -0.0169447 -0.983301 -0.181169
6.82252 11.2351 45.6606 -0.0188965 -0.983646 -0.179115
7.8345 11.2143 45.6562 -0.021905 -0.98408 -0.176371
8.97511 11.2163 45.4742 -0.0290553 -0.983871 -0.176506
10.0513 11.2186 45.2788 -0.0334979 -0.984473 -0.172287
10.9886 11.199 45.215 -0.0324504 -0.984081 -0.174734
12.3947 11.2057 44.8881 -0.0393088 -0.98408 -0.173304
13.4284 11.2176 44.571 -0.0430345 -0.984073 -0.172465
14.3226 11.2163 44.3317 -0.0482791 -0.983475 -0.17449
15.5737 11.235 43.8729 -0.0515561 -0.983555 -0.173085
17.0398 11.2511 43.3273 -0.0554771 -0.984045 -0.16902
18.0267 11.2442 43.0131 -0.0646837 -0.984194 -0.164855
18.9005 11.2645 42.5529 -0.0635562 -0.984975 -0.160545
19.8229 11.2671 42.1673 -0.0647325 -0.984609 -0.162341
20.6761 11.2585 41.8632 -0.0689549 -0.98456 -0.160886
21.5758 11.2517 41.4981 -0.0779323 -0.984552 -0.156791
22.4184 11.2546 41.085 -0.0735753 -0.986002 -0.149619
23.7048 11.245 40.4952 -0.07883 -0.985583 -0.149703
25.1552 11.2592 39.6232 -0.0814793 -0.985987 -0.145531
25.9612 11.2724 39.0607 -0.0864028 -0.986319 -0.140377
26.7997 11.2872 38.4257 -0.0867508 -0.986507 -0.138837
27.7148 11.3145 37.6571 -0.085308 -0.987033 -0.135973
28.6103 11.2958 37.1694 -0.0946348 -0.986394 -0.134427
29.6452 11.2952 36.3905 -0.102244 -0.986518 -0.127781
30.4228 11.3199 35.5862 -0.102996 -0.986982 -0.123427
31.2283 11.303 35.0113 -0.105518 -0.987203 -0.119566
32.1917 11.2633 34.4331 -0.111289 -0.986944 -0.116433
32.8866 11.2506 33.8227 -0.120616 -0.986565 -0.110186
33.6404 11.2371 33.1233 -0.119568 -0.986619 -0.110839
34.5435 11.2357 32.1135 -0.128527 -0.985856 -0.107557
35.1272 11.2368 31.3985 -0.130748 -0.985769 -0.105634
35.8604 11.2291 30.5257 -0.133481 -0.98576 -0.102275
36.4782 11.2304 29.6634 -0.138801 -0.985699 -0.0955642
37.0345 11.2251 28.8782 -0.15229 -0.984252 -0.0897458
37.7114 11.2045 27.9453 -0.145243 -0.98533 -0.0892939
38.3953 11.1661 27.1398 -0.152924 -0.985211 -0.0772821
38.9146 11.1438 26.3966 -0.157666 -0.984656 -0.0745893
39.4298 11.1132 25.6505 -0.162337 -0.984256 -0.0698995
40.2095 11.0591 24.5679 -0.166764 -0.983788 -0.0659501
41.0056 11.005 23.2518 -0.172353 -0.983271 -0.0589094
41.5342 10.9675 22.3041 -0.177273 -0.982738 -0.0529125
41.9068 10.9532 21.3285 -0.175328 -0.983256 -0.0495312
42.4485 10.9109 20.0221 -0.185083 -0.981959 -0.0387195
42.9051 10.8693 18.73 -0.18841 -0.981716 -0.0271067
43.1861 10.8393 17.6974 -0.194626 -0.980693 -0.0182498
43.5209 10.7855 16.7604 -0.201277 -0.97946 -0.00785016
43.9197 10.7143 15.8238 -0.204337 -0.978808 -0.0134947
44.1991 10.6581 14.9296 -0.207193 -0.9783 -9.32135e-05
44.5035 10.583 14.0388 -0.220515 -0.975323 0.0108324
44.9439 10.4598 12.4011 -0.22762 -0.973621 0.0158346
45.1154 10.4001 11.2263 -0.231983 -0.972508 0.0195102
45.2995 10.3226 9.83446 -0.23836 -0.970926 0.0220721
45.4258 10.2483 8.41916 -0.247447 -0.968482 0.028494
45.5512 10.1667 6.85322 -0.250913 -0.967561 0.0294849
45.6275 10.1125 5.92188 -0.258359 -0.96557 0.0304109
45.7506 10.0208 4.20135 -0.26376 -0.964107 0.0299852
45.936 9.9276 2.61691 -0.268704 -0.962933 0.0233616
46.0583 9.87114 1.36856 -0.269628 -0.962871 0.0134434
46.1101 9.84058 0.335096 -0.278473 -0.96043 0.00522484
45.9893 9.87108 -1.0714 -0.273803 -0.961784 -0.00139186
45.8824 9.90453 -2.12963 -0.270735 -0.962612 -0.00899932
45.836 9.93715 -3.65451 -0.266705 -0.963671 -0.0141988
45.7847 9.9634 -4.58969 -0.263967 -0.964403 -0.0154002
45.6259 10.0277 -5.81912 -0.25883 -0.965809 -0.0148613
45.483 10.0881 -6.91666 -0.250272 -0.967976 -0.0196616
45.4204 10.1288 -8.22899 -0.249606 -0.9682 -0.0168973
45.3376 10.1716 -9.16047 -0.239795 -0.970693 -0.0159045
45.1746 10.2385 -10.7501 -0.237345 -0.971325 -0.0133732
45.0317 10.2851 -12.0827 -0.236189 -0.97168 -0.00732061
44.7901 10.3519 -13.1452 -0.22552 -0.974221 -0.00568469
44.5583 10.4116 -14.1122 -0.226785 -0.973927 -0.00587854
44.2284 10.4847 -14.944 -0.219353 -0.975634 0.00469821
43.9289 10.5474 -15.8258 -0.216738 -0.976212 0.00589839
43.559 10.6115 -16.7583 -0.210621 -0.977375 0.0192673
43.2023 10.6679 -17.7126 -0.206129 -0.97825 0.0231913
42.8912 10.7087 -18.5917 -0.194434 -0.980459 0.0299323
42.5271 10.7495 -19.5326 -0.194294 -0.980187 0.0384416
42.1794 10.7826 -20.3964 -0.192611 -0.980337 0.0428041
41.8659 10.8012 -21.3136 -0.19233 -0.980238 0.0462807
41.4948 10.8277 -22.1526 -0.191548 -0.979815 0.0572028
41.0523 10.8654 -22.9837 -0.184236 -0.981071 0.0595944
40.5489 10.908 -23.8631 -0.186237 -0.980685 0.0597744
39.9647 10.9534 -24.7964 -0.175273 -0.982287 0.0662701
39.1629 11.0125 -25.9149 -0.167757 -0.983113 0.0731159
38.4962 11.0482 -26.806 -0.16537 -0.98253 0.0853672
37.924 11.0624 -27.7065 -0.156076 -0.983595 0.0904492
37.2809 11.0785 -28.6188 -0.151748 -0.984069 0.0926317
36.5189 11.1002 -29.587 -0.148187 -0.983802 0.100851
35.8913 11.1132 -30.3705 -0.143461 -0.98389 0.106488
34.9956 11.1185 -31.4455 -0.140087 -0.983772 0.112104
34.1373 11.1165 -32.4681 -0.134447 -0.984003 0.116884
33.1325 11.128 -33.4526 -0.124606 -0.984248 0.125384
32.4791 11.132 -34.0834 -0.127348 -0.983867 0.125654
31.5501 11.1371 -34.9181 -0.117112 -0.984498 0.130567
30.8182 11.1497 -35.4621 -0.116745 -0.983478 0.138327
30.0246 11.1488 -36.1478 -0.116507 -0.983177 0.140638
28.9781 11.1739 -36.808 -0.110683 -0.983373 0.14394
27.8115 11.1543 -37.7941 -0.106314 -0.983307 0.147661
26.91 11.1356 -38.5422 -0.100155 -0.983194 0.152637
25.9352 11.153 -39.0663 -0.0981566 -0.982857 0.156053
25.1438 11.1366 -39.6598 -0.0980646 -0.982669 0.157308
24.0467 11.1226 -40.4095 -0.0962627 -0.982412 0.160003
23.1473 11.1434 -40.7984 -0.0870494 -0.982364 0.16548
22.2688 11.1529 -41.2113 -0.086817 -0.982913 0.162288
21.4457 11.1577 -41.6075 -0.0842223 -0.982993 0.163192
20.5606 11.1667 -41.9898 -0.0772309 -0.984013 0.160481
19.6127 11.1636 -42.4412 -0.0787564 -0.982473 0.168949
18.6237 11.1757 -42.8084 -0.070082 -0.982975 0.169851
17.5271 11.1767 -43.2344 -0.0673276 -0.982447 0.173968
16.3995 11.1731 -43.6825 -0.0631738 -0.983026 0.172248
15.1952 11.1636 -44.1613 -0.0574315 -0.982773 0.175645
13.8259 11.1624 -44.5852 -0.0509173 -0.982777 0.177641
12.5915 11.1705 -44.8893 -0.0470663 -0.983135 0.176689
11.1064 11.1852 -45.1714 -0.0396435 -0.983449 0.176764
9.76002 11.2017 -45.3459 -0.0316856 -0.983369 0.178829
8.43079 11.2157 -45.503 -0.0271893 -0.984124 0.175281
6.82264 11.2037 -45.7444 -0.0163681 -0.983671 0.179228
5.2289 11.1879 -45.9589 -0.0127701 -0.983485 0.18054
4.17453 11.176 -46.0787 -0.00311209 -0.983283 0.182057
2.71787 11.1501 -46.2229 0.00136411 -0.983102 0.183054
1.24299 11.1221 -46.3535 0.00475659 -0.983446 0.181139
0.104884 11.131 -46.2559 0.00904001 -0.982766 0.184631
-0.798959 11.1341 -46.1954 0.00828308 -0.982903 0.183937
-2.0429 11.118 -46.2051 0.0114368 -0.983413 0.181019
-3.52259 11.1342 -45.9409 0.0228367 -0.983694 0.178392
-4.43126 11.1344 -45.8227 0.0232911 -0.98368 0.178413
-5.72705 11.1254 -45.6866 0.026887 -0.984613 0.172669
-7.11249 11.1264 -45.3887 0.0385594 -0.984775 0.169499
-8.72664 11.0955 -45.1747 0.0446422 -0.984392 0.170228
-10.3116 11.0694 -44.8982 0.0481163 -0.984705 0.167423
-11.3634 11.0585 -44.6301 0.0540225 -0.984247 0.168298
-12.3499 11.0541 -44.3606 0.0544387 -0.984108 0.169
-13.5905 11.0504 -43.9536 0.0601928 -0.984009 0.167638
-14.793 11.0611 -43.4406 0.0666021 -0.983876 0.165969
-15.9106 11.0626 -42.9786 0.0667003 -0.98467 0.161104
-17.0659 11.0456 -42.5656 0.0734034 -0.984608 0.158606
-18.5526 11.0389 -41.896 0.0774825 -0.984678 0.156213
-19.6549 11.0348 -41.3495 0.0858839 -0.98424 0.154579
-20.6722 11.0032 -40.9811 0.0815512 -0.98509 0.151374
-21.8195 10.9805 -40.4674 0.0878824 -0.98452 0.151649
-22.8346 10.9732 -39.9048 0.0911451 -0.984622 0.14904
-23.6342 10.9681 -39.4411 0.0942736 -0.984541 0.147604
-24.5326 10.9841 -38.7456 0.0950082 -0.984752 0.145726
-25.3104 11.0139 -38.0267 0.0965394 -0.985101 0.142326
-26.1452 11.0162 -37.4297 0.104459 -0.984583 0.140305
-27.323 10.9748 -36.8389 0.107564 -0.984556 0.138095
-28.059 10.9961 -36.0941 0.109755 -0.984493 0.136846
-28.97 11.0146 -35.2129 0.110014 -0.985035 0.13268
-30.004 10.9919 -34.4473 0.118436 -0.984376 0.130297
-30.8589 10.9874 -33.6806 0.121478 -0.984442 0.126951
-31.631 10.9551 -33.1331 0.130473 -0.983645 0.124173
-32.3369 10.9576 -32.3947 0.128849 -0.985265 0.112477
-32.9376 10.9621 -31.6668 0.1326 -0.984737 0.112673
-33.573 10.9681 -30.899 0.127306 -0.985391 0.113131
-34.2134 10.9644 -30.135 0.137664 -0.98439 0.109628
-34.7044 10.9835 -29.3577 0.140934 -0.984206 0.107132
-35.6229 10.9791 -28.1854 0.141924 -0.98445 0.103461
-36.204 10.9782 -27.3446 0.14843 -0.984287 0.095639
-36.8948 10.957 -26.4914 0.148521 -0.984368 0.0946522
-37.68 10.9393 -25.4032 0.152061 -0.984184 0.0908845
-38.4001 10.9224 -24.3518 0.156788 -0.983933 0.0853836
-39.2438 10.8959 -23.0067 0.165359 -0.982976 0.0800843
-39.944 10.8997 -21.5277 0.164921 -0.983273 0.0772171
-40.5514 10.8976 -20.1513 0.168765 -0.983228 0.0691497
-41.1605 10.8598 -19.1914 0.172331 -0.983059 0.06204
-41.4997 10.8582 -18.1593 0.17707 -0.982585 0.0563255
-41.8337 10.852 -17.1218 0.181791 -0.981969 0.0518456
-42.2315 10.8386 -15.9011 0.181139 -0.982545 0.0416252
-42.8435 10.7691 -14.5172 0.189242 -0.981478 0.0297653
-43.2912 10.716 -13.2924 0.193654 -0.980733 0.0257034
-43.6022 10.6864 -11.899 0.199496 -0.979672 0.0206353
-43.8373 10.658 -10.9765 0.204078 -0.978858 0.0137435
-43.8784 10.6629 -9.88098 0.211309 -0.977353 0.0113274
-44.0121 10.6467 -8.9773 0.213555 -0.976826 0.0143015
-44.1674 10.6165 -7.4759 0.220882 -0.975294 0.00177491
-44.2588 10.5985 -6.50422 0.22451 -0.974471 -0.000772981
-44.3671 10.568 -5.30772 0.233137 -0.972425 -0.00579893
-44.4418 10.5455 -4.23127 0.240266 -0.970603 -0.0106954
-44.6582 10.4838 -2.97612 0.248661 -0.968585 -0.0033413
-44.767 10.451 -1.97726 0.251801 -0.967775 -0.00283933
-44.7901 10.4427 -0.797904 0.250018 -0.968241 0.000794198
-44.8236 10.4374 0.361507 0.251635 -0.967814 0.00404218
-44.7436 10.4631 1.49484 0.248757 -0.96856 0.00338412
-44.6613 10.4905 2.58149 0.249326 -0.968388 0.00779425
-44.5334 10.5342 3.67825 0.24508 -0.969472 0.00543397
-44.3635 10.5833 5.29021 0.236672 -0.97157 0.00388901
-44.2276 10.6203 6.96723 0.232442 -0.972597 0.00500851
-44.2134 10.619 8.01227 0.225672 -0.974156 -0.00960118
-43.9494 10.6706 9.11152 0.216659 -0.976216 -0.00687205
-43.7883 10.6924 10.1678 0.212223 -0.977142 -0.0124541
-43.6574 10.6964 11.5358 0.207963 -0.977913 -0.0209182
-43.454 10.7198 12.4329 0.203458 -0.9787 -0.026519
-43.1259 10.7424 13.762 0.198338 -0.979519 -0.0346994
-42.8895 10.7584 14.654 0.194177 -0.979989 -0.0429095
-42.3452 10.8037 15.8195 0.189775 -0.980461 -0.051762
-41.9906 10.8264 16.6699 0.188973 -0.980555 -0.0529291
-41.5359 10.8517 17.7329 0.182902 -0.98141 -0.0581467
-41.2032 10.8591 18.5955 0.176809 -0.98191 -0.0672489
-41.0772 10.8575 18.9703 0.184992 -0.980501 -0.0663061
