36.294 15.7629 -27.6982 -0.144098 -0.986978 0.071403
36.8733 15.7299 -26.9518 -0.147397 -0.986541 0.0707883
37.4916 15.6886 -26.1541 -0.15819 -0.985521 0.061028
38.3401 15.6208 -25.0253 -0.162899 -0.985065 0.0555336
38.876 15.5718 -24.2404 -0.167224 -0.984489 0.0530835
39.4297 15.5275 -23.2215 -0.173338 -0.98367 0.0484403
39.7978 15.5021 -22.3883 -0.178447 -0.983051 0.0414371
40.3004 15.4515 -21.2984 -0.185301 -0.981873 0.0398705
40.7952 15.394 -20.2936 -0.190272 -0.981124 0.0343063
41.3105 15.3187 -19.1521 -0.198802 -0.979788 0.0221456
41.7087 15.2503 -18.164 -0.20846 -0.97795 0.0125588
42.0887 15.1783 -17.2202 -0.211408 -0.977374 0.00689316
42.5357 15.091 -16.0882 -0.218993 -0.975672 0.00488537
42.9454 14.9946 -14.9591 -0.22542 -0.97426 -0.00182262
43.2075 14.9172 -14.0362 -0.239036 -0.97088 -0.0159314
43.4508 14.8369 -12.7516 -0.25361 -0.967164 -0.0165454
43.6582 14.7653 -11.7738 -0.25654 -0.966255 -0.0224011
43.8559 14.6821 -10.6593 -0.263781 -0.964309 -0.0229642
44.013 14.6123 -9.63027 -0.264051 -0.964145 -0.0264906
44.1433 14.5363 -8.24496 -0.273065 -0.961669 -0.0250508
44.1823 14.4983 -7.21498 -0.272692 -0.961776 -0.0250319
44.3012 14.4283 -5.82023 -0.274476 -0.961328 -0.022375
44.4424 14.3565 -4.73759 -0.285404 -0.957997 -0.0280591
44.5743 14.2974 -3.81011 -0.287288 -0.957686 -0.0173921
44.6609 14.2534 -2.76689 -0.290351 -0.956867 -0.00859231
44.7825 14.2066 -1.52357 -0.303771 -0.952722 -0.00360049
44.8775 14.1772 -0.437179 -0.301719 -0.953397 -1.31223e-06
44.9034 14.1828 0.583283 -0.297522 -0.954643 0.0113146
44.8158 14.2215 1.57643 -0.298982 -0.954202 0.0104617
44.66 14.2963 2.98148 -0.300805 -0.953457 0.0208876
44.5341 14.3671 3.92673 -0.288326 -0.957203 0.0251111
44.4375 14.4406 5.2727 -0.286714 -0.957263 0.0379718
44.4124 14.4996 6.561 -0.284618 -0.957858 0.0379806
44.3078 14.5792 7.90551 -0.273996 -0.96099 0.0374602
44.1517 14.6755 9.17882 -0.270164 -0.96205 0.038359
43.9422 14.7745 10.4317 -0.257183 -0.965816 0.032494
43.7567 14.8585 11.5143 -0.246484 -0.968824 0.0237159
43.5498 14.9306 12.5178 -0.239747 -0.97058 0.0221839
43.2621 15.0302 13.6677 -0.235302 -0.971683 0.0207558
42.9982 15.1058 14.5511 -0.230989 -0.972875 0.012567
42.6831 15.1908 15.5857 -0.220966 -0.975234 0.00965392
42.2932 15.2816 16.5275 -0.211374 -0.977383 0.00467838
41.7977 15.3917 17.6445 -0.201088 -0.979573 0.000363581
41.4321 15.4592 18.5628 -0.196121 -0.980502 -0.0117926
41.0455 15.5215 19.6983 -0.187644 -0.982201 -0.00843857
40.7343 15.5573 20.5873 -0.177764 -0.983764 -0.0245743
40.153 15.6256 21.811 -0.168493 -0.985178 -0.0321536
39.7624 15.6645 22.6809 -0.163192 -0.986018 -0.0337279
39.3198 15.7107 23.4705 -0.16312 -0.986042 -0.0333751
38.7552 15.7669 24.2982 -0.155392 -0.986968 -0.0417991
38.1411 15.8251 25.1098 -0.151647 -0.987317 -0.0469895
37.46 15.8836 25.9933 -0.141145 -0.988555 -0.0532382
36.8023 15.9234 26.8953 -0.134851 -0.988977 -0.0611546
36.1533 15.9536 27.8215 -0.129341 -0.989608 -0.0628105
35.3854 15.9808 28.8743 -0.125206 -0.989685 -0.0696175
34.664 15.9985 29.8447 -0.119282 -0.990021 -0.0750317
34.1139 16.0056 30.6362 -0.113763 -0.99083 -0.0728162
33.4113 16.0156 31.5321 -0.110182 -0.991042 -0.0754737
32.6168 16.0395 32.2835 -0.104779 -0.991439 -0.0778645
31.7163 16.0711 33.0282 -0.101516 -0.991471 -0.0817266
30.7349 16.0951 33.8538 -0.0947445 -0.991855 -0.0850995
29.7155 16.1165 34.6698 -0.0880339 -0.992399 -0.0859899
28.7392 16.1283 35.4457 -0.0813768 -0.992282 -0.093521
28.0103 16.1298 36.0371 -0.0792848 -0.992185 -0.0963452
27.0257 16.1284 36.8146 -0.0765586 -0.991847 -0.101871
26.181 16.1254 37.4396 -0.0714198 -0.992024 -0.103865
25.2295 16.1179 38.1264 -0.0659534 -0.991926 -0.108322
24.2734 16.1057 38.7985 -0.0632712 -0.991613 -0.112698
23.4728 16.107 39.2382 -0.0628174 -0.991349 -0.115207
22.2565 16.1202 39.7617 -0.0596371 -0.991248 -0.117764
21.249 16.1177 40.2482 -0.0546362 -0.991003 -0.122178
20.0106 16.1153 40.8049 -0.050789 -0.991289 -0.121521
18.8498 16.1149 41.26 -0.0461822 -0.990873 -0.126632
17.9265 16.112 41.6233 -0.045946 -0.990622 -0.128663
16.6959 16.0962 42.1684 -0.0446033 -0.990621 -0.129154
15.4705 16.0858 42.6172 -0.0386735 -0.990755 -0.130031
14.5309 16.0805 42.9187 -0.0377804 -0.990194 -0.134496
13.2293 16.0701 43.3409 -0.0323397 -0.990192 -0.135913
12.2279 16.0608 43.6376 -0.0314352 -0.990044 -0.137203
10.8288 16.0602 43.9416 -0.0284006 -0.989598 -0.141027
9.77573 16.0649 44.0951 -0.0243074 -0.989775 -0.140552
8.63794 16.0702 44.2449 -0.02223 -0.989779 -0.140863
7.63019 16.0733 44.3599 -0.0163605 -0.98993 -0.140607
6.6225 16.0685 44.508 -0.0153217 -0.989915 -0.14083
5.62978 16.0643 44.6438 -0.0107601 -0.989865 -0.141535
4.56513 16.0469 44.8137 -0.00685002 -0.989979 -0.141046
3.56846 16.0438 44.8773 -0.00534023 -0.990021 -0.140818
2.23286 16.0415 44.9262 -0.00150453 -0.989916 -0.141644
1.06983 16.0338 44.9765 0.00230694 -0.989944 -0.141431
-0.382964 16.0322 44.9489 0.005379 -0.989872 -0.141856
-1.75298 16.0348 44.8662 0.00931859 -0.989761 -0.142428
-2.76113 16.0342 44.7935 0.0135749 -0.989744 -0.142205
-3.67861 16.0384 44.6756 0.0175728 -0.989866 -0.140911
-4.66824 16.0436 44.5186 0.0187512 -0.989725 -0.141744
-5.74138 16.0444 44.3605 0.0220369 -0.989631 -0.141915
-6.91695 16.0363 44.2199 0.024826 -0.990169 -0.137635
-8.03906 16.0349 44.0087 0.031426 -0.990116 -0.136613
-9.03396 16.01 43.9287 0.0351526 -0.990255 -0.134749
-9.99242 15.9894 43.8137 0.0388455 -0.990198 -0.134159
-11.1458 15.9755 43.5699 0.0437004 -0.989912 -0.134769
-12.4053 15.989 43.0508 0.0447611 -0.98979 -0.135316
-13.2474 15.9954 42.6904 0.0503724 -0.989829 -0.133047
-14.2448 15.9946 42.3118 0.0533198 -0.989722 -0.132689
-15.2149 15.988 41.9732 0.0532054 -0.989685 -0.133014
-16.2196 15.9867 41.5299 0.0595027 -0.989512 -0.131625
-17.2331 15.9823 41.0702 0.0655386 -0.989408 -0.129527
-18.6596 15.9618 40.475 0.0705464 -0.989548 -0.125769
-19.7919 15.937 40.0147 0.0755989 -0.989579 -0.122544
-21.0786 15.9161 39.3715 0.0780393 -0.989458 -0.121997
-21.9704 15.9009 38.9 0.0855959 -0.988885 -0.121565
-22.8601 15.8925 38.3398 0.0905108 -0.988625 -0.120117
-23.6629 15.8887 37.7664 0.0905478 -0.988699 -0.119477
-24.6719 15.8736 37.1102 0.0930924 -0.988654 -0.117876
-25.4642 15.8722 36.4852 0.0944986 -0.988461 -0.118374
-26.2818 15.867 35.8287 0.100281 -0.988153 -0.116179
-27.3242 15.8603 34.9643 0.10678 -0.987779 -0.113505
-28.4258 15.8397 34.0665 0.109367 -0.98786 -0.110328
-29.4895 15.8092 33.2204 0.113576 -0.988243 -0.102353
-30.1709 15.7927 32.6238 0.113568 -0.988241 -0.102381
-30.9709 15.7673 31.9421 0.116609 -0.988158 -0.0997256
-31.844 15.7511 31.0327 0.121812 -0.98824 -0.0924325
-32.705 15.7398 29.9895 0.12716 -0.987714 -0.0908399
-33.3292 15.741 29.0813 0.12899 -0.987767 -0.0876187
-34.102 15.7302 28.0141 0.133385 -0.987777 -0.0806528
-34.9072 15.7066 26.9455 0.139707 -0.986983 -0.079663
-35.6417 15.6792 25.9756 0.143852 -0.986723 -0.0753278
-36.2752 15.6485 25.1328 0.146915 -0.986339 -0.0745114
-36.8756 15.6148 24.3381 0.151485 -0.986153 -0.0674873
-37.5454 15.5794 23.356 0.152469 -0.986223 -0.0640465
-38.2134 15.5431 22.2632 0.157959 -0.985568 -0.0607759
-38.6317 15.5225 21.4613 0.157772 -0.985789 -0.057651
-39.0147 15.5119 20.53 0.161331 -0.985487 -0.0528062
-39.4299 15.5039 19.3399 0.165224 -0.985089 -0.0479702
-39.7921 15.4858 18.4674 0.169859 -0.984467 -0.0439868
-40.3995 15.4316 17.1703 0.179016 -0.983108 -0.0376597
-40.9118 15.3818 15.8454 0.180882 -0.983019 -0.0307305
-41.2954 15.3436 14.6937 0.183175 -0.982668 -0.0284659
-41.6141 15.302 13.8101 0.194733 -0.980659 -0.0196607
-41.9886 15.2484 12.782 0.194797 -0.980642 -0.0198758
-42.2658 15.2034 11.92 0.201821 -0.979338 -0.012856
-42.5014 15.1688 10.8514 0.206121 -0.978467 -0.0091895
-42.6334 15.1442 9.89656 0.213853 -0.976844 -0.00506378
-42.7261 15.1321 8.93581 0.223373 -0.97467 -0.00627103
-42.8403 15.1032 7.4658 0.226205 -0.97407 0.0034026
-42.9433 15.0811 6.49294 0.234836 -0.972031 -0.00270448
-43.106 15.0441 5.37239 0.244612 -0.969616 0.00320544
-43.2487 15.0064 4.19361 0.24851 -0.968618 0.0020918
-43.3271 14.9811 3.28017 0.251195 -0.96792 0.00557307
-43.3443 14.9685 1.89908 0.250654 -0.968061 0.00554498
-43.4103 14.9461 0.541081 0.255292 -0.966847 0.00501107
-43.4201 14.9338 -0.655994 0.259291 -0.965777 0.00456236
-43.3418 14.9549 -1.6334 0.269665 -0.962951 0.00245046
-43.248 14.9821 -2.74966 0.263937 -0.964512 -0.0035928
-43.1028 15.02 -3.94989 0.259337 -0.965778 -0.00247423
-42.8919 15.075 -5.2131 0.241525 -0.970393 0.00131295
-42.8027 15.1031 -6.57239 0.237923 -0.971256 -0.00738565
-42.7347 15.1208 -7.7657 0.222113 -0.974986 -0.00414066
-42.6536 15.1486 -8.97258 0.216283 -0.976304 -0.00720109
-42.4977 15.1806 -10.4652 0.210527 -0.977536 0.0101013
-42.3285 15.2091 -11.4338 0.198385 -0.980082 0.00823376
-42.1102 15.2424 -12.4069 0.195054 -0.98074 0.0101091
-41.7301 15.2945 -13.7031 0.187542 -0.982071 0.0190397
-41.439 15.3346 -14.5701 0.18407 -0.982667 0.0213999
-41.0587 15.3798 -15.5811 0.177558 -0.98378 0.0252706
-40.6675 15.4173 -16.6394 0.170582 -0.984849 0.0311949
-40.0554 15.4725 -18.0418 0.165072 -0.985543 0.0381485
-39.6553 15.5029 -18.9259 0.160849 -0.985963 0.0447762
-39.179 15.5283 -20.0775 0.159447 -0.98629 0.0424496
-38.5812 15.5382 -21.603 0.148399 -0.987488 0.053348
-38.1716 15.5449 -22.5525 0.147249 -0.987458 0.0569573
-37.648 15.5619 -23.5398 0.143967 -0.987793 0.0594921
-37.0212 15.5893 -24.4928 0.139069 -0.988115 0.0654628
-36.369 15.6237 -25.3148 0.135931 -0.988434 0.0672389
-35.6158 15.6622 -26.182 0.131008 -0.988713 0.0726856
-34.9037 15.6911 -27.0517 0.127061 -0.988992 0.0757506
-34.1343 15.7037 -28.1905 0.123733 -0.989385 0.0761482
-33.4879 15.7112 -29.1054 0.123564 -0.98919 0.0789584
-32.8143 15.7181 -30.0037 0.114742 -0.989682 0.0857757
-32.1455 15.7241 -30.8042 0.114385 -0.989528 0.0880347
-31.5331 15.7319 -31.484 0.112756 -0.989194 0.0937084
-30.8467 15.7472 -32.1481 0.110704 -0.98941 0.0938562
-29.8188 15.7752 -33.0263 0.10638 -0.989721 0.0955605
-29.097 15.792 -33.6154 0.103413 -0.98966 0.0993951
-28.2874 15.8061 -34.2751 0.0968601 -0.990053 0.102049
-27.5015 15.8149 -34.9138 0.0911276 -0.990361 0.104311
-26.8037 15.8174 -35.4872 0.0887194 -0.990351 0.106463
-25.9573 15.8179 -36.1844 0.0883982 -0.990294 0.107257
-25.0561 15.813 -36.9207 0.0814461 -0.990702 0.108979
-24.1122 15.8064 -37.6598 0.0744074 -0.990976 0.111494
-23.2889 15.8028 -38.2523 0.0759189 -0.990492 0.114728
-21.9515 15.8118 -39.0425 0.0731495 -0.990701 0.114723
-21.1639 15.8154 -39.4895 0.0717316 -0.990405 0.118121
-19.9769 15.8237 -40.1256 0.0701036 -0.990109 0.121529
-18.7411 15.8427 -40.6396 0.0637554 -0.990232 0.12399
-17.8523 15.8556 -40.9746 0.0584877 -0.990132 0.12735
-16.6967 15.8703 -41.3981 0.0594651 -0.989708 0.130132
-15.5536 15.8776 -41.8384 0.0568091 -0.989729 0.131187
-14.6431 15.8777 -42.2092 0.0511617 -0.98978 0.133108
-13.3964 15.8714 -42.7406 0.050744 -0.989476 0.135473
-12.3994 15.8701 -43.1042 0.0466808 -0.989523 0.136599
-11.4508 15.876 -43.3577 0.0411684 -0.98978 0.13653
-10.3016 15.882 -43.6501 0.0374959 -0.98973 0.137938
-8.97699 15.8906 -43.9432 0.0357055 -0.989503 0.140034
-7.61389 15.9147 -44.1061 0.0317933 -0.989245 0.142773
-6.71694 15.9262 -44.2243 0.031429 -0.989279 0.142616
-5.12929 15.9277 -44.5007 0.0231617 -0.989326 0.143868
-3.7026 15.9246 -44.7402 0.018318 -0.98912 0.145928
-2.75962 15.9279 -44.8176 0.0157038 -0.988843 0.148128
-1.65176 15.9348 -44.8688 0.00822632 -0.988864 0.148594
-0.738148 15.9302 -44.9465 0.00765093 -0.988758 0.149327
0.581828 15.9306 -45.0044 0.00497316 -0.988269 0.152643
1.88167 15.9416 -44.9628 0.00233199 -0.988485 0.151301
2.88972 15.9556 -44.882 -0.00658585 -0.988986 0.14786
4.37275 15.9589 -44.7913 -0.00807559 -0.988986 0.147785
5.83879 15.9595 -44.6836 -0.014525 -0.988852 0.148171
7.13409 15.9652 -44.4946 -0.0189987 -0.989035 0.146442
8.43979 15.9659 -44.2985 -0.0222343 -0.988997 0.146252
9.80683 15.9621 -44.0972 -0.0294209 -0.988589 0.147726
11.101 15.9502 -43.8957 -0.0354691 -0.988575 0.146481
11.9912 15.9446 -43.7048 -0.0374094 -0.988701 0.145161
13.2713 15.9396 -43.3917 -0.0413435 -0.988646 0.14446
14.696 15.9395 -42.9593 -0.0483141 -0.988218 0.145226
15.7975 15.9442 -42.5529 -0.0485935 -0.988695 0.141851
16.8037 15.9463 -42.1683 -0.0565041 -0.988514 0.14016
17.6688 15.9488 -41.7934 -0.0588429 -0.98852 0.139158
18.6085 15.9498 -41.3897 -0.0582872 -0.988469 0.139753
19.6032 15.9457 -40.9913 -0.0652449 -0.98823 0.138318
20.6193 15.9324 -40.5823 -0.0676887 -0.988185 0.137499
21.5111 15.9233 -40.1856 -0.0709488 -0.988197 0.135768
22.5296 15.9118 -39.7122 -0.0753923 -0.988305 0.13255
23.5694 15.8991 -39.2062 -0.077338 -0.988468 0.130193
24.4284 15.8918 -38.7357 -0.0821104 -0.988284 0.128637
25.6385 15.901 -37.859 -0.0853001 -0.988325 0.126246
26.5256 15.9126 -37.1391 -0.0915711 -0.988292 0.122037
27.2952 15.9149 -36.5463 -0.0921602 -0.988565 0.119319
28.0559 15.9169 -35.9151 -0.0943095 -0.988709 0.11645
29.0079 15.9108 -35.1678 -0.0973297 -0.988706 0.113959
29.7801 15.8985 -34.6037 -0.10346 -0.988369 0.111431
31.0407 15.8775 -33.584 -0.106304 -0.988761 0.10506
31.9823 15.8587 -32.7629 -0.109039 -0.988753 0.102359
32.7664 15.8514 -31.9471 -0.112555 -0.988862 0.0973719
33.7156 15.8338 -30.9443 -0.122283 -0.988221 0.0919461
34.3042 15.8224 -30.2305 -0.123549 -0.988662 0.0853395
34.8835 15.8098 -29.5068 -0.125437 -0.988709 0.0819806
35.5528 15.7887 -28.6663 -0.133664 -0.98804 0.0768814
36.176 15.7685 -27.8518 -0.138218 -0.987442 0.0763412
36.7824 15.6279 -28.5807 -0.139682 -0.987388 0.0743559
37.586 15.5865 -27.4984 -0.144346 -0.987238 0.067269
38.2339 15.5413 -26.6633 -0.151508 -0.986952 0.0545143
38.7912 15.4965 -25.9244 -0.15425 -0.986555 0.053921
39.5944 15.4235 -24.8011 -0.160173 -0.985838 0.0496813
40.2238 15.3688 -23.6972 -0.167197 -0.984832 0.0463905
40.6652 15.3304 -22.7492 -0.177955 -0.983375 0.0359847
41.1666 15.277 -21.6249 -0.179759 -0.983186 0.0320904
41.5626 15.2261 -20.7658 -0.193982 -0.980438 0.0333683
41.951 15.1733 -19.8976 -0.199139 -0.979758 0.0202266
42.3481 15.1076 -18.9626 -0.20216 -0.979306 0.00951356
42.8341 15.0132 -17.7203 -0.21151 -0.977361 0.00464725
43.184 14.9436 -16.8464 -0.216579 -0.976241 0.00322434
43.6822 14.829 -15.557 -0.226993 -0.973806 -0.00914372
43.9782 14.7436 -14.6841 -0.233339 -0.97225 -0.0168162
44.2179 14.659 -13.4927 -0.241092 -0.97026 -0.0217048
44.479 14.558 -12.2946 -0.248738 -0.968262 -0.0228029
44.6765 14.477 -11.2552 -0.267563 -0.963105 -0.0289791
44.8381 14.3948 -10.1207 -0.273339 -0.961322 -0.0336449
44.9974 14.309 -8.84577 -0.275888 -0.960664 -0.0317349
45.0435 14.2666 -7.84765 -0.281299 -0.95923 -0.0273784
45.1231 14.2134 -6.81916 -0.28254 -0.958879 -0.0268346
45.2085 14.1637 -5.90522 -0.283875 -0.958473 -0.0272477
45.3333 14.0891 -4.65754 -0.288694 -0.95691 -0.030847
45.4736 14.0204 -3.65542 -0.296979 -0.954687 -0.0193799
45.5879 13.964 -2.61456 -0.296803 -0.954761 -0.0184216
45.6646 13.9258 -1.64022 -0.303769 -0.952723 -0.00360226
45.7531 13.8989 -0.50666 -0.310164 -0.950605 0.00799062
45.7728 13.9081 0.68335 -0.303387 -0.952797 0.0116225
45.686 13.9507 1.74368 -0.301172 -0.953491 0.0119656
45.5673 14.013 3.03463 -0.297664 -0.95424 0.0277816
45.3648 14.124 4.34294 -0.30091 -0.953077 0.0330698
45.2996 14.1824 5.34855 -0.2907 -0.95617 0.0351226
45.2761 14.2397 6.64495 -0.288874 -0.956425 0.042316
45.2224 14.2974 7.54207 -0.286375 -0.957032 0.0455862
45.1152 14.3825 8.62698 -0.278555 -0.959389 0.043605
44.9647 14.4697 9.72594 -0.268552 -0.962452 0.0395634
44.8345 14.5476 10.6751 -0.261967 -0.964254 0.03892
44.6566 14.6297 11.7643 -0.25341 -0.966979 0.0270943
44.4634 14.7074 12.6712 -0.247254 -0.968465 0.030632
44.1096 14.8285 13.9255 -0.237935 -0.970951 0.025317
43.8527 14.9107 14.7992 -0.237287 -0.971214 0.0209255
43.5149 15.0043 15.9334 -0.223051 -0.974758 0.00970595
43.0393 15.1271 17.1023 -0.206765 -0.978347 0.00918717
42.6049 15.2262 18.0324 -0.200359 -0.979691 -0.00532214
42.1463 15.315 19.2362 -0.192826 -0.981232 0.00110164
41.8042 15.369 20.2888 -0.18367 -0.982833 -0.0165937
41.4032 15.4209 21.2554 -0.178491 -0.983683 -0.0225648
40.8479 15.4859 22.5146 -0.16387 -0.986094 -0.0276543
40.4438 15.5265 23.4205 -0.161785 -0.98628 -0.0327967
39.9679 15.5793 24.1959 -0.159729 -0.986434 -0.037468
39.2822 15.6494 25.1533 -0.152475 -0.987521 -0.0392498
38.5578 15.7196 26.0915 -0.146423 -0.988047 -0.0477373
37.8757 15.7714 26.9922 -0.138713 -0.988843 -0.0540132
37.3423 15.8008 27.7313 -0.134635 -0.989161 -0.0585879
36.5624 15.8329 28.8664 -0.130875 -0.989373 -0.0633514
35.6786 15.8687 29.9802 -0.120048 -0.990508 -0.0667867
34.8485 15.8805 31.1902 -0.113761 -0.99083 -0.072816
34.0237 15.8963 32.2226 -0.106751 -0.991623 -0.0726292
33.0506 15.9306 33.1181 -0.101044 -0.991837 -0.0776756
32.074 15.9627 33.925 -0.0944487 -0.992351 -0.0794102
31.1161 15.9873 34.7105 -0.0920422 -0.992149 -0.0846228
30.3533 16.0029 35.3138 -0.0874522 -0.99215 -0.0893585
29.339 16.0169 36.1096 -0.0814339 -0.992351 -0.0927258
28.6383 16.0181 36.6836 -0.0777265 -0.992459 -0.0947738
27.6356 16.0154 37.4841 -0.072659 -0.99259 -0.0973911
26.909 16.013 38.0329 -0.066811 -0.992753 -0.0998922
26.1646 16.0085 38.5657 -0.0650322 -0.992385 -0.104605
25.2917 15.9955 39.2194 -0.0604586 -0.992091 -0.109998
24.5285 15.985 39.7383 -0.0612659 -0.991862 -0.111595
23.124 15.9935 40.4031 -0.0587693 -0.991793 -0.113546
22.018 15.9985 40.901 -0.0524456 -0.99183 -0.116289
20.9347 15.9957 41.4037 -0.0493251 -0.991449 -0.120814
20.0599 15.9946 41.77 -0.04917 -0.991634 -0.119338
18.9023 15.9929 42.2122 -0.0450564 -0.991456 -0.122412
18.0609 15.9848 42.5739 -0.0419107 -0.991306 -0.12472
16.89 15.9674 43.0976 -0.0407185 -0.991287 -0.125265
15.9049 15.9616 43.4353 -0.0387412 -0.990781 -0.129814
14.7751 15.9548 43.8007 -0.0345641 -0.990814 -0.130736
13.6202 15.9437 44.1774 -0.030512 -0.990722 -0.132438
12.7291 15.9349 44.4469 -0.0301976 -0.990751 -0.132293
11.6883 15.9299 44.6985 -0.0273469 -0.990329 -0.136015
10.4227 15.9326 44.9134 -0.0235686 -0.989802 -0.140484
8.89538 15.9403 45.1204 -0.0230801 -0.989796 -0.140608
7.7237 15.944 45.2564 -0.0165684 -0.98985 -0.141146
6.77723 15.9401 45.3982 -0.0143881 -0.990108 -0.139566
5.64579 15.9332 45.5585 -0.0100123 -0.98982 -0.141952
4.34916 15.9201 45.7198 -0.00614676 -0.99008 -0.140363
3.14641 15.9156 45.7964 -0.00473115 -0.990187 -0.139669
2.01345 15.9076 45.8756 -0.00235619 -0.990336 -0.138666
0.706036 15.8998 45.919 0.00189661 -0.990172 -0.139842
-0.29981 15.9006 45.8809 0.00443746 -0.990563 -0.136983
-1.43502 15.9074 45.7859 0.00948542 -0.990483 -0.13729
-2.76108 15.9046 45.6968 0.0123278 -0.990492 -0.137011
-3.92952 15.9133 45.5291 0.0153015 -0.989939 -0.140639
-5.01346 15.917 45.3669 0.0181004 -0.990155 -0.138797
-6.34673 15.9141 45.1913 0.0215189 -0.990084 -0.138817
-7.41894 15.9083 45.0426 0.0271659 -0.990126 -0.137523
-8.58428 15.8983 44.8699 0.0344525 -0.990326 -0.134417
-9.83964 15.8705 44.7363 0.0385441 -0.990344 -0.133162
-11.0129 15.8481 44.5477 0.042079 -0.990261 -0.13271
-11.8867 15.8446 44.2854 0.0470913 -0.989839 -0.134159
-12.7433 15.8544 43.9187 0.0493806 -0.98961 -0.135028
-13.5925 15.8623 43.55 0.0498772 -0.98972 -0.134038
-14.5342 15.8612 43.1924 0.0534334 -0.98976 -0.132363
-15.4504 15.8578 42.8543 0.0524078 -0.990443 -0.127539
-16.5967 15.8575 42.3552 0.0553997 -0.990379 -0.126808
-17.8918 15.8462 41.7935 0.0645016 -0.990201 -0.123863
-18.9018 15.8329 41.354 0.0710849 -0.989878 -0.12281
-19.7443 15.8131 41.0347 0.0706654 -0.98962 -0.125136
-20.646 15.7969 40.6094 0.0761114 -0.989489 -0.122952
-21.5003 15.7824 40.1776 0.0797704 -0.989212 -0.122864
-22.5275 15.7641 39.6296 0.085591 -0.98909 -0.119895
-23.4629 15.7533 39.0417 0.0881458 -0.989016 -0.11865
-24.2356 15.7481 38.5046 0.0922462 -0.988854 -0.116873
-25.0946 15.7391 37.9032 0.0921438 -0.988753 -0.117801
-26.0966 15.733 37.136 0.0971753 -0.988311 -0.117466
-27.2034 15.7264 36.236 0.101256 -0.988506 -0.112237
-28.1088 15.7188 35.4606 0.101061 -0.988787 -0.109931
-29.225 15.6923 34.6155 0.105604 -0.98854 -0.107874
-30.2755 15.6614 33.7905 0.112872 -0.988463 -0.100998
-31.2707 15.6327 32.9301 0.116518 -0.988323 -0.0981916
-32.0807 15.6162 32.1241 0.119602 -0.987902 -0.0987166
-32.6653 15.6121 31.4372 0.12332 -0.988102 -0.091895
-33.2689 15.5993 30.7507 0.125298 -0.98803 -0.0899701
-34.1741 15.5921 29.5158 0.128501 -0.98798 -0.0859081
-34.8858 15.5827 28.5238 0.133771 -0.987732 -0.0805662
-35.8076 15.5568 27.2623 0.135967 -0.987812 -0.0757684
-36.4531 15.528 26.4284 0.140767 -0.987661 -0.0686289
-37.1179 15.4964 25.5197 0.139723 -0.987807 -0.0686535
-37.7929 15.4557 24.6321 0.143994 -0.987741 -0.0602704
-38.3286 15.428 23.824 0.152469 -0.986223 -0.0640458
-38.9132 15.3985 22.8387 0.151183 -0.986651 -0.0605339
-39.3984 15.373 21.9465 0.155228 -0.986278 -0.056189
-39.762 15.3592 21.113 0.160601 -0.985687 -0.051266
-40.2089 15.3504 19.8271 0.160419 -0.985947 -0.0466228
-40.5488 15.3355 18.9374 0.164223 -0.985647 -0.0390383
-40.9341 15.3018 18.1232 0.163639 -0.985843 -0.0365642
-41.442 15.2455 17.0729 0.174353 -0.984268 -0.0285907
-41.8428 15.2071 15.8876 0.183115 -0.982684 -0.028294
-42.2901 15.153 14.5537 0.190999 -0.981418 -0.0179593
-42.6849 15.0962 13.4694 0.194733 -0.980659 -0.0196612
-43.0368 15.0358 12.5749 0.202432 -0.979208 -0.0131467
-43.3428 14.986 11.1388 0.210438 -0.977591 -0.00563342
-43.5113 14.9554 9.88303 0.214206 -0.976776 -0.000566366
-43.6273 14.9171 8.68543 0.227243 -0.973723 0.0106019
-43.6969 14.8981 7.76075 0.23596 -0.971729 0.00807126
-43.7918 14.8704 6.75896 0.241349 -0.970426 -0.00494999
-43.9181 14.8338 5.8382 0.253787 -0.967148 0.0147134
-44.1107 14.7756 4.46888 0.268595 -0.963239 0.00397782
-44.2169 14.745 3.3141 0.274252 -0.96162 0.00513945
-44.2484 14.736 2.19183 0.266914 -0.963561 0.000767607
-44.271 14.7167 1.15898 0.284523 -0.958486 0.0187458
-44.2988 14.7007 0.116363 0.26767 -0.963456 0.0102817
-44.2614 14.6977 -1.50233 0.266338 -0.963861 0.00601756
-44.1967 14.7164 -2.57722 0.268274 -0.963309 -0.00807735
-44.0873 14.7556 -3.62243 0.263936 -0.964512 -0.00359359
-43.8684 14.8186 -4.61471 0.259077 -0.965839 -0.00583907
-43.7511 14.8636 -5.71987 0.246325 -0.969034 -0.0141309
-43.712 14.8808 -6.75599 0.239722 -0.970816 -0.00700914
-43.6297 14.9208 -8.02171 0.229164 -0.973308 -0.0124593
-43.5364 14.9555 -9.20048 0.213951 -0.976806 -0.00861887
-43.4113 14.9906 -10.4941 0.214309 -0.97676 -0.00348155
-43.2247 15.0234 -11.5973 0.20172 -0.979423 0.00636207
-43.0226 15.0595 -12.5091 0.199139 -0.979952 0.00602298
-42.7332 15.1044 -13.5051 0.189759 -0.981758 0.0119824
-42.3011 15.1683 -14.7826 0.184577 -0.982685 0.0161826
-41.973 15.2109 -15.7035 0.181396 -0.983177 0.0212166
-41.6258 15.2484 -16.666 0.173827 -0.984471 0.0245315
-41.2741 15.2849 -17.494 0.169485 -0.985017 0.0318727
-40.8822 15.3209 -18.3871 0.162656 -0.985927 0.0386025
-40.4986 15.35 -19.26 0.161332 -0.986237 0.0360602
-40.0997 15.372 -20.2944 0.158044 -0.986617 0.0401236
-39.7398 15.3815 -21.2439 0.152234 -0.986943 0.0526172
-39.3619 15.3932 -22.1173 0.144706 -0.988045 0.0531677
-38.9433 15.4049 -23.0419 0.143283 -0.98807 0.0563382
-38.5283 15.4153 -23.857 0.140829 -0.988324 0.0581465
-37.9995 15.4376 -24.7035 0.138849 -0.988347 0.0623853
-37.219 15.4796 -25.7159 0.135453 -0.988501 0.0672194
-36.3587 15.5233 -26.7506 0.129665 -0.989207 0.068234
-35.4969 15.5561 -27.8575 0.126941 -0.989226 0.0729274
-34.6844 15.5709 -28.9973 0.122818 -0.989271 0.0791055
-34.0423 15.577 -29.9057 0.119648 -0.989494 0.0811259
-33.4254 15.5849 -30.709 0.114134 -0.989559 0.0880183
-32.5983 15.5983 -31.6461 0.111897 -0.989948 0.0864671
-31.6815 15.6121 -32.6291 0.108422 -0.990142 0.0886766
-30.6355 15.6424 -33.5331 0.103326 -0.990429 0.0915028
-29.9373 15.6603 -34.1079 0.0975016 -0.990774 0.0941277
-29.0906 15.6764 -34.7974 0.0945516 -0.990676 0.0980711
-28.3596 15.6881 -35.3687 0.0927872 -0.990757 0.0989515
-27.592 15.693 -35.9942 0.0857847 -0.99119 0.100909
-26.6608 15.6942 -36.7586 0.0831574 -0.991306 0.101968
-25.9689 15.6909 -37.3539 0.0800558 -0.991371 0.10376
-24.8935 15.6879 -38.1919 0.0780358 -0.990896 0.10963
-24.0145 15.68 -38.8604 0.0729789 -0.991323 0.109313
-22.8916 15.687 -39.5251 0.0712286 -0.991473 0.109117
-22.0651 15.6889 -40.0191 0.0691274 -0.991225 0.112667
-21.0578 15.6945 -40.5823 0.066589 -0.991262 0.113858
-20.0141 15.7028 -41.1032 0.0624864 -0.99112 0.117364
-18.7377 15.7225 -41.6032 0.0613508 -0.991169 0.117562
-17.5192 15.7392 -42.0483 0.0582995 -0.990741 0.122608
-16.4674 15.7486 -42.4409 0.0538242 -0.990604 0.125724
-15.6199 15.7508 -42.7859 0.0527214 -0.990492 0.127058
-14.5039 15.7484 -43.2397 0.0489461 -0.990562 0.128027
-13.4237 15.7372 -43.7229 0.0465261 -0.990461 0.129702
-12.0957 15.7411 -44.1527 0.0407006 -0.990216 0.13345
-10.6793 15.7517 -44.4882 0.0388809 -0.989796 0.137067
-9.67021 15.753 -44.7486 0.0356989 -0.989899 0.137203
-8.54311 15.7694 -44.9159 0.0326998 -0.990118 0.136353
-7.32142 15.7898 -45.0421 0.0295466 -0.990187 0.136579
-6.41013 15.797 -45.1763 0.0278972 -0.990142 0.137262
-5.17962 15.797 -45.4011 0.0221948 -0.990086 0.138699
-3.89602 15.7905 -45.6379 0.0173163 -0.989814 0.141299
-2.95965 15.7957 -45.7056 0.0150958 -0.989796 0.141683
-1.63343 15.796 -45.8036 0.00715729 -0.989329 0.145519
-0.580711 15.7918 -45.8873 0.00761619 -0.989279 0.145839
0.852903 15.7932 -45.9264 0.00380636 -0.98925 0.146188
1.96916 15.8039 -45.8757 0.00195967 -0.989216 0.146452
3.02853 15.8259 -45.7431 -0.00185134 -0.988772 0.14934
4.61161 15.8237 -45.6839 -0.00860451 -0.989033 0.147428
5.55349 15.8222 -45.6196 -0.0119882 -0.989031 0.147219
6.73991 15.8251 -45.4776 -0.0178501 -0.988609 0.149443
7.7445 15.8322 -45.3111 -0.0198792 -0.988853 0.147531
8.82192 15.8326 -45.1427 -0.0227552 -0.989024 0.145992
9.71401 15.8275 -45.0165 -0.0272393 -0.989271 0.143531
10.8194 15.8162 -44.8618 -0.0331162 -0.989228 0.142587
11.9158 15.8062 -44.667 -0.0374802 -0.988819 0.144328
12.941 15.8052 -44.4093 -0.0394655 -0.988705 0.144572
14.1526 15.7963 -44.1197 -0.0442893 -0.988578 0.14404
15.2463 15.8012 -43.7297 -0.0467207 -0.988599 0.143139
16.238 15.8053 -43.3679 -0.0493874 -0.988405 0.143575
17.3817 15.8065 -42.9196 -0.0550108 -0.988562 0.140425
18.4082 15.8132 -42.4484 -0.0578332 -0.98896 0.136434
19.6215 15.8101 -41.9393 -0.0613359 -0.988854 0.13567
20.4918 15.7982 -41.6257 -0.0657785 -0.9886 0.135439
21.614 15.7881 -41.1376 -0.0702169 -0.988791 0.131765
22.6352 15.7791 -40.6597 -0.0722117 -0.988896 0.129858
23.6052 15.7669 -40.194 -0.0754194 -0.988876 0.128196
24.6872 15.7518 -39.6412 -0.0792162 -0.988867 0.125965
25.9914 15.7611 -38.7187 -0.0844593 -0.988502 0.125421
27.0695 15.7741 -37.8615 -0.0899724 -0.98841 0.122276
27.8142 15.7784 -37.2764 -0.09216 -0.988565 0.119317
28.9318 15.7805 -36.3671 -0.0954327 -0.988827 0.114458
29.6572 15.7715 -35.811 -0.0984318 -0.988657 0.113432
30.6663 15.7508 -35.0919 -0.101779 -0.988642 0.110563
31.4716 15.7364 -34.4554 -0.103896 -0.988605 0.108927
32.4674 15.7184 -33.5984 -0.109443 -0.988632 0.103093
33.4311 15.7104 -32.5962 -0.113378 -0.988621 0.0988612
34.0407 15.7018 -31.9164 -0.11952 -0.988354 0.0941861
34.7057 15.6893 -31.1557 -0.125046 -0.988085 0.0897294
35.3212 15.6783 -30.4081 -0.129062 -0.988246 0.0819057
36.1109 15.6531 -29.4379 -0.132511 -0.988101 0.0780091
36.7486 15.629 -28.6255 -0.135664 -0.987739 0.0772437
37.3608 15.4908 -29.3168 -0.138475 -0.987982 0.0686654
38.1302 15.4538 -28.2807 -0.141319 -0.987708 0.0667465
38.9763 15.3986 -27.1836 -0.150252 -0.986814 0.0599274
39.6808 15.3379 -26.2399 -0.158468 -0.986044 0.0509562
40.2864 15.281 -25.4015 -0.161938 -0.985748 0.0453745
40.936 15.2198 -24.3158 -0.167109 -0.985031 0.0422403
41.3754 15.173 -23.4947 -0.171262 -0.984647 0.0337696
41.897 15.1247 -22.1797 -0.181215 -0.982944 0.0313275
42.306 15.0755 -21.2777 -0.188295 -0.981899 0.0194032
42.7746 14.9994 -20.2664 -0.196274 -0.980464 0.012945
43.1185 14.9416 -19.4334 -0.199105 -0.979837 0.0160527
43.5411 14.8592 -18.3438 -0.210888 -0.977508 0.00215988
43.9034 14.781 -17.4055 -0.218962 -0.97571 -0.00491616
44.2609 14.6994 -16.5095 -0.220745 -0.975331 -0.0007373
44.6173 14.6031 -15.5714 -0.235813 -0.971671 -0.0157167
44.8948 14.5187 -14.6844 -0.239593 -0.970602 -0.0229431
45.0921 14.4455 -13.7136 -0.250427 -0.967595 -0.0315403
45.3113 14.3511 -12.6871 -0.259592 -0.965199 -0.0316754
45.5303 14.2561 -11.6961 -0.261385 -0.964559 -0.0361015
45.7015 14.1604 -10.3664 -0.271616 -0.961697 -0.0369363
45.8222 14.0899 -9.38507 -0.275888 -0.960664 -0.0317347
45.9132 14.0159 -7.99874 -0.279006 -0.959806 -0.0302462
46.015 13.9575 -7.051 -0.294787 -0.95514 -0.0284213
46.0874 13.9029 -6.02547 -0.302976 -0.952444 -0.0320049
46.1849 13.836 -4.89726 -0.293212 -0.955482 -0.0328669
46.3514 13.7525 -3.76959 -0.292616 -0.95593 -0.0239606
46.4867 13.6793 -2.45498 -0.305629 -0.95193 -0.0204796
46.569 13.6337 -1.28124 -0.306713 -0.95177 -0.0054856
46.6392 13.6126 -0.356143 -0.310099 -0.950549 0.0172001
46.6592 13.623 0.582849 -0.318048 -0.947953 0.0111189
46.5433 13.6767 2.02601 -0.30902 -0.951006 0.00968595
46.4334 13.7507 3.29705 -0.303299 -0.952529 0.0248641
46.2436 13.8546 4.62407 -0.302141 -0.952738 0.0316245
46.157 13.9223 5.66773 -0.304467 -0.951753 0.0383018
46.135 13.9793 6.65618 -0.293976 -0.954686 0.0464028
46.0906 14.0431 7.68389 -0.293278 -0.954745 0.049437
45.9937 14.1237 8.67993 -0.284434 -0.957486 0.0481508
45.809 14.248 10.0647 -0.276481 -0.959976 0.0437875
45.6959 14.3218 10.9924 -0.266161 -0.962891 0.0447184
45.4929 14.4301 12.26 -0.258175 -0.965467 0.0349121
45.1984 14.5427 13.4258 -0.246701 -0.96866 0.0289118
44.7364 14.6997 14.9071 -0.226229 -0.973706 0.0267807
44.4348 14.8015 15.9899 -0.220871 -0.974892 0.0274217
44.0132 14.9217 17.1438 -0.215637 -0.976231 0.0217334
43.6481 15.0089 17.9651 -0.203179 -0.979047 0.0136295
43.258 15.0972 18.8396 -0.190491 -0.981688 0.00141694
42.8874 15.1703 19.8346 -0.185164 -0.982671 -0.00431243
42.5895 15.2159 20.7891 -0.17974 -0.983651 -0.0109992
42.2207 15.2693 21.6658 -0.172706 -0.984833 -0.016654
41.8365 15.3181 22.5443 -0.171697 -0.984888 -0.0227118
41.4599 15.3574 23.4568 -0.163927 -0.986047 -0.0289523
40.9933 15.407 24.347 -0.159756 -0.986685 -0.0305223
40.398 15.4725 25.2084 -0.156222 -0.987049 -0.0364461
39.6796 15.5465 26.1669 -0.149173 -0.988069 -0.0383029
38.9825 15.6093 27.0668 -0.140339 -0.988871 -0.0493846
38.2953 15.6535 28.0379 -0.134043 -0.989563 -0.0528943
37.5274 15.692 29.1119 -0.125657 -0.990129 -0.0620895
36.8007 15.7193 30.1267 -0.121219 -0.990626 -0.0629328
35.9822 15.7493 31.1635 -0.115381 -0.991086 -0.0664999
35.2787 15.7652 32.1252 -0.107921 -0.991713 -0.0697033
34.6682 15.7796 32.8679 -0.106751 -0.991623 -0.072628
33.8921 15.8084 33.5914 -0.102579 -0.992287 -0.0696032
33.1407 15.8344 34.2318 -0.0959948 -0.992426 -0.0766539
32.4273 15.8542 34.8477 -0.0914145 -0.992549 -0.0805555
31.6399 15.8757 35.4848 -0.0874195 -0.992784 -0.0819526
30.8457 15.8924 36.0731 -0.0836124 -0.992948 -0.0840433
30.085 15.9046 36.648 -0.0785806 -0.993266 -0.0851369
29.0978 15.9074 37.4666 -0.0725185 -0.993254 -0.0904799
27.959 15.9054 38.3621 -0.0698492 -0.992993 -0.095323
26.7558 15.8974 39.2522 -0.0626392 -0.992865 -0.101466
25.6396 15.8771 40.0897 -0.0607429 -0.991829 -0.112188
24.7517 15.8666 40.6604 -0.0600592 -0.991833 -0.112516
23.7081 15.8711 41.1799 -0.0577194 -0.992129 -0.111124
22.6328 15.8782 41.6503 -0.0525476 -0.992044 -0.114386
21.2993 15.876 42.2521 -0.0478244 -0.991943 -0.117305
20.3759 15.8776 42.6091 -0.0441773 -0.991538 -0.122068
19.507 15.8737 42.9555 -0.0446169 -0.991497 -0.12224
18.586 15.8652 43.3439 -0.0427362 -0.991262 -0.124789
17.3839 15.8461 43.8947 -0.0403494 -0.991225 -0.12588
16.4679 15.8405 44.219 -0.0360252 -0.991553 -0.124584
15.3048 15.8329 44.6 -0.0295646 -0.991681 -0.125281
13.8598 15.8161 45.0753 -0.0308251 -0.990692 -0.132583
12.4599 15.8054 45.4583 -0.0254742 -0.991188 -0.129987
11.5359 15.8042 45.6457 -0.022189 -0.99097 -0.132232
10.0942 15.8061 45.8665 -0.0205668 -0.99094 -0.132716
9.12238 15.8111 45.9983 -0.023992 -0.990515 -0.135293
7.79556 15.817 46.1488 -0.0168848 -0.990264 -0.138177
6.89157 15.8128 46.2891 -0.0164997 -0.990217 -0.138556
5.51066 15.8011 46.4886 -0.010012 -0.989821 -0.141951
4.40616 15.794 46.6033 -0.00839189 -0.989986 -0.140913
3.10405 15.787 46.707 -0.0041721 -0.99014 -0.140016
2.18078 15.7818 46.7712 -0.00326428 -0.990238 -0.139341
0.827735 15.7759 46.8106 0.000345951 -0.990611 -0.136709
-0.36811 15.7744 46.7919 0.004296 -0.990541 -0.137149
-1.34628 15.7803 46.7003 0.00775878 -0.990353 -0.138349
-2.62282 15.7797 46.6078 0.0134439 -0.99037 -0.137792
-3.73891 15.7847 46.465 0.0119947 -0.990583 -0.136384
-4.83684 15.7927 46.2832 0.0175826 -0.990727 -0.134725
-6.07123 15.7898 46.1324 0.0202528 -0.990965 -0.132581
-7.17887 15.7858 45.9887 0.0248695 -0.990952 -0.131856
-8.19 15.7787 45.8289 0.0270129 -0.990661 -0.133602
-9.21374 15.7637 45.6955 0.0357117 -0.990172 -0.135216
-10.2013 15.7404 45.599 0.039935 -0.990254 -0.133415
-11.5634 15.7191 45.3361 0.0417029 -0.990213 -0.13319
-12.8058 15.7213 44.8812 0.0452003 -0.990912 -0.126691
-13.8086 15.7283 44.4701 0.0452477 -0.990794 -0.12759
-14.9381 15.7343 44.0019 0.0496053 -0.990672 -0.126907
-16.0673 15.7315 43.5722 0.0555085 -0.990414 -0.126486
-17.0813 15.7287 43.133 0.0597817 -0.990669 -0.122478
-18.3807 15.7129 42.6051 0.0642936 -0.990227 -0.123762
-19.5072 15.6959 42.1206 0.0715031 -0.990137 -0.120484
-20.6359 15.6703 41.6401 0.0756751 -0.989997 -0.119073
-21.6222 15.653 41.156 0.0792287 -0.989521 -0.120711
-22.5002 15.6373 40.7096 0.0822479 -0.989499 -0.118802
-23.4934 15.6184 40.1437 0.0855149 -0.989272 -0.118433
-24.414 15.6168 39.4821 0.0869814 -0.989513 -0.115299
-25.5262 15.6035 38.7317 0.0890899 -0.989427 -0.114444
-26.5901 15.5976 37.8989 0.0941223 -0.98934 -0.111119
-27.3146 15.5931 37.3161 0.0962385 -0.989557 -0.107306
-28.1318 15.5837 36.6597 0.0993807 -0.989153 -0.108156
-29.0034 15.5698 35.9693 0.105694 -0.98878 -0.105561
-29.7354 15.5506 35.4187 0.105925 -0.989083 -0.102395
-30.4963 15.5305 34.8153 0.108414 -0.988626 -0.104232
-31.2926 15.5102 34.1286 0.113238 -0.988471 -0.100511
-31.9779 15.4902 33.5311 0.115601 -0.988474 -0.0977504
-32.7247 15.4739 32.8004 0.116588 -0.988588 -0.0953991
-33.4631 15.469 31.9323 0.120205 -0.988742 -0.0891105
-34.1163 15.4587 31.1443 0.124008 -0.988628 -0.0850725
-34.8716 15.4544 30.0779 0.124235 -0.988786 -0.082867
-35.4235 15.4436 29.3554 0.130389 -0.988371 -0.0782262
-36.1977 15.4269 28.256 0.131174 -0.988376 -0.0768524
-36.8744 15.3991 27.3804 0.135739 -0.988029 -0.0732501
-37.5037 15.3701 26.5563 0.138681 -0.987953 -0.0686796
-38.1108 15.3408 25.717 0.143747 -0.987516 -0.0644089
-38.8857 15.2925 24.6704 0.148652 -0.987103 -0.0594146
-39.4065 15.2678 23.7637 0.149301 -0.9871 -0.0578161
-39.927 15.2389 22.8666 0.15373 -0.986661 -0.0535122
-40.4831 15.2107 21.7651 0.15731 -0.986195 -0.0516901
-40.8695 15.2011 20.7101 0.160424 -0.985946 -0.0466359
-41.1657 15.1964 19.791 0.162614 -0.985699 -0.0440679
-41.5489 15.1706 18.8834 0.16913 -0.984897 -0.0364224
-42.081 15.1086 17.885 0.174019 -0.984248 -0.0312031
-42.5673 15.0565 16.5872 0.17841 -0.983583 -0.0271189
-42.8489 15.0261 15.6305 0.187174 -0.982074 -0.0222805
-43.2974 14.9606 14.466 0.193339 -0.981023 -0.014591
-43.6376 14.9044 13.5742 0.197266 -0.980343 -0.00357478
-43.9648 14.8423 12.6963 0.206348 -0.978415 -0.0098786
-44.1639 14.8066 11.6502 0.210197 -0.97764 -0.00603905
-44.3291 14.7728 10.4445 0.22037 -0.975414 0.00205741
-44.4314 14.7486 9.43794 0.226651 -0.973892 0.0083607
-44.5392 14.6997 8.25411 0.234209 -0.971849 0.0248322
-44.5908 14.6756 7.35541 0.248737 -0.968548 0.00674482
-44.7498 14.6163 6.13994 0.267216 -0.963519 0.0150447
-44.9059 14.5604 5.15876 0.26586 -0.963976 0.00828691
-45.025 14.5193 4.25471 0.292174 -0.956221 0.0141748
-45.1004 14.4881 3.30945 0.279183 -0.96019 0.00962117
-45.1261 14.4719 2.03302 0.291745 -0.956448 0.00962696
-45.1392 14.4571 1.0674 0.28182 -0.959371 0.0087701
-45.1819 14.4377 -0.283014 0.310951 -0.950407 0.0059546
-45.1478 14.4419 -1.40083 0.310699 -0.950489 0.00602719
-45.0952 14.4638 -2.41378 0.285025 -0.95821 -0.0171069
-44.9947 14.5 -3.53915 0.271747 -0.962345 -0.00671011
-44.8538 14.5598 -4.46712 0.261134 -0.965063 -0.0178066
-44.7207 14.6045 -5.46729 0.25275 -0.967391 -0.0154567
-44.7118 14.6285 -6.45235 0.249485 -0.968031 -0.0253723
-44.5909 14.6902 -7.68666 0.242095 -0.969876 -0.0268577
-44.4355 14.7458 -8.93339 0.226664 -0.973865 -0.0145007
-44.3782 14.7756 -9.94019 0.219785 -0.97546 -0.0104067
-44.2637 14.804 -10.8783 0.213118 -0.976972 -0.00833384
-44.0869 14.8457 -11.8741 0.20403 -0.97896 0.00308777
-43.81 14.8955 -13.051 0.198977 -0.979976 0.00741596
-43.3812 14.9694 -14.3637 0.182582 -0.983147 0.00922634
-43.0786 15.0163 -15.2555 0.179848 -0.983598 0.0134617
-42.7819 15.0566 -16.1291 0.176394 -0.984115 0.0195108
-42.3435 15.108 -17.2167 0.174617 -0.984335 0.0243456
-41.9934 15.1425 -18.0778 0.169383 -0.985054 0.031278
-41.6136 15.1791 -18.9667 0.161379 -0.986325 0.0334389
-41.0765 15.2143 -20.3457 0.156733 -0.986824 0.0401606
-40.6435 15.233 -21.5099 0.146095 -0.988172 0.0466055
-40.0539 15.2559 -22.7891 0.142343 -0.988522 0.0504968
-39.5046 15.2701 -23.9807 0.136856 -0.988959 0.0568362
-38.8275 15.2962 -25.1215 0.13686 -0.988624 0.0623847
-38.1832 15.3332 -25.9542 0.130821 -0.989535 0.0608526
-37.5726 15.368 -26.7165 0.13 -0.989408 0.0644432
-36.7304 15.404 -27.7731 0.126479 -0.989794 0.0656013
-35.9881 15.4288 -28.7658 0.124553 -0.989852 0.0684087
-35.2562 15.4406 -29.7922 0.119782 -0.989911 0.0756873
-34.6973 15.4457 -30.5645 0.113838 -0.990596 0.0758975
-34.0283 15.4567 -31.3983 0.110671 -0.990497 0.0816443
-33.272 15.4683 -32.2703 0.108928 -0.990524 0.0836267
-32.6424 15.4771 -32.9672 0.108324 -0.990439 0.0854217
-31.8328 15.4997 -33.7108 0.104981 -0.990735 0.0861566
-31.0202 15.5243 -34.3913 0.0975886 -0.991394 0.0872644
-29.9492 15.5471 -35.2737 0.0904934 -0.991618 0.0922237
-28.841 15.5655 -36.1423 0.0926576 -0.990732 0.0993204
-27.7974 15.5726 -36.9999 0.0855477 -0.991151 0.101496
-27.0491 15.5755 -37.596 0.0830202 -0.991273 0.102397
-26.2677 15.5705 -38.2736 0.0800558 -0.991371 0.10376
-25.2495 15.5666 -39.0637 0.0743963 -0.991644 0.105342
-24.3953 15.5611 -39.6889 0.0715912 -0.991789 0.105966
-23.5074 15.5656 -40.2306 0.0712876 -0.99154 0.108475
-22.5811 15.567 -40.7879 0.0658684 -0.991592 0.111389
-21.5254 15.5746 -41.3517 0.0666312 -0.991816 0.108912
-20.6411 15.5804 -41.8065 0.0597232 -0.9919 0.112105
-19.6876 15.5894 -42.2295 0.0613621 -0.991173 0.117521
-18.5181 15.6053 -42.6655 0.0551759 -0.991125 0.12094
-17.2306 15.6226 -43.1033 0.0545199 -0.990551 0.12584
-15.7788 15.6229 -43.7085 0.0516191 -0.990379 0.128393
-14.7902 15.6254 -44.0816 0.0480084 -0.990489 0.128936
-13.7468 15.6072 -44.5986 0.0466413 -0.990685 0.127919
-12.721 15.5973 -45.0152 0.0433396 -0.990084 0.133626
-11.5578 15.6171 -45.2279 0.0384534 -0.990441 0.132468
-10.4092 15.6251 -45.4929 0.0323781 -0.99079 0.131481
-9.49883 15.625 -45.7179 0.0331696 -0.99094 0.130143
-8.25049 15.6497 -45.8555 0.0327002 -0.990118 0.136352
-7.31738 15.6645 -45.9459 0.0285265 -0.990098 0.13745
-6.11686 15.6705 -46.1376 0.0252811 -0.989885 0.139601
-5.2237 15.6692 -46.3063 0.0205498 -0.989887 0.14034
-4.0563 15.6621 -46.5236 0.0197215 -0.990388 0.136903
-2.85639 15.6662 -46.6143 0.0133559 -0.989929 0.140916
-1.8948 15.6626 -46.7004 0.00704672 -0.989803 0.142234
-0.962446 15.6552 -46.795 0.0034778 -0.989721 0.142946
0.330515 15.6577 -46.8305 0.00569146 -0.98952 0.144283
1.63605 15.6574 -46.8608 0.00259902 -0.9892 0.146548
2.93073 15.6814 -46.7119 0.00135987 -0.989115 0.147135
3.99541 15.6825 -46.6652 -0.00646569 -0.989126 0.146929
5.38247 15.6884 -46.5321 -0.0111968 -0.98896 0.147756
6.29635 15.6853 -46.4542 -0.0176021 -0.988586 0.149625
7.61344 15.6932 -46.2478 -0.0173238 -0.988655 0.1492
8.9372 15.6989 -46.0296 -0.0230771 -0.988997 0.146121
10.2569 15.6895 -45.856 -0.030014 -0.989035 0.144601
11.4264 15.6753 -45.6897 -0.0356702 -0.988913 0.144145
12.4771 15.6654 -45.49 -0.0371252 -0.989005 0.143143
13.5042 15.6603 -45.2487 -0.0427069 -0.989126 0.140736
14.9049 15.6608 -44.8116 -0.0445577 -0.989142 0.140045
16.2889 15.668 -44.2934 -0.049415 -0.989147 0.138371
17.7968 15.6686 -43.7299 -0.0546413 -0.988594 0.14034
18.8425 15.6798 -43.2315 -0.0592814 -0.988856 0.136555
20.1124 15.676 -42.6947 -0.061033 -0.988803 0.136172
20.9692 15.6636 -42.3765 -0.0629449 -0.989318 0.131481
21.895 15.6542 -41.9986 -0.0676556 -0.989227 0.129794
23.3438 15.6417 -41.3125 -0.0707522 -0.989215 0.128237
24.6964 15.6186 -40.6813 -0.0780783 -0.988791 0.127249
25.6533 15.6146 -40.1016 -0.0810384 -0.988642 0.126569
26.4842 15.6219 -39.4881 -0.0843645 -0.988662 0.124216
27.6688 15.637 -38.5352 -0.0875063 -0.988808 0.120833
28.5579 15.6386 -37.8606 -0.0929533 -0.988652 0.118014
29.3132 15.6425 -37.2323 -0.0928301 -0.988738 0.117385
30.0838 15.6403 -36.591 -0.0993562 -0.988688 0.112362
30.8742 15.6265 -36.0119 -0.10178 -0.988642 0.110563
31.9457 15.6002 -35.2406 -0.102553 -0.988994 0.106631
32.9566 15.5788 -34.4206 -0.106834 -0.988999 0.102283
33.9119 15.5745 -33.3994 -0.111321 -0.988738 0.0999942
34.6902 15.5628 -32.5611 -0.117157 -0.988708 0.0934372
35.2883 15.5515 -31.8849 -0.122309 -0.988508 0.0888439
35.9106 15.537 -31.1654 -0.12873 -0.988103 0.0841506
36.5615 15.5238 -30.3108 -0.132511 -0.988101 0.0780098
37.1757 15.4985 -29.5466 -0.13283 -0.988282 0.0751356
37.3212 15.4929 -29.3653 -0.134118 -0.988352 0.0717689
37.9964 15.3543 -29.9923 -0.138204 -0.987953 0.0696245
37.2617 15.3884 -30.8759 -0.129867 -0.988882 0.0724322
36.6563 15.3919 -31.7605 -0.12374 -0.988947 0.0816861
35.9877 15.4111 -32.4944 -0.118664 -0.989117 0.0869905
35.2178 15.4177 -33.4438 -0.11688 -0.988984 0.0908231
34.4686 15.4317 -34.2107 -0.111785 -0.988911 0.097775
33.7797 15.4363 -34.9269 -0.108868 -0.988877 0.101346
32.8227 15.4567 -35.7176 -0.104077 -0.988897 0.106071
31.9213 15.4771 -36.3993 -0.100589 -0.988959 0.108812
31.1539 15.4975 -36.9127 -0.100148 -0.988825 0.110433
29.9794 15.5076 -37.8492 -0.0973965 -0.988738 0.113623
28.8978 15.5009 -38.7465 -0.0916175 -0.988845 0.117425
28.0657 15.5007 -39.3661 -0.0875291 -0.988912 0.119962
26.9835 15.4862 -40.2444 -0.0816402 -0.989104 0.122504
25.9117 15.4756 -41.0377 -0.0806719 -0.989093 0.123234
25.1218 15.485 -41.4713 -0.0766914 -0.989099 0.125703
24.0177 15.505 -41.9845 -0.0741421 -0.989121 0.127035
23.0789 15.5136 -42.4471 -0.0707522 -0.989215 0.128236
21.9963 15.5215 -42.9444 -0.0662122 -0.989073 0.131719
21.1445 15.5341 -43.267 -0.0628715 -0.989306 0.131611
20.2408 15.5503 -43.5758 -0.0602748 -0.989446 0.131744
18.9502 15.5456 -44.1718 -0.0547374 -0.989472 0.13395
17.6112 15.5357 -44.7684 -0.0512748 -0.989272 0.136768
16.6798 15.5349 -45.1056 -0.0492979 -0.989159 0.138325
15.602 15.5305 -45.5049 -0.0466154 -0.98898 0.140518
14.5237 15.5229 -45.9021 -0.0433194 -0.989053 0.14106
13.5168 15.5256 -46.1912 -0.0396862 -0.989101 0.141752
12.4214 15.5312 -46.441 -0.0373989 -0.989438 0.140046
11.453 15.5399 -46.6094 -0.0339141 -0.989138 0.143007
10.341 15.5559 -46.7537 -0.0289649 -0.988964 0.145288
9.34832 15.565 -46.8824 -0.0254391 -0.989089 0.145081
8.15606 15.5655 -47.0627 -0.021781 -0.989252 0.144592
7.25564 15.5593 -47.2179 -0.0168287 -0.989739 0.141895
6.34053 15.5552 -47.3534 -0.0150409 -0.989714 0.142266
5.04597 15.554 -47.4726 -0.00962488 -0.989569 0.143741
4.09529 15.5528 -47.5381 -0.00516934 -0.989235 0.146243
3.13319 15.5484 -47.6019 -0.00565042 -0.989154 0.146769
1.89226 15.5258 -47.7632 -0.000386003 -0.989598 0.143857
0.662193 15.5262 -47.7441 0.00403172 -0.989565 0.144023
-0.48197 15.5225 -47.7255 0.00347931 -0.989721 0.142944
-1.48034 15.5298 -47.6666 0.00423182 -0.990066 0.140499
-2.71787 15.5416 -47.5304 0.00504099 -0.990511 0.137341
-3.69352 15.537 -47.4732 0.0125029 -0.991043 0.132947
-4.62789 15.5412 -47.3365 0.0164374 -0.991136 0.131832
-5.89427 15.5468 -47.1014 0.0237933 -0.990958 0.132045
-7.24581 15.5439 -46.8614 0.0264861 -0.990975 0.131406
-8.56607 15.5215 -46.7392 0.0305623 -0.990787 0.131934
-9.54721 15.5052 -46.6174 0.033408 -0.990923 0.130215
-10.6612 15.5036 -46.3459 0.0356121 -0.990662 0.131571
-11.839 15.4889 -46.119 0.0367774 -0.990925 0.129286
-12.993 15.4697 -45.9032 0.0413041 -0.990737 0.12936
-14.0791 15.4831 -45.4532 0.0439004 -0.990815 0.127868
-14.9181 15.4989 -45.0215 0.0460298 -0.990973 0.125914
-16.3839 15.498 -44.4584 0.0498955 -0.990977 0.124397
-17.7077 15.5023 -43.8715 0.0517879 -0.991272 0.121231
-18.9388 15.4855 -43.4729 0.0549228 -0.991582 0.117252
-19.8782 15.4756 -43.1171 0.0571308 -0.991979 0.112755
-20.996 15.4654 -42.6319 0.0595503 -0.99184 0.112726
-21.9142 15.4607 -42.1578 0.0649713 -0.992022 0.108032
-22.9706 15.4477 -41.6402 0.0650351 -0.992038 0.107852
-23.8839 15.4483 -41.0719 0.0683659 -0.991988 0.106234
-24.9181 15.4479 -40.3969 0.0717115 -0.991825 0.105549
-25.7167 15.4485 -39.8396 0.0758575 -0.991756 0.103257
-26.587 15.4495 -39.1971 0.0754878 -0.991936 0.101796
-27.2841 15.4571 -38.585 0.0771175 -0.992152 0.0984205
-28.4023 15.4561 -37.6896 0.0827283 -0.991979 0.0955287
-29.1011 15.4515 -37.1095 0.0862858 -0.991803 0.0942298
-30.097 15.4379 -36.3014 0.0903743 -0.991599 0.0925378
-30.9156 15.4197 -35.6733 0.0960249 -0.991251 0.0905609
-31.9673 15.3913 -34.7993 0.105278 -0.990766 0.0854318
-32.7949 15.366 -34.066 0.107152 -0.99065 0.0844319
-33.6099 15.346 -33.2701 0.106654 -0.990849 0.0827269
-34.244 15.3345 -32.5944 0.102906 -0.991653 0.0775055
-34.8505 15.3294 -31.8178 0.111832 -0.990383 0.0814592
-35.46 15.3209 -31.0499 0.114876 -0.990493 0.0756649
-36.0615 15.3161 -30.1753 0.117778 -0.990459 0.0715438
-36.6549 15.3019 -29.3878 0.123244 -0.990018 0.0683588
-37.3696 15.2741 -28.5151 0.121935 -0.990185 0.0683089
-37.9046 15.2563 -27.7585 0.125366 -0.990094 0.063229
-38.6955 15.2173 -26.753 0.127869 -0.99006 0.0585177
-39.4701 15.1726 -25.7893 0.131875 -0.989723 0.0552926
-40.0188 15.1452 -24.9722 0.13249 -0.989734 0.0535621
-40.5357 15.1297 -23.9408 0.135013 -0.989348 0.0543335
-41.1097 15.1102 -22.7115 0.139621 -0.989047 0.0478662
-41.6978 15.0806 -21.4363 0.144132 -0.988567 0.0441719
-42.0602 15.0623 -20.3271 0.156019 -0.987202 0.0330144
-42.4567 15.0272 -19.3449 0.160617 -0.98655 0.0301072
-42.8967 14.9847 -18.3331 0.164307 -0.986019 0.0277478
-43.3216 14.9369 -17.3532 0.16708 -0.985827 0.0151124
-43.6751 14.8925 -16.3404 0.173192 -0.984799 0.0110036
-44.0696 14.8352 -15.0347 0.182448 -0.983157 0.0106449
-44.4182 14.7729 -14.1146 0.191054 -0.981573 0.00358881
-44.7549 14.709 -12.9461 0.194244 -0.980953 4.33845e-05
-44.9831 14.6584 -12.0219 0.199801 -0.979813 -0.00185153
-45.1654 14.6129 -11.0576 0.209917 -0.977627 -0.0134509
-45.2766 14.5738 -10.1657 0.217823 -0.975658 -0.0239123
-45.3181 14.5469 -9.20918 0.224696 -0.974179 -0.0216588
-45.4375 14.4949 -8.175 0.237268 -0.971141 -0.0229297
-45.5258 14.4402 -7.05839 0.244623 -0.969246 -0.0266826
-45.5644 14.3889 -5.6945 0.249485 -0.968031 -0.0253724
-45.7312 14.3176 -4.60253 0.269697 -0.962595 -0.0259519
-45.8554 14.2579 -3.68007 0.270721 -0.962471 -0.016331
-45.9515 14.2042 -2.69638 0.298303 -0.954075 -0.0275044
-46.0256 14.1606 -1.71412 0.29676 -0.95483 -0.0152435
-46.0627 14.1478 -0.588631 0.310857 -0.95044 0.00570039
-46.0633 14.1539 0.424308 0.312163 -0.950015 0.0046887
-46.0034 14.1767 1.34381 0.314639 -0.949166 0.00788521
-46.0009 14.1931 2.36626 0.310811 -0.950297 0.0182159
-45.9728 14.2204 3.30287 0.310808 -0.950293 0.0184761
-45.8598 14.2705 4.45555 0.290528 -0.956597 0.0226921
-45.7192 14.3395 5.56542 0.278194 -0.960287 0.0154894
-45.5801 14.3977 6.46349 0.259079 -0.965485 0.0267577
-45.4345 14.4606 7.59757 0.24289 -0.969787 0.0185209
-45.3793 14.5091 8.71842 0.23421 -0.971849 0.0248313
-45.288 14.5479 9.70924 0.232835 -0.972389 0.0157241
-45.1658 14.5852 10.8614 0.214916 -0.976593 0.00616081
-44.9667 14.635 12.1935 0.205993 -0.978547 -0.000380884
-44.6705 14.6936 13.4137 0.201262 -0.979534 -0.00178681
-44.2435 14.7761 14.5844 0.191927 -0.981353 -0.00913738
-43.8807 14.8364 15.4102 0.187098 -0.982286 -0.0104688
-43.4602 14.8916 16.6955 0.179002 -0.983591 -0.0223171
-43.1106 14.927 17.7838 0.177469 -0.983789 -0.0257522
-42.5633 14.9909 18.9015 0.174509 -0.984165 -0.0310709
-42.0655 15.044 19.8377 0.16473 -0.985467 -0.0414478
-41.8152 15.0478 20.7435 0.161229 -0.985944 -0.0436059
-41.447 15.0575 21.797 0.157819 -0.986387 -0.0461895
-40.7819 15.0869 23.2372 0.152936 -0.986864 -0.0520549
-40.2471 15.1203 24.1148 0.149064 -0.987137 -0.0577998
-39.7522 15.144 24.9862 0.148341 -0.987227 -0.0581125
-39.1285 15.1794 25.9158 0.146653 -0.98719 -0.0628388
-38.3294 15.2258 26.9606 0.142402 -0.987487 -0.0677571
-37.578 15.2615 27.9567 0.138263 -0.987928 -0.0698674
-36.9728 15.2877 28.7196 0.131636 -0.988327 -0.0766867
-36.3906 15.2961 29.6072 0.130388 -0.988372 -0.078225
-35.7149 15.3193 30.4254 0.12715 -0.988553 -0.0811499
-35.1575 15.321 31.2416 0.12425 -0.988797 -0.0827142
-34.3741 15.3294 32.2513 0.120952 -0.988659 -0.0890117
-33.646 15.3264 33.2099 0.115962 -0.988588 -0.0961611
-32.9539 15.343 33.8688 0.114824 -0.988591 -0.097481
-32.2491 15.3594 34.5355 0.114312 -0.988495 -0.0990241
-31.2205 15.3907 35.3843 0.113238 -0.988471 -0.100512
-30.4808 15.4103 35.9919 0.108744 -0.98896 -0.100659
-29.7449 15.426 36.5927 0.103067 -0.989442 -0.101865
-28.7594 15.4529 37.296 0.09538 -0.989963 -0.104292
-28.0003 15.4629 37.9013 0.0977803 -0.989434 -0.107041
-27.0641 15.4661 38.6756 0.0932682 -0.98965 -0.109062
-26.3049 15.4642 39.3198 0.0896269 -0.989805 -0.110695
-25.5469 15.4751 39.8245 0.0869881 -0.989746 -0.113269
-24.6469 15.487 40.4201 0.0869824 -0.989513 -0.115301
-23.6576 15.489 41.1224 0.0844592 -0.989572 -0.116681
-22.7381 15.5081 41.6141 0.0790379 -0.989777 -0.118708
-21.7211 15.5284 42.1311 0.0791274 -0.989992 -0.116856
-20.643 15.5488 42.6456 0.0752009 -0.990072 -0.118749
-19.6095 15.5722 43.0775 0.0717521 -0.990227 -0.119591
-18.7018 15.5857 43.4808 0.0656248 -0.990531 -0.120575
-17.6818 15.6029 43.8584 0.0590514 -0.990743 -0.122234
-16.639 15.6067 44.3095 0.0546812 -0.991046 -0.12181
-15.6834 15.6065 44.7161 0.0490965 -0.99096 -0.124853
-14.8317 15.607 45.0421 0.0469435 -0.99071 -0.127629
-13.9362 15.6 45.4215 0.0455468 -0.990842 -0.127108
-12.8988 15.5951 45.8352 0.0451994 -0.990912 -0.126692
-11.865 15.5972 46.1778 0.0439955 -0.990842 -0.127659
-10.9059 15.6057 46.4159 0.03996 -0.991241 -0.125875
-9.79908 15.6313 46.5453 0.0349648 -0.991259 -0.127213
-8.87297 15.6531 46.6305 0.0294759 -0.990898 -0.131348
-7.70012 15.6623 46.8181 0.0248704 -0.990952 -0.131858
-6.40656 15.6681 46.9913 0.0212712 -0.990884 -0.13302
-5.25303 15.6712 47.1241 0.0172758 -0.990761 -0.134518
-4.32295 15.6691 47.2538 0.0128057 -0.990765 -0.134971
-3.35046 15.6606 47.4155 0.013617 -0.990948 -0.133557
-2.35467 15.6597 47.517 0.0105349 -0.990722 -0.135494
-1.13755 15.655 47.6325 0.00539296 -0.990739 -0.135657
0.029939 15.648 47.7154 0.00415253 -0.99052 -0.137307
0.995101 15.6499 47.7165 0.000501395 -0.9903 -0.138942
2.2073 15.6553 47.6829 0.00137465 -0.990438 -0.137951
3.65819 15.6642 47.5749 -0.00529186 -0.990544 -0.137084
5.13614 15.6722 47.44 -0.00924147 -0.99054 -0.136904
6.12625 15.6798 47.3077 -0.0107233 -0.990442 -0.137514
7.3526 15.6893 47.1158 -0.0161117 -0.990171 -0.138934
8.49073 15.6904 46.965 -0.0190394 -0.990147 -0.138733
9.57203 15.6847 46.8444 -0.0218193 -0.990686 -0.134383
10.7545 15.6866 46.6564 -0.0205672 -0.99094 -0.132716
11.9653 15.6817 46.4876 -0.0228918 -0.990918 -0.132508
13.1959 15.6881 46.2099 -0.0251789 -0.991208 -0.129894
14.46 15.6991 45.8568 -0.0296391 -0.99165 -0.125504
15.3221 15.7068 45.5937 -0.0294734 -0.991658 -0.125483
16.3765 15.7226 45.1978 -0.0371009 -0.99169 -0.123183
17.4723 15.7259 44.8361 -0.038199 -0.991668 -0.123022
18.4824 15.742 44.3767 -0.0409316 -0.991589 -0.122784
19.3511 15.7518 44.0029 -0.0409149 -0.991719 -0.121737
20.2844 15.7579 43.6292 -0.0437379 -0.991906 -0.119201
21.2428 15.763 43.247 -0.0433858 -0.992388 -0.115191
22.2308 15.7602 42.8643 -0.0465539 -0.992301 -0.114749
23.4729 15.7631 42.2855 -0.050403 -0.992518 -0.111205
24.4282 15.7514 41.8746 -0.0581309 -0.992375 -0.108659
25.2709 15.7533 41.4094 -0.0559242 -0.992746 -0.106435
26.3872 15.7711 40.6655 -0.057866 -0.992476 -0.107872
27.147 15.7866 40.0951 -0.0614716 -0.992632 -0.104371
28.0723 15.7973 39.3869 -0.0677496 -0.992597 -0.100802
28.9466 15.8012 38.7193 -0.0709166 -0.992939 -0.0950933
29.799 15.8033 38.0482 -0.0748968 -0.993137 -0.0897994
30.6438 15.8014 37.3363 -0.0779275 -0.993142 -0.0871266
31.5319 15.7837 36.6776 -0.083702 -0.992975 -0.0836372
32.2808 15.7645 36.1375 -0.0899763 -0.992806 -0.078986
33.3043 15.7386 35.3089 -0.0886346 -0.992965 -0.0785155
34.304 15.7064 34.435 -0.0941758 -0.992999 -0.0712937
35.0962 15.678 33.7043 -0.0991784 -0.992705 -0.0685639
35.7534 15.6554 32.9794 -0.106236 -0.992369 -0.0625939
36.4445 15.6388 32.0652 -0.114413 -0.991435 -0.0629747
36.9648 15.6272 31.3001 -0.116499 -0.991316 -0.0609239
37.7347 15.5884 30.4253 -0.122072 -0.990711 -0.0597787
38.51 15.5541 29.3227 -0.125442 -0.990303 -0.0596539
39.3673 15.5071 28.1008 -0.130468 -0.990053 -0.052654
39.979 15.459 27.2439 -0.13942 -0.989147 -0.046248
40.7582 15.3788 26.2967 -0.148878 -0.988115 -0.0382738
41.4393 15.3045 25.3219 -0.15394 -0.987593 -0.0310222
41.9482 15.2463 24.5512 -0.159297 -0.986757 -0.0305845
42.3429 15.2049 23.7294 -0.166395 -0.98579 -0.0230284
42.783 15.153 22.6585 -0.166726 -0.985835 -0.0182407
43.2932 15.0786 21.501 -0.168168 -0.98575 -0.00398968
43.5929 15.0338 20.6522 -0.185165 -0.982671 -0.00431179
43.8886 14.9759 19.6005 -0.190501 -0.981686 0.00094137
44.4431 14.8496 18.3725 -0.203065 -0.979078 0.0130156
44.8116 14.7509 17.4164 -0.215745 -0.976234 0.0205094
45.2484 14.6237 16.3361 -0.226215 -0.973555 0.0318864
45.5399 14.5242 15.3113 -0.232419 -0.972107 0.030572
45.8096 14.4238 14.3483 -0.238683 -0.970473 0.0348117
46.1398 14.3096 13.47 -0.241804 -0.969636 0.0365553
46.416 14.1814 12.2097 -0.262044 -0.964157 0.0409866
46.5684 14.0951 11.3035 -0.266037 -0.962869 0.0458892
46.6858 14.0068 10.3285 -0.278841 -0.958906 0.0524139
46.8289 13.8976 9.12536 -0.286184 -0.956563 0.0555503
46.9422 13.8025 8.07498 -0.289886 -0.95554 0.0537612
47.0169 13.7102 6.82596 -0.308266 -0.949783 0.0537011
47.0143 13.6608 5.84647 -0.309567 -0.949714 0.0470291
47.104 13.5803 4.77478 -0.318203 -0.947338 0.0360145
47.2725 13.4765 3.52078 -0.31771 -0.947695 0.0300283
47.367 13.4168 2.42787 -0.3311 -0.942953 0.0306077
47.4577 13.3598 1.40881 -0.329463 -0.943939 0.0207904
47.4802 13.3393 0.476339 -0.325998 -0.945357 0.00503766
47.4592 13.3412 -0.485408 -0.329621 -0.944095 0.00230718
47.4119 13.3669 -1.41884 -0.303198 -0.952878 -0.00975071
47.3616 13.3958 -2.33598 -0.305483 -0.951973 -0.0206818
47.2646 13.4525 -3.50134 -0.306897 -0.951417 -0.0245542
47.0957 13.5406 -4.56731 -0.304446 -0.952068 -0.0294827
46.9725 13.6158 -5.86059 -0.302977 -0.952444 -0.0320044
46.9313 13.6713 -6.93734 -0.298385 -0.953857 -0.032987
46.7836 13.7634 -8.16897 -0.287461 -0.956874 -0.0419427
46.7491 13.8102 -9.14975 -0.280136 -0.959234 -0.0373396
46.5565 13.9208 -10.572 -0.276328 -0.960165 -0.0410962
46.4855 13.9888 -11.5654 -0.269736 -0.96203 -0.041232
46.2113 14.1164 -12.8111 -0.25677 -0.965518 -0.0426919
45.947 14.2348 -14.0383 -0.250425 -0.967595 -0.0315406
45.7278 14.3178 -15.0109 -0.242253 -0.969771 -0.0292898
45.4255 14.4165 -15.9303 -0.223912 -0.974447 -0.0177843
45.0394 14.5228 -16.8945 -0.223393 -0.974545 -0.0188821
44.6796 14.6122 -17.829 -0.217178 -0.97609 -0.00909407
44.3295 14.6917 -18.7602 -0.207462 -0.978241 0.00197613
43.9784 14.7638 -19.6938 -0.203823 -0.978957 0.0076468
43.5266 14.8418 -20.7837 -0.196595 -0.980433 0.00852286
43.1065 14.9101 -21.7022 -0.193521 -0.980961 0.0162664
42.7109 14.9605 -22.5946 -0.180808 -0.983161 0.0265032
42.265 15.0058 -23.807 -0.178346 -0.983449 0.0319378
41.7322 15.0659 -24.7263 -0.169036 -0.984748 0.0412018
41.1707 15.1203 -25.6916 -0.165166 -0.985352 0.0424535
40.5932 15.1763 -26.5231 -0.158799 -0.985986 0.0511323
39.9183 15.2371 -27.4247 -0.155285 -0.986331 0.0550394
39.0821 15.3031 -28.4604 -0.14445 -0.98746 0.0636588
38.5025 15.3304 -29.3185 -0.141319 -0.987708 0.0667465
38.1325 15.347 -29.8257 -0.138204 -0.987953 0.069625
38.7423 15.2157 -30.5156 -0.134884 -0.988587 0.0671012
39.3027 15.1947 -29.6921 -0.135905 -0.988974 0.0588268
39.9776 15.1532 -28.7597 -0.147836 -0.987557 0.0536246
40.9099 15.0759 -27.5694 -0.150312 -0.987417 0.0490179
41.8533 14.982 -26.2767 -0.163234 -0.985759 0.0403816
42.3761 14.9281 -25.4678 -0.165827 -0.985421 0.0380423
43.0836 14.8437 -24.283 -0.17583 -0.98399 0.0291162
43.5594 14.7941 -23.0061 -0.178171 -0.983649 0.0262469
44.0037 14.7329 -22.0041 -0.185795 -0.982486 0.0140706
44.4316 14.6623 -21.0769 -0.193277 -0.981135 0.0043431
44.8019 14.592 -20.0025 -0.198097 -0.98018 0.00148995
45.1069 14.5304 -19.1006 -0.205402 -0.978627 -0.00447826
45.5295 14.4286 -18.0627 -0.212701 -0.977069 -0.00967838
45.9049 14.3301 -17.1462 -0.222873 -0.974643 -0.0199787
46.2511 14.2236 -16.1628 -0.233148 -0.971909 -0.0321571
46.6056 14.1013 -15.1689 -0.245521 -0.968791 -0.0338556
46.8832 13.999 -14.2291 -0.251756 -0.966892 -0.0417015
47.0412 13.9153 -13.2447 -0.254728 -0.965852 -0.0470459
47.3766 13.7808 -12.3376 -0.25893 -0.964764 -0.0467527
47.4257 13.7139 -11.441 -0.271872 -0.960929 -0.0514914
47.4372 13.6582 -10.3935 -0.282931 -0.958039 -0.0456823
47.6337 13.5629 -9.50208 -0.285297 -0.957726 -0.0369779
47.6547 13.5181 -8.47682 -0.283052 -0.95837 -0.0371737
47.8043 13.3841 -7.00104 -0.315602 -0.947041 -0.0549301
47.869 13.3224 -5.72506 -0.311494 -0.949993 -0.0219397
47.9765 13.2574 -4.74956 -0.334257 -0.94154 -0.0415312
48.1402 13.1697 -3.47176 -0.31015 -0.950534 -0.0162886
48.1957 13.1307 -2.51453 -0.314571 -0.948671 -0.0304438
48.261 13.0684 -1.19009 -0.333041 -0.942795 -0.01489
48.3365 13.0365 -0.0524418 -0.327045 -0.945006 -0.00230918
48.2924 13.0609 1.60906 -0.337955 -0.941102 0.00840418
48.2384 13.1049 2.66416 -0.345586 -0.937668 0.0367335
48.0805 13.2103 3.67416 -0.319906 -0.946129 0.0486587
48.045 13.2666 4.81861 -0.317603 -0.947523 0.0364541
47.9246 13.3586 5.87481 -0.319357 -0.946089 0.054096
47.9025 13.4371 7.05294 -0.305596 -0.950566 0.0550946
47.864 13.505 7.97158 -0.304289 -0.950465 0.0634396
47.6965 13.6354 9.12119 -0.299115 -0.951884 0.0664046
47.5716 13.7504 10.3754 -0.280885 -0.957988 0.0579853
47.4697 13.839 11.3931 -0.277929 -0.959082 0.0540063
47.2333 13.9948 12.7496 -0.256028 -0.964236 0.0661922
46.9558 14.1268 13.9308 -0.241232 -0.9694 0.0448348
46.6123 14.248 14.7735 -0.232861 -0.971379 0.0460226
46.1386 14.4208 16.3693 -0.224955 -0.973738 0.0349022
45.6285 14.5855 17.6908 -0.212444 -0.976554 0.0325436
45.0926 14.7329 19.1708 -0.197146 -0.98017 0.0193157
44.7242 14.8186 20.0002 -0.187643 -0.982185 0.00797166
44.2498 14.9151 21.5577 -0.183279 -0.983038 0.00669031
43.9158 14.9643 22.4948 -0.16686 -0.985813 -0.0181735
43.4689 15.0235 23.4469 -0.163667 -0.986396 -0.0145483
43.0886 15.0708 24.263 -0.159583 -0.986953 -0.0210039
42.6691 15.116 25.1342 -0.156014 -0.9874 -0.0264832
42.021 15.1894 26.0926 -0.154273 -0.987541 -0.0310395
41.3015 15.2698 27.1142 -0.143901 -0.989155 -0.0293983
40.678 15.3346 28.0004 -0.137229 -0.989834 -0.0360334
39.9529 15.3849 28.9747 -0.127061 -0.990658 -0.0495016
39.3904 15.4226 29.6831 -0.128564 -0.99047 -0.0494098
38.7426 15.453 30.61 -0.121575 -0.991036 -0.0553904
38.1813 15.4843 31.3145 -0.11662 -0.991686 -0.0541455
37.5122 15.5104 32.1897 -0.109805 -0.992376 -0.055968
36.6355 15.5448 33.2818 -0.105848 -0.992639 -0.0587047
36.06 15.5607 33.996 -0.10169 -0.992862 -0.0622779
35.3665 15.5808 34.7603 -0.0979355 -0.993073 -0.0649159
34.603 15.6081 35.4137 -0.0937509 -0.993049 -0.0711588
33.7995 15.6335 36.1158 -0.0850437 -0.993927 -0.0698253
32.8869 15.6643 36.7949 -0.0855856 -0.993873 -0.0699335
31.6428 15.6928 37.7272 -0.0766857 -0.994167 -0.0758368
30.6716 15.7012 38.4942 -0.0711216 -0.994114 -0.0817256
29.9433 15.7032 39.0563 -0.0651141 -0.99401 -0.0877722
28.7858 15.6969 39.9472 -0.0625387 -0.993664 -0.0933845
27.5778 15.6837 40.8748 -0.0555149 -0.993834 -0.095825
26.4745 15.6522 41.7094 -0.0510807 -0.992807 -0.108062
25.6684 15.6372 42.2908 -0.0590581 -0.9928 -0.104171
24.6371 15.6357 42.8587 -0.0556965 -0.99299 -0.104252
23.5544 15.6493 43.2846 -0.0506281 -0.993129 -0.105507
22.4884 15.6423 43.8103 -0.0438251 -0.992849 -0.111044
21.2426 15.6485 44.2244 -0.0388467 -0.993152 -0.110179
20.2386 15.6349 44.6577 -0.035912 -0.992129 -0.119849
19.1408 15.6304 45.0563 -0.039689 -0.99154 -0.123573
17.7719 15.6132 45.6963 -0.0399157 -0.992662 -0.114014
16.7927 15.612 46.0037 -0.0335647 -0.992725 -0.115616
15.8507 15.5966 46.3707 -0.0264491 -0.992545 -0.118977
14.9053 15.5771 46.7435 -0.0248778 -0.992214 -0.121986
13.9496 15.5714 46.9693 -0.0247918 -0.991761 -0.125677
12.4051 15.5606 47.3288 -0.0216509 -0.991289 -0.129911
11.4686 15.5662 47.4472 -0.0215057 -0.991139 -0.131072
10.0363 15.5681 47.6497 -0.0194039 -0.991116 -0.131577
9.12743 15.5635 47.7877 -0.0169587 -0.990453 -0.136788
7.86099 15.5664 47.9454 -0.0179685 -0.990502 -0.136293
6.95298 15.561 48.0889 -0.0174741 -0.990864 -0.133696
5.51752 15.555 48.2862 -0.0088788 -0.991765 -0.127763
4.52373 15.544 48.4095 -0.00621341 -0.990948 -0.134104
3.49831 15.5351 48.5193 -0.00460301 -0.990808 -0.135199
2.42066 15.5276 48.6032 -0.000243468 -0.990492 -0.137557
1.2271 15.5181 48.652 0.00242184 -0.990152 -0.139964
0.214281 15.5223 48.6151 0.000239416 -0.990154 -0.139978
-0.789788 15.5173 48.6522 0.00281917 -0.991162 -0.132629
-1.6925 15.5374 48.4864 0.00463428 -0.991398 -0.130693
-3.31265 15.5414 48.3122 0.0133552 -0.991236 -0.131423
-4.20049 15.5529 48.1381 0.0130408 -0.991201 -0.131723
-5.85324 15.5528 47.9443 0.0171197 -0.991465 -0.129241
-6.842 15.5539 47.8108 0.0213995 -0.992137 -0.123311
-8.33398 15.5389 47.6406 0.0285165 -0.991755 -0.124931
-9.40862 15.5235 47.506 0.0329397 -0.991793 -0.123515
-10.7417 15.4944 47.3559 0.0370084 -0.991812 -0.122222
-11.6247 15.4856 47.1522 0.0399503 -0.991852 -0.120947
-12.9116 15.4746 46.7983 0.0416611 -0.991696 -0.121667
-14.2768 15.4842 46.2404 0.0428794 -0.991884 -0.119696
-15.4077 15.4855 45.7901 0.0457103 -0.991242 -0.123894
-16.6162 15.4635 45.4844 0.05189 -0.991003 -0.123331
-17.6764 15.4853 44.8292 0.0568621 -0.991047 -0.120784
-18.5637 15.4717 44.5064 0.0629739 -0.990978 -0.118233
-19.528 15.4499 44.1389 0.0671785 -0.990869 -0.116904
-20.6487 15.4225 43.6952 0.0715593 -0.990259 -0.119443
-21.6702 15.4032 43.2151 0.0736267 -0.990328 -0.11759
-23.035 15.3876 42.4676 0.0742159 -0.990863 -0.112613
-23.9988 15.362 41.9841 0.0825223 -0.990264 -0.1121
-25.0886 15.3631 41.1588 0.0851306 -0.989831 -0.11395
-26.1126 15.3258 40.7176 0.0873098 -0.989971 -0.111029
-26.8714 15.3316 40.0489 0.0895572 -0.98986 -0.110262
-27.5672 15.3358 39.4347 0.0912716 -0.989972 -0.107814
-28.7458 15.3361 38.4623 0.0902398 -0.990681 -0.101784
-29.6366 15.3137 37.8233 0.0959208 -0.990754 -0.0959164
-30.5371 15.2912 37.1379 0.0979846 -0.990531 -0.0961617
-31.5383 15.2679 36.2831 0.104956 -0.989635 -0.0980153
-32.4439 15.2328 35.6008 0.110516 -0.989284 -0.0954109
-33.1809 15.2153 34.8827 0.116399 -0.988069 -0.100852
-34.052 15.1941 34.1 0.109999 -0.989117 -0.0976279
-34.7446 15.1978 33.2576 0.10872 -0.989641 -0.093756
-35.3154 15.195 32.5015 0.116878 -0.989491 -0.0851255
-35.9093 15.1889 31.7274 0.119849 -0.989582 -0.0797737
-36.4286 15.1836 30.9784 0.126996 -0.989057 -0.0750716
-37.3816 15.1556 29.745 0.129162 -0.988766 -0.0752244
-37.9955 15.1411 28.8654 0.133221 -0.988596 -0.0701232
-38.9579 15.0895 27.6642 0.138055 -0.988255 -0.0655148
-39.5833 15.0585 26.7979 0.140124 -0.988198 -0.0618184
-40.4971 15.0011 25.533 0.14625 -0.987583 -0.0573496
-41.0161 14.9803 24.5467 0.143404 -0.988011 -0.0570953
-41.5445 14.9474 23.7 0.147866 -0.987746 -0.0499223
-41.9555 14.9269 22.8826 0.1477 -0.987794 -0.0494773
-42.4867 14.8993 21.7139 0.151628 -0.987441 -0.0443789
-42.7322 14.8956 20.8329 0.157259 -0.986821 -0.038122
-42.9858 14.8878 19.9466 0.165627 -0.98586 -0.0253998
-43.4914 14.8256 19.1154 0.168548 -0.985352 -0.0256809
-43.8531 14.7834 18.2736 0.172261 -0.984789 -0.0227148
-44.3748 14.7247 16.7169 0.178391 -0.983814 -0.0164569
-44.7068 14.6753 15.8815 0.177046 -0.984112 -0.0133311
-45.2349 14.578 14.4852 0.191363 -0.981488 -0.00415672
-45.6247 14.4989 13.3022 0.200007 -0.979794 -0.00036106
-45.864 14.4432 12.3695 0.20607 -0.978514 0.00448125
-46.038 14.4002 11.0707 0.209557 -0.977753 0.00920596
-46.0993 14.3646 10.148 0.226019 -0.973899 0.0204696
-46.2584 14.2766 8.52511 0.251638 -0.96713 0.0356416
-46.3641 14.2114 7.2664 0.25601 -0.966268 0.0279788
-46.5687 14.0727 5.51344 0.294061 -0.95465 0.0408895
-46.7192 14.0041 4.4745 0.306042 -0.951677 0.0242472
-46.7905 13.9547 3.544 0.318072 -0.947921 0.0165891
-46.9003 13.8944 2.36487 0.323696 -0.945918 0.0213992
-46.9079 13.8723 1.3189 0.324669 -0.94581 0.00574164
-46.9812 13.8389 -0.207659 0.325306 -0.945592 0.00559214
-46.9219 13.8614 -1.26394 0.317221 -0.948169 -0.018419
-46.8269 13.9259 -2.71393 0.307516 -0.95117 -0.0265495
-46.6803 14.0191 -4.14008 0.298382 -0.953932 -0.0300507
-46.5736 14.0738 -5.06404 0.293707 -0.955627 -0.0226374
-46.3694 14.1888 -5.96895 0.27991 -0.956347 -0.0683204
-46.3933 14.2132 -6.97263 0.249737 -0.967619 -0.0360177
-46.4023 14.2508 -7.88181 0.241019 -0.969789 -0.036678
-46.2591 14.3183 -8.95049 0.234404 -0.971714 -0.0287484
-46.2366 14.3618 -10.0496 0.21204 -0.976797 -0.0301223
-46.0581 14.425 -11.1904 0.20767 -0.97811 -0.0131542
-45.8605 14.4836 -12.1479 0.19685 -0.980409 -0.00690435
-45.6595 14.5303 -13.0898 0.195097 -0.980773 -0.0032534
-45.2873 14.6071 -14.3621 0.188247 -0.982106 -0.00274988
-44.8216 14.6916 -15.5487 0.18174 -0.983306 0.00834022
-44.3638 14.7612 -17.1635 0.179305 -0.983769 0.00689756
-43.842 14.8214 -18.5371 0.163322 -0.986231 0.0258669
-43.3789 14.8769 -19.3894 0.161367 -0.986566 0.0254127
-43.0528 14.9049 -20.308 0.158362 -0.987111 0.0226328
-42.7459 14.9251 -21.3735 0.150008 -0.988342 0.0260167
-42.3874 14.9446 -22.2642 0.145706 -0.988459 0.0414501
-41.9785 14.9727 -23.0688 0.134863 -0.990121 0.0383026
-41.6777 14.9792 -23.9243 0.131762 -0.99022 0.0454243
-41.0827 15.0053 -24.9301 0.130065 -0.990207 0.0507089
-40.4593 15.0344 -25.9526 0.127659 -0.990531 0.0505025
-39.6106 15.0823 -27.071 0.125488 -0.990489 0.0564229
-38.9258 15.1134 -28.0082 0.122598 -0.990449 0.0630833
-38.2983 15.146 -28.7386 0.118456 -0.991138 0.0599184
-37.4082 15.1738 -29.9459 0.119813 -0.990676 0.064847
-36.8742 15.1847 -30.6913 0.114183 -0.990979 0.0701577
-35.8555 15.2162 -31.8558 0.109772 -0.991404 0.0711318
-35.2965 15.2111 -32.7426 0.105947 -0.991678 0.0731397
-34.613 15.2138 -33.6058 0.0998641 -0.991627 0.0818697
-33.8014 15.2284 -34.3996 0.10729 -0.990253 0.0888165
-32.9779 15.2577 -35.1445 0.113144 -0.990537 0.0776802
-32.228 15.2872 -35.7567 0.0996679 -0.991862 0.0792251
-31.4726 15.3049 -36.403 0.0901265 -0.992343 0.0844542
-30.3033 15.328 -37.2977 0.0869225 -0.992183 0.089542
-29.499 15.3342 -37.9978 0.0834287 -0.992396 0.0904833
-28.7083 15.3435 -38.6155 0.0825076 -0.992537 0.0897876
-27.928 15.3468 -39.2262 0.0692333 -0.993062 0.0949229
-27.2438 15.3287 -39.8823 0.0765826 -0.991896 0.101378
-26.4115 15.3368 -40.4188 0.0743715 -0.991974 0.102258
-25.6129 15.3379 -40.988 0.0743509 -0.991971 0.102303
-24.5375 15.3308 -41.7595 0.0659831 -0.992294 0.104874
-23.336 15.3309 -42.5113 0.0638988 -0.992632 0.102951
-22.2905 15.3442 -43.0119 0.0622247 -0.992491 0.105261
-21.3442 15.3464 -43.5356 0.0555405 -0.992363 0.11013
-20.1344 15.3661 -43.964 0.0529828 -0.992798 0.107418
-19.2732 15.376 -44.2788 0.048114 -0.992524 0.112032
-18.037 15.384 -44.7135 0.0497359 -0.991745 0.118184
-16.937 15.3778 -45.1912 0.0504471 -0.990943 0.12445
-16.0394 15.3704 -45.6093 0.0486762 -0.991023 0.124515
-15.156 15.3684 -45.9638 0.0459263 -0.991125 0.124747
-13.9859 15.3606 -46.4641 0.0436051 -0.991545 0.122161
-13.082 15.3496 -46.8454 0.0351219 -0.991884 0.1222
-12.0054 15.3627 -47.0407 0.0334466 -0.991287 0.1274
-10.9908 15.3799 -47.1966 0.0379956 -0.990984 0.128473
-9.49031 15.3894 -47.5423 0.0311829 -0.991843 0.123592
-8.56706 15.403 -47.6467 0.0298228 -0.991466 0.126905
-7.58375 15.4185 -47.7475 0.0260871 -0.991358 0.128563
-6.38355 15.4263 -47.9388 0.0255114 -0.991719 0.125831
-5.08393 15.4293 -48.1351 0.0172762 -0.99166 0.127707
-3.95897 15.4193 -48.3408 0.0118452 -0.991527 0.129356
-2.80489 15.4157 -48.4529 0.00465131 -0.991394 0.130829
-1.29175 15.3999 -48.5862 -0.00173508 -0.990413 0.138094
-0.0934766 15.3955 -48.6356 0.00405725 -0.990326 0.138696
0.835037 15.3939 -48.6807 0.0032831 -0.990422 0.138006
2.13652 15.3907 -48.6901 -0.00234559 -0.989754 0.142747
3.41071 15.4171 -48.4919 -0.00396033 -0.989458 0.144768
4.7284 15.4268 -48.3869 -0.00568274 -0.990133 0.139936
6.04614 15.429 -48.2668 -0.0124286 -0.990128 0.139612
7.24465 15.435 -48.0991 -0.0169291 -0.990169 0.138847
8.20144 15.4378 -47.9493 -0.0212507 -0.990136 0.138487
9.25438 15.4284 -47.8376 -0.0276933 -0.989549 0.141515
10.4126 15.4209 -47.6652 -0.0262294 -0.989757 0.140323
11.5065 15.4088 -47.5172 -0.032198 -0.98959 0.140268
12.5999 15.3947 -47.3665 -0.033664 -0.989789 0.138487
14.1114 15.3883 -46.9945 -0.0416609 -0.989643 0.137372
15.5337 15.3963 -46.4922 -0.0444194 -0.989626 0.136623
16.7466 15.4034 -46.0389 -0.0462925 -0.989759 0.135023
17.5983 15.405 -45.7231 -0.0475651 -0.989842 0.133979
18.7104 15.4079 -45.2859 -0.0515329 -0.990078 0.130728
19.6902 15.4153 -44.834 -0.0536697 -0.99032 0.128004
20.7092 15.4154 -44.3709 -0.0621031 -0.989519 0.130367
22.0365 15.3969 -43.8848 -0.0621972 -0.989799 0.128154
23.4676 15.3834 -43.2503 -0.0694557 -0.989622 0.125783
24.6199 15.369 -42.7084 -0.0729417 -0.989735 0.122877
25.88 15.3477 -42.0927 -0.079421 -0.989384 0.121699
26.7007 15.3413 -41.5999 -0.0789184 -0.989562 0.120569
27.5977 15.357 -40.8902 -0.0776607 -0.989753 0.119827
28.8263 15.3712 -39.8993 -0.0844686 -0.989503 0.117259
29.926 15.3631 -39.1425 -0.0883762 -0.989783 0.111888
30.7719 15.3717 -38.3556 -0.096625 -0.988932 0.112594
31.6833 15.3602 -37.6792 -0.0954394 -0.989479 0.108694
32.4727 15.3436 -37.1225 -0.0955967 -0.989767 0.105936
33.6227 15.3249 -36.1989 -0.0994904 -0.989902 0.100974
34.3635 15.3053 -35.6172 -0.104658 -0.98962 0.0984851
35.1973 15.2929 -34.8091 -0.110237 -0.989653 0.0918397
36.0433 15.2731 -33.9705 -0.114438 -0.989334 0.0901252
36.5906 15.2737 -33.2337 -0.119162 -0.989312 0.0839801
37.2301 15.2503 -32.5997 -0.123759 -0.988893 0.0823119
37.7778 15.2505 -31.779 -0.122707 -0.989251 0.0795276
38.3773 15.2319 -31.0127 -0.129785 -0.988894 0.0724235
38.4424 15.229 -30.9254 -0.135478 -0.988511 0.0670146
38.7133 15.2171 -30.554 -0.135478 -0.988511 0.0670145
