-53.3442 19.9222 -0.0644667 0.516199 -0.856402 -0.0106843
-53.4966 19.8481 -0.962191 0.52145 -0.852536 -0.0356748
-53.7313 19.7017 -0.893812 0.517929 -0.854991 -0.0243319
-53.9238 19.5692 0.227983 0.515307 -0.856923 -0.0118386
-53.4032 19.8814 0.355725 0.5162 -0.856402 -0.0106836
-53.4563 19.8472 0.766758 0.512973 -0.858405 0.000510515
-53.912 19.5752 1.05895 0.512742 -0.858543 0.000641729
-53.4903 19.8272 1.17261 0.512972 -0.858405 0.000509706
-53.0183 20.1093 1.34172 0.512972 -0.858405 0.000509706
-53.5124 19.8248 2.45546 0.514841 -0.85714 0.0158001
-54.1673 19.4296 2.15898 0.511296 -0.859305 0.0130852
-54.3744 19.2992 1.28688 0.518299 -0.855163 0.0034797
-54.4277 19.2595 0.360062 0.523006 -0.852226 -0.00566639
-54.3338 19.3352 -0.689773 0.518511 -0.854971 -0.0130867
-54.1998 19.4675 -1.94153 0.513831 -0.856855 -0.0421634
-53.9156 19.7016 -2.85277 0.517893 -0.853269 -0.0608458
-53.3064 20.0242 -2.16852 0.524796 -0.849195 -0.0585126
-53.0732 20.1192 -1.20341 0.526719 -0.849193 -0.0379295
-52.9119 20.1818 0.0180192 0.521164 -0.853338 -0.0128019
-52.9642 20.1413 0.73544 0.514585 -0.857404 -0.00508668
-52.4772 20.4333 0.92461 0.518291 -0.85508 -0.00626896
-52.4518 20.4721 -0.302516 0.52613 -0.850273 -0.0149163
-52.5828 20.4257 -1.25616 0.528021 -0.848448 -0.0364176
-52.8784 20.3077 -2.42324 0.528583 -0.847125 -0.0545851
-53.529 19.9868 -3.42791 0.520879 -0.850038 -0.0782398
-54.4828 19.3759 -3.11808 0.518312 -0.852696 -0.0646041
-54.6757 19.1852 -2.00284 0.514304 -0.856064 -0.050708
-54.8136 19.0475 -0.90131 0.516459 -0.855724 -0.0279566
-54.9006 18.9754 0.0969788 0.522156 -0.852668 -0.0176502
-54.8876 18.9816 1.03447 0.523855 -0.851784 0.00631755
-54.7047 19.1079 2.06426 0.516854 -0.855906 0.0157035
-54.3657 19.323 2.94136 0.510402 -0.859587 0.0223948
-53.7076 19.7346 3.50871 0.512022 -0.858396 0.0313539
-52.9678 20.1564 2.69874 0.515397 -0.856812 0.0154273
-52.6023 20.3628 1.68506 0.517597 -0.855609 0.00509069
-52.5259 20.4065 1.25255 0.516247 -0.856419 0.00565615
-51.9796 20.7343 1.21275 0.514897 -0.857229 0.00622162
-51.9624 20.7737 -0.233773 0.523907 -0.851603 -0.0168363
-52.1636 20.7011 -1.63578 0.516694 -0.855418 -0.035511
-52.578 20.5315 -3.01299 0.513457 -0.856511 -0.0523175
-53.0563 20.3087 -3.77795 0.522253 -0.849098 -0.0792424
-53.7621 19.9239 -4.30726 0.522717 -0.849132 -0.0757673
-54.5445 19.4239 -4.10342 0.520411 -0.850569 -0.0754665
-55.0286 19.0455 -3.13651 0.518312 -0.852696 -0.0646041
-55.1684 18.8897 -2.08443 0.523637 -0.850523 -0.0484734
-55.3005 18.7588 -1.04085 0.52109 -0.852637 -0.0382951
-55.3791 18.6773 0.33939 0.519464 -0.854372 -0.0131631
-55.2798 18.7482 1.69686 0.52157 -0.853086 0.0134811
-55.0121 18.9341 2.70736 0.516855 -0.855905 0.0157009
-54.4266 19.3237 3.92475 0.509433 -0.859893 0.0325655
-53.5252 19.868 4.16336 0.510311 -0.859413 0.0314397
-52.9171 20.2133 3.6462 0.514663 -0.85686 0.0302187
-52.4166 20.4872 2.7483 0.507549 -0.86157 0.00951874
-52.0783 20.678 1.62515 0.514897 -0.857229 0.00622162
-51.5449 20.9989 1.69514 0.514324 -0.857581 0.00484429
-51.4486 21.0681 0.667898 0.5162 -0.856299 -0.0154322
-51.5235 21.0378 -0.340494 0.510413 -0.859513 -0.0239805
-51.5916 21.0459 -1.61923 0.516696 -0.855417 -0.0355101
-51.849 20.9461 -2.64523 0.513457 -0.856511 -0.0523175
-52.358 20.7219 -3.65224 0.503866 -0.859521 -0.0856906
-52.8849 20.4792 -4.46232 0.523628 -0.848159 -0.0802451
-53.6816 20.0375 -5.03686 0.524502 -0.84805 -0.07552
-54.8843 19.2588 -4.56926 0.5188 -0.851378 -0.0774726
-55.4086 18.8564 -3.63429 0.519582 -0.851285 -0.0731342
-55.6186 18.6554 -2.74306 0.520747 -0.851309 -0.0634711
-55.8238 18.4593 -1.49226 0.521093 -0.852635 -0.0382947
-55.9054 18.3649 -0.151785 0.519466 -0.854371 -0.0131657
-55.8336 18.403 0.929328 0.520616 -0.853753 0.00807483
-55.6907 18.51 2.10852 0.514096 -0.85749 0.0202842
-55.3868 18.7273 3.21505 0.512778 -0.857922 0.0319872
-54.7127 19.183 4.4357 0.498795 -0.865384 0.0470682
-53.6262 19.8347 4.92978 0.510437 -0.859396 0.0298798
-52.9087 20.2501 4.51872 0.515031 -0.85656 0.0323807
-52.2644 20.6062 3.67344 0.509772 -0.859512 0.0361445
-51.8388 20.827 2.69836 0.510648 -0.859752 0.00649094
-51.831 20.8315 2.65824 0.51375 -0.857933 0.00346574
-51.5861 20.9751 1.90798 0.51375 -0.857933 0.00346697
