38.2927 26.9366 -26.549 -0.122618 -0.992159 0.0240236
39.0128 26.8662 -25.5121 -0.12961 -0.991406 0.0177812
39.5422 26.8103 -24.7709 -0.129352 -0.991417 0.0189438
40.3889 26.7134 -23.5576 -0.143537 -0.98955 0.013688
40.9804 26.6369 -22.4976 -0.155149 -0.987872 0.00613764
41.4328 26.572 -21.4754 -0.157794 -0.987461 0.00311176
41.9645 26.4867 -20.2687 -0.159761 -0.987155 0.000739587
42.3879 26.3987 -19.3277 -0.175546 -0.984373 -0.0139265
42.8071 26.3073 -18.378 -0.178745 -0.983736 -0.0176928
43.2955 26.1961 -17.2524 -0.19696 -0.980094 -0.0249389
43.691 26.0938 -16.3554 -0.199498 -0.979474 -0.0285188
44.2503 25.9442 -15.1532 -0.206752 -0.978078 -0.0248273
44.8616 25.7503 -13.7853 -0.222429 -0.97429 -0.0334113
45.2061 25.6346 -12.8952 -0.239864 -0.970091 -0.0372707
45.6281 25.4893 -11.8405 -0.251521 -0.966668 -0.0457759
46.0408 25.3239 -10.8814 -0.263128 -0.962955 -0.0587122
46.4874 25.145 -10.0949 -0.269383 -0.960577 -0.0687435
47.1221 24.8977 -9.28724 -0.29067 -0.953549 -0.0790965
47.7694 24.6378 -8.69442 -0.332477 -0.937996 -0.0970834
48.5059 24.3299 -8.17348 -0.333743 -0.938993 -0.0831126
49.2638 24.0013 -7.78605 -0.35646 -0.92811 -0.107465
50.5449 23.4437 -7.38856 -0.383691 -0.912513 -0.141682
51.3415 23.0546 -7.12494 -0.416706 -0.895599 -0.155753
52.1069 22.6498 -6.80628 -0.432409 -0.891711 -0.131609
52.7219 22.2464 -6.23559 -0.448286 -0.885214 -0.123604
53.319 21.8049 -5.22018 -0.466695 -0.877895 -0.106247
53.6185 21.5619 -4.40575 -0.464913 -0.880759 -0.0900453
53.985 21.2571 -3.19261 -0.477269 -0.875427 -0.0764319
54.1733 21.099 -2.31608 -0.476283 -0.877742 -0.0521909
54.3054 20.9734 -1.31377 -0.483548 -0.875086 -0.0198797
54.356 20.9275 -0.405652 -0.48526 -0.874202 -0.0171491
54.2735 20.9834 0.778645 -0.479529 -0.877184 0.0245001
54.1687 21.0782 1.88794 -0.482236 -0.874481 0.0507907
54.0693 21.199 2.82386 -0.484248 -0.8719 0.0717195
53.8548 21.4274 3.95762 -0.48124 -0.872386 0.0857327
53.3508 21.8559 5.38052 -0.45447 -0.883567 0.112987
52.4892 22.4406 6.49961 -0.436091 -0.890164 0.132034
51.6209 22.9211 6.96467 -0.415432 -0.902077 0.116933
50.8331 23.3062 7.18922 -0.405962 -0.905912 0.120492
49.5656 23.8751 7.53749 -0.375292 -0.92006 0.112452
48.3084 24.4131 8.12755 -0.339816 -0.935669 0.0947797
47.364 24.8202 8.8652 -0.322401 -0.942054 0.0916761
46.7822 25.0525 9.53476 -0.291051 -0.953934 0.0727914
46.1908 25.3033 10.4568 -0.274857 -0.958612 0.0742704
45.7403 25.4951 11.4198 -0.265536 -0.962758 0.0508639
45.2693 25.6904 12.5959 -0.244381 -0.968021 0.0566885
44.6764 25.8994 13.9682 -0.22709 -0.972703 0.0472661
44.2081 26.0642 14.962 -0.215831 -0.975118 0.0488446
43.8382 26.1733 15.7772 -0.202711 -0.978598 0.0354058
43.2735 26.3376 17.1506 -0.184361 -0.982145 0.0374499
42.8827 26.4536 18.2322 -0.184319 -0.982032 0.0404815
42.33 26.5937 19.5864 -0.164387 -0.986017 0.0260682
41.8224 26.701 20.6971 -0.157966 -0.987138 0.0245878
41.3976 26.7862 21.6171 -0.150041 -0.98846 0.0208417
40.8709 26.8809 22.5583 -0.137182 -0.990446 0.0139983
40.3259 26.9692 23.3949 -0.137051 -0.990447 0.0152404
39.8245 27.0394 24.1434 -0.123875 -0.992234 0.0112237
39.0991 27.1386 25.1694 -0.115226 -0.993309 0.00775467
38.4219 27.2215 26.0003 -0.109155 -0.994004 0.00191826
37.8166 27.2843 26.7192 -0.103244 -0.994653 -0.0018
37.0747 27.3519 27.6746 -0.0935777 -0.995592 -0.00635818
36.5319 27.3993 28.4223 -0.0875629 -0.996145 -0.00535336
35.5808 27.4685 29.5852 -0.0840735 -0.996341 -0.0153416
34.8993 27.5106 30.3024 -0.0758998 -0.996987 -0.0159305
34.1919 27.5515 31.2005 -0.0754826 -0.997054 -0.0136094
33.4227 27.588 32.0588 -0.0662954 -0.997612 -0.0193894
32.575 27.6277 32.9096 -0.0638792 -0.997769 -0.0192662
31.7301 27.6636 33.6152 -0.0564036 -0.998124 -0.0234147
30.9736 27.6898 34.1713 -0.0525504 -0.998345 -0.0233659
30.2177 27.7125 34.7256 -0.0486303 -0.998431 -0.0277452
29.4862 27.7324 35.2934 -0.0460999 -0.998444 -0.0313816
28.7654 27.7458 35.9281 -0.0461193 -0.998438 -0.0315335
27.8135 27.7615 36.6593 -0.040706 -0.998667 -0.0317481
26.9659 27.7732 37.251 -0.0381679 -0.998615 -0.0362005
26.1263 27.7855 37.7745 -0.0348065 -0.998596 -0.0399401
25.4044 27.7878 38.3349 -0.0346654 -0.998579 -0.0404795
24.2033 27.7909 39.2157 -0.0308092 -0.998676 -0.0411986
23.1523 27.7985 39.7829 -0.0276949 -0.998758 -0.04142
22.3021 27.8063 40.1729 -0.0260447 -0.9988 -0.0414256
21.0191 27.8153 40.6991 -0.024312 -0.998846 -0.0414232
19.9658 27.8177 41.1618 -0.0212164 -0.998846 -0.0430805
18.8255 27.8184 41.6318 -0.0174736 -0.998824 -0.0452184
17.8079 27.8177 42.0401 -0.0186634 -0.998724 -0.0468748
16.961 27.8144 42.3817 -0.0156011 -0.998687 -0.0487974
15.8366 27.8087 42.8458 -0.0145863 -0.998667 -0.0495084
14.669 27.8029 43.2892 -0.0116517 -0.99871 -0.0494128
13.6318 27.7954 43.6662 -0.0116889 -0.998671 -0.0501828
12.7199 27.7886 43.974 -0.00909579 -0.998553 -0.0529963
11.7724 27.7832 44.2397 -0.00834971 -0.998591 -0.0523897
10.8819 27.7799 44.4264 -0.00719116 -0.998635 -0.0517369
9.35388 27.7772 44.6572 -0.00611229 -0.99856 -0.0533029
8.32228 27.7769 44.7749 -0.00389131 -0.998587 -0.0529528
6.95474 27.7732 44.8834 -0.000481568 -0.998561 -0.0536306
5.89661 27.7694 44.9543 -0.000519382 -0.998498 -0.0547662
4.57462 27.7613 45.1272 -0.00149598 -0.998528 -0.054217
2.9905 27.7463 45.3917 0.00280288 -0.998512 -0.0544541
2.03225 27.7372 45.5014 0.00395742 -0.998442 -0.0556597
1.00652 27.7317 45.536 0.0042497 -0.998404 -0.0563148
-0.195014 27.7264 45.491 0.00738234 -0.998507 -0.0541284
-1.55036 27.7177 45.4165 0.00986626 -0.998481 -0.0542111
-2.79723 27.7098 45.3172 0.0107071 -0.998366 -0.0561304
-4.20078 27.704 45.1419 0.0121626 -0.998346 -0.0561966
-5.17351 27.7017 44.9578 0.0124361 -0.998232 -0.0581234
-6.27584 27.7 44.7418 0.0146829 -0.998163 -0.0587821
-7.5068 27.6951 44.5073 0.0162336 -0.998129 -0.0589355
-8.88677 27.6809 44.2931 0.0194859 -0.998357 -0.0538735
-10.2525 27.6613 44.0919 0.02273 -0.998283 -0.0539762
-11.3978 27.6482 43.8434 0.0235262 -0.998275 -0.0537857
-12.4627 27.6414 43.4874 0.0263697 -0.998165 -0.0544902
-13.5239 27.6313 43.1469 0.026902 -0.998087 -0.0556664
-14.4735 27.6208 42.835 0.0295784 -0.998086 -0.0543044
-15.7935 27.6127 42.2465 0.0307732 -0.998084 -0.0536667
-16.919 27.5978 41.7888 0.0347406 -0.998 -0.0528032
-18.0606 27.5793 41.318 0.0389373 -0.997855 -0.0526213
-19.3154 27.5546 40.8163 0.0418698 -0.997816 -0.0510846
-20.273 27.5328 40.4449 0.0434024 -0.99779 -0.0502949
-21.6259 27.5013 39.8315 0.0478684 -0.997621 -0.0495966
-22.6146 27.482 39.2388 0.0509749 -0.997565 -0.0475728
-23.759 27.4561 38.5152 0.0516611 -0.99763 -0.0454387
-24.8158 27.4321 37.7829 0.0557594 -0.997432 -0.0449432
-25.6064 27.4189 37.1096 0.057212 -0.997328 -0.0453905
-26.5306 27.4002 36.3153 0.0597587 -0.997158 -0.0458836
-27.2908 27.3805 35.7024 0.0644543 -0.996873 -0.0457064
-28.0702 27.3538 35.0889 0.0672388 -0.996842 -0.04225
-28.8258 27.3265 34.519 0.0687354 -0.99669 -0.0434077
-29.6103 27.2968 33.9158 0.0699292 -0.996684 -0.0416035
-30.3332 27.2689 33.3416 0.0713297 -0.996653 -0.0399339
-31.0283 27.2405 32.7628 0.075086 -0.996508 -0.0365106
-31.7212 27.2112 32.1429 0.0774181 -0.996358 -0.035598
-32.3865 27.1815 31.442 0.0798839 -0.996239 -0.0335611
-33.001 27.1553 30.7072 0.0823365 -0.996043 -0.0334394
-33.9049 27.1134 29.6462 0.0857478 -0.995823 -0.0313525
-34.5868 27.0776 28.8177 0.0917898 -0.995427 -0.0264607
-35.2026 27.0452 27.8993 0.0918477 -0.995426 -0.0262926
-35.9891 26.9959 26.7935 0.0987304 -0.994919 -0.019726
-36.5773 26.9529 26.0211 0.10023 -0.994768 -0.0197275
-37.1929 26.9002 25.2475 0.107917 -0.994 -0.0178323
-37.7593 26.8509 24.5482 0.109612 -0.993829 -0.0169468
-38.3926 26.7938 23.7401 0.112011 -0.9936 -0.0143093
-39.1204 26.721 22.5934 0.122247 -0.992449 -0.00997812
-39.6092 26.671 21.486 0.123213 -0.99233 -0.00996685
-40.0766 26.6216 20.4677 0.128033 -0.991727 -0.00917648
-40.6266 26.5564 19.1901 0.13551 -0.990773 -0.00249282
-41.0801 26.4941 17.9553 0.140292 -0.990104 -0.00113207
-41.4711 26.4383 17.0229 0.145981 -0.989276 0.00465228
-41.9738 26.3562 16.0244 0.152759 -0.988246 0.00585664
-42.4434 26.2733 15.0916 0.161303 -0.986849 0.010399
-42.9686 26.1736 13.8783 0.1669 -0.985876 0.0138608
-43.2751 26.1059 12.8422 0.171914 -0.984934 0.0177773
-43.5196 26.0437 11.9049 0.179878 -0.983528 0.0177707
-43.7339 25.9922 11.0058 0.187237 -0.982179 0.0141075
-44.0583 25.901 9.57695 0.193913 -0.980844 0.0184935
-44.292 25.8299 8.3265 0.200344 -0.979613 0.0148832
-44.425 25.7795 7.43006 0.213725 -0.9766 0.02397
-44.567 25.7174 6.1113 0.212566 -0.976895 0.0221991
-44.6948 25.6665 4.77639 0.220606 -0.975138 0.0195862
-44.7939 25.6319 3.85554 0.221682 -0.975067 0.0100637
-44.9651 25.5835 2.64754 0.228462 -0.973473 0.00911696
-45.0769 25.5454 1.73979 0.237776 -0.971314 0.00351919
-45.2325 25.4994 0.457624 0.241248 -0.970431 0.00790733
-45.274 25.4888 -0.444388 0.240108 -0.970723 -0.00671437
-45.1601 25.5288 -1.66688 0.241752 -0.970265 -0.0119003
-44.9631 25.5906 -2.96226 0.224309 -0.974449 -0.0115989
-44.8315 25.6382 -4.04635 0.224062 -0.974326 -0.0220334
-44.6932 25.6891 -5.12312 0.215818 -0.976272 -0.0176659
-44.5038 25.7529 -6.21466 0.21109 -0.977316 -0.0161647
-44.3435 25.8043 -7.16897 0.205013 -0.978501 -0.0224701
-44.1993 25.8564 -8.11955 0.200584 -0.979478 -0.0188449
-44.0362 25.9133 -9.2229 0.193327 -0.980877 -0.0224509
-43.9027 25.9639 -10.1609 0.187192 -0.981945 -0.0267606
-43.5908 26.0516 -11.6118 0.170637 -0.985145 -0.0192728
-43.2132 26.1417 -12.921 0.168032 -0.985626 -0.017258
-42.6652 26.2535 -14.2488 0.160423 -0.986965 -0.0111613
-42.1507 26.3518 -15.469 0.149712 -0.988654 -0.00971792
-41.7819 26.4108 -16.4227 0.143945 -0.98957 -0.00565194
-41.3825 26.4726 -17.5074 0.134945 -0.990825 -0.00599466
-40.9733 26.5367 -18.5633 0.130553 -0.991418 -0.00568492
-40.3902 26.6141 -19.7618 0.124595 -0.992203 0.00105592
-39.9078 26.6715 -20.9157 0.117483 -0.993072 -0.00035904
-39.378 26.7299 -22.0853 0.114366 -0.993435 0.00266158
-38.7713 26.7962 -23.2403 0.110284 -0.993885 0.00373511
-38.2528 26.8455 -24.0828 0.105974 -0.994342 0.0073087
-37.6827 26.8964 -24.9097 0.100682 -0.994805 0.0145741
-37.0613 26.9445 -25.7194 0.0966947 -0.995188 0.0158146
-36.3028 27.0039 -26.6169 0.0937179 -0.995471 0.0156364
-35.6772 27.042 -27.4708 0.0839561 -0.996305 0.0181095
-35.054 27.0775 -28.3405 0.0813554 -0.996438 0.0222104
-34.4367 27.1089 -29.1809 0.0790071 -0.996609 0.0229502
-33.5381 27.1555 -30.2234 0.0758321 -0.996861 0.0226794
-32.6567 27.1971 -31.2091 0.0739116 -0.996967 0.024367
-31.8727 27.2312 -32.0823 0.0711881 -0.997111 0.0264139
-31.1987 27.2559 -32.8547 0.0681591 -0.997263 0.0286514
-30.0297 27.3041 -33.8736 0.063625 -0.997564 0.0285987
-28.8119 27.3523 -34.7542 0.0593137 -0.99769 0.0331214
-28.0178 27.3773 -35.3745 0.05392 -0.997973 0.0337813
-27.1561 27.4027 -36.0224 0.0511876 -0.998104 0.0340355
-26.0216 27.4302 -36.772 0.0476015 -0.99815 0.0378284
-25.083 27.451 -37.3871 0.0469046 -0.998119 0.0394537
-24.0844 27.4635 -38.1787 0.0444117 -0.9981 0.0427022
-23.3229 27.4685 -38.7724 0.0398641 -0.998235 0.0440106
-22.352 27.4816 -39.3719 0.0388467 -0.998326 0.0428545
-21.3359 27.4952 -39.9285 0.0370146 -0.998305 0.0449187
-20.2301 27.5083 -40.4901 0.0332099 -0.998352 0.0467998
-19.3944 27.5183 -40.8705 0.0329615 -0.998364 0.0467284
-18.2011 27.5332 -41.3588 0.0287791 -0.998492 0.0466792
-17.106 27.5436 -41.7574 0.0274219 -0.998386 0.049737
-16.0235 27.5508 -42.1865 0.0265392 -0.998369 0.0505559
-15.1914 27.5517 -42.5569 0.0213632 -0.998261 0.0549471
-13.9261 27.5487 -43.1128 0.0209964 -0.998177 0.0565375
-12.7307 27.5408 -43.6508 0.0193309 -0.998188 0.0569721
-11.7334 27.536 -44.0102 0.0163557 -0.998083 0.059684
-10.7817 27.5342 -44.2737 0.0147817 -0.998022 0.0610967
-9.35902 27.5393 -44.529 0.0145213 -0.998007 0.0614087
-7.98569 27.5457 -44.6961 0.00945663 -0.997932 0.0635762
-6.72705 27.5485 -44.859 0.0107282 -0.997892 0.0640029
-5.79024 27.5502 -44.9645 0.00746804 -0.997896 0.0644067
-4.70188 27.5484 -45.1096 0.00604498 -0.997929 0.0640443
-3.81137 27.5444 -45.2412 0.00361085 -0.997834 0.0656825
-2.81599 27.5404 -45.3432 0.00292316 -0.997819 0.0659471
-1.51427 27.532 -45.4853 0.000284771 -0.997763 0.0668505
-0.442624 27.5237 -45.6185 0.000459802 -0.997742 0.0671551
0.628284 27.5175 -45.6897 -0.00241788 -0.997772 0.0666679
1.67005 27.515 -45.6671 -0.00671324 -0.997757 0.0666061
2.72565 27.5156 -45.5465 -0.00851585 -0.997813 0.065547
3.79157 27.5199 -45.333 -0.00857372 -0.99777 0.0661906
5.01903 27.5156 -45.1998 -0.0127177 -0.997559 0.0686625
6.3855 27.5053 -45.1092 -0.0118508 -0.997554 0.0688838
7.60447 27.4981 -44.9399 -0.0169877 -0.99732 0.0711441
8.87783 27.4902 -44.7756 -0.016411 -0.997292 0.0716873
9.91401 27.4781 -44.6516 -0.0210099 -0.997092 0.0732511
10.9592 27.4657 -44.5118 -0.0229134 -0.997015 0.0737303
12.2132 27.4544 -44.2658 -0.0251102 -0.997015 0.0729972
13.1834 27.4471 -44.0192 -0.0261076 -0.996973 0.0732326
14.542 27.4381 -43.66 -0.0258629 -0.996987 0.0731253
15.5299 27.4346 -43.2974 -0.0321127 -0.997051 0.0696933
16.7408 27.4327 -42.7732 -0.0323709 -0.996988 0.0704697
17.8979 27.4261 -42.3094 -0.0375316 -0.996576 0.073669
18.9933 27.4206 -41.8103 -0.0374077 -0.996854 0.0698806
20.0298 27.4087 -41.4061 -0.0393196 -0.996718 0.0707668
20.886 27.3988 -41.0525 -0.0423781 -0.996634 0.0701599
22.0795 27.3854 -40.4879 -0.0455697 -0.996522 0.0697645
23.184 27.3741 -39.9207 -0.0465494 -0.99646 0.0700053
24.2325 27.3624 -39.3714 -0.048878 -0.996401 0.0692476
25.1293 27.3518 -38.8586 -0.0523218 -0.996381 0.0669845
26.0541 27.3421 -38.2563 -0.0544996 -0.996425 0.064558
27.1398 27.3314 -37.4907 -0.0557962 -0.996428 0.0633932
28.0031 27.3218 -36.8424 -0.0601908 -0.996188 0.0631382
28.99 27.3129 -35.9935 -0.065501 -0.995958 0.0614618
29.9917 27.2976 -35.1531 -0.0680756 -0.995888 0.0597521
30.9717 27.2723 -34.4183 -0.0707219 -0.995766 0.0587186
31.8389 27.2452 -33.766 -0.0769173 -0.99561 0.0533045
32.8297 27.212 -32.9392 -0.0787963 -0.995572 0.0511831
33.4944 27.1908 -32.2944 -0.0789438 -0.995697 0.0485255
34.1588 27.166 -31.604 -0.0860243 -0.995145 0.0478082
35.0128 27.1388 -30.6381 -0.0874349 -0.994988 0.0485182
35.6986 27.1102 -29.7939 -0.0957461 -0.994667 0.038101
36.5404 27.0686 -28.6655 -0.0973299 -0.994637 0.034977
37.307 27.0186 -27.7543 -0.113044 -0.993077 0.031933
38.1718 26.9472 -26.7121 -0.12376 -0.99195 0.0268218
38.2515 26.9401 -26.6089 -0.12376 -0.99195 0.0268218
38.9525 26.8416 -27.1469 -0.116989 -0.99285 0.0237084
38.3722 26.8923 -27.8876 -0.116795 -0.992827 0.0254883
37.6749 26.9479 -28.672 -0.1099 -0.993509 0.0293532
36.8794 26.9979 -29.6583 -0.0985396 -0.994338 0.0397842
36.1782 27.0283 -30.6321 -0.100669 -0.994058 0.0414157
35.4556 27.0543 -31.5407 -0.0897523 -0.994696 0.0502499
34.7329 27.0818 -32.3354 -0.0863872 -0.995151 0.0470209
34.0957 27.1057 -32.9999 -0.0863203 -0.995079 0.0486224
33.4286 27.1257 -33.66 -0.0793586 -0.995372 0.0542002
32.6921 27.1493 -34.2986 -0.0782105 -0.995445 0.0545245
31.9065 27.1782 -34.8913 -0.0743135 -0.995607 0.0567989
31.0467 27.2035 -35.4966 -0.0696639 -0.995892 0.0578379
30.2814 27.2209 -36.1045 -0.0674647 -0.99593 0.0597313
29.2868 27.2347 -36.9472 -0.0646565 -0.995954 0.0623977
28.4299 27.2436 -37.6695 -0.0620386 -0.996061 0.0633275
27.4347 27.2571 -38.3845 -0.0581531 -0.996264 0.0638295
26.4593 27.2661 -39.0863 -0.0545396 -0.996423 0.0645507
25.4948 27.2738 -39.7125 -0.0530495 -0.996214 0.0688731
24.65 27.2832 -40.2003 -0.0506951 -0.996221 0.0705263
23.7019 27.2954 -40.6968 -0.0473295 -0.99638 0.0706137
22.8742 27.3051 -41.1084 -0.0463015 -0.996468 0.0700485
21.7748 27.3175 -41.6437 -0.0448087 -0.996383 0.0721964
20.3665 27.3338 -42.2557 -0.0409036 -0.996453 0.0735238
19.5152 27.3432 -42.5896 -0.0388156 -0.99652 0.0737583
18.6006 27.3512 -42.963 -0.0384227 -0.996549 0.0735809
17.6419 27.3572 -43.3686 -0.0370722 -0.996733 0.0717541
16.5337 27.3629 -43.8521 -0.0342532 -0.996836 0.0716992
15.6795 27.3646 -44.2209 -0.0325519 -0.996947 0.0709661
14.3378 27.3698 -44.6667 -0.0255441 -0.997042 0.072488
13.0855 27.3775 -44.9969 -0.0261834 -0.996901 0.0741859
11.8064 27.3872 -45.2977 -0.0233376 -0.996841 0.07592
10.8106 27.3977 -45.4633 -0.0227342 -0.996838 0.0761392
9.33552 27.416 -45.6421 -0.0209722 -0.996914 0.0756521
8.38594 27.4272 -45.7599 -0.0183465 -0.997118 0.0735288
7.40302 27.4322 -45.9207 -0.0184188 -0.997321 0.070797
6.37296 27.4412 -46.0366 -0.0118765 -0.997515 0.0694509
5.32438 27.4503 -46.0961 -0.0130771 -0.997585 0.0682057
4.36169 27.458 -46.1622 -0.0132587 -0.997618 0.0676951
3.26473 27.4576 -46.3555 -0.00914448 -0.99782 0.0653624
1.95617 27.4506 -46.5942 -0.00707231 -0.997701 0.0673943
0.974229 27.4538 -46.6247 -0.00255809 -0.997709 0.0676053
-0.494088 27.4613 -46.5417 0.00043775 -0.997708 0.0676582
-1.5986 27.4708 -46.3911 0.000850217 -0.997689 0.0679371
-2.51099 27.4773 -46.2852 0.000522077 -0.997693 0.0678821
-3.41158 27.4828 -46.1967 0.00160575 -0.997772 0.0666704
-4.3358 27.4864 -46.0777 0.00612242 -0.997573 0.0693538
-5.48061 27.4894 -45.9204 0.00838823 -0.997629 0.0683116
-6.53765 27.4902 -45.7963 0.00800336 -0.997794 0.0658378
-7.65013 27.4875 -45.652 0.010202 -0.997833 0.0649987
-8.82318 27.4851 -45.5184 0.0103113 -0.997786 0.0656934
-9.76666 27.4797 -45.3961 0.0147595 -0.997837 0.0640622
-11.0966 27.4766 -45.1474 0.0140425 -0.998061 0.0606468
-12.4228 27.4808 -44.7599 0.0142024 -0.998186 0.0585031
-13.4828 27.4886 -44.3199 0.0192794 -0.99824 0.056075
-14.3809 27.4955 -43.8944 0.0178803 -0.998292 0.0556167
-15.5999 27.5002 -43.3681 0.0192991 -0.998512 0.0509977
-16.5309 27.4991 -42.9519 0.0260431 -0.998426 0.0496768
-17.964 27.4887 -42.4135 0.0257829 -0.998432 0.0496911
-18.9514 27.4787 -42.0386 0.0315452 -0.998455 0.0457517
-19.8797 27.4665 -41.6588 0.0319685 -0.998434 0.0459133
-20.7298 27.4561 -41.2749 0.0340971 -0.998382 0.0454911
-21.5791 27.4454 -40.839 0.03688 -0.998332 0.0444276
-22.5326 27.4338 -40.3088 0.0374808 -0.998299 0.0446559
-23.3369 27.4198 -39.8912 0.0405017 -0.99826 0.0428493
-24.1048 27.4112 -39.3602 0.0424709 -0.998229 0.0416402
-24.995 27.405 -38.5974 0.0444139 -0.998099 0.042703
-25.8081 27.3933 -37.9678 0.0466853 -0.998074 0.0408478
-26.9755 27.3669 -37.2397 0.0468988 -0.998229 0.0365919
-27.9138 27.3433 -36.6034 0.0526784 -0.998069 0.0329039
-29.0999 27.3073 -35.6582 0.0575314 -0.997884 0.030298
-30.2347 27.263 -34.8447 0.0635645 -0.997557 0.0289926
-31.2687 27.2178 -34.0671 0.0667566 -0.997379 0.027899
-31.992 27.1895 -33.3402 0.0683651 -0.997301 0.0267351
-32.5923 27.1658 -32.651 0.0698294 -0.997207 0.0264795
-33.2847 27.1356 -31.8434 0.0715212 -0.997175 0.0229303
-33.8897 27.1065 -31.1591 0.0729636 -0.997107 0.0213167
-34.8415 27.0575 -30.1105 0.0776177 -0.996761 0.0210612
-35.5934 27.0177 -29.1247 0.0792823 -0.996687 0.018165
-36.3457 26.9735 -28.0898 0.0864653 -0.996079 0.0187409
-37.2304 26.9097 -26.964 0.0955088 -0.995342 0.0130616
-37.9134 26.856 -26.1369 0.0975685 -0.995135 0.0134967
-38.4485 26.8102 -25.4055 0.100395 -0.994906 0.00905164
-38.9753 26.7643 -24.6506 0.105197 -0.994387 0.010734
-39.4758 26.7135 -23.8381 0.111676 -0.993725 0.00618638
-39.969 26.6602 -22.9573 0.11301 -0.993593 0.00116199
-40.5284 26.5967 -21.7793 0.120885 -0.992657 0.00438674
-41.0073 26.5381 -20.6212 0.127933 -0.991777 -0.0032711
-41.4019 26.4843 -19.7845 0.128108 -0.991753 -0.00366827
-41.8108 26.4283 -18.9435 0.128735 -0.991674 -0.0029606
-42.2738 26.3518 -17.689 0.138866 -0.99026 -0.0100568
-42.7981 26.2611 -16.3207 0.149462 -0.988721 -0.00811285
-43.2812 26.1702 -15.1064 0.156871 -0.987459 -0.0173019
-43.8033 26.0629 -13.9069 0.165244 -0.986024 -0.0202638
-44.1793 25.9753 -12.9661 0.170541 -0.985122 -0.021065
-44.5343 25.8796 -11.6562 0.184011 -0.98258 -0.0260293
-44.7675 25.8083 -10.5422 0.193286 -0.980718 -0.0288552
-44.912 25.7453 -9.42373 0.191529 -0.981107 -0.0268715
-45.0935 25.668 -8.10313 0.204957 -0.978235 -0.032377
-45.2356 25.6166 -7.20557 0.207326 -0.978032 -0.0216482
-45.3982 25.5561 -6.27959 0.216585 -0.976074 -0.0192575
-45.6239 25.4717 -4.97339 0.235837 -0.97141 -0.0255929
-45.7855 25.41 -3.65704 0.230803 -0.972783 -0.0191919
-45.9629 25.3342 -2.34404 0.245563 -0.969106 -0.0230705
-46.1425 25.272 -1.11102 0.256902 -0.966348 -0.0116629
-46.1727 25.2577 -0.13449 0.256724 -0.96647 -0.0017971
-46.0745 25.2912 1.01598 0.257106 -0.96635 0.00799477
-45.8722 25.3573 2.44307 0.246874 -0.969008 0.00877641
-45.7067 25.4202 3.82662 0.23631 -0.971497 0.0141694
-45.5897 25.4622 4.96666 0.227118 -0.973599 0.0228704
-45.4903 25.5093 5.95534 0.224832 -0.97413 0.0227873
-45.3583 25.5638 7.06338 0.220737 -0.97491 0.0277714
-45.2102 25.6282 8.11659 0.211547 -0.976978 0.0275999
-45.0051 25.7047 9.33571 0.197321 -0.980079 0.0225701
-44.8129 25.7681 10.3207 0.19089 -0.981247 0.0260428
-44.5672 25.84 11.4423 0.186359 -0.98221 0.0230918
-44.2486 25.9287 12.7392 0.176947 -0.984015 0.0201175
-43.9293 26.0099 13.8836 0.177219 -0.983948 0.0209792
-43.4994 26.0988 14.9913 0.163631 -0.986395 0.0157344
-43.1016 26.175 15.7985 0.158552 -0.987262 0.0132486
-42.5424 26.2742 16.864 0.149765 -0.988691 0.00773019
-42.0401 26.3589 17.9476 0.145458 -0.989338 0.0046824
-41.6461 26.4165 19.0799 0.140526 -0.990073 0.00255779
-41.3242 26.4579 19.9309 0.136276 -0.990662 -0.00415947
-40.945 26.5029 20.7777 0.130433 -0.991427 -0.00686662
-40.5564 26.5505 21.6331 0.127416 -0.991824 -0.00624427
-40.0035 26.6093 22.878 0.124157 -0.992219 -0.00915592
-39.4418 26.6699 23.8304 0.118186 -0.992972 -0.00621022
-38.8465 26.7299 24.6343 0.108074 -0.994048 -0.0137429
-37.9259 26.8128 25.7866 0.106814 -0.994157 -0.0155777
-37.3398 26.8629 26.5335 0.104577 -0.994329 -0.0193393
-36.6938 26.9149 27.355 0.101653 -0.994624 -0.0195316
-36.168 26.9483 28.0847 0.0962014 -0.995018 -0.0261566
-35.623 26.9798 28.9332 0.0939951 -0.995271 -0.0242048
-34.829 27.0223 29.9873 0.0882513 -0.995592 -0.0317247
-34.1324 27.0586 30.7492 0.0872074 -0.995729 -0.0302358
-33.5538 27.0861 31.4479 0.081754 -0.996161 -0.0312858
-32.9128 27.1132 32.2424 0.0789552 -0.996394 -0.0310612
-32.1087 27.1457 33.1022 0.0759292 -0.996409 -0.0374657
-31.0862 27.192 33.9149 0.0751063 -0.996391 -0.0395443
-30.2332 27.225 34.5995 0.0693958 -0.996718 -0.0416835
-29.2755 27.2595 35.372 0.0690836 -0.996753 -0.0413491
-28.5035 27.2869 35.9815 0.0669969 -0.996861 -0.0421796
-27.6473 27.3168 36.6049 0.0636987 -0.996994 -0.0441163
-26.846 27.3399 37.2308 0.0612479 -0.997114 -0.0448138
-26.0741 27.3543 37.9259 0.0589863 -0.997234 -0.0452295
-25.2533 27.3708 38.6091 0.0561655 -0.997428 -0.0445288
-24.2118 27.3959 39.3018 0.0528894 -0.997448 -0.0479581
-23.422 27.4145 39.7864 0.0512922 -0.997536 -0.0478328
-22.4569 27.4328 40.4024 0.0489559 -0.997586 -0.0492389
-21.4659 27.4532 40.9369 0.047535 -0.997598 -0.0503758
-20.3992 27.4795 41.3704 0.0428803 -0.997717 -0.0521739
-19.129 27.5098 41.8464 0.0414242 -0.997842 -0.0508957
-17.9008 27.531 42.3659 0.0379332 -0.997956 -0.0514189
-16.7662 27.547 42.8528 0.0348091 -0.998015 -0.0524807
-15.7661 27.5569 43.2936 0.031363 -0.998052 -0.0539333
-14.8752 27.5649 43.6523 0.0288805 -0.998192 -0.0527213
-13.5637 27.5779 44.1001 0.0268385 -0.998205 -0.0535286
-12.7048 27.585 44.4034 0.0263697 -0.998165 -0.0544902
-11.5647 27.5952 44.7611 0.0245793 -0.998282 -0.0531705
-10.1891 27.6115 45.0259 0.0219559 -0.998255 -0.0548161
-8.79634 27.6286 45.2299 0.0182377 -0.99815 -0.0580079
-7.44761 27.6408 45.4388 0.0173869 -0.998086 -0.0593473
-6.33003 27.6447 45.6637 0.0142816 -0.998153 -0.059043
-5.24049 27.6479 45.867 0.0131702 -0.998242 -0.0577884
-3.8622 27.6523 46.1255 0.0130927 -0.998269 -0.0573307
-2.54498 27.6608 46.2481 0.0111265 -0.998398 -0.055474
-1.26236 27.669 46.356 0.0100163 -0.998291 -0.0575589
-0.264215 27.6747 46.4056 0.00832053 -0.998331 -0.0571504
1.07999 27.6797 46.4576 0.0064818 -0.998407 -0.0560193
1.9809 27.6852 46.4385 0.00430195 -0.998554 -0.0535816
3.38809 27.6985 46.2629 8.08103e-05 -0.998394 -0.0566587
4.67078 27.7096 46.0522 -0.00123336 -0.998449 -0.0556604
5.78206 27.7176 45.8979 0.00109378 -0.99844 -0.0558197
6.73244 27.7226 45.8273 0.000573248 -0.998502 -0.0547053
7.76752 27.7256 45.734 -0.00300948 -0.998324 -0.0577891
8.7789 27.7274 45.6386 -0.0059789 -0.998483 -0.0547283
10.0639 27.7297 45.4624 -0.00557426 -0.99851 -0.0542741
11.1861 27.7327 45.2858 -0.0067468 -0.998488 -0.054539
12.0949 27.7338 45.1116 -0.0095095 -0.998547 -0.0530429
13.0573 27.7396 44.8325 -0.00951574 -0.998518 -0.0535884
13.9961 27.7473 44.5161 -0.0107413 -0.998531 -0.0531028
14.8612 27.7542 44.1948 -0.0115123 -0.998561 -0.0523857
16.2727 27.7624 43.6632 -0.0141028 -0.998722 -0.0485241
17.1363 27.7679 43.2989 -0.0147445 -0.998763 -0.0474915
18.4693 27.7716 42.7821 -0.0164849 -0.998737 -0.0474641
19.7057 27.7731 42.2724 -0.0190816 -0.9988 -0.0451117
20.7121 27.7726 41.847 -0.0205568 -0.99884 -0.0435463
21.8649 27.768 41.3533 -0.024367 -0.998872 -0.0407547
22.8549 27.76 40.9312 -0.0279492 -0.9988 -0.0402088
23.7513 27.7519 40.5191 -0.0284239 -0.998773 -0.0405582
25.0228 27.7429 39.8084 -0.0296528 -0.998784 -0.0393845
26.3584 27.7407 38.7717 -0.0315833 -0.998851 -0.0360403
27.3558 27.7301 38.0768 -0.037169 -0.99879 -0.0322157
28.1121 27.7188 37.5834 -0.0422479 -0.998575 -0.0326189
29.066 27.7032 36.8319 -0.044132 -0.998498 -0.0324056
29.8328 27.6887 36.1719 -0.0440295 -0.998566 -0.0303473
30.7558 27.6653 35.5043 -0.0473541 -0.998517 -0.0268608
31.7515 27.6336 34.7796 -0.0560158 -0.998111 -0.0252361
32.6068 27.5991 34.0924 -0.0615648 -0.99785 -0.0224609
33.5325 27.5574 33.2703 -0.0660764 -0.997633 -0.0190345
34.3247 27.5188 32.443 -0.0691923 -0.997434 -0.0182728
35.3091 27.467 31.2454 -0.0736955 -0.9972 -0.0126355
36.0622 27.4187 30.4144 -0.0792151 -0.996822 -0.00833723
36.8684 27.3636 29.5003 -0.0842005 -0.996404 -0.00776433
37.4925 27.3091 28.6232 -0.0899117 -0.99595 -0.00017898
38.3031 27.2313 27.5188 -0.102204 -0.99476 -0.00270865
38.8971 27.1705 26.8306 -0.111914 -0.993709 0.00344433
39.7032 27.0739 25.8875 -0.115654 -0.993256 0.00720446
40.4118 26.9759 24.8966 -0.120077 -0.992665 0.0140397
40.9671 26.8912 24.058 -0.134739 -0.990697 0.0188659
41.5605 26.796 23.1773 -0.135466 -0.990655 0.0158578
42.221 26.6698 21.978 -0.152194 -0.988071 0.0231852
42.7537 26.5565 20.8377 -0.155936 -0.987428 0.0258881
43.2087 26.4521 19.8722 -0.165515 -0.98565 0.0331608
43.6099 26.3456 18.9286 -0.184772 -0.981806 0.0436402
43.9151 26.2518 18.038 -0.184549 -0.981997 0.0403008
44.3693 26.1072 16.8374 -0.200507 -0.978626 0.0456845
44.7356 25.9966 15.9838 -0.223185 -0.973487 0.0501109
45.3197 25.7928 14.7188 -0.22359 -0.973022 0.0568829
45.7868 25.6181 13.6942 -0.238527 -0.969717 0.0524807
46.1143 25.4925 12.8621 -0.253546 -0.965343 0.0594516
46.4261 25.3491 12.029 -0.268604 -0.961077 0.0646673
46.9834 25.0931 10.8088 -0.287922 -0.954135 0.0820243
47.6392 24.8082 9.83934 -0.30732 -0.948884 0.0719236
48.3444 24.5099 9.18233 -0.328922 -0.938574 0.104352
49.2195 24.1292 8.64884 -0.35355 -0.928845 0.110678
50.1442 23.7327 8.2942 -0.373075 -0.920429 0.115781
51.1356 23.2847 8.0587 -0.390945 -0.912333 0.12144
51.9847 22.8729 7.85454 -0.4118 -0.901902 0.130358
52.9557 22.3318 7.34572 -0.444015 -0.88646 0.130533
53.5912 21.9129 6.69206 -0.455582 -0.880018 0.134216
54.0907 21.542 5.90175 -0.465572 -0.87707 0.117494
54.4131 21.246 5.04906 -0.476674 -0.870573 0.121999
54.7662 20.9163 3.87284 -0.476528 -0.874071 0.0939624
54.9427 20.6878 2.51422 -0.484987 -0.872083 0.0610462
55.0284 20.5854 1.30399 -0.477634 -0.877904 0.0328201
55.1642 20.4897 0.230797 -0.474327 -0.880208 0.0157315
55.1835 20.4859 -1.13829 -0.481837 -0.875969 -0.0226125
55.0004 20.642 -2.37844 -0.488207 -0.870803 -0.0579341
54.7837 20.8495 -3.4731 -0.479541 -0.873264 -0.0857271
54.547 21.0621 -4.39124 -0.471601 -0.878014 -0.0817626
54.1569 21.3931 -5.48894 -0.468811 -0.878228 -0.0942588
53.8028 21.692 -6.28602 -0.46632 -0.875843 -0.124279
53.2168 22.1247 -7.08172 -0.456258 -0.878743 -0.139992
52.607 22.5278 -7.65114 -0.44742 -0.883511 -0.138568
51.6216 23.0799 -8.02834 -0.444703 -0.884116 -0.143244
50.641 23.5518 -8.32125 -0.38936 -0.908539 -0.151513
49.4185 24.0521 -8.67135 -0.333608 -0.93468 -0.121912
48.6503 24.3746 -9.10089 -0.33121 -0.936999 -0.111054
47.7586 24.7534 -9.87455 -0.289576 -0.954102 -0.07631
47.0538 25.0304 -10.7906 -0.278441 -0.958593 -0.0595593
46.5009 25.2528 -11.9841 -0.271981 -0.961092 -0.0482441
45.9338 25.476 -13.4989 -0.241954 -0.969616 -0.0360925
45.5087 25.6329 -14.5536 -0.230791 -0.972079 -0.0424
45.115 25.7632 -15.4299 -0.233619 -0.971691 -0.0351613
44.6585 25.8969 -16.421 -0.201421 -0.978976 -0.0321693
44.2251 26.0125 -17.3951 -0.197581 -0.979971 -0.0248655
43.853 26.111 -18.2452 -0.191521 -0.981197 -0.0228867
43.391 26.2181 -19.3133 -0.183038 -0.98294 -0.0175274
42.9469 26.3125 -20.2776 -0.175458 -0.984385 -0.0141705
42.3862 26.4181 -21.4847 -0.158645 -0.987334 -0.000826911
42.0409 26.475 -22.3538 -0.149952 -0.988685 0.00408505
41.35 26.5741 -23.7588 -0.144285 -0.989483 0.00760092
40.6082 26.6656 -24.8367 -0.13763 -0.99045 0.00660973
39.9656 26.7408 -25.7481 -0.12377 -0.99224 0.011873
39.4294 26.7987 -26.497 -0.12234 -0.992327 0.0170731
39.061 26.8324 -26.9939 -0.118948 -0.992632 0.0229901
39.8969 26.7219 -27.3804 -0.120906 -0.992414 0.0222742
40.7455 26.6359 -26.2142 -0.128617 -0.991629 0.0114082
41.4257 26.5521 -25.2617 -0.1366 -0.990625 0.00184674
42.311 26.4281 -23.9272 -0.148108 -0.988967 0.00301221
42.7885 26.3556 -22.93 -0.163266 -0.986572 -0.00347892
43.1235 26.2991 -22.053 -0.164055 -0.986451 -0.000857722
43.5044 26.2296 -21.1782 -0.171248 -0.985192 -0.00841474
44.0463 26.116 -20.07 -0.1747 -0.984434 -0.0192408
44.5475 25.9903 -18.9085 -0.182747 -0.982825 -0.0242839
44.9892 25.8738 -17.9226 -0.201423 -0.979128 -0.0271641
45.6111 25.6818 -16.5048 -0.223027 -0.973785 -0.0447405
46.1463 25.5108 -15.3295 -0.238306 -0.970469 -0.0371922
46.5283 25.3759 -14.4153 -0.244966 -0.968283 -0.0491901
46.8772 25.2376 -13.4736 -0.271521 -0.960736 -0.0571103
47.2205 25.0846 -12.5489 -0.271582 -0.960659 -0.0581205
47.5401 24.9412 -11.7065 -0.277199 -0.958987 -0.0590168
48.0053 24.7567 -10.8799 -0.287766 -0.954771 -0.0748465
48.8329 24.422 -10.0617 -0.329866 -0.939148 -0.0946482
49.5608 24.1105 -9.61572 -0.332277 -0.93693 -0.108403
50.5886 23.7104 -9.28802 -0.340779 -0.934686 -0.10033
51.3944 23.3373 -9.06211 -0.40762 -0.903305 -0.133737
52.4148 22.8043 -8.75688 -0.445165 -0.882667 -0.150757
53.2493 22.3175 -8.38301 -0.456035 -0.876014 -0.156944
54.087 21.7327 -7.50426 -0.464289 -0.874358 -0.141133
54.6056 21.3302 -6.74815 -0.4717 -0.871337 -0.134966
54.9347 21.0386 -5.94964 -0.467007 -0.876262 -0.118358
55.3144 20.6958 -4.82832 -0.473796 -0.873343 -0.112581
55.537 20.4666 -3.86 -0.487478 -0.868517 -0.0896902
55.7502 20.2555 -2.82182 -0.489426 -0.869777 -0.0626197
55.9709 20.0579 -1.52277 -0.485959 -0.873581 -0.0262083
56.0187 19.9987 -0.127713 -0.485436 -0.874095 -0.0176166
55.8661 20.1155 1.32643 -0.497552 -0.866576 0.0364391
55.7665 20.2295 2.32776 -0.489129 -0.871001 0.0441309
55.6687 20.3753 3.49158 -0.481472 -0.870926 0.0983503
55.459 20.6131 4.54337 -0.483407 -0.869165 0.104258
55.1866 20.8789 5.44844 -0.481366 -0.867473 0.125398
54.8636 21.1831 6.35179 -0.475421 -0.871063 0.123384
54.429 21.5319 7.07215 -0.468675 -0.873423 0.131821
53.6987 22.0444 7.95587 -0.460014 -0.878516 0.128828
52.7784 22.5923 8.56992 -0.435787 -0.891911 0.120763
51.9845 23.0135 8.82657 -0.404848 -0.905814 0.124502
50.8369 23.5439 9.0445 -0.390946 -0.912333 0.121439
49.5686 24.0942 9.47032 -0.357857 -0.92738 0.109002
48.5988 24.5182 10.0866 -0.329302 -0.939247 0.0954231
47.8733 24.8391 10.9785 -0.293793 -0.951903 0.0866408
47.3878 25.0704 11.9938 -0.288281 -0.954284 0.0789673
46.9797 25.268 13.1132 -0.268565 -0.960969 0.0664226
46.6357 25.4273 14.0264 -0.253544 -0.965343 0.0594539
46.2305 25.5854 14.9139 -0.236524 -0.969361 0.0662363
45.682 25.7874 16.0999 -0.214891 -0.975024 0.0561264
45.2575 25.939 17.0694 -0.205195 -0.976996 0.0568135
44.755 26.1049 18.3913 -0.194666 -0.979797 0.0458589
44.3853 26.2262 19.4814 -0.18476 -0.981652 0.0471602
43.9023 26.3571 20.5363 -0.167407 -0.985416 0.0304385
43.4207 26.4689 21.5152 -0.160781 -0.986563 0.02849
43.0044 26.5591 22.4285 -0.15117 -0.988058 0.0298098
42.4992 26.662 23.3795 -0.147477 -0.988729 0.0258083
41.8991 26.7705 24.3011 -0.137153 -0.99033 0.0205691
41.224 26.8793 25.3074 -0.128905 -0.991542 0.0151185
40.503 26.9817 26.3422 -0.119351 -0.992817 0.00831405
39.5905 27.0931 27.4103 -0.111722 -0.993739 0.000896
38.9705 27.1611 28.1023 -0.102437 -0.994733 0.000802869
38.2101 27.2443 29.1715 -0.0962935 -0.995328 0.00206672
37.694 27.287 29.9299 -0.0893276 -0.995985 -0.00586879
36.7968 27.3559 31.0241 -0.079351 -0.996822 -0.00701068
35.9577 27.4113 31.9344 -0.0724371 -0.997296 -0.0123528
35.2106 27.4517 32.8209 -0.0689653 -0.997483 -0.0164558
34.3817 27.4916 33.7398 -0.0668268 -0.997581 -0.0191548
33.6454 27.5275 34.4373 -0.0639004 -0.997738 -0.0206356
32.8851 27.5603 35.0674 -0.0614003 -0.99787 -0.0220161
32.11 27.5909 35.6846 -0.0562182 -0.998116 -0.024578
31.3606 27.6167 36.2435 -0.0472158 -0.998514 -0.0272086
30.5922 27.6387 36.7588 -0.0470735 -0.998511 -0.0275577
29.8203 27.6546 37.3645 -0.0415787 -0.998679 -0.0301755
28.8388 27.669 38.1879 -0.040874 -0.99867 -0.0314399
27.9627 27.6843 38.797 -0.0382471 -0.998729 -0.0328122
27.074 27.6957 39.3816 -0.0323018 -0.998829 -0.0360204
25.9809 27.6965 40.2614 -0.0297396 -0.998786 -0.0392613
25.1602 27.6988 40.8314 -0.0290693 -0.998841 -0.0383385
24.065 27.7078 41.3904 -0.0281523 -0.998882 -0.0379598
22.8805 27.7198 41.9228 -0.0262961 -0.99884 -0.0402811
21.9032 27.7261 42.336 -0.0226515 -0.99878 -0.0438424
20.9023 27.7283 42.7547 -0.0207441 -0.99879 -0.0445922
20.0201 27.7284 43.1203 -0.0183763 -0.998714 -0.0472434
18.6245 27.7242 43.721 -0.0167809 -0.998717 -0.047786
17.1348 27.7182 44.3158 -0.015138 -0.998558 -0.0515026
16.2157 27.7127 44.6863 -0.0126844 -0.998491 -0.0534345
14.8194 27.7026 45.1875 -0.011724 -0.998532 -0.052886
13.9192 27.6941 45.5166 -0.00991908 -0.998478 -0.0542542
12.9867 27.6866 45.8261 -0.0102326 -0.998484 -0.0540835
12.0147 27.6831 46.07 -0.00857879 -0.998486 -0.0543264
10.7808 27.6823 46.2539 -0.00591866 -0.99831 -0.0577811
9.45849 27.6775 46.456 -0.00511736 -0.9982 -0.0597446
8.06619 27.6749 46.5951 -0.00368266 -0.998261 -0.0588311
6.98317 27.6738 46.6957 -0.00183719 -0.998419 -0.0561214
5.96434 27.6672 46.8019 0.00080401 -0.998424 -0.0561139
4.64738 27.6577 46.9859 -0.000873894 -0.998459 -0.0554904
3.16947 27.6441 47.2209 0.000184444 -0.998389 -0.0567425
2.27844 27.6365 47.3498 0.000287224 -0.998385 -0.0568039
1.01571 27.6286 47.3856 0.00760003 -0.998489 -0.0544237
-0.0768568 27.6237 47.3233 0.0077997 -0.998453 -0.0550556
-1.61536 27.6149 47.2333 0.0100165 -0.998291 -0.0575592
-2.66582 27.6072 47.1602 0.0113586 -0.998267 -0.0577401
-3.94264 27.6007 47.0054 0.0127852 -0.998195 -0.0586623
-5.18464 27.5946 46.8054 0.0141827 -0.998242 -0.0575496
-6.36305 27.5891 46.5968 0.0142607 -0.998164 -0.0588666
-7.34174 27.5869 46.3863 0.0165204 -0.998133 -0.0587979
-8.402 27.5787 46.2097 0.0172668 -0.998156 -0.0581916
-9.3821 27.5688 46.0761 0.0182163 -0.998189 -0.0573393
-10.6842 27.5537 45.8867 0.0213681 -0.998192 -0.056171
-12.2171 27.535 45.5654 0.0266151 -0.998189 -0.0539467
-13.194 27.5277 45.2237 0.0257887 -0.998203 -0.054084
-14.1136 27.5226 44.8708 0.0275931 -0.998225 -0.0527654
-15.3463 27.5079 44.4737 0.0288858 -0.998192 -0.0527075
-16.5067 27.4982 43.9565 0.0337378 -0.998065 -0.0521877
-17.6621 27.4825 43.4735 0.0365847 -0.997951 -0.0524672
-18.6407 27.4685 43.0292 0.0379027 -0.997924 -0.0520675
-19.7091 27.4468 42.5801 0.0431479 -0.997793 -0.050472
-20.5871 27.425 42.2588 0.0439651 -0.997805 -0.0495103
-22.0849 27.387 41.6648 0.0469303 -0.997699 -0.048883
-23.414 27.3627 40.8702 0.0489582 -0.997585 -0.0492405
-24.5993 27.3365 40.1087 0.0529616 -0.997452 -0.0477985
-25.6764 27.3097 39.4432 0.0552974 -0.997403 -0.0461104
-26.4715 27.2907 38.7907 0.0600019 -0.997172 -0.0452396
-27.1603 27.279 38.1368 0.0635662 -0.996931 -0.0456961
-27.9895 27.2559 37.4849 0.0650332 -0.996848 -0.0454261
-29.0887 27.2177 36.6779 0.0694199 -0.996616 -0.0439459
-29.8149 27.1897 36.1409 0.0704204 -0.996587 -0.0430434
-30.6831 27.1581 35.4444 0.0701235 -0.996652 -0.0420423
-31.4249 27.1311 34.8384 0.0725082 -0.996566 -0.0398911
-32.2232 27.0953 34.2103 0.0743703 -0.996522 -0.0375908
-33.0321 27.0595 33.5315 0.0750992 -0.996516 -0.0362671
-33.7301 27.0337 32.6753 0.0827859 -0.996071 -0.0314263
-34.2792 27.0106 31.9564 0.0818148 -0.996169 -0.0308704
-34.9814 26.9732 31.1365 0.0880251 -0.995705 -0.0286913
-35.6705 26.9325 30.4272 0.0911433 -0.995319 -0.0321536
-36.2506 26.9002 29.6756 0.0988315 -0.994774 -0.0256355
-36.7735 26.8703 28.8227 0.0976197 -0.994881 -0.0260787
-37.3708 26.8325 27.9955 0.101256 -0.994608 -0.0219221
-38.0935 26.7738 27.0729 0.104725 -0.994343 -0.0176988
-38.6794 26.7234 26.3054 0.107073 -0.994138 -0.0150145
-39.261 26.672 25.5582 0.110257 -0.993791 -0.0145932
-39.8747 26.6092 24.7822 0.117494 -0.992996 -0.0124082
-40.4609 26.5457 23.9598 0.122399 -0.992461 -0.00631758
-41.0633 26.4775 22.8132 0.123328 -0.992353 -0.00500401
-41.6394 26.4098 21.4783 0.130455 -0.991448 -0.00353376
-42.1014 26.3508 20.4564 0.132559 -0.991175 0.000163504
-42.5656 26.2872 19.2399 0.139908 -0.990157 0.00379934
-42.9313 26.2258 18.1362 0.143102 -0.989627 0.0126624
-43.5689 26.1135 16.8869 0.158516 -0.987288 0.0116061
-44.0043 26.033 16.0148 0.160996 -0.986833 0.0152079
-44.5249 25.9267 14.9645 0.174234 -0.984506 0.0193705
-44.8526 25.8465 14.0193 0.17722 -0.983947 0.0209797
-45.1576 25.7639 12.8644 0.184624 -0.982508 0.0243218
-45.4258 25.6854 11.7791 0.18559 -0.982316 0.024699
-45.6579 25.6092 10.6329 0.195402 -0.980266 0.0299445
-45.8676 25.5356 9.53092 0.202943 -0.97872 0.0290691
-46.0778 25.4441 8.24877 0.210059 -0.977169 0.0315828
-46.228 25.3739 7.17047 0.217269 -0.975509 0.0342932
-46.4042 25.2901 5.64984 0.23984 -0.970322 0.0269304
-46.4993 25.2358 4.69219 0.25379 -0.966854 0.0279379
-46.5988 25.1874 3.68764 0.258193 -0.965908 0.0189287
-46.7443 25.1279 2.63774 0.263182 -0.964617 0.0158049
-46.9352 25.0639 1.42992 0.259398 -0.96576 0.00459011
-47.064 25.0241 0.0684895 0.254044 -0.96719 0.00251738
-46.9988 25.0499 -1.41702 0.272804 -0.961973 -0.0136635
-46.8311 25.111 -2.3121 0.2684 -0.963037 -0.022813
-46.6698 25.1794 -3.60636 0.251507 -0.96757 -0.0230635
-46.5651 25.2356 -4.62603 0.244485 -0.969362 -0.0219355
-46.425 25.2995 -5.55502 0.234128 -0.971582 -0.0348355
-46.1649 25.4072 -7.04283 0.217224 -0.975739 -0.0273435
-45.9893 25.4818 -8.11784 0.208359 -0.977274 -0.0382019
-45.8635 25.5413 -9.09494 0.202234 -0.978764 -0.0335172
-45.734 25.6063 -10.1548 0.197506 -0.979745 -0.0326084
-45.582 25.6636 -11.0732 0.186156 -0.981996 -0.0320849
-45.3617 25.7415 -12.2387 0.18108 -0.983085 -0.0274598
-44.9802 25.847 -13.4482 0.176556 -0.983915 -0.0266059
-44.5943 25.9365 -14.3876 0.172405 -0.984743 -0.0236181
-44.1638 26.0295 -15.3315 0.165646 -0.986022 -0.0179278
-43.7876 26.1074 -16.2986 0.152657 -0.988213 -0.0114437
-43.4409 26.1726 -17.1473 0.149957 -0.988536 -0.0173236
-43.103 26.2373 -18.0627 0.147496 -0.988973 -0.0131543
-42.7349 26.3005 -19.1211 0.139452 -0.9902 -0.00734855
-42.1558 26.3888 -20.3024 0.133576 -0.991011 -0.0047558
-41.6467 26.458 -21.4254 0.128092 -0.991758 -0.00294363
-41.2383 26.5096 -22.4794 0.119573 -0.992822 -0.00245797
-40.7405 26.5698 -23.4629 0.115996 -0.993247 0.00201593
-40.0016 26.6499 -24.7303 0.11066 -0.993838 0.00622193
-39.2595 26.7244 -25.842 0.105495 -0.994373 0.00811947
-38.3429 26.8013 -27.0557 0.0989298 -0.995051 0.00882762
-37.3847 26.8799 -28.2108 0.0938591 -0.995526 0.0106669
-36.8292 26.918 -28.9522 0.0855904 -0.996232 0.0139941
-36.2851 26.9508 -29.707 0.080363 -0.996656 0.0147757
-35.6911 26.9848 -30.4972 0.0770911 -0.996855 0.0183817
-35.0904 27.017 -31.1877 0.0750086 -0.996962 0.0209723
-34.4282 27.0516 -31.886 0.0726812 -0.99711 0.0221025
-33.6127 27.089 -32.8663 0.0706865 -0.997269 0.0213599
-32.7849 27.1233 -33.85 0.0673924 -0.997468 0.0227061
-32.14 27.1502 -34.5195 0.0653868 -0.997559 0.0244471
-31.3561 27.1844 -35.1669 0.0639109 -0.997646 0.0248524
-30.5666 27.2191 -35.6999 0.0598519 -0.997865 0.0261542
-29.5459 27.2565 -36.4563 0.0595858 -0.997682 0.0328795
-28.8257 27.2794 -37.0591 0.0564991 -0.997794 0.0347715
-28.0745 27.3003 -37.6175 0.0533049 -0.997975 0.0346871
-26.9509 27.3267 -38.3573 0.0468373 -0.998212 0.0371359
-26.1022 27.3434 -38.9004 0.0440637 -0.998241 0.039665
-25.358 27.3507 -39.5184 0.0434212 -0.998218 0.0409309
-24.6512 27.3551 -40.1375 0.041974 -0.998215 0.0424747
-23.6919 27.3668 -40.7809 0.0402454 -0.998234 0.0436955
-22.8847 27.3808 -41.1888 0.0380787 -0.998266 0.0448832
-22.0197 27.393 -41.6521 0.0374807 -0.998299 0.0446559
-21.2121 27.4032 -42.0612 0.0347696 -0.998439 0.0437116
-19.9593 27.42 -42.6118 0.0320734 -0.998411 0.0463287
-18.7121 27.4351 -43.1138 0.0274984 -0.998426 0.0488333
-17.4253 27.4453 -43.5698 0.0247957 -0.998479 0.0492477
-16.5062 27.449 -43.9474 0.0245183 -0.998456 0.049835
-15.4462 27.4459 -44.4498 0.0174061 -0.99829 0.0558066
-14.6142 27.441 -44.7972 0.0178816 -0.998292 0.0556162
-13.4507 27.4306 -45.3447 0.0173901 -0.997994 0.0608612
-12.2842 27.4222 -45.7767 0.0137783 -0.998099 0.0600624
-11.3248 27.4195 -46.0335 0.013707 -0.998075 0.0604759
-10.2597 27.4195 -46.2448 0.0113075 -0.998 0.0621982
-9.02171 27.4239 -46.408 0.0111756 -0.997745 0.0661821
-7.88698 27.4283 -46.524 0.010203 -0.997833 0.0650011
-6.79836 27.4289 -46.6804 0.00739717 -0.997544 0.0696303
-5.76806 27.4266 -46.8017 0.00596768 -0.997572 0.0693924
-4.55159 27.423 -46.9704 0.00640439 -0.997565 0.0694414
-3.447 27.4186 -47.112 0.00468721 -0.997477 0.0708304
-2.53023 27.4149 -47.1911 0.00267078 -0.997571 0.0696008
-1.13633 27.4035 -47.3847 0.000707509 -0.99769 0.0679242
-0.00413665 27.3944 -47.5234 0.000195889 -0.997649 0.068533
1.32305 27.3894 -47.5597 -0.00348453 -0.997469 0.0709708
2.37403 27.3868 -47.4878 -0.0077422 -0.997649 0.0680858
3.65796 27.397 -47.1946 -0.0122607 -0.997317 0.0721524
4.89169 27.392 -47.0317 -0.0136609 -0.997483 0.0695364
6.33079 27.3776 -46.9568 -0.0155856 -0.997194 0.0731924
7.289 27.3683 -46.8386 -0.0188215 -0.997136 0.0732526
8.63939 27.355 -46.646 -0.0211311 -0.997007 0.0743671
9.57638 27.3439 -46.5283 -0.0216705 -0.996971 0.0746895
10.5856 27.3302 -46.4124 -0.0221984 -0.996935 0.0750217
12.1289 27.3125 -46.1776 -0.0235395 -0.996791 0.0765133
13.5233 27.3034 -45.8467 -0.0249025 -0.996981 0.0735427
14.5905 27.2977 -45.5611 -0.0274336 -0.996816 0.0748157
15.6759 27.2928 -45.1929 -0.0307787 -0.99666 0.0756352
16.8335 27.2881 -44.7328 -0.035974 -0.996703 0.0727303
17.863 27.284 -44.2713 -0.0376023 -0.99669 0.0720738
18.774 27.2787 -43.8633 -0.0383759 -0.996649 0.0722397
19.8943 27.268 -43.4122 -0.0392256 -0.996608 0.0723474
20.7935 27.2559 -43.0658 -0.0414146 -0.996606 0.0711489
21.6352 27.2474 -42.6974 -0.043049 -0.996397 0.0730592
22.7377 27.2329 -42.193 -0.0470461 -0.996158 0.0738665
23.6664 27.2211 -41.7555 -0.0477569 -0.996141 0.0736363
24.9678 27.2043 -41.0889 -0.0507053 -0.996238 0.0702783
25.8666 27.1953 -40.56 -0.0527649 -0.996149 0.0700227
27.0032 27.1879 -39.8205 -0.0541329 -0.996042 0.0704757
28.2716 27.1765 -38.8806 -0.0586544 -0.996153 0.0650949
29.2058 27.1643 -38.1953 -0.0606342 -0.996305 0.060774
29.979 27.1521 -37.5652 -0.0650034 -0.996138 0.0590219
30.6974 27.1415 -36.9417 -0.0659068 -0.996019 0.0600094
31.6396 27.1212 -36.1916 -0.0706804 -0.995831 0.057655
32.4196 27.0956 -35.6664 -0.0748781 -0.99568 0.0548857
33.2777 27.0648 -35.0335 -0.0749964 -0.995763 0.0532041
34.0163 27.0388 -34.3951 -0.0794845 -0.995449 0.0525357
34.6822 27.018 -33.7293 -0.0862525 -0.995007 0.0502247
35.3298 26.9963 -33.0467 -0.0863178 -0.995079 0.048622
36.0044 26.9687 -32.3161 -0.0922369 -0.994617 0.0472156
36.5819 26.9475 -31.6083 -0.0977693 -0.994269 0.0431908
37.1312 26.9259 -30.8182 -0.0981987 -0.994316 0.0411409
37.8458 26.8902 -29.8266 -0.108831 -0.993393 0.0364058
38.4961 26.8449 -29.0835 -0.113249 -0.993157 0.0283105
39.4195 26.7661 -28.0021 -0.116792 -0.992828 0.0254893
39.4216 26.7659 -27.9993 -0.118947 -0.992632 0.0229927
40.1705 26.6663 -28.4777 -0.117406 -0.992817 0.0230326
40.8603 26.5996 -27.5627 -0.133013 -0.990982 0.0161668
41.5978 26.5172 -26.5494 -0.137461 -0.990388 0.0145846
42.3825 26.4147 -25.4908 -0.145053 -0.989415 0.00250237
43.0785 26.3116 -24.4292 -0.147999 -0.988985 0.00196575
43.5284 26.2375 -23.5316 -0.162483 -0.986693 -0.00609971
43.8662 26.1761 -22.5985 -0.163269 -0.986572 -0.00347933
44.2075 26.1114 -21.7623 -0.178208 -0.983951 -0.00905667
44.8103 25.988 -20.6181 -0.179633 -0.983599 -0.016261
45.2732 25.8679 -19.4624 -0.194157 -0.980322 -0.0350357
45.6971 25.7474 -18.6141 -0.200002 -0.979199 -0.0335489
46.1107 25.6159 -17.5795 -0.222778 -0.973938 -0.0426063
46.5035 25.489 -16.759 -0.230716 -0.971833 -0.047341
47.028 25.2985 -15.479 -0.236965 -0.970555 -0.0432447
47.4959 25.1167 -14.3881 -0.271279 -0.960841 -0.0565007
47.9226 24.9275 -13.2355 -0.271759 -0.960633 -0.0577215
48.3237 24.7371 -12.0225 -0.275248 -0.959293 -0.0632106
49.1759 24.3693 -10.8352 -0.317976 -0.943279 -0.094134
50.5535 23.815 -10.2051 -0.350911 -0.931789 -0.0928979
51.7577 23.2908 -9.90511 -0.397432 -0.908153 -0.131018
52.6752 22.8311 -9.65358 -0.442856 -0.882116 -0.160466
53.5904 22.3075 -9.31587 -0.45628 -0.8758 -0.157428
54.3931 21.7622 -8.60512 -0.466622 -0.870451 -0.156297
54.8758 21.3781 -7.9401 -0.473411 -0.867988 -0.149929
55.4389 20.9154 -6.95931 -0.467935 -0.874271 -0.129181
55.791 20.6025 -6.13913 -0.480287 -0.868764 -0.120506
56.1513 20.2798 -5.19478 -0.479289 -0.870994 -0.10794
56.3655 20.022 -3.99271 -0.487202 -0.867687 -0.0983953
56.5611 19.8037 -2.92068 -0.488412 -0.869786 -0.0701827
56.7391 19.6399 -1.85982 -0.501119 -0.864781 -0.0321514
56.8517 19.5449 -0.852371 -0.49552 -0.868417 -0.0176072
56.8309 19.5398 0.0470619 -0.492351 -0.8703 -0.0109336
56.7597 19.5969 1.02827 -0.496014 -0.867982 0.0240304
56.6224 19.7304 2.20492 -0.491341 -0.869176 0.0558263
56.4979 19.8923 3.32442 -0.485041 -0.869748 0.0909571
56.2515 20.2171 4.92661 -0.488014 -0.866398 0.10581
55.9944 20.4868 5.87987 -0.487309 -0.863884 0.127415
55.7018 20.7718 6.688 -0.485565 -0.863873 0.133929
55.132 21.2282 7.5976 -0.475365 -0.869178 0.136228
54.3665 21.7953 8.59615 -0.454259 -0.877792 0.151294
53.6199 22.287 9.1943 -0.4244 -0.893352 0.147672
52.4697 22.9126 9.65382 -0.419363 -0.897382 0.136491
51.6261 23.3183 9.82476 -0.400351 -0.906524 0.133579
50.6353 23.7551 10.0272 -0.365571 -0.922814 0.121541
49.8546 24.0896 10.3238 -0.335503 -0.93591 0.107285
49.1086 24.4108 10.789 -0.329303 -0.939247 0.095423
48.464 24.7218 11.663 -0.310893 -0.944217 0.108628
47.97 24.99 13.0374 -0.273782 -0.957777 0.0876778
47.5595 25.196 14.1605 -0.250859 -0.964866 0.0781136
47.1839 25.3641 15.039 -0.242407 -0.967403 0.0725889
46.6387 25.5737 16.1882 -0.233729 -0.970156 0.0645576
46.1416 25.7635 17.3769 -0.215382 -0.974505 0.0628555
45.685 25.925 18.4692 -0.192162 -0.980166 0.0484572
45.3764 26.0353 19.4619 -0.192271 -0.980067 0.0499982
44.97 26.1555 20.3438 -0.186249 -0.981492 0.0445546
44.5099 26.2763 21.3165 -0.166774 -0.985284 0.0367256
44.1103 26.3803 22.1592 -0.164366 -0.985432 0.0436693
43.5758 26.4973 23.2764 -0.152222 -0.987895 0.0298546
43.0866 26.5932 24.1453 -0.147708 -0.988755 0.0233597
42.4305 26.7109 25.1077 -0.140187 -0.989947 0.018784
41.9114 26.7987 25.8856 -0.134495 -0.990756 0.0167087
41.1246 26.9127 27.0289 -0.123127 -0.99234 0.00924341
40.4386 27.0023 27.8496 -0.113567 -0.993491 0.0061683
39.5867 27.1009 28.7515 -0.108171 -0.994096 0.00850404
38.8179 27.1811 29.9173 -0.101256 -0.994855 -0.00336867
38.2188 27.2334 30.7405 -0.0921033 -0.995749 -0.000803227
37.3468 27.3057 31.7848 -0.0807026 -0.996698 -0.00883749
36.6267 27.3537 32.605 -0.0775369 -0.996908 -0.012743
35.9335 27.3916 33.4152 -0.0698077 -0.997379 -0.0190184
35.2945 27.4216 34.1859 -0.069784 -0.99738 -0.0190532
34.5275 27.4595 34.9038 -0.0665947 -0.997592 -0.0193951
33.7151 27.4983 35.5733 -0.0612192 -0.997886 -0.0218074
32.943 27.5321 36.1966 -0.0584037 -0.998027 -0.0228438
31.878 27.5714 37.003 -0.0553453 -0.998152 -0.0250752
30.9636 27.5979 37.6061 -0.0469867 -0.998513 -0.0276467
30.2711 27.6103 38.1808 -0.0415192 -0.998638 -0.0315955
29.4756 27.6217 38.8545 -0.0407678 -0.998609 -0.0334456
28.5967 27.6367 39.4721 -0.0398332 -0.998652 -0.0332636
27.7563 27.6495 39.9983 -0.0372896 -0.998581 -0.038016
26.8391 27.6509 40.7486 -0.0330107 -0.998693 -0.0390311
25.9288 27.6524 41.4345 -0.0303005 -0.998811 -0.0382028
24.998 27.6599 41.9594 -0.0281542 -0.998882 -0.0379608
23.9654 27.672 42.4217 -0.0275015 -0.998918 -0.0374879
22.9703 27.6782 42.8585 -0.0229887 -0.998837 -0.0423918
22.1418 27.6811 43.2269 -0.0210117 -0.998778 -0.0447374
21.1479 27.6838 43.6349 -0.0210279 -0.998781 -0.0446522
20.1379 27.682 44.069 -0.0173404 -0.998768 -0.0464884
19.2741 27.677 44.485 -0.0166793 -0.998742 -0.0472944
18.2343 27.6763 44.841 -0.0122238 -0.998631 -0.0508593
17.1692 27.6649 45.3387 -0.0142705 -0.998519 -0.0524909
16.1505 27.6587 45.7105 -0.0126843 -0.998491 -0.0534343
14.9313 27.6478 46.1728 -0.0114039 -0.998457 -0.054352
13.6807 27.6389 46.5746 -0.010435 -0.998483 -0.0540538
12.6293 27.633 46.8739 -0.0100512 -0.998433 -0.0550574
11.3294 27.6324 47.0604 -0.0059185 -0.99831 -0.0577808
10.2404 27.6267 47.2356 -0.00493969 -0.998236 -0.0591555
8.93875 27.6223 47.4147 -0.00431561 -0.998192 -0.0599449
7.97998 27.6221 47.5044 -0.00533198 -0.998281 -0.0583719
6.88773 27.6203 47.6224 -0.00440138 -0.998223 -0.0594246
5.69092 27.6119 47.7703 -0.000541762 -0.998367 -0.0571264
4.56005 27.6056 47.9167 -0.000421954 -0.998355 -0.0573115
3.20531 27.5925 48.1437 -8.04033e-05 -0.998473 -0.0552428
2.29674 27.5847 48.2767 0.000513514 -0.998486 -0.0550052
0.989741 27.5768 48.3176 0.00666302 -0.998323 -0.0574675
-0.0704764 27.5727 48.2305 0.010226 -0.998358 -0.0563613
-0.973519 27.567 48.1678 0.00967424 -0.998333 -0.0568968
-1.92305 27.5601 48.12 0.0112988 -0.998259 -0.0578921
-3.21181 27.5511 47.9994 0.0134917 -0.998136 -0.0595253
-4.28257 27.5463 47.8404 0.0130937 -0.998134 -0.0596409
-5.24786 27.5425 47.6928 0.0141958 -0.998108 -0.0598222
-6.14545 27.5345 47.5869 0.0158175 -0.998151 -0.0586932
-7.24805 27.5316 47.3401 0.0156924 -0.998136 -0.0589832
-8.5952 27.5228 47.1118 0.0171308 -0.998161 -0.0581495
-9.63534 27.5127 46.9724 0.0187232 -0.998171 -0.0574782
-10.6176 27.5018 46.8337 0.020301 -0.998173 -0.0568928
-11.6866 27.4887 46.6495 0.0223279 -0.998145 -0.0566361
-12.9461 27.4741 46.3302 0.0272654 -0.998035 -0.0563898
-13.9782 27.4698 45.8979 0.0277196 -0.998034 -0.0562119
-15.4283 27.4545 45.418 0.0305684 -0.998082 -0.0538214
-16.5401 27.4454 44.9361 0.0317084 -0.998077 -0.0532639
-17.3802 27.4344 44.5833 0.0369138 -0.997929 -0.0526738
-18.3135 27.421 44.177 0.0379357 -0.997914 -0.0522401
-19.3285 27.4057 43.7059 0.0426187 -0.997772 -0.0513279
-20.4102 27.3809 43.2833 0.0432426 -0.997788 -0.0504837
-21.5416 27.3528 42.8668 0.0439652 -0.997805 -0.0495104
-22.7235 27.321 42.3623 0.0492653 -0.997571 -0.0492406
-23.7325 27.3022 41.7457 0.0510264 -0.997401 -0.0508608
-24.9344 27.2788 40.9563 0.0529551 -0.997493 -0.0469332
-25.7506 27.2563 40.5074 0.0533941 -0.99749 -0.0465012
-26.5202 27.2374 39.9494 0.059512 -0.997252 -0.0440834
-27.2287 27.2203 39.3273 0.063616 -0.997013 -0.0437949
-27.9284 27.2055 38.6716 0.0635653 -0.996931 -0.0456977
-28.9098 27.1714 37.9944 0.0667788 -0.996766 -0.0447011
-29.7425 27.1413 37.3452 0.0717079 -0.996465 -0.0437589
-30.5842 27.1079 36.7464 0.0697504 -0.996576 -0.0444037
-31.6479 27.072 35.8544 0.0709673 -0.996542 -0.0432202
-32.8118 27.0244 34.9231 0.0745155 -0.996512 -0.0375757
-33.6361 26.9884 34.234 0.0791168 -0.996228 -0.0354029
-34.4344 26.9547 33.2851 0.0834166 -0.995952 -0.0334707
-35.2521 26.9192 32.1537 0.0885282 -0.995591 -0.030996
-35.9702 26.8755 31.4389 0.0906387 -0.995487 -0.0281057
-36.6766 26.8317 30.6984 0.0950204 -0.9951 -0.027212
-37.3291 26.7958 29.6161 0.0968126 -0.99498 -0.0253408
-38.0709 26.7479 28.5629 0.0985469 -0.99482 -0.0249164
-38.7057 26.6957 27.8027 0.105974 -0.994214 -0.0175546
-39.4286 26.6344 26.856 0.110257 -0.993791 -0.0145927
-40.0626 26.5735 26.0486 0.114975 -0.993293 -0.0119513
-40.7612 26.5002 25.1216 0.118832 -0.992881 -0.0079328
-41.3187 26.4381 24.2981 0.120139 -0.992739 -0.00600947
-41.7388 26.389 23.5049 0.124217 -0.992247 -0.00312395
-42.1328 26.3435 22.6403 0.127352 -0.991849 -0.00273045
-42.5741 26.2864 21.5761 0.129722 -0.991547 -0.00190916
-42.9955 26.23 20.6905 0.139272 -0.990253 0.00119841
-43.4619 26.1602 19.4195 0.140632 -0.99005 0.00493739
-43.7308 26.1155 18.5507 0.146773 -0.989057 0.0144138
-44.4313 25.9873 17.263 0.158428 -0.987154 0.0190069
-44.8076 25.9063 16.4514 0.16738 -0.985612 0.0235182
-45.2974 25.799 15.4395 0.169952 -0.985245 0.0196822
-45.7441 25.6907 14.2432 0.177907 -0.983772 0.0232627
-46.0184 25.6087 13.1351 0.181738 -0.982997 0.0259625
-46.3399 25.5128 11.9 0.19187 -0.981052 0.0268705
-46.614 25.4083 10.3913 0.204096 -0.978381 0.0328438
-46.7681 25.3418 9.4955 0.208819 -0.977288 0.0360768
-46.9855 25.2336 8.03057 0.217307 -0.9751 0.0442549
-47.1073 25.1725 7.11976 0.232805 -0.971511 0.0421061
-47.2828 25.0623 5.70004 0.24491 -0.968815 0.0376456
-47.4068 24.9928 4.4976 0.253358 -0.967014 0.0263361
-47.5177 24.936 3.40835 0.267001 -0.963411 0.0218262
-47.6954 24.8603 2.38401 0.273881 -0.961558 0.0194528
-47.8657 24.7981 1.18775 0.277928 -0.960581 0.00622729
-47.9383 24.7722 0.262125 0.277672 -0.960664 0.00476132
-47.9605 24.7716 -0.924997 0.270645 -0.962624 -0.010329
-47.7861 24.8388 -2.06139 0.268471 -0.963014 -0.0229524
-47.5803 24.9249 -3.27343 0.263656 -0.96408 -0.0307659
-47.4685 24.9967 -4.47368 0.248624 -0.967953 -0.03461
-47.3355 25.0709 -5.41433 0.24241 -0.969429 -0.0376135
-47.105 25.1864 -6.83252 0.234604 -0.971051 -0.0449585
-46.9094 25.2772 -8.06427 0.214485 -0.975785 -0.0428872
-46.7865 25.3484 -9.05195 0.209132 -0.976868 -0.0446175
-46.6314 25.4293 -10.2956 0.197995 -0.979467 -0.0379862
-46.4704 25.5019 -11.2794 0.192074 -0.98069 -0.0360735
-46.2528 25.5838 -12.527 0.183305 -0.982491 -0.0331779
-45.9353 25.6738 -13.5224 0.18069 -0.983073 -0.0302933
-45.5709 25.7649 -14.3628 0.172404 -0.984743 -0.0236179
-45.0802 25.878 -15.4623 0.169015 -0.985376 -0.0211258
-44.6228 25.983 -16.6916 0.159079 -0.98707 -0.0175177
-44.2454 26.0558 -17.5145 0.152266 -0.988151 -0.0192971
-43.9037 26.1232 -18.5336 0.143702 -0.9895 -0.0145599
-43.4286 26.2127 -19.8234 0.135481 -0.990671 -0.0139048
-43.0153 26.2771 -20.6221 0.131135 -0.9913 -0.0112977
-42.438 26.3611 -21.8702 0.122511 -0.992455 -0.0048297
-41.9389 26.4285 -23.1549 0.117284 -0.993092 -0.00350197
-41.2704 26.5073 -24.4392 0.112646 -0.993635 0.00103046
-40.6668 26.573 -25.3813 0.108363 -0.994101 0.00465561
-40.0383 26.6361 -26.3138 0.107913 -0.994128 0.00803103
-39.4279 26.6928 -27.1295 0.0989274 -0.995051 0.00882713
-38.6958 26.7605 -28.015 0.0956242 -0.99538 0.00764183
-37.9945 26.8156 -28.8891 0.0920953 -0.995678 0.0119562
-37.4209 26.8562 -29.6749 0.0877341 -0.996074 0.0118429
-36.6874 26.904 -30.6773 0.0817791 -0.996536 0.0150173
-36.0826 26.9356 -31.4533 0.077462 -0.99678 0.020717
-35.3255 26.9772 -32.2411 0.0758463 -0.996944 0.0187149
-34.5195 27.0166 -33.2477 0.0706871 -0.997269 0.0213584
-33.7008 27.0538 -34.2035 0.0664146 -0.997599 0.0195165
-32.9724 27.0846 -34.9906 0.0655106 -0.997618 0.021591
-32.2212 27.1181 -35.65 0.0638527 -0.997682 0.0234994
-31.2869 27.1585 -36.2878 0.060266 -0.997758 0.029091
-30.3436 27.1924 -36.9781 0.0573835 -0.997802 0.0331264
-29.5338 27.2173 -37.6523 0.0588507 -0.997682 0.0341741
-28.7497 27.2397 -38.2638 0.0532628 -0.997819 0.0390025
-27.9043 27.2623 -38.8224 0.0523339 -0.997843 0.0396245
-26.8078 27.2866 -39.5343 0.0439131 -0.998211 0.0405696
-26.0802 27.2947 -40.1182 0.0432921 -0.998193 0.0416676
-25.1791 27.3005 -40.8903 0.042258 -0.998184 0.0429319
-24.1766 27.3125 -41.5758 0.040303 -0.99823 0.0437438
-23.2155 27.33 -42.0791 0.0389301 -0.998371 0.0416996
-22.0393 27.3478 -42.668 0.0349966 -0.998429 0.0437625
-20.9778 27.3614 -43.166 0.0322746 -0.998403 0.0463701
-19.9749 27.375 -43.5706 0.0309494 -0.998382 0.0476688
-18.6358 27.3887 -44.1056 0.0274982 -0.998426 0.0488335
-17.6627 27.3963 -44.4365 0.0244164 -0.998459 0.0498348
-16.6004 27.3972 -44.9061 0.0219988 -0.99825 0.0548929
-15.6142 27.3914 -45.3716 0.0170364 -0.998204 0.0574155
-14.4349 27.3791 -45.9085 0.0162224 -0.998119 0.0591265
-13.3773 27.3694 -46.3695 0.0165898 -0.998175 0.058072
-12.2952 27.3641 -46.7331 0.0133074 -0.998072 0.0606175
-10.8008 27.3619 -47.0671 0.011279 -0.997986 0.0624274
-9.34573 27.3625 -47.3032 0.00988725 -0.997936 0.0634456
-7.90616 27.3661 -47.4589 0.00725144 -0.99776 0.0664954
-6.65025 27.3653 -47.607 0.0073952 -0.997544 0.0696329
-5.75475 27.3633 -47.7127 0.00598279 -0.997572 0.0693791
-4.35974 27.3578 -47.9142 0.00583251 -0.997502 0.0704032
-3.3106 27.3537 -48.038 0.00419722 -0.997573 0.0695057
-2.21955 27.3499 -48.1493 0.00227865 -0.997636 0.0686742
-1.22789 27.3407 -48.3033 0.00148505 -0.997672 0.0681806
-0.193879 27.3323 -48.4276 -0.000300527 -0.997616 0.0690068
0.821961 27.324 -48.4829 -0.00489445 -0.997297 0.0733172
1.82382 27.3188 -48.4804 -0.00597339 -0.99725 0.0738639
3.23292 27.3237 -48.2639 -0.0106206 -0.997221 0.0737339
4.32628 27.3293 -48.0098 -0.0137606 -0.997319 0.0718675
5.38377 27.3205 -47.9268 -0.0138745 -0.997302 0.072086
6.55535 27.3082 -47.8364 -0.0174322 -0.997089 0.0742262
7.82298 27.2953 -47.6787 -0.0211711 -0.997008 0.0743443
8.98768 27.2833 -47.508 -0.0216706 -0.996971 0.0746921
9.90117 27.2714 -47.3955 -0.0222093 -0.996935 0.0750132
11.1498 27.2533 -47.2577 -0.0241874 -0.99681 0.0760628
12.4535 27.2382 -47.0461 -0.0235642 -0.996789 0.0765252
13.3887 27.2318 -46.8408 -0.0242919 -0.996804 0.076103
14.5127 27.2267 -46.528 -0.0281315 -0.996738 0.0756169
15.4282 27.2203 -46.2487 -0.0297409 -0.996752 0.0748427
16.7293 27.2173 -45.7504 -0.0336675 -0.996652 0.074459
17.9303 27.2141 -45.2211 -0.0337231 -0.996848 0.0718063
18.9838 27.2075 -44.7343 -0.0382022 -0.996759 0.0707733
20.013 27.1976 -44.3131 -0.0398317 -0.996565 0.0726008
21.2271 27.1807 -43.8665 -0.0442544 -0.996398 0.0722722
22.06 27.1683 -43.5016 -0.0470939 -0.99619 0.0733954
23.3279 27.1496 -42.9408 -0.0470766 -0.996174 0.0736252
24.4744 27.1327 -42.4115 -0.0498789 -0.995897 0.0755044
25.3591 27.1236 -41.9565 -0.0496952 -0.996098 0.0728794
26.167 27.1172 -41.4523 -0.0530598 -0.996176 0.0694169
27.0955 27.1088 -40.8679 -0.0541329 -0.996042 0.0704758
28.0984 27.1059 -40.1125 -0.0568238 -0.996079 0.067749
28.944 27.0976 -39.4743 -0.0594577 -0.996111 0.0650153
29.8562 27.084 -38.8076 -0.0644697 -0.995932 0.0629579
30.5757 27.0717 -38.2657 -0.0655934 -0.995988 0.0608151
31.4829 27.0573 -37.4732 -0.0678936 -0.995905 0.0597032
32.2337 27.0362 -36.921 -0.0712751 -0.995769 0.0579974
33.0635 27.0075 -36.3663 -0.0747547 -0.995596 0.0565668
33.8869 26.9801 -35.7376 -0.082771 -0.995244 0.0513373
34.7153 26.9489 -35.0233 -0.0829402 -0.995153 0.0528303
35.7736 26.9159 -33.8986 -0.08873 -0.994899 0.047814
36.5017 26.8842 -33.1244 -0.0922741 -0.99464 0.0466513
37.0895 26.8598 -32.441 -0.0973948 -0.994214 0.0452991
37.8269 26.8333 -31.3979 -0.10119 -0.994051 0.0401566
38.3176 26.8123 -30.6257 -0.104908 -0.993811 0.0364001
39.2147 26.7479 -29.6328 -0.110001 -0.993398 0.0325482
39.8768 26.6923 -28.8513 -0.117406 -0.992817 0.0230314
40.3921 26.616 -29.6179 -0.113665 -0.993311 0.0203357
41.3798 26.5229 -28.313 -0.124942 -0.992055 0.0139839
41.9602 26.4568 -27.5601 -0.129834 -0.991493 0.00796867
42.7578 26.356 -26.4991 -0.134211 -0.990927 0.00708259
43.3372 26.2723 -25.7499 -0.146836 -0.989161 0.000350606
44.1539 26.1468 -24.3104 -0.152444 -0.988283 -0.00655848
44.581 26.0713 -23.3631 -0.15204 -0.988322 -0.0101963
44.8591 26.0119 -22.5009 -0.162353 -0.986536 -0.019372
45.3748 25.9036 -21.5004 -0.164958 -0.985998 -0.0242372
45.9745 25.7542 -20.223 -0.187405 -0.98197 -0.024801
46.386 25.6339 -19.2491 -0.197963 -0.979388 -0.0401327
46.737 25.5137 -18.4244 -0.217026 -0.975087 -0.0458773
47.1421 25.3751 -17.5052 -0.232095 -0.971017 -0.0570578
47.5838 25.2186 -16.6089 -0.242838 -0.96828 -0.0576312
47.9123 25.079 -15.7345 -0.263123 -0.963479 -0.0497506
48.2581 24.9386 -14.9217 -0.26655 -0.961834 -0.0618597
48.6231 24.7644 -13.8691 -0.276109 -0.95915 -0.0613999
49.0439 24.5503 -12.4063 -0.282273 -0.957295 -0.0625138
49.8329 24.2187 -11.4049 -0.311804 -0.944001 -0.107881
51.1519 23.6983 -10.9888 -0.34816 -0.926932 -0.139935
52.2459 23.2086 -10.7173 -0.388012 -0.910045 -0.145828
53.267 22.668 -10.41 -0.446717 -0.88139 -0.153608
54.0413 22.2325 -10.1796 -0.452964 -0.876471 -0.163165
54.8728 21.6424 -9.39323 -0.475419 -0.86435 -0.163905
55.5021 21.1463 -8.57993 -0.474634 -0.866427 -0.154895
56.2105 20.5622 -7.43047 -0.475998 -0.868504 -0.137957
56.5897 20.2359 -6.6314 -0.477497 -0.869385 -0.127149
56.9828 19.8637 -5.52544 -0.47525 -0.872336 -0.114521
57.1303 19.6576 -4.5298 -0.480931 -0.869632 -0.111504
57.2994 19.4345 -3.45135 -0.479352 -0.873326 -0.0850951
57.4793 19.2542 -2.35398 -0.479383 -0.875547 -0.0600791
57.6016 19.1262 -1.30872 -0.499064 -0.866366 -0.0185862
57.6368 19.0916 -0.231714 -0.485324 -0.87432 -0.00466084
57.6319 19.0896 0.71171 -0.488483 -0.872349 0.0154083
57.5325 19.2054 2.02632 -0.490145 -0.869885 0.0552949
57.3308 19.4106 3.20396 -0.502168 -0.860718 0.0836188
57.2385 19.5986 4.45147 -0.493948 -0.863452 0.102291
56.9644 19.8744 5.44149 -0.491936 -0.863022 0.114287
56.7727 20.1262 6.38678 -0.484685 -0.864893 0.130539
56.428 20.4608 7.30616 -0.486446 -0.862852 0.13732
55.9207 20.8696 8.02201 -0.471585 -0.866809 0.161836
55.2446 21.4033 8.94062 -0.46134 -0.871371 0.16686
54.5166 21.9279 9.70994 -0.455889 -0.873544 0.170386
53.6393 22.4616 10.2346 -0.418341 -0.891119 0.17578
52.3033 23.1309 10.6132 -0.396529 -0.906091 0.147046
51.2307 23.631 10.822 -0.367253 -0.920432 0.133782
50.0966 24.1156 11.1773 -0.335665 -0.933087 0.128914
49.402 24.4303 11.7516 -0.297193 -0.948169 0.112479
49.0347 24.6453 12.6677 -0.283993 -0.954579 0.090149
48.7329 24.826 13.6276 -0.280658 -0.955343 0.0924609
48.4554 24.9828 14.4795 -0.267458 -0.959435 0.08917
48.0783 25.1507 15.3289 -0.253918 -0.963455 0.084632
47.5955 25.3539 16.2267 -0.225986 -0.97117 0.0758907
47.2984 25.5033 17.2834 -0.220151 -0.972547 0.075408
46.8135 25.6865 18.3161 -0.204839 -0.976885 0.0604748
46.3094 25.8598 19.4964 -0.189445 -0.979901 0.0620516
45.8599 26.0005 20.5133 -0.177976 -0.982911 0.0470091
45.3118 26.1562 21.5879 -0.167416 -0.984581 0.0499362
44.9191 26.2644 22.5685 -0.161339 -0.985978 0.0425902
44.3021 26.4043 23.7549 -0.147142 -0.988427 0.0368881
43.8819 26.4879 24.5713 -0.143729 -0.989281 0.0257711
43.3958 26.5787 25.3646 -0.143027 -0.989387 0.0256197
42.6684 26.7036 26.327 -0.134964 -0.99059 0.0227113
42.1153 26.7941 27.151 -0.127246 -0.991692 0.017697
41.5197 26.8777 28.0013 -0.114421 -0.993373 0.0108383
40.7706 26.974 28.8142 -0.110112 -0.993843 0.0114457
40.0979 27.054 29.6354 -0.101351 -0.994814 0.00525009
39.1372 27.1504 30.9907 -0.092226 -0.995724 0.00345992
38.5375 27.2051 31.762 -0.0885379 -0.996071 7.92646e-05
37.8331 27.2599 32.6388 -0.0746212 -0.997192 -0.0063483
37.0469 27.3089 33.5471 -0.0776148 -0.996899 -0.0129603
36.5577 27.3279 34.4675 -0.0697958 -0.99738 -0.0190358
35.4464 27.3928 35.3221 -0.066545 -0.997682 -0.0137231
34.4158 27.4448 36.1491 -0.0607762 -0.99799 -0.0177879
33.6986 27.4757 36.7411 -0.0584649 -0.998119 -0.0184522
32.6984 27.5146 37.5446 -0.0509687 -0.998496 -0.0202029
31.8406 27.542 38.128 -0.0473007 -0.998486 -0.0280772
31.0892 27.5586 38.7232 -0.0433048 -0.998516 -0.03301
30.3401 27.5675 39.4022 -0.0411206 -0.998582 -0.0338074
29.5777 27.5813 39.9228 -0.0411939 -0.99858 -0.0337799
28.7571 27.5966 40.4444 -0.0379401 -0.998644 -0.0355528
27.9338 27.6047 41.0379 -0.0336889 -0.998802 -0.0353992
26.6806 27.6083 42.0135 -0.0303693 -0.998852 -0.0370411
25.2491 27.6233 42.8301 -0.0288747 -0.999042 -0.0327612
23.9768 27.6339 43.4102 -0.0215675 -0.999025 -0.0385219
22.6447 27.6374 43.9968 -0.0192246 -0.998877 -0.0432901
21.7683 27.6375 44.3978 -0.0194616 -0.998821 -0.0444483
20.7405 27.6375 44.798 -0.0168658 -0.998785 -0.0463102
19.6002 27.6281 45.3946 -0.0166997 -0.998663 -0.0489207
18.5584 27.6276 45.7226 -0.0121474 -0.998646 -0.0505763
17.2377 27.6123 46.297 -0.0119255 -0.998486 -0.0536602
16.2273 27.6047 46.6852 -0.0123227 -0.998412 -0.0549591
15.3298 27.5938 47.0769 -0.0118921 -0.998413 -0.0550485
14.1547 27.5862 47.4643 -0.0105804 -0.998509 -0.0535495
13.2763 27.5819 47.6964 -0.00861497 -0.998457 -0.0548489
11.9745 27.5829 47.8596 -0.00726021 -0.998446 -0.0552446
10.6233 27.577 48.0395 -0.0043628 -0.998192 -0.0599449
9.70492 27.572 48.1858 -0.00437364 -0.998171 -0.0602914
8.78306 27.5679 48.3326 -0.00613571 -0.998169 -0.0601734
7.84844 27.5708 48.4005 -0.00587867 -0.998305 -0.0578698
6.57651 27.5646 48.5747 -0.00140484 -0.998241 -0.0592667
5.33052 27.5568 48.7431 -0.00228559 -0.998383 -0.0567904
4.19554 27.5497 48.9038 -0.00155575 -0.998462 -0.0554128
3.2673 27.5418 49.0575 0.000447444 -0.998397 -0.0565726
2.213 27.5311 49.1879 0.0038839 -0.998353 -0.0572307
1.07966 27.5234 49.2365 0.00495506 -0.998353 -0.0571476
0.0741801 27.5199 49.1818 0.00978246 -0.998264 -0.0580731
-1.00696 27.5143 49.0846 0.0109638 -0.998252 -0.058067
-2.05487 27.5063 49.0079 0.012225 -0.998221 -0.0583631
-3.1366 27.4989 48.8882 0.013968 -0.998068 -0.0605418
-4.46353 27.4921 48.7059 0.0131104 -0.99811 -0.0600324
-5.53573 27.4834 48.6067 0.0151803 -0.998097 -0.0597651
-6.42215 27.4794 48.4426 0.0159488 -0.998067 -0.0600656
-7.56183 27.4745 48.2246 0.0156051 -0.998144 -0.0588657
-8.62425 27.4674 48.0506 0.016936 -0.998136 -0.0586253
-9.97401 27.4574 47.8612 0.015987 -0.998311 -0.0557458
-11.177 27.4441 47.6735 0.02126 -0.998351 -0.0533127
-12.4772 27.4216 47.4701 0.029329 -0.997974 -0.0564398
-13.3775 27.4091 47.2501 0.0271682 -0.997965 -0.0576808
-14.1848 27.4104 46.8462 0.0292171 -0.997802 -0.0594194
-15.1279 27.4039 46.4753 0.0301608 -0.997823 -0.0586434
-16.0018 27.3965 46.175 0.0292063 -0.998041 -0.055222
-16.8172 27.3918 45.789 0.0305441 -0.998168 -0.05223
-17.9629 27.3755 45.3292 0.0364938 -0.998214 -0.0473009
-18.7939 27.36 44.9708 0.039891 -0.997703 -0.0547517
-19.744 27.3454 44.521 0.0431721 -0.997686 -0.0525193
-20.8665 27.3225 44.0729 0.0407749 -0.997896 -0.0503289
-21.7296 27.3023 43.7309 0.0451795 -0.997784 -0.0487691
-22.5826 27.2773 43.4055 0.0487413 -0.997656 -0.0480384
-24.0665 27.2399 42.6428 0.0509222 -0.997493 -0.049123
-25.0636 27.2235 41.9597 0.0487792 -0.997572 -0.0496789
-25.9445 27.2021 41.4303 0.0539328 -0.99742 -0.0473745
-26.6896 27.1837 40.9458 0.0577032 -0.997412 -0.0428931
-27.5975 27.157 40.2417 0.0641676 -0.997025 -0.0426977
-28.2949 27.141 39.5909 0.0630939 -0.997014 -0.0445157
-29.1243 27.1146 38.9717 0.0649859 -0.996966 -0.0428438
-30.2781 27.0686 38.1048 0.0724967 -0.996352 -0.0450146
-31.2146 27.0306 37.4696 0.0707954 -0.996389 -0.0468764
-32.2253 26.9995 36.6196 0.0667652 -0.996921 -0.0411251
-33.1061 26.9693 35.8839 0.0708227 -0.996802 -0.0369
-34.3866 26.9121 34.7594 0.0778258 -0.996464 -0.0315973
-34.9966 26.8842 34.0767 0.0813391 -0.996258 -0.0290956
-35.5432 26.8609 33.2699 0.0843286 -0.996071 -0.027043
-36.1704 26.8288 32.4535 0.0935617 -0.995289 -0.0253906
-36.9757 26.7737 31.726 0.093209 -0.995223 -0.0290345
-37.569 26.7364 31.0302 0.096832 -0.994977 -0.0253898
-38.1022 26.7075 30.1033 0.100347 -0.994684 -0.022974
-38.6369 26.6738 29.2621 0.10087 -0.994599 -0.0244687
-39.3516 26.6161 28.5887 0.102545 -0.99445 -0.0235323
-39.8673 26.5748 27.82 0.106607 -0.994225 -0.0113085
-40.5347 26.5089 27.0167 0.111277 -0.993739 -0.00982959
-41.2417 26.4359 25.9949 0.114515 -0.993406 -0.00564504
-42.0565 26.3444 24.9673 0.120586 -0.992685 -0.00594181
-42.591 26.2831 23.9209 0.122723 -0.99244 -0.00107448
-42.9804 26.2314 22.8881 0.132937 -0.991123 0.000237421
-43.5861 26.1496 21.4165 0.136703 -0.990609 0.00204077
-43.9969 26.0903 20.6129 0.139451 -0.990214 0.00457763
-44.4608 26.0164 19.2796 0.14274 -0.989749 0.00479997
-44.8698 25.9414 18.343 0.152195 -0.988037 0.023725
-45.4702 25.8133 17.2072 0.165391 -0.985811 0.0277385
-45.8662 25.7205 16.2904 0.172186 -0.984777 0.0238091
-46.3121 25.6198 15.4074 0.173618 -0.98442 0.0278324
-46.6751 25.5223 14.3002 0.180807 -0.982935 0.0336112
-47.0274 25.428 13.3966 0.184783 -0.982264 0.0317688
-47.2379 25.3413 12.1541 0.198083 -0.979458 0.0376485
-47.4353 25.2537 10.8677 0.201757 -0.9787 0.0379576
-47.6058 25.1771 9.80159 0.207618 -0.977307 0.0414374
-47.8039 25.0658 8.31749 0.213544 -0.975913 0.0446397
-47.9184 24.9826 7.38205 0.240453 -0.968994 0.0565279
-48.0584 24.8978 6.43813 0.246649 -0.967521 0.0550976
-48.1967 24.8004 5.22009 0.266554 -0.96294 0.0411791
-48.3762 24.7115 4.06665 0.271187 -0.962132 0.0275513
-48.5728 24.6198 2.79356 0.280335 -0.95926 0.0332426
-48.7323 24.5455 1.72272 0.300391 -0.953636 0.0185363
-48.8085 24.5165 0.422697 0.287356 -0.957808 0.00559146
-48.8141 24.5169 -1.10828 0.296162 -0.955102 -0.00826378
-48.6786 24.5798 -2.01796 0.285912 -0.957974 -0.023122
-48.4803 24.6714 -3.13976 0.275444 -0.960316 -0.0433869
-48.337 24.7723 -4.55703 0.26464 -0.963395 -0.0425589
-48.1988 24.8471 -5.49039 0.253246 -0.965736 -0.0539193
-47.9889 24.9777 -6.89966 0.230712 -0.971954 -0.0455757
-47.8052 25.0887 -8.16863 0.215807 -0.975161 -0.0492975
-47.7981 25.1385 -9.19861 0.209133 -0.976868 -0.044618
-47.5794 25.2252 -10.0959 0.20531 -0.977543 -0.0472196
-47.4654 25.2956 -11.0456 0.190279 -0.980716 -0.0446163
-47.2698 25.3769 -11.9473 0.186005 -0.981532 -0.0433933
-47.1603 25.4352 -13.0604 0.180727 -0.982978 -0.0330572
-46.7296 25.5457 -14.0385 0.178893 -0.983419 -0.0297365
-46.3159 25.6534 -15.0694 0.179049 -0.983331 -0.0316401
-45.9284 25.7432 -15.8895 0.169148 -0.985179 -0.028376
-45.2835 25.8989 -17.4333 0.154502 -0.987494 -0.0292432
-44.9114 25.9733 -18.3644 0.146502 -0.989046 -0.0180244
-44.496 26.059 -19.5929 0.141033 -0.989804 -0.0194115
-44.0953 26.1297 -20.4763 0.137302 -0.990392 -0.0164671
-43.5785 26.2136 -21.5304 0.129129 -0.991552 -0.0122362
-43.1762 26.2756 -22.565 0.122765 -0.992405 -0.00777758
-42.7625 26.3337 -23.5435 0.114524 -0.993408 -0.00487525
-42.3243 26.3874 -24.4391 0.115076 -0.993357 0.000208011
-41.7135 26.4576 -25.5072 0.113989 -0.993479 -0.00131489
-41.0517 26.5258 -26.5649 0.108106 -0.994131 0.00415401
-40.0281 26.6277 -27.7491 0.10354 -0.994601 0.00655395
-39.0892 26.7153 -28.915 0.0957986 -0.995346 0.00841414
-38.3101 26.7736 -29.9542 0.0899153 -0.995865 0.0129579
-37.6449 26.8198 -30.9496 0.0863751 -0.996139 0.0153839
-36.9973 26.8584 -31.7822 0.0765474 -0.996859 0.0203371
-36.3338 26.8945 -32.5352 0.0768747 -0.996852 0.0193744
-35.6787 26.9296 -33.3116 0.0744814 -0.997018 0.0201821
-35.049 26.9641 -34.1255 0.0721414 -0.997256 0.0158343
-34.4444 26.9913 -34.8382 0.0654312 -0.997623 0.0215948
-33.5329 27.031 -35.7375 0.0660817 -0.99755 0.0229237
-32.7412 27.068 -36.3573 0.0636806 -0.997668 0.024489
-31.6706 27.1135 -37.1009 0.0583065 -0.99796 0.0259861
-30.7074 27.1432 -37.8275 0.0574788 -0.997792 0.0332782
-29.9893 27.1629 -38.4345 0.0592864 -0.997628 0.0349836
-29.2416 27.1834 -39.0195 0.054502 -0.99779 0.0379793
-28.3996 27.2077 -39.5841 0.0518965 -0.997962 0.0371315
-27.6481 27.2221 -40.1415 0.0475124 -0.997976 0.0422369
-26.7932 27.2387 -40.7433 0.0458464 -0.998204 0.0382237
-25.7975 27.2453 -41.5677 0.0415532 -0.998215 0.0429013
-24.8617 27.2565 -42.2242 0.0418605 -0.998197 0.0430277
-23.8936 27.2713 -42.8295 0.0410799 -0.998285 0.0416855
-23.049 27.2885 -43.1965 0.0343435 -0.998384 0.0452697
-21.585 27.3074 -43.8898 0.033376 -0.998308 0.0476198
-20.1422 27.3303 -44.4582 0.0316283 -0.998536 0.0436986
-18.5405 27.3434 -45.0877 0.0241515 -0.998538 0.0483579
-17.4341 27.3454 -45.525 0.01953 -0.998322 0.0544769
-16.1127 27.3387 -46.1271 0.0177572 -0.998127 0.0585245
-15.0654 27.3224 -46.651 0.0141504 -0.997789 0.0649137
-13.9379 27.3111 -47.1574 0.0214052 -0.997878 0.0614939
-12.9077 27.3105 -47.5134 0.0122008 -0.998486 0.0536333
-11.7793 27.3058 -47.7857 0.0090828 -0.998051 0.0616957
-10.7312 27.3051 -47.9868 0.0104178 -0.997914 0.0636967
-9.38275 27.3039 -48.2092 0.010213 -0.997825 0.065121
-8.43785 27.3004 -48.3814 0.00775803 -0.997752 0.0665641
-7.10855 27.3047 -48.4634 0.00671501 -0.997771 0.0663906
-5.81318 27.3014 -48.5993 0.0059429 -0.997583 0.0692337
-4.5783 27.2934 -48.8003 0.0062953 -0.997398 0.0718179
-3.51637 27.2863 -48.9919 0.00462264 -0.997569 0.0695308
-2.64131 27.2872 -49.0298 0.00504078 -0.997641 0.0684394
-1.67141 27.2818 -49.1619 0.00110893 -0.997738 0.0672207
-0.666834 27.2684 -49.346 -0.000636899 -0.997565 0.0697458
0.212905 27.2616 -49.3942 -0.00563862 -0.997407 0.071742
1.18197 27.2534 -49.4198 -0.00655212 -0.997286 0.0733338
2.60539 27.2536 -49.2915 -0.00759205 -0.997135 0.0752264
3.54469 27.2538 -49.1891 -0.0082484 -0.997534 0.0697017
4.42915 27.2601 -48.9779 -0.0136894 -0.997561 0.0684435
5.81173 27.2472 -48.8268 -0.0192943 -0.997072 0.0739624
7.44937 27.2323 -48.6305 -0.0199017 -0.996993 0.074875
8.38208 27.2226 -48.4949 -0.0215765 -0.996989 0.0744817
9.9949 27.2028 -48.2831 -0.0221836 -0.996965 0.0746298
10.8953 27.1859 -48.1926 -0.0260123 -0.996515 0.0792404
11.8934 27.1716 -48.0636 -0.0229933 -0.996593 0.0791794
12.7877 27.1652 -47.8954 -0.0235386 -0.99682 0.0761354
14.0209 27.1548 -47.6309 -0.0267405 -0.996642 0.0773878
15.1443 27.1447 -47.3689 -0.0288504 -0.996674 0.0762022
16.2309 27.1426 -46.9544 -0.0312032 -0.996741 0.0743885
17.2514 27.1484 -46.4675 -0.0311571 -0.996947 0.0715357
18.1074 27.143 -46.1347 -0.0380382 -0.996699 0.0715445
19.3126 27.1355 -45.5377 -0.042523 -0.996377 0.0736572
20.8341 27.1164 -44.9649 -0.040217 -0.996446 0.0740166
21.7381 27.1054 -44.6064 -0.0436124 -0.996545 0.0705582
22.6059 27.0881 -44.2742 -0.049986 -0.996512 0.0666697
23.6195 27.0628 -43.8798 -0.0508495 -0.995747 0.0768278
24.7703 27.0472 -43.338 -0.0503455 -0.9957 0.0777604
25.9696 27.0388 -42.6908 -0.0473302 -0.996131 0.074046
27.0736 27.0338 -41.9603 -0.0527293 -0.996223 0.0689892
27.8164 27.0311 -41.427 -0.053405 -0.99624 0.068212
29.0793 27.0287 -40.4529 -0.0552499 -0.996406 0.0641154
30.3342 27.0072 -39.5514 -0.0637042 -0.996153 0.0601519
31.216 26.9846 -38.9887 -0.0678983 -0.995901 0.0597628
31.9055 26.9759 -38.3506 -0.0694226 -0.995753 0.0604519
32.8478 26.9518 -37.6098 -0.0723024 -0.995659 0.0586112
33.625 26.9245 -37.1077 -0.072993 -0.995703 0.056964
34.5535 26.889 -36.4513 -0.0826003 -0.995336 0.049843
35.3394 26.862 -35.6905 -0.0833169 -0.995349 0.048322
36.1432 26.8326 -34.9147 -0.0855945 -0.994988 0.0516943
36.9974 26.8032 -33.9188 -0.0894173 -0.995019 0.0440658
37.586 26.7796 -33.2117 -0.0925059 -0.994812 0.04232
38.1634 26.7567 -32.4717 -0.0958757 -0.994572 0.0402801
38.7043 26.7326 -31.6983 -0.0989965 -0.994481 0.0347386
39.3766 26.694 -30.8322 -0.104068 -0.994178 0.0279125
39.829 26.6612 -30.3125 -0.107894 -0.99377 0.0276749
40.2938 26.6247 -29.7413 -0.112695 -0.993336 0.0238863
