-55.0069 20.2829 -1.08952 0.520656 -0.852136 -0.052741
-54.885 20.3361 -0.205669 0.523316 -0.852028 -0.0137547
-54.9991 20.2563 0.991226 0.521217 -0.853411 0.00291282
-54.5807 20.5069 0.556229 0.51477 -0.857229 -0.00651148
-54.492 20.5822 -0.501344 0.519461 -0.854335 -0.0157651
-54.7679 20.4436 -1.32668 0.520655 -0.852136 -0.0527419
-54.1881 20.7928 -1.21573 0.529489 -0.84668 -0.0523283
-54.6038 20.6091 -2.33624 0.525183 -0.849198 -0.0551798
-55.2685 20.1961 -2.26139 0.519253 -0.852829 -0.0552779
-55.4396 20.0225 -1.15404 0.520087 -0.852462 -0.053081
-55.5106 19.9513 -0.15297 0.522875 -0.852303 -0.0134694
-55.4939 19.9508 0.806894 0.524183 -0.851596 0.00398023
-55.2556 20.103 1.96627 0.521217 -0.853412 0.00291468
-54.6432 20.4897 2.619 0.515334 -0.85654 0.0277379
-54.2821 20.6924 1.75808 0.519876 -0.854153 0.00948438
-54.052 20.824 0.612129 0.51477 -0.857229 -0.00651151
-54.1336 20.8107 -0.930366 0.531795 -0.84598 -0.0368065
-53.6489 21.1158 -0.907022 0.533831 -0.844167 -0.0490578
-53.5717 21.1254 0.323294 0.527926 -0.848893 -0.0258551
-53.6628 21.0615 1.34784 0.514318 -0.857585 0.00500588
-54.0142 20.8678 2.45581 0.509271 -0.860363 0.0204567
-54.4611 20.6231 3.3542 0.515772 -0.856248 0.0285835
-55.3565 20.0765 3.0879 0.513078 -0.85788 0.0281566
-55.7972 19.7774 1.90599 0.511382 -0.859148 0.0177804
-55.986 19.6472 0.649293 0.518432 -0.855046 0.00795466
-55.9949 19.6667 -0.5254 0.510437 -0.859716 -0.0185144
-55.9011 19.7613 -1.47243 0.512348 -0.857391 -0.0476805
-55.7795 19.9031 -2.529 0.518986 -0.852871 -0.0571337
-55.5109 20.1268 -3.42836 0.51955 -0.852503 -0.0574991
-54.5176 20.7281 -3.35597 0.522666 -0.850669 -0.0563135
-54.0218 20.9718 -2.37905 0.525181 -0.849199 -0.0551813
-53.7909 21.0697 -1.65774 0.533831 -0.844167 -0.0490578
-53.2891 21.3815 -1.58524 0.515332 -0.855928 -0.0426593
-53.1514 21.4171 -0.677443 0.531795 -0.84598 -0.0368065
-53.0621 21.4272 0.752671 0.52609 -0.849995 -0.0271543
-53.3344 21.2624 2.01949 0.51564 -0.856792 0.00448092
-53.7562 21.0358 3.1197 0.506731 -0.86167 0.0263926
-54.35 20.7191 4.19753 0.51621 -0.855956 0.029429
-55.155 20.2475 4.27473 0.503639 -0.862647 0.0467261
-55.8164 19.8174 3.4248 0.501944 -0.863642 0.046637
-56.2411 19.5256 2.32619 0.510083 -0.8598 0.0236331
-56.4258 19.3913 1.2434 0.517625 -0.855484 0.0145581
-56.5281 19.3369 0.0880208 0.510597 -0.859618 -0.0186333
-56.4306 19.4407 -1.26049 0.505177 -0.861996 -0.0419415
-56.3155 19.5609 -2.2931 0.522821 -0.850531 -0.05696
-56.1363 19.7331 -3.24246 0.520096 -0.852243 -0.0564085
-55.6102 20.1367 -4.2382 0.517947 -0.851792 -0.0786223
-54.7872 20.6464 -4.34514 0.518842 -0.850998 -0.0812191
-53.9001 21.1103 -3.33336 0.531083 -0.845248 -0.0592132
-53.5453 21.273 -2.4733 0.518476 -0.852621 -0.063171
-53.5168 21.2847 -2.39432 0.516183 -0.855275 -0.0452911
-53.1494 21.5255 -2.72432 0.51145 -0.857309 -0.0575245
-53.6282 21.33 -4.0303 0.528111 -0.846232 -0.0697733
-54.201 21.0376 -4.67172 0.520641 -0.849714 -0.083184
-55.1042 20.5155 -5.03364 0.520123 -0.850948 -0.0730958
-56.2462 19.7976 -4.7543 0.516183 -0.852977 -0.07733
-56.4854 19.5755 -3.87737 0.51608 -0.853166 -0.0759262
-56.7388 19.3434 -2.95054 0.520517 -0.851517 -0.0626199
-56.9083 19.1801 -2.06954 0.525708 -0.85001 -0.0333852
-56.9676 19.1047 -1.1054 0.525327 -0.850203 -0.034457
-57.0295 19.036 0.23159 0.517904 -0.855268 -0.0141465
-56.9283 19.0893 1.3639 0.51749 -0.855561 0.0148186
-56.7127 19.2431 2.44331 0.518836 -0.85461 0.0212134
-56.3443 19.5226 3.64656 0.504602 -0.862053 0.0472324
-55.8566 19.8536 4.52988 0.501846 -0.863715 0.0463438
-55.1962 20.2587 4.99151 0.501048 -0.864854 0.0301661
-54.3989 20.7267 4.92688 0.506573 -0.861339 0.0371308
-53.6742 21.135 4.44071 0.510662 -0.859181 0.0314137
-53.3048 21.3149 3.49949 0.505114 -0.862406 0.0334015
-52.9803 21.4798 2.38689 0.517148 -0.855812 0.0112032
-52.4926 21.7668 1.15542 0.521524 -0.852999 -0.0115986
-52.6359 21.7108 0.0721593 0.515272 -0.85678 -0.0205675
-52.7353 21.6981 -1.24941 0.516219 -0.855428 -0.0419396
-52.8937 21.6506 -2.19543 0.517029 -0.854625 -0.0479247
-53.0181 21.5861 -2.38827 0.517031 -0.854624 -0.0479239
