-56.9693 21.6977 0.83459 0.502289 -0.864519 0.00888932
-56.7052 21.8548 1.07934 0.50444 -0.863234 0.0170038
-56.5674 21.9369 0.105296 0.502914 -0.864328 -0.00368779
-57.1889 21.5936 -0.768084 0.492938 -0.869409 -0.0337566
-57.0493 21.6517 0.44685 0.510386 -0.859939 -0.00323018
-57.5638 21.3579 0.759872 0.494192 -0.869099 0.0210088
-57.7062 21.2858 -0.403613 0.499733 -0.865538 -0.0333207
-57.5208 21.4355 -1.51059 0.487527 -0.872283 -0.0379487
-57.2109 21.6598 -2.48849 0.488893 -0.870764 -0.052485
-56.5815 21.9858 -1.79536 0.512476 -0.857786 -0.0394647
-56.3169 22.1033 -0.837059 0.513919 -0.857242 -0.0315646
-56.1452 22.1805 0.58669 0.506199 -0.862374 0.00329445
-56.3164 22.0897 1.46915 0.50444 -0.863234 0.0170038
-56.7901 21.8445 2.48904 0.501365 -0.86466 0.0306919
-57.2754 21.5621 2.32582 0.487543 -0.872419 0.0321341
-57.4623 21.4298 1.34509 0.494555 -0.868868 0.0219587
-57.4887 21.4113 1.20114 0.494191 -0.869099 0.0210098
-57.9462 21.1586 1.51012 0.485809 -0.873803 0.019009
-57.7473 21.3216 2.70847 0.480168 -0.876201 0.0413643
-57.0935 21.7449 3.67421 0.487356 -0.87132 0.057276
-56.4661 22.0599 3.09858 0.496434 -0.866683 0.0475067
-56.0878 22.2418 2.21065 0.501366 -0.864659 0.0306902
-55.7447 22.4251 1.20643 0.509481 -0.860421 0.0102775
-55.6932 22.4447 0.300101 0.506199 -0.862374 0.00329445
-55.8203 22.3992 -0.724257 0.516306 -0.855974 -0.0271454
-56.0271 22.3207 -1.85199 0.513417 -0.857064 -0.0429413
-56.5291 22.0887 -2.98462 0.503844 -0.86151 -0.0625981
-57.3778 21.6337 -3.50187 0.493265 -0.866819 -0.0724194
-57.7645 21.3597 -2.66623 0.488893 -0.870764 -0.052485
-58.047 21.1472 -1.64433 0.491841 -0.869675 -0.0414691
-58.1671 21.0148 -0.276266 0.486302 -0.873333 -0.0153754
-58.0398 21.0975 0.984958 0.477427 -0.878507 0.0170073
-58.5225 20.8375 1.15797 0.481704 -0.876249 0.0122298
-58.6812 20.7397 -0.00999734 0.477829 -0.878426 0.00366149
-58.5748 20.8286 -1.31985 0.49441 -0.868044 -0.045358
-58.4372 20.9558 -2.21775 0.487179 -0.871234 -0.0600347
-58.1748 21.1795 -3.37325 0.483736 -0.873226 -0.0589554
-57.4835 21.6371 -4.26198 0.493264 -0.866819 -0.0724222
-56.5201 22.1672 -3.92347 0.50257 -0.861666 -0.0702848
-55.8623 22.4698 -2.85889 0.505485 -0.860448 -0.064062
-55.4667 22.642 -1.57894 0.503207 -0.862913 -0.0456948
-55.2585 22.7174 -0.291644 0.504002 -0.863232 -0.0285074
-55.2153 22.7272 0.616305 0.513194 -0.858242 -0.00724698
-55.3291 22.6685 1.53777 0.497168 -0.867607 0.00889619
-55.7704 22.4426 2.71735 0.478643 -0.877587 0.0272525
-56.1121 22.2882 3.55968 0.482834 -0.874059 0.0535518
-56.7596 21.9682 4.25782 0.487705 -0.871536 0.0506567
-57.7031 21.4306 4.03204 0.483868 -0.873135 0.0592193
-58.1536 21.1209 3.1474 0.484523 -0.872839 0.0582027
-58.4159 20.9201 2.04278 0.486631 -0.87257 0.0425741
-58.5042 20.8506 1.3789 0.481703 -0.876249 0.0122291
-59.0217 20.5665 1.40011 0.481704 -0.876249 0.0122298
-58.8728 20.6862 2.47369 0.481328 -0.875077 0.0497802
-58.3698 21.0552 3.93064 0.476529 -0.8772 0.0586539
-58.0431 21.2931 4.78316 0.480568 -0.875269 0.0540028
-57.1614 21.7849 5.03449 0.482808 -0.874975 0.0354833
-56.0874 22.3722 4.73698 0.487703 -0.871537 0.0506571
-55.497 22.6192 3.47972 0.478725 -0.876235 0.05509
-55.0826 22.8198 2.57456 0.492743 -0.870041 0.0152516
-54.8722 22.9311 1.69129 0.501818 -0.864923 0.00653789
-54.734 23.0163 0.463176 0.508172 -0.861173 -0.0100609
-54.8465 22.9765 -0.854637 0.497789 -0.86702 -0.0176236
-55.0248 22.9303 -2.19153 0.49648 -0.866625 -0.049682
-55.3108 22.8092 -3.06519 0.506513 -0.860071 -0.061016
-56.076 22.4547 -4.26795 0.505358 -0.860315 -0.0668586
-56.8486 22.0521 -4.9357 0.497381 -0.865559 -0.0584844
-57.8867 21.4598 -4.76925 0.472523 -0.878533 -0.0672259
-58.5637 21.0116 -3.98508 0.483211 -0.872007 -0.0778526
-58.7859 20.8192 -3.05145 0.486023 -0.871859 -0.0602879
-59.0644 20.5766 -1.77642 0.48604 -0.87198 -0.0584508
-59.142 20.483 -0.635228 0.481114 -0.876579 -0.0117593
-59.0594 20.5346 0.902567 0.493217 -0.869675 0.0137741
-59.0517 20.5467 1.16752 0.491522 -0.870571 0.0185385
-59.0321 20.559 1.27451 0.481704 -0.876249 0.0122298
