-33.3053 3.51509 -3.1435 0.122615 -0.992306 0.0146264
-33.4225 3.51007 -1.91366 0.128871 -0.991627 0.00829988
-33.5149 3.50876 -0.731328 0.129086 -0.991457 0.00995519
-33.5976 3.49972 0.196419 0.116702 -0.993167 -0.000714057
-33.5992 3.49945 1.22851 0.121384 -0.992562 -0.00569638
-33.4637 3.50205 2.38862 0.124376 -0.992142 -0.0135932
-33.2619 3.51044 3.63691 0.12522 -0.992083 -0.00776795
-33.0899 3.52321 5.28498 0.115351 -0.993233 -0.0124337
-32.9306 3.51608 6.71965 0.118504 -0.99282 -0.0158685
-32.7343 3.53223 7.78973 0.144481 -0.989393 -0.0150631
-32.4026 3.55274 9.19902 0.140278 -0.989776 -0.0258004
-32.1152 3.54812 10.3941 0.107175 -0.993599 -0.0352821
-31.7712 3.54578 11.4231 0.111023 -0.993061 -0.0387702
-31.2433 3.55416 12.7802 0.111595 -0.992669 -0.04559
-30.8123 3.55185 13.6938 0.108764 -0.992598 -0.054028
-30.3828 3.55603 14.6788 0.128378 -0.990329 -0.0526142
-29.9752 3.55488 15.5912 0.107256 -0.991986 -0.0646325
-29.5456 3.54326 16.4605 0.102908 -0.993561 -0.0473976
-29.1006 3.54994 17.2746 0.116778 -0.990663 -0.0702174
-28.6285 3.55551 18.052 0.0994619 -0.99357 -0.054087
-28.0366 3.5574 18.9984 0.0932933 -0.993655 -0.062818
-27.3957 3.5582 19.9735 0.0996136 -0.992853 -0.0655242
-26.6215 3.54971 21.089 0.105489 -0.990844 -0.0842595
-25.6667 3.56328 22.1288 0.10522 -0.991029 -0.0823892
-24.8879 3.5696 23.0015 0.101549 -0.991213 -0.0847656
-24.2408 3.57181 23.751 0.100787 -0.991111 -0.0868165
-23.638 3.56046 24.4303 0.0802469 -0.992818 -0.0887237
-22.943 3.55352 25.1502 0.0816679 -0.992871 -0.0868232
-22.0851 3.55857 25.9203 0.0808461 -0.993305 -0.0824945
-21.3122 3.56756 26.5467 0.0770573 -0.993621 -0.0823051
-20.5202 3.57991 27.1193 0.0743076 -0.993874 -0.0818136
-19.7753 3.59154 27.6373 0.0565541 -0.994476 -0.0879022
-18.8115 3.57705 28.3506 0.0571659 -0.993599 -0.0974371
-18.0519 3.57047 28.9123 0.0629525 -0.993069 -0.0991189
-17.2325 3.56104 29.4929 0.0624369 -0.992598 -0.104172
-16.3466 3.55902 30.0431 0.0625953 -0.992707 -0.103016
-15.3467 3.55216 30.5913 0.0501935 -0.993079 -0.106187
-14.3864 3.55868 30.9993 0.0497893 -0.992403 -0.112505
-13.045 3.56957 31.5005 0.0501641 -0.992308 -0.113171
-11.8659 3.57255 32.0005 0.0518568 -0.991949 -0.115519
-10.6852 3.57061 32.5076 0.0464829 -0.991981 -0.117532
-9.61067 3.57366 32.8692 0.0322582 -0.993133 -0.112395
-8.5554 3.57445 33.1558 0.0335677 -0.993561 -0.10771
-7.35676 3.58977 33.4919 0.0382976 -0.994289 -0.0995784
-6.29233 3.59222 33.7343 0.0234273 -0.993593 -0.110564
-5.12687 3.60518 33.945 0.0348225 -0.992381 -0.118182
-4.20261 3.61312 34.0727 0.0114133 -0.99044 -0.13717
-2.9753 3.60898 34.1644 0.00658804 -0.991533 -0.129691
-1.81637 3.60844 34.2423 0.00882877 -0.991933 -0.125535
-0.768372 3.59477 34.3473 0.00369258 -0.993542 -0.113281
0.511645 3.5905 34.4865 0.00298449 -0.991791 -0.126834
1.61603 3.58868 34.5543 0.00708764 -0.989843 -0.141987
2.9829 3.59655 34.4326 -0.00765371 -0.993247 -0.115153
4.35558 3.61445 34.2499 -0.0204709 -0.993246 -0.113257
5.26407 3.60086 34.1276 -0.0292841 -0.99203 -0.122551
6.37143 3.5839 33.9987 -0.0220683 -0.991629 -0.126907
7.58761 3.59275 33.802 -0.0137998 -0.992213 -0.123585
8.7774 3.59933 33.5673 -0.0210073 -0.992683 -0.11891
9.67514 3.59901 33.392 -0.0329586 -0.992666 -0.116306
10.7782 3.58813 33.1553 -0.0309767 -0.994041 -0.104291
11.7832 3.59611 32.7837 -0.0421674 -0.990697 -0.129378
12.921 3.61196 32.2795 -0.0339254 -0.995457 -0.0889597
13.8871 3.59737 31.9124 -0.0525085 -0.994236 -0.0934728
15.1066 3.58532 31.4659 -0.0318893 -0.995009 -0.0945543
15.9841 3.58991 31.1164 -0.0419907 -0.995301 -0.0870969
17.1804 3.58911 30.4813 -0.0430156 -0.994789 -0.0922172
18.0136 3.58686 30.0441 -0.061063 -0.99308 -0.100317
18.9885 3.58835 29.4962 -0.0491291 -0.993392 -0.103328
19.9209 3.59957 28.895 -0.073025 -0.991699 -0.105771
20.9075 3.59212 28.2201 -0.0660737 -0.993873 -0.0884923
21.8013 3.59531 27.5795 -0.065102 -0.994052 -0.087089
22.6929 3.59413 26.9365 -0.0683369 -0.993005 -0.0962888
23.5466 3.59799 26.3299 -0.064612 -0.993829 -0.0897848
24.2988 3.60027 25.7263 -0.061776 -0.994587 -0.0835493
25.0316 3.6042 25.0054 -0.0871969 -0.992168 -0.0893779
25.7277 3.61266 24.2638 -0.0836472 -0.991947 -0.0950964
26.4178 3.62745 23.5025 -0.0812955 -0.993274 -0.0812342
27.0983 3.63391 22.686 -0.0726965 -0.994847 -0.0706782
27.8593 3.63458 21.7364 -0.0876493 -0.994674 -0.0542258
28.6122 3.62815 20.7502 -0.0839846 -0.99448 -0.0628988
29.4173 3.62793 19.6561 -0.092291 -0.993584 -0.0653712
29.9933 3.62061 18.8331 -0.104724 -0.99351 -0.0443975
30.5204 3.59889 18.0771 -0.108258 -0.992083 -0.0636247
31.1295 3.59124 17.1391 -0.107717 -0.992256 -0.0618494
31.6089 3.59339 16.1564 -0.110854 -0.992725 -0.046996
31.9776 3.60204 15.0895 -0.112994 -0.992774 -0.04011
32.3763 3.59972 13.8842 -0.117459 -0.992538 -0.0322447
32.9068 3.59941 12.5808 -0.101438 -0.99438 -0.0282623
33.4338 3.56478 11.3447 -0.109546 -0.99374 -0.0214696
33.8243 3.54837 10.432 -0.107001 -0.993844 -0.028715
34.2847 3.52496 8.99794 -0.114223 -0.993399 -0.0105343
34.57 3.50934 7.47886 -0.106652 -0.994233 -0.0112565
34.7066 3.50446 6.46879 -0.111143 -0.993772 -0.000254415
34.7944 3.48978 5.55317 -0.117358 -0.993079 0.0046689
34.8918 3.47095 4.63548 -0.11684 -0.99311 0.00905506
35.0304 3.44449 3.63645 -0.122989 -0.992403 0.00323735
35.1647 3.42477 2.69513 -0.132153 -0.991126 0.00919454
35.269 3.39235 1.33316 -0.106424 -0.994248 0.0101009
35.2666 3.37839 0.0146935 -0.11667 -0.993077 0.0136363
35.1934 3.37387 -1.28597 -0.120167 -0.992691 0.0111485
35.047 3.38096 -2.58464 -0.130346 -0.991438 0.00784175
34.8786 3.39499 -3.69236 -0.130443 -0.991435 0.00639213
34.744 3.40449 -4.71345 -0.114675 -0.993335 0.011591
34.6824 3.41295 -6.10775 -0.117632 -0.992966 -0.000934752
34.5878 3.41529 -7.1997 -0.124047 -0.992223 0.0103345
34.4342 3.42667 -8.11228 -0.124379 -0.992203 0.00787914
34.153 3.45627 -9.25353 -0.121497 -0.992589 -0.00250062
33.887 3.48658 -10.1301 -0.112415 -0.993472 0.0146462
33.593 3.50052 -10.9986 -0.0999347 -0.994765 0.0211049
33.0983 3.51841 -12.2753 -0.0988838 -0.994795 0.0246022
32.5463 3.53883 -13.6941 -0.101322 -0.994165 0.0352405
32.2116 3.53399 -14.5408 -0.103055 -0.993592 0.0464135
31.8385 3.53561 -15.5122 -0.109991 -0.993424 0.0317835
31.3899 3.55153 -16.5669 -0.0977443 -0.994492 0.0355849
30.8089 3.55316 -17.5524 -0.0835576 -0.995227 0.0504179
30.033 3.56586 -18.7737 -0.0983711 -0.993855 0.0482608
29.501 3.57122 -19.6273 -0.107394 -0.992321 0.0613656
28.9624 3.57595 -20.3763 -0.0828568 -0.994372 0.0660258
28.2651 3.58332 -21.2616 -0.086674 -0.994724 0.0548743
27.6457 3.58718 -22.0886 -0.0808225 -0.994825 0.0615745
27.0417 3.5818 -22.9433 -0.0727849 -0.994833 0.0704545
26.3105 3.56775 -23.7999 -0.0833203 -0.993998 0.0694014
25.6456 3.58702 -24.4899 -0.0958345 -0.993114 0.0673758
24.9292 3.59502 -25.1083 -0.0736616 -0.993811 0.0831536
24.1498 3.61118 -25.7214 -0.098056 -0.992226 0.0762444
23.3625 3.63596 -26.3353 -0.0831331 -0.992657 0.0867869
22.4044 3.63226 -27.0466 -0.0676772 -0.992084 0.105781
21.6385 3.61969 -27.6595 -0.0724084 -0.992599 0.0970234
20.6016 3.61533 -28.5268 -0.06508 -0.993997 0.0879439
19.7739 3.59723 -29.16 -0.0505919 -0.993705 0.0998375
18.9886 3.58956 -29.6479 -0.052557 -0.993387 0.101759
18.2043 3.58173 -30.0934 -0.0578328 -0.992511 0.107433
17.1419 3.58483 -30.6825 -0.0510445 -0.993751 0.0992456
16.1101 3.57762 -31.1903 -0.0463188 -0.992612 0.112145
14.8238 3.57149 -31.7589 -0.045302 -0.99318 0.107426
13.8459 3.57036 -32.1446 -0.0407959 -0.994063 0.100864
12.5659 3.56749 -32.6437 -0.0326626 -0.994459 0.0999189
11.6972 3.55776 -32.9781 -0.034735 -0.993632 0.107187
10.5095 3.55212 -33.3843 -0.0400495 -0.992238 0.117143
9.50605 3.57485 -33.6134 -0.0314873 -0.994641 0.0982845
8.36142 3.58213 -33.7854 -0.0212292 -0.99297 0.116439
7.04242 3.58734 -33.8882 -0.00995812 -0.993802 0.110716
5.59723 3.58838 -34.0874 -0.0184335 -0.993916 0.108578
4.5718 3.58722 -34.2858 -0.0146057 -0.994329 0.105183
3.42187 3.5858 -34.517 -0.0205758 -0.993581 0.110213
2.19883 3.57372 -34.6244 0.0101456 -0.993529 0.113128
1.12084 3.57401 -34.5675 -0.00705858 -0.992813 0.119399
-0.374342 3.60414 -34.4496 -0.00198855 -0.993906 0.109574
-1.51945 3.60027 -34.4126 0.00927284 -0.991576 0.12919
-2.54565 3.58788 -34.3466 0.0317309 -0.991368 0.127214
-3.94956 3.56598 -34.2165 0.0183839 -0.992247 0.122878
-4.95701 3.56378 -34.105 0.0254447 -0.991237 0.129202
-6.0502 3.54696 -33.9432 0.0350483 -0.990432 0.13348
-7.07799 3.54519 -33.7208 0.025199 -0.992437 0.119551
-8.07335 3.54746 -33.4305 0.0469037 -0.992415 0.112527
-9.22006 3.53718 -33.073 0.0373464 -0.992378 0.116938
-10.1382 3.52825 -32.7855 0.0429471 -0.993215 0.108068
-11.3667 3.525 -32.2948 0.0509125 -0.993911 0.0976651
-12.4265 3.51116 -31.8488 0.0599265 -0.992693 0.104327
-13.8369 3.48808 -31.3166 0.0577579 -0.991907 0.11307
-14.8159 3.48548 -30.9331 0.0522508 -0.991454 0.119429
-15.9427 3.4724 -30.2529 0.0568446 -0.994282 0.0897617
-16.9834 3.4739 -29.6176 0.0624328 -0.993205 0.0982161
-17.7933 3.4735 -29.0877 0.0711504 -0.99278 0.0965703
-18.9278 3.46932 -28.3121 0.0699198 -0.992618 0.0990948
-20.0445 3.47404 -27.5562 0.0630225 -0.992601 0.103781
-20.9665 3.49012 -26.869 0.0570232 -0.994363 0.0893944
-21.8145 3.5023 -26.1561 0.0630621 -0.994098 0.0882728
-22.7569 3.49984 -25.3364 0.0853627 -0.993432 0.0757987
-23.8627 3.49044 -24.2943 0.0824417 -0.992901 0.0857368
-24.5458 3.49916 -23.5364 0.0869724 -0.992571 0.0849601
-25.123 3.51368 -22.8221 0.0897733 -0.991475 0.0944382
-26.0452 3.52942 -21.6817 0.075603 -0.994823 0.0679087
-26.6659 3.54126 -20.8154 0.0828507 -0.994224 0.0678426
-27.3649 3.53705 -19.8442 0.0992958 -0.993389 0.0575649
-27.9649 3.52403 -19.0732 0.0968984 -0.993293 0.0630806
-28.5583 3.5221 -18.1997 0.0998875 -0.993071 0.0617239
-29.0709 3.51915 -17.404 0.0954855 -0.993674 0.0591104
-29.5084 3.52011 -16.5786 0.123141 -0.991394 0.0444236
-29.9284 3.51484 -15.6268 0.119747 -0.991493 0.0510142
-30.3513 3.51582 -14.6243 0.112923 -0.992 0.0564347
-30.8495 3.52719 -13.4409 0.112004 -0.992292 0.0528735
-31.2577 3.53229 -12.4053 0.111745 -0.992532 0.0489239
-31.7774 3.52152 -11.1791 0.117409 -0.992506 0.0327211
-32.1457 3.51099 -10.1655 0.117997 -0.992479 0.0313301
-32.4332 3.50167 -9.13129 0.116726 -0.992932 0.0213086
-32.7326 3.49856 -7.91604 0.122503 -0.991946 0.0321762
-32.938 3.50344 -6.77605 0.114861 -0.99329 0.0134602
-33.0519 3.50771 -5.80965 0.124446 -0.991949 0.0227092
-33.1757 3.50614 -4.6544 0.12616 -0.992007 -0.00228126
-33.2914 3.5127 -3.33233 0.116393 -0.992979 0.0211145
-34.2101 3.39513 -3.22261 0.155292 -0.987795 0.0120715
-34.0955 3.39375 -4.42917 0.143919 -0.989362 0.0212209
-33.9944 3.39109 -5.4622 0.137464 -0.990344 0.0158533
-33.8741 3.39152 -6.5979 0.131469 -0.991317 0.00266065
-33.7228 3.38582 -7.65024 0.141877 -0.989047 0.0407166
-33.3777 3.38697 -9.05937 0.144253 -0.989168 0.0271451
-33.1505 3.39324 -9.9637 0.144482 -0.988642 0.0412212
-32.8257 3.393 -11.0237 0.141329 -0.989183 0.0390099
-32.4561 3.40817 -11.8925 0.131195 -0.990595 0.0388401
-31.8883 3.40401 -13.2865 0.131189 -0.989713 0.0570819
-31.3379 3.39259 -14.733 0.119605 -0.991028 0.0596498
-30.9212 3.39166 -15.6395 0.127172 -0.990591 0.0505673
-30.5115 3.39594 -16.5691 0.121444 -0.991444 0.0477188
-30.0564 3.3926 -17.5286 0.136256 -0.988092 0.0714678
-29.4864 3.39603 -18.4813 0.121602 -0.990981 0.0562969
-28.9487 3.40832 -19.2652 0.113114 -0.991313 0.0671107
-28.2281 3.42998 -20.2243 0.112235 -0.991823 0.0591118
-27.6518 3.4407 -20.9794 0.0941555 -0.99173 0.0853679
-27.0785 3.41493 -21.777 0.098299 -0.989849 0.102645
-26.1619 3.40313 -22.9634 0.10664 -0.990379 0.0881844
-25.4404 3.38793 -23.875 0.0915031 -0.99224 0.0841836
-24.7417 3.37984 -24.7299 0.0869723 -0.992571 0.0849601
-23.8531 3.38206 -25.5841 0.0830143 -0.993098 0.0828579
-23.0593 3.39369 -26.2573 0.0824135 -0.990115 0.113492
-22.0665 3.37503 -27.1163 0.0840063 -0.990952 0.103824
-21.2344 3.38306 -27.8181 0.0791202 -0.989366 0.120731
-20.4428 3.36305 -28.3629 0.0655334 -0.990723 0.118715
-19.3016 3.35936 -29.1375 0.0715309 -0.99138 0.109772
-18.4378 3.35855 -29.743 0.0768779 -0.991035 0.109267
-17.597 3.36334 -30.3188 0.0650364 -0.992577 0.102766
-16.4592 3.36537 -31.0047 0.0640125 -0.99229 0.10613
-15.6602 3.36617 -31.4811 0.0673004 -0.991868 0.107961
-14.7103 3.36858 -31.9348 0.0568167 -0.990919 0.121864
-13.4907 3.38422 -32.4071 0.0578917 -0.991962 0.112512
-12.3913 3.40256 -32.8374 0.0658786 -0.991605 0.111266
-11.4247 3.41076 -33.2489 0.0583991 -0.989813 0.129837
-10.2283 3.41889 -33.74 0.057453 -0.988995 0.136166
-8.84801 3.41686 -34.1134 0.0449131 -0.99112 0.124394
-7.91032 3.42677 -34.4044 0.0501965 -0.989263 0.137257
-6.88565 3.42225 -34.6927 0.027072 -0.991158 0.129898
-5.99102 3.42486 -34.8648 0.0349799 -0.990428 0.133527
-4.62552 3.44796 -35.0407 0.0319343 -0.988086 0.150503
-3.64745 3.45493 -35.1402 0.0212677 -0.988644 0.148762
-2.34327 3.46691 -35.2528 0.0242784 -0.988067 0.152101
-1.24121 3.47619 -35.3424 0.00762775 -0.98843 0.151147
-0.088933 3.46563 -35.4102 -0.00509457 -0.989659 0.14335
1.32138 3.45429 -35.4962 0.00717317 -0.991378 0.130828
2.23539 3.4565 -35.5419 0.00798034 -0.991537 0.129569
3.14098 3.46127 -35.4908 -0.0120731 -0.990896 0.134087
4.35457 3.47477 -35.2635 -0.0129776 -0.99266 0.120241
5.46202 3.4832 -35.0371 -0.0194247 -0.992954 0.116901
6.43513 3.48245 -34.8727 -0.0120098 -0.991282 0.131212
7.35174 3.48603 -34.7617 -0.0139399 -0.991052 0.132725
8.78728 3.4714 -34.6521 -0.0212296 -0.992969 0.116439
10.2554 3.44462 -34.3807 -0.0405274 -0.990715 0.129742
11.6473 3.45276 -33.9528 -0.0378646 -0.990372 0.13311
12.5476 3.46015 -33.6043 -0.0429821 -0.990395 0.131415
13.4231 3.46543 -33.2584 -0.0522906 -0.990269 0.128908
14.398 3.45954 -32.8832 -0.052978 -0.990694 0.125365
15.5887 3.45997 -32.3977 -0.0505559 -0.990669 0.12657
16.4663 3.46313 -32.0037 -0.0560423 -0.990526 0.125358
17.3375 3.46459 -31.5957 -0.0563871 -0.990684 0.12396
18.2283 3.47127 -31.1217 -0.0608185 -0.991534 0.114323
19.0318 3.47274 -30.6839 -0.0590405 -0.991726 0.113725
20.245 3.4707 -29.9766 -0.0725142 -0.989778 0.122484
21.1723 3.50331 -29.2432 -0.0734643 -0.988715 0.13045
21.9173 3.51411 -28.6037 -0.0832751 -0.991236 0.101479
22.6674 3.51702 -27.9591 -0.067677 -0.992084 0.105781
23.4618 3.51926 -27.3902 -0.0823753 -0.990066 0.11395
24.419 3.49873 -26.6759 -0.103322 -0.990455 0.0912371
25.271 3.48538 -25.973 -0.0840703 -0.990521 0.108633
26.0962 3.48522 -25.2921 -0.110043 -0.989599 0.0914271
26.7652 3.45892 -24.6489 -0.102082 -0.991318 0.0820179
27.6278 3.46811 -23.6679 -0.0909247 -0.991679 0.091136
28.3812 3.47882 -22.5921 -0.106544 -0.990583 0.0859831
28.936 3.48433 -21.8413 -0.103172 -0.992154 0.0706082
29.6314 3.47284 -20.9844 -0.105048 -0.99229 0.0655764
30.3757 3.45655 -19.9508 -0.107394 -0.992321 0.0613659
30.9495 3.44673 -19.0073 -0.121564 -0.990681 0.0614268
31.4621 3.43747 -18.211 -0.117465 -0.990866 0.0662315
31.9941 3.43062 -17.3874 -0.127286 -0.989773 0.0644086
32.5889 3.42491 -16.0817 -0.121438 -0.991675 0.0426381
32.9587 3.42157 -15.1071 -0.123084 -0.991249 0.0470032
33.3133 3.42401 -14.2419 -0.126108 -0.99052 0.0544691
33.7067 3.4214 -13.213 -0.130901 -0.990653 0.0383667
34.1545 3.40195 -12.04 -0.142335 -0.989203 0.0344994
34.5376 3.38489 -11.0374 -0.147065 -0.988465 0.0361853
34.8923 3.35973 -9.97402 -0.130271 -0.991474 0.00169711
35.1762 3.32274 -9.0187 -0.130865 -0.991365 0.00625547
35.4616 3.30183 -7.6151 -0.126749 -0.991883 0.00968097
35.5568 3.29453 -6.65616 -0.131856 -0.991255 0.00519487
35.5866 3.29391 -5.72838 -0.131633 -0.991298 0.000199962
35.6308 3.28763 -4.80085 -0.13242 -0.991194 -0.000398577
35.8174 3.27174 -3.65093 -0.131507 -0.991287 0.00733533
35.989 3.25868 -2.57843 -0.126204 -0.991949 0.0105136
36.088 3.25813 -1.52987 -0.126672 -0.991848 0.0138855
36.1483 3.26086 -0.341415 -0.147791 -0.988984 0.00613412
36.1887 3.26846 1.02116 -0.144935 -0.989399 0.00917987
36.131 3.28273 1.97348 -0.144002 -0.989567 0.00422303
36.0394 3.30315 2.90786 -0.141316 -0.989849 0.0151529
35.9028 3.33707 3.84908 -0.132153 -0.991126 0.00919481
35.7717 3.35958 4.75824 -0.146652 -0.989185 0.00235195
35.6816 3.37835 5.68856 -0.139389 -0.990192 0.0043347
35.5953 3.3888 6.6144 -0.134897 -0.990738 -0.0155306
35.3986 3.39215 8.00281 -0.130278 -0.991394 -0.00802265
35.2116 3.41814 9.02119 -0.121206 -0.992574 -0.00438194
34.8703 3.43653 10.2716 -0.11638 -0.992987 -0.0207839
34.4551 3.45481 11.3666 -0.106512 -0.994007 -0.0246047
33.92 3.48798 12.5214 -0.11258 -0.993473 -0.0183344
33.5472 3.48786 13.3526 -0.117036 -0.991458 -0.0575715
33.154 3.48749 14.443 -0.122239 -0.992073 -0.0291243
32.7914 3.49048 15.5025 -0.113308 -0.992547 -0.0448543
32.314 3.47405 16.8814 -0.112179 -0.992035 -0.0572909
31.5718 3.47796 18.1621 -0.1088 -0.99191 -0.0653995
30.9813 3.49453 18.9956 -0.12454 -0.990975 -0.0495744
30.4049 3.51755 19.8171 -0.113531 -0.990897 -0.0711638
29.6377 3.52246 20.8857 -0.104336 -0.99267 -0.0609973
28.8518 3.52784 21.8985 -0.0990928 -0.992383 -0.0731179
28.0158 3.52215 22.9555 -0.0974033 -0.990644 -0.095589
27.0995 3.50889 24.1019 -0.101206 -0.990864 -0.0891408
26.4424 3.49883 24.8112 -0.0862561 -0.991148 -0.100817
25.8038 3.49057 25.487 -0.104977 -0.989798 -0.0963309
24.812 3.48342 26.473 -0.085842 -0.989612 -0.115322
23.7759 3.48293 27.2778 -0.0898231 -0.989556 -0.11274
22.594 3.49162 28.121 -0.0712006 -0.993743 -0.0860534
21.7826 3.49778 28.6925 -0.0559357 -0.993833 -0.0954139
20.9637 3.47917 29.294 -0.0640115 -0.992581 -0.10277
20.1161 3.47572 29.8973 -0.0708951 -0.991543 -0.108704
19.1707 3.46849 30.4627 -0.0495679 -0.991412 -0.121017
17.8744 3.46498 31.1429 -0.0753131 -0.989439 -0.123849
16.9024 3.47425 31.6901 -0.0525547 -0.991467 -0.119024
15.9842 3.46752 32.0974 -0.0500282 -0.990773 -0.125952
15.1399 3.47266 32.4185 -0.0524877 -0.991426 -0.119664
14.2691 3.48076 32.7577 -0.0577553 -0.991294 -0.118326
12.7875 3.48688 33.3005 -0.0417449 -0.990529 -0.1308
11.8879 3.47168 33.7065 -0.0462983 -0.9914 -0.122208
10.9136 3.4771 34.0697 -0.0414808 -0.992255 -0.116857
9.87338 3.48813 34.2793 -0.0310447 -0.990294 -0.134409
8.40596 3.46892 34.5772 -0.0139676 -0.989589 -0.143243
7.48166 3.46569 34.7777 -0.0203156 -0.990686 -0.134437
6.47193 3.46477 34.9331 -0.0302242 -0.99192 -0.123211
5.43495 3.4848 35.0263 -0.0297543 -0.991975 -0.122881
4.27627 3.49518 35.1647 -0.0169507 -0.988132 -0.15267
3.31751 3.48635 35.289 -0.00650478 -0.988568 -0.150632
2.36301 3.47132 35.409 0.00714562 -0.989703 -0.142955
1.34649 3.4539 35.4819 0.00638612 -0.989862 -0.141888
0.345641 3.45841 35.4135 -0.00290556 -0.989923 -0.141579
-0.635499 3.47817 35.2955 0.00470296 -0.988492 -0.150724
-1.56315 3.47885 35.2174 0.0160517 -0.98876 -0.148153
-2.50043 3.47124 35.1413 0.0103546 -0.990161 -0.13925
-3.75696 3.48417 34.9888 0.0136872 -0.988416 -0.151141
-4.8407 3.48265 34.8787 0.0286404 -0.98804 -0.151336
-6.25075 3.46834 34.6834 0.0280203 -0.989433 -0.142207
-7.71995 3.46194 34.3465 0.0464991 -0.988807 -0.141747
-8.64309 3.45459 34.0782 0.0389147 -0.989812 -0.136568
-9.64099 3.46391 33.8057 0.0254722 -0.99051 -0.135058
-10.7551 3.45916 33.4512 0.0641359 -0.989097 -0.132569
-11.6907 3.45639 33.067 0.0471729 -0.991099 -0.124144
-12.5412 3.45707 32.6954 0.0498247 -0.992099 -0.115139
-13.8325 3.44993 32.1568 0.0568981 -0.99091 -0.121826
-15.0086 3.43918 31.7345 0.0545269 -0.990661 -0.124967
-15.9168 3.44331 31.3284 0.0511427 -0.991636 -0.118024
-16.9658 3.44711 30.7524 0.0627541 -0.992817 -0.101861
-17.7831 3.44907 30.2298 0.0625955 -0.992707 -0.103016
-18.5857 3.45519 29.6441 0.0826343 -0.989379 -0.119586
-19.3503 3.46432 29.0778 0.0742434 -0.990366 -0.116726
-20.1067 3.47137 28.5 0.078489 -0.990853 -0.109721
-20.9091 3.46598 27.9466 0.0832211 -0.991103 -0.10374
-22.0017 3.45346 27.1892 0.0776095 -0.991921 -0.100347
-22.9412 3.44847 26.3956 0.0886299 -0.992485 -0.0840979
-23.697 3.44219 25.687 0.087724 -0.991406 -0.0970522
-24.4356 3.44869 24.9047 0.106198 -0.989599 -0.0965234
-25.1496 3.45034 24.0826 0.100787 -0.99111 -0.0868165
-26.0357 3.44646 23.0676 0.101415 -0.991227 -0.0847636
-26.7175 3.43377 22.3558 0.104753 -0.991222 -0.0806615
-27.5944 3.42932 21.2577 0.112992 -0.989759 -0.0872298
-28.4101 3.43973 20.0544 0.116049 -0.989917 -0.0811208
-28.9045 3.44201 19.2823 0.123256 -0.989674 -0.0726411
-29.6273 3.42292 18.1448 0.123243 -0.989887 -0.0696703
-30.2422 3.42674 17.0854 0.117848 -0.990843 -0.0659002
-30.6908 3.42799 16.199 0.124471 -0.990279 -0.0620896
-31.0909 3.42953 15.3321 0.124853 -0.99074 -0.0532206
-31.4636 3.43003 14.4828 0.121327 -0.991152 -0.0538269
-31.9467 3.4373 13.4215 0.12512 -0.990345 -0.0591253
-32.307 3.43695 12.5627 0.133566 -0.989544 -0.0544241
-32.6541 3.43927 11.6247 0.124832 -0.991373 -0.0373439
-32.9982 3.431 10.5059 0.138838 -0.989683 -0.0353849
-33.2387 3.42484 9.55998 0.141481 -0.989552 -0.0276421
-33.5454 3.40536 8.34348 0.136014 -0.990502 -0.0180335
-33.7469 3.4002 7.36335 0.127547 -0.99161 -0.0210036
-33.8801 3.40451 6.35993 0.127538 -0.991605 -0.021289
-33.9924 3.4082 5.22433 0.14011 -0.990081 -0.0104401
-34.1498 3.39688 3.82682 0.12522 -0.992083 -0.00776771
-34.3555 3.38434 2.51786 0.143792 -0.989564 -0.00931618
-34.4986 3.37533 1.30576 0.145023 -0.989377 -0.0100422
-34.4824 3.37545 0.0658149 0.153893 -0.988087 0.00112805
-34.373 3.37665 -1.2016 0.14146 -0.989851 0.00777725
-34.3241 3.3872 -2.27028 0.146288 -0.989224 -0.00124121
-34.2193 3.39464 -3.14413 0.155292 -0.987795 0.0120721
-35.136 3.25286 -3.05741 0.152187 -0.988245 0.0145211
-35.2659 3.24295 -1.95073 0.15269 -0.988273 0.000113339
-35.3102 3.23763 -0.891494 0.154469 -0.987961 0.00850242
-35.3892 3.23251 0.206389 0.162488 -0.986696 0.00427999
-35.4033 3.23824 1.2952 0.166038 -0.986102 0.00317449
-35.1954 3.25951 2.81459 0.143792 -0.989564 -0.00931631
-35.0592 3.26731 3.7821 0.147567 -0.988958 -0.013643
-34.9103 3.27986 5.07116 0.152755 -0.988215 -0.00864163
-34.7738 3.28079 6.31982 0.159009 -0.987148 -0.0159602
-34.7035 3.2726 7.23508 0.152855 -0.987977 -0.0231559
-34.54 3.27071 8.20788 0.153692 -0.987637 -0.030858
-34.204 3.28881 9.31346 0.151003 -0.987875 -0.0355499
-33.9337 3.2901 10.4687 0.163574 -0.985971 -0.0332487
-33.6876 3.29052 11.4033 0.154921 -0.986652 -0.050183
-33.2517 3.29992 12.605 0.155522 -0.986696 -0.0473732
-32.7021 3.30803 13.9054 0.132912 -0.989497 -0.0568339
-32.3256 3.30971 14.7567 0.125121 -0.990345 -0.0591257
-31.7745 3.29388 16.0249 0.132694 -0.988672 -0.0701379
-31.2853 3.30032 17.0433 0.123868 -0.990288 -0.0631307
-30.8233 3.29262 17.9145 0.132966 -0.987587 -0.0836089
-30.3211 3.2927 18.7207 0.133509 -0.987564 -0.0830227
-29.7711 3.30472 19.5632 0.145405 -0.986437 -0.0761594
-29.0382 3.30701 20.7127 0.132864 -0.986616 -0.0945277
-28.5179 3.30486 21.4682 0.133724 -0.986902 -0.0902362
-27.7301 3.31239 22.5349 0.107553 -0.991118 -0.0781189
-26.9698 3.31428 23.394 0.121932 -0.9872 -0.102682
-26.0343 3.32202 24.4146 0.110009 -0.989139 -0.0974806
-25.4063 3.3071 25.2006 0.109422 -0.988498 -0.104356
-24.7941 3.30933 25.8738 0.11514 -0.988556 -0.0974708
-23.7407 3.3212 26.8598 0.106989 -0.987185 -0.118404
-22.9429 3.31412 27.6242 0.104775 -0.986998 -0.121889
-22.1144 3.32028 28.2494 0.0979478 -0.987645 -0.122326
-21.2414 3.33788 28.8017 0.0954021 -0.987886 -0.12239
-20.3616 3.34292 29.4295 0.0892217 -0.986886 -0.13451
-19.2662 3.32462 30.2541 0.0779102 -0.989555 -0.121183
-18.3998 3.31339 30.9119 0.0818146 -0.988635 -0.126128
-17.6053 3.31667 31.4437 0.0870909 -0.987071 -0.134102
-16.651 3.31689 31.9846 0.0808022 -0.98567 -0.148074
-15.4349 3.3112 32.5591 0.0552041 -0.990596 -0.125185
-14.5172 3.32379 32.863 0.0568984 -0.99091 -0.121826
-13.5735 3.33904 33.2116 0.0624456 -0.989621 -0.128995
-12.3795 3.33298 33.7538 0.050431 -0.988706 -0.140793
-11.3816 3.32237 34.1687 0.0544561 -0.989599 -0.132793
-10.3472 3.32754 34.5471 0.0545613 -0.987589 -0.147279
-8.96305 3.33063 34.9312 0.0292175 -0.990685 -0.133002
-7.64459 3.32435 35.3118 0.0455829 -0.9876 -0.150228
-6.74794 3.32999 35.52 0.0286054 -0.986526 -0.161083
-5.4907 3.34096 35.6748 0.0269378 -0.986442 -0.161876
-4.12999 3.35068 35.8139 0.0222299 -0.986477 -0.16238
-3.089 3.33447 35.9989 0.0111894 -0.987472 -0.157397
-2.04138 3.32567 36.1254 0.0117914 -0.987255 -0.158702
-0.842098 3.32642 36.2165 0.0123106 -0.987061 -0.15987
0.207591 3.32352 36.3152 0.0110263 -0.986475 -0.163495
1.39077 3.32235 36.388 0.0100394 -0.985113 -0.171616
2.41422 3.34404 36.2927 -0.000986801 -0.989342 -0.145362
3.74992 3.35478 36.1163 -0.0137526 -0.98639 -0.163836
4.88492 3.35661 35.9803 -0.0185763 -0.987484 -0.156618
5.87938 3.3424 35.9308 -0.0275575 -0.987934 -0.152405
7.03563 3.3334 35.7747 -0.0244601 -0.987598 -0.15499
8.0765 3.32939 35.6247 -0.0273634 -0.988799 -0.146724
8.96784 3.33978 35.3922 -0.025016 -0.988508 -0.149046
10.0319 3.35122 35.1465 -0.026173 -0.988098 -0.151572
11.3269 3.33521 34.9208 -0.0485858 -0.985066 -0.165182
12.2733 3.33581 34.5402 -0.0499187 -0.988447 -0.143111
13.3868 3.35959 34.024 -0.0445106 -0.988017 -0.147788
14.6218 3.35304 33.6085 -0.063118 -0.986118 -0.153583
15.5484 3.35192 33.2281 -0.0662445 -0.988158 -0.137811
16.67 3.34136 32.7466 -0.0584649 -0.989535 -0.131689
17.5315 3.3335 32.3559 -0.0799911 -0.98668 -0.141645
18.3258 3.33134 31.9236 -0.073635 -0.987677 -0.138015
19.1604 3.33243 31.5127 -0.067749 -0.987619 -0.141485
20.4678 3.34273 30.7729 -0.0803113 -0.988004 -0.131658
21.6469 3.35311 29.9225 -0.0776579 -0.988741 -0.127863
22.6703 3.36304 29.1814 -0.0930197 -0.987713 -0.125583
23.4157 3.35701 28.6512 -0.0846665 -0.989614 -0.11617
24.3609 3.35262 27.9617 -0.0894766 -0.989754 -0.111272
25.2062 3.35007 27.3032 -0.0915039 -0.988533 -0.12012
25.957 3.35799 26.6077 -0.103449 -0.988404 -0.111161
26.7612 3.36945 25.7649 -0.0962913 -0.989218 -0.109828
27.4574 3.37526 25.0697 -0.105901 -0.987794 -0.114226
28.2133 3.38618 24.1715 -0.106367 -0.989931 -0.0933962
28.7949 3.39992 23.3936 -0.105002 -0.989178 -0.102474
29.4315 3.41088 22.59 -0.122426 -0.987858 -0.0956478
30.0912 3.41139 21.7505 -0.12299 -0.987713 -0.0964157
30.8329 3.39662 20.7618 -0.133659 -0.987989 -0.0774501
31.4097 3.37967 19.9266 -0.137551 -0.987683 -0.0745803
32.0814 3.36445 18.9754 -0.123052 -0.989564 -0.0745485
32.6422 3.35118 18.1834 -0.124625 -0.990253 -0.0616371
33.2469 3.34286 16.9921 -0.135992 -0.988616 -0.0642128
33.5503 3.35728 16.0703 -0.138999 -0.988619 -0.0573986
33.9959 3.36268 14.7572 -0.140667 -0.988819 -0.0495006
34.5036 3.36858 13.4002 -0.134239 -0.989035 -0.0615597
34.9623 3.36021 12.4374 -0.147716 -0.988132 -0.0417365
35.4467 3.32744 11.3646 -0.150098 -0.98812 -0.0326572
35.9145 3.2977 9.99781 -0.154379 -0.987472 -0.0326401
36.135 3.28783 9.01031 -0.149549 -0.988746 -0.00405592
36.3344 3.26573 7.7945 -0.144307 -0.989423 -0.0142806
36.4885 3.26274 6.70938 -0.15178 -0.988306 -0.0110437
36.5709 3.24751 5.80324 -0.156917 -0.987599 0.00505875
36.7025 3.21919 4.5071 -0.151503 -0.98844 0.00568018
36.9052 3.17777 3.25659 -0.151229 -0.988438 0.0109161
37.0202 3.15037 2.08852 -0.151444 -0.98846 0.00334452
37.0968 3.13556 1.18438 -0.153122 -0.988193 0.00483687
37.0976 3.12553 0.233394 -0.148083 -0.988905 0.0117232
37.0419 3.12729 -0.913632 -0.147499 -0.989062 0.000545717
36.9857 3.13123 -1.98336 -0.150234 -0.988546 0.0118034
36.875 3.12945 -2.99151 -0.144455 -0.989355 0.0176048
36.6238 3.15517 -4.25766 -0.141819 -0.989869 0.00685359
36.5048 3.16428 -5.29021 -0.148324 -0.988921 0.00597091
36.4798 3.16013 -6.46469 -0.148575 -0.988874 0.0073646
36.4058 3.16298 -7.5227 -0.146939 -0.989117 0.0075084
36.2367 3.18101 -8.498 -0.147365 -0.989059 0.00682076
35.9446 3.20908 -9.67091 -0.156036 -0.987454 0.0242341
35.6241 3.23512 -10.6805 -0.152626 -0.987796 0.030214
35.1779 3.25682 -11.9308 -0.149593 -0.988173 0.033632
34.7016 3.29053 -13.14 -0.152306 -0.987652 0.0364005
34.1597 3.29378 -14.619 -0.142266 -0.988572 0.0498357
33.5652 3.31172 -16.0217 -0.118861 -0.992053 0.0412186
33.1746 3.30163 -17.0623 -0.127469 -0.990058 0.0594674
32.5271 3.30314 -18.266 -0.127486 -0.989364 0.0700352
31.8969 3.31866 -19.2173 -0.122964 -0.99009 0.0676006
31.2406 3.32466 -20.2952 -0.126062 -0.989411 0.0719341
30.6992 3.34509 -21.0779 -0.135927 -0.987958 0.0731378
30.1306 3.3612 -21.7789 -0.131886 -0.987324 0.0883038
29.3523 3.36567 -22.7406 -0.117492 -0.987756 0.102633
28.6289 3.34599 -23.813 -0.120963 -0.988175 0.094227
27.7437 3.34147 -24.922 -0.110503 -0.988701 0.101284
27.0701 3.34613 -25.6023 -0.109286 -0.988157 0.107687
26.0117 3.36465 -26.5006 -0.0957195 -0.989529 0.107384
25.2452 3.36974 -27.1963 -0.0968629 -0.991144 0.0908408
24.512 3.38444 -27.7817 -0.102548 -0.987195 0.121838
23.4353 3.38044 -28.5546 -0.0856998 -0.988346 0.125806
22.7086 3.37935 -29.1381 -0.0969648 -0.988553 0.11559
21.7935 3.36587 -29.908 -0.0787497 -0.988286 0.13073
21.0921 3.3437 -30.5003 -0.0827076 -0.988623 0.125633
20.1001 3.34601 -31.1385 -0.0795523 -0.988348 0.129655
19.2449 3.34462 -31.5928 -0.0673097 -0.989024 0.131535
18.057 3.33951 -32.2468 -0.0613603 -0.990019 0.126877
17.0739 3.33542 -32.7339 -0.0576132 -0.990008 0.128706
16.1049 3.33588 -33.1477 -0.0531917 -0.990532 0.126555
15.1653 3.33762 -33.5305 -0.0518474 -0.990739 0.125493
14.3101 3.33945 -33.8648 -0.049638 -0.990126 0.131094
13.4671 3.33653 -34.2061 -0.0503023 -0.989931 0.132309
12.5586 3.33359 -34.5545 -0.0419603 -0.990258 0.132758
11.291 3.32226 -35.0251 -0.0378645 -0.990372 0.13311
10.2987 3.32218 -35.3102 -0.037941 -0.99095 0.128759
9.10399 3.3369 -35.5416 -0.0337831 -0.989674 0.139296
7.82877 3.3589 -35.6437 -0.0178464 -0.990911 0.133314
6.54714 3.36245 -35.769 -0.0139399 -0.991052 0.132725
5.64644 3.36361 -35.9315 -0.0270254 -0.989445 0.142366
4.56649 3.34969 -36.137 -0.00670133 -0.988912 0.148353
3.50912 3.3284 -36.3549 -0.0126645 -0.988087 0.153224
2.55611 3.32076 -36.4568 -0.0090736 -0.987252 0.158905
1.57145 3.32716 -36.4287 -0.00214417 -0.987644 0.156694
0.467104 3.33037 -36.3762 0.00661383 -0.988391 0.151788
-1.2601 3.33551 -36.2175 0.0145485 -0.98811 0.153061
-2.17725 3.33342 -36.1464 0.0193524 -0.98766 0.155302
-3.12139 3.32372 -36.0818 0.0199909 -0.988524 0.149734
-4.49965 3.31302 -35.9365 0.0289239 -0.987825 0.152859
-5.62842 3.29713 -35.8104 0.0333001 -0.988518 0.147377
-6.71216 3.2858 -35.6528 0.0300246 -0.988513 0.148109
-7.78737 3.29143 -35.3727 0.0410735 -0.987142 0.154476
-8.70158 3.28673 -35.1011 0.0519167 -0.988569 0.141549
-9.81261 3.27915 -34.8239 0.0401135 -0.989046 0.142046
-10.8408 3.27825 -34.4789 0.0549248 -0.98826 0.142568
-12.1336 3.28152 -33.9144 0.064241 -0.987693 0.1426
-13.2311 3.27769 -33.4532 0.0634266 -0.989438 0.129929
-14.3792 3.25299 -33.0365 0.0611353 -0.990853 0.120246
-15.3583 3.24679 -32.6212 0.0572077 -0.990947 0.121455
-16.24 3.24952 -32.1691 0.0607485 -0.990743 0.121399
-17.0825 3.25057 -31.7028 0.0749847 -0.989817 0.11969
-17.9071 3.2435 -31.2216 0.0872035 -0.987296 0.132821
-18.969 3.2393 -30.4711 0.0861067 -0.989925 0.111713
-19.7418 3.24095 -29.9191 0.0714629 -0.991366 0.109937
-20.5181 3.24473 -29.3797 0.0700932 -0.991461 0.109956
-21.4878 3.24976 -28.7315 0.0655332 -0.990723 0.118715
-22.2042 3.24976 -28.1631 0.0932572 -0.989244 0.112691
-23.1722 3.25653 -27.3363 0.0893721 -0.988635 0.120889
-24.2136 3.25932 -26.4471 0.11393 -0.987084 0.112575
-24.9324 3.24284 -25.8413 0.114818 -0.987348 0.109363
-25.6738 3.24675 -25.0606 0.111048 -0.988152 0.105946
-26.2331 3.26325 -24.3205 0.113468 -0.98787 0.105978
-26.9935 3.27301 -23.3727 0.115567 -0.988599 0.0965253
-27.5907 3.27684 -22.6185 0.120141 -0.988196 0.0949295
-28.4486 3.304 -21.4123 0.118631 -0.986841 0.109872
-28.9961 3.30312 -20.6874 0.128677 -0.988387 0.0791165
-29.6698 3.28308 -19.8374 0.115057 -0.990428 0.0762482
-30.4188 3.26281 -18.7335 0.143074 -0.987743 0.0624003
-30.9723 3.25171 -17.7151 0.138143 -0.987853 0.0711516
-31.5417 3.26236 -16.4881 0.137275 -0.9878 0.0735278
-32.0601 3.26488 -15.3966 0.1312 -0.989335 0.0621776
-32.4336 3.26878 -14.4978 0.142253 -0.988118 0.0580137
-32.8378 3.2741 -13.3362 0.138012 -0.988772 0.057113
-33.3154 3.28189 -12.1638 0.144257 -0.987904 0.0558303
-33.8184 3.25431 -10.944 0.14133 -0.989183 0.0390101
-34.0888 3.25485 -9.92665 0.147296 -0.988331 0.0388178
-34.4129 3.24996 -8.68343 0.138395 -0.989797 0.0338871
-34.6371 3.25055 -7.75031 0.140136 -0.989422 0.0373023
-34.7567 3.25512 -6.78605 0.156541 -0.987464 0.0202455
-34.8612 3.25643 -5.85218 0.15711 -0.987429 0.0173013
-34.9927 3.25774 -4.39297 0.155305 -0.987792 0.012169
-35.0761 3.25566 -3.49444 0.15374 -0.98802 0.0132962
-35.9488 3.11195 -3.57141 0.163207 -0.986488 0.013855
-35.8548 3.11242 -4.87906 0.159762 -0.987053 0.0141704
-35.7274 3.11334 -6.15274 0.158537 -0.987217 0.0162907
-35.6111 3.10782 -7.18629 0.166704 -0.985531 0.0306236
-35.3454 3.10148 -8.69243 0.162253 -0.986152 0.0341971
-34.9549 3.11636 -10.1842 0.160216 -0.986558 0.0321726
-34.7214 3.11234 -11.1412 0.14579 -0.98821 0.0467681
-34.3144 3.12527 -12.1929 0.153649 -0.987044 0.0460625
-33.9271 3.1401 -13.0902 0.153118 -0.986956 0.049727
-33.578 3.1362 -13.9349 0.138011 -0.988772 0.0571124
-33.2628 3.12584 -14.8509 0.143647 -0.987655 0.0624815
-32.8499 3.12077 -15.845 0.144798 -0.987027 0.0693596
-32.2921 3.11803 -16.9987 0.141467 -0.987167 0.074079
-31.8254 3.10947 -18.0373 0.140714 -0.987536 0.0705193
-31.356 3.11509 -18.9227 0.144778 -0.98706 0.0686267
-30.7378 3.13122 -19.9201 0.141858 -0.986626 0.0799877
-29.9364 3.14573 -20.961 0.140972 -0.98504 0.0991027
-29.2578 3.15666 -21.8287 0.141064 -0.985351 0.0958022
-28.5625 3.13187 -22.8542 0.121317 -0.987496 0.100364
-28.0309 3.12582 -23.6174 0.126964 -0.98636 0.104681
-27.2695 3.1301 -24.428 0.116047 -0.987594 0.105792
-26.511 3.10393 -25.5047 0.113852 -0.987484 0.109044
-25.7077 3.0976 -26.3595 0.113278 -0.987049 0.113588
-24.5798 3.1152 -27.318 0.11291 -0.986849 0.115676
-23.8762 3.12247 -27.9121 0.0906415 -0.988977 0.11701
-22.8774 3.11801 -28.7627 0.0925843 -0.989282 0.112912
-21.8885 3.11551 -29.5001 0.0884923 -0.987533 0.130186
-20.7087 3.11092 -30.3267 0.0870068 -0.987849 0.128779
-19.6374 3.10138 -31.0993 0.0833016 -0.988747 0.124255
-18.791 3.09846 -31.7138 0.0882304 -0.987252 0.132475
-17.8915 3.10082 -32.2896 0.0845651 -0.986816 0.137904
-17.0432 3.1055 -32.7506 0.0811832 -0.98636 0.143175
-16.0335 3.11025 -33.2676 0.0785599 -0.986049 0.146748
-15.2144 3.11397 -33.6594 0.0742561 -0.986226 0.147795
-14.0863 3.13224 -34.0996 0.0668414 -0.987347 0.143677
-13.167 3.14264 -34.428 0.0596475 -0.98811 0.141704
-12.0488 3.14086 -34.9337 0.0655977 -0.987948 0.140198
-11.0133 3.13855 -35.3885 0.0521951 -0.987958 0.145575
-10.1487 3.13624 -35.6916 0.0455801 -0.987667 0.149785
-9.06911 3.14764 -35.945 0.0449768 -0.987465 0.151287
-8.17958 3.14393 -36.2168 0.0407315 -0.987572 0.151796
-6.727 3.14944 -36.5603 0.0353126 -0.987845 0.151318
-5.12691 3.16891 -36.749 0.02772 -0.987957 0.152225
-4.21096 3.18025 -36.847 0.0274633 -0.98767 0.154126
-2.82129 3.19196 -36.9928 0.0175022 -0.988309 0.151421
-1.78861 3.19615 -37.0669 0.0147813 -0.988088 0.153179
-0.590392 3.19274 -37.1982 0.013569 -0.987978 0.153997
0.814784 3.1886 -37.3145 0.00793621 -0.988181 0.153072
1.79249 3.18109 -37.348 -0.00340356 -0.987385 0.1583
2.83733 3.17585 -37.3588 -0.00531456 -0.987838 0.155353
3.73957 3.1853 -37.2538 -0.00739161 -0.988279 0.152478
4.88117 3.21686 -36.9991 -0.00573327 -0.987988 0.154427
6.08708 3.22913 -36.7884 -0.0251396 -0.989733 0.140703
7.11768 3.23107 -36.6256 -0.0141252 -0.989522 0.143689
8.06691 3.22198 -36.5534 -0.0293069 -0.986887 0.158711
8.96964 3.20238 -36.486 -0.0366908 -0.988044 0.149741
10.19 3.18791 -36.255 -0.0437282 -0.987518 0.151316
11.1715 3.1823 -36.0101 -0.0409946 -0.988012 0.148835
12.4316 3.19382 -35.5661 -0.0441868 -0.988311 0.145909
13.3247 3.20559 -35.2118 -0.046561 -0.988369 0.144772
14.4337 3.21294 -34.7736 -0.0496382 -0.990126 0.131095
15.3432 3.21763 -34.3922 -0.0552602 -0.988923 0.137497
16.5357 3.20809 -33.927 -0.0618986 -0.989114 0.133502
17.5597 3.20607 -33.5114 -0.0565888 -0.989652 0.13182
18.6574 3.20401 -32.9604 -0.0765528 -0.986745 0.143082
19.6526 3.21248 -32.3793 -0.0734739 -0.987991 0.135679
20.8101 3.20616 -31.769 -0.0795525 -0.988348 0.129655
21.6483 3.20899 -31.1963 -0.0822703 -0.988663 0.125605
22.3439 3.22755 -30.6215 -0.0846627 -0.987657 0.131643
23.0656 3.23922 -30.0171 -0.0983741 -0.987445 0.123591
23.8415 3.23748 -29.4011 -0.0913322 -0.98845 0.120698
24.8314 3.24098 -28.649 -0.0956604 -0.987144 0.128047
25.6708 3.22726 -28.027 -0.106015 -0.987736 0.114566
26.677 3.22172 -27.1277 -0.111208 -0.987782 0.109176
27.4715 3.20404 -26.4785 -0.110261 -0.987848 0.109531
28.2974 3.20797 -25.6211 -0.10991 -0.988311 0.105554
28.9877 3.20715 -24.7996 -0.120736 -0.987993 0.0963946
29.6437 3.21491 -23.8968 -0.118004 -0.988374 0.0958722
30.226 3.23095 -23.037 -0.124751 -0.987264 0.0983686
30.9729 3.21375 -22.1696 -0.131948 -0.987048 0.091204
31.6126 3.19518 -21.3525 -0.130893 -0.988154 0.0801146
32.1791 3.18397 -20.5443 -0.132081 -0.988342 0.0756719
32.8538 3.17849 -19.4252 -0.129767 -0.988719 0.0747991
33.4312 3.16836 -18.533 -0.136066 -0.988042 0.0718731
34.0753 3.16546 -17.2553 -0.145466 -0.987187 0.0653936
34.5459 3.17088 -16.003 -0.146762 -0.987538 0.0568317
34.9979 3.15198 -15.0557 -0.141914 -0.988684 0.0486339
35.35 3.15416 -13.9969 -0.148123 -0.987872 0.0459542
35.8158 3.13131 -12.798 -0.152305 -0.987652 0.0364003
36.1747 3.10851 -11.8844 -0.153129 -0.987582 0.035112
36.5678 3.08409 -10.7342 -0.157748 -0.987121 0.0266114
36.8519 3.06109 -9.87442 -0.157671 -0.98726 0.0210294
37.0703 3.04247 -8.9403 -0.16018 -0.986929 0.0176922
37.2361 3.0314 -7.97181 -0.161421 -0.986765 0.0154478
37.3535 3.02331 -6.8711 -0.152247 -0.988294 0.00981444
37.3814 3.02955 -5.81101 -0.150411 -0.988584 0.00858903
37.4373 3.03132 -4.874 -0.143874 -0.989533 0.0111593
37.7249 3.00234 -3.52216 -0.151352 -0.988434 0.00952615
37.8864 2.98687 -2.3283 -0.156567 -0.987647 0.00623982
37.9228 2.98666 -1.41773 -0.15588 -0.987761 0.00544479
37.9719 2.98396 -0.469056 -0.154763 -0.987935 0.00569954
38.0018 2.9879 0.462599 -0.15481 -0.987892 0.0101194
37.9436 3.00555 1.6021 -0.154801 -0.987925 0.00632893
37.8467 3.02958 2.81533 -0.1549 -0.987883 0.00840189
37.7495 3.05166 3.82104 -0.159202 -0.987227 0.00615296
37.5223 3.09386 5.09867 -0.155558 -0.987819 0.00381081
37.4556 3.10889 6.18154 -0.156248 -0.987707 0.0046059
37.2695 3.13408 7.48965 -0.15178 -0.988306 -0.0110445
37.0495 3.14987 8.91994 -0.146528 -0.989169 -0.00736892
36.7402 3.15243 10.4744 -0.158146 -0.987049 -0.026325
36.4158 3.17683 11.3674 -0.153417 -0.987729 -0.0292383
36.0532 3.20519 12.2467 -0.147715 -0.988132 -0.0417369
35.4942 3.23341 13.4116 -0.141445 -0.988394 -0.0544778
35.1207 3.23397 14.3628 -0.13082 -0.990411 -0.0444153
34.7919 3.23236 15.2163 -0.126359 -0.990588 -0.0526237
34.3319 3.21554 16.5866 -0.137089 -0.988769 -0.0595117
34.0053 3.20486 17.4902 -0.137468 -0.988219 -0.0672693
33.566 3.21106 18.351 -0.145888 -0.987292 -0.0630226
33.0369 3.22556 19.1711 -0.136137 -0.987404 -0.0800904
32.5152 3.23354 19.9052 -0.128272 -0.988685 -0.0777721
31.8992 3.245 20.8072 -0.137373 -0.987657 -0.0752448
31.2379 3.26662 21.7211 -0.133659 -0.987989 -0.0774497
30.5438 3.26841 22.6362 -0.123632 -0.98767 -0.0960409
29.9624 3.27221 23.3497 -0.122622 -0.987929 -0.0946541
29.2499 3.2644 24.2737 -0.111682 -0.988547 -0.101081
28.722 3.24423 25.0191 -0.112643 -0.987266 -0.112222
28.0145 3.22958 25.813 -0.107528 -0.987547 -0.114827
27.0857 3.22445 26.7198 -0.105799 -0.98784 -0.113929
26.4463 3.21602 27.3986 -0.106042 -0.987938 -0.112837
25.6574 3.21499 28.0711 -0.0956206 -0.988114 -0.120296
24.4984 3.22099 28.9929 -0.0989953 -0.98732 -0.124039
23.6154 3.22202 29.6166 -0.086769 -0.988471 -0.124079
22.7321 3.22338 30.2431 -0.0888995 -0.987667 -0.128736
21.7572 3.20953 30.9729 -0.0831981 -0.987747 -0.132034
20.9982 3.19466 31.5282 -0.0773544 -0.98727 -0.138977
20.1894 3.18417 32.0505 -0.0764853 -0.986804 -0.142714
19.1933 3.18769 32.5271 -0.0681042 -0.988198 -0.137213
18.2702 3.17943 33.0501 -0.0689386 -0.988215 -0.136671
17.4186 3.19979 33.3654 -0.0737203 -0.986702 -0.144688
16.1122 3.19957 33.9692 -0.0672239 -0.986075 -0.152081
15.0942 3.19792 34.4103 -0.0641514 -0.98601 -0.153845
14.0207 3.21612 34.7403 -0.0640104 -0.986181 -0.152803
12.9197 3.20147 35.2426 -0.0498592 -0.987755 -0.147759
11.5135 3.17492 35.8339 -0.0450704 -0.986001 -0.160503
10.1197 3.21091 36.0266 -0.0433175 -0.986007 -0.160913
9.08169 3.19768 36.3357 -0.0256092 -0.988979 -0.145827
8.05996 3.18555 36.5903 -0.0232159 -0.98713 -0.158214
6.98624 3.18803 36.7088 -0.0244601 -0.987598 -0.154989
5.77113 3.196 36.8679 -0.0233657 -0.986265 -0.163499
4.7791 3.22089 36.8483 -0.0203899 -0.986199 -0.164297
3.67421 3.20202 37.0424 -0.0137522 -0.98639 -0.163837
2.59376 3.19225 37.186 -0.0131289 -0.985567 -0.168777
1.66974 3.16448 37.3105 0.00830558 -0.984885 -0.172995
0.589884 3.16297 37.2778 0.00544699 -0.985807 -0.167795
-0.544128 3.17374 37.155 0.00974221 -0.985889 -0.167119
-1.6401 3.1785 37.0752 0.00806107 -0.987116 -0.159754
-3.34804 3.19176 36.8758 0.0106299 -0.987504 -0.157232
-4.57764 3.20671 36.6273 0.0222299 -0.986477 -0.16238
-5.58607 3.19151 36.5656 0.0254504 -0.986339 -0.162751
-6.75347 3.18223 36.4235 0.0287854 -0.986507 -0.161168
-7.82458 3.18115 36.1986 0.0424552 -0.987913 -0.149044
-8.69618 3.18246 35.958 0.0393272 -0.988226 -0.147859
-9.56335 3.19067 35.6967 0.0500545 -0.986371 -0.156737
-11.0585 3.17639 35.2789 0.0500701 -0.987588 -0.148764
-12.2548 3.18467 34.791 0.0584646 -0.988363 -0.140431
-13.2651 3.19018 34.3642 0.0582945 -0.987215 -0.148353
-14.3816 3.1991 33.8285 0.0647805 -0.988165 -0.139047
-15.2618 3.17741 33.5735 0.0620661 -0.98796 -0.141663
-16.4896 3.16562 33.0867 0.0745527 -0.985763 -0.150706
-17.4979 3.16402 32.5401 0.0807346 -0.985959 -0.146158
-18.3917 3.16005 32.0467 0.0842916 -0.98602 -0.143733
-19.3812 3.18045 31.2969 0.0852079 -0.988019 -0.12868
-20.2184 3.18298 30.6927 0.088778 -0.987405 -0.130887
-21.1559 3.20061 29.9377 0.0909889 -0.986778 -0.134131
-22.2316 3.18638 29.2406 0.0954376 -0.988207 -0.119698
-23.127 3.16841 28.6708 0.0989138 -0.988426 -0.115007
-24.0389 3.17304 27.8267 0.108228 -0.987407 -0.115048
-24.8231 3.17088 27.0706 0.11741 -0.98592 -0.119068
-25.5773 3.15463 26.4094 0.114143 -0.987289 -0.110596
-26.4423 3.17595 25.3436 0.113028 -0.987079 -0.113578
-27.2074 3.177 24.467 0.126549 -0.986737 -0.101666
-27.854 3.164 23.7911 0.125711 -0.986302 -0.106623
-28.4132 3.16574 23.0813 0.131746 -0.985578 -0.106205
-29.1131 3.16482 22.1205 0.133057 -0.986969 -0.0904871
-29.8027 3.16312 21.14 0.138408 -0.986065 -0.0921036
-30.4748 3.1593 20.1031 0.144678 -0.985975 -0.0829195
-31.0706 3.15042 19.2081 0.133509 -0.987567 -0.0829811
-31.5653 3.15352 18.3792 0.139133 -0.986707 -0.0836994
-32.0079 3.1582 17.5485 0.145843 -0.985799 -0.0832445
-32.4291 3.15615 16.7166 0.153959 -0.985293 -0.074099
-32.8494 3.16309 15.7869 0.139721 -0.987734 -0.0697157
-33.2256 3.16075 14.9339 0.151589 -0.986616 -0.0600881
-33.619 3.1619 14.0059 0.153757 -0.985856 -0.0666817
-34.1154 3.15392 12.8292 0.154239 -0.986935 -0.0465758
-34.4705 3.14111 11.9025 0.155188 -0.986981 -0.0422577
-34.7549 3.13623 10.9721 0.158847 -0.98644 -0.0410979
-34.9587 3.14397 10.0597 0.148796 -0.988006 -0.0412741
-35.2783 3.12837 9.10806 0.153211 -0.987743 -0.0298261
-35.5284 3.12292 7.99532 0.151683 -0.98802 -0.028449
-35.6209 3.13409 6.99669 0.160172 -0.986963 -0.0156992
-35.6885 3.13758 6.06471 0.159009 -0.987148 -0.01596
-35.8242 3.13267 5.0741 0.158983 -0.987135 -0.0169826
-35.9505 3.12666 3.76307 0.159407 -0.987183 -0.00762864
-36.1317 3.10783 2.57244 0.164885 -0.98629 -0.00672034
-36.2907 3.08615 1.46434 0.168744 -0.985659 -0.000970267
-36.2981 3.08395 0.466057 0.162488 -0.986696 0.00428014
-36.1942 3.09924 -0.912157 0.158057 -0.987405 0.00487189
-36.1561 3.09535 -2.36998 0.169201 -0.985546 0.00840029
-36.0586 3.10471 -2.94899 0.166505 -0.985919 0.0150765
-36.9234 2.95313 -3.25832 0.166981 -0.985885 0.0121936
-36.7783 2.96525 -4.36176 0.166429 -0.985991 0.0110599
-36.7098 2.96359 -5.29382 0.166669 -0.985876 0.0164116
-36.5351 2.96299 -6.77391 0.170262 -0.984998 0.0279263
-36.4314 2.95059 -7.74253 0.166466 -0.985656 0.0274685
-36.2286 2.94637 -9.04566 0.160849 -0.98646 0.0320008
-35.8786 2.96083 -10.3498 0.160658 -0.986477 0.032423
-35.5334 2.97056 -11.5787 0.154205 -0.986976 0.0453023
-35.0166 2.98279 -12.8604 0.149763 -0.987371 0.0515263
-34.6438 2.99185 -13.731 0.148109 -0.986968 0.0629102
-34.1742 2.98718 -14.9347 0.144865 -0.987458 0.0627791
-33.7881 2.98413 -15.841 0.143393 -0.987258 0.0689878
-33.2581 2.97435 -17.0687 0.14423 -0.986938 0.071769
-32.8927 2.96484 -17.9289 0.144859 -0.986517 0.0760481
-32.1527 2.9581 -19.3442 0.152422 -0.984846 0.0825925
-31.669 2.97004 -20.1467 0.157704 -0.983424 0.0889834
-31.0237 2.96977 -21.1295 0.15172 -0.982851 0.104805
-30.2743 2.99106 -22.0482 0.140464 -0.985687 0.0932305
-29.7474 2.99101 -22.7715 0.127979 -0.985749 0.109184
-29.1438 2.98238 -23.5989 0.128319 -0.986543 0.101323
-28.5556 2.97818 -24.3561 0.125101 -0.98622 0.108258
-27.9073 2.98344 -25.0708 0.122849 -0.986668 0.106747
-27.373 2.96429 -25.8511 0.120707 -0.985989 0.115069
-26.6647 2.94614 -26.7138 0.116228 -0.986913 0.111622
-25.9429 2.94911 -27.4041 0.113123 -0.986848 0.115471
-24.8538 2.97389 -28.2573 0.112778 -0.986877 0.115565
-23.7314 2.9779 -29.1923 0.106205 -0.986364 0.125727
-22.9804 2.98097 -29.7743 0.0970192 -0.986578 0.131108
-22.2199 2.97425 -30.3425 0.0901595 -0.987529 0.129048
-21.245 2.97001 -31.0513 0.0859672 -0.988123 0.127365
-20.147 2.96477 -31.8428 0.083543 -0.988677 0.124655
-19.0577 2.95398 -32.6192 0.0874529 -0.987479 0.13129
-17.9038 2.95097 -33.3212 0.0825682 -0.986407 0.142068
-16.7119 2.95941 -33.9178 0.0786002 -0.986037 0.146811
-15.804 2.96837 -34.3432 0.0742148 -0.986667 0.144848
-14.8409 2.97733 -34.7679 0.0722246 -0.986067 0.149849
-13.944 2.99776 -35.0633 0.0698482 -0.986044 0.151107
-12.9538 2.98172 -35.5873 0.0654795 -0.98679 0.148079
-11.5647 2.99783 -36.0947 0.0610254 -0.984895 0.161989
-10.5531 2.9872 -36.5152 0.0562827 -0.984969 0.163296
-9.65862 2.98938 -36.7903 0.0494351 -0.985555 0.161981
-8.73078 2.99157 -37.0446 0.0436736 -0.986276 0.159227
-7.81351 2.99595 -37.2714 0.0416141 -0.986841 0.156213
-6.60974 3.01451 -37.4563 0.0369005 -0.987026 0.156235
-5.17632 3.03259 -37.6242 0.0277325 -0.987922 0.152448
-4.20289 3.0435 -37.7282 0.0273785 -0.987867 0.152871
-2.76195 3.05284 -37.8869 0.0172241 -0.987389 0.157352
-1.82815 3.0555 -37.9609 0.0129018 -0.987503 0.157049
-0.759837 3.04638 -38.1092 0.0113412 -0.986719 0.161969
0.308524 3.03346 -38.2326 0.00626654 -0.986395 0.16427
1.74323 3.03208 -38.2716 0.0047204 -0.986805 0.161789
3.07665 3.03671 -38.2166 -0.00398552 -0.986844 0.161626
4.0057 3.04937 -38.1039 -0.00832595 -0.9868 0.161724
4.95647 3.06706 -37.9406 -0.0104216 -0.987103 0.159744
5.89115 3.07512 -37.8039 -0.021361 -0.987086 0.15876
6.86049 3.09026 -37.5855 -0.0233454 -0.987461 0.156064
7.95673 3.07397 -37.4928 -0.0274528 -0.987185 0.157192
9.15303 3.05694 -37.3547 -0.0334662 -0.986021 0.163228
10.1007 3.04943 -37.1804 -0.0420591 -0.986558 0.157801
11.0385 3.02401 -37.0728 -0.0428562 -0.987295 0.153003
12.4093 3.05238 -36.507 -0.045723 -0.986793 0.155398
13.3032 3.06064 -36.1892 -0.0488484 -0.986555 0.155932
14.3725 3.07431 -35.7368 -0.0532914 -0.986693 0.153611
15.2697 3.08139 -35.3582 -0.0606789 -0.987726 0.143928
16.203 3.07437 -35.0132 -0.0605454 -0.987727 0.143975
17.1721 3.0675 -34.6222 -0.0687648 -0.986431 0.149078
18.3609 3.0528 -34.1435 -0.0768026 -0.985781 0.149457
19.522 3.05285 -33.5343 -0.0787115 -0.986251 0.145303
20.5279 3.05623 -32.9621 -0.0797592 -0.986232 0.144864
21.4195 3.06537 -32.3968 -0.086351 -0.986007 0.14251
22.7536 3.07916 -31.4325 -0.0917637 -0.986162 0.138064
23.5773 3.08618 -30.8205 -0.10076 -0.986164 0.131491
24.6109 3.09235 -29.9725 -0.0937848 -0.987464 0.126954
25.3747 3.09085 -29.4108 -0.0962641 -0.987348 0.125994
26.1992 3.07659 -28.8313 -0.106328 -0.986719 0.122802
27.232 3.07472 -27.8921 -0.11128 -0.987769 0.109224
28.233 3.06041 -26.992 -0.112809 -0.987432 0.110676
28.8768 3.06775 -26.283 -0.116958 -0.986925 0.110802
29.8076 3.07112 -25.151 -0.122715 -0.987595 0.0979648
30.3881 3.08078 -24.3613 -0.118259 -0.988325 0.0960611
31.0056 3.08506 -23.5133 -0.12693 -0.987857 0.0895847
31.6308 3.06339 -22.8611 -0.133615 -0.987142 0.0877367
32.2436 3.05633 -22.0074 -0.13036 -0.987646 0.0868861
32.8792 3.0399 -21.1784 -0.131601 -0.988248 0.0777656
33.3952 3.03921 -20.2837 -0.136874 -0.987805 0.0741347
34.2617 3.01892 -18.8979 -0.145472 -0.986757 0.0717539
34.8058 3.01063 -17.8977 -0.147642 -0.986568 0.069894
35.1279 3.02658 -16.9706 -0.150991 -0.986461 0.0637924
35.5839 3.01853 -15.9208 -0.153116 -0.98654 0.0573945
36.0347 2.99873 -15.0562 -0.150562 -0.987133 0.0536667
36.3044 2.99819 -14.176 -0.153777 -0.987088 0.0448373
36.7731 2.9784 -12.8456 -0.156947 -0.986849 0.0386767
37.2071 2.95308 -11.7333 -0.157088 -0.986825 0.0387285
37.6083 2.91668 -10.6817 -0.16262 -0.98634 0.0262207
37.897 2.89937 -9.32987 -0.162944 -0.986362 0.0229711
38.0846 2.8915 -8.27809 -0.148766 -0.988738 0.0163296
38.2417 2.88991 -6.77468 -0.149349 -0.988715 0.0116303
38.3291 2.8868 -5.83984 -0.148164 -0.988897 0.0114163
38.5357 2.87047 -4.61951 -0.148819 -0.98882 0.00900543
38.6765 2.8552 -3.64833 -0.157848 -0.987455 0.00388597
38.837 2.83393 -2.6904 -0.156466 -0.987674 0.00419241
38.8151 2.84264 -1.79002 -0.157121 -0.987558 0.00647819
38.8635 2.8419 -0.53092 -0.160442 -0.987019 0.00723888
38.9024 2.84171 0.45821 -0.163666 -0.986492 0.00682808
38.7994 2.86628 1.69838 -0.163355 -0.986553 0.00542293
38.6967 2.8879 2.63158 -0.164663 -0.986327 0.00645596
38.6934 2.89669 3.63286 -0.166895 -0.985951 0.00646174
38.5074 2.93323 4.7384 -0.167456 -0.985871 0.00416476
38.3996 2.95261 5.6687 -0.164965 -0.986292 -0.00364098
38.4077 2.94821 6.65623 -0.165756 -0.986158 -0.00407281
38.0949 2.99682 7.7226 -0.163885 -0.986479 -0.00135339
37.9322 3.01345 8.6993 -0.157073 -0.987503 -0.0128608
37.8526 2.9815 10.2004 -0.158146 -0.987049 -0.0263253
37.4332 3.02365 11.354 -0.152912 -0.987918 -0.024625
36.9971 3.06446 12.3109 -0.146149 -0.988965 -0.0242708
36.6923 3.06235 13.189 -0.138644 -0.988922 -0.0530245
36.2637 3.08804 14.0056 -0.150652 -0.98744 -0.0475807
35.8268 3.08894 15.2047 -0.148317 -0.986786 -0.0649714
35.4607 3.07706 16.1913 -0.143966 -0.98795 -0.0568259
34.9416 3.06801 17.5507 -0.14635 -0.986783 -0.0695297
34.5075 3.06929 18.4149 -0.14441 -0.986855 -0.0725304
34.052 3.07531 19.2136 -0.14057 -0.987214 -0.0751543
33.3009 3.09498 20.3317 -0.136206 -0.987425 -0.0801548
32.4066 3.10744 21.6078 -0.137847 -0.986933 -0.0831753
31.4755 3.13064 22.8552 -0.131159 -0.986798 -0.0946878
30.7394 3.13024 23.8116 -0.12399 -0.987693 -0.0953399
30.1538 3.12863 24.501 -0.124319 -0.986031 -0.110848
29.4662 3.09916 25.5264 -0.123937 -0.985951 -0.111983
28.9112 3.07557 26.2767 -0.109394 -0.987136 -0.116597
28.0291 3.07634 27.1062 -0.110933 -0.987075 -0.11566
27.3552 3.07337 27.7553 -0.10793 -0.986865 -0.120199
26.4252 3.07904 28.5273 -0.102372 -0.987082 -0.123247
25.6365 3.0814 29.1764 -0.102382 -0.987302 -0.121457
24.8757 3.06851 29.8943 -0.0964624 -0.98725 -0.126618
24.0874 3.07842 30.407 -0.09353 -0.986622 -0.133483
23.1843 3.05554 31.1776 -0.0903809 -0.986965 -0.133158
22.3218 3.06034 31.7138 -0.0877359 -0.985884 -0.142559
21.3135 3.03353 32.4778 -0.0830377 -0.985441 -0.148362
20.3573 3.03692 32.9777 -0.076336 -0.986585 -0.144293
19.4735 3.04362 33.3969 -0.0750053 -0.986245 -0.147276
18.1283 3.04159 34.0729 -0.0731724 -0.986167 -0.148731
17.0441 3.05407 34.4969 -0.0689626 -0.986322 -0.149711
16.2152 3.04478 34.9254 -0.06441 -0.986373 -0.151393
14.7885 3.05567 35.4505 -0.063575 -0.986107 -0.15346
13.7317 3.06169 35.8322 -0.0557513 -0.985093 -0.16271
12.5472 3.03311 36.4172 -0.05033 -0.984155 -0.169929
11.6566 3.0247 36.7027 -0.0463838 -0.984848 -0.167082
10.724 3.04358 36.8631 -0.0493419 -0.984942 -0.165697
9.33341 3.04619 37.2212 -0.037228 -0.985922 -0.163007
8.31648 3.02839 37.5332 -0.0232151 -0.98713 -0.158214
6.89511 3.04728 37.5948 -0.0219127 -0.986551 -0.161953
5.87563 3.04381 37.7703 -0.0233586 -0.986133 -0.164289
4.84153 3.06016 37.7987 -0.0192654 -0.986024 -0.165485
3.58398 3.03957 38.0142 -0.0107615 -0.986059 -0.166049
2.58076 3.0315 38.0998 0.000723768 -0.984322 -0.176255
1.4536 3.00116 38.2385 0.0043222 -0.985145 -0.171672
0.168463 3.02303 38.0891 0.00310458 -0.985999 -0.166713
-1.12422 3.00106 38.1684 0.00639727 -0.986619 -0.162916
-2.45073 3.02816 37.9594 0.00567432 -0.986599 -0.163064
-3.72656 3.03499 37.7928 0.0172357 -0.986701 -0.161632
-4.57654 3.05696 37.5497 0.0225225 -0.986971 -0.159305
-5.58674 3.04845 37.4457 0.0250843 -0.986903 -0.159353
-6.53829 3.03963 37.3278 0.029296 -0.986235 -0.162733
-8.03133 3.03247 37.077 0.0388536 -0.985516 -0.165052
-9.05838 3.03437 36.8089 0.0398061 -0.985816 -0.163035
-9.99064 3.0359 36.5414 0.0490574 -0.986866 -0.153912
-11.3095 3.03252 36.1443 0.0477302 -0.986716 -0.155273
-12.2097 3.04539 35.7732 0.0613386 -0.986616 -0.151032
-13.0557 3.04156 35.4373 0.0616956 -0.987106 -0.147692
-14.2867 3.05218 34.8734 0.0592803 -0.986853 -0.150358
-15.1527 3.04375 34.5416 0.0676078 -0.986765 -0.147392
-16.0234 3.02619 34.2291 0.0747034 -0.985766 -0.150615
-16.9696 3.01228 33.8521 0.0777566 -0.985318 -0.151956
-17.8518 3.0092 33.4139 0.078811 -0.985587 -0.149532
-18.8481 3.00291 32.8556 0.0893288 -0.985428 -0.144738
-19.7974 3.02125 32.1706 0.0875079 -0.984866 -0.149607
-20.5735 3.03271 31.5574 0.100793 -0.985441 -0.136918
-21.3004 3.04434 31.0007 0.0892176 -0.987202 -0.132181
-22.159 3.05649 30.3103 0.0966658 -0.986496 -0.132206
-23.1344 3.04114 29.7017 0.110266 -0.984646 -0.135312
-24.2311 3.02255 28.9038 0.117295 -0.985142 -0.125172
-25.035 3.01703 28.1486 0.116595 -0.986247 -0.117141
-25.6832 3.02579 27.4357 0.114419 -0.986649 -0.115885
-26.6876 3.0009 26.6257 0.116068 -0.986817 -0.112781
-27.2692 3.02775 25.7661 0.11891 -0.986993 -0.10819
-28.286 3.01169 24.7286 0.126611 -0.986728 -0.101669
-28.9895 3.01849 23.7828 0.126912 -0.986763 -0.100958
-29.5941 3.02695 22.898 0.134841 -0.986214 -0.0958449
-30.1407 3.02187 22.1496 0.13697 -0.986308 -0.091833
-30.6831 3.01625 21.3829 0.138549 -0.986587 -0.0863159
-31.4552 3.00661 20.259 0.137928 -0.986692 -0.0861094
-32.321 3.00168 18.816 0.149879 -0.985155 -0.0836179
-32.9078 2.99288 17.8825 0.15571 -0.984654 -0.0786657
-33.3048 2.99364 17.0843 0.147146 -0.985679 -0.0823656
-33.6966 3.01597 16.0626 0.16015 -0.984452 -0.0716709
-34.0381 3.014 15.226 0.159149 -0.985162 -0.0642077
-34.5755 3.01249 13.9846 0.157556 -0.985127 -0.0685629
-34.9905 3.0085 12.9645 0.159954 -0.985924 -0.0486688
-35.4931 2.98057 11.811 0.163871 -0.985577 -0.0421623
-35.7945 2.97734 10.7483 0.160503 -0.985772 -0.0499304
-36.0974 2.98095 9.54877 0.169504 -0.984642 -0.0418259
-36.3144 2.97865 8.64285 0.169707 -0.984954 -0.0326421
-36.4996 2.97659 7.68773 0.167241 -0.985582 -0.0246239
-36.5563 2.98735 6.60652 0.161537 -0.986734 -0.0161871
-36.7099 2.98808 5.18899 0.158923 -0.987145 -0.0169707
-36.8101 2.98364 4.25597 0.160208 -0.987053 -0.00779781
-36.9138 2.9733 3.3282 0.161591 -0.98684 -0.00592567
-37.1586 2.93958 1.69329 0.165578 -0.986196 -0.00132043
-37.1635 2.9356 0.0386492 0.169033 -0.985602 0.00370354
-37.0904 2.94365 -1.24429 0.170712 -0.985296 0.00685755
-37.0255 2.94275 -2.69972 0.168947 -0.985567 0.0103936
-36.9857 2.94679 -2.91783 0.166981 -0.985885 0.0121931
