-57.454 21.8525 -0.951069 0.5118 -0.858393 -0.0325181
-57.6274 21.7529 -0.954144 0.471667 -0.880777 -0.039526
-57.578 21.775 0.109627 0.496995 -0.867752 -0.0014565
-57.5422 21.802 1.17495 0.490005 -0.871336 0.0200296
-57.0912 22.0535 0.28809 0.498946 -0.866604 0.0039134
-57.0662 22.08 -0.69549 0.515895 -0.856406 -0.0205117
-56.6832 22.3166 -0.941957 0.515894 -0.856407 -0.020511
-56.906 22.2266 -1.93183 0.507705 -0.86038 -0.0445259
-57.3564 22.009 -2.72698 0.49113 -0.86816 -0.0694901
-57.8622 21.6881 -2.07355 0.479878 -0.875913 -0.0499383
-58.0772 21.5108 -0.749311 0.465807 -0.884618 -0.0193167
-58.0474 21.5131 0.50444 0.466883 -0.884278 -0.00826178
-57.8246 21.6664 1.70598 0.479113 -0.877214 0.0307771
-57.4694 21.9155 2.77909 0.483697 -0.873941 0.0474655
-56.8813 22.2 1.99955 0.496695 -0.867008 0.0360403
-56.6471 22.3174 0.824245 0.503284 -0.864064 0.00992788
-56.6212 22.3391 -0.323603 0.508547 -0.860643 -0.0242222
-56.6189 22.3478 -0.627251 0.515895 -0.856406 -0.0205119
-56.1817 22.6076 -0.750341 0.501198 -0.864882 -0.0279311
-56.4592 22.5102 -2.21762 0.512821 -0.856835 -0.0533692
-56.8631 22.3254 -3.07013 0.505124 -0.860414 -0.0673664
-57.9096 21.7419 -3.14594 0.477138 -0.875906 -0.0716115
-58.3642 21.4115 -2.0459 0.476822 -0.87699 -0.0586705
-58.5071 21.2946 -1.01771 0.463452 -0.885644 -0.0291167
-58.5689 21.2418 0.117511 0.465608 -0.884963 -0.00700797
-58.3882 21.3501 1.3729 0.470526 -0.881962 0.0273531
-58.1776 21.5101 2.48037 0.482279 -0.874857 0.0450828
-57.7792 21.7849 3.4402 0.481795 -0.874512 0.0556924
-56.779 22.3124 2.98909 0.486616 -0.872193 0.049847
-56.4108 22.4791 2.08194 0.507001 -0.861625 0.0235062
-56.1714 22.5956 0.92365 0.505053 -0.863046 0.00804284
-56.1575 22.5972 0.00666326 0.504012 -0.863454 -0.0108883
-56.1583 22.5973 -0.0130674 0.501199 -0.864881 -0.0279317
-55.6757 22.8797 -0.0964783 0.504012 -0.863454 -0.0108884
-55.7957 22.8491 -1.44008 0.494714 -0.868147 -0.0369853
-56.0855 22.7531 -2.62441 0.496455 -0.866547 -0.0512733
-56.7072 22.4671 -3.72727 0.499391 -0.864214 -0.0611771
-57.8989 21.8262 -4.09885 0.476193 -0.876232 -0.0738679
-58.489 21.4373 -3.25939 0.478011 -0.8758 -0.0667598
-58.8219 21.1745 -2.21587 0.479647 -0.875161 -0.0633729
-58.9573 21.0554 -1.14996 0.487957 -0.872553 -0.0234478
-59.0501 20.9867 0.067703 0.480522 -0.876976 -0.00358277
-58.9154 21.0619 1.14667 0.473333 -0.880528 0.0246657
-58.7478 21.1871 2.26198 0.477314 -0.877654 0.0435293
-58.5155 21.3631 3.20094 0.475953 -0.877339 0.0605947
-58.0606 21.664 3.97644 0.481796 -0.874511 0.0556897
-56.8414 22.3339 3.9689 0.480998 -0.875272 0.0501273
-56.3535 22.5627 3.24227 0.480265 -0.875875 0.0467844
-55.9342 22.7543 2.16444 0.484218 -0.874818 0.0150644
-55.7097 22.8665 1.2038 0.49685 -0.867833 0.00246432
-55.6816 22.8805 0.503892 0.501849 -0.864923 0.00434993
-55.191 23.1621 0.717153 0.496875 -0.867818 0.00255236
-55.273 23.1182 1.80509 0.496826 -0.867847 0.00237683
-55.6658 22.9304 3.03944 0.486341 -0.872954 0.0377193
-56.1521 22.7095 3.89016 0.482887 -0.873763 0.0579429
-57.0283 22.274 4.77428 0.491422 -0.869481 0.0500741
-57.7768 21.8658 4.85641 0.480908 -0.875614 0.0450307
-58.7587 21.2819 3.86329 0.471279 -0.880015 0.0589012
-59.1041 21.0366 3.00103 0.467129 -0.882192 0.0593949
-59.4191 20.8118 2.056 0.476726 -0.878375 0.0327543
-59.3906 20.8012 1.15738 0.481853 -0.875866 0.0183649
-59.5288 20.7236 0.265099 0.476486 -0.879163 -3.42231e-05
-59.4952 20.7522 -0.991821 0.479816 -0.877287 -0.0119626
-59.4024 20.838 -1.91642 0.477034 -0.876791 -0.0606286
-59.0394 21.141 -3.35977 0.482262 -0.873529 -0.0661158
-58.6167 21.4455 -4.2103 0.485455 -0.870842 -0.0764573
-58.0898 21.7849 -4.92162 0.463872 -0.884717 -0.0458064
-56.8231 22.46 -4.59579 0.501707 -0.863323 -0.0544312
-56.2008 22.7738 -3.92566 0.499391 -0.864214 -0.0611771
-55.6746 23.0139 -3.0531 0.496946 -0.865917 -0.0565913
-55.3526 23.1469 -2.18311 0.496416 -0.866567 -0.0513106
-55.2056 23.1685 -0.862171 0.493013 -0.869727 -0.0226607
-55.1717 23.1717 0.235635 0.503228 -0.864071 -0.00522629
-55.1708 23.1726 0.363796 0.496875 -0.867819 0.00254954
