-59.2685 23.4504 -0.0634015 0.431101 -0.902293 -0.00335433
-59.1605 23.5148 -0.951807 0.462517 -0.886283 -0.02409
-59.609 23.2992 -1.56683 0.432029 -0.900662 -0.0459371
-59.6884 23.252 -0.422758 0.431485 -0.902098 -0.00628167
-59.6923 23.2478 0.574859 0.430718 -0.902486 -0.00042647
-59.5585 23.339 1.59194 0.450956 -0.89166 0.0397675
-59.1722 23.5067 0.700287 0.45468 -0.890269 0.0261977
-59.1717 23.4964 0.340993 0.442699 -0.896378 0.0128868
-58.6659 23.7479 0.241468 0.449107 -0.893226 0.0180889
-58.6759 23.7664 -0.906998 0.462518 -0.886283 -0.0240915
-58.875 23.6903 -1.85893 0.459949 -0.887207 -0.0361885
-59.4412 23.4381 -2.87005 0.443795 -0.89511 -0.0386627
-59.9821 23.146 -2.0812 0.427638 -0.903014 -0.0411374
-60.1124 23.0491 -0.847175 0.442838 -0.896601 0.000463115
-60.2274 22.9927 0.470718 0.429368 -0.90313 -0.000147246
-60.1314 23.0476 1.43393 0.425923 -0.903849 0.0398406
-59.7111 23.307 2.60553 0.441014 -0.89643 0.0423327
-59.0004 23.6431 2.1598 0.441916 -0.896441 0.033219
-58.702 23.7526 1.02248 0.441836 -0.896725 0.0257802
-58.6658 23.7614 0.709351 0.441835 -0.896726 0.0257812
-58.1673 24.0106 0.832358 0.449108 -0.893225 0.0180902
-58.1504 24.0086 -0.0867528 0.456378 -0.889725 0.0103966
-58.1914 24.0166 -0.994722 0.451464 -0.891812 -0.0291864
-58.4013 23.9454 -2.09153 0.458378 -0.888095 -0.0342023
-58.8471 23.7536 -3.12084 0.456809 -0.888981 -0.0322122
-59.8823 23.2613 -3.51127 0.431349 -0.900557 -0.0532338
-60.3817 22.9815 -2.6246 0.42675 -0.903333 -0.0432268
-60.5791 22.8222 -1.43917 0.413413 -0.90966 -0.036633
-60.6865 22.7711 -0.403138 0.433599 -0.9011 0.00332716
-60.6911 22.7722 1.02666 0.42507 -0.904815 0.0173172
-60.5467 22.8745 1.94733 0.425924 -0.903849 0.0398415
-60.2406 23.0665 2.82951 0.428757 -0.901892 0.0525231
-59.4046 23.5061 3.47876 0.442681 -0.89522 0.0511299
-58.6465 23.8366 2.67484 0.44282 -0.895599 0.0417116
-58.2817 23.9768 1.56545 0.443498 -0.895705 0.0319718
-58.2283 23.995 1.33539 0.442668 -0.896215 0.0288761
-57.717 24.2478 1.37515 0.440365 -0.897427 0.0259876
-57.6314 24.2805 0.401344 0.448645 -0.89363 0.00775751
-57.6615 24.274 -0.664301 0.450901 -0.892106 -0.0288857
-57.8032 24.2388 -1.7975 0.451553 -0.891493 -0.0358591
-58.0324 24.1582 -2.69336 0.461602 -0.886491 -0.0325156
-58.4844 23.9585 -3.63275 0.450098 -0.891613 -0.0466652
-59.4437 23.5305 -4.32825 0.440111 -0.895852 -0.061137
-60.3528 23.0599 -3.9163 0.431348 -0.900557 -0.0532363
-60.7888 22.8154 -3.15043 0.42708 -0.903085 -0.045169
-61.0217 22.6634 -2.26989 0.425377 -0.904014 -0.0425771
-61.1292 22.5682 -1.08166 0.407377 -0.912999 -0.0218333
-61.2516 22.5031 0.1713 0.42006 -0.907482 0.00516314
-61.1199 22.5956 1.60685 0.418992 -0.90731 0.0351277
-60.7998 22.8039 2.88514 0.429978 -0.901331 0.0521464
-60.2714 23.1091 3.86662 0.424877 -0.904028 0.0470472
-59.4268 23.5419 4.27081 0.44444 -0.893396 0.0657094
-58.7059 23.8706 3.80523 0.450983 -0.890896 0.053295
-58.1223 24.1075 2.78854 0.449694 -0.890633 0.0660858
-57.8325 24.2083 1.87741 0.436763 -0.899091 0.0295638
-57.2534 24.4921 1.95592 0.440365 -0.897427 0.02599
-57.0905 24.5498 1.03188 0.44244 -0.896649 0.0137668
-57.1423 24.5199 -0.215006 0.446631 -0.89444 -0.0160894
-57.1434 24.567 -1.64689 0.451551 -0.891493 -0.0358606
-57.3884 24.4952 -2.73644 0.457183 -0.888539 -0.0378254
-58.1472 24.1491 -4.14118 0.444006 -0.895064 -0.0365908
-58.7415 23.8938 -4.77583 0.433945 -0.899897 -0.0433157
-60.1787 23.2212 -4.81501 0.425806 -0.901717 -0.0745815
-60.9019 22.8156 -4.05065 0.418763 -0.904971 -0.0752622
-61.4232 22.5237 -3.31549 0.426229 -0.903549 -0.0438736
-61.589 22.3786 -1.80991 0.412575 -0.910323 -0.0321885
-61.6892 22.3092 -0.87474 0.41514 -0.90947 -0.0228642
-61.7753 22.2633 0.631382 0.416214 -0.909046 0.0162059
-61.5587 22.4129 2.12368 0.417616 -0.907782 0.0388915
-61.2908 22.5806 3.07895 0.416238 -0.908255 0.0426545
-60.7428 22.9127 4.2147 0.424559 -0.903468 0.0585386
-59.7554 23.4264 4.92407 0.436075 -0.897183 0.0693082
-58.4994 24.0094 4.41815 0.446398 -0.893198 0.0522361
-57.6786 24.3677 3.27593 0.449697 -0.890632 0.0660883
-57.4524 24.427 2.6592 0.44115 -0.894227 0.0757891
-57.3948 24.441 2.48929 0.438956 -0.896659 0.0526776
