-28.1487 75.0128 10.9738 0.00419535 -0.966471 -0.255537
-27.8193 74.7578 11.9504 -0.0357041 -0.96629 -0.254968
-27.6086 74.4162 12.9228 -0.0229265 -0.940299 -0.339576
-27.4983 73.9563 14.1909 -0.0130087 -0.940324 -0.340032
-27.4171 73.5401 15.2753 -0.0111139 -0.923761 -0.382805
-27.3318 72.9878 16.5075 0.00763693 -0.899002 -0.437878
-27.4192 72.5482 17.3975 -0.0111952 -0.90178 -0.432049
-27.5807 72.1633 18.2051 -0.0176565 -0.897355 -0.440801
-27.9242 71.4863 19.4738 -0.0250097 -0.875683 -0.482216
-28.2296 70.9697 20.4079 -0.029244 -0.870123 -0.491967
-28.7141 70.2196 21.7286 -0.0380705 -0.862725 -0.504218
-29.3235 69.4012 23.1565 -0.0371908 -0.858284 -0.51182
-29.7142 68.949 23.947 -0.0481902 -0.862859 -0.503142
-30.1128 68.5068 24.7436 -0.0479974 -0.863177 -0.502614
-30.6308 68.1485 25.4489 -0.0487785 -0.876847 -0.478289
-31.3957 67.8035 26.1627 -0.0574703 -0.890739 -0.449857
-32.3206 67.4348 27.0878 -0.0630811 -0.903811 -0.423256
-33.087 67.1471 27.8932 -0.0902715 -0.918832 -0.383639
-33.8182 66.9421 28.5494 -0.0524063 -0.93043 -0.362699
-34.903 66.7109 29.3126 -0.0717413 -0.945374 -0.31643
-35.9129 66.4987 29.8954 0.0764059 -0.951746 -0.297224
-36.7562 66.3078 30.2611 0.0823116 -0.939931 -0.325779
-37.548 66.0397 30.7395 0.137334 -0.943488 -0.301613
-38.6292 65.6043 31.4497 0.169894 -0.921943 -0.347027
-39.4604 65.0977 32.1023 0.256815 -0.888167 -0.381059
-40.1096 64.6398 32.7267 0.260298 -0.888986 -0.376719
-40.9629 63.932 33.8279 0.273314 -0.886308 -0.373555
-41.6811 63.3159 34.8093 0.282436 -0.878675 -0.383748
-42.2464 62.8421 35.3853 0.317023 -0.859396 -0.401166
-42.9755 62.3181 35.9344 0.316868 -0.863869 -0.391443
-43.7037 61.8834 36.242 0.358898 -0.833291 -0.420148
-44.5282 61.5065 36.314 0.344321 -0.835108 -0.428996
-45.4865 61.2284 36.1113 0.340694 -0.845376 -0.411421
-46.5643 61.0101 35.6673 0.344428 -0.84256 -0.414046
-47.5008 60.8377 35.2476 0.342086 -0.840014 -0.421134
-48.3721 60.7122 34.763 0.361176 -0.845757 -0.392744
-49.2946 60.601 34.1424 0.37074 -0.842999 -0.389713
-50.1289 60.496 33.5665 0.377147 -0.840819 -0.388301
-50.8632 60.4089 33.0369 0.381907 -0.840589 -0.384132
-51.6208 60.3481 32.4166 0.389795 -0.83913 -0.37926
-52.3138 60.3807 31.6093 0.393284 -0.839465 -0.374995
-52.9205 60.523 30.6519 0.390678 -0.841104 -0.374048
-53.3927 60.6952 29.7662 0.389785 -0.843395 -0.369801
-53.7513 60.9346 28.8399 0.386995 -0.847549 -0.363175
-53.938 61.2332 27.9401 0.389401 -0.851208 -0.351865
-54.1119 61.5988 26.8664 0.387902 -0.851517 -0.352776
-54.2617 62.0169 25.639 0.393008 -0.855786 -0.336413
-54.5175 62.3946 24.3632 0.399997 -0.856283 -0.326774
-54.7732 62.7405 23.1025 0.410274 -0.857929 -0.309245
-55.1206 62.9208 22.087 0.425495 -0.856709 -0.29131
-55.5415 63.0718 20.9381 0.431277 -0.863888 -0.260186
-55.9804 63.1512 19.905 0.440275 -0.8631 -0.247417
-56.368 63.207 19.0277 0.427402 -0.870098 -0.245201
-56.7079 63.2646 18.1935 0.426508 -0.873631 -0.234221
-57.0563 63.3819 17.0906 0.433432 -0.874318 -0.218399
-57.3404 63.5036 16.0464 0.437773 -0.873943 -0.210914
-57.5252 63.6505 15.0058 0.426676 -0.880054 -0.20784
-57.6494 63.853 13.9244 0.442145 -0.870471 -0.216304
-57.6242 64.0831 12.9785 0.440092 -0.874975 -0.201781
-57.5106 64.3393 12.0724 0.452227 -0.871476 -0.189791
-57.3801 64.5875 11.1775 0.448741 -0.877145 -0.171023
-57.1052 64.9579 10.0445 0.441765 -0.877719 -0.185616
-56.8092 65.2903 9.15862 0.440244 -0.880173 -0.177431
-56.3584 65.7206 8.15332 0.443932 -0.878769 -0.175186
-55.879 66.1407 7.26043 0.440845 -0.88062 -0.173632
-55.46 66.4975 6.49405 0.437974 -0.882147 -0.173181
-55.0172 66.8513 5.78384 0.431733 -0.886138 -0.168424
-54.4657 67.2947 4.8705 0.441882 -0.882407 -0.161549
-53.9862 67.6791 4.01899 0.430021 -0.890577 -0.148172
-53.3919 68.1168 3.08975 0.433523 -0.889703 -0.142918
-52.5397 68.6477 2.35666 0.432582 -0.892268 -0.129344
-51.6045 69.1767 1.79309 0.428439 -0.896104 -0.115919
-50.4419 69.8047 1.2008 0.42207 -0.899179 -0.115475
-49.5475 70.2694 0.825582 0.413591 -0.904589 -0.103176
-48.7151 70.6936 0.437009 0.417783 -0.903376 -0.0967925
-47.7983 71.1505 0.027777 0.407877 -0.908752 -0.0883518
-46.6824 71.6932 -0.416057 0.406426 -0.909942 -0.0826037
-45.9091 72.0662 -0.723941 0.397345 -0.913767 -0.0845376
-45.1051 72.4422 -1.00536 0.397809 -0.913589 -0.0842802
-44.2975 72.8011 -1.18582 0.386457 -0.919146 -0.076301
-43.4557 73.1592 -1.25353 0.37379 -0.92513 -0.0664478
-42.1746 73.6681 -1.23168 0.364539 -0.928568 -0.069802
-40.9658 74.1317 -1.15181 0.358172 -0.931084 -0.0692491
-39.8746 74.5317 -0.955218 0.34399 -0.936584 -0.0668181
-38.5869 74.9685 -0.63883 0.326814 -0.941777 -0.078632
-37.5298 75.2978 -0.302049 0.318024 -0.944659 -0.08047
-36.6851 75.5592 -0.0473622 0.303099 -0.950391 -0.0699086
-35.8471 75.7937 0.286703 0.277628 -0.95604 -0.0943939
-35.0035 75.9968 0.712175 0.261267 -0.957662 -0.117456
-33.9025 76.1745 1.4275 0.228837 -0.965374 -0.124896
-33.0285 76.281 2.1396 0.226438 -0.964883 -0.133142
-32.329 76.3397 2.72573 0.20256 -0.967644 -0.150447
-31.3608 76.3363 3.80716 0.151918 -0.973911 -0.168577
-30.8514 76.2979 4.58883 0.125786 -0.978816 -0.15814
-30.2801 76.1845 5.58416 0.0948803 -0.981736 -0.164899
-29.7909 76.018 6.61114 0.0447659 -0.977754 -0.204925
-29.4581 75.8582 7.44611 0.0537289 -0.977947 -0.201599
-28.9514 75.5882 8.75789 0.0197744 -0.977912 -0.208082
-28.5821 75.3412 9.83694 0.00326762 -0.973195 -0.229724
-28.2865 75.116 10.6175 0.0032076 -0.960128 -0.279543
-27.3749 75.1902 10.3298 -0.0107964 -0.962751 -0.270174
-26.8985 74.8039 11.6734 -0.025019 -0.965687 -0.2585
-26.6312 74.4007 12.9212 -0.00545194 -0.945279 -0.325818
-26.5364 74.1166 13.784 0.00825047 -0.943456 -0.330833
-26.5007 73.7767 14.66 -0.0171592 -0.929615 -0.368132
-26.4264 73.4353 15.4948 -0.0164818 -0.924697 -0.380346
-26.3644 72.941 16.5911 -0.0106475 -0.893971 -0.447999
-26.4529 72.5139 17.4442 -0.00725899 -0.897515 -0.440799
-26.6071 72.1144 18.25 -0.0241323 -0.892932 -0.449545
-26.9039 71.5354 19.3483 -0.0192807 -0.86778 -0.496574
-27.1957 71.0064 20.2891 -0.0222176 -0.870025 -0.492506
-27.5782 70.3914 21.3645 -0.0242397 -0.86261 -0.505289
-27.8791 69.942 22.1305 -0.0439674 -0.859552 -0.509154
-28.2781 69.3726 23.1141 -0.0546741 -0.851954 -0.520704
-28.741 68.8431 24.0446 -0.0486456 -0.855878 -0.51477
-29.1569 68.3704 24.8872 -0.0477983 -0.863492 -0.502092
-29.8108 67.8385 25.8795 -0.0888973 -0.854645 -0.511546
-30.5001 67.5227 26.5473 -0.111474 -0.876556 -0.467552
-31.5468 67.1171 27.5851 -0.0983598 -0.899642 -0.42432
-32.2702 66.8885 28.3109 -0.11937 -0.909251 -0.398731
-33.0301 66.665 29.0619 -0.124937 -0.912355 -0.389814
-33.9575 66.486 29.7946 -0.0886144 -0.927081 -0.361355
-35.0172 66.3376 30.5231 -0.0694135 -0.911749 -0.398542
-36.042 66.0705 30.952 0.0642407 -0.925715 -0.370185
-36.8967 65.8616 31.4442 0.0269508 -0.932223 -0.360694
-37.7686 65.5486 31.9751 0.16824 -0.912714 -0.372355
-38.7684 64.9987 32.7453 0.232958 -0.889489 -0.393092
-39.5577 64.4693 33.5349 0.208419 -0.907915 -0.363664
-40.092 64.0344 34.2334 0.273711 -0.892671 -0.358077
-40.7453 63.4584 35.1661 0.273421 -0.892381 -0.359023
-41.336 62.9559 35.8458 0.321206 -0.87296 -0.367106
-41.9182 62.4813 36.4026 0.310862 -0.855646 -0.412709
-42.8168 61.9154 36.977 0.294734 -0.847537 -0.439876
-44.081 61.2114 37.2449 0.352115 -0.819012 -0.452927
-45.1062 60.8739 37.1148 0.329146 -0.833669 -0.443464
-46.0248 60.6625 36.8187 0.344467 -0.834426 -0.429949
-47.226 60.4178 36.3136 0.34323 -0.840996 -0.418232
-48.0373 60.2874 35.9113 0.339785 -0.844041 -0.414899
-48.9973 60.1783 35.3273 0.342587 -0.848865 -0.40257
-50.1847 60.0035 34.5722 0.375788 -0.840212 -0.390931
-51.124 59.8968 33.8942 0.383282 -0.837783 -0.388831
-51.9573 59.8228 33.2205 0.387059 -0.836843 -0.387142
-52.7493 59.8151 32.4188 0.393287 -0.839464 -0.374996
-53.4339 59.9358 31.4362 0.39179 -0.840362 -0.374553
-53.9933 60.1309 30.4174 0.388927 -0.841539 -0.374897
-54.4263 60.3171 29.5478 0.385674 -0.844145 -0.372388
-54.7465 60.6183 28.5249 0.381321 -0.84826 -0.367491
-54.9292 61.0389 27.3285 0.382498 -0.855172 -0.349822
-55.0737 61.513 25.9875 0.375023 -0.863271 -0.337818
-55.2376 61.847 24.9331 0.383812 -0.864915 -0.323409
-55.495 62.1308 23.8629 0.393397 -0.865899 -0.308895
-55.7051 62.3607 22.9152 0.405082 -0.867566 -0.288491
-56.0682 62.5407 21.8281 0.409362 -0.872586 -0.266488
-56.4884 62.6376 20.8059 0.401037 -0.887443 -0.227188
-57.1023 62.7258 19.4279 0.428288 -0.866566 -0.256188
-57.6649 62.812 18.1319 0.429438 -0.87275 -0.232141
-58.0086 62.9428 16.9675 0.431776 -0.875569 -0.216677
-58.3134 63.1278 15.6474 0.413131 -0.885123 -0.214196
-58.4763 63.3119 14.5263 0.417268 -0.887855 -0.193913
-58.5197 63.5455 13.3668 0.417235 -0.887167 -0.195562
-58.421 63.8599 12.1793 0.434988 -0.881642 -0.18301
-58.2726 64.1586 11.0648 0.444795 -0.877684 -0.178381
-58.0759 64.4508 10.124 0.443472 -0.876667 -0.186514
-57.7958 64.7812 9.23634 0.441 -0.878947 -0.181525
-57.4271 65.1514 8.30531 0.442063 -0.879832 -0.174573
-56.9702 65.5707 7.3704 0.438094 -0.880385 -0.181617
-56.5213 65.9683 6.50621 0.434992 -0.880964 -0.186107
-55.9719 66.4267 5.57023 0.434774 -0.884001 -0.171725
-55.4579 66.8365 4.74516 0.431081 -0.885748 -0.172104
-54.8955 67.2853 3.78008 0.421924 -0.893088 -0.155926
-54.4244 67.6566 2.88455 0.428233 -0.891815 -0.145844
-53.7779 68.0968 2.06958 0.422804 -0.895375 -0.139639
-52.8986 68.6096 1.44882 0.430459 -0.892475 -0.134884
-51.8209 69.2149 0.803177 0.421273 -0.898609 -0.122362
-50.9827 69.6586 0.372223 0.417132 -0.901059 -0.118697
-49.792 70.2648 -0.113781 0.413591 -0.904589 -0.103179
-48.9299 70.7 -0.508159 0.405896 -0.908282 -0.101209
-47.7503 71.2826 -1.04582 0.406339 -0.908634 -0.0962951
-46.5226 71.8726 -1.50843 0.401008 -0.911836 -0.0878516
-45.4948 72.3558 -1.90649 0.396878 -0.913927 -0.084997
-44.5024 72.7944 -2.13588 0.386559 -0.918921 -0.0784605
-43.4616 73.231 -2.21946 0.372629 -0.924569 -0.0794972
-42.5066 73.6117 -2.18544 0.367451 -0.926851 -0.0769775
-41.6334 73.9537 -2.14013 0.360926 -0.929621 -0.0740645
-40.6543 74.3226 -2.0976 0.351697 -0.932939 -0.0769553
-39.5399 74.7203 -1.87555 0.343991 -0.936584 -0.0668196
-38.6035 75.0431 -1.63823 0.338836 -0.938321 -0.0688496
-37.3766 75.4354 -1.25355 0.323959 -0.941792 -0.0898781
-36.4669 75.7157 -0.960988 0.306675 -0.945732 -0.107433
-35.6529 75.9435 -0.642641 0.297949 -0.948726 -0.105147
-34.7994 76.1513 -0.229371 0.282355 -0.95283 -0.111317
-33.6824 76.366 0.449308 0.232739 -0.962773 -0.137484
-32.8294 76.4765 1.10161 0.228942 -0.962949 -0.142527
-31.9996 76.5463 1.76532 0.181544 -0.974677 -0.130561
-31.1648 76.583 2.52948 0.146896 -0.977476 -0.151196
-30.4866 76.5431 3.38015 0.121409 -0.977779 -0.169126
-29.95 76.4477 4.22647 0.0993969 -0.980157 -0.171499
-29.3031 76.2865 5.36918 0.076519 -0.976464 -0.201651
-28.7099 76.0552 6.71064 0.0626934 -0.97814 -0.198269
-28.2552 75.8069 7.92846 0.0499608 -0.968511 -0.243908
-27.8765 75.5467 8.95305 -0.00213908 -0.971405 -0.2373
-27.3837 75.1974 10.3045 -0.0107964 -0.962751 -0.270174
-26.5474 75.3212 9.79609 -0.0374332 -0.965484 -0.257234
-26.8694 75.5502 8.94143 -0.0431056 -0.968735 -0.244324
-27.2385 75.8139 7.9045 -0.00917684 -0.97127 -0.237237
-27.6695 76.0861 6.72772 -0.0141819 -0.977774 -0.20918
-27.9994 76.248 5.8803 0.0400864 -0.978489 -0.201744
-28.4686 76.4548 4.87089 0.0567439 -0.975965 -0.209335
-28.9435 76.5731 4.04489 0.0812049 -0.980447 -0.179246
-29.6383 76.7167 2.8917 0.0982718 -0.979237 -0.177307
-30.6106 76.7834 1.72387 0.140506 -0.981092 -0.133105
-31.3363 76.7585 1.1063 0.180218 -0.973961 -0.137531
-32.1657 76.6996 0.442599 0.180995 -0.973505 -0.139746
-32.8926 76.6253 -0.1173 0.199042 -0.973228 -0.114937
-33.7648 76.4863 -0.698497 0.243712 -0.964781 -0.0990087
-34.6256 76.3125 -1.16871 0.285779 -0.952276 -0.107099
-35.8691 75.9971 -1.735 0.302986 -0.946939 -0.106111
-37.3006 75.553 -2.21018 0.327356 -0.940549 -0.0904207
-38.5463 75.1343 -2.59938 0.338834 -0.938321 -0.0688515
-39.6743 74.7543 -2.91299 0.342082 -0.936607 -0.0755387
-40.6063 74.4184 -3.05458 0.34851 -0.934217 -0.0760214
-41.493 74.0838 -3.08957 0.362106 -0.929211 -0.0737952
-42.6776 73.6227 -3.14718 0.368383 -0.927186 -0.0679763
-43.903 73.1276 -3.1623 0.380082 -0.922309 -0.0698774
-45.2607 72.5495 -2.99989 0.386048 -0.919103 -0.0788409
-46.3933 72.0312 -2.60902 0.392964 -0.915343 -0.0877674
-47.3355 71.5885 -2.23363 0.400674 -0.91101 -0.0975719
-48.2696 71.1427 -1.91048 0.402294 -0.910382 -0.0967724
-49.084 70.739 -1.49617 0.401924 -0.910456 -0.097605
-49.9306 70.314 -1.06998 0.405033 -0.908139 -0.10598
-51.0435 69.7587 -0.621841 0.411599 -0.904107 -0.114787
-52.0073 69.2565 -0.166164 0.414314 -0.901763 -0.123102
-53.0289 68.7015 0.405224 0.420463 -0.896108 -0.142129
-54.0703 68.1121 1.06355 0.415604 -0.898403 -0.141931
-54.8977 67.6079 1.8218 0.415914 -0.8977 -0.145432
-55.3861 67.2407 2.67826 0.417995 -0.896258 -0.148333
-55.823 66.8835 3.55658 0.411361 -0.896374 -0.165212
-56.3392 66.4761 4.42484 0.420997 -0.889851 -0.175858
-56.9038 66.0261 5.33242 0.424359 -0.887468 -0.179777
-57.3219 65.6689 6.07156 0.433878 -0.880069 -0.192948
-57.7393 65.2888 6.87714 0.430567 -0.883054 -0.186322
-58.1244 64.9325 7.69312 0.420574 -0.887588 -0.187893
-58.5048 64.5726 8.57239 0.425383 -0.887396 -0.17769
-58.9064 64.1394 9.6889 0.425878 -0.882033 -0.201609
-59.0989 63.8526 10.542 0.419744 -0.882883 -0.210554
-59.2538 63.5363 11.6823 0.420993 -0.892056 -0.161656
-59.3863 63.246 12.9563 0.400878 -0.89757 -0.183482
-59.4036 62.9879 14.1316 0.382718 -0.902753 -0.195524
-59.325 62.8339 15.0404 0.367318 -0.905222 -0.212025
-59.1558 62.6479 16.0041 0.389482 -0.892419 -0.226117
-58.9233 62.5165 16.9808 0.367103 -0.911231 -0.186796
-58.5851 62.3735 18.1661 0.380486 -0.896013 -0.227038
-58.2552 62.3151 19.0126 0.403422 -0.8849 -0.232815
-57.6442 62.2569 20.2778 0.393267 -0.889278 -0.233508
-57.1144 62.1599 21.479 0.383681 -0.887198 -0.254454
-56.7289 62.0674 22.3928 0.358523 -0.89338 -0.270594
-56.4174 61.8281 23.5506 0.356015 -0.887543 -0.2921
-56.2311 61.5868 24.4818 0.362672 -0.877118 -0.314501
-56.0421 61.3412 25.3424 0.372453 -0.869444 -0.324392
-55.9216 60.9703 26.4231 0.378167 -0.860522 -0.341309
-55.827 60.6412 27.3324 0.375819 -0.856455 -0.3539
-55.6655 60.2752 28.3632 0.376677 -0.849113 -0.370298
-55.4536 59.9785 29.2589 0.381921 -0.844841 -0.374674
-54.9414 59.7071 30.3939 0.385124 -0.842194 -0.377343
-54.3784 59.5002 31.4353 0.38776 -0.840417 -0.378582
-53.9011 59.3166 32.3212 0.391304 -0.838155 -0.379938
-53.3313 59.2718 33.0259 0.395721 -0.840001 -0.37122
-52.5243 59.2875 33.815 0.384198 -0.841758 -0.379255
-51.6884 59.3575 34.4974 0.383599 -0.840066 -0.383553
-50.7424 59.4513 35.2277 0.372901 -0.841956 -0.389839
-49.9058 59.5753 35.7642 0.383767 -0.83566 -0.392933
-49.0635 59.7115 36.2424 0.343311 -0.840997 -0.418127
-48.2362 59.7986 36.7428 0.339785 -0.84404 -0.414901
-47.4011 59.924 37.1574 0.334081 -0.835053 -0.437123
-46.5183 60.0941 37.5089 0.335441 -0.834732 -0.436694
-45.4684 60.3205 37.8863 0.33496 -0.831388 -0.443347
-44.4732 60.5855 38.1199 0.325918 -0.832969 -0.447146
-43.4463 61.0022 38.1247 0.347409 -0.824489 -0.446682
-42.3759 61.6141 37.7984 0.306633 -0.828543 -0.468501
-41.1773 62.4508 37.0711 0.338898 -0.84476 -0.414159
-40.5612 62.9951 36.4307 0.28061 -0.886232 -0.366095
-40.0432 63.3926 35.7917 0.240014 -0.899507 -0.365077
-39.549 63.8259 35.0944 0.204525 -0.898484 -0.38595
-39.0724 64.1984 34.4233 0.169068 -0.895182 -0.412388
-38.4686 64.6337 33.7261 0.16971 -0.892631 -0.417584
-37.6803 65.0839 33.0554 0.107039 -0.911635 -0.396818
-36.7504 65.4854 32.3946 0.0663582 -0.916976 -0.390738
-35.528 65.7668 31.7218 -0.02193 -0.914968 -0.402919
-34.7131 65.9281 31.3182 -0.0219894 -0.903443 -0.427381
-33.6635 66.1021 30.6847 -0.136177 -0.928839 -0.344549
-32.8362 66.21 30.0826 -0.126455 -0.914761 -0.383694
-31.9333 66.4453 29.2246 -0.12493 -0.912356 -0.389813
-31.3106 66.6523 28.5702 -0.115186 -0.908543 -0.4016
-30.3619 66.9216 27.6837 -0.125971 -0.889247 -0.43974
-29.4694 67.2365 26.8644 -0.0930921 -0.87056 -0.483177
-28.8467 67.5972 26.1178 -0.0919826 -0.848172 -0.521674
-28.1908 68.2002 25.028 -0.06812 -0.851492 -0.519925
-27.8188 68.6374 24.2661 -0.0668487 -0.848761 -0.524535
-27.2838 69.2918 23.1467 -0.0620943 -0.846322 -0.529039
-26.8343 69.9709 22.0113 -0.0421579 -0.851228 -0.5231
-26.4873 70.4873 21.1445 -0.0346364 -0.857397 -0.51328
-26.1554 71.075 20.1255 -0.0162822 -0.856968 -0.515112
-25.9183 71.5384 19.3274 -0.0165913 -0.876395 -0.480833
-25.6979 71.9416 18.548 -0.0258904 -0.888724 -0.457599
-25.5075 72.4427 17.5668 -0.00783865 -0.886982 -0.461738
-25.3912 73.0144 16.4214 -0.00832951 -0.894847 -0.446286
-25.521 73.6423 14.9509 -0.0281413 -0.927507 -0.372342
-25.5934 74.0983 13.736 -0.0491313 -0.935895 -0.348837
-25.7522 74.5745 12.2983 -0.0495873 -0.95765 -0.283427
-25.9928 74.8599 11.3405 -0.0416923 -0.959626 -0.278155
-26.3803 75.1948 10.2216 -0.033198 -0.961549 -0.272621
-25.5508 75.3113 9.66389 -0.0416681 -0.969419 -0.241848
-25.1017 74.9454 10.9202 -0.040533 -0.958893 -0.280858
-24.8754 74.6792 11.7929 -0.0400575 -0.955181 -0.293291
-24.6977 74.3886 12.7208 -0.0411476 -0.9557 -0.291452
-24.6473 74.0046 13.886 -0.0285198 -0.938596 -0.343836
-24.572 73.647 14.8425 -0.0362969 -0.932985 -0.358081
-24.451 73.2634 15.7992 -0.0399252 -0.908809 -0.413721
-24.4402 72.8261 16.6861 -0.0632467 -0.898407 -0.434518
-24.5532 72.373 17.6536 -0.0513479 -0.891332 -0.449646
-24.8074 71.7764 18.8146 -0.0296655 -0.888879 -0.457181
-25.0862 71.2483 19.804 -0.0302353 -0.868858 -0.494138
-25.3267 70.7371 20.6689 -0.0116715 -0.849616 -0.527023
-25.554 70.2668 21.4307 -0.0307797 -0.850335 -0.52534
-25.9181 69.7804 22.2474 -0.0444849 -0.845764 -0.531598
-26.3443 69.1089 23.3291 -0.0544505 -0.843313 -0.534566
-26.6933 68.67 24.0701 -0.0971123 -0.824629 -0.557275
-27.2203 68.0253 25.1324 -0.100687 -0.832368 -0.545
-27.739 67.504 26.0497 -0.112452 -0.84734 -0.519008
-28.2343 67.1126 26.7941 -0.137435 -0.851561 -0.505017
-29.0943 66.7211 27.7122 -0.107244 -0.873135 -0.475535
-29.9023 66.4795 28.446 -0.132698 -0.887672 -0.440886
-30.5746 66.2927 29.0753 -0.161002 -0.890466 -0.425617
-31.2009 66.0991 29.7439 -0.177506 -0.901072 -0.395677
-31.9232 65.8993 30.4676 -0.147929 -0.908925 -0.389837
-33.0419 65.7324 31.3191 -0.166116 -0.897955 -0.406624
-34.3315 65.5427 32.1207 -0.126495 -0.882876 -0.452249
-35.4587 65.3414 32.6878 -0.0253109 -0.924689 -0.379116
-36.3362 65.1752 33.187 0.0342794 -0.921421 -0.381321
-37.1227 64.8219 33.7949 0.0941527 -0.901419 -0.422198
-37.8799 64.4061 34.4343 0.122346 -0.884803 -0.449617
-38.5494 63.9187 35.2847 0.151306 -0.90702 -0.392966
-39.1835 63.3718 36.2226 0.158776 -0.880649 -0.446372
-39.7234 62.9418 36.884 0.15779 -0.872385 -0.46226
-40.414 62.3871 37.6519 0.223094 -0.847566 -0.477275
-41.0119 61.8954 38.165 0.280686 -0.839875 -0.46457
-42.1655 61.1856 38.7117 0.319978 -0.822634 -0.469768
-43.0186 60.6967 38.9599 0.329925 -0.814009 -0.478051
-44.1838 60.1823 39.046 0.322266 -0.821995 -0.469542
-45.0969 59.911 38.8885 0.31758 -0.828853 -0.460592
-46.4351 59.6423 38.4232 0.331661 -0.827742 -0.452596
-47.7459 59.3868 37.9269 0.3283 -0.840072 -0.431854
-48.9596 59.2432 37.2575 0.344073 -0.835719 -0.428004
-49.9069 59.1052 36.7242 0.375169 -0.830027 -0.412679
-50.9975 58.9077 36.1466 0.366506 -0.84596 -0.387331
-51.8517 58.8769 35.3945 0.378843 -0.842526 -0.382921
-52.5641 58.8079 34.8403 0.382081 -0.842413 -0.379932
-53.6037 58.7552 33.9032 0.384195 -0.84176 -0.379255
-54.4198 58.7819 32.9911 0.386297 -0.844724 -0.370427
-54.9478 58.8907 32.209 0.382555 -0.843019 -0.378114
-55.4426 59.1226 31.1925 0.381747 -0.843381 -0.37812
-55.8955 59.2716 30.4002 0.379883 -0.84418 -0.378213
-56.2502 59.4757 29.593 0.377578 -0.845877 -0.376715
-56.4885 59.7924 28.6308 0.377976 -0.847914 -0.371721
-56.6922 60.2225 27.4228 0.363267 -0.857987 -0.363175
-56.8437 60.6613 26.2171 0.362583 -0.863481 -0.35059
-56.9593 61.1068 24.9505 0.363785 -0.871284 -0.32943
-57.259 61.4042 23.7854 0.359238 -0.882101 -0.304705
-57.4539 61.641 22.8398 0.358523 -0.893382 -0.270589
-57.8463 61.7387 21.9602 0.362456 -0.897477 -0.251058
-58.3449 61.8345 20.8211 0.36766 -0.90035 -0.2328
-58.8763 61.8804 19.7243 0.353289 -0.911966 -0.207055
-59.3554 61.9422 18.7097 0.328497 -0.919687 -0.215093
-59.6631 62.064 17.7343 0.361116 -0.907498 -0.212868
-59.9712 62.196 16.5626 0.346046 -0.917519 -0.195988
-60.1914 62.4041 15.3348 0.353636 -0.907134 -0.227479
-60.2805 62.589 14.3536 0.362928 -0.912075 -0.190793
-60.2791 62.8608 12.9422 0.360944 -0.918499 -0.16149
-60.1739 63.0994 11.8844 0.381418 -0.908567 -0.168836
-60.0443 63.3732 10.7956 0.366316 -0.911783 -0.185647
-59.8655 63.6643 9.81987 0.384689 -0.899017 -0.208816
-59.4887 64.1109 8.60454 0.397296 -0.896821 -0.194584
-59.0558 64.5186 7.59179 0.39719 -0.898566 -0.186601
-58.5994 64.9478 6.59518 0.414061 -0.886298 -0.207435
-58.1623 65.3542 5.71887 0.413678 -0.889816 -0.192282
-57.5736 65.8462 4.65707 0.416874 -0.89054 -0.182081
-57.0847 66.2373 3.85305 0.412273 -0.89312 -0.179664
-56.6594 66.5811 3.11428 0.411413 -0.896447 -0.164685
-56.1726 66.9806 2.11061 0.402486 -0.902771 -0.151686
-55.705 67.3294 1.26399 0.404237 -0.902356 -0.149488
-55.1444 67.6823 0.650018 0.41204 -0.900216 -0.140835
-54.4016 68.1022 0.14966 0.414963 -0.899039 -0.139765
-53.3841 68.6698 -0.489994 0.415596 -0.900659 -0.126857
-52.5054 69.1406 -0.967794 0.410711 -0.903486 -0.122561
-51.7484 69.532 -1.33211 0.409967 -0.904189 -0.119873
-50.5953 70.1035 -1.80041 0.401264 -0.909677 -0.107118
-49.396 70.7015 -2.42602 0.397019 -0.912498 -0.0986017
-48.3981 71.1936 -2.92302 0.402432 -0.91031 -0.0968703
-47.4978 71.6208 -3.20174 0.394864 -0.913893 -0.0939502
-46.6351 72.0253 -3.58211 0.389314 -0.916382 -0.0931616
-45.7023 72.4465 -3.9088 0.380643 -0.920515 -0.0881077
-44.7638 72.8463 -4.03397 0.371995 -0.925094 -0.0762905
-43.6354 73.3108 -4.12534 0.375301 -0.92439 -0.067984
-42.5064 73.759 -4.07895 0.369451 -0.926828 -0.0670353
-41.3696 74.2095 -4.04473 0.374248 -0.923478 -0.0844165
-40.5161 74.5312 -4.01412 0.344198 -0.93523 -0.0828992
-39.2031 75.001 -3.77916 0.347665 -0.934431 -0.0772542
-37.9714 75.4163 -3.39697 0.342845 -0.935302 -0.0875663
-37.1431 75.693 -3.1345 0.330607 -0.939842 -0.0860021
-36.0499 76.0451 -2.81987 0.31839 -0.943231 -0.0943762
-35.0885 76.3215 -2.40119 0.302987 -0.946939 -0.106112
-34.0338 76.5761 -1.89256 0.281938 -0.95231 -0.116686
-33.1932 76.738 -1.42097 0.228597 -0.96312 -0.141925
-32.0845 76.875 -0.670314 0.215039 -0.962853 -0.16332
-31.1402 76.9453 0.057582 0.180537 -0.973615 -0.139573
-30.102 76.9803 0.881698 0.138093 -0.974936 -0.174443
-29.3561 76.9459 1.67113 0.0771093 -0.981992 -0.17247
-28.6728 76.8423 2.59345 0.0736509 -0.983898 -0.162778
-27.9836 76.6895 3.77495 0.0347958 -0.981339 -0.185507
-27.3599 76.4525 4.95155 0.00237066 -0.980697 -0.195519
-26.9489 76.2614 5.88834 -0.002403 -0.975425 -0.220317
-26.6239 76.0698 6.73286 -0.00829358 -0.976599 -0.214751
-26.2436 75.8031 7.84535 -0.0279249 -0.973607 -0.226518
-25.7903 75.4732 9.05618 -0.0423842 -0.969075 -0.243094
-25.6596 75.383 9.39535 -0.0416666 -0.969418 -0.241853
-24.7454 75.4182 9.04855 -0.0608947 -0.969471 -0.237524
-24.267 75.0667 10.4181 -0.0392026 -0.966136 -0.253165
-23.9627 74.7825 11.3383 -0.0389556 -0.954664 -0.295126
-23.7803 74.503 12.2691 0.0376204 -0.957586 -0.285266
-23.7005 74.1357 13.446 0.0176046 -0.950708 -0.308835
-23.6043 73.7608 14.489 -0.0169753 -0.941069 -0.337787
-23.5121 73.1532 15.9208 -0.0500206 -0.901779 -0.428925
-23.5222 72.5097 17.1597 -0.0854706 -0.883538 -0.459058
-23.7467 71.9962 18.3178 -0.064768 -0.899999 -0.428567
-23.9526 71.5845 19.1316 -0.0333196 -0.884025 -0.466132
-24.2362 70.9841 20.2332 -0.0095601 -0.871153 -0.490918
-24.4494 70.4586 21.0911 0.0164838 -0.843105 -0.537496
-24.6813 69.9443 21.8542 -0.0733743 -0.828145 -0.55569
-25.0139 69.4973 22.5928 -0.0591617 -0.837397 -0.543384
-25.5145 68.7512 23.7505 -0.0840481 -0.816228 -0.571305
-25.9686 68.1644 24.6933 -0.104574 -0.811937 -0.573778
-26.5461 67.5458 25.6953 -0.148127 -0.803677 -0.576335
-26.9721 67.1318 26.4685 -0.14204 -0.83943 -0.524237
-27.5937 66.6545 27.4154 -0.15113 -0.863625 -0.480949
-28.4648 66.3277 28.2666 -0.181895 -0.858679 -0.478139
-29.3464 66.0065 29.2048 -0.142297 -0.882444 -0.44838
-30.023 65.8377 29.8113 -0.173021 -0.888474 -0.425054
-31.0612 65.5934 30.8455 -0.168959 -0.905405 -0.389083
-31.7779 65.4531 31.4446 -0.143986 -0.890032 -0.430657
-32.8051 65.2512 32.1856 -0.189998 -0.868914 -0.457043
-33.5666 65.196 32.6839 -0.0945261 -0.933079 -0.347027
-34.9175 65.0627 33.4013 -0.05322 -0.935167 -0.347918
-35.7637 64.88 33.9319 0.0270766 -0.902359 -0.420043
-36.9567 64.338 34.8166 0.0674133 -0.885819 -0.457884
-37.5368 63.9805 35.4759 0.120714 -0.913968 -0.387416
-38.0518 63.5731 36.2783 0.169855 -0.903712 -0.389795
-38.5726 63.1548 36.9374 0.218623 -0.892795 -0.393853
-39.1943 62.6127 37.6668 0.169041 -0.865349 -0.471801
-40.2064 61.8392 38.7648 0.2261 -0.859967 -0.453099
-40.856 61.3734 39.2132 0.286558 -0.841185 -0.458577
-41.7748 60.8408 39.5493 0.30448 -0.809748 -0.501272
-42.5466 60.3869 39.7898 0.321057 -0.807841 -0.494283
-43.4829 59.9562 39.9134 0.321031 -0.818564 -0.476332
-44.8996 59.4727 39.8073 0.313415 -0.826325 -0.467909
-45.9112 59.2495 39.5144 0.312228 -0.829318 -0.463368
-46.7793 59.0851 39.2182 0.317053 -0.839909 -0.440489
-47.7405 58.9034 38.8641 0.327764 -0.838459 -0.435382
-48.7166 58.8045 38.3321 0.324898 -0.846674 -0.421193
-49.894 58.6719 37.6553 0.340281 -0.850437 -0.400941
-50.9216 58.4764 37.1576 0.342099 -0.855812 -0.387851
-52.0341 58.3468 36.401 0.361936 -0.848891 -0.38521
-52.7453 58.3158 35.7647 0.370577 -0.849172 -0.376261
-53.495 58.2687 35.1305 0.372723 -0.851072 -0.369802
-54.4074 58.2435 34.2401 0.38548 -0.846878 -0.366338
-55.0467 58.2623 33.5279 0.383102 -0.847082 -0.368349
-55.7759 58.3629 32.5514 0.379467 -0.846426 -0.373589
-56.2518 58.6156 31.5013 0.388018 -0.839669 -0.379997
-56.7773 58.8219 30.5217 0.379105 -0.842501 -0.382697
-57.1012 59.0735 29.64 0.375892 -0.844107 -0.382332
-57.3685 59.3911 28.6735 0.367824 -0.851492 -0.373721
-57.5642 59.7716 27.6011 0.37039 -0.852885 -0.367966
-57.6952 60.1407 26.6197 0.344062 -0.865534 -0.363897
-57.7844 60.4799 25.7198 0.338412 -0.868975 -0.361053
-57.8678 60.8315 24.73 0.335253 -0.880437 -0.335315
-58.1906 61.0436 23.8049 0.344286 -0.882105 -0.321492
-58.3611 61.2725 22.9053 0.334868 -0.908435 -0.250221
-58.9799 61.419 21.5895 0.315513 -0.918835 -0.235579
-59.332 61.4923 20.7535 0.299372 -0.927891 -0.221798
-59.8185 61.5155 19.9026 0.30894 -0.931579 -0.191615
-60.266 61.577 18.8835 0.311162 -0.929576 -0.19583
-60.6935 61.6593 17.8846 0.329811 -0.92252 -0.199793
-60.8466 61.7976 16.9124 0.323372 -0.927106 -0.189161
-61.0704 61.923 15.9766 0.341949 -0.914303 -0.217075
-61.1387 62.2153 14.6698 0.327123 -0.922283 -0.203875
-61.1887 62.4681 13.2385 0.324615 -0.930041 -0.172158
-61.1 62.6708 12.3245 0.328741 -0.929609 -0.1664
-60.9592 63.004 10.8213 0.358937 -0.914707 -0.185677
-60.7643 63.3067 9.75854 0.372809 -0.905389 -0.203186
-60.4466 63.684 8.64385 0.380069 -0.903686 -0.197114
-60.1328 64.0031 7.80706 0.387116 -0.899312 -0.203358
-59.7367 64.4063 6.78954 0.380028 -0.901563 -0.20679
-59.3367 64.7488 6.07251 0.385766 -0.89657 -0.217593
-58.9372 65.0865 5.33974 0.389502 -0.899739 -0.19685
-58.3766 65.5795 4.16356 0.399871 -0.896002 -0.192576
-57.7894 66.0624 3.15059 0.403825 -0.896582 -0.18184
-57.2724 66.4824 2.18853 0.389616 -0.90509 -0.170327
-56.9075 66.7864 1.33671 0.393188 -0.908084 -0.143751
-56.3275 67.1709 0.488834 0.406194 -0.903168 -0.138904
-55.5692 67.6377 -0.304765 0.411204 -0.900641 -0.140563
-54.3035 68.3291 -1.01827 0.410763 -0.901224 -0.138079
-52.9808 69.0337 -1.7513 0.40612 -0.905003 -0.12663
-52.236 69.4224 -2.14111 0.405908 -0.905149 -0.12627
-51.0643 70.0068 -2.65749 0.390018 -0.911724 -0.129018
-50.3038 70.3691 -3.02542 0.389084 -0.915947 -0.0976563
-49.4644 70.7843 -3.50084 0.398425 -0.912442 -0.0933136
-48.6855 71.1745 -3.90912 0.403043 -0.909748 -0.0995605
-47.8388 71.5811 -4.17142 0.402756 -0.908824 -0.106179
-46.9099 72.0103 -4.56322 0.385332 -0.916132 -0.110048
-45.6312 72.5647 -4.8703 0.38062 -0.92117 -0.0810844
-44.7816 72.9177 -4.97348 0.371944 -0.924978 -0.0779372
-43.2697 73.5222 -5.06064 0.365968 -0.928131 -0.0678355
-42.1239 73.9805 -5.02276 0.379283 -0.92299 -0.0650229
-41.0133 74.4454 -5.02214 0.373278 -0.922431 -0.0942846
-40.1727 74.7492 -4.91564 0.337971 -0.935065 -0.105911
-38.8891 75.1884 -4.65994 0.346685 -0.935141 -0.072949
-37.9867 75.5157 -4.40324 0.347604 -0.931398 -0.108023
-37.0902 75.8155 -4.11128 0.342368 -0.933048 -0.110432
-35.5851 76.3043 -3.62762 0.331706 -0.935517 -0.121033
-34.36 76.6474 -3.06971 0.306943 -0.941124 -0.140827
-33.5645 76.8326 -2.66667 0.301886 -0.940949 -0.153133
-32.3416 77.059 -1.95136 0.263009 -0.938176 -0.225059
-31.4676 77.1171 -1.35869 0.19579 -0.964114 -0.179303
-30.5446 77.1678 -0.669611 0.158917 -0.976903 -0.14285
-29.7097 77.1903 -0.00392785 0.13176 -0.978366 -0.159189
-29.0302 77.1724 0.62853 0.113072 -0.976405 -0.182551
-28.1819 77.0665 1.59416 0.0955063 -0.977743 -0.186808
-27.4722 76.8917 2.72154 0.0466144 -0.987925 -0.147753
-26.9379 76.7438 3.54586 0.0120136 -0.978353 -0.206593
-26.5016 76.5293 4.52952 -0.0230698 -0.983987 -0.176741
-26.1221 76.3631 5.40914 -0.0296947 -0.979197 -0.198634
-25.6176 76.1139 6.38572 -0.0402548 -0.972802 -0.228113
-25.3098 75.8667 7.4386 -0.0683522 -0.97033 -0.229336
-24.9481 75.5844 8.48623 -0.0414632 -0.965983 -0.25526
-24.9036 75.5468 8.62163 -0.0474479 -0.962065 -0.268254
-24.7921 75.4509 8.92697 -0.0571641 -0.963807 -0.25939
