-21.0092 96.7675 -3.98738 -0.0590186 -0.992477 -0.0994563
-19.9079 96.7127 -4.60319 -0.0951836 -0.990949 -0.0938489
-18.9742 96.5607 -5.02146 -0.198928 -0.977386 -0.0717277
-18.0095 96.271 -5.23632 -0.338234 -0.94093 0.0157575
-17.0502 95.9155 -5.13637 -0.405066 -0.912709 0.0524371
-16.0087 95.4966 -4.83003 -0.402612 -0.906588 0.125942
-15.0218 95.1061 -4.37824 -0.39773 -0.90296 0.157984
-14.152 94.862 -3.65837 -0.391117 -0.895453 0.210682
-13.4218 94.7289 -2.88198 -0.477842 -0.84018 0.255371
-12.8872 94.8501 -1.5856 -0.423798 -0.847611 0.313372
-12.8527 95.3305 -0.439485 -0.441962 -0.822726 0.357402
-13.2952 95.7522 0.246332 -0.241592 -0.920452 0.307248
-14.0953 96.1516 0.838809 -0.232937 -0.925646 0.298195
-15.1766 96.3806 1.25796 0.00207769 -0.988797 0.149253
-16.3991 96.4112 1.48488 -0.000828041 -0.995827 0.0912576
-17.2946 96.3921 1.64519 0.100915 -0.993906 0.0443511
-18.7727 96.2926 1.87236 0.0893239 -0.994776 -0.0122128
-19.8637 96.1478 1.9727 0.107044 -0.992457 -0.0543321
-20.7561 96.0345 2.17014 0.129039 -0.986456 -0.101262
-21.6416 95.8862 2.50119 0.160358 -0.981143 -0.101001
-22.5558 95.661 3.08446 0.141298 -0.978558 -0.149865
-23.5355 95.3552 3.81762 0.177138 -0.96942 -0.16958
-24.4209 95.0331 4.56507 0.182364 -0.962402 -0.201309
-25.2117 94.6532 5.3364 0.232278 -0.943612 -0.235697
-26.0771 94.1891 6.25689 0.2696 -0.921715 -0.275918
-26.7548 93.7693 6.85598 0.298087 -0.904059 -0.306183
-27.5194 93.2747 7.43468 0.328982 -0.879703 -0.343355
-28.5037 92.5693 8.19681 0.341108 -0.848099 -0.405429
-29.0874 92.0685 8.74103 0.31981 -0.836203 -0.444174
-29.6591 91.5157 9.41789 0.28705 -0.846312 -0.448729
-30.1801 90.8087 10.4002 0.281713 -0.832023 -0.477122
-30.4366 90.2937 11.1402 0.252651 -0.836412 -0.486398
-30.7673 89.5602 12.2419 0.167183 -0.849609 -0.500214
-31.0425 88.9184 13.3268 0.1113 -0.878324 -0.464384
-31.1867 88.4512 14.1419 0.0815339 -0.889602 -0.447364
-31.3563 87.982 15.1474 0.0505936 -0.898662 -0.434852
-31.506 87.614 15.9751 -0.0525339 -0.925611 -0.374813
-31.6952 87.1939 17.1205 -0.0946011 -0.933654 -0.343085
-31.9071 86.7337 18.3625 -0.126897 -0.9243 -0.359954
-32.0821 86.4231 19.2386 -0.145668 -0.922981 -0.356193
-32.2367 86.0887 20.1583 -0.172043 -0.912161 -0.37072
-32.4955 85.6532 21.2804 -0.241404 -0.88453 -0.399162
-32.6872 85.189 22.3939 -0.239174 -0.875461 -0.419957
-32.9478 84.7041 23.4182 -0.239142 -0.829185 -0.505236
-33.5668 84.2114 24.5007 -0.264114 -0.806212 -0.529402
-34.4102 83.6772 25.6413 -0.225915 -0.786907 -0.57423
-34.995 83.3778 26.2805 -0.210199 -0.773249 -0.597671
-35.9475 82.9563 27.1093 -0.211154 -0.759677 -0.614989
-36.6604 82.634 27.7059 -0.205734 -0.72195 -0.660652
-37.3742 82.2288 28.3768 -0.223657 -0.700161 -0.67805
-38.1607 81.7107 29.1671 -0.217606 -0.700622 -0.679541
-38.867 81.1511 29.9572 -0.206318 -0.696646 -0.687108
-39.6108 80.4297 30.9291 -0.197405 -0.708759 -0.677248
-40.1441 79.8576 31.6909 -0.191022 -0.71225 -0.675396
-40.5679 79.2925 32.4091 -0.174155 -0.729901 -0.660995
-41.0135 78.5298 33.3657 -0.165983 -0.742883 -0.648155
-41.4398 77.8975 34.2317 -0.152848 -0.755567 -0.636909
-41.9464 77.279 35.1503 -0.136153 -0.799878 -0.584515
-42.4368 76.576 36.2112 -0.0845101 -0.820279 -0.565686
-42.7599 76.1066 36.9403 -0.0673175 -0.815779 -0.574097
-43.1716 75.628 37.7415 -0.04371 -0.851401 -0.522691
-43.9526 74.9433 38.9395 -0.0110937 -0.877487 -0.479472
-44.5257 74.6017 39.5762 0.00966766 -0.884961 -0.464957
-45.637 74.1584 40.4601 0.0262536 -0.893358 -0.447992
-46.399 73.904 40.942 0.0322673 -0.906358 -0.421276
-47.1917 73.6721 41.3626 0.0915982 -0.914365 -0.393355
-48.1928 73.4131 41.7777 0.0871264 -0.925905 -0.367572
-49.2775 73.2191 41.9699 0.106855 -0.921803 -0.37264
-50.6454 73.1284 41.7189 0.141526 -0.924474 -0.354004
-51.5526 73.1419 41.3196 0.171157 -0.922018 -0.346104
-52.7621 73.1505 40.5921 0.20445 -0.920555 -0.332666
-53.5998 73.1295 40.0381 0.247704 -0.913614 -0.322417
-54.3864 73.1354 39.3698 0.260698 -0.917079 -0.301668
-55.1551 73.1998 38.4397 0.28116 -0.919919 -0.27331
-55.8655 73.2711 37.4647 0.345671 -0.886875 -0.306535
-56.4631 73.3106 36.6556 0.354658 -0.887838 -0.293191
-57.0245 73.317 35.8732 0.401169 -0.87172 -0.281367
-57.6589 73.3923 34.6866 0.422625 -0.867913 -0.260659
-58.0281 73.6106 33.4063 0.448604 -0.845851 -0.288602
-58.053 73.8871 32.4933 0.480448 -0.828424 -0.286294
-58.0244 74.2851 31.4558 0.501492 -0.813511 -0.29446
-58.0452 74.7512 30.1376 0.527233 -0.797568 -0.293103
-58.0989 75.1405 28.945 0.545529 -0.786621 -0.288303
-58.1403 75.6842 27.4694 0.558226 -0.773849 -0.299235
-58.1829 76.0231 26.5519 0.598729 -0.745371 -0.29291
-58.2352 76.3833 25.5557 0.590664 -0.748451 -0.301557
-58.2761 76.7428 24.5643 0.602097 -0.7461 -0.283742
-58.2999 77.0746 23.6518 0.635647 -0.713284 -0.295262
-58.2834 77.4859 22.678 0.637907 -0.716433 -0.282484
-58.2654 77.8541 21.7851 0.652331 -0.697386 -0.295591
-58.2832 78.437 20.4222 0.661828 -0.696608 -0.27545
-58.403 78.7885 19.1853 0.708164 -0.650866 -0.273592
-58.4494 79.1216 18.2858 0.710106 -0.647961 -0.275492
-58.4573 79.4284 17.4366 0.710303 -0.666645 -0.22595
-58.4134 79.8247 16.3826 0.710769 -0.669079 -0.217119
-58.2958 80.2143 15.4814 0.71957 -0.674249 -0.166152
-58.0918 80.6625 14.5438 0.721956 -0.674894 -0.151973
-57.7743 81.1547 13.6362 0.706111 -0.698344 -0.117144
-57.252 81.8032 12.7029 0.700589 -0.711022 -0.0601931
-56.7376 82.3293 11.8503 0.656458 -0.754146 -0.0180812
-56.3602 82.6927 11.0397 0.646513 -0.762069 -0.0311206
-55.9132 83.0453 10.2124 0.608982 -0.792971 0.0183953
-55.4046 83.4073 9.30812 0.573375 -0.818355 0.0292281
-54.8087 83.765 8.28321 0.550726 -0.834098 0.0313261
-54.3041 84.0713 7.56842 0.548383 -0.835795 0.0262457
-53.7093 84.4017 6.83954 0.507269 -0.861176 0.0324711
-53.0251 84.7749 5.96863 0.490054 -0.871683 0.000410043
-52.2457 85.2124 5.00496 0.496471 -0.867207 -0.025202
-51.6365 85.5628 4.18431 0.443776 -0.894856 -0.0479105
-51.1085 85.9107 3.45429 0.466697 -0.877165 -0.113033
-50.5261 86.285 2.85909 0.455454 -0.878022 -0.142794
-49.7932 86.8042 2.20685 0.459256 -0.870028 -0.179264
-48.968 87.391 1.55082 0.424084 -0.85758 -0.291048
-48.1829 88.1214 0.615801 0.415167 -0.839089 -0.35152
-47.6123 88.8405 -0.392496 0.36357 -0.841263 -0.400117
-47.1045 89.5091 -1.36786 0.297642 -0.86602 -0.401769
-46.7107 90.0834 -2.31922 0.269432 -0.87869 -0.392948
-46.4275 90.4875 -3.10036 0.233344 -0.902453 -0.362117
-46.1509 90.895 -3.93168 0.197256 -0.912481 -0.358426
-45.9225 91.3047 -4.84745 0.114262 -0.938885 -0.324184
-45.8715 91.6241 -5.78291 0.0978919 -0.943434 -0.316779
-45.8225 91.8865 -6.73095 0.0633507 -0.958301 -0.276442
-45.8086 92.0872 -7.60752 0.0227617 -0.983316 -0.180478
-45.7753 92.2362 -8.74926 0.0356746 -0.995695 -0.0855509
-45.6303 92.3022 -9.93629 0.0403285 -0.999109 -0.0124557
-45.3832 92.3168 -10.9868 0.0202767 -0.999736 -0.00212549
-45.11 92.3109 -12.1769 -0.00943189 -0.998692 0.0502536
-44.9566 92.2376 -13.2511 -0.0706742 -0.993139 0.0931666
-44.7763 91.9792 -14.5141 -0.135122 -0.957172 0.256054
-44.7195 91.7366 -15.3861 -0.120024 -0.920748 0.36368
-44.808 91.2036 -16.6203 -0.0620767 -0.915222 0.398139
-44.8137 90.4928 -17.842 -0.0683279 -0.848618 0.524466
-44.2053 89.7189 -18.8689 -0.0732552 -0.815809 0.573661
-43.0472 89.3073 -19.2641 -0.0468169 -0.74887 0.660936
-41.6245 89.3686 -19.1619 0.0149413 -0.814569 0.578731
-40.6195 89.8536 -18.5752 0.0297144 -0.78965 0.612668
-40.1534 90.4846 -17.517 0.00365741 -0.862376 0.506255
-39.8324 90.9343 -16.6559 -0.00929666 -0.890387 0.454961
-39.6005 91.2762 -15.7992 -0.0487184 -0.936958 0.34603
-39.5075 91.7468 -14.3132 0.00546533 -0.967025 0.254621
-39.5286 92.0257 -13.2047 -0.00777377 -0.977862 0.209003
-39.5755 92.3062 -11.8557 -0.0227458 -0.984566 0.168965
-39.7597 92.4345 -10.5648 -0.00789385 -0.997139 0.0692631
-39.9162 92.4642 -9.6749 0.0238019 -0.999447 0.0232181
-40.1309 92.4682 -8.61364 0.0209316 -0.999774 -0.00368162
-40.4266 92.4295 -7.69612 0.0426336 -0.997322 -0.0594223
-40.8068 92.2925 -6.50534 0.0801666 -0.989522 -0.120085
-40.9994 92.1729 -5.55401 0.110724 -0.984355 -0.13199
-41.1172 92.0098 -4.64841 0.136273 -0.977643 -0.160139
-41.221 91.8438 -3.72304 0.16796 -0.966283 -0.189914
-41.2719 91.6488 -2.83522 0.205004 -0.958942 -0.195969
-41.3267 91.4474 -1.89404 0.28685 -0.931778 -0.221065
-41.249 91.1762 -0.712352 0.307717 -0.922757 -0.232013
-41.0891 90.9418 0.334514 0.305647 -0.91697 -0.256409
-40.6795 90.8235 1.41699 0.372291 -0.890074 -0.261744
-40.0944 90.804 2.25229 0.365508 -0.882343 -0.295985
-39.3103 90.8282 3.08542 0.370006 -0.875638 -0.309842
-38.5927 90.8981 3.68661 0.350521 -0.879267 -0.322529
-37.7997 91.0315 4.17015 0.328432 -0.878686 -0.346376
-36.8848 91.2342 4.53819 0.334677 -0.874895 -0.350071
-35.6749 91.5804 4.77611 0.310835 -0.878567 -0.36263
-34.2966 92.1109 4.6491 0.295237 -0.880764 -0.370257
-33.473 92.4914 4.38024 0.276896 -0.890157 -0.361868
-32.5736 92.9386 3.97618 0.300796 -0.889404 -0.34421
-31.7983 93.3502 3.52368 0.286003 -0.901686 -0.32429
-30.971 93.7804 3.03576 0.265068 -0.919309 -0.290876
-29.85 94.3591 2.22446 0.271034 -0.9198 -0.283566
-28.9857 94.7992 1.50934 0.251154 -0.936548 -0.244033
-28.1654 95.163 0.873097 0.200249 -0.945951 -0.254891
-27.2648 95.4835 0.292586 0.187039 -0.954271 -0.233204
-26.5372 95.7184 -0.194772 0.149629 -0.963372 -0.222542
-25.6495 96 -0.878548 0.123332 -0.970735 -0.206065
-24.9419 96.2162 -1.45132 0.128554 -0.975331 -0.177173
-24.1095 96.4149 -2.106 0.0861294 -0.983593 -0.157125
-23.192 96.583 -2.76546 0.0492663 -0.984452 -0.167214
-22.2698 96.6996 -3.3142 0.0354345 -0.987279 -0.15467
-21.1962 96.7608 -3.89427 -0.0230691 -0.992819 -0.117385
-21.448 96.8855 -4.85518 -0.057128 -0.990872 -0.117166
-22.4659 96.8445 -4.30825 -0.0021113 -0.990665 -0.133199
-23.375 96.7494 -3.81115 0.0263009 -0.987753 -0.153543
-24.1687 96.6041 -3.27324 0.0638426 -0.982104 -0.177186
-24.8716 96.4511 -2.73127 0.0813173 -0.979945 -0.181905
-25.6126 96.2767 -2.18384 0.123358 -0.972416 -0.197962
-26.3207 96.0722 -1.62038 0.123339 -0.971577 -0.202011
-27.051 95.8244 -1.03342 0.166139 -0.964467 -0.205429
-27.8299 95.5608 -0.506511 0.196475 -0.95591 -0.218141
-28.6305 95.2537 0.0409303 0.239389 -0.942761 -0.232152
-29.4242 94.8969 0.671148 0.23941 -0.942391 -0.233624
-30.1012 94.5617 1.24621 0.24927 -0.934193 -0.255241
-31.0677 94.0891 1.97173 0.265073 -0.919308 -0.290876
-32.0231 93.6346 2.53456 0.275938 -0.910379 -0.30759
-33.0739 93.0911 3.15731 0.265459 -0.906294 -0.32888
-34.1679 92.5722 3.64456 0.259013 -0.899287 -0.351712
-35.0542 92.1897 3.86028 0.2939 -0.880841 -0.371135
-35.9503 91.8701 3.87049 0.320221 -0.870962 -0.37267
-37.3176 91.5077 3.50697 0.354262 -0.862152 -0.361457
-38.1848 91.3462 2.97912 0.364968 -0.865133 -0.343955
-38.9615 91.2706 2.28978 0.386657 -0.867547 -0.312823
-39.7542 91.2444 1.25342 0.393796 -0.88713 -0.238867
-40.2439 91.3487 0.0599964 0.375973 -0.89989 -0.221002
-40.3698 91.5046 -0.938594 0.301813 -0.933502 -0.188937
-40.38 91.7388 -2.06313 0.257729 -0.952498 -0.162243
-40.2874 91.9586 -3.28471 0.190205 -0.97236 -0.135417
-40.137 92.1586 -4.49612 0.168635 -0.977561 -0.123501
-39.9899 92.2847 -5.51988 0.155097 -0.9849 -0.0769145
-39.8 92.398 -6.58872 0.133716 -0.988621 -0.0641485
-39.3877 92.48 -7.76218 0.0462766 -0.997143 -0.0597087
-39.1472 92.5069 -8.67633 0.0357767 -0.999031 0.0183218
-38.9574 92.4716 -9.66158 0.0255759 -0.997604 0.0642771
-38.7886 92.4151 -10.7326 -0.00789291 -0.997138 0.0692687
-38.6613 92.2691 -11.849 -0.0412167 -0.990064 0.134445
-38.5625 92.028 -13.1433 -0.0112836 -0.976654 0.214524
-38.5498 91.778 -14.2153 -0.00475465 -0.963659 0.266606
-38.5879 91.4381 -15.3888 -0.00272867 -0.948394 0.314571
-38.8154 90.9588 -16.5881 -0.0216518 -0.92227 0.38594
-39.1139 90.5326 -17.4185 0.0148616 -0.889035 0.457487
-39.3691 90.0814 -18.2087 0.0234215 -0.859955 0.509419
-39.8099 89.5283 -19.0481 0.0435298 -0.786781 0.615695
-40.5511 89.0337 -19.6427 0.0256514 -0.7719 0.634337
-41.3841 88.7458 -19.9262 0.0311528 -0.752036 0.658371
-42.5984 88.6287 -20.019 -0.011525 -0.749757 0.661133
-43.6084 88.7269 -19.9614 -0.0468169 -0.74887 0.660936
-44.8147 89.2306 -19.4991 -0.0541874 -0.743204 0.666867
-45.494 89.8217 -18.9176 -0.0767583 -0.776294 0.621978
-45.7914 90.4212 -18.1386 -0.115837 -0.800818 0.587599
-45.8224 90.9264 -17.3202 -0.121228 -0.862162 0.491914
-45.759 91.4246 -16.3694 -0.129089 -0.890764 0.435597
-45.6448 91.826 -15.4152 -0.101168 -0.949349 0.297493
-45.763 92.1815 -14.2788 -0.0982946 -0.974747 0.181688
-45.9045 92.2908 -13.3488 -0.148924 -0.978302 0.113416
-46.022 92.337 -12.4595 -0.0338346 -0.999352 0.012285
-46.2734 92.3417 -11.3708 -0.0353305 -0.999149 -0.0212522
-46.6656 92.3247 -10.0233 -0.0305537 -0.999109 -0.0283808
-46.7803 92.2934 -8.99203 -0.0409966 -0.996158 -0.0676274
-46.8293 92.1054 -7.77386 -0.0019026 -0.980216 -0.19792
-46.7946 91.8269 -6.66468 0.0379904 -0.953169 -0.300042
-46.852 91.4673 -5.67159 0.0684098 -0.918723 -0.380479
-46.9949 91.0679 -4.71614 0.162684 -0.891563 -0.422668
-47.2892 90.5146 -3.6343 0.199277 -0.899921 -0.387855
-47.6106 89.9507 -2.6614 0.242817 -0.850924 -0.4658
-48.0297 89.2768 -1.6347 0.365479 -0.826428 -0.428301
-48.548 88.5436 -0.690541 0.419997 -0.807443 -0.414294
-48.9574 87.981 0.0609772 0.442718 -0.817146 -0.366742
-49.3887 87.447 0.644014 0.467478 -0.823317 -0.314848
-50.2694 86.7746 1.304 0.459372 -0.850563 -0.255969
-51.0745 86.161 2.01642 0.489555 -0.857728 -0.156963
-51.7629 85.6454 2.74316 0.477454 -0.869242 -0.126196
-52.3935 85.1911 3.67926 0.475212 -0.873976 -0.101681
-53.0613 84.7672 4.56647 0.500438 -0.864109 -0.0536422
-53.6939 84.3841 5.36161 0.516908 -0.856024 -0.00543918
-54.3908 83.9798 6.2973 0.526061 -0.84969 0.0279514
-54.936 83.6437 6.95107 0.545451 -0.837845 0.022292
-55.6309 83.2043 8.01353 0.580853 -0.813803 0.014729
-56.2186 82.7978 9.11876 0.600282 -0.799455 0.0200393
-56.8332 82.3178 10.2072 0.63721 -0.770641 0.00870403
-57.2903 81.8668 11.2398 0.658316 -0.751881 -0.0358262
-57.7154 81.42 11.9397 0.685688 -0.725112 -0.0636034
-58.1322 80.9484 12.6216 0.710171 -0.696915 -0.0998295
-58.4806 80.4849 13.3715 0.715339 -0.686796 -0.127574
-58.8101 79.9241 14.4441 0.696379 -0.699688 -0.159379
-58.9653 79.5509 15.272 0.709718 -0.682019 -0.175767
-59.1127 78.9834 16.6715 0.71311 -0.665366 -0.220823
-59.1416 78.659 17.5554 0.711705 -0.666007 -0.223384
-59.1048 78.1942 18.94 0.654258 -0.714711 -0.247252
-59.0311 77.9261 19.8667 0.659376 -0.7079 -0.253038
-58.9885 77.5274 21.0045 0.625845 -0.729969 -0.274706
-59.0356 76.9799 22.311 0.621161 -0.726709 -0.293349
-59.0619 76.5939 23.2562 0.601122 -0.742 -0.296797
-59.0224 76.1048 24.621 0.613457 -0.741687 -0.271239
-58.9836 75.8029 25.5438 0.575909 -0.759822 -0.301634
-58.9383 75.4782 26.4561 0.573532 -0.770048 -0.278429
-58.9195 75.0459 27.6857 0.545896 -0.780027 -0.305868
-58.9161 74.5943 28.9503 0.524155 -0.804609 -0.279044
-58.8781 74.2864 29.9042 0.515083 -0.810764 -0.277078
-58.8622 73.991 30.8671 0.502932 -0.82396 -0.261055
-58.9009 73.6643 31.7231 0.459608 -0.849679 -0.258468
-58.9371 73.2956 32.8527 0.454214 -0.848942 -0.270162
-58.8374 73.0273 33.9121 0.437066 -0.863937 -0.250171
-58.4476 72.8954 35.0537 0.433892 -0.865698 -0.249577
-57.8565 72.8438 36.1817 0.404087 -0.879332 -0.251972
-57.3145 72.8549 36.9263 0.379748 -0.884591 -0.270723
-56.5631 72.8519 37.9672 0.327434 -0.905501 -0.269914
-55.7669 72.8011 39.0798 0.316696 -0.906457 -0.279355
-55.1482 72.7697 39.8469 0.253542 -0.922604 -0.29072
-54.3215 72.7511 40.6322 0.254181 -0.923092 -0.288607
-52.9486 72.8016 41.5237 0.221958 -0.927035 -0.302225
-51.6375 72.7665 42.3319 0.15946 -0.930917 -0.328583
-50.6235 72.7872 42.6998 0.126584 -0.935876 -0.328804
-49.5545 72.8521 42.882 0.0957648 -0.938225 -0.332511
-48.4983 72.9815 42.8199 0.0848215 -0.932893 -0.350024
-47.1392 73.2542 42.4088 0.0593828 -0.924625 -0.375537
-46.3621 73.4661 41.9625 0.0305652 -0.927806 -0.371808
-45.3251 73.7511 41.3811 0.0188052 -0.913591 -0.405635
-44.5939 73.9922 40.8254 0.00467779 -0.9078 -0.418806
-43.7654 74.3261 40.1376 -0.00566431 -0.900497 -0.434826
-43.1028 74.7117 39.3599 -0.0796815 -0.886433 -0.455946
-42.4721 75.2083 38.3552 -0.0472211 -0.869464 -0.491735
-42.0012 75.7066 37.4749 -0.078383 -0.85272 -0.516454
-41.5256 76.3629 36.3816 -0.105992 -0.823691 -0.556594
-41.1788 76.8599 35.5496 -0.125791 -0.827684 -0.546914
-40.7851 77.3205 34.8232 -0.148253 -0.806009 -0.573036
-40.1512 78.1335 33.5999 -0.180626 -0.749999 -0.636297
-39.6121 79.1006 32.3486 -0.195098 -0.722109 -0.663699
-39.1383 79.593 31.6708 -0.201998 -0.70946 -0.675176
-38.5828 80.2018 30.8581 -0.211445 -0.707544 -0.674271
-38.0151 80.7591 30.1036 -0.190216 -0.704051 -0.683868
-37.461 81.1863 29.4912 -0.208236 -0.70367 -0.679328
-36.7363 81.6786 28.7514 -0.210495 -0.710097 -0.671896
-35.6987 82.2304 27.8393 -0.214121 -0.717161 -0.663191
-34.9633 82.5399 27.2629 -0.220076 -0.730577 -0.646044
-34.0203 82.9848 26.3877 -0.235246 -0.744961 -0.624253
-33.2929 83.4084 25.5461 -0.240893 -0.780216 -0.577263
-32.6516 83.8541 24.6337 -0.238242 -0.817238 -0.524726
-32.0901 84.3245 23.6566 -0.231631 -0.825132 -0.515042
-31.7788 84.8281 22.5788 -0.269376 -0.851533 -0.449809
-31.6631 85.212 21.7546 -0.221559 -0.882882 -0.413321
-31.4516 85.5664 20.9244 -0.201713 -0.881232 -0.427483
-31.2559 85.9345 20.0122 -0.181661 -0.901421 -0.39247
-30.9916 86.5009 18.598 -0.165499 -0.9098 -0.380624
-30.7745 86.9807 17.3866 -0.0756547 -0.921398 -0.381186
-30.5975 87.4407 16.3275 -0.0613005 -0.896635 -0.438506
-30.3807 87.9593 15.2708 0.0370301 -0.888918 -0.456566
-30.2473 88.4437 14.3485 0.107262 -0.86918 -0.482647
-30.0899 88.9337 13.5072 0.115605 -0.86756 -0.48371
-29.8816 89.4696 12.7285 0.176471 -0.834346 -0.521415
-29.6411 90.0311 11.9187 0.222121 -0.814929 -0.535307
-29.3104 90.8461 10.8103 0.262392 -0.821924 -0.505561
-28.6401 91.7659 9.66844 0.352569 -0.826091 -0.439623
-27.869 92.4775 8.90733 0.339926 -0.845918 -0.41093
-27.1593 93.0391 8.34425 0.330685 -0.861424 -0.384016
-26.1811 93.6952 7.60967 0.321391 -0.876997 -0.357188
-25.5485 94.0896 7.05818 0.255546 -0.92221 -0.290216
-24.8084 94.5187 6.31459 0.244944 -0.940666 -0.23442
-23.9071 94.9494 5.44323 0.219484 -0.95029 -0.220402
-22.8884 95.332 4.67994 0.194719 -0.964708 -0.175785
-21.9561 95.6466 3.92825 0.207566 -0.968608 -0.134334
-21.0351 95.9022 3.30856 0.160368 -0.981142 -0.100995
-20.1479 96.0708 2.98938 0.196557 -0.979897 -0.0341654
-19.041 96.2336 2.83651 0.124982 -0.992152 -0.00364148
-17.5094 96.4302 2.65252 0.0975531 -0.984463 0.145999
-16.5962 96.4981 2.43106 0.0500435 -0.994866 0.0678043
-15.4489 96.4792 2.24122 -0.00147994 -0.995867 0.0908079
-14.4521 96.434 2.04746 -0.0801393 -0.992871 0.0882365
-13.3666 96.1851 1.55563 -0.288883 -0.916385 0.271919
-12.5147 95.6551 0.912539 -0.360763 -0.888171 0.284611
-11.9612 95.0418 -0.0137602 -0.439852 -0.820849 0.364332
-11.8256 94.4416 -1.17567 -0.472029 -0.798051 0.374571
-12.1886 94.219 -2.2405 -0.500007 -0.816576 0.28844
-12.5718 94.1422 -3.16376 -0.495771 -0.834202 0.241491
-13.3831 94.3453 -4.09082 -0.46978 -0.857521 0.209675
-14.1105 94.5507 -4.80143 -0.451298 -0.871485 0.186602
-14.8552 94.865 -5.32474 -0.453505 -0.878512 0.149025
-15.7697 95.2653 -5.73315 -0.464739 -0.879607 0.101133
-16.7364 95.7249 -6.03084 -0.40507 -0.912707 0.0524445
-17.6793 96.1215 -6.18758 -0.398696 -0.916178 0.032445
-18.5702 96.4715 -6.17575 -0.351342 -0.931349 -0.0956495
-19.7188 96.7555 -5.74496 -0.179253 -0.981882 -0.0614514
-20.7689 96.8607 -5.20999 -0.0953995 -0.989761 -0.10617
-20.949 96.8679 -5.11501 -0.0915015 -0.990377 -0.103724
-21.3798 97.0082 -5.98119 -0.0938007 -0.983457 -0.154965
-22.452 97.0016 -5.46724 -0.043844 -0.988031 -0.147891
-23.2261 96.9579 -4.99792 -0.0197487 -0.985107 -0.17054
-24.0553 96.87 -4.58361 0.063576 -0.976638 -0.205271
-24.8846 96.6682 -3.91127 0.0916697 -0.984827 -0.139727
-25.6606 96.5092 -3.34586 0.0652616 -0.978516 -0.19557
-26.7048 96.2535 -2.75097 0.144898 -0.96809 -0.20322
-27.4953 95.9503 -1.98 0.144321 -0.964597 -0.219361
-28.3434 95.6448 -1.32531 0.175668 -0.957712 -0.22788
-29.0746 95.3901 -0.824178 0.184661 -0.949897 -0.25091
-29.7543 95.085 -0.249859 0.22079 -0.935183 -0.275258
-30.4706 94.7075 0.369122 0.250154 -0.927921 -0.276379
-31.1837 94.3704 0.904861 0.244021 -0.934112 -0.260549
-32.2759 93.8604 1.59989 0.263143 -0.918464 -0.295263
-32.9951 93.5225 2.03424 0.258506 -0.913555 -0.313388
-34.1708 92.9883 2.6147 0.236687 -0.907772 -0.345695
-35.1718 92.5607 2.93126 0.295761 -0.870106 -0.39426
-36.3183 92.1648 2.90841 0.325693 -0.851412 -0.411122
-37.2088 91.9152 2.67965 0.390805 -0.819573 -0.419012
-38.4175 91.7071 1.69469 0.410216 -0.863417 -0.291576
-39.1808 91.6838 0.654713 0.420684 -0.875062 -0.239356
-39.3581 91.8162 -0.623086 0.336232 -0.924527 -0.179066
-39.4776 91.9561 -2.02428 0.247535 -0.960383 -0.121848
-39.3696 92.1203 -2.9747 0.220618 -0.967797 -0.12123
-39.2528 92.2546 -4.05008 0.175428 -0.979913 -0.0948213
-39.004 92.4129 -5.20448 0.170053 -0.98089 -0.0943732
-38.8261 92.4823 -6.08719 0.112323 -0.992341 -0.0514003
-38.5181 92.5558 -7.26509 0.112508 -0.993613 -0.00868463
-38.3026 92.5425 -8.35463 0.0421394 -0.998449 0.0363794
-37.983 92.5114 -9.66966 0.0567412 -0.997285 0.0440387
-37.7761 92.3694 -11.2182 0.0316294 -0.98874 0.146192
-37.6334 92.1184 -12.7468 0.00375661 -0.978939 0.203711
-37.6047 91.8329 -14.1866 0.0576903 -0.970883 0.224698
-37.6628 91.3858 -15.6281 0.0548827 -0.936169 0.345183
-37.9759 90.7216 -17.0944 0.0121474 -0.895611 0.4446
-38.2261 90.2531 -18.0136 0.0239765 -0.897641 0.439866
-38.5118 89.8205 -18.7469 0.0710167 -0.869324 0.489113
-38.9219 89.3128 -19.4274 0.0633667 -0.804106 0.591008
-40.0573 88.4845 -20.3212 0.0705468 -0.760529 0.645262
-40.8618 88.1624 -20.6343 0.0645052 -0.748794 0.659254
-41.8307 87.961 -20.7823 0.0323289 -0.732355 0.680155
-42.7829 87.9456 -20.748 0.0117768 -0.721567 0.691302
-43.9995 88.129 -20.5977 -0.0195809 -0.711182 0.702735
-45.0442 88.4987 -20.2769 -0.0349616 -0.69878 0.714482
-46.0122 89.169 -19.6839 -0.0655307 -0.724844 0.68554
-46.5736 89.7045 -19.157 -0.0714206 -0.736603 0.672543
-46.8077 90.3737 -18.3794 -0.0958358 -0.798573 0.59422
-46.8204 91.0175 -17.3986 -0.110601 -0.861743 0.495143
-46.7369 91.5953 -16.3439 -0.186341 -0.865915 0.464185
-46.5804 91.9743 -15.4282 -0.201371 -0.931671 0.302387
-46.6785 92.3197 -14.2987 -0.158376 -0.958909 0.235394
-46.9414 92.5495 -13.3126 -0.207297 -0.971646 0.0103067
-47.0392 92.337 -11.9769 0.119456 -0.959789 -0.0240222
-47.4584 92.3912 -10.8908 -0.0719826 -0.99697 -0.0294962
-47.7358 92.4532 -9.93299 -0.194653 -0.978606 -0.0666377
-47.8065 92.3785 -8.70478 -0.187553 -0.958494 -0.183446
-47.8027 92.0564 -7.32622 -0.0580567 -0.980558 -0.187442
-47.8865 91.7121 -6.20146 -0.00615621 -0.931915 -0.353138
-47.9124 91.0201 -5.02323 0.175258 -0.856246 -0.481281
-48.1853 90.5315 -4.10182 0.186974 -0.895793 -0.403232
-48.4004 90.0949 -3.3193 0.224003 -0.855084 -0.467605
-48.6866 89.4559 -2.42215 0.313954 -0.787913 -0.529742
-49.1803 88.8421 -1.72166 0.356042 -0.816068 -0.454575
-49.6389 87.8507 -0.607193 0.520863 -0.749218 -0.399948
-50.1749 87.2328 0.0460953 0.52218 -0.788229 -0.325538
-50.8244 86.6537 0.43742 0.539301 -0.818467 -0.19816
-51.4757 86.125 0.941932 0.489833 -0.858379 -0.152477
-52.0326 85.6931 1.58075 0.492536 -0.856526 -0.153462
-52.5692 85.2818 2.22484 0.489379 -0.861102 -0.137839
-53.2298 84.7648 3.29818 0.496145 -0.863892 -0.0867767
-54.2587 84.0539 4.58563 0.516612 -0.854652 -0.041393
-54.8135 83.708 5.39462 0.523123 -0.852124 -0.0135549
-55.6016 83.1977 6.41673 0.558783 -0.829296 -0.00421009
-56.0747 82.879 7.14667 0.565333 -0.824801 -0.00145547
-56.6263 82.493 8.21892 0.573637 -0.819109 0.00108286
-57.2716 81.987 9.31134 0.594127 -0.803146 -0.0443781
-57.6993 81.5849 10.1686 0.635332 -0.770944 -0.0446982
-58.0726 81.1972 10.9659 0.677069 -0.729386 -0.0978489
-58.7377 80.4561 12.0554 0.67315 -0.732318 -0.101814
-59.0948 79.9994 12.7635 0.695489 -0.704291 -0.142368
-59.3676 79.5542 13.6653 0.682258 -0.712946 -0.160859
-59.6121 79.0673 14.6687 0.677528 -0.713089 -0.180149
-59.7988 78.4338 16.2483 0.689093 -0.689618 -0.22246
-59.86 78.0845 17.1109 0.675465 -0.706229 -0.210277
-59.8797 77.6801 18.3921 0.648378 -0.718751 -0.251004
-59.7706 77.4608 19.2976 0.643814 -0.720611 -0.257337
-59.7349 77.0954 20.4819 0.624149 -0.737782 -0.255831
-59.7741 76.7277 21.3651 0.604323 -0.750241 -0.267408
-59.8247 76.3568 22.2923 0.587781 -0.756749 -0.286085
-59.8468 76.0083 23.1515 0.588728 -0.752467 -0.295286
-59.8012 75.5413 24.556 0.576156 -0.774654 -0.260682
-59.7898 75.2085 25.5115 0.573114 -0.760788 -0.304535
-59.6928 74.9286 26.5041 0.537771 -0.801013 -0.263023
-59.73 74.5003 27.7134 0.531314 -0.800147 -0.278011
-59.7388 74.04 29.0034 0.512573 -0.816469 -0.2649
-59.7024 73.7604 29.9995 0.497831 -0.828001 -0.257909
-59.7435 73.4322 30.9476 0.493043 -0.829361 -0.262791
-59.8471 72.9919 32.2372 0.466631 -0.846177 -0.25737
-59.8056 72.6504 33.4932 0.455757 -0.854817 -0.248141
-59.5031 72.4822 34.673 0.424743 -0.876289 -0.227367
-59.1985 72.3253 35.8394 0.412609 -0.878595 -0.240013
-58.5486 72.3726 36.7164 0.400629 -0.883258 -0.243419
-57.9888 72.4017 37.5303 0.38176 -0.89223 -0.241108
-57.3764 72.3816 38.5629 0.350876 -0.900596 -0.254881
-56.5384 72.4294 39.4891 0.310244 -0.918531 -0.243816
-55.499 72.4102 40.7628 0.258289 -0.932741 -0.249383
-54.8033 72.4056 41.3955 0.224928 -0.938395 -0.26226
-54.0174 72.4299 41.9461 0.19474 -0.943289 -0.268854
-53.2349 72.4517 42.4363 0.191011 -0.941299 -0.278148
-52.4562 72.4258 42.9832 0.142878 -0.949276 -0.28011
-51.0496 72.456 43.5125 0.116399 -0.943837 -0.309214
-49.6587 72.5255 43.7872 0.0981534 -0.940732 -0.324636
-48.6004 72.6225 43.796 0.0751044 -0.943475 -0.322822
-47.3375 72.8234 43.4645 0.0623456 -0.930775 -0.360238
-46.468 73.0134 43.0985 0.0464663 -0.934619 -0.352602
-45.5676 73.2342 42.5936 0.0154012 -0.931461 -0.362988
-44.4731 73.5142 41.9477 0.00740419 -0.924575 -0.380839
-43.6114 73.8059 41.2639 0.00775241 -0.917201 -0.397862
-42.5864 74.2624 40.1887 -0.0586663 -0.906473 -0.417768
-41.8998 74.7001 39.197 -0.0512606 -0.884256 -0.463005
-41.2629 75.3341 37.9858 -0.0710292 -0.864311 -0.497542
-40.6424 76.0659 36.6637 -0.0888199 -0.849477 -0.519852
-40.2319 76.6489 35.6734 -0.148806 -0.846264 -0.507682
-39.7757 77.096 34.8362 -0.203862 -0.786582 -0.582863
-39.428 77.532 34.1262 -0.183883 -0.776682 -0.601747
-38.9548 78.3441 33.0147 -0.173684 -0.753672 -0.633887
-38.4821 78.9687 32.1748 -0.160516 -0.743019 -0.649736
-38.0098 79.5172 31.4212 -0.179079 -0.731262 -0.658169
-37.4201 80.0368 30.6952 -0.166319 -0.71578 -0.678033
-36.7583 80.6415 29.8789 -0.193643 -0.725284 -0.660655
-36.1495 81.1339 29.1202 -0.237881 -0.701821 -0.67094
-35.5123 81.4806 28.5612 -0.204664 -0.686231 -0.697366
-34.3661 81.9572 27.732 -0.18574 -0.743838 -0.642033
-33.72 82.2841 27.1815 -0.172723 -0.765029 -0.619414
-33.0837 82.6234 26.5438 -0.195652 -0.789255 -0.581549
-32.1323 83.1917 25.3866 -0.217435 -0.795234 -0.565972
-31.4127 83.7263 24.2732 -0.240633 -0.813105 -0.530053
-30.9128 84.3963 22.9587 -0.230453 -0.851507 -0.470391
-30.7164 84.8287 22.0475 -0.214407 -0.861585 -0.460088
-30.5216 85.2841 21.0515 -0.21063 -0.87798 -0.429868
-30.3799 85.6985 20.1962 -0.165576 -0.887823 -0.428007
-30.0851 86.2127 18.9313 -0.14307 -0.90617 -0.397843
-29.8491 86.648 17.8652 -0.127148 -0.900309 -0.416267
-29.7645 87.0919 16.9117 -0.0783794 -0.877832 -0.470906
-29.5132 87.4984 16.1266 -0.0236914 -0.893155 -0.449125
-29.2952 87.9755 15.2538 0.100317 -0.824511 -0.556882
-29.2553 88.4908 14.4979 0.107065 -0.845795 -0.520939
-29.0515 89.0643 13.5757 0.142836 -0.826201 -0.544968
-28.8688 89.8365 12.5151 0.198679 -0.792816 -0.576158
-28.5283 90.5218 11.6958 0.240978 -0.773342 -0.584564
-28.2435 91.2169 10.8903 0.357461 -0.778646 -0.515687
-27.8011 91.8202 10.1817 0.330355 -0.820053 -0.46731
-27.3011 92.3956 9.63155 0.383862 -0.850276 -0.360112
-26.2345 93.2254 8.84426 0.391881 -0.860683 -0.322474
-25.5637 93.6853 8.32295 0.360582 -0.886423 -0.289584
-24.9264 94.1026 7.76576 0.330267 -0.916282 -0.226607
-23.8965 94.6532 6.69494 0.228735 -0.95271 -0.200061
-22.7987 95.0919 5.8923 0.208758 -0.95463 -0.212371
-22.0263 95.4109 5.27839 0.211658 -0.966347 -0.144391
-21.2354 95.6846 4.73606 0.204642 -0.964301 -0.167391
-20.517 95.945 4.17493 0.232332 -0.969308 -0.070068
-19.5806 96.1574 3.84097 0.345356 -0.928881 0.0581066
-18.5596 96.3762 3.73598 0.20782 -0.974943 0.0793586
-17.6209 96.5718 3.68172 0.152686 -0.979703 0.112676
-16.0689 96.5783 3.25527 0.000945943 -0.99528 0.0970415
-15.0982 96.5635 3.12258 0.0578687 -0.987092 0.132493
-13.9645 96.467 2.91319 -0.0984281 -0.986518 0.122747
-13.0944 96.3459 2.53329 -0.267707 -0.942315 0.170781
-12.1746 95.912 2.00704 -0.240991 -0.876909 0.384041
-11.4639 95.3266 1.31383 -0.438722 -0.835633 0.320889
-11.1703 94.7649 0.489096 -0.516339 -0.775584 0.361523
-10.9238 94.1909 -0.389955 -0.531637 -0.770183 0.352392
-10.9209 93.8109 -1.25755 -0.53657 -0.775936 0.331687
-11.2608 93.5933 -2.31737 -0.536626 -0.776181 0.331021
-11.6871 93.5219 -3.28218 -0.545868 -0.794118 0.267218
-12.5447 93.7375 -4.43011 -0.545936 -0.807043 0.225023
-13.3577 94.0414 -5.20758 -0.531323 -0.832596 0.156461
-14.3346 94.4522 -6.0876 -0.472779 -0.868099 0.151272
-15.1765 94.8594 -6.49555 -0.467826 -0.875271 0.122637
-16.2811 95.4254 -6.84771 -0.473681 -0.876913 0.0815498
-17.0943 95.8568 -7.06441 -0.402239 -0.915499 0.00808671
-18.0001 96.2847 -7.24803 -0.455811 -0.89002 -0.0100688
-19.0191 96.7085 -7.08266 -0.31294 -0.947129 -0.0708112
-19.9653 96.9071 -6.65355 -0.184461 -0.974828 -0.12524
-20.8166 96.9912 -6.21449 -0.120473 -0.983399 -0.130837
-20.977 96.9942 -6.13638 -0.0938017 -0.983456 -0.154972
-20.1687 96.6802 -3.90481 -0.106263 -0.990545 -0.0867675
-18.8052 96.4753 -3.92022 -0.197111 -0.979686 -0.036911
-17.907 96.2928 -3.92753 -0.267235 -0.963601 0.00766345
-16.8867 95.9483 -3.91271 -0.312633 -0.947788 0.062913
-15.6107 95.4661 -3.86169 -0.382372 -0.903467 0.19375
-15.2671 95.3261 -3.83622 -0.382372 -0.903467 0.19375
-14.238 95.1572 -2.65934 -0.368798 -0.881853 0.293807
-15.7589 95.6806 -2.767 -0.297569 -0.951283 0.0807094
-17.1661 96.1266 -2.80651 -0.255297 -0.966137 0.0374646
-18.6684 96.4297 -2.80367 -0.162222 -0.986567 -0.0192348
-19.9693 96.5802 -2.79298 -0.103626 -0.994223 -0.0279749
-20.928 96.6168 -2.78823 -0.0141294 -0.991421 -0.129941
-21.8925 96.6342 -2.78576 -0.018208 -0.990669 -0.135071
-21.9557 96.6343 -2.78577 0.0424407 -0.988165 -0.147404
-23.4834 96.3983 -1.6903 0.0755546 -0.987117 -0.141035
-22.5288 96.4521 -1.68032 0.0391329 -0.989875 -0.136439
-21.4007 96.4769 -1.67585 -0.00240376 -0.989805 -0.142406
-20.3632 96.4679 -1.67793 -0.0198576 -0.993944 -0.108082
-19.4051 96.4595 -1.68022 -0.00888826 -0.99574 -0.0917711
-18.14 96.3369 -1.68962 -0.138495 -0.990358 0.00312778
-17.0997 96.124 -1.68905 -0.147149 -0.986077 0.0774554
-16.1183 95.9668 -1.67638 -0.231248 -0.958611 0.166101
-14.9673 95.6732 -1.63098 -0.237261 -0.950201 0.202054
-13.9725 95.4075 -1.57458 -0.404573 -0.872175 0.275012
-13.3466 95.1188 -1.48658 -0.407937 -0.834239 0.370988
-13.6714 95.6277 -0.470516 -0.263379 -0.934101 0.241012
-14.7775 95.8989 -0.532663 -0.199915 -0.952907 0.228041
-15.6695 96.057 -0.558365 -0.178289 -0.962761 0.203234
-16.5978 96.2168 -0.577842 -0.0615174 -0.996217 0.0613756
-17.7451 96.3062 -0.573931 -0.0449073 -0.99806 0.0431115
-19.0184 96.3727 -0.564875 -0.0733696 -0.996708 -0.0344965
-20.3777 96.353 -0.561692 0.00835077 -0.994307 -0.106222
-21.4394 96.3301 -0.562722 0.0298349 -0.991305 -0.128155
-22.446 96.2822 -0.569676 0.0469935 -0.983234 -0.176191
-23.6523 96.203 -0.584973 0.0880127 -0.98213 -0.166357
-24.8405 96.0648 -0.613983 0.151066 -0.969377 -0.193616
-26.5567 95.5738 0.418192 0.14963 -0.963371 -0.222547
-25.5644 95.7332 0.460748 0.164513 -0.965522 -0.201751
-24.6749 95.8709 0.492595 0.15419 -0.968317 -0.196436
-23.448 96.0198 0.524629 0.111542 -0.9744 -0.195202
-22.4136 96.104 0.540998 0.0712698 -0.980755 -0.181771
-21.2526 96.178 0.551747 0.0466005 -0.991118 -0.124555
-20.2211 96.2403 0.555187 0.082685 -0.990742 -0.107676
-19.0934 96.2971 0.554954 0.0292804 -0.997471 -0.0647689
-18.1642 96.3314 0.550071 0.0366013 -0.997424 -0.0616899
-17.2265 96.3247 0.543961 -0.0615174 -0.996217 0.0613756
-15.6794 96.2711 0.539203 -0.0110565 -0.988975 0.147668
-15.0753 96.2354 0.543329 -0.134229 -0.936996 0.322523
-21.1962 96.0285 1.66799 0.111634 -0.987364 -0.112476
-22.2799 95.927 1.65376 0.117298 -0.983062 -0.140819
-23.3745 95.8022 1.63029 0.104123 -0.978252 -0.179392
-24.6969 95.6354 1.59257 0.153698 -0.965562 -0.209919
-26.0202 95.4186 1.53876 0.176953 -0.95811 -0.225197
-27.1499 95.2059 1.47864 0.201506 -0.949123 -0.241995
-28.0229 95.0433 1.42824 0.209918 -0.943227 -0.257406
-29.2825 94.4611 2.41814 0.25517 -0.929632 -0.265845
-28.3153 94.6836 2.49066 0.218013 -0.941688 -0.256308
-27.2336 94.9191 2.56399 0.220306 -0.943236 -0.248537
-26.2436 95.1222 2.62422 0.17908 -0.958071 -0.223674
-24.7849 95.3824 2.69175 0.167471 -0.96191 -0.216062
-23.2349 95.6083 2.74214 0.161536 -0.969392 -0.184894
-23.0372 95.6429 2.74862 0.158373 -0.973604 -0.164357
-24.3972 95.1983 3.80899 0.179262 -0.95883 -0.22025
-25.4318 95.014 3.76549 0.200796 -0.950156 -0.238506
-26.3453 94.8157 3.70998 0.219921 -0.940973 -0.257302
-27.618 94.5482 3.62825 0.221889 -0.937023 -0.26973
-28.6552 94.2872 3.54132 0.257131 -0.920627 -0.293819
-29.5477 94.0723 3.46647 0.252496 -0.918958 -0.302923
-30.3257 93.8622 3.39095 0.27865 -0.911133 -0.303629
-32.013 93.0217 4.25344 0.294727 -0.8957 -0.332952
-31.1485 93.2625 4.35038 0.292836 -0.901016 -0.320026
-30.038 93.5855 4.47795 0.292093 -0.895639 -0.335429
-29.1338 93.8167 4.56514 0.259593 -0.914594 -0.310048
-28.2108 94.0715 4.65712 0.278798 -0.915662 -0.289541
-27.1801 94.3201 4.74148 0.234466 -0.932939 -0.273222
-26.0833 94.5796 4.82061 0.232241 -0.938407 -0.255846
-25.8249 94.6368 4.836 0.22334 -0.94296 -0.246871
-26.6282 94.1421 5.87541 0.269823 -0.922463 -0.276147
-27.8111 93.804 5.75783 0.287965 -0.897057 -0.335209
-28.8396 93.529 5.65583 0.284844 -0.891922 -0.351195
-29.7229 93.2714 5.5536 0.302789 -0.887754 -0.346714
-30.5878 93.0239 5.4531 0.286343 -0.890822 -0.352767
-31.8375 92.6708 5.30861 0.299687 -0.887745 -0.349423
-32.8409 92.3777 5.18883 0.300466 -0.88304 -0.3605
-33.5499 92.1709 5.10411 0.29802 -0.882991 -0.362643
-38.0188 90.8055 4.54622 0.333902 -0.879847 -0.338199
-38.9597 90.4788 4.43064 0.336607 -0.882734 -0.327836
-39.976 90.1208 4.31207 0.339939 -0.888756 -0.307496
-40.9859 89.7777 4.20581 0.334763 -0.892622 -0.301926
-41.9925 89.4301 4.102 0.340051 -0.893295 -0.29392
-43.3396 88.978 3.97236 0.341839 -0.901144 -0.266619
-44.3692 88.5948 3.86097 0.339752 -0.905195 -0.255325
-45.3723 88.253 3.76183 0.342312 -0.901901 -0.263434
-46.2858 87.9326 3.67058 0.363939 -0.893845 -0.261897
-47.5338 87.4968 3.55377 0.319966 -0.927369 -0.193928
-48.8307 86.9906 3.43691 0.388386 -0.907776 -0.15843
-49.7118 86.6072 3.35869 0.402679 -0.903639 -0.145899
-50.1795 86.4066 3.32156 0.427298 -0.89528 -0.126053
-50.9156 85.9085 4.40404 0.447948 -0.893273 -0.0375007
-50.0073 86.3216 4.46585 0.407842 -0.911161 -0.0587471
-48.9263 86.7726 4.54368 0.362931 -0.927167 -0.0929677
-47.9262 87.1715 4.62417 0.34462 -0.931283 -0.118107
-46.646 87.5951 4.72602 0.326639 -0.934365 -0.14237
-45.3805 87.9859 4.82733 0.307877 -0.937235 -0.163713
-44.3629 88.3137 4.92527 0.344337 -0.915377 -0.208605
-42.9591 88.7836 5.06351 0.320108 -0.911334 -0.258847
-41.9364 89.1061 5.15924 0.312983 -0.907752 -0.279334
-40.6796 89.5265 5.29066 0.323207 -0.90061 -0.290583
-39.4759 89.9286 5.42057 0.339939 -0.88876 -0.307485
-38.3178 90.3084 5.55247 0.32057 -0.8884 -0.328603
-37.4486 90.5851 5.65407 0.322857 -0.884332 -0.337225
-36.351 90.9237 5.7857 0.312666 -0.883168 -0.349648
-35.4872 91.186 5.89137 0.299044 -0.882164 -0.363812
-34.1907 91.5671 6.04883 0.299082 -0.881189 -0.366136
-32.7959 91.9723 6.21936 0.300775 -0.882879 -0.360637
-31.5567 92.3286 6.3694 0.302946 -0.867871 -0.393731
-30.5033 92.6274 6.49675 0.28792 -0.886228 -0.362908
-29.6192 92.8769 6.60202 0.295002 -0.884129 -0.362339
-28.6009 93.1689 6.72255 0.29565 -0.883109 -0.364292
-27.9021 93.3775 6.80456 0.317442 -0.883393 -0.344742
-28.9638 92.6168 7.71051 0.34111 -0.848097 -0.405433
-29.8808 92.3486 7.59282 0.292192 -0.865879 -0.40605
-31.1313 91.9932 7.43437 0.300212 -0.863361 -0.405562
-32.4911 91.606 7.26486 0.291524 -0.872625 -0.391842
-33.5096 91.318 7.14231 0.290708 -0.876827 -0.382966
-34.6364 91.0122 7.01553 0.292409 -0.881011 -0.371909
-35.5864 90.7374 6.90506 0.295188 -0.884087 -0.362292
-36.8362 90.3716 6.76156 0.304108 -0.891992 -0.334468
-38.1079 89.9848 6.61922 0.315288 -0.893094 -0.3209
-39.3803 89.5889 6.48148 0.309923 -0.896749 -0.315893
-40.6576 89.1867 6.3491 0.315625 -0.901508 -0.29608
-42.0593 88.7519 6.21234 0.295082 -0.915492 -0.273498
-43.502 88.3257 6.08115 0.290495 -0.925491 -0.24306
-44.5977 87.9858 5.97682 0.310093 -0.928946 -0.202242
-45.8031 87.6766 5.8879 0.269978 -0.951412 -0.148082
-47.0141 87.3315 5.80167 0.284576 -0.953842 -0.095928
-48.0278 86.9983 5.72932 0.302057 -0.95065 -0.0709001
-48.9896 86.6574 5.66818 0.356774 -0.933707 -0.0300679
-50.2924 86.1356 5.58497 0.390652 -0.919515 -0.0433895
-51.5818 85.537 5.51409 0.442444 -0.896712 -0.0122929
-51.6302 85.5138 5.51215 0.432674 -0.901547 0.00250821
-52.8637 84.8778 6.61204 0.472465 -0.880294 0.0431288
-52.0456 85.3176 6.64284 0.438481 -0.898637 0.013601
-51.2277 85.724 6.67097 0.444229 -0.895573 0.0246871
-49.9574 86.2601 6.73988 0.375173 -0.926774 -0.0183305
-48.8143 86.6883 6.80712 0.354376 -0.934928 -0.0180665
-47.4423 87.1022 6.88889 0.2524 -0.964851 -0.0731925
-46.5517 87.3221 6.9441 0.252283 -0.961369 -0.110106
-45.5002 87.5499 7.00972 0.235959 -0.950664 -0.201401
-44.3275 87.8226 7.09348 0.233672 -0.951138 -0.201824
-43.1456 88.1189 7.18394 0.291223 -0.918156 -0.268661
-42.2269 88.3925 7.26792 0.29607 -0.917587 -0.265285
-41.2499 88.6777 7.35615 0.291127 -0.918691 -0.266929
-40.228 88.9863 7.45419 0.299579 -0.909089 -0.2895
-39.3064 89.2647 7.54581 0.301737 -0.904585 -0.301132
-38.0673 89.6215 7.67008 0.303508 -0.899571 -0.314095
-36.8789 89.9699 7.79761 0.283592 -0.900959 -0.328404
-35.7999 90.2627 7.90819 0.287314 -0.889925 -0.354238
-34.4541 90.6257 8.05311 0.267591 -0.888107 -0.373713
-33.534 90.8711 8.15483 0.273099 -0.881274 -0.385711
-32.3397 91.1901 8.29052 0.284972 -0.870702 -0.400836
-31.346 91.4533 8.40906 0.290484 -0.865382 -0.40833
-30.4452 91.7026 8.52568 0.288022 -0.855365 -0.430574
-29.6892 91.9166 8.62623 0.300973 -0.851453 -0.429468
-30.8084 91.1058 9.47584 0.26749 -0.84694 -0.459501
-31.707 90.8716 9.36492 0.268581 -0.868196 -0.417252
-32.7398 90.6174 9.25081 0.265038 -0.873356 -0.408661
-34.1207 90.2794 9.10742 0.255913 -0.887904 -0.382275
-35.0813 90.0323 9.0074 0.251259 -0.896652 -0.364532
-36.1925 89.7643 8.90601 0.26172 -0.900542 -0.34717
-37.0618 89.5391 8.82155 0.283589 -0.900957 -0.328411
-38.0579 89.2615 8.72325 0.278093 -0.908046 -0.313235
-39.2079 88.9444 8.61429 0.273345 -0.915997 -0.293654
-40.3106 88.6367 8.51203 0.292109 -0.917335 -0.270497
-41.264 88.3668 8.42878 0.287431 -0.920665 -0.264118
-42.3174 88.0666 8.33745 0.281996 -0.924143 -0.257757
-43.3345 87.8035 8.2587 0.215217 -0.951273 -0.220818
-44.645 87.5179 8.17407 0.230972 -0.959006 -0.164195
-45.9309 87.2837 8.09735 0.155628 -0.985508 -0.0674865
-47.26 87.0392 8.0242 0.218266 -0.974022 -0.0603355
-48.3788 86.7704 7.96127 0.258044 -0.966051 -0.0125751
-49.5048 86.4228 7.89927 0.339841 -0.940244 0.0211986
-50.4442 86.0614 7.84841 0.379233 -0.925175 0.0152795
-51.6771 85.5292 7.79099 0.422914 -0.90617 0.000304744
-52.5304 85.1004 7.75933 0.461971 -0.886448 0.02816
-53.3841 84.6305 7.72965 0.508745 -0.860055 0.0385127
-53.6384 84.4796 7.72057 0.508748 -0.860054 0.0385133
-54.2565 84.1498 8.82224 0.533638 -0.845156 0.0306761
-53.2284 84.7792 8.86181 0.494325 -0.866683 0.0671139
-52.2658 85.2905 8.90381 0.469693 -0.88165 0.0456191
-50.9498 85.8905 8.9658 0.384519 -0.922162 0.0419928
-49.9029 86.3096 9.0102 0.331644 -0.942492 0.0414957
-48.6191 86.7209 9.08899 0.285502 -0.958377 0.00170303
-47.2933 86.9754 9.15839 0.169557 -0.985369 0.0172783
-46.1256 87.176 9.22047 0.171165 -0.982461 -0.0739817
-44.7901 87.3107 9.28491 0.120231 -0.990127 -0.0720649
-43.7737 87.4767 9.33578 0.200068 -0.959204 -0.199752
-42.7441 87.6973 9.39961 0.218963 -0.956244 -0.194045
-41.8251 87.9347 9.46804 0.254875 -0.938527 -0.232819
-40.8236 88.1945 9.54424 0.270847 -0.926057 -0.262794
-39.8701 88.4368 9.61977 0.265544 -0.92315 -0.277993
-38.5103 88.7987 9.74209 0.267506 -0.92024 -0.285654
-37.5886 89.0419 9.8251 0.239393 -0.916026 -0.32185
-36.3222 89.3401 9.933 0.246133 -0.914043 -0.322403
-35.3174 89.5784 10.0222 0.23184 -0.903379 -0.360772
-34.4171 89.775 10.0999 0.215868 -0.901512 -0.37507
-33.2953 90.0205 10.2026 0.241537 -0.88269 -0.403136
-32.3447 90.2237 10.2891 0.220997 -0.884708 -0.410428
-31.3338 90.4604 10.3992 0.251365 -0.861675 -0.44083
-31.0407 90.5293 10.4316 0.251362 -0.861674 -0.440835
-31.2177 89.9447 11.3834 0.195465 -0.867394 -0.457625
-32.558 89.6951 11.2712 0.202735 -0.866202 -0.45672
-33.9747 89.429 11.1614 0.202619 -0.90443 -0.375437
-34.9882 89.2352 11.0851 0.205959 -0.90826 -0.364205
-36.1319 88.994 10.9943 0.229459 -0.907681 -0.351375
-37.2042 88.7633 10.9119 0.234047 -0.917958 -0.320272
-38.4458 88.4797 10.8127 0.232279 -0.920491 -0.314234
-39.8384 88.1679 10.7078 0.207654 -0.953393 -0.218911
-40.8248 87.939 10.6372 0.234949 -0.949063 -0.209949
-41.7332 87.7372 10.5781 0.184115 -0.978245 -0.0955931
-42.8825 87.558 10.5197 0.132517 -0.986735 -0.093777
-43.8732 87.3854 10.4694 0.168252 -0.9851 -0.035623
-44.7756 87.2363 10.4286 0.114275 -0.993309 0.0166851
-45.9925 87.1642 10.3742 0.0572396 -0.998251 -0.0147631
-47.3167 86.9907 10.3111 0.144536 -0.989498 0.0017809
-48.5637 86.7678 10.2424 0.174839 -0.984147 0.0297593
-49.7988 86.3927 10.1571 0.294441 -0.954809 0.0405539
-50.9392 85.9508 10.1064 0.364616 -0.930071 0.0449885
-52.254 85.3571 10.04 0.441699 -0.896472 0.035207
-53.3114 84.8158 9.9844 0.468803 -0.882887 0.0270877
-54.1026 84.3183 9.95242 0.53281 -0.843768 0.064561
-54.8039 83.8402 9.90124 0.563105 -0.824314 0.0584731
-55.8009 83.1479 10.9144 0.608979 -0.792973 0.0183979
-54.9269 83.7994 10.9974 0.583834 -0.811618 0.0203561
-54.1188 84.3859 11.0684 0.569992 -0.820946 0.0340171
-53.2461 84.8847 11.1235 0.479654 -0.873118 0.0871653
-52.0491 85.5144 11.1951 0.436688 -0.895146 0.0895405
-50.7775 86.0885 11.2648 0.375048 -0.924678 0.0656527
-49.6957 86.4816 11.328 0.285349 -0.957182 0.0487731
-48.7645 86.762 11.3922 0.262519 -0.964289 0.0350903
-47.4315 87.0194 11.4643 0.141959 -0.989057 0.0401804
-46.243 87.1435 11.5151 0.0917784 -0.995007 0.0392159
-45.3459 87.2139 11.5532 0.0751542 -0.996551 0.035177
-44.2441 87.3299 11.5979 0.128393 -0.991653 -0.0117963
-43.2659 87.4359 11.6451 0.113258 -0.992886 -0.0367455
-41.9052 87.5686 11.7001 0.116684 -0.988058 -0.10063
-40.7412 87.76 11.7591 0.172858 -0.975133 -0.138693
-39.5895 87.9383 11.8169 0.167078 -0.949283 -0.266359
-38.6343 88.0898 11.8666 0.160468 -0.949696 -0.268939
-37.4514 88.3372 11.9506 0.223788 -0.921401 -0.317708
-36.3504 88.5642 12.0274 0.202461 -0.915239 -0.34835
-35.13 88.7907 12.1103 0.185926 -0.91748 -0.351656
-33.8709 89.0011 12.1904 0.171867 -0.896648 -0.408026
-32.7877 89.1733 12.2605 0.165285 -0.897849 -0.408103
-31.8258 89.3173 12.32 0.135566 -0.884847 -0.445722
-31.6109 89.3419 12.3307 0.145544 -0.868387 -0.474048
-31.9031 88.8044 13.3147 0.135566 -0.884843 -0.445729
-33.2764 88.6362 13.2467 0.115291 -0.903279 -0.413275
-34.3778 88.4994 13.1934 0.143441 -0.90937 -0.390476
-35.4229 88.3416 13.137 0.153879 -0.936884 -0.313957
-36.3394 88.2046 13.0887 0.159061 -0.936168 -0.313509
-37.3437 88.0293 13.0294 0.209136 -0.944448 -0.253536
-38.2576 87.8674 12.9805 0.181566 -0.957468 -0.224253
-39.4071 87.7128 12.9279 0.089398 -0.990549 -0.104018
-40.419 87.5938 12.8938 0.120839 -0.972183 -0.200645
-41.381 87.5297 12.8661 0.0602204 -0.99583 -0.0685319
-42.9408 87.428 12.8083 0.0478043 -0.99829 -0.0336452
-44.3421 87.3261 12.7478 0.0725673 -0.99693 0.0294167
-45.6959 87.2276 12.6917 0.0633835 -0.997084 0.0424963
-46.6889 87.1409 12.6546 0.10041 -0.994797 0.0172071
-47.8577 87.0026 12.6012 0.149731 -0.98785 0.0416375
-48.8557 86.7687 12.5443 0.240488 -0.970341 0.0245915
-49.7278 86.5283 12.4922 0.30778 -0.951081 0.0267744
-50.5952 86.22 12.4371 0.364717 -0.930836 0.0229219
-51.6339 85.8114 12.3687 0.372794 -0.927808 0.014016
-52.4836 85.3963 12.3137 0.453899 -0.887908 0.0748074
-53.3094 84.9631 12.2578 0.516146 -0.854509 0.0583729
-54.3236 84.2894 12.1719 0.569993 -0.820945 0.0340174
-55.2202 83.6011 12.0727 0.623861 -0.781472 -0.00997141
-56.1901 82.8015 11.9611 0.645066 -0.763995 -0.0141796
-56.304 82.7045 11.9459 0.653376 -0.75678 -0.0196123
-56.6007 82.4213 12.9825 0.678998 -0.733094 -0.0391655
-55.5441 83.3232 13.1387 0.647535 -0.761807 -0.0186653
-54.5857 84.1056 13.2667 0.626605 -0.77932 0.0051692
-53.8374 84.6583 13.3507 0.570881 -0.82088 0.0158428
-52.7882 85.2719 13.4389 0.465437 -0.884975 0.0137291
-51.5519 85.8577 13.5318 0.387325 -0.920938 0.0430346
-50.5436 86.2911 13.6035 0.37365 -0.924984 0.0692114
-49.7002 86.6076 13.6568 0.261037 -0.963648 0.0569404
-48.645 86.8887 13.7149 0.211822 -0.976293 0.0445263
-47.6349 87.0582 13.7674 0.109591 -0.993618 0.0266981
-46.6393 87.1781 13.8152 0.120563 -0.991257 0.0536039
-45.6203 87.2949 13.8501 0.0921905 -0.995133 0.0347975
-44.6484 87.3417 13.8935 0.046696 -0.998428 0.031012
-43.4698 87.4072 13.947 0.0513105 -0.998671 0.00489949
-42.5702 87.4405 13.9789 0.0325587 -0.99947 0.000226204
-41.2563 87.4708 14.0167 0.034994 -0.999154 -0.0216073
-40.1414 87.5331 14.0414 0.060261 -0.997363 -0.0404513
-39.1873 87.5794 14.0664 0.0331682 -0.985883 -0.164117
-37.9739 87.6561 14.097 0.141447 -0.971688 -0.18925
-36.9766 87.8027 14.1407 0.109139 -0.961776 -0.251147
-35.9738 87.9075 14.1749 0.113151 -0.964955 -0.236767
-34.3659 88.1052 14.242 0.11761 -0.931552 -0.344062
-33.3392 88.2123 14.2802 0.111628 -0.935653 -0.334802
-32.4318 88.3085 14.3162 0.0698969 -0.925733 -0.371661
-31.8328 88.3236 14.3222 0.0456054 -0.910831 -0.410252
-32.3449 87.8672 15.343 0.017518 -0.944728 -0.327388
-33.2952 87.8567 15.3399 0.0290639 -0.95319 -0.300973
-34.7271 87.7614 15.3091 0.0979146 -0.957805 -0.270225
-35.9101 87.6481 15.2751 0.088386 -0.968016 -0.234806
-36.8142 87.5591 15.2489 0.0920577 -0.975632 -0.199168
-37.8199 87.4946 15.227 0.0839082 -0.982267 -0.167666
-39.1033 87.4616 15.2058 -0.0257087 -0.997004 -0.0729468
-40.3751 87.4656 15.1866 0.0154736 -0.997473 -0.0693437
-41.6147 87.4579 15.1636 -0.00747203 -0.999609 0.0269496
-42.8346 87.4476 15.1343 0.0237493 -0.999527 0.0195272
-43.8388 87.4119 15.1008 0.0428964 -0.998821 0.0227191
-44.8989 87.3632 15.0536 0.0649565 -0.997836 -0.0102223
-45.8695 87.2898 15.0117 0.0759641 -0.997012 -0.01405
-46.7948 87.2015 14.9695 0.14451 -0.989339 -0.0180272
-47.8329 87.0467 14.9236 0.173112 -0.984807 -0.0137049
-48.9789 86.8165 14.8615 0.219029 -0.975636 -0.0126912
-50.1066 86.5234 14.7912 0.327998 -0.944551 -0.015494
-51.1732 86.0677 14.7171 0.392777 -0.919626 0.0037083
-52.4781 85.4795 14.6135 0.441316 -0.896939 0.0272056
-53.5064 84.8991 14.5227 0.501741 -0.865017 -0.00121552
-54.6242 84.0497 14.3873 0.638014 -0.768381 -0.0502854
-55.4422 83.3805 14.2544 0.640971 -0.766766 -0.0350057
-56.2565 82.6287 14.101 0.715312 -0.692733 -0.0919199
-57.094 81.8044 13.911 0.704087 -0.701809 -0.108285
-57.2559 81.6455 13.87 0.710635 -0.694095 -0.115022
-57.6295 81.0997 14.802 0.718541 -0.67996 -0.146125
-56.6454 82.0986 15.0618 0.74623 -0.656798 -0.108431
-55.9878 82.7612 15.2242 0.696568 -0.710301 -0.10132
-55.1243 83.5352 15.4111 0.658048 -0.746897 -0.0954854
-54.3819 84.1668 15.5318 0.629036 -0.775009 -0.0606149
-53.6654 84.7378 15.6374 0.588667 -0.803466 -0.0889634
-52.7804 85.3295 15.7464 0.468055 -0.883698 -0.00154315
-51.7464 85.8244 15.8388 0.421675 -0.906745 -0.00195284
-50.4093 86.3954 15.9358 0.322159 -0.94575 -0.0420712
-49.3324 86.6693 16.0144 0.249865 -0.966183 -0.0637057
-48.336 86.8973 16.0788 0.242994 -0.969492 -0.0322361
-47.22 87.1161 16.1435 0.134941 -0.990823 -0.00775014
-46.1537 87.2515 16.1971 0.0761401 -0.997 -0.0138827
-45.1998 87.324 16.2358 0.0763063 -0.99699 -0.0137032
-44.1968 87.3927 16.2699 0.0567299 -0.998385 -0.00293164
-43.189 87.4532 16.2932 0.0598608 -0.998206 0.000876121
-41.7975 87.4662 16.3177 -0.0192994 -0.99977 -0.00931023
-40.7723 87.445 16.3343 -0.0172427 -0.999849 0.00204723
-39.8552 87.4317 16.3499 -0.0459404 -0.998943 -0.00178277
-38.5049 87.3687 16.36 -0.0298491 -0.998465 -0.046649
-37.5781 87.358 16.3667 -0.00438274 -0.999233 -0.0389003
-36.2656 87.415 16.3811 0.0119725 -0.990794 -0.134845
-35.2826 87.4633 16.3934 0.0351526 -0.972595 -0.229832
-34.2409 87.4937 16.4015 0.02488 -0.973193 -0.228639
-33.1741 87.5017 16.4023 -0.0106025 -0.948769 -0.315793
-32.4956 87.4982 16.3998 -0.0175248 -0.93605 -0.351431
-32.3653 87.1257 17.4542 -0.0771313 -0.945138 -0.317436
-33.3024 87.2056 17.4852 -0.0526131 -0.955886 -0.288987
-34.5957 87.2246 17.4953 -0.0301249 -0.972527 -0.230833
-35.7926 87.2356 17.5013 0.00552996 -0.985095 -0.171924
-36.7372 87.2453 17.505 -0.0390699 -0.991308 -0.125629
-37.8858 87.2874 17.5127 -0.036031 -0.991489 -0.125104
-39.4177 87.3828 17.5208 -0.079823 -0.995235 -0.0559879
-40.9842 87.4435 17.5073 0.00765389 -0.999882 -0.0133158
-42.3382 87.4518 17.4865 -0.00398569 -0.999275 -0.037862
-43.4818 87.4364 17.4668 0.037139 -0.999023 -0.023967
-44.3958 87.3652 17.4476 0.104529 -0.994334 -0.0193493
-45.645 87.2467 17.4096 0.090074 -0.994739 -0.0487858
-46.6616 87.1441 17.3733 0.105607 -0.992849 -0.0556586
-47.855 87.0161 17.3187 0.120428 -0.989085 -0.0849008
-48.9164 86.709 17.2401 0.297743 -0.952163 -0.0688065
-49.8076 86.4654 17.1674 0.2491 -0.965688 -0.0734558
-50.7654 86.2227 17.0894 0.322161 -0.945749 -0.0420794
-51.6648 85.769 17.013 0.47511 -0.876649 -0.0758736
-52.694 85.2068 16.9059 0.52646 -0.832351 -0.173299
-53.602 84.6242 16.7705 0.586377 -0.800228 -0.125686
-54.4291 84.0384 16.6405 0.58944 -0.796464 -0.134931
-55.3874 83.144 16.4339 0.708302 -0.6901 -0.148564
-56.3484 82.2017 16.1832 0.723972 -0.672207 -0.154929
-57.2403 81.2511 15.912 0.735526 -0.655329 -0.17189
-57.7971 80.6912 15.7422 0.726907 -0.665457 -0.169626
-57.8932 80.3175 16.6825 0.738052 -0.645876 -0.195252
-57.286 80.9529 16.8798 0.741293 -0.644299 -0.188053
-56.5251 81.7396 17.1325 0.747148 -0.633696 -0.200498
-55.5995 82.7038 17.4251 0.714815 -0.682292 -0.153354
-54.753 83.5588 17.6624 0.720393 -0.679826 -0.137371
-54.0351 84.125 17.816 0.599946 -0.789913 -0.126893
-53.0767 84.8176 17.9913 0.591426 -0.796018 -0.128727
-52.2585 85.3656 18.1116 0.546488 -0.835617 -0.0556387
-51.3595 85.8238 18.2125 0.329992 -0.924828 -0.189202
-50.1429 86.2306 18.3396 0.328617 -0.925269 -0.18944
-49.2826 86.5096 18.4156 0.271871 -0.956992 -0.101252
-48.3861 86.7306 18.4746 0.245524 -0.960151 -0.133521
-47.1203 86.9932 18.5448 0.183127 -0.980861 -0.0661516
-46.118 87.1482 18.5799 0.098747 -0.994309 -0.039974
-45.0275 87.2507 18.6165 0.100657 -0.993875 -0.0456041
-43.7269 87.3308 18.6512 0.0375894 -0.99368 -0.105769
-42.71 87.3531 18.6701 0.0382938 -0.996075 -0.0798067
-41.6363 87.3976 18.6817 0.0194087 -0.9979 -0.0617977
-40.6267 87.4066 18.6889 -0.0363492 -0.998157 -0.0485942
-39.5567 87.3222 18.6806 -0.0877309 -0.987341 -0.132138
-38.628 87.2291 18.6681 -0.105595 -0.991365 -0.0777531
-37.6672 87.1609 18.6531 -0.087052 -0.989825 -0.112551
-36.2302 87.0525 18.6246 -0.0430936 -0.982309 -0.182241
-35.3141 86.9852 18.6031 -0.034249 -0.969359 -0.24325
-34.2477 86.9289 18.5801 -0.0996143 -0.949587 -0.297258
-32.8546 86.8141 18.534 -0.118632 -0.935268 -0.333468
-32.6147 86.7816 18.5199 -0.146017 -0.924237 -0.352796
-32.7564 86.3999 19.5707 -0.14533 -0.921722 -0.359593
-33.9841 86.5801 19.647 -0.114016 -0.950331 -0.289605
-35.124 86.7194 19.7027 -0.136493 -0.963002 -0.23237
-36.3234 86.8285 19.7429 -0.117728 -0.972779 -0.199604
-37.5346 86.9709 19.7851 -0.113884 -0.977908 -0.175289
-38.7157 87.1009 19.8194 -0.0827578 -0.985811 -0.146038
-39.6625 87.1765 19.8395 -0.0877287 -0.98734 -0.13215
-40.7579 87.2709 19.8557 -0.086202 -0.985304 -0.147462
-41.8853 87.2995 19.8604 -0.000995025 -0.98722 -0.159363
-43.1721 87.2271 19.8438 0.0756591 -0.990553 -0.114366
-44.5199 87.1677 19.8199 0.0592397 -0.990415 -0.124775
-45.4459 87.0968 19.7952 0.0895207 -0.988127 -0.124866
-46.6475 86.9473 19.7508 0.158408 -0.978233 -0.134043
-47.6857 86.7659 19.708 0.187141 -0.976358 -0.108179
-48.7109 86.5502 19.6555 0.276461 -0.956201 -0.0961759
-49.8407 86.1876 19.5527 0.336517 -0.935855 -0.104558
-51.1248 85.6374 19.3984 0.453127 -0.869525 -0.196476
-52.251 85.1124 19.2452 0.480817 -0.842585 -0.242621
-53.5787 84.2234 19.0096 0.614861 -0.734077 -0.288231
-54.5969 83.3859 18.7489 0.680105 -0.694878 -0.23367
-55.2913 82.7311 18.546 0.70888 -0.662257 -0.242703
-56.1961 81.7958 18.2228 0.75079 -0.609082 -0.255605
-56.8569 81.0806 17.9787 0.747148 -0.633695 -0.200499
-57.6119 80.2791 17.7208 0.744754 -0.629217 -0.222325
-57.7716 80.1101 17.6641 0.738038 -0.634646 -0.229181
-57.8894 79.6212 18.5502 0.725092 -0.630908 -0.276039
-57.0389 80.4992 18.8682 0.741269 -0.620579 -0.255739
-56.2833 81.293 19.1567 0.747532 -0.608288 -0.2668
-55.5077 82.1248 19.4672 0.733602 -0.629138 -0.256932
-54.6303 82.9768 19.7693 0.717761 -0.649063 -0.252064
-53.6901 83.7244 20.0378 0.641459 -0.710969 -0.288188
-52.6041 84.5626 20.2887 0.62581 -0.753083 -0.203045
-51.4536 85.2144 20.4904 0.505738 -0.822318 -0.26081
-50.2471 85.7714 20.6582 0.431729 -0.862667 -0.26347
-49.1163 86.1445 20.7731 0.309956 -0.9106 -0.273378
-47.8094 86.512 20.871 0.236131 -0.934459 -0.266512
-46.5798 86.7491 20.9294 0.164813 -0.964078 -0.208304
-45.6048 86.9005 20.9736 0.150961 -0.965762 -0.210986
-44.6429 86.9854 20.9974 0.0735462 -0.984925 -0.15657
-43.4778 87.0566 21.0118 0.0505062 -0.98767 -0.148176
-42.4029 87.0744 21.0156 0.022396 -0.984645 -0.173125
-41.3499 87.0887 21.0205 0.00866408 -0.980429 -0.196683
-40.045 87.0467 21.0042 -0.0656767 -0.983767 -0.166999
-38.6624 86.9191 20.9693 -0.132262 -0.944623 -0.300323
-37.1658 86.7126 20.8993 -0.122134 -0.941815 -0.313158
-35.7031 86.5264 20.834 -0.187896 -0.934032 -0.303775
-34.1972 86.2749 20.7323 -0.145677 -0.951591 -0.270653
-33.3061 86.1109 20.659 -0.201897 -0.923392 -0.326474
-33.1584 85.6557 21.6758 -0.22155 -0.894219 -0.388958
-34.2109 85.8498 21.7675 -0.198918 -0.903166 -0.380424
-35.477 86.0987 21.8818 -0.238944 -0.915986 -0.322298
-36.4115 86.2901 21.9623 -0.118458 -0.948217 -0.294708
-37.6624 86.4058 22.0157 -0.122134 -0.941815 -0.313158
-38.6347 86.5488 22.0691 -0.158831 -0.936917 -0.311382
-40.0108 86.7267 22.1374 -0.120849 -0.947895 -0.294772
-41.0662 86.8345 22.1828 -0.0503245 -0.941404 -0.333505
-42.4116 86.8265 22.1894 0.00795996 -0.976924 -0.213437
-43.7617 86.7982 22.1769 0.0790237 -0.953973 -0.289295
-45.0122 86.671 22.1403 0.107718 -0.948962 -0.296426
-46.1592 86.5525 22.1091 0.135587 -0.954905 -0.264144
-47.2669 86.3507 22.0559 0.2223 -0.946329 -0.234617
-48.3526 86.0612 21.9733 0.293234 -0.920161 -0.259456
-49.3652 85.7484 21.8784 0.331537 -0.909611 -0.250382
-50.4329 85.316 21.7417 0.416397 -0.849066 -0.325117
-51.6215 84.7743 21.5652 0.47575 -0.837187 -0.269779
-52.792 84.079 21.3282 0.614539 -0.724668 -0.311767
-53.7762 83.2288 21.0411 0.655551 -0.698158 -0.287797
-54.6242 82.5313 20.7684 0.695484 -0.630493 -0.344646
-55.4205 81.7485 20.457 0.735704 -0.607444 -0.299587
-56.0747 81.078 20.2022 0.739071 -0.60016 -0.305912
-57.0335 80.0676 19.8127 0.750346 -0.59402 -0.290036
-57.6714 79.4264 19.5626 0.719579 -0.633715 -0.283923
-57.7814 79.3231 19.5242 0.707639 -0.653176 -0.269459
-57.7945 78.9161 20.4753 0.703349 -0.648164 -0.291862
-57.1116 79.5402 20.7195 0.708311 -0.636979 -0.304227
-56.4954 80.1582 20.9604 0.738785 -0.596827 -0.313039
-55.8251 80.8455 21.2355 0.744363 -0.593189 -0.306677
-54.9001 81.7693 21.6195 0.708857 -0.636168 -0.30465
-53.9488 82.6256 21.9714 0.690128 -0.654428 -0.308945
-53.054 83.4322 22.2796 0.676852 -0.650052 -0.345403
-51.8684 84.1487 22.554 0.530597 -0.751259 -0.392526
-50.8017 84.7024 22.7632 0.501941 -0.788332 -0.355791
-49.9986 85.0989 22.8938 0.42418 -0.855027 -0.298329
-48.9005 85.5418 23.0402 0.352604 -0.882 -0.312643
-47.8643 85.8538 23.1463 0.247746 -0.915469 -0.317077
-46.7919 86.1045 23.2247 0.228595 -0.919451 -0.319929
-45.6071 86.265 23.2717 0.0604966 -0.94585 -0.318917
-44.3383 86.3781 23.3032 0.123147 -0.940119 -0.317822
-43.0897 86.4836 23.3361 0.0499053 -0.956142 -0.28862
-41.9638 86.4855 23.3301 -0.0596112 -0.956022 -0.287175
-40.8474 86.4163 23.2968 -0.0694142 -0.942562 -0.326739
-39.4521 86.2811 23.2257 -0.141859 -0.933866 -0.328285
-38.1194 86.0969 23.1432 -0.187489 -0.926019 -0.327622
-37.2342 85.9182 23.0608 -0.160032 -0.914446 -0.371724
-36.0139 85.7597 22.9748 -0.184043 -0.884256 -0.429208
-35.0053 85.5565 22.8723 -0.21964 -0.896469 -0.38484
-33.8419 85.3294 22.759 -0.218913 -0.885339 -0.410184
-33.5079 85.257 22.7196 -0.239275 -0.875463 -0.419895
-33.7254 84.7551 23.7144 -0.25979 -0.832365 -0.489569
-35.0283 85.0423 23.8741 -0.208837 -0.845016 -0.492275
-36.4125 85.2784 24.0113 -0.196756 -0.839537 -0.506423
-37.2939 85.4583 24.1101 -0.217618 -0.853317 -0.473807
-38.436 85.6664 24.2268 -0.159629 -0.85304 -0.496832
-39.8537 85.8138 24.3121 -0.145528 -0.887967 -0.436276
-40.8354 85.9847 24.3956 -0.181875 -0.878419 -0.441929
-42.1533 86.0537 24.4375 -0.0310917 -0.874818 -0.483454
-43.1647 86.0737 24.4609 0.029672 -0.907058 -0.419959
-44.1956 85.9799 24.4341 0.110519 -0.920377 -0.37509
-45.5695 85.7961 24.3744 0.144637 -0.897231 -0.417202
-46.7907 85.6247 24.318 0.162986 -0.882752 -0.440664
-47.8892 85.3876 24.2349 0.293753 -0.856388 -0.424627
-48.8392 85.0971 24.1277 0.324985 -0.853789 -0.406729
-49.7732 84.7642 23.9994 0.385826 -0.825078 -0.412776
-50.8699 84.2591 23.8133 0.544202 -0.771728 -0.329059
-51.684 83.7492 23.6103 0.560879 -0.747229 -0.35646
-52.838 83.037 23.3178 0.599666 -0.695044 -0.396629
-53.9545 82.142 22.935 0.669868 -0.65265 -0.354012
-54.7215 81.451 22.6426 0.700816 -0.627978 -0.338378
-55.443 80.757 22.3382 0.750049 -0.583431 -0.311504
-56.2923 79.9042 21.9795 0.721877 -0.617464 -0.31246
-56.9833 79.2217 21.7143 0.717248 -0.631415 -0.294738
-57.8653 78.4169 21.4028 0.670834 -0.680305 -0.29524
-57.8962 77.9612 22.3469 0.652573 -0.697645 -0.295701
-57.0443 78.7243 22.6423 0.708122 -0.636992 -0.304637
-56.3335 79.3864 22.8969 0.72295 -0.613304 -0.318121
-55.577 80.1167 23.1987 0.720604 -0.608992 -0.331448
-54.7106 80.9596 23.5772 0.714948 -0.611427 -0.339126
-53.7058 81.8351 23.9714 0.66987 -0.652649 -0.354009
-52.779 82.5314 24.296 0.632997 -0.672401 -0.383655
-51.8411 83.1543 24.5697 0.583665 -0.714223 -0.386291
-50.7961 83.7459 24.822 0.510321 -0.73644 -0.444104
-49.7734 84.22 25.0288 0.447913 -0.782603 -0.432326
-48.6403 84.6122 25.1835 0.319039 -0.829652 -0.45814
-47.6077 84.9357 25.3247 0.319459 -0.827265 -0.462145
-46.3937 85.1655 25.4134 0.181573 -0.888732 -0.420936
-45.0206 85.3923 25.5092 0.166616 -0.896855 -0.409745
-44.1099 85.4762 25.5294 0.0590488 -0.88179 -0.467932
-42.9584 85.5104 25.5211 -0.0425867 -0.892789 -0.448457
-41.5755 85.443 25.4608 -0.0336676 -0.845277 -0.533266
-40.5849 85.389 25.4214 -0.182045 -0.863322 -0.470675
-39.6181 85.2285 25.3238 -0.190632 -0.857023 -0.478719
-38.6544 85.1095 25.2515 -0.192128 -0.825884 -0.530097
-37.3873 84.9108 25.1208 -0.191995 -0.78155 -0.593564
-36.0914 84.6207 24.9397 -0.229103 -0.79846 -0.556752
-34.9417 84.4198 24.8141 -0.202182 -0.807665 -0.553895
-34.2397 84.2831 24.7272 -0.244478 -0.802194 -0.544716
-35.0796 83.7938 25.7447 -0.222116 -0.787025 -0.575548
-36.0177 83.967 25.8634 -0.209518 -0.79726 -0.566109
-37.0771 84.1585 25.994 -0.204123 -0.776322 -0.596371
-38.1795 84.3409 26.121 -0.211592 -0.788206 -0.577892
-39.3791 84.5822 26.2917 -0.185899 -0.79018 -0.584001
-40.6408 84.7187 26.3931 -0.115003 -0.799845 -0.589086
-41.6572 84.7947 26.458 -0.10724 -0.810377 -0.576011
-43.0573 84.8864 26.5422 -0.0845282 -0.814833 -0.573499
-44.3313 84.8954 26.5782 0.111691 -0.861935 -0.494564
-45.2458 84.7604 26.5116 0.149635 -0.842794 -0.517018
-46.1568 84.6443 26.461 0.135977 -0.842965 -0.520501
-47.3774 84.4306 26.3749 0.264585 -0.842498 -0.469247
-48.3766 84.1164 26.2297 0.293023 -0.822749 -0.487055
-49.5226 83.8181 26.1131 0.383164 -0.824485 -0.416426
-50.4653 83.3462 25.8901 0.47775 -0.765477 -0.431045
-51.5501 82.8194 25.6509 0.536141 -0.747999 -0.391217
-52.5603 82.1434 25.3336 0.618544 -0.682049 -0.390143
-53.3408 81.5631 25.0453 0.647867 -0.652442 -0.393176
-54.2771 80.803 24.6711 0.693508 -0.619929 -0.367061
-55.0808 80.0881 24.3376 0.713348 -0.606972 -0.350315
-55.7258 79.4775 24.0719 0.713383 -0.617846 -0.330683
-56.7494 78.5373 23.6873 0.695552 -0.656032 -0.292966
-57.6252 77.7784 23.4041 0.642468 -0.70983 -0.288749
-57.5164 77.4752 24.4135 0.649224 -0.706304 -0.282211
-56.8353 78.0312 24.6167 0.692913 -0.6572 -0.296582
-55.8766 78.8759 24.9686 0.700589 -0.646609 -0.301781
-54.9356 79.6945 25.3312 0.680512 -0.64695 -0.344033
-53.8371 80.6048 25.7675 0.652619 -0.647935 -0.39277
-53.0692 81.1961 26.0795 0.653478 -0.641233 -0.402227
-52.293 81.753 26.3632 0.542328 -0.689981 -0.479382
-51.4718 82.2368 26.6063 0.526489 -0.694293 -0.49068
-50.523 82.7416 26.8579 0.507098 -0.705379 -0.49527
-49.4865 83.176 27.0787 0.404079 -0.73674 -0.542157
-48.3419 83.5242 27.236 0.310546 -0.789506 -0.529378
-47.0939 83.8532 27.3826 0.270334 -0.787259 -0.554205
-46.1309 84.0161 27.446 0.130175 -0.824336 -0.550931
-45.0999 84.144 27.4945 0.144002 -0.826921 -0.543567
-43.8405 84.241 27.5408 0.0037102 -0.805387 -0.592737
-42.8655 84.2076 27.5034 -0.0669968 -0.831362 -0.551678
-41.6794 84.1338 27.4303 -0.097374 -0.820418 -0.563412
-40.5629 84.0057 27.3241 -0.141035 -0.784849 -0.603425
-39.6274 83.9143 27.2507 -0.130034 -0.791275 -0.597474
-38.7253 83.7561 27.1235 -0.265593 -0.748434 -0.607706
-37.7616 83.5661 26.9765 -0.198976 -0.764728 -0.612862
-36.8062 83.4078 26.8573 -0.212796 -0.763602 -0.609614
-36.1625 83.2927 26.7685 -0.220204 -0.759997 -0.611486
-37.5818 82.8088 27.8319 -0.234709 -0.72003 -0.653045
-38.8366 83.0262 28.0117 -0.199883 -0.711849 -0.673289
-39.8586 83.1817 28.1462 -0.192558 -0.713485 -0.673691
-40.7982 83.3174 28.2654 -0.155217 -0.746335 -0.647218
-41.7878 83.4214 28.3556 -0.136671 -0.768024 -0.625668
-42.9029 83.5111 28.4393 -0.0679394 -0.741098 -0.667951
-43.9463 83.553 28.4872 -0.0409556 -0.775944 -0.62947
-45.031 83.4692 28.4564 0.0858036 -0.807106 -0.584139
-45.9626 83.3631 28.423 0.118114 -0.806919 -0.578732
-47.218 83.1831 28.3506 0.145501 -0.771995 -0.618752
-48.439 82.8639 28.1999 0.332047 -0.784149 -0.524266
-49.5731 82.4745 28.0002 0.380708 -0.754063 -0.53521
-50.6307 82.0297 27.7631 0.512962 -0.695535 -0.503091
-51.8196 81.3968 27.4112 0.514588 -0.687635 -0.512208
-52.8116 80.7827 27.0887 0.640808 -0.639497 -0.424745
-53.5848 80.2171 26.7872 0.642435 -0.642726 -0.41735
-54.5322 79.5011 26.4236 0.646179 -0.648677 -0.402084
-55.267 78.9041 26.1547 0.681042 -0.644597 -0.347385
-56.078 78.2231 25.8517 0.671516 -0.654067 -0.348228
-56.865 77.5624 25.5825 0.650377 -0.692768 -0.311581
-57.6922 76.8985 25.3341 0.620381 -0.722571 -0.304989
-57.3894 76.7233 26.4174 0.606789 -0.7423 -0.284249
-56.4339 77.4548 26.7004 0.626419 -0.708369 -0.32529
-55.6492 78.0699 26.9693 0.649071 -0.667252 -0.365351
-54.9225 78.6249 27.2129 0.635792 -0.677686 -0.369472
-54.1779 79.1961 27.4806 0.632519 -0.653509 -0.415748
-53.3192 79.8083 27.7956 0.629914 -0.647103 -0.429495
-52.281 80.4897 28.1749 0.568882 -0.649 -0.505146
-51.3239 81.0007 28.4464 0.507809 -0.696508 -0.506958
-50.2073 81.5575 28.7834 0.452995 -0.703496 -0.547621
-48.9928 82.0256 29.0453 0.390654 -0.740207 -0.54725
-47.7887 82.3541 29.2219 0.269882 -0.736878 -0.619818
-46.7059 82.52 29.2985 0.145378 -0.772134 -0.618606
-45.7246 82.6656 29.3535 0.144044 -0.7532 -0.641826
-44.7536 82.7498 29.3684 0.0120602 -0.765332 -0.643523
-43.6823 82.7653 29.3448 -0.0593566 -0.747483 -0.661624
-42.326 82.7077 29.2776 -0.0743668 -0.753068 -0.653726
-41.3494 82.6053 29.1832 -0.178843 -0.730489 -0.659091
-40.181 82.4477 29.0367 -0.20543 -0.716055 -0.667131
-39.1266 82.2805 28.8807 -0.206337 -0.70989 -0.67341
-38.4667 82.1757 28.7864 -0.217655 -0.699629 -0.680548
-39.1554 81.4868 29.7035 -0.206318 -0.696646 -0.687108
-40.0746 81.6289 29.8395 -0.205816 -0.69208 -0.691856
-40.9868 81.7667 29.9738 -0.207552 -0.691484 -0.691933
-42.0043 81.8939 30.0979 -0.10522 -0.711285 -0.694983
-43.0879 81.9594 30.1718 -0.0616012 -0.712702 -0.698757
-44.495 81.9855 30.2398 -0.0496255 -0.723083 -0.688976
-45.4315 81.9508 30.2581 0.127101 -0.767343 -0.628514
-46.3275 81.8508 30.2248 0.110073 -0.780977 -0.614784
-47.8044 81.5956 30.0886 0.244087 -0.714734 -0.655421
-48.7192 81.3629 29.9546 0.291729 -0.714243 -0.636201
-49.7148 81.059 29.7877 0.419559 -0.712615 -0.562273
-50.7539 80.6297 29.5131 0.466205 -0.701059 -0.539601
-51.8487 80.0713 29.1956 0.506065 -0.696035 -0.509346
-52.7875 79.5434 28.8963 0.565772 -0.686557 -0.456663
-53.8659 78.8391 28.5204 0.614753 -0.675946 -0.406419
-54.7412 78.2241 28.2275 0.628031 -0.673651 -0.389579
-55.7496 77.4869 27.9053 0.62849 -0.695709 -0.347836
-56.6281 76.834 27.6276 0.61179 -0.714332 -0.33977
-57.2965 76.364 27.4469 0.600426 -0.727021 -0.333061
-57.5045 75.7815 28.4008 0.568624 -0.767269 -0.296588
-56.561 76.4344 28.6525 0.597993 -0.734202 -0.321483
-55.8268 76.9345 28.8521 0.608755 -0.71657 -0.340507
-55.0246 77.5044 29.0998 0.577624 -0.706027 -0.409726
-54.2809 77.9912 29.3214 0.605663 -0.680422 -0.412551
-53.3573 78.5744 29.6107 0.538351 -0.705091 -0.461547
-52.016 79.3284 30.0373 0.511921 -0.687527 -0.515018
-50.876 79.8745 30.3569 0.442805 -0.699021 -0.561511
-49.7337 80.3123 30.6285 0.350053 -0.688067 -0.635631
-48.647 80.6313 30.8221 0.289183 -0.720765 -0.629977
-47.714 80.8746 30.9685 0.265125 -0.735694 -0.623269
-46.3213 81.1148 31.1071 0.149529 -0.728827 -0.668171
-44.8597 81.2044 31.111 -0.00282264 -0.725392 -0.68833
-43.8999 81.1873 31.0569 -0.0622644 -0.736929 -0.673097
-43 81.1487 30.9959 -0.0904751 -0.737815 -0.668912
-42.0199 81.0937 30.9239 -0.11856 -0.718655 -0.685186
-40.8775 80.9433 30.7671 -0.192189 -0.697235 -0.690599
-39.9102 80.8028 30.6293 -0.196926 -0.705214 -0.681097
-40.8683 80.1428 31.588 -0.184163 -0.712195 -0.677394
-42.1565 80.2938 31.7501 -0.146478 -0.698474 -0.700484
-43.5834 80.3945 31.8769 -0.0652968 -0.718857 -0.692084
-44.694 80.4223 31.9408 -0.0244207 -0.723276 -0.690127
-45.6956 80.4019 31.9672 0.0494322 -0.713656 -0.69875
-47.0414 80.236 31.8827 0.151193 -0.711903 -0.68581
-48.4756 79.9224 31.6833 0.277028 -0.708577 -0.648979
-49.5449 79.6182 31.499 0.347606 -0.698172 -0.625881
-50.6855 79.2218 31.2519 0.427077 -0.688503 -0.586148
-51.6405 78.8435 31.025 0.461421 -0.690367 -0.557211
-52.8252 78.2777 30.6968 0.498666 -0.725663 -0.474074
-53.8706 77.6793 30.3851 0.52893 -0.726083 -0.439359
-54.6877 77.1896 30.155 0.569931 -0.729432 -0.378297
-55.9548 76.3902 29.8194 0.573401 -0.736164 -0.359547
-56.7955 75.8278 29.5965 0.55708 -0.755772 -0.344196
-57.6657 75.2798 29.3916 0.568593 -0.758744 -0.31782
-57.4011 75.0465 30.4901 0.526252 -0.798046 -0.293567
-56.5896 75.5162 30.6571 0.510341 -0.798972 -0.318113
-55.7461 76.0261 30.8569 0.554646 -0.760762 -0.33706
-54.7886 76.601 31.0951 0.53723 -0.737146 -0.409878
-53.6124 77.2669 31.4144 0.506843 -0.73242 -0.454612
-52.7087 77.7083 31.6448 0.447231 -0.739157 -0.503618
-51.4725 78.2328 31.9498 0.42007 -0.738216 -0.527805
-50.418 78.6276 32.1905 0.368435 -0.730353 -0.575187
-49.1047 79.015 32.4164 0.331507 -0.725636 -0.602956
-48.0162 79.2849 32.5912 0.275536 -0.719909 -0.637032
-47.0631 79.4617 32.6992 0.171427 -0.737804 -0.652884
-45.8352 79.597 32.7637 0.092843 -0.750929 -0.653824
-44.614 79.634 32.7518 -0.0514362 -0.751086 -0.658197
-43.4936 79.5954 32.6836 -0.100369 -0.724022 -0.682436
-42.4794 79.5357 32.6048 -0.123551 -0.70698 -0.696358
-41.2948 79.4147 32.4756 -0.16636 -0.715048 -0.678993
-41.7104 78.6965 33.3614 -0.160584 -0.733374 -0.660587
-42.6562 78.7845 33.4556 -0.127367 -0.733758 -0.667365
-43.7943 78.8578 33.5452 -0.0759786 -0.739367 -0.669002
-44.9726 78.879 33.5974 0.0240993 -0.741833 -0.670151
-45.967 78.8461 33.6015 0.048955 -0.746144 -0.663983
-46.9457 78.7243 33.5369 0.143617 -0.749882 -0.645795
-48.2574 78.5138 33.4129 0.243229 -0.757146 -0.606276
-49.4546 78.2262 33.2358 0.306274 -0.747159 -0.589873
-50.4565 77.9327 33.0612 0.357617 -0.743153 -0.565538
-51.2997 77.6518 32.8929 0.389958 -0.740632 -0.547172
-52.513 77.1649 32.6131 0.417375 -0.736851 -0.531835
-53.664 76.6429 32.3413 0.45607 -0.765923 -0.453168
-54.7369 76.1047 32.0888 0.513675 -0.760278 -0.397638
-55.753 75.5724 31.8695 0.523689 -0.768988 -0.366616
-56.6489 75.0649 31.6795 0.500061 -0.802596 -0.325237
-57.4392 74.6225 31.5203 0.511072 -0.80446 -0.302735
-57.3992 74.2562 32.5771 0.478696 -0.819027 -0.316299
-56.3869 74.774 32.7632 0.489564 -0.7994 -0.348264
-55.4748 75.2419 32.9445 0.486938 -0.796866 -0.357626
-54.5432 75.6981 33.1319 0.43748 -0.80421 -0.402315
-53.3963 76.2182 33.3751 0.431855 -0.782301 -0.448895
-52.4386 76.5933 33.5697 0.404655 -0.785135 -0.468847
-51.3426 76.9915 33.7862 0.341059 -0.783539 -0.519371
-50.3834 77.2831 33.9517 0.342371 -0.765469 -0.544829
-49.4967 77.5317 34.1026 0.27736 -0.74539 -0.606189
-48.4346 77.7741 34.2555 0.235201 -0.757469 -0.609033
-47.3527 77.9453 34.3574 0.136738 -0.753632 -0.642917
-46.0442 78.0841 34.4231 0.0755007 -0.734633 -0.674251
-45.0806 78.1456 34.4438 -0.000703056 -0.75023 -0.661176
-44.0701 78.1386 34.4156 -0.0519631 -0.751199 -0.658027
-43.0094 78.0793 34.3434 -0.0901895 -0.754352 -0.650245
-42.175 78.0067 34.2683 -0.143892 -0.753739 -0.641228
-43.0094 77.3697 35.216 -0.0915427 -0.787358 -0.609661
-44.1239 77.4256 35.2797 -0.040707 -0.779846 -0.624646
-45.3778 77.4232 35.2999 0.00875953 -0.769317 -0.638807
-46.3147 77.3554 35.2739 0.113617 -0.763317 -0.635955
-47.2988 77.2495 35.2252 0.123717 -0.766619 -0.630071
-48.2022 77.1073 35.1371 0.213103 -0.745845 -0.631112
-49.2618 76.9224 35.0245 0.24026 -0.78921 -0.565175
-50.2109 76.6997 34.8943 0.298397 -0.778182 -0.552623
-51.0873 76.4598 34.7561 0.341059 -0.783539 -0.519371
-52.3419 76.0582 34.5456 0.34864 -0.808255 -0.474525
-53.3917 75.6665 34.3508 0.397208 -0.806604 -0.43774
-54.2601 75.3206 34.1881 0.415787 -0.806193 -0.420921
-55.0971 74.9488 34.0313 0.421128 -0.835174 -0.353746
-55.952 74.5661 33.8807 0.470523 -0.824459 -0.314444
-56.9522 74.0887 33.7088 0.447518 -0.842732 -0.299217
-57.4751 73.8305 33.6215 0.455436 -0.842172 -0.288659
-56.8918 73.7344 34.7794 0.435289 -0.850482 -0.295303
-55.9183 74.1595 34.929 0.403343 -0.862106 -0.306738
-54.9627 74.5579 35.085 0.399624 -0.834044 -0.380358
-53.8635 74.9833 35.2663 0.377293 -0.842855 -0.383727
-52.82 75.3364 35.4307 0.333957 -0.845267 -0.41713
-51.5505 75.7359 35.6313 0.310446 -0.807043 -0.5023
-50.4633 76.032 35.7906 0.259933 -0.813527 -0.520201
-49.2789 76.2791 35.9321 0.219013 -0.81618 -0.53468
-47.9487 76.4981 36.0625 0.180432 -0.805956 -0.563808
-46.3409 76.6775 36.1521 0.107566 -0.811253 -0.574715
-45.3062 76.7394 36.1771 0.00163199 -0.814131 -0.580679
-44.3145 76.7395 36.1645 -0.036958 -0.802353 -0.595705
-43.3136 76.7184 36.1358 -0.0673319 -0.815934 -0.574211
-42.9188 76.6948 36.111 -0.0845103 -0.820277 -0.565688
-43.3735 76.0683 37.0464 -0.0501257 -0.81128 -0.582506
-44.6575 76.0929 37.0773 -0.00549908 -0.811165 -0.584791
-45.9677 76.0539 37.0644 0.0665819 -0.841504 -0.536132
-46.9284 75.988 37.0338 0.115177 -0.839136 -0.531588
-48.132 75.8429 36.9581 0.144951 -0.841109 -0.52108
-49.2021 75.6808 36.8679 0.177392 -0.844078 -0.506028
-50.1828 75.5084 36.7717 0.229574 -0.848148 -0.477432
-51.1547 75.294 36.6587 0.262415 -0.837925 -0.478561
-52.0615 75.0563 36.5384 0.302284 -0.842815 -0.445294
-53.1364 74.7396 36.3868 0.322144 -0.842912 -0.430955
-54.0385 74.4446 36.2573 0.328319 -0.872959 -0.360762
-54.9367 74.14 36.1318 0.364968 -0.86432 -0.346049
-55.8434 73.7935 35.999 0.389536 -0.859687 -0.330452
-56.2505 73.6322 35.9389 0.372266 -0.874132 -0.311947
-55.5825 73.5073 37.1005 0.340574 -0.888699 -0.306958
-54.444 73.8866 37.244 0.323096 -0.888972 -0.324558
-53.5439 74.1532 37.3568 0.308168 -0.868748 -0.387698
-52.6686 74.4024 37.4665 0.280328 -0.872138 -0.400989
-51.7991 74.62 37.5697 0.2506 -0.875608 -0.412929
-50.5512 74.8936 37.7064 0.2025 -0.870844 -0.44791
-49.3993 75.0908 37.8102 0.174987 -0.871642 -0.457843
-48.3765 75.2305 37.8842 0.149754 -0.871508 -0.466956
-46.9518 75.38 37.9615 0.0879218 -0.875158 -0.475783
-45.5793 75.4663 38.0041 0.0368267 -0.830862 -0.555259
-44.3045 75.4868 38.0088 -0.00101338 -0.841998 -0.53948
-44.6679 74.9325 38.9757 0.002267 -0.875926 -0.482441
-45.587 74.9188 38.971 0.0185867 -0.87542 -0.483006
-46.5588 74.8734 38.9481 0.0705849 -0.869389 -0.489061
-47.8579 74.757 38.8887 0.123787 -0.864424 -0.487287
-49.3969 74.5658 38.7903 0.156863 -0.900128 -0.406404
-50.3112 74.4353 38.7235 0.186285 -0.90089 -0.392039
-51.7832 74.155 38.5857 0.217101 -0.900771 -0.376138
-53.0361 73.8679 38.4568 0.249958 -0.902481 -0.350783
-53.9573 73.6197 38.3534 0.286202 -0.893316 -0.34652
-54.3363 73.5136 38.3105 0.299783 -0.890484 -0.342298
-53.6335 73.3254 39.4471 0.262722 -0.916483 -0.301722
-52.3017 73.614 39.5706 0.210067 -0.922467 -0.323923
-51.2223 73.8344 39.6715 0.18628 -0.900894 -0.392032
-49.6064 74.0777 39.7905 0.161062 -0.898608 -0.408121
-47.9998 74.2696 39.8884 0.124541 -0.897539 -0.422982
-46.7749 74.3599 39.9353 0.0703132 -0.893567 -0.443389
-45.8088 74.4037 39.9574 0.0488027 -0.890999 -0.451374
-45.7382 74.4067 39.9589 0.0262605 -0.893593 -0.44811
-47.3594 73.8566 40.9267 0.087308 -0.905689 -0.414854
-48.7059 73.7413 40.8664 0.113556 -0.906493 -0.406664
-49.6851 73.6224 40.8089 0.134591 -0.908473 -0.395679
-50.905 73.4644 40.7338 0.143478 -0.925399 -0.350786
-51.5539 73.3748 40.6921 0.198833 -0.918642 -0.341414
-49.1003 87.1082 2.30097 0.411799 -0.884564 -0.219017
-47.8408 87.6312 2.43584 0.375146 -0.88615 -0.272037
-46.8312 88.0341 2.55231 0.376272 -0.878818 -0.293426
-45.8754 88.3947 2.65604 0.353306 -0.886886 -0.297671
-44.7751 88.7914 2.77213 0.348415 -0.888477 -0.298688
-43.7675 89.1518 2.88016 0.352965 -0.88637 -0.299606
-42.7419 89.5126 2.98432 0.340149 -0.893545 -0.293047
-41.8619 89.8202 3.06755 0.340051 -0.893295 -0.29392
-40.7189 90.2328 3.18432 0.343719 -0.887755 -0.306184
-39.8416 90.5462 3.27995 0.355217 -0.879591 -0.316449
-40.9104 90.4989 2.11429 0.367145 -0.88649 -0.281672
-42.2138 90.0344 1.99223 0.334396 -0.897437 -0.287727
-43.4569 89.6056 1.87263 0.338265 -0.889522 -0.307127
-44.4827 89.2563 1.7701 0.342046 -0.884337 -0.31773
-45.5686 88.8608 1.65011 0.349122 -0.877847 -0.32787
-46.5358 88.5013 1.53819 0.366813 -0.864487 -0.343671
-47.6444 88.0592 1.40021 0.404379 -0.857585 -0.317845
-48.0975 87.8738 1.34448 0.392941 -0.874721 -0.283657
-47.2164 88.6482 0.428008 0.372351 -0.863825 -0.339353
-46.0552 89.079 0.568929 0.343402 -0.87453 -0.342451
-45.0902 89.4164 0.676948 0.323767 -0.881657 -0.343301
-44.2362 89.7003 0.759398 0.32843 -0.890014 -0.316241
-43.1916 90.0458 0.857678 0.318649 -0.901133 -0.293976
-42.0986 90.4108 0.957412 0.333172 -0.897112 -0.290149
-41.3641 90.658 1.02168 0.314966 -0.912739 -0.2602
-41.8756 90.7963 -0.0826351 0.314961 -0.912741 -0.260198
-42.9233 90.4718 -0.168081 0.291679 -0.913643 -0.283161
-44.0232 90.1328 -0.261899 0.301287 -0.90429 -0.302467
-45.1143 89.7957 -0.360633 0.30362 -0.892583 -0.333331
-46.3922 89.3879 -0.492242 0.326228 -0.872182 -0.36452
-46.6105 89.3158 -0.515069 0.326223 -0.872185 -0.364517
-46.3819 89.8354 -1.51351 0.29894 -0.881438 -0.365654
-45.3515 90.1106 -1.42293 0.286998 -0.894734 -0.342173
-44.4201 90.3746 -1.34189 0.290862 -0.902936 -0.316395
-43.2399 90.7067 -1.25096 0.269588 -0.918394 -0.289612
-41.802 91.102 -1.15071 0.28248 -0.927382 -0.245289
-42.1573 91.3051 -2.24734 0.258645 -0.933331 -0.24899
-43.556 90.9702 -2.32745 0.238487 -0.926946 -0.289646
-44.4944 90.7237 -2.3971 0.250835 -0.914848 -0.316441
-45.5411 90.4643 -2.47667 0.234822 -0.911506 -0.337661
-45.8776 90.3896 -2.50206 0.237698 -0.896113 -0.374808
-45.4133 90.9013 -3.50701 0.218188 -0.909516 -0.3538
-44.389 91.0998 -3.44537 0.183847 -0.938092 -0.293569
-42.7091 91.449 -3.35745 0.184073 -0.94786 -0.260152
-41.7465 91.6458 -3.31686 0.205004 -0.958942 -0.195969
-41.8783 91.8654 -4.41466 0.168127 -0.967261 -0.190103
-42.8355 91.6976 -4.44993 0.158528 -0.958628 -0.236434
-43.7947 91.547 -4.48273 0.184077 -0.947861 -0.260145
-44.7767 91.3835 -4.52615 0.158169 -0.939644 -0.303401
-44.9194 91.3614 -4.53205 0.158169 -0.939644 -0.303401
-45.1612 91.6408 -5.61319 0.128924 -0.94598 -0.297489
-43.983 91.7862 -5.5768 0.115755 -0.964561 -0.237115
-43.0415 91.9203 -5.54724 0.134079 -0.971573 -0.195112
-41.9632 92.0357 -5.52596 0.108202 -0.979794 -0.168215
-41.683 92.0716 -5.52001 0.137047 -0.978025 -0.157114
-41.485 92.2525 -6.6288 0.0747049 -0.989719 -0.121966
-42.5851 92.158 -6.64494 0.108472 -0.980103 -0.166226
-43.6094 92.0652 -6.6628 0.0779498 -0.97926 -0.187013
-44.5461 91.9814 -6.6804 0.0753116 -0.97862 -0.191393
-45.124 91.9379 -6.69085 0.0811779 -0.96482 -0.250065
-45.2186 92.1345 -7.79068 0.0227664 -0.983315 -0.18048
-43.9333 92.2627 -7.76804 0.0806279 -0.984851 -0.153519
-42.6158 92.3009 -7.75709 -0.00772877 -0.993817 -0.110764
-41.4449 92.3843 -7.74449 0.0601568 -0.996357 -0.0604464
-41.1498 92.3965 -7.74218 0.0475809 -0.998254 -0.0350096
-40.7542 92.4561 -8.86186 0.03732 -0.999124 -0.0189432
-41.9777 92.4115 -8.8702 0.0252852 -0.997393 -0.0675813
-43.008 92.3702 -8.87789 0.0346219 -0.998268 -0.0475683
-44.0286 92.3138 -8.88712 0.0621993 -0.996118 -0.0622913
-45.094 92.2678 -8.89806 0.0183781 -0.997629 -0.0663277
-44.6752 92.3417 -10.0113 0.0329108 -0.999455 -0.00270258
-43.2599 92.3982 -9.99952 0.0389248 -0.998863 -0.0275241
-41.8637 92.4392 -9.98904 -0.00514274 -0.999785 0.0201039
-40.5805 92.4433 -9.98231 0.0110149 -0.999825 0.015119
-40.4142 92.4452 -9.98176 0.0174112 -0.999665 0.0191624
-40.3166 92.3857 -11.0992 -0.00775997 -0.995329 0.0962249
-41.2442 92.3898 -11.1036 -0.0264872 -0.99803 0.0568681
-42.2976 92.4044 -11.1117 -0.0102525 -0.998473 0.0542829
-43.6567 92.3884 -11.1232 0.0318672 -0.997357 0.0652983
-44.4613 92.3393 -11.1294 0.0431848 -0.999032 0.00836059
-44.4123 92.2891 -12.2461 -0.0560556 -0.996303 0.065095
-43.1635 92.2553 -12.2291 0.0207225 -0.992654 0.119202
-42.1944 92.2937 -12.2243 0.0184854 -0.988189 0.152124
-41.0965 92.2912 -12.2176 -0.00536405 -0.982579 0.185767
-40.1123 92.2681 -12.2116 -0.037927 -0.98598 0.162495
-40.0471 92.2634 -12.2105 -0.0736053 -0.974235 0.213187
-40.5938 92.0455 -13.3071 -0.0471697 -0.97159 0.23192
-42.1104 92.0824 -13.3217 0.00154338 -0.980058 0.198704
-43.2804 92.0922 -13.3328 -0.0697859 -0.980748 0.182383
-44.078 92.178 -13.3554 -0.0810253 -0.986728 0.140719
-44.0699 91.9435 -14.4454 -0.0668971 -0.963587 0.258892
-42.8411 91.8684 -14.4204 -0.0656859 -0.950372 0.304104
-41.725 91.81 -14.4006 -0.0431199 -0.951395 0.304939
-40.3697 91.7512 -14.3815 -0.0343744 -0.967588 0.250183
-40.1387 91.4337 -15.4484 -0.0306523 -0.945493 0.324197
-41.2591 91.4555 -15.4568 -0.0393797 -0.95336 0.299255
-42.2469 91.479 -15.4651 -0.0395584 -0.9303 0.36466
-43.4036 91.552 -15.4915 -0.0825084 -0.945874 0.313869
-44.0849 91.6215 -15.5158 -0.0964676 -0.931676 0.350248
-44.0918 91.1866 -16.5477 -0.0737519 -0.91665 0.392827
-43.0483 91.12 -16.5209 -0.0629973 -0.923515 0.378353
-41.9381 91.0753 -16.5027 -0.0266719 -0.914271 0.404225
-40.8589 91.0252 -16.4813 -0.0268662 -0.894646 0.445967
-40.6474 91.0243 -16.4814 -0.00333255 -0.894958 0.446138
-40.8148 90.5103 -17.4684 0.011453 -0.861753 0.5072
-42.0536 90.5167 -17.4634 -0.0105999 -0.845486 0.533892
-43.0755 90.5642 -17.4847 -0.0615 -0.846743 0.528435
-43.8381 90.6127 -17.5088 -0.0770016 -0.844829 0.529467
-43.9051 89.9936 -18.44 -0.074781 -0.815136 0.574423
-42.5389 89.9263 -18.4039 -0.0390996 -0.811074 0.583635
-41.3815 89.9266 -18.4131 0.0500727 -0.808595 0.586231
-41.2734 89.9307 -18.4167 0.0500666 -0.808596 0.58623
