-50.6212 89.6403 4.19959 0.431587 -0.901749 0.024087
-51.3029 89.3303 4.83833 0.431074 -0.90203 0.0226902
-52.0457 89.0296 5.6018 0.436661 -0.894017 0.100301
-52.7722 88.7591 6.35169 0.460277 -0.877232 0.13623
-53.4353 88.5274 7.10778 0.448227 -0.881383 0.147952
-54.1725 88.3055 8.06021 0.481818 -0.86059 0.165034
-54.812 88.0976 8.84431 0.505247 -0.846446 0.165865
-55.4293 87.8402 9.52858 0.537559 -0.817201 0.207875
-56.2066 87.4779 10.535 0.613542 -0.77993 0.123596
-56.7045 87.2161 11.3224 0.623495 -0.769796 0.132938
-57.2812 86.8788 12.2572 0.648164 -0.750485 0.129056
-57.9206 86.4538 13.3064 0.687326 -0.719016 0.0962764
-58.3905 85.8654 14.3661 0.784189 -0.620417 -0.0114188
-58.6949 85.3736 15.1278 0.797827 -0.596466 -0.0877542
-58.981 84.8399 16.0437 0.820176 -0.547568 -0.157224
-59.02 84.3894 17.1332 0.842378 -0.505901 -0.185524
-58.879 84.1981 18.193 0.850513 -0.481629 -0.211332
-58.6968 83.9994 19.2205 0.83889 -0.477301 -0.261623
-58.4201 83.662 20.5542 0.827196 -0.462272 -0.319455
-58.2312 83.4057 21.4143 0.823308 -0.465546 -0.324621
-58.0454 83.1189 22.2865 0.817149 -0.473002 -0.329451
-57.8414 82.8585 23.1678 0.809488 -0.484368 -0.331483
-57.6559 82.5597 24.0278 0.801252 -0.490219 -0.343047
-57.5335 82.2146 24.8489 0.79567 -0.511401 -0.324321
-57.4474 81.615 26.0319 0.782377 -0.541944 -0.306893
-57.4129 81.0868 27.0481 0.76205 -0.571389 -0.30462
-57.4309 80.4687 28.1353 0.732979 -0.600696 -0.319227
-57.4407 79.8822 29.2721 0.709272 -0.641686 -0.29184
-57.3835 79.4558 30.3423 0.705443 -0.644063 -0.295817
-57.3691 79.0834 31.196 0.652906 -0.691238 -0.309684
-57.2367 78.7499 32.194 0.594593 -0.715818 -0.366148
-56.9234 78.4358 33.4097 0.54726 -0.755665 -0.355603
-56.5713 78.2476 34.2223 0.513076 -0.760272 -0.39842
-56.0886 78.0984 35.2152 0.433051 -0.803461 -0.408556
-55.6041 77.9185 36.0826 0.424748 -0.823917 -0.372808
-54.7574 77.7532 37.2289 0.350802 -0.866101 -0.354862
-54.1604 77.6678 37.9221 0.294976 -0.877554 -0.378005
-53.4393 77.5856 38.6535 0.272552 -0.884165 -0.379049
-52.5623 77.5795 39.3318 0.274819 -0.890217 -0.363302
-51.6751 77.521 39.8861 0.199231 -0.902115 -0.38161
-50.8402 77.5315 40.2632 0.166334 -0.917633 -0.360947
-49.4623 77.6082 40.5763 0.108879 -0.903818 -0.413834
-48.4789 77.7494 40.5171 0.0715777 -0.902298 -0.424922
-47.4596 78.0751 40.1082 0.0709434 -0.843186 -0.532921
-46.6182 78.3363 39.7278 0.0113095 -0.859304 -0.51134
-45.5473 78.6782 39.194 -0.0614698 -0.807391 -0.586791
-44.7852 78.9912 38.6539 -0.142284 -0.777325 -0.612064
-43.971 79.5532 37.7976 -0.139709 -0.751118 -0.645216
-43.4022 79.9957 37.1166 -0.223202 -0.711757 -0.664954
-42.8985 80.4915 36.4543 -0.253975 -0.691322 -0.67644
-42.3852 81.1596 35.6081 -0.250054 -0.663127 -0.705504
-41.7879 81.9046 34.6624 -0.301865 -0.632226 -0.713515
-41.2988 82.5778 33.8473 -0.307954 -0.632338 -0.710848
-40.8921 83.1673 33.1695 -0.288677 -0.624718 -0.72553
-40.2585 83.8508 32.3531 -0.293333 -0.60269 -0.742105
-39.3344 84.57 31.3993 -0.294874 -0.606353 -0.738502
-38.6453 85.0476 30.7391 -0.28087 -0.601752 -0.747664
-37.9885 85.5228 30.1123 -0.2841 -0.601619 -0.74654
-37.2162 86.0613 29.3772 -0.282787 -0.618238 -0.733108
-36.5437 86.6235 28.6495 -0.257758 -0.63357 -0.729486
-35.8517 87.1683 27.8005 -0.286847 -0.685585 -0.668957
-35.1225 87.6796 26.8523 -0.275356 -0.753467 -0.597048
-34.5987 88.0673 26.1632 -0.250885 -0.763228 -0.594563
-34.0768 88.4566 25.1881 -0.34327 -0.802456 -0.4879
-33.6939 88.7705 24.366 -0.31935 -0.858727 -0.399479
-33.1746 89.1952 22.9532 -0.341618 -0.8537 -0.393055
-32.8833 89.4735 22.001 -0.338306 -0.898245 -0.280544
-32.5962 89.7612 20.7747 -0.277325 -0.917053 -0.28654
-32.3901 90.0041 19.7997 -0.277144 -0.916799 -0.287524
-32.2312 90.2904 18.7347 -0.229457 -0.930628 -0.285099
-32.135 90.7066 17.3659 -0.16959 -0.938006 -0.302297
-32.1724 91.1292 16.0549 -0.0702038 -0.946678 -0.314441
-32.3658 91.4837 14.939 -0.0507192 -0.961499 -0.270087
-32.5432 91.8072 13.9403 0.0267164 -0.960244 -0.277882
-32.6451 92.1204 12.9699 0.111773 -0.916001 -0.384529
-32.7632 92.6492 11.5915 0.152618 -0.899778 -0.405097
-32.7116 93.0212 10.771 0.222969 -0.895162 -0.385965
-32.4869 93.5207 9.74046 0.305523 -0.873381 -0.377635
-32.0996 94.0449 8.88304 0.334653 -0.868113 -0.366437
-31.6152 94.527 8.15677 0.332019 -0.870101 -0.364233
-31.0032 94.9838 7.63512 0.350458 -0.86645 -0.355075
-30.2211 95.4952 7.09015 0.336083 -0.884779 -0.322822
-29.2015 96.0838 6.48927 0.324628 -0.896115 -0.302591
-28.2009 96.5767 6.12146 0.323902 -0.899901 -0.291741
-27.2111 97.0578 5.69621 0.318916 -0.904816 -0.282135
-26.4408 97.4575 5.24513 0.322759 -0.908896 -0.264075
-25.3154 98.0203 4.59731 0.304452 -0.921585 -0.240811
-24.5911 98.3716 4.16329 0.29196 -0.931058 -0.218837
-23.826 98.7002 3.78541 0.27848 -0.934636 -0.22113
-23.0094 99.0439 3.35476 0.264903 -0.940315 -0.213052
-22.2324 99.3859 2.73814 0.239721 -0.952296 -0.187312
-21.4155 99.716 2.00913 0.222496 -0.956495 -0.188713
-20.6337 100.021 1.20464 0.19987 -0.967429 -0.155349
-19.9642 100.231 0.496682 0.143865 -0.97815 -0.150085
-19.3262 100.427 -0.225307 0.0890164 -0.988056 -0.125508
-18.681 100.569 -0.941814 0.0844009 -0.989126 -0.120391
-17.8619 100.702 -1.70213 0.0280892 -0.992452 -0.119377
-17.0605 100.795 -2.25954 0.00388795 -0.990975 -0.130285
-15.981 100.851 -2.92266 -0.0332237 -0.993523 -0.106346
-15.1895 100.831 -3.35505 -0.0851383 -0.992521 -0.0857648
-14.074 100.739 -3.79358 -0.175395 -0.981561 -0.0756762
-13.0458 100.57 -4.04779 -0.247171 -0.964278 -0.0634702
-11.9663 100.223 -4.26088 -0.346423 -0.936229 -0.0486554
-11.0045 99.8732 -4.35147 -0.319221 -0.946791 0.0410513
-10.0921 99.5207 -4.31415 -0.389818 -0.919375 0.048803
-9.11106 99.1416 -4.20204 -0.346548 -0.932702 0.0998588
-8.15022 98.7747 -4.12702 -0.316836 -0.929588 0.188366
-7.11498 98.3916 -4.12809 -0.374513 -0.893564 0.246328
-6.28842 98.0209 -4.28705 -0.422262 -0.854596 0.289293
-6.60649 97.8284 -5.29556 -0.486587 -0.82751 0.280057
-7.50943 98.0391 -6.11811 -0.428812 -0.876411 0.215214
-8.4242 98.3997 -6.73861 -0.477739 -0.863711 0.159564
-9.40413 98.8463 -7.29156 -0.488823 -0.864885 0.10547
-10.3444 99.3696 -7.87905 -0.543475 -0.837601 0.0415875
-11.2341 99.9025 -8.29657 -0.494669 -0.868932 -0.0161333
-12.4338 100.534 -8.53514 -0.362228 -0.923093 -0.129193
-13.3753 100.868 -8.39396 -0.30121 -0.932741 -0.196462
-14.7296 101.172 -7.81174 -0.251703 -0.954263 -0.161334
-16.0831 101.365 -7.12373 -0.136872 -0.97369 -0.175218
-17.3094 101.357 -6.39627 -0.0645124 -0.98666 -0.144782
-18.4412 101.28 -5.70011 -0.0110597 -0.985115 -0.169962
-19.5318 101.153 -5.01754 0.00774186 -0.985994 -0.166603
-20.4452 100.974 -4.33643 0.0581893 -0.982253 -0.178295
-21.1268 100.798 -3.72603 0.128198 -0.974381 -0.184788
-22.0686 100.51 -2.90225 0.136478 -0.971653 -0.193038
-22.9156 100.257 -2.32058 0.166663 -0.967094 -0.19223
-23.9015 99.9314 -1.73329 0.238611 -0.948043 -0.210427
-24.7655 99.5546 -1.07203 0.250922 -0.941722 -0.224048
-25.7448 99.0922 -0.25341 0.254226 -0.938502 -0.233631
-26.7761 98.6011 0.578912 0.260248 -0.936386 -0.235483
-27.5832 98.185 1.2843 0.278909 -0.927616 -0.248467
-28.2873 97.7805 1.98617 0.286125 -0.922909 -0.257626
-28.8437 97.4325 2.615 0.29046 -0.921604 -0.257406
-29.4199 97.0561 3.22633 0.30182 -0.911655 -0.27891
-30.2158 96.5659 3.93917 0.307009 -0.906602 -0.289512
-30.8044 96.1711 4.53103 0.316264 -0.89786 -0.306307
-31.3982 95.7546 5.13356 0.325498 -0.892125 -0.313234
-32.163 95.2409 5.81233 0.320206 -0.892733 -0.317008
-33.0651 94.6824 6.45245 0.310974 -0.886616 -0.34228
-33.7949 94.2401 6.97584 0.290914 -0.892925 -0.34359
-34.8048 93.7174 7.54291 0.269864 -0.903177 -0.333761
-36.1257 93.229 7.87019 0.253844 -0.910214 -0.327222
-37.4562 92.8965 7.85435 0.230687 -0.925965 -0.298952
-38.5163 92.6929 7.52222 0.233837 -0.935077 -0.262236
-39.3739 92.5595 7.20223 0.243801 -0.940007 -0.238639
-40.6478 92.443 6.46688 0.216088 -0.951363 -0.217992
-41.5307 92.4046 5.61667 0.218947 -0.956063 -0.194618
-42.1307 92.4035 4.92446 0.243718 -0.942141 -0.223578
-42.9646 92.465 3.77642 0.294693 -0.926912 -0.232359
-43.3992 92.5308 2.96697 0.277997 -0.927431 -0.249688
-43.8863 92.7508 1.67897 0.278256 -0.922595 -0.267153
-44.0725 93.1173 0.254304 0.291707 -0.915743 -0.275727
-44.0339 93.5846 -1.2069 0.259981 -0.929273 -0.260411
-43.8674 93.8868 -2.11115 0.22551 -0.93536 -0.272483
-43.5353 94.1747 -3.00779 0.16652 -0.95985 -0.22574
-43.2112 94.422 -3.82026 0.141883 -0.965861 -0.214994
-42.9122 94.6468 -4.72627 0.0701958 -0.971143 -0.227936
-42.6473 94.895 -5.73248 0.0501297 -0.976628 -0.208033
-42.347 95.0923 -6.65759 0.0309949 -0.98049 -0.194109
-41.9278 95.3208 -7.80032 0.0127745 -0.983902 -0.178252
-41.5551 95.4661 -8.69056 -0.0101767 -0.990463 -0.137404
-41.2 95.5798 -9.56019 -0.0349679 -0.992321 -0.118505
-40.8438 95.679 -10.5095 -0.0474186 -0.995151 -0.0861795
-40.511 95.7435 -11.4346 -0.0609596 -0.995112 -0.0755252
-40.2565 95.786 -12.3219 -0.0253917 -0.99801 -0.0577152
-39.9719 95.8212 -13.5103 -0.043513 -0.99895 -0.00187728
-39.6279 95.7996 -14.6834 -0.0337716 -0.999394 0.0084678
-39.382 95.7063 -15.6525 -0.0687152 -0.994382 0.0804868
-39.2619 95.6081 -16.5547 -0.0807623 -0.990725 0.109279
-39.202 95.4925 -17.4911 -0.0587086 -0.984114 0.167547
-39.1028 95.3256 -18.4342 -0.0579571 -0.984075 0.16804
-39.0972 94.8965 -19.8802 -0.0188808 -0.948223 0.314888
-39.1795 94.4369 -21.096 0.000312752 -0.912271 0.406509
-39.4178 93.872 -22.2201 0.0104093 -0.882693 0.468879
-39.6314 93.3761 -23.0456 0.0215782 -0.851612 0.523728
-40.071 92.8055 -23.8824 0.0553757 -0.812211 0.580729
-40.5837 92.2953 -24.4853 0.0860346 -0.76372 0.639789
-41.2281 91.6871 -25.1284 0.0732193 -0.733437 0.675803
-41.9627 91.2207 -25.5436 0.0930486 -0.721989 0.68562
-42.9174 90.8561 -25.8089 0.0616503 -0.714952 0.696413
-43.6813 91.1841 -25.4048 0.0589902 -0.709929 0.701798
-43.6441 91.8876 -24.69 0.0506651 -0.722547 0.689349
-43.5679 92.7515 -23.7674 0.0224683 -0.723819 0.688943
-43.4918 93.3614 -23.0406 -0.0639049 -0.766878 0.638603
-43.6014 94.1047 -22.0694 -0.0872461 -0.837815 0.538938
-43.9903 94.8018 -21.0141 -0.0719121 -0.851799 0.51891
-44.3496 95.219 -20.2988 -0.157512 -0.907014 0.390312
-44.7792 95.65 -19.4856 -0.146898 -0.925067 0.346163
-45.424 96.0636 -18.4568 -0.176674 -0.932795 0.309253
-46.0733 96.3911 -17.4596 -0.179881 -0.972676 0.135343
-46.6027 96.5754 -16.3199 -0.160424 -0.985096 0.056109
-46.8302 96.6363 -15.0505 -0.176502 -0.983037 -0.0370814
-46.8378 96.5421 -13.6901 -0.159337 -0.985318 -0.0601566
-46.73 96.3651 -12.4086 -0.130374 -0.983486 -0.125516
-46.6547 96.2138 -11.5 -0.112086 -0.981181 -0.157228
-46.5022 96.0322 -10.5293 -0.0954816 -0.974863 -0.201307
-46.3282 95.8265 -9.59248 -0.0744708 -0.973607 -0.213448
-46.1812 95.585 -8.67932 -0.069505 -0.966972 -0.245203
-46.0596 95.3523 -7.81394 -0.0183685 -0.966855 -0.254665
-45.9789 95.0858 -6.94223 -0.0179226 -0.94809 -0.317498
-45.8848 94.8162 -6.0625 0.0485208 -0.950498 -0.305615
-45.8108 94.5013 -5.10833 0.0734179 -0.950189 -0.302904
-45.7854 94.1347 -3.98699 0.110549 -0.940859 -0.320256
-45.749 93.7327 -2.81529 0.16654 -0.931883 -0.32227
-45.7983 93.4169 -1.96476 0.203102 -0.916143 -0.344583
-46.0296 93.0792 -1.14843 0.213527 -0.922609 -0.321245
-46.489 92.5221 -0.0723553 0.259632 -0.903055 -0.339541
-46.9774 92.0641 0.756969 0.288426 -0.898059 -0.332116
-47.5003 91.6341 1.41103 0.305538 -0.884041 -0.35372
-48.1451 91.2055 2.04018 0.375649 -0.892562 -0.241981
-48.9574 90.6292 2.75741 0.417819 -0.88253 -0.215797
-49.7039 90.1931 3.33663 0.434704 -0.895498 -0.090573
-50.4948 89.6975 4.08133 0.445851 -0.89209 -0.0367096
-50.9129 89.561 3.17849 0.469118 -0.879359 -0.0815793
-50.0598 90.1417 2.38148 0.498817 -0.851238 -0.163021
-49.1988 90.7649 1.73368 0.494508 -0.840494 -0.214717
-48.6382 91.2462 1.19279 0.407582 -0.850155 -0.333338
-47.9424 91.8492 0.470463 0.355813 -0.826422 -0.42239
-47.4817 92.3141 -0.2401 0.258421 -0.881536 -0.395111
-47.1 92.8541 -1.25274 0.243721 -0.893792 -0.376425
-46.8372 93.2234 -2.03018 0.192667 -0.909679 -0.367917
-46.7448 93.6644 -3.13238 0.156661 -0.923605 -0.348639
-46.7873 94.0287 -4.03827 0.138969 -0.915171 -0.378257
-46.7727 94.4329 -5.12696 0.0873802 -0.942232 -0.322374
-46.8914 94.8296 -6.23672 0.0233202 -0.93754 -0.347094
-46.9783 95.2059 -7.24442 0.00221955 -0.941949 -0.334649
-47.0794 95.5003 -8.18784 -0.059341 -0.953893 -0.294221
-47.2381 95.7657 -9.08644 -0.0807502 -0.963116 -0.256683
-47.4539 96.0332 -10.1461 -0.108094 -0.967772 -0.22462
-47.5959 96.277 -11.1315 -0.12381 -0.974723 -0.185972
-47.6811 96.4584 -12.1188 -0.146221 -0.974776 -0.168616
-47.7479 96.6281 -13.1509 -0.164364 -0.978496 -0.124623
-47.8524 96.7908 -14.5305 -0.171544 -0.983776 -0.0463894
-47.8189 96.8031 -15.4926 -0.175333 -0.983799 0.0373932
-47.6188 96.7263 -16.575 -0.179009 -0.983281 0.0328596
-47.1756 96.5609 -17.5777 -0.156469 -0.9832 0.0939916
-46.3842 96.2204 -18.6995 -0.215986 -0.941665 0.247654
-45.6677 95.6847 -19.739 -0.176674 -0.932795 0.309252
-45.0461 95.0167 -20.8943 -0.116891 -0.86887 0.481043
-44.6524 94.3318 -21.8775 -0.11499 -0.842999 0.523617
-44.4265 93.768 -22.6226 -0.0485864 -0.785127 0.617425
-44.4854 93.0406 -23.4691 -0.00328995 -0.724551 0.689213
-44.6012 92.2996 -24.2404 0.0193001 -0.700762 0.712359
-44.668 91.3725 -25.1339 0.0503009 -0.707385 0.705036
-44.5926 90.6027 -25.9072 0.0720778 -0.698307 0.712161
-43.7383 90.0336 -26.5398 0.0658768 -0.689991 0.720814
-42.4555 90.198 -26.5194 0.0921633 -0.702129 0.70606
-41.6229 90.5264 -26.2966 0.103041 -0.708186 0.698467
-40.7352 91.0376 -25.902 0.0909943 -0.726219 0.681101
-39.9997 91.7414 -25.2286 0.0968178 -0.750466 0.653323
-39.4127 92.3139 -24.6215 0.105587 -0.761793 0.638921
-38.8469 92.9623 -23.7946 0.0543502 -0.83326 0.548542
-38.561 93.5642 -22.8343 0.0639392 -0.851313 0.520748
-38.3921 94.0096 -22.0425 0.0458928 -0.881918 0.469163
-38.2034 94.4709 -21.045 0.0141276 -0.943867 0.330022
-38.1151 94.8248 -20.0367 0.0532909 -0.939851 0.335058
-38.1017 95.1378 -18.9673 -0.0239689 -0.959579 0.280416
-38.1917 95.3731 -17.8349 -0.0509765 -0.985201 0.163381
-38.2763 95.5494 -16.6384 -0.0481004 -0.993446 0.103691
-38.3819 95.6541 -15.6804 -0.0484607 -0.99347 0.103292
-38.6218 95.7437 -14.7196 -0.0481541 -0.996464 0.0665081
-38.8731 95.7662 -13.8064 -0.053258 -0.998506 -0.0122145
-39.1255 95.7608 -12.8295 -0.0534011 -0.998051 -0.0322859
-39.4562 95.729 -11.6876 -0.027362 -0.997507 -0.0646436
-39.7641 95.6673 -10.7021 -0.021775 -0.996572 -0.0790939
-40.1373 95.5727 -9.63779 -0.0127265 -0.994742 -0.101535
-40.5567 95.4198 -8.41638 -0.00208135 -0.990092 -0.140402
-40.9572 95.281 -7.51079 0.0124287 -0.983666 -0.179569
-41.3848 95.0675 -6.37854 0.021539 -0.98196 -0.187497
-41.7022 94.8485 -5.23536 0.0696912 -0.983835 -0.16496
-42.0531 94.5981 -4.00278 0.0936332 -0.977586 -0.187118
-42.3698 94.3998 -3.17371 0.163778 -0.973343 -0.16056
-42.7358 94.1764 -2.3441 0.182448 -0.96283 -0.199175
-43.0088 93.864 -1.25401 0.245668 -0.94075 -0.233747
-43.0782 93.5844 -0.292906 0.284742 -0.92036 -0.267103
-43.109 93.3205 0.655694 0.301479 -0.916438 -0.262549
-42.9045 93.0601 1.77563 0.317459 -0.911095 -0.262918
-42.5533 92.9107 2.67734 0.311405 -0.906859 -0.283961
-42.084 92.8143 3.49972 0.303049 -0.916886 -0.258158
-41.4285 92.7751 4.36521 0.287048 -0.919625 -0.26813
-40.7518 92.7613 5.11989 0.276898 -0.916932 -0.287337
-39.9039 92.7713 5.91194 0.275852 -0.914327 -0.296235
-38.9152 92.9112 6.39537 0.270538 -0.923862 -0.270719
-37.9574 93.0806 6.78299 0.273808 -0.923128 -0.269935
-36.6355 93.3934 7.01667 0.254173 -0.910157 -0.327124
-35.665 93.7181 6.86692 0.258428 -0.907283 -0.331662
-34.8179 94.1022 6.49701 0.266865 -0.908063 -0.322484
-33.8716 94.6348 5.8408 0.296623 -0.90056 -0.317815
-33.0248 95.1536 5.18647 0.311556 -0.894565 -0.320285
-32.3545 95.5731 4.66727 0.319703 -0.898102 -0.301998
-31.6279 96.0593 3.99329 0.320329 -0.899462 -0.297182
-30.802 96.6173 3.15401 0.306192 -0.909019 -0.282639
-30.1748 96.9941 2.60318 0.30419 -0.911638 -0.276377
-29.6027 97.3632 1.99274 0.2948 -0.920298 -0.257187
-28.8869 97.8135 1.202 0.29046 -0.921604 -0.257406
-28.261 98.1674 0.596281 0.276326 -0.927017 -0.25354
-27.5492 98.5432 -0.0306307 0.252776 -0.937179 -0.240415
-26.8434 98.8955 -0.661581 0.256484 -0.936688 -0.238357
-25.8943 99.3375 -1.39869 0.254241 -0.938271 -0.234541
-25.2219 99.6433 -1.93004 0.241158 -0.943511 -0.227221
-24.2763 100.049 -2.62692 0.221004 -0.952358 -0.208833
-23.4976 100.319 -3.13908 0.187103 -0.963277 -0.191459
-22.6586 100.579 -3.72939 0.161511 -0.966642 -0.198582
-21.8634 100.839 -4.39519 0.117342 -0.970203 -0.211983
-21.1823 101.049 -5.01374 0.101802 -0.975842 -0.193309
-20.324 101.231 -5.65578 0.0422894 -0.980433 -0.192259
-19.3651 101.376 -6.27709 -0.00535475 -0.980763 -0.19513
-18.3084 101.487 -6.90459 -0.0329516 -0.975853 -0.215927
-17.2801 101.564 -7.54585 -0.0681125 -0.979442 -0.189877
-16.1319 101.556 -8.21644 -0.191833 -0.952434 -0.236791
-15.0501 101.44 -8.66128 -0.242413 -0.940183 -0.236042
-13.9471 101.256 -9.17545 -0.262267 -0.928009 -0.264605
-13.0838 101.043 -9.42479 -0.381221 -0.890489 -0.235374
-12.209 100.621 -9.4875 -0.435988 -0.881955 -0.179084
-11.2495 99.9934 -9.31153 -0.538732 -0.834481 -0.115798
-10.4343 99.4083 -8.97745 -0.568152 -0.820276 0.0544868
-9.48111 98.7963 -8.47913 -0.53132 -0.844154 0.0700001
-8.74539 98.3782 -7.98618 -0.492696 -0.861454 0.123076
-7.98948 98.0127 -7.53217 -0.477739 -0.863711 0.159564
-7.18569 97.6533 -6.98532 -0.510387 -0.838224 0.192056
-6.25716 97.3385 -6.13623 -0.486587 -0.82751 0.280057
-5.42386 97.1893 -5.03563 -0.543438 -0.777985 0.314288
-5.03868 97.3051 -4.19198 -0.524252 -0.775476 0.351849
-5.21878 97.7636 -3.3539 -0.477313 -0.811993 0.335916
-6.14595 98.2832 -3.17745 -0.352692 -0.899425 0.258154
-7.37607 98.7303 -3.17924 -0.309466 -0.923624 0.226164
-8.44478 99.0643 -3.20202 -0.253661 -0.952987 0.165747
-9.33763 99.3272 -3.26302 -0.327263 -0.935616 0.128061
-10.3323 99.6794 -3.37104 -0.336979 -0.93609 0.100902
-11.3589 100.027 -3.32827 -0.305305 -0.952134 0.0151336
-12.4346 100.349 -3.20392 -0.266344 -0.963787 0.0132721
-13.3 100.536 -2.98182 -0.166094 -0.983289 -0.0738439
-14.1941 100.669 -2.69299 -0.134367 -0.986048 -0.0901581
-15.4797 100.766 -2.10092 -0.111974 -0.992352 -0.0519473
-16.7966 100.704 -1.25773 0.00321457 -0.996754 -0.0804422
-17.5507 100.619 -0.683061 0.0595713 -0.992137 -0.110072
-18.305 100.478 0.100182 0.0890162 -0.988056 -0.125508
-19.0836 100.286 0.984627 0.117659 -0.982496 -0.141713
-20.0599 100.004 2.02311 0.167168 -0.974578 -0.145633
-20.6732 99.7578 2.6563 0.213943 -0.961403 -0.173011
-21.4005 99.4699 3.34991 0.218865 -0.960306 -0.172888
-22.2814 99.0985 4.03468 0.258343 -0.946836 -0.19173
-23.1769 98.7244 4.53371 0.282981 -0.934677 -0.215052
-23.9948 98.3694 4.96804 0.289941 -0.931587 -0.21926
-25.0644 97.8239 5.6797 0.325756 -0.911989 -0.248808
-26.0366 97.3313 6.17476 0.322997 -0.90901 -0.263389
-27.1154 96.7479 6.8181 0.326739 -0.901298 -0.284217
-27.9134 96.3625 7.0945 0.333203 -0.896177 -0.292983
-29.1005 95.7521 7.58428 0.345126 -0.887074 -0.306489
-29.7673 95.3225 8.05626 0.344756 -0.885235 -0.312161
-30.5323 94.8362 8.50821 0.362654 -0.866453 -0.343118
-31.2098 94.1769 9.38887 0.384386 -0.856143 -0.344752
-31.5925 93.5549 10.3059 0.281528 -0.844949 -0.454755
-31.7645 92.9932 11.3214 0.190615 -0.887162 -0.419192
-31.7243 92.524 12.261 0.152621 -0.899775 -0.405102
-31.6299 92.0911 13.2862 0.0997836 -0.909115 -0.404418
-31.4623 91.6683 14.4215 -0.0254493 -0.936981 -0.346825
-31.27 91.2708 15.4144 -0.0620312 -0.926512 -0.371118
-31.1422 90.8315 16.5642 -0.123818 -0.92647 -0.355418
-31.1711 90.4787 17.5323 -0.17851 -0.929848 -0.32097
-31.2915 90.0519 18.7568 -0.208445 -0.926156 -0.312377
-31.4291 89.7761 19.6831 -0.238296 -0.918042 -0.316883
-31.7619 89.3658 21.1422 -0.30133 -0.897027 -0.32333
-31.9971 89.1067 22.1068 -0.34178 -0.875739 -0.335715
-32.2951 88.7505 23.1454 -0.347047 -0.851963 -0.392068
-32.6613 88.4467 24.0599 -0.368542 -0.830533 -0.416098
-33.0864 88.1129 25.0471 -0.369632 -0.790496 -0.488353
-33.5069 87.7591 25.908 -0.368176 -0.774833 -0.513888
-34.0435 87.3873 26.7179 -0.298376 -0.731494 -0.613097
-34.5679 87.0288 27.3765 -0.286591 -0.712229 -0.640724
-35.2521 86.4903 28.2508 -0.273678 -0.688272 -0.671849
-35.8638 85.9801 28.9545 -0.27211 -0.613583 -0.741251
-36.4336 85.5096 29.55 -0.265407 -0.612179 -0.744833
-37.3201 84.8693 30.3839 -0.275123 -0.60651 -0.745847
-37.9019 84.4487 30.9435 -0.280983 -0.60347 -0.746239
-38.6347 83.9563 31.6237 -0.293707 -0.597433 -0.746104
-39.3443 83.4439 32.2993 -0.30119 -0.590516 -0.748646
-40.0134 82.7447 33.15 -0.310443 -0.605276 -0.732985
-40.5869 81.8836 34.1645 -0.32213 -0.641742 -0.695988
-40.9755 81.357 34.813 -0.299837 -0.668782 -0.680315
-41.5453 80.7205 35.6845 -0.2941 -0.667943 -0.683635
-41.9137 80.1806 36.3997 -0.257607 -0.689434 -0.676993
-42.3778 79.6656 37.1264 -0.271798 -0.72227 -0.635965
-42.8703 79.2729 37.7716 -0.21143 -0.735705 -0.643418
-43.4538 78.8383 38.4929 -0.189415 -0.771638 -0.607204
-44.0513 78.4813 39.1781 -0.168904 -0.789798 -0.588331
-44.74 78.2405 39.7193 -0.10925 -0.812631 -0.569994
-45.66 78.0098 40.2458 -0.101332 -0.862004 -0.496669
-46.5199 77.7759 40.653 -0.0241215 -0.875317 -0.479955
-47.358 77.5636 41.0784 0.0367955 -0.897941 -0.437529
-48.412 77.2983 41.4725 0.0767227 -0.912119 -0.401373
-49.5931 77.1805 41.5081 0.0947232 -0.91794 -0.385066
-50.532 77.1363 41.3558 0.148597 -0.910251 -0.386475
-51.6196 77.1095 40.977 0.185818 -0.91492 -0.357766
-52.4453 77.1042 40.5124 0.186968 -0.921887 -0.338339
-53.2624 77.1255 39.9522 0.230531 -0.918428 -0.320651
-53.9907 77.1586 39.365 0.23424 -0.910135 -0.341739
-54.6175 77.202 38.7111 0.280087 -0.908504 -0.310114
-55.3903 77.2792 37.8196 0.351447 -0.877123 -0.327322
-55.9163 77.3404 37.0908 0.350808 -0.8661 -0.354858
-56.4327 77.4464 36.2414 0.416443 -0.844371 -0.337066
-57.1817 77.5988 34.8358 0.48122 -0.814928 -0.322984
-57.5318 77.7218 34.0038 0.511963 -0.80255 -0.303881
-57.8655 77.8857 32.9642 0.600624 -0.735824 -0.312753
-58.0713 78.1818 31.8007 0.629607 -0.722816 -0.284835
-58.1378 78.5841 30.6548 0.67112 -0.686465 -0.279936
-58.1233 78.9397 29.7575 0.672091 -0.697425 -0.248783
-58.1407 79.3078 28.8313 0.722679 -0.631925 -0.279307
-58.0747 79.8407 27.791 0.748097 -0.600567 -0.281256
-58.0295 80.2991 26.9752 0.763182 -0.575225 -0.294168
-58.0271 80.9159 25.7727 0.774697 -0.567323 -0.279266
-58.0954 81.4705 24.6284 0.789167 -0.53085 -0.30889
-58.2687 81.95 23.4343 0.817725 -0.478516 -0.319919
-58.5335 82.2737 22.2892 0.825099 -0.46654 -0.318312
-58.7125 82.5598 21.3752 0.832386 -0.459443 -0.3099
-58.988 82.9499 20.0838 0.840471 -0.45 -0.301239
-59.2599 83.1861 18.8987 0.843359 -0.46263 -0.272693
-59.4454 83.3513 17.8964 0.818425 -0.521189 -0.241955
-59.593 83.5664 16.8865 0.825178 -0.52837 -0.199768
-59.6113 83.9201 15.8623 0.828184 -0.535183 -0.162784
-59.3582 84.5037 14.9098 0.804975 -0.587453 -0.0831563
-59.0203 85.1029 14.0377 0.78583 -0.612493 -0.0751455
-58.5358 85.7693 12.9278 0.741978 -0.665057 0.0244796
-58.002 86.2036 11.9777 0.68398 -0.728338 0.0398197
-57.4482 86.5783 10.9923 0.613087 -0.787681 0.0606819
-56.846 86.9215 10.0476 0.59228 -0.798023 0.111194
-56.3426 87.1836 9.32339 0.584644 -0.7965 0.153261
-55.6095 87.5163 8.47079 0.532325 -0.830771 0.162526
-54.8276 87.8241 7.51586 0.521522 -0.837327 0.163848
-54.0998 88.0511 6.51492 0.488474 -0.858639 0.1549
-53.3809 88.3265 5.66237 0.492826 -0.864282 0.0999183
-52.7611 88.6169 5.03759 0.462845 -0.881112 0.0921866
-52.0404 88.9526 4.18156 0.458661 -0.888521 0.0127143
-51.3236 89.3051 3.57486 0.469118 -0.879359 -0.0815793
-51.7762 89.1184 2.73017 0.49517 -0.867843 -0.0406851
-52.646 88.585 3.42753 0.501478 -0.864335 0.0115957
-53.2681 88.2586 4.07674 0.503454 -0.862737 0.0470955
-53.7872 87.9922 4.76593 0.503174 -0.861052 0.0697211
-54.6612 87.6149 5.84016 0.51521 -0.848659 0.119735
-55.4786 87.2835 6.82546 0.521521 -0.83733 0.16384
-56.3018 86.9792 8.04706 0.552618 -0.82164 0.138524
-57.0353 86.5933 8.90751 0.588799 -0.798553 0.124483
-57.6603 86.2632 9.83162 0.623298 -0.774769 0.105575
-58.4174 85.7545 11.0874 0.682709 -0.728783 0.052684
-58.9122 85.3509 12.1325 0.68607 -0.726932 0.0296413
-59.2687 84.8892 12.8294 0.770074 -0.636307 -0.0458175
-59.6753 84.2778 13.6612 0.801588 -0.588678 -0.104476
-60.0267 83.612 14.647 0.799149 -0.579774 -0.158448
-60.2317 82.9923 15.8692 0.80807 -0.556319 -0.19224
-60.193 82.6992 16.7649 0.807951 -0.546261 -0.220736
-59.9382 82.4525 18.2131 0.809653 -0.537134 -0.236536
-59.7124 82.2672 19.1234 0.819705 -0.490855 -0.295204
-59.4186 82.0557 20.2498 0.824327 -0.465303 -0.322366
-59.1622 81.6301 21.5483 0.830079 -0.462239 -0.311882
-58.8443 81.2708 23.0363 0.818551 -0.491497 -0.295661
-58.6929 80.8543 24.1047 0.803758 -0.516507 -0.295284
-58.6027 80.4004 25.1488 0.805522 -0.524177 -0.275669
-58.6049 79.8881 26.1954 0.770931 -0.585541 -0.240563
-58.7137 79.3971 27.0922 0.731969 -0.620731 -0.28089
-58.9107 78.7345 28.0487 0.734932 -0.620674 -0.273155
-58.8378 78.3911 29.3703 0.689185 -0.701712 -0.180622
-58.9006 78.0437 30.2086 0.657345 -0.710368 -0.250524
-58.9517 77.6586 31.1146 0.648645 -0.715185 -0.260328
-58.7941 77.4325 32.1488 0.621355 -0.73762 -0.264262
-58.6523 77.1387 33.3838 0.551475 -0.798176 -0.242467
-58.3594 77.057 34.2712 0.542707 -0.790171 -0.284779
-57.9799 77.0226 35.1035 0.493101 -0.834583 -0.244643
-57.5403 76.9761 36.0281 0.468308 -0.842534 -0.266129
-56.9885 76.9363 36.8701 0.4008 -0.864432 -0.301642
-56.5025 76.8972 37.7126 0.363345 -0.883499 -0.292659
-55.9856 76.8244 38.4573 0.329843 -0.899493 -0.284824
-55.1231 76.7931 39.4815 0.265544 -0.915976 -0.300789
-54.3241 76.741 40.3295 0.23423 -0.923461 -0.3039
-53.3893 76.7392 41.0076 0.187134 -0.938699 -0.289525
-52.3618 76.6947 41.7598 0.170205 -0.935935 -0.308312
-51.0197 76.7348 42.2558 0.116892 -0.942148 -0.314156
-50.1288 76.7843 42.3933 0.0924099 -0.938146 -0.33355
-49.1383 76.8448 42.4717 0.0753738 -0.93807 -0.337971
-47.7912 77.0231 42.2455 0.0601492 -0.920711 -0.385582
-46.9558 77.1393 41.9196 -0.00442097 -0.908833 -0.414282
-45.9945 77.3387 41.5143 -0.037247 -0.900067 -0.434157
-45.0986 77.5163 40.9768 -0.119449 -0.865319 -0.486322
-43.8919 77.8079 40.0991 -0.179176 -0.834421 -0.519005
-43.0912 78.0795 39.4342 -0.190202 -0.819528 -0.540553
-42.5555 78.3762 38.7492 -0.267493 -0.775119 -0.570939
-41.9222 78.7943 37.9549 -0.256278 -0.739601 -0.622344
-41.3707 79.3873 37.0043 -0.298701 -0.715571 -0.630729
-40.7966 80.0792 36.0206 -0.284347 -0.695981 -0.659361
-40.2347 80.7372 35.0906 -0.307225 -0.664723 -0.680996
-39.8062 81.3058 34.3095 -0.357146 -0.620102 -0.698513
-39.3503 82.008 33.4678 -0.327865 -0.605799 -0.724794
-38.9375 82.5385 32.8542 -0.313562 -0.595579 -0.739462
-38.1887 83.2395 32.005 -0.29844 -0.58407 -0.754848
-37.5032 83.595 31.4651 -0.294802 -0.592434 -0.749742
-36.5855 84.2371 30.6197 -0.266594 -0.588139 -0.763558
-35.9165 84.718 30.0016 -0.263089 -0.595958 -0.75864
-35.2544 85.2402 29.3393 -0.276449 -0.612159 -0.740835
-34.5993 85.687 28.7253 -0.287156 -0.631808 -0.719321
-33.901 86.4419 27.7407 -0.28131 -0.682 -0.673521
-33.3349 86.8122 27.0587 -0.298524 -0.731228 -0.613343
-32.7935 87.2162 26.3101 -0.298347 -0.764879 -0.568222
-32.3375 87.5284 25.5153 -0.340706 -0.82078 -0.458519
-31.9449 87.8925 24.5813 -0.33198 -0.840381 -0.428425
-31.588 88.1666 23.7671 -0.307398 -0.845373 -0.436076
-31.2536 88.4648 22.9106 -0.294273 -0.865551 -0.405247
-30.9466 88.9174 21.6531 -0.299954 -0.889583 -0.343573
-30.6754 89.1526 20.759 -0.273938 -0.89556 -0.350615
-30.4882 89.5398 19.5827 -0.2662 -0.908399 -0.322411
-30.3285 89.9133 18.6069 -0.196109 -0.90713 -0.370608
-30.1594 90.3615 17.3978 -0.144451 -0.906895 -0.395823
-30.1374 90.8266 16.3218 -0.0539243 -0.913918 -0.402301
-30.2881 91.2721 15.2761 -0.0355866 -0.929221 -0.367807
-30.5745 91.7717 14.0572 -0.0291296 -0.927253 -0.3733
-30.6733 92.4386 12.7585 0.108744 -0.907744 -0.405186
-30.7962 92.9185 11.8723 0.187071 -0.875607 -0.445327
-30.7406 93.3738 11.0807 0.201555 -0.837997 -0.507086
-30.5109 93.9547 10.4195 0.389858 -0.758794 -0.51762
-30.0553 94.6722 9.49048 0.402099 -0.853467 -0.33145
-29.1555 95.2516 8.9504 0.351645 -0.88284 -0.311351
-28.2761 95.8125 8.33242 0.346257 -0.889886 -0.297001
-27.4961 96.2156 8.00924 0.328926 -0.896865 -0.2957
-26.3321 96.7889 7.58947 0.341392 -0.892937 -0.293453
-25.4421 97.3071 6.99187 0.339708 -0.902825 -0.263584
-24.6119 97.7146 6.64411 0.335188 -0.905594 -0.259901
-23.8932 98.1228 6.08326 0.324945 -0.915141 -0.238417
-22.9527 98.5815 5.50158 0.296011 -0.935111 -0.194797
-22.027 98.9595 4.99774 0.276274 -0.936917 -0.214149
-21.2366 99.2832 4.5112 0.253117 -0.947666 -0.194578
-20.3876 99.623 3.80102 0.21934 -0.96267 -0.158609
-19.7185 99.8673 3.14661 0.185686 -0.969647 -0.158361
-18.758 100.199 2.07194 0.142726 -0.982925 -0.115767
-18.1851 100.358 1.36934 0.131385 -0.985998 -0.102028
-17.242 100.526 0.410544 0.0652579 -0.99457 -0.0789054
-16.4355 100.649 -0.298869 0.0419659 -0.996393 -0.0667966
-15.5268 100.695 -0.885502 0.0107531 -0.998844 -0.0447743
-14.6372 100.658 -1.4735 -0.0829062 -0.996491 -0.011536
-13.2909 100.463 -1.92249 -0.181595 -0.981862 -0.0203673
-12.3845 100.312 -2.19746 -0.242169 -0.969561 -0.0361369
-11.4802 100.134 -2.29988 -0.196412 -0.976533 0.0364822
-10.4815 99.8316 -2.38735 -0.333585 -0.938152 0.0926985
-9.35527 99.4824 -2.33846 -0.305964 -0.940494 0.147843
-8.38025 99.2266 -2.27033 -0.248591 -0.945426 0.210645
-7.25754 98.9596 -2.2945 -0.246693 -0.920393 0.290812
-5.92412 98.5259 -2.14567 -0.352179 -0.878396 0.323073
-5.07886 98.1659 -2.2025 -0.417868 -0.842221 0.335315
-4.26779 97.5937 -2.4655 -0.419292 -0.796639 0.431192
-3.91145 96.9706 -3.26144 -0.521303 -0.775395 0.356368
-4.22336 96.7048 -4.30435 -0.552345 -0.742518 0.375458
-4.67567 96.5621 -5.27497 -0.588147 -0.719527 0.369275
-5.24806 96.6163 -6.14159 -0.57405 -0.751223 0.325776
-6.09908 96.9348 -7.1022 -0.578338 -0.779115 0.238822
-7.02528 97.3374 -8.01931 -0.546522 -0.819717 0.165938
-7.93179 97.7894 -8.62829 -0.534403 -0.832998 0.143277
-8.69627 98.2253 -9.13081 -0.543237 -0.835435 0.0833228
-9.80686 98.891 -9.69155 -0.55612 -0.8263 0.0876498
-10.557 99.4443 -10.08 -0.686375 -0.726845 -0.0242144
-11.215 100.158 -10.3196 -0.622598 -0.736229 -0.241019
-12.2428 100.91 -10.4407 -0.504817 -0.798802 -0.31946
-13.6571 101.5 -10.2422 -0.30581 -0.909156 -0.279717
-15.0027 101.681 -9.69642 -0.200465 -0.945087 -0.257643
-15.9452 101.791 -9.30747 -0.215315 -0.944489 -0.248123
-16.9954 101.879 -8.87322 -0.176029 -0.957477 -0.228584
-17.8527 101.818 -8.31858 -0.0763241 -0.951263 -0.298788
-18.8321 101.666 -7.71298 -0.00134745 -0.979095 -0.203385
-19.7256 101.578 -7.2828 -0.00327865 -0.980181 -0.198043
-20.5348 101.435 -6.67993 0.044727 -0.977269 -0.20723
-21.3325 101.281 -6.12234 0.0616229 -0.962692 -0.263489
-22.1967 101.022 -5.42403 0.14456 -0.958026 -0.247309
-22.9096 100.784 -4.87868 0.158095 -0.965554 -0.206669
-23.5459 100.558 -4.31053 0.15846 -0.965404 -0.207091
-24.5452 100.219 -3.61028 0.183881 -0.954201 -0.235984
-25.6696 99.7452 -2.77864 0.225952 -0.941645 -0.2495
-26.5564 99.3304 -2.09258 0.256847 -0.940021 -0.224285
-27.3902 98.9804 -1.60031 0.255254 -0.938417 -0.232846
-28.0361 98.6354 -0.913941 0.238914 -0.94137 -0.237621
-29.1088 98.0701 0.0923652 0.251376 -0.930058 -0.26796
-30.2126 97.4139 1.16134 0.280582 -0.918883 -0.277359
-30.7701 97.0481 1.7952 0.2886 -0.917481 -0.273271
-31.3796 96.6804 2.3463 0.289667 -0.912563 -0.288653
-31.962 96.2971 2.92563 0.307102 -0.903343 -0.299385
-32.676 95.8116 3.61524 0.32347 -0.894336 -0.308947
-33.6634 95.1945 4.44986 0.302834 -0.903356 -0.303536
-34.7228 94.5621 5.274 0.286026 -0.904512 -0.316234
-35.681 94.0448 5.91095 0.27038 -0.911829 -0.308969
-36.5041 93.7552 6.14741 0.238743 -0.913079 -0.330126
-37.6865 93.4628 5.95542 0.322012 -0.888239 -0.327626
-38.5651 93.2759 5.58989 0.302756 -0.897084 -0.321009
-39.3689 93.1782 5.1574 0.292139 -0.906357 -0.30524
-40.2862 93.1736 4.28173 0.301241 -0.905975 -0.297349
-40.9231 93.1748 3.61519 0.307593 -0.904482 -0.295462
-41.6949 93.2919 2.43626 0.32889 -0.898926 -0.289419
-42.0916 93.5299 1.18847 0.345794 -0.899054 -0.268567
-42.1458 93.8133 0.0419861 0.325098 -0.912937 -0.246693
-41.9907 94.0854 -1.03349 0.257096 -0.937671 -0.233826
-41.8116 94.2966 -1.91775 0.221327 -0.965387 -0.137996
-41.3312 94.515 -3.01556 0.104553 -0.982762 -0.152472
-40.9915 94.6899 -3.91431 0.104117 -0.983124 -0.150424
-40.7423 94.8931 -5.01167 0.165837 -0.979226 -0.0822782
-40.3229 95.0597 -6.07273 0.0413246 -0.986895 -0.155985
-40.1368 95.2085 -6.93266 0.0415358 -0.985727 -0.163147
-39.691 95.3595 -7.87916 0.0205913 -0.990389 -0.136456
-39.3092 95.5302 -9.07145 0.0408681 -0.992208 -0.113248
-38.8569 95.628 -10.4643 -0.0170196 -0.998203 -0.0555041
-38.4282 95.7074 -11.8475 -0.0308821 -0.998533 -0.0405221
-38.0118 95.7166 -13.3398 -0.0511621 -0.998483 -0.0179403
-37.6805 95.7122 -14.4518 -0.0107739 -0.99847 0.0542322
-37.4115 95.6411 -15.5948 -0.00570867 -0.996228 0.0826372
-37.3178 95.5451 -16.5196 0.0084635 -0.994522 0.10418
-37.1935 95.322 -17.9662 -0.00102027 -0.984701 0.174251
-37.1397 95.1408 -18.9509 0.049526 -0.973628 0.222377
-37.0888 94.9166 -19.9258 0.0605964 -0.972069 0.226736
-37.2051 94.6122 -20.8692 0.0924662 -0.935838 0.340083
-37.3518 94.2599 -21.7381 0.0854949 -0.900564 0.421886
-37.5414 93.6881 -22.7536 0.120373 -0.879869 0.459278
-37.6869 93.1929 -23.5687 0.0824661 -0.856743 0.509108
-38.101 92.534 -24.5126 0.103164 -0.812347 0.573541
-38.4348 92.0107 -25.1659 0.122265 -0.757394 0.641409
-39.2206 91.3287 -25.8106 0.119169 -0.745506 0.655759
-39.9713 90.6273 -26.4409 0.117031 -0.721666 0.68227
-40.8114 90.0969 -26.845 0.116689 -0.698016 0.706279
-42.0375 89.5381 -27.2048 0.100369 -0.682919 0.723386
-42.9949 89.3177 -27.3001 0.0921633 -0.675031 0.731921
-44.1111 89.2676 -27.2083 0.0812898 -0.667455 0.740196
-45.0018 89.5187 -26.8867 0.0473623 -0.665934 0.743792
-45.5585 90.3771 -26.0606 0.0394741 -0.696621 0.716349
-45.6733 91.0776 -25.3678 0.0421783 -0.710788 0.702141
-45.6043 91.7939 -24.6321 0.0751859 -0.70745 0.702288
-45.4381 93.0551 -23.6078 -0.0646121 -0.626534 0.769002
-45.3902 93.9369 -22.625 -0.182343 -0.764672 0.616828
-45.698 94.569 -21.806 -0.182256 -0.818958 0.542992
-46.0889 95.3302 -20.7003 -0.227293 -0.860462 0.456008
-46.5071 95.8962 -20.0472 -0.32958 -0.805645 0.492253
-47.0562 96.2534 -19.3454 -0.27482 -0.941994 0.177047
-47.8112 96.5488 -18.4458 -0.202811 -0.969682 0.136323
-48.4404 96.8028 -17.4941 -0.207348 -0.972309 0.10781
-48.7604 96.9374 -16.6145 -0.182689 -0.982763 0.0283224
-48.8907 96.9927 -15.5498 -0.199033 -0.979888 0.00416926
-48.8244 96.972 -14.6188 -0.212792 -0.977067 -0.00772466
-48.8301 96.8878 -13.6224 -0.180763 -0.977204 -0.110058
-48.6859 96.7223 -12.6456 -0.186303 -0.968294 -0.166424
-48.589 96.4755 -11.4446 -0.157082 -0.967829 -0.196341
-48.461 96.2086 -10.249 -0.142232 -0.962633 -0.230171
-48.2172 95.7895 -8.92018 -0.112486 -0.946322 -0.296868
-47.9782 95.4324 -7.7535 -0.0719171 -0.953603 -0.292352
-47.8946 94.9652 -6.56732 -0.0440119 -0.929226 -0.366881
-47.8394 94.5479 -5.69744 0.104854 -0.915956 -0.387338
-47.7472 94.212 -4.86741 0.105642 -0.920392 -0.376454
-47.8348 93.8016 -3.85378 0.131155 -0.915014 -0.381507
-47.7388 93.4058 -2.93718 0.168842 -0.887414 -0.428475
-47.903 93.0031 -2.04975 0.195717 -0.90908 -0.36779
-48.2197 92.4977 -1.08777 0.214644 -0.888429 -0.405736
-48.6941 91.9965 -0.20813 0.257884 -0.845248 -0.458489
-49.3451 91.0794 0.539987 0.516302 -0.751477 -0.389784
-50.0318 90.4766 1.087 0.493864 -0.827458 -0.26723
-50.8063 89.844 1.7281 0.480876 -0.857746 -0.181745
-51.4087 89.346 2.34843 0.49517 -0.867843 -0.0406851
-50.5082 89.7099 4.77931 0.432294 -0.901416 0.023884
-50.5485 89.7439 5.81072 0.388898 -0.918562 0.0707272
-50.5915 89.7804 6.83209 0.36542 -0.929574 0.0485821
-50.6514 89.8829 7.75923 0.338047 -0.93422 0.113832
-50.7016 89.9837 8.72466 0.308514 -0.94308 0.124172
-50.7722 90.1291 9.98842 0.320341 -0.934263 0.156637
-50.8436 90.304 11.0834 0.285085 -0.945528 0.157173
-50.877 90.3684 12.0127 0.292591 -0.954131 0.0634435
-50.9231 90.4347 12.9157 0.314175 -0.943594 0.104522
-50.9879 90.5108 14.5279 0.294225 -0.955727 0.0040701
-51.0023 90.511 15.4762 0.290215 -0.95693 0.00772554
-51.0303 90.5132 16.9925 0.299166 -0.9541 -0.0139044
-51.0348 90.4561 17.9555 0.287111 -0.956031 -0.0597626
-51.0163 90.3338 19.1032 0.338986 -0.930419 -0.139318
-50.9516 90.1325 20.3228 0.286792 -0.931916 -0.221998
-50.876 89.9039 21.41 0.285233 -0.934985 -0.210821
-50.8228 89.7231 22.3007 0.294971 -0.92441 -0.241783
-50.7117 89.3535 23.544 0.350043 -0.877137 -0.328787
-50.56 88.937 24.7053 0.327607 -0.860893 -0.389277
-50.4157 88.5727 25.5694 0.349989 -0.836124 -0.42238
-50.266 88.1849 26.5255 0.317372 -0.862873 -0.393352
-50.1356 87.7893 27.4384 0.322825 -0.822866 -0.467627
-49.9794 87.3378 28.2945 0.334739 -0.7989 -0.49971
-49.7546 86.6425 29.4514 0.354046 -0.759338 -0.545947
-49.5357 85.9809 30.4123 0.342158 -0.729314 -0.592477
-49.3212 85.2554 31.4675 0.342806 -0.750269 -0.565314
-49.1365 84.5272 32.4116 0.305554 -0.67731 -0.669244
-48.9152 83.7152 33.3386 0.305241 -0.680489 -0.666155
-48.7581 82.9366 34.1502 0.240915 -0.696028 -0.676391
-48.5954 82.0597 35.0876 0.259212 -0.680813 -0.685056
-48.4936 81.4369 35.7356 0.132039 -0.696627 -0.705178
-48.3962 80.7835 36.4006 0.163091 -0.690386 -0.704818
-48.3122 80.1532 37.0759 0.167289 -0.733911 -0.658322
-48.2482 79.572 37.7649 0.166337 -0.766284 -0.620598
-48.1792 78.8659 38.7152 0.151252 -0.810495 -0.565881
-48.1236 78.2665 39.7128 0.134821 -0.856022 -0.499049
-48.1206 78.2384 39.7619 0.102953 -0.850177 -0.516334
-49.0443 77.9341 40.0507 0.101944 -0.870507 -0.481481
-49.0937 78.6752 38.8041 0.122249 -0.835767 -0.535303
-49.1303 79.2011 37.9865 0.16634 -0.766281 -0.6206
-49.2211 79.8696 37.1457 0.254399 -0.747159 -0.614031
-49.3268 80.5695 36.3077 0.250062 -0.700204 -0.668718
-49.4499 81.2326 35.5884 0.257717 -0.682224 -0.684217
-49.5919 81.9446 34.825 0.287896 -0.68182 -0.672486
-49.7729 82.7369 33.956 0.280739 -0.679387 -0.677952
-49.9269 83.3477 33.2512 0.304362 -0.680858 -0.66618
-50.1254 83.9936 32.4977 0.306855 -0.683861 -0.661947
-50.3884 84.8631 31.356 0.37211 -0.753553 -0.541934
-50.5815 85.487 30.4119 0.368205 -0.701365 -0.610338
-50.8709 86.2827 29.186 0.385712 -0.751581 -0.535119
-51.1249 87.0013 27.8454 0.444824 -0.779847 -0.440419
-51.3051 87.4517 26.914 0.471348 -0.758102 -0.45068
-51.4866 87.8937 25.9807 0.42319 -0.80691 -0.412077
-51.6225 88.2411 25.1105 0.441362 -0.812996 -0.379785
-51.8228 88.7136 23.8928 0.441629 -0.805506 -0.395126
-51.9661 89.0866 22.7216 0.436497 -0.864259 -0.250053
-52.0782 89.4488 21.3434 0.437718 -0.857219 -0.271254
-52.1561 89.7387 20.204 0.373098 -0.912689 -0.166724
-52.1854 89.873 19.3016 0.346176 -0.926236 -0.14916
-52.2328 90.0516 18.0235 0.427379 -0.90052 -0.0800673
-52.2429 90.1307 16.691 0.367726 -0.928806 -0.0457885
-52.227 90.1364 15.4396 0.335153 -0.942048 0.0147502
-52.1947 90.1248 14.4158 0.354713 -0.932513 0.0678079
-52.1339 90.0648 13.3603 0.34319 -0.936332 0.0741803
-52.0486 89.9822 12.0149 0.376802 -0.922189 0.0871081
-51.9698 89.8667 10.7958 0.37909 -0.911922 0.157127
-51.8923 89.7238 9.79501 0.340462 -0.930329 0.136285
-51.815 89.591 8.80219 0.361358 -0.92108 0.145022
-51.7228 89.4259 7.52051 0.412962 -0.899247 0.144279
-51.657 89.317 6.62202 0.417661 -0.901773 0.111197
-51.6125 89.2634 5.87281 0.428002 -0.899306 0.089799
-52.7424 88.8741 7.021 0.45663 -0.87999 0.130795
-52.8365 89.0242 8.14646 0.445649 -0.878086 0.174249
-52.9459 89.1858 9.3018 0.440909 -0.887317 0.135155
-53.0253 89.2914 10.2143 0.410428 -0.892104 0.188944
-53.1447 89.4595 11.2671 0.394879 -0.902281 0.173089
-53.2184 89.5195 12.5188 0.407202 -0.91123 0.0620165
-53.3027 89.6209 13.6722 0.435041 -0.893839 0.108584
-53.3564 89.6619 14.5907 0.450726 -0.89097 0.0549461
-53.4172 89.6905 15.5943 0.409714 -0.911939 0.022398
-53.4342 89.6172 16.7792 0.372108 -0.921956 -0.107391
-53.4116 89.5141 17.7428 0.399055 -0.913239 -0.0821607
-53.3709 89.3536 19.3842 0.426239 -0.898895 -0.10153
-53.3284 89.1938 20.2959 0.454344 -0.862861 -0.221456
-53.2074 88.8761 21.3637 0.469882 -0.824794 -0.314525
-53.0901 88.5341 22.44 0.476384 -0.824079 -0.306514
-52.9359 88.1617 23.6495 0.454805 -0.826917 -0.330696
-52.7876 87.8335 24.5613 0.463848 -0.789599 -0.401719
-52.6309 87.5026 25.4181 0.475151 -0.790272 -0.386913
-52.4422 87.0558 26.4507 0.461014 -0.750039 -0.474245
-52.2597 86.6156 27.2814 0.477911 -0.728381 -0.490982
-52.1043 86.2106 28.1511 0.508447 -0.742016 -0.436914
-51.8605 85.6 29.3552 0.460839 -0.720245 -0.518531
-51.6474 85.1014 30.1504 0.48031 -0.67381 -0.5615
-51.4624 84.5507 30.9602 0.425564 -0.730913 -0.533537
-51.3027 84.0387 31.759 0.440927 -0.713053 -0.545104
-51.0028 83.177 32.8758 0.40056 -0.667434 -0.627761
-50.791 82.5077 33.7223 0.407828 -0.656822 -0.634241
-50.5908 81.8328 34.4867 0.306523 -0.653403 -0.692176
-50.4318 81.1347 35.256 0.317776 -0.680703 -0.660046
-50.271 80.3401 36.1956 0.319938 -0.71127 -0.625887
-50.1429 79.6459 37.036 0.24535 -0.754464 -0.608758
-50.0651 79.0469 37.8226 0.236266 -0.761642 -0.603391
-50.0426 78.5821 38.6196 0.215623 -0.835551 -0.505332
-50.0094 77.9093 39.842 0.171856 -0.884552 -0.433629
-50.9701 77.7784 39.6875 0.200083 -0.876215 -0.438422
-50.9807 78.3751 38.5254 0.232588 -0.84329 -0.484526
-50.9889 78.8339 37.7297 0.271731 -0.764861 -0.584081
-51.1074 79.4896 36.7734 0.306753 -0.766827 -0.563808
-51.2241 80.0821 36.0016 0.308033 -0.723326 -0.617993
-51.3722 80.7467 35.1951 0.394269 -0.690178 -0.6068
-51.572 81.5149 34.2257 0.39423 -0.662094 -0.637349
-51.7832 82.1482 33.4373 0.435068 -0.638565 -0.634784
-52.0354 82.8923 32.4806 0.466012 -0.640511 -0.610392
-52.2912 83.5918 31.4412 0.527098 -0.675959 -0.515021
-52.5768 84.3788 30.1636 0.510484 -0.667269 -0.542363
-52.7818 84.8717 29.4006 0.565353 -0.651294 -0.506155
-53.0799 85.5381 28.007 0.607229 -0.66088 -0.441032
-53.327 86.1015 26.8908 0.578359 -0.66676 -0.470034
-53.5116 86.5593 25.9846 0.572774 -0.696584 -0.432089
-53.6788 86.9217 25.1071 0.56486 -0.729028 -0.386589
-53.8744 87.3009 24.1406 0.621492 -0.686542 -0.37737
-54.0585 87.6492 23.1676 0.623554 -0.694619 -0.358726
-54.266 88.0987 21.7941 0.50331 -0.806898 -0.309182
-54.3657 88.4122 20.6865 0.557494 -0.79986 -0.222315
-54.4615 88.6579 19.6649 0.567878 -0.782977 -0.253893
-54.5584 88.9244 18.2613 0.417008 -0.901763 -0.1137
-54.5896 89.0607 17.1609 0.410739 -0.904064 -0.118162
-54.5915 89.1454 15.9348 0.437414 -0.899225 0.00798839
-54.4916 89.0963 14.6778 0.463064 -0.882612 0.081045
-54.4098 89.0564 13.7287 0.438984 -0.895297 0.0757383
-54.3366 89.0097 12.6444 0.439514 -0.897099 0.0451816
-54.2526 88.9417 11.458 0.442637 -0.884537 0.147198
-54.1357 88.8004 10.3878 0.438431 -0.876384 0.199323
-54.0165 88.646 9.46066 0.47325 -0.868308 0.148577
-53.9372 88.5522 8.65945 0.477615 -0.864477 0.156729
-55.11 88.1329 9.87366 0.513858 -0.836926 0.188427
-55.2326 88.2741 11.0806 0.541779 -0.832736 0.114129
-55.3422 88.3795 12.1671 0.554893 -0.819558 0.142892
-55.4781 88.47 13.3031 0.538377 -0.837503 0.0934842
-55.5574 88.4793 14.2787 0.483171 -0.874181 0.0485019
-55.6267 88.503 15.3764 0.494503 -0.866247 0.0712948
-55.68 88.5312 16.4146 0.662789 -0.748392 -0.0249045
-55.6405 88.3874 17.4178 0.520709 -0.842472 -0.138214
-55.575 88.1678 18.5916 0.622735 -0.754445 -0.207396
-55.4943 87.9394 19.4833 0.607798 -0.754186 -0.248566
-55.4283 87.668 20.6839 0.63352 -0.754409 -0.171812
-55.3319 87.4327 21.6357 0.643106 -0.675847 -0.360063
-55.0409 86.914 22.996 0.578318 -0.713286 -0.395944
-54.792 86.4965 24.0642 0.655356 -0.659601 -0.368014
-54.5731 86.0567 25.2078 0.663745 -0.632041 -0.399957
-54.3656 85.6311 26.14 0.691541 -0.589876 -0.416914
-54.1928 85.1984 27.0387 0.690281 -0.592153 -0.415774
-53.9502 84.7145 28.0345 0.62112 -0.633495 -0.461404
-53.7073 84.1953 29.1491 0.597148 -0.664125 -0.449837
-53.5336 83.7896 29.9393 0.576159 -0.644231 -0.502998
-53.3203 83.2523 30.81 0.543967 -0.65637 -0.522761
-53.1192 82.7618 31.6598 0.556553 -0.660451 -0.504036
-52.9095 82.2123 32.5133 0.536905 -0.614422 -0.578116
-52.7264 81.6644 33.2785 0.479173 -0.661931 -0.576403
-52.476 80.8859 34.2957 0.448244 -0.676184 -0.584682
-52.279 80.0647 35.3867 0.39035 -0.692902 -0.606229
-52.1481 79.5459 36.1505 0.354003 -0.727198 -0.588103
-52.0257 78.9214 37.0826 0.309576 -0.792554 -0.525377
-51.9619 78.4419 37.879 0.272358 -0.85417 -0.442962
-51.9365 78.0249 38.676 0.226989 -0.86258 -0.452141
-51.9404 77.8626 39.0151 0.207135 -0.886432 -0.413923
-52.9407 77.9394 38.2079 0.270276 -0.878114 -0.394799
-52.9978 78.4578 37.1764 0.3028 -0.834578 -0.460209
-53.0808 78.9871 36.311 0.391382 -0.759126 -0.520143
-53.2276 79.5298 35.4438 0.391618 -0.737004 -0.550873
-53.3832 80.1955 34.4392 0.436322 -0.70629 -0.557474
-53.5301 80.7536 33.6563 0.479168 -0.661932 -0.576406
-53.7221 81.3897 32.6892 0.526673 -0.661668 -0.533677
-53.9361 81.9783 31.7087 0.596064 -0.623051 -0.506473
-54.2185 82.6064 30.6166 0.594525 -0.617402 -0.515126
-54.3743 83.0202 29.8139 0.66888 -0.590169 -0.451996
-54.5856 83.481 28.8881 0.677855 -0.590382 -0.438134
-54.7834 83.888 27.9995 0.676671 -0.614614 -0.405421
-55.007 84.3217 26.9426 0.690412 -0.596442 -0.409376
-55.25 84.9181 25.6583 0.731432 -0.547676 -0.406274
-55.5033 85.3925 24.5727 0.707503 -0.575068 -0.410775
-55.7302 85.8208 23.4734 0.718807 -0.587629 -0.371494
-55.9803 86.2162 22.4874 0.699496 -0.581489 -0.415424
-56.1699 86.5239 21.5762 0.737657 -0.603499 -0.302741
-56.3078 86.7662 20.6872 0.762137 -0.584355 -0.278705
-56.4097 87.0584 19.5989 0.765127 -0.614193 -0.193255
-56.5419 87.4185 18.2183 0.741284 -0.613391 -0.272487
-56.5907 87.609 17.1029 0.677307 -0.728277 -0.104252
-56.58 87.7026 15.927 0.714448 -0.699654 0.00695675
-56.5645 87.7442 14.7771 0.632909 -0.773348 -0.0368781
-56.4827 87.74 13.4797 0.646886 -0.756956 0.0924982
-56.3534 87.6689 12.3972 0.595399 -0.792587 0.131549
-56.2264 87.5873 11.3711 0.598827 -0.789104 0.136826
-57.4017 86.9303 13.4241 0.661053 -0.743858 0.0984121
-57.4783 86.9277 14.5904 0.729309 -0.682721 -0.0447359
-57.4567 86.8229 15.8203 0.743134 -0.661841 -0.0985836
-57.4344 86.7102 16.7522 0.776981 -0.62383 -0.0844799
-57.32 86.4143 18.3142 0.763937 -0.592721 -0.255114
-57.1421 85.9848 19.8917 0.778976 -0.580544 -0.236992
-56.9935 85.6601 21.0473 0.789438 -0.535049 -0.30085
-56.8466 85.4062 21.9156 0.794885 -0.505093 -0.336213
-56.6452 85.1028 22.8476 0.75683 -0.531161 -0.380889
-56.403 84.7164 23.8397 0.777723 -0.493363 -0.389538
-56.169 84.2974 24.8723 0.779467 -0.503357 -0.372912
-55.9392 83.8345 25.904 0.73542 -0.55896 -0.383043
-55.7787 83.453 26.7759 0.734079 -0.562023 -0.381128
-55.5856 83.0591 27.7712 0.736599 -0.57378 -0.358048
-55.3428 82.5523 28.9324 0.699031 -0.570928 -0.430577
-55.1603 82.1458 29.8391 0.659592 -0.613044 -0.434874
-54.9176 81.5881 31.0448 0.62486 -0.651573 -0.430119
-54.6337 80.8852 32.3657 0.555066 -0.65911 -0.507422
-54.4412 80.2205 33.4653 0.50259 -0.708157 -0.495901
-54.2807 79.4976 34.6421 0.465347 -0.709093 -0.529754
-54.1276 78.8668 35.7074 0.3894 -0.775391 -0.497128
-54.0075 78.2133 36.9241 0.329836 -0.835918 -0.43869
-53.9676 77.9211 37.4846 0.306668 -0.854682 -0.418895
-55.0423 78.238 36.0029 0.401447 -0.812214 -0.42326
-55.1345 78.7231 35.0163 0.460828 -0.75304 -0.469647
-55.2428 79.242 34.0979 0.458316 -0.747178 -0.481323
-55.3921 79.8982 32.883 0.587839 -0.679592 -0.438862
-55.5922 80.4674 31.7479 0.585952 -0.675195 -0.448077
-55.8009 80.963 30.643 0.667367 -0.637699 -0.384659
-55.9657 81.345 29.6879 0.692161 -0.619496 -0.370322
-56.1416 81.7042 28.8189 0.721114 -0.589435 -0.364088
-56.3042 82.0836 27.837 0.746641 -0.563562 -0.353448
-56.5306 82.5799 26.5382 0.758396 -0.547797 -0.353206
-56.6906 82.9345 25.6928 0.780157 -0.526869 -0.33729
-56.9365 83.4496 24.4082 0.781486 -0.499737 -0.373553
-57.2099 83.9114 23.2269 0.803583 -0.458447 -0.37958
-57.4653 84.2927 22.1083 0.82601 -0.477397 -0.299664
-57.6495 84.5896 21.1767 0.819416 -0.468827 -0.329786
-57.8287 84.8661 20.3384 0.800593 -0.505537 -0.32169
-57.974 85.208 19.0907 0.774303 -0.583895 -0.24397
-58.0817 85.454 18.2026 0.773842 -0.577094 -0.261018
-58.1878 85.6598 17.282 0.815567 -0.556248 -0.159494
-58.2429 85.8071 16.2196 0.78984 -0.603692 -0.108213
-58.2754 85.9538 15.0403 0.801677 -0.590887 -0.090368
-57.0702 81.2649 27.5389 0.751842 -0.566635 -0.337133
-56.9327 80.9417 28.3867 0.734478 -0.592415 -0.331038
-56.8029 80.6242 29.2726 0.726383 -0.606284 -0.323709
-56.659 80.2433 30.3396 0.696505 -0.644123 -0.316207
-56.5277 79.9177 31.2362 0.669285 -0.657208 -0.346604
-56.2921 79.3237 32.6453 0.583039 -0.708856 -0.396974
-56.1555 78.7689 33.7809 0.554445 -0.723035 -0.412082
-56.1325 78.6431 34.0327 0.533981 -0.74196 -0.405413
-47.2544 78.6431 39.1981 0.0301448 -0.829288 -0.558008
-47.3206 79.4254 38.1727 0.0422617 -0.791164 -0.610142
-47.4043 80.405 37.0427 0.0646174 -0.718078 -0.692956
-47.4741 81.0365 36.366 0.153198 -0.702385 -0.695115
-47.5538 81.8141 35.5389 0.132039 -0.696626 -0.70518
-47.6614 82.6603 34.7498 0.140161 -0.658399 -0.739503
-47.7736 83.3405 34.0588 0.160713 -0.696329 -0.699498
-47.8994 84.0403 33.3353 0.155127 -0.695552 -0.701529
-48.0251 84.7103 32.6617 0.204451 -0.699925 -0.684328
-48.1754 85.3376 31.9023 0.250496 -0.735017 -0.630081
-48.3123 85.9101 31.1664 0.224205 -0.773713 -0.592537
-48.4956 86.5424 30.1955 0.267549 -0.771881 -0.576729
-48.6442 87.0496 29.457 0.215834 -0.802087 -0.55684
-48.7989 87.5914 28.5653 0.236883 -0.820553 -0.520173
-48.9814 88.1852 27.4451 0.270076 -0.851121 -0.45017
-49.113 88.5966 26.6065 0.30993 -0.8456 -0.434631
-49.2526 88.9956 25.6546 0.343786 -0.847947 -0.403482
-49.3769 89.3591 24.6506 0.246067 -0.919329 -0.307059
-49.4749 89.6917 23.6258 0.228016 -0.919498 -0.320207
-49.5707 90.0521 22.5079 0.216227 -0.926758 -0.307191
-49.6612 90.3308 21.1796 0.288199 -0.936116 -0.201566
-49.7307 90.4975 20.2551 0.287624 -0.938954 -0.188779
-49.8052 90.73 18.6035 0.240381 -0.964802 -0.10665
-49.8211 90.8267 17.6931 0.259624 -0.962124 -0.0831456
-49.7966 90.8102 16.219 0.237247 -0.971355 0.0135369
-49.7802 90.8467 14.6813 0.257681 -0.966183 -0.00954083
-49.7509 90.7694 13.2787 0.230241 -0.970109 0.0766598
-49.7234 90.7111 12.3446 0.261052 -0.963282 0.0627646
-49.677 90.5986 10.9202 0.223745 -0.968593 0.108472
-49.6201 90.4461 9.67953 0.277132 -0.955021 0.105509
-49.5601 90.3072 8.37879 0.289642 -0.952011 0.0989009
-49.5072 90.2119 7.23329 0.303039 -0.950412 0.0698923
-49.4581 90.1535 5.75924 0.35909 -0.93325 0.00997275
-49.4549 90.2048 4.47476 0.400319 -0.916357 -0.00594012
-49.4565 90.2171 4.28759 0.434902 -0.895907 -0.090612
-48.424 90.7954 3.11078 0.424074 -0.878653 -0.219385
-48.3855 90.6543 4.34355 0.376042 -0.919533 -0.11424
-48.3691 90.5819 5.27887 0.354384 -0.934802 -0.0235822
-48.3752 90.5603 6.57046 0.338518 -0.940866 0.0133367
-48.4089 90.611 7.93916 0.259671 -0.965145 0.0326634
-48.4407 90.6803 8.8375 0.216846 -0.972126 0.0891582
-48.4711 90.7452 9.7372 0.201517 -0.976609 0.0750109
-48.5081 90.8555 11.0195 0.194562 -0.976016 0.097662
-48.5361 90.9548 12.31 0.173868 -0.982702 0.0637695
-48.5526 91.001 13.3378 0.184872 -0.982087 0.0364431
-48.5683 91.0475 14.6773 0.158595 -0.986489 0.0410832
-48.5726 91.0728 15.9811 0.209081 -0.977873 0.00700091
-48.5712 91.0822 16.9182 0.175917 -0.98398 -0.0289359
-48.5339 90.9735 18.3993 0.157461 -0.983207 -0.0922513
-48.5066 90.8851 19.3138 0.174855 -0.979684 -0.0982131
-48.4638 90.7843 20.2072 0.175311 -0.971718 -0.15821
-48.4218 90.6359 21.1112 0.162375 -0.968866 -0.186905
-48.3546 90.4119 22.2106 0.188783 -0.956427 -0.22273
-48.2777 90.1482 23.1148 0.228982 -0.928809 -0.291344
-48.1827 89.8309 24.2141 0.226118 -0.932104 -0.282937
-48.0948 89.5731 25.1335 0.245106 -0.925607 -0.288401
-47.967 89.1251 26.1474 0.204768 -0.881875 -0.424696
-47.8421 88.6858 27.0997 0.205408 -0.876569 -0.435241
-47.7204 88.2101 28.0713 0.200789 -0.855639 -0.477038
-47.5064 87.4701 29.2923 0.217445 -0.800116 -0.559045
-47.3724 86.9537 30.0872 0.213871 -0.799661 -0.561073
-47.2449 86.4295 30.8829 0.221927 -0.792834 -0.567594
-47.1197 85.8767 31.6081 0.0859173 -0.752523 -0.652938
-47.0078 85.2211 32.3401 0.0544364 -0.710372 -0.701718
-46.8342 84.1792 33.4332 0.104919 -0.701228 -0.705174
-46.7279 83.4548 34.1304 0.00641219 -0.692806 -0.721096
-46.6443 82.6535 34.899 0.0594134 -0.657718 -0.750918
-46.5739 81.9344 35.5529 0.0764981 -0.687125 -0.7225
-46.5204 81.2731 36.2146 0.055632 -0.718848 -0.692937
-46.4569 80.3848 37.152 0.0759291 -0.730202 -0.678999
-46.4111 79.4626 38.1874 0.0647858 -0.767286 -0.638024
-46.3688 78.7935 39.0712 0.0488626 -0.796422 -0.602763
-45.4551 79.1002 38.6069 -0.0484707 -0.789219 -0.612196
-45.4943 80.1486 37.3891 -0.0544655 -0.732768 -0.678295
-45.5351 81.1223 36.3718 -0.051842 -0.717613 -0.69451
-45.585 82.0361 35.4853 -0.076412 -0.675189 -0.733677
-45.6336 82.8098 34.7727 -0.0243814 -0.700121 -0.713608
-45.709 83.8357 33.7937 0.0316043 -0.672234 -0.739663
-45.8258 84.6531 33.007 0.0391145 -0.712999 -0.700073
-45.9055 85.3921 32.2621 0.0586058 -0.70171 -0.710048
-46.0143 86.1594 31.4001 0.0508911 -0.784144 -0.618489
-46.1264 86.7889 30.5855 0.0531635 -0.790321 -0.610382
-46.2361 87.343 29.8524 0.0429806 -0.790598 -0.610825
-46.4034 88.0394 28.8331 0.145308 -0.822813 -0.549422
-46.5381 88.5736 27.7593 0.121718 -0.885357 -0.448696
-46.6895 89.1664 26.6283 0.182246 -0.860767 -0.475254
-46.814 89.6661 25.5636 0.191088 -0.883695 -0.42728
-46.964 90.1575 24.0793 0.146692 -0.947668 -0.283561
-47.0654 90.4509 22.9686 0.132708 -0.95675 -0.258879
-47.154 90.7171 21.8938 0.187033 -0.958516 -0.215094
-47.2173 90.9412 20.6726 0.190546 -0.964971 -0.18034
-47.2531 91.0614 19.7096 0.165346 -0.980228 -0.108695
-47.2831 91.1464 18.4787 0.140526 -0.989653 -0.0289875
-47.2981 91.1842 17.5242 0.0952785 -0.993972 -0.0542439
-47.3237 91.2235 16.1865 0.0928243 -0.995647 -0.00836361
-47.3352 91.2198 15.257 0.114189 -0.993448 -0.00467047
-47.3464 91.2213 14.2958 0.0911253 -0.995691 0.0171999
-47.3384 91.1586 13.0023 0.110004 -0.992643 0.0505866
-47.3372 91.1348 12.0137 0.13657 -0.989634 0.0444169
-47.325 91.0633 11.0333 0.164817 -0.983409 0.0757765
-47.3024 90.9968 9.93926 0.163636 -0.985532 0.0441518
-47.2839 90.9498 8.96248 0.213796 -0.973824 0.0771947
-47.2618 90.9044 7.4892 0.259663 -0.965147 0.0326683
-47.2605 90.9186 6.13912 0.291142 -0.956419 -0.022332
-47.2734 90.9747 5.10111 0.32485 -0.943846 -0.0602259
-47.3105 91.0969 4.08673 0.3346 -0.934603 -0.120663
-47.3528 91.2167 3.15916 0.366701 -0.910814 -0.189598
-47.4292 91.4102 2.20653 0.327053 -0.906223 -0.267949
-46.4452 92.0559 1.25531 0.310788 -0.903658 -0.294641
-46.3259 91.7593 2.42206 0.342913 -0.911053 -0.228893
-46.2354 91.5263 3.57934 0.304977 -0.926599 -0.220006
-46.1894 91.4023 4.58215 0.283895 -0.947909 -0.14447
-46.1504 91.279 5.67184 0.263459 -0.959913 -0.0956839
-46.1295 91.2116 6.61749 0.246781 -0.968823 -0.0219427
-46.1192 91.1778 7.80082 0.231106 -0.972928 -0.000941583
-46.1178 91.1729 8.70095 0.185847 -0.98256 -0.00607502
-46.1196 91.1931 9.6267 0.185631 -0.98214 0.0306914
-46.121 91.2162 10.7049 0.12295 -0.991739 0.0365745
-46.1224 91.261 11.7023 0.107425 -0.993594 0.0350943
-46.1118 91.2933 13.1384 0.0946057 -0.995215 0.0244314
-46.0972 91.3305 14.2678 0.0906381 -0.995349 0.0326247
-46.086 91.3371 15.2589 0.0829585 -0.996526 -0.00732157
-46.0761 91.3434 16.5549 0.0840184 -0.996315 0.0172593
-46.0587 91.3159 17.6693 0.114878 -0.990987 -0.0689029
-46.0242 91.2459 18.9641 0.0794335 -0.995349 -0.0545019
-45.991 91.1774 19.9764 0.0907586 -0.988257 -0.122929
-45.9433 91.0199 21.0852 0.093293 -0.981221 -0.168826
-45.8839 90.8309 21.9968 0.0975563 -0.971979 -0.213866
-45.8147 90.6364 22.9178 0.114013 -0.965012 -0.236119
-45.6985 90.3073 24.2172 0.083821 -0.95143 -0.296234
-45.5922 89.8526 25.5179 0.0277355 -0.935964 -0.351003
-45.5099 89.4685 26.3605 0.0696627 -0.905023 -0.419618
-45.3759 88.9192 27.4157 0.0819304 -0.86818 -0.48944
-45.2509 88.4668 28.2708 0.03098 -0.879049 -0.475724
-45.1482 88.0148 29.0497 0.0112624 -0.797632 -0.603039
-45.0563 87.4626 29.7817 0.026925 -0.791347 -0.610774
-44.9439 86.7888 30.6797 0.0472461 -0.797065 -0.602042
-44.8382 85.9772 31.6494 -0.0241639 -0.727976 -0.685176
-44.7925 85.299 32.2675 -0.0520164 -0.683046 -0.728521
-44.7024 84.3616 33.2659 -0.150202 -0.69115 -0.70693
-44.6076 83.3279 34.136 -0.0916075 -0.687597 -0.72029
-44.5899 82.6419 34.8629 -0.148681 -0.671369 -0.726056
-44.5831 81.8638 35.5312 -0.128655 -0.653987 -0.745486
-44.5622 81.2207 36.1649 -0.162136 -0.706224 -0.689173
-44.5333 80.4019 36.9989 -0.161015 -0.707387 -0.688242
-44.5263 79.9079 37.5049 -0.150441 -0.729638 -0.66708
-43.5779 80.5272 36.646 -0.161463 -0.707647 -0.68787
-43.5959 81.1789 35.9803 -0.142374 -0.684427 -0.715045
-43.5791 82.0429 35.2049 -0.187798 -0.663008 -0.724674
-43.5544 82.6912 34.5655 -0.181279 -0.698101 -0.692671
-43.5998 83.6988 33.6315 -0.166261 -0.651597 -0.740121
-43.6574 84.5885 32.7963 -0.129075 -0.705428 -0.69693
-43.7229 85.2581 32.1608 -0.109924 -0.689835 -0.715573
-43.7513 86.2524 31.2613 -0.11626 -0.711117 -0.693395
-43.7997 86.9367 30.499 -0.0895591 -0.74589 -0.660021
-43.8852 87.7121 29.5166 -0.00994254 -0.822401 -0.568821
-44.0232 88.5576 28.185 -0.0142656 -0.868187 -0.496032
-44.1978 89.2335 26.928 0.0320015 -0.878141 -0.47733
-44.3049 89.6774 26.07 0.0387539 -0.910388 -0.411937
-44.3957 90.0666 25.0636 0.065433 -0.929734 -0.362371
-44.4826 90.4521 24 0.080145 -0.937573 -0.338429
-44.5539 90.7813 22.8694 0.0653833 -0.971962 -0.225867
-44.6531 91.0252 21.5011 0.0385788 -0.991278 -0.126014
-44.7129 91.1655 20.4313 0.0224467 -0.990942 -0.132398
-44.7604 91.3049 19.2789 0.0344616 -0.995656 -0.0864973
-44.8057 91.3631 18.0438 0.0518911 -0.99753 -0.0473439
-44.8375 91.4051 16.741 0.0396707 -0.999141 -0.0119593
-44.854 91.4196 15.6253 0.0476162 -0.998851 -0.00538179
-44.8699 91.4183 14.202 0.0573768 -0.998329 0.00692863
-44.8807 91.413 13.3019 0.0743846 -0.997224 -0.00334025
-44.9067 91.3863 11.7599 0.0971802 -0.995127 0.0166751
-44.9257 91.3792 10.5487 0.118338 -0.992839 0.0163088
-44.9379 91.3723 9.60355 0.154193 -0.988027 -0.00517752
-44.9533 91.3883 8.52561 0.150801 -0.987707 -0.0411649
-44.9682 91.4231 7.55565 0.202587 -0.978893 -0.0269669
-44.9903 91.489 6.43471 0.230034 -0.971083 -0.0638866
-45.0432 91.6451 5.01331 0.228587 -0.965208 -0.126974
-45.1006 91.7979 4.01416 0.262941 -0.951203 -0.16148
-45.1697 91.982 3.09051 0.290383 -0.932585 -0.214388
-45.2936 92.2958 1.78247 0.291123 -0.915815 -0.276639
-45.4544 92.7331 0.253453 0.281425 -0.910181 -0.303924
-45.5501 93.0334 -0.698421 0.225797 -0.909749 -0.348386
-44.5005 93.5578 -1.46498 0.213478 -0.930591 -0.297368
-44.5728 93.8586 -2.5552 0.186099 -0.936325 -0.297763
-44.6287 94.1769 -3.61359 0.150521 -0.950625 -0.271397
-44.67 94.5141 -4.81516 0.0696995 -0.959872 -0.271638
-44.6941 94.8604 -6.05932 0.0696243 -0.961373 -0.266297
-44.7005 95.2202 -7.3925 -0.0146147 -0.970418 -0.240989
-44.6911 95.545 -8.7883 -0.0382197 -0.977334 -0.208227
-44.6753 95.7919 -10.0834 -0.0615721 -0.982334 -0.176719
-44.6601 95.9691 -11.1186 -0.0759573 -0.987934 -0.134972
-44.6476 96.0782 -12.0148 -0.0854015 -0.988901 -0.121579
-44.6301 96.2118 -13.387 -0.118398 -0.990726 -0.0666594
-44.6186 96.2809 -14.4188 -0.119985 -0.992361 -0.0287035
-44.6148 96.2743 -15.4818 -0.136803 -0.990585 -0.00502682
-44.6152 96.2287 -16.4069 -0.134819 -0.988898 0.0624936
-44.6239 96.1213 -17.4621 -0.148236 -0.973448 0.174429
-44.6413 95.9687 -18.2982 -0.166481 -0.954121 0.248873
-45.7266 96.394 -16.7159 -0.166113 -0.982761 0.0811678
-45.7292 96.4378 -15.5378 -0.144338 -0.989403 -0.0157682
-45.744 96.3926 -14.0455 -0.151617 -0.987109 -0.0512736
-45.7583 96.3084 -12.9738 -0.130381 -0.983487 -0.125511
-45.7776 96.1679 -11.8389 -0.120813 -0.982662 -0.140637
-45.8004 95.9653 -10.5381 -0.103029 -0.978658 -0.1778
-45.8164 95.7846 -9.58248 -0.0765406 -0.980157 -0.182849
-45.8172 95.7737 -9.53478 -0.0724018 -0.967057 -0.244048
-42.4158 95.3527 -7.9983 0.00578537 -0.984084 -0.17761
-42.4118 95.5565 -9.18112 -0.0216368 -0.988071 -0.152474
-42.4021 95.7558 -10.6687 -0.0361056 -0.993198 -0.110702
-42.3948 95.8595 -11.6475 -0.0486415 -0.995311 -0.0836034
-42.3822 95.9756 -13.1594 -0.0567155 -0.996146 -0.0669013
-42.3787 96.0039 -14.4756 -0.101796 -0.99457 -0.0216434
-42.3808 95.9885 -15.5071 -0.096637 -0.995204 0.0151691
-42.3859 95.9245 -16.5083 -0.131546 -0.988857 0.0696949
-42.3982 95.7975 -17.55 -0.12601 -0.983654 0.128632
-42.4234 95.5847 -18.5158 -0.146378 -0.959651 0.240091
-42.4644 95.2557 -19.5333 -0.106228 -0.940697 0.322187
-42.5075 94.8325 -20.5987 -0.0825514 -0.913699 0.397918
-42.5514 94.4364 -21.4275 -0.080865 -0.867489 0.490839
-42.5832 93.8745 -22.3014 -0.0666557 -0.820966 0.567073
-42.61 93.061 -23.3925 -0.00733641 -0.770921 0.636889
-42.5956 92.4816 -24.0842 -0.0102063 -0.766682 0.641946
-42.5525 91.8541 -24.8031 0.0536892 -0.716461 0.695558
-42.5205 91.5319 -25.1402 0.0750225 -0.720601 0.689279
-41.4158 92.2858 -24.4089 0.0635833 -0.768806 0.636313
-41.4551 92.917 -23.633 0.0365919 -0.798511 0.600867
-41.4509 93.7955 -22.3489 0.00939178 -0.828445 0.559992
-41.4102 94.4029 -21.2618 -0.030968 -0.901472 0.431728
-41.3724 94.8592 -20.3062 -0.0534666 -0.909103 0.413126
-41.3265 95.3097 -19.0532 -0.0778074 -0.939926 0.332392
-41.3014 95.5447 -18.1344 -0.100733 -0.964482 0.244185
-41.279 95.7166 -17.1801 -0.107555 -0.986751 0.121471
-41.2638 95.8369 -16.1 -0.102659 -0.989862 0.0981508
-41.2573 95.8913 -15.173 -0.0739019 -0.997084 0.0190273
-41.2556 95.903 -14.1516 -0.0729819 -0.997333 0.000466659
-41.2556 95.899 -13.1618 -0.0680091 -0.997218 -0.0304994
-41.2595 95.8475 -12.257 -0.0697381 -0.995829 -0.0588316
-41.2644 95.766 -11.2624 -0.0503081 -0.994642 -0.0903142
-41.2668 95.7278 -10.8403 -0.0488636 -0.994899 -0.0882471
-40.1322 95.8143 -14.9612 -0.0505525 -0.997688 0.0454175
-40.1453 95.7109 -16.2762 -0.075489 -0.992707 0.0939915
-40.1653 95.5792 -17.4652 -0.078635 -0.990619 0.111764
-40.1927 95.3393 -18.6457 -0.0758952 -0.961765 0.263149
-40.2353 94.934 -19.9134 -0.0692517 -0.930585 0.359466
-40.2823 94.3626 -21.2503 -0.031901 -0.925044 0.378517
-40.302 93.8174 -22.2591 0.0323688 -0.872928 0.486775
-40.3095 93.3246 -23.1014 0.044832 -0.838519 0.543024
-40.3081 93.2569 -23.201 0.0680386 -0.824517 0.561731
-43.6141 95.1343 -20.2224 -0.14696 -0.90704 0.394566
-43.5546 95.5862 -19.0716 -0.17317 -0.925709 0.336265
-43.5205 95.8752 -17.9679 -0.125234 -0.973018 0.193787
-43.5028 96.0433 -16.9414 -0.141944 -0.98276 0.118466
-43.4972 96.1211 -15.776 -0.128505 -0.989398 0.0676604
-43.4983 96.1278 -14.8239 -0.13244 -0.991185 0.00342639
-43.5055 96.0935 -13.4936 -0.0918347 -0.994865 -0.0425403
-43.5177 96.0027 -12.1532 -0.0857449 -0.991115 -0.101685
-43.5306 95.8733 -11.0774 -0.070739 -0.990943 -0.114142
-43.5438 95.6851 -9.77417 -0.0372958 -0.984329 -0.172353
-43.5526 95.4986 -8.73635 -0.0125802 -0.981516 -0.190965
-43.5575 95.3134 -7.77504 -0.0103612 -0.97643 -0.215587
-43.5557 95.0805 -6.73923 0.023297 -0.977183 -0.211119
-43.5465 94.8314 -5.73169 0.0493205 -0.971622 -0.231338
-43.529 94.6105 -4.76128 0.070195 -0.971144 -0.22793
-43.5239 94.5594 -4.54216 0.0908553 -0.967537 -0.235832
-44.0874 92.3848 2.74297 0.278021 -0.927549 -0.249716
-44.0096 92.1823 3.63589 0.277576 -0.932266 -0.232019
-43.9213 91.9447 4.90133 0.25129 -0.95033 -0.183646
-43.8714 91.812 5.87518 0.227918 -0.963996 -0.136984
-43.822 91.6695 7.00482 0.197607 -0.974085 -0.11005
-43.7952 91.6082 7.95116 0.175029 -0.982574 -0.0625563
-43.7653 91.5486 8.9849 0.110646 -0.993192 -0.0364153
-43.7406 91.518 9.9286 0.106683 -0.993674 -0.0350725
-43.7108 91.5052 11.1006 0.0940602 -0.995556 -0.00450928
-43.6916 91.4994 12.049 0.0839666 -0.996465 0.00277883
-43.6719 91.5038 13.0307 0.0800954 -0.996777 0.00444237
-43.6579 91.4848 14.3853 0.053967 -0.998381 -0.0179553
-43.6394 91.4764 15.3782 0.0402761 -0.999172 -0.00578108
-43.6119 91.4545 16.3635 0.0213264 -0.999495 -0.0235718
-43.5625 91.4091 17.7867 0.0147402 -0.999053 -0.0409341
-43.5191 91.3575 18.8136 0.00265888 -0.997265 -0.0738551
-43.4644 91.2352 20.1398 0.0316283 -0.992205 -0.120538
-43.3973 91.084 21.4018 0.0338242 -0.991781 -0.123399
-43.3509 90.9362 22.3277 0.000608296 -0.981701 -0.19043
-43.2986 90.7437 23.24 0.023903 -0.961234 -0.274698
-43.223 90.4148 24.2896 -0.0255455 -0.937662 -0.346608
-43.1081 89.9733 25.438 -0.0421348 -0.919561 -0.390681
-42.9519 89.2673 26.833 -0.0390222 -0.887871 -0.458435
-42.8626 88.8417 27.6332 -0.00994006 -0.847867 -0.530116
-42.7453 88.2654 28.5527 -0.0414784 -0.833798 -0.550509
-42.6903 87.6932 29.3119 -0.0576339 -0.786724 -0.614608
-42.6632 87.108 30.0636 -0.166104 -0.761239 -0.626837
-42.6568 86.3084 30.9831 -0.17908 -0.689198 -0.702094
-42.6473 85.5131 31.7268 -0.171407 -0.657637 -0.733576
-42.5958 84.5987 32.5545 -0.205291 -0.673752 -0.709869
-42.5793 83.7579 33.2964 -0.265478 -0.663178 -0.699797
-42.5516 82.8936 34.105 -0.216184 -0.658343 -0.721005
-42.5824 81.6808 35.1859 -0.293076 -0.650232 -0.700932
-41.5691 83.0712 33.5279 -0.30796 -0.630158 -0.712784
-41.5412 84.0549 32.6918 -0.290692 -0.601649 -0.743987
-41.5554 84.9436 31.9483 -0.223073 -0.643858 -0.731905
-41.5586 85.7077 31.259 -0.25845 -0.667765 -0.698064
-41.5296 86.5312 30.4146 -0.228931 -0.673644 -0.702705
-41.5354 87.1661 29.7536 -0.16745 -0.725095 -0.66798
-41.5467 87.7971 29.0714 -0.17791 -0.730923 -0.658862
-41.608 88.4561 28.1413 -0.0579681 -0.816482 -0.574453
-41.6678 88.9795 27.307 -0.0117751 -0.887539 -0.460583
-41.7761 89.5562 26.2023 0.00510343 -0.897557 -0.44087
-41.9002 90.1331 24.9403 -0.0239228 -0.92393 -0.381812
-41.9757 90.4484 24.0968 -0.0111965 -0.939698 -0.341823
-42.0741 90.8513 22.7218 -0.0255423 -0.980604 -0.194326
-42.1292 91.0409 21.7237 -0.0140462 -0.982435 -0.186077
-42.1967 91.2545 20.4011 0.0343837 -0.993971 -0.104114
-42.2494 91.3437 19.3735 0.0290773 -0.996298 -0.0809059
-42.3147 91.4239 17.9663 0.0166756 -0.998737 -0.0473959
-42.3781 91.4826 16.5314 0.0250945 -0.998904 -0.0394984
-42.4124 91.5148 15.5937 0.0282008 -0.998916 -0.0370337
-42.444 91.5421 14.5746 0.0391063 -0.999001 -0.0216446
-42.4689 91.5714 13.5755 0.0503883 -0.998075 -0.0361649
-42.4908 91.5955 12.494 0.0730637 -0.997327 6.74733e-05
-42.5092 91.6045 11.4783 0.0825809 -0.996453 -0.0161988
-42.5483 91.6468 10.0035 0.0998002 -0.993589 -0.0531163
-42.5902 91.723 8.77195 0.137898 -0.985621 -0.0976506
-42.6279 91.8098 7.8425 0.150909 -0.985252 -0.0806519
-42.6757 91.9321 6.90526 0.185168 -0.971948 -0.145017
-42.7258 92.0692 5.99375 0.212682 -0.959201 -0.186278
-42.777 92.2065 5.1955 0.217374 -0.959538 -0.178982
-41.5135 92.1689 6.80239 0.196648 -0.965737 -0.169358
-41.4538 91.9893 7.82103 0.151897 -0.970252 -0.188517
-41.3997 91.8411 9.02926 0.122699 -0.989766 -0.0728517
-41.3546 91.7581 10.3859 0.117566 -0.99145 -0.0566204
-41.3176 91.6921 11.7304 0.0770212 -0.996815 -0.0206613
-41.2887 91.6549 12.8943 0.0587158 -0.99781 -0.0304502
-41.2591 91.6184 13.884 0.0446729 -0.998258 -0.0385325
-41.2267 91.5806 14.8149 0.0352531 -0.99841 -0.0439952
-41.1862 91.5414 15.8642 0.0248019 -0.998408 -0.0506618
-41.1316 91.4794 17.0822 0.00709611 -0.998964 -0.0449439
-41.082 91.4254 18.0789 -0.00502474 -0.998736 -0.0500154
-41.0231 91.3606 19.2214 -0.0122115 -0.998053 -0.0611586
-40.9692 91.2629 20.1955 -0.0539525 -0.987289 -0.149496
-40.9035 91.0561 21.421 -0.0379442 -0.984393 -0.171846
-40.8215 90.7838 22.8483 -0.023159 -0.977933 -0.207632
-40.7434 90.4308 23.9958 -0.0711901 -0.922463 -0.379466
-40.6489 89.9397 25.2197 -0.0854289 -0.931008 -0.35486
-40.5765 89.5507 26.1226 -0.0793587 -0.886249 -0.456361
-40.4883 88.9735 27.1654 -0.112649 -0.851966 -0.511336
-40.4425 88.1861 28.2723 -0.16532 -0.759013 -0.629737
-40.4271 87.4905 29.0945 -0.188331 -0.736588 -0.649592
-40.422 86.8855 29.779 -0.177908 -0.730923 -0.658862
-40.503 85.6882 30.8892 -0.252855 -0.633734 -0.731058
-40.4971 84.616 31.8158 -0.294369 -0.626673 -0.721546
-40.4957 84.2902 32.09 -0.29333 -0.602691 -0.742106
-39.4866 85.2994 30.8423 -0.270653 -0.619132 -0.737172
-39.414 86.1493 30.1123 -0.257064 -0.614489 -0.745869
-39.304 87.0087 29.3634 -0.232968 -0.624236 -0.745691
-39.2937 87.7933 28.4588 -0.156544 -0.749484 -0.643248
-39.3108 88.397 27.7321 -0.193544 -0.785042 -0.58843
-39.342 88.9035 26.9522 -0.206125 -0.84427 -0.494693
-39.3851 89.4829 26.0066 -0.151303 -0.871803 -0.465904
-39.4796 89.9743 24.8245 -0.09224 -0.924594 -0.369617
-39.5553 90.4958 23.6066 -0.0832742 -0.919577 -0.383983
-39.6172 90.7749 22.5967 -0.0611237 -0.967316 -0.246098
-39.666 90.9823 21.6925 -0.0371273 -0.982092 -0.184706
-39.7221 91.151 20.5561 -0.0251744 -0.991712 -0.125989
-39.7923 91.3266 19.2847 -0.0541025 -0.991133 -0.12136
-39.8735 91.4347 17.8577 -0.00821148 -0.997679 -0.0676015
-39.9457 91.5188 16.4711 0.00261902 -0.997918 -0.0644469
-39.9918 91.5859 15.4132 0.00498739 -0.997765 -0.06664
-40.0295 91.6414 14.4209 0.0202417 -0.998557 -0.0497467
-40.0693 91.6957 13.2907 0.0319503 -0.998513 -0.0441689
-40.1075 91.7621 12.2746 0.0821951 -0.99319 -0.0825704
-40.1364 91.8093 11.3583 0.106609 -0.99202 -0.0673115
-40.1765 91.8896 10.3113 0.121818 -0.987782 -0.097201
-40.216 91.9907 9.39134 0.137331 -0.983955 -0.113897
-40.2546 92.0955 8.43458 0.192724 -0.966981 -0.166747
-40.3083 92.2568 7.48831 0.188575 -0.958086 -0.215664
-39.1414 92.4513 7.91263 0.250471 -0.943439 -0.217225
-39.0794 92.254 8.9094 0.202501 -0.959493 -0.195872
-38.9875 92.0378 10.4634 0.137244 -0.983929 -0.114227
-38.9349 91.921 11.4497 0.0696093 -0.988912 -0.131174
-38.8743 91.7594 12.9256 0.0513261 -0.992857 -0.107707
-38.843 91.6977 13.8675 0.024924 -0.998137 -0.0556876
-38.8028 91.6228 14.9762 0.000519749 -0.997558 -0.0698373
-38.7558 91.5402 16.0723 -0.0146725 -0.997078 -0.0749675
-38.7006 91.4691 17.1319 -0.0355807 -0.995252 -0.0905987
-38.6286 91.3442 18.3987 -0.0690809 -0.994329 -0.0808506
-38.573 91.2091 19.4457 -0.100895 -0.987366 -0.122182
-38.5194 91.0734 20.4496 -0.104431 -0.985928 -0.130534
-38.4595 90.8998 21.5739 -0.113047 -0.98008 -0.16329
-38.4198 90.6732 22.5375 -0.16599 -0.945378 -0.280547
-38.3608 90.2125 23.8517 -0.135439 -0.927968 -0.347178
-38.2792 89.7841 24.9347 -0.119696 -0.911281 -0.394005
-38.2284 89.1163 26.199 -0.171325 -0.823913 -0.540199
-38.1995 88.3629 27.3246 -0.190655 -0.81664 -0.544747
-38.1793 87.6652 28.2558 -0.246908 -0.702105 -0.667896
-38.2326 87.0081 28.9209 -0.258063 -0.684343 -0.681967
-38.3689 86.0398 29.84 -0.282844 -0.618352 -0.733239
-38.3752 85.9802 29.8908 -0.284103 -0.601625 -0.746547
-37.1552 87.1385 28.4182 -0.279173 -0.658922 -0.698487
-37.0931 88.1003 27.3263 -0.29948 -0.727284 -0.617551
-37.1099 88.6209 26.5392 -0.197177 -0.821106 -0.535636
-37.1081 89.3185 25.4036 -0.229578 -0.853005 -0.468696
-37.1264 89.8232 24.4942 -0.175093 -0.884472 -0.432496
-37.2132 90.2717 23.1696 -0.168279 -0.937834 -0.30356
-37.2562 90.6256 21.9408 -0.130653 -0.959763 -0.248567
-37.3149 90.9205 20.5573 -0.131245 -0.979819 -0.150761
-37.3741 91.1233 19.2594 -0.0883682 -0.984708 -0.150139
-37.4247 91.2481 18.3331 -0.079468 -0.988569 -0.128125
-37.494 91.3965 17.1503 -0.0741892 -0.990592 -0.114994
-37.5615 91.5367 15.927 -0.0229021 -0.996265 -0.083253
-37.6112 91.6358 14.8264 -0.00921996 -0.995638 -0.0928451
-37.646 91.7216 13.8188 0.0115854 -0.993767 -0.110874
-37.6907 91.8555 12.5939 0.0605927 -0.988841 -0.136098
-37.7451 92.0246 11.4758 0.0906032 -0.981401 -0.169243
-37.8095 92.2153 10.4464 0.119441 -0.981398 -0.150306
-37.8952 92.4134 9.2864 0.187539 -0.96089 -0.203761
-37.9724 92.6376 8.20447 0.234097 -0.9361 -0.262516
-36.8238 92.8932 8.35807 0.239829 -0.929725 -0.279453
-36.7026 92.5558 9.74926 0.182373 -0.957084 -0.225235
-36.6168 92.2903 10.8369 0.15137 -0.964014 -0.21855
-36.5622 92.1115 11.7699 0.13174 -0.971435 -0.197377
-36.5148 91.9312 12.6915 0.0520362 -0.984382 -0.168182
-36.4641 91.7521 13.799 0.0132589 -0.990265 -0.138565
-36.4115 91.6114 14.9705 0.0100646 -0.994491 -0.104338
-36.3414 91.4396 16.2468 -0.0466217 -0.989695 -0.135386
-36.2844 91.3001 17.2472 -0.0804084 -0.983901 -0.159605
-36.2145 91.1048 18.5156 -0.144722 -0.980139 -0.135586
-36.1627 90.8706 19.8488 -0.156401 -0.972529 -0.172411
-36.1178 90.634 21.1093 -0.178146 -0.970034 -0.165219
-36.0835 90.4018 22.0122 -0.194264 -0.942004 -0.273662
-36.0403 90.1189 22.8967 -0.207947 -0.921001 -0.329416
-36.0026 89.7962 23.7915 -0.232241 -0.915023 -0.329844
-35.9738 89.4176 24.7669 -0.214449 -0.884488 -0.414357
-36.0025 88.8142 25.7454 -0.2583 -0.803836 -0.535845
-36.0457 88.0734 26.8065 -0.301892 -0.765769 -0.567856
-36.0799 87.6957 27.2951 -0.313972 -0.740306 -0.594448
-34.9504 88.3536 25.9191 -0.241075 -0.783995 -0.572044
-34.8768 88.9093 24.9822 -0.331064 -0.820763 -0.465557
-34.8568 89.3109 24.152 -0.316821 -0.87042 -0.376821
-34.8796 89.6579 23.2799 -0.278877 -0.891091 -0.358029
-34.9089 90.0287 22.3784 -0.286443 -0.906929 -0.30892
-34.956 90.3091 21.3296 -0.261659 -0.937015 -0.23138
-34.9846 90.5243 20.4517 -0.219147 -0.96008 -0.173842
-35.0138 90.7416 19.3801 -0.21245 -0.955779 -0.203351
-35.0574 91.0035 18.1637 -0.160382 -0.971695 -0.173453
-35.1199 91.2448 16.8175 -0.11405 -0.976372 -0.183551
-35.1564 91.4355 15.8704 -0.0737891 -0.982339 -0.171946
-35.2074 91.5689 14.981 -0.0532615 -0.987977 -0.145138
-35.2703 91.7883 13.8044 0.0102265 -0.984584 -0.174616
-35.3194 91.9479 12.9014 0.0464821 -0.973472 -0.224034
-35.3997 92.2609 11.6408 0.110947 -0.965172 -0.236924
-35.4775 92.5181 10.6421 0.12 -0.957603 -0.261911
-35.5512 92.7465 9.73842 0.180448 -0.924155 -0.336712
-35.6819 93.1507 8.44057 0.236677 -0.92336 -0.302308
-35.6851 93.1598 8.41241 0.255115 -0.911635 -0.322238
-34.6142 93.5793 8.04171 0.247705 -0.904223 -0.347884
-34.5134 93.2849 8.91809 0.226273 -0.91363 -0.337759
-34.3474 92.8014 10.3089 0.223024 -0.911673 -0.345128
-34.2243 92.418 11.6345 0.171537 -0.937649 -0.302308
-34.1453 92.1046 12.6851 0.0408482 -0.961413 -0.272059
-34.0814 91.8522 13.5865 0.0395914 -0.960696 -0.274763
-34.0331 91.6303 14.5328 0.0013425 -0.976094 -0.217343
-33.9826 91.37 15.6608 -0.0724024 -0.977245 -0.199376
-33.9526 91.1441 16.6759 -0.108826 -0.969167 -0.221071
-33.924 90.9282 17.6159 -0.133815 -0.958349 -0.25231
-33.8918 90.6879 18.5114 -0.168751 -0.960446 -0.221508
-33.8641 90.4795 19.4086 -0.238491 -0.942833 -0.232782
-33.8297 90.1597 20.6734 -0.238907 -0.943195 -0.230882
-33.8135 89.9062 21.5876 -0.293374 -0.920257 -0.258956
-33.7697 89.4759 22.8609 -0.31167 -0.872979 -0.375194
-33.7679 89.3879 23.0503 -0.341614 -0.853701 -0.393057
-32.7461 90.4722 18.5042 -0.198798 -0.937315 -0.286218
-32.7665 90.7251 17.6351 -0.154926 -0.940961 -0.300981
-32.7966 91.1036 16.3307 -0.126297 -0.961939 -0.242328
-32.8236 91.4081 15.2941 -0.0507213 -0.961498 -0.270092
-33.1775 92.9735 10.6126 0.222976 -0.895161 -0.385964
-33.3092 93.339 9.59158 0.242253 -0.906745 -0.345148
-33.4556 93.7321 8.53704 0.28076 -0.890492 -0.358046
-33.5654 94.0358 7.69563 0.274889 -0.891505 -0.360077
-33.5921 94.1109 7.48329 0.283668 -0.897539 -0.337573
-32.5974 94.7014 6.83047 0.315838 -0.883335 -0.346361
-32.4576 94.3132 7.91535 0.297124 -0.879188 -0.372485
-32.423 94.2194 8.16436 0.312973 -0.875903 -0.367208
-31.4862 94.9564 7.24506 0.339324 -0.878818 -0.335467
-31.6122 95.3121 6.17546 0.329591 -0.888921 -0.318104
-30.5392 95.6814 6.24866 0.331776 -0.885826 -0.324402
-30.6256 95.9309 5.43527 0.318756 -0.8995 -0.298823
-29.4974 96.1455 5.99672 0.319257 -0.897558 -0.30408
-29.5871 96.4048 5.12376 0.32204 -0.898788 -0.297439
-29.6658 96.6395 4.29314 0.307976 -0.906323 -0.289361
-28.4988 96.7355 5.27709 0.317949 -0.905173 -0.282082
-28.5855 96.9928 4.35288 0.314871 -0.907894 -0.276739
-28.6774 97.2763 3.31495 0.308252 -0.90975 -0.278093
-27.6373 97.7664 2.77574 0.286366 -0.924382 -0.252018
-27.5245 97.405 4.18348 0.305039 -0.912467 -0.272681
-27.4352 97.1354 5.19384 0.313313 -0.90912 -0.274473
-26.4193 97.6761 4.51912 0.313643 -0.915359 -0.252479
-26.5337 98.0455 3.00917 0.295548 -0.924623 -0.240258
-26.63 98.3796 1.63123 0.273221 -0.932377 -0.236693
-26.6433 98.4288 1.4138 0.265336 -0.936002 -0.231295
-25.5893 98.9032 0.705205 0.265374 -0.937408 -0.225484
-25.528 98.6662 1.75623 0.272015 -0.936545 -0.221112
-25.46 98.4216 2.84994 0.283307 -0.930942 -0.230401
-25.3902 98.1844 3.87499 0.302253 -0.921291 -0.244676
-24.3371 98.6208 3.45233 0.291589 -0.929693 -0.22505
-24.3978 98.8304 2.50394 0.276382 -0.939097 -0.204228
-24.4489 99.0328 1.53102 0.253374 -0.943874 -0.211902
-24.4946 99.2228 0.643404 0.254616 -0.941505 -0.220771
-24.5466 99.4523 -0.38842 0.253075 -0.941854 -0.221051
-23.4819 99.9188 -1.25477 0.207631 -0.951879 -0.225423
-23.4385 99.7083 -0.271345 0.214949 -0.955102 -0.203906
-23.3963 99.5136 0.666801 0.223671 -0.951357 -0.211874
-23.3511 99.3174 1.57589 0.2628 -0.943874 -0.200095
-23.2925 99.0914 2.78278 0.255439 -0.946405 -0.197655
-22.233 99.5236 2.00369 0.238285 -0.954999 -0.176627
-22.2856 99.744 0.831106 0.23709 -0.950562 -0.200551
-22.3274 99.9402 -0.142481 0.193675 -0.963515 -0.184741
-22.3562 100.093 -1.032 0.164655 -0.969078 -0.183785
-22.3777 100.221 -1.68309 0.164294 -0.966847 -0.195484
-21.2724 100.567 -2.62789 0.139226 -0.972996 -0.184105
-21.2386 100.307 -1.1506 0.153136 -0.970669 -0.185339
-21.1988 100.09 0.152962 0.175752 -0.970885 -0.162767
-21.1677 99.9385 1.03239 0.179648 -0.967357 -0.178737
-20.0998 100.375 -0.556213 0.135814 -0.980619 -0.141214
-20.1208 100.513 -1.62378 0.115355 -0.981324 -0.153938
-20.1404 100.701 -2.72622 0.0888564 -0.982896 -0.161309
-20.1539 100.885 -3.74164 0.0580065 -0.98261 -0.176387
-19.017 101.086 -4.59975 0.00964566 -0.986229 -0.165105
-19.0149 100.945 -3.69489 0.0360273 -0.986254 -0.161259
-19.0016 100.723 -2.39038 0.0694173 -0.987575 -0.140987
-18.9901 100.613 -1.50666 0.0823397 -0.98894 -0.123357
-17.8691 100.778 -2.33415 0.0280892 -0.992452 -0.119377
-17.877 100.943 -3.5655 0.0339421 -0.990134 -0.135954
-17.8761 101.126 -4.80583 -0.0316182 -0.989073 -0.143993
-17.8724 101.215 -5.41791 -0.0312411 -0.987849 -0.152244
-16.7277 101.251 -6.02892 -0.0981442 -0.986765 -0.129084
-16.7395 101.08 -4.77333 -0.0402076 -0.987785 -0.150548
-16.7425 100.957 -3.81394 -0.0415841 -0.995306 -0.0873925
-16.742 100.899 -3.12866 -0.0332222 -0.993772 -0.106369
-15.6112 100.898 -3.83081 -0.0738 -0.994602 -0.072939
-15.6101 100.973 -4.7316 -0.0721911 -0.993438 -0.0887106
-15.5986 101.112 -5.8615 -0.104306 -0.985457 -0.134144
-15.5866 101.214 -6.76905 -0.222695 -0.968898 -0.107908
-14.4663 101.017 -7.31276 -0.222695 -0.968898 -0.107908
-14.476 100.956 -6.26109 -0.166664 -0.982068 -0.0881201
-14.4827 100.859 -4.68697 -0.146338 -0.988178 -0.0457106
-13.3627 100.685 -4.91733 -0.216863 -0.975768 -0.0291207
-13.376 100.673 -6.05587 -0.266592 -0.963672 0.0162855
-13.3793 100.687 -7.02415 -0.283535 -0.955556 -0.0807529
-13.3629 100.756 -7.704 -0.273872 -0.956269 -0.102682
-12.3057 100.348 -7.39627 -0.345689 -0.93594 -0.0671976
-12.2994 100.335 -6.46744 -0.337943 -0.938827 0.0663264
-12.2697 100.389 -5.5427 -0.298178 -0.953488 0.0441577
-12.2733 100.359 -4.83176 -0.316108 -0.947035 -0.0565664
-11.2155 99.957 -5.16591 -0.383841 -0.923318 -0.012229
-11.2344 99.9452 -6.28726 -0.427756 -0.903234 0.0345438
-11.2577 99.9238 -7.19084 -0.499316 -0.866185 0.0202005
-11.2661 99.9194 -7.58664 -0.499316 -0.866185 0.0202003
-10.2636 99.3786 -7.22547 -0.492612 -0.86769 0.0666929
-10.2172 99.4338 -5.91128 -0.432528 -0.898488 0.0750933
-10.1726 99.5053 -5.05823 -0.401835 -0.912216 0.0799424
-9.11241 99.0837 -4.74772 -0.379061 -0.918228 0.114759
-9.18228 98.9626 -5.74468 -0.457144 -0.879558 0.131899
-9.23455 98.8811 -6.46997 -0.457159 -0.879598 0.131583
-8.18658 98.4281 -5.99662 -0.462342 -0.865266 0.19379
-8.1019 98.5699 -5.12112 -0.409945 -0.900191 0.146971
-8.08878 98.5921 -4.92462 -0.364521 -0.917489 0.159182
