-23.406 7.96256 18.0589 0.114082 -0.993376 0.0135818
-23.6823 7.94802 18.9481 0.102236 -0.99449 0.0229628
-24.0262 7.93108 19.8378 0.100905 -0.994694 0.0200641
-24.4241 7.92505 20.8263 0.0907517 -0.995466 0.0280721
-24.7121 7.91588 21.7048 0.073259 -0.997144 0.0183438
-24.9512 7.91691 22.7612 0.0809238 -0.996372 0.024174
-25.1684 7.94151 24.0467 0.0861491 -0.995634 0.0359456
-25.2047 7.97861 25.1317 0.0722983 -0.99631 0.0462457
-24.9554 8.04754 26.2551 0.0699046 -0.996882 0.0359839
-24.0326 8.15314 27.6064 0.0732541 -0.996846 0.0304382
-22.9763 8.24723 28.1827 0.0747436 -0.996924 0.0235711
-22.0763 8.32399 28.5604 0.0735083 -0.997065 0.0211953
-20.6223 8.43793 28.9137 0.0754175 -0.996991 0.0179164
-19.5677 8.51696 28.9422 0.0766013 -0.997008 0.0103929
-18.6577 8.58631 28.87 0.0759209 -0.997062 0.0101589
-17.5965 8.66401 28.6571 0.0753581 -0.997109 0.00969222
-16.4798 8.74541 28.428 0.0738556 -0.997223 0.00961684
-15.1786 8.83009 28.1984 0.0617051 -0.998071 0.0067963
-14.1267 8.89466 28.0634 0.0596814 -0.998212 0.00335703
-13.1913 8.95052 28.0218 0.0597689 -0.998206 0.00343007
-12.1812 9.00145 28.1621 0.0465015 -0.998908 0.00358411
-10.9319 9.05343 28.5551 0.0386882 -0.99925 0.00182476
-9.67178 9.09853 29.1837 0.0324048 -0.999475 -0.000553241
-8.80142 9.12521 29.7279 0.0251898 -0.999648 -0.00764706
-7.99446 9.13867 30.2923 0.0242587 -0.999647 -0.0108443
-7.22339 9.14919 30.8762 0.0214263 -0.999701 -0.0117729
-6.12675 9.16387 31.5285 0.0171453 -0.999755 -0.0137762
-5.18833 9.17297 31.9014 0.0147572 -0.999766 -0.0157865
-4.0415 9.17837 32.4096 0.0117636 -0.999757 -0.0186577
-2.91515 9.17132 33.0825 0.00390859 -0.999696 -0.0243604
-2.07979 9.16126 33.5625 0.00111256 -0.999675 -0.0254666
-1.07295 9.1459 34.1594 -0.00277973 -0.999617 -0.0274608
-0.0200232 9.12007 34.8494 -0.00806326 -0.999478 -0.0312755
0.81608 9.08985 35.4872 -0.0128571 -0.999002 -0.0427792
1.64695 9.0542 36.0678 -0.0144956 -0.998941 -0.0436215
2.73975 9.0021 36.7668 -0.0197691 -0.998108 -0.0580827
3.91572 8.94609 37.2375 -0.0230213 -0.997968 -0.0594143
5.13893 8.89287 37.602 -0.0262919 -0.996329 -0.081472
6.12995 8.8413 37.8836 -0.0389089 -0.995923 -0.0809063
7.35662 8.76795 38.1291 -0.034171 -0.995566 -0.0875939
8.40587 8.71979 38.3015 -0.0283836 -0.995677 -0.088365
9.62932 8.66246 38.4839 -0.0325575 -0.994895 -0.0955044
10.7877 8.59972 38.6423 -0.0411156 -0.992908 -0.111553
11.9155 8.54893 38.7043 -0.0405894 -0.992478 -0.115417
12.9989 8.50468 38.7451 -0.0352645 -0.992563 -0.116515
14.0172 8.46213 38.803 -0.0346466 -0.992587 -0.116489
15.2662 8.41633 38.8182 -0.0312534 -0.991454 -0.126583
16.2803 8.39186 38.7437 -0.0286061 -0.991915 -0.123555
17.9034 8.39823 38.3765 -0.0218265 -0.991833 -0.125636
18.914 8.42344 38.0248 -0.0195828 -0.992318 -0.122069
19.9972 8.46174 37.5412 -0.0107329 -0.993542 -0.112957
21.0901 8.52166 36.8958 -0.0109037 -0.99388 -0.109897
22.2102 8.58391 36.2035 -0.0122966 -0.994608 -0.10297
23.2243 8.65463 35.4389 -0.00730144 -0.995262 -0.0969582
24.322 8.72034 34.6458 -0.00817098 -0.99628 -0.0857912
25.1147 8.75449 34.1828 -0.0025785 -0.996706 -0.0808433
25.9991 8.78644 33.7013 -0.00511529 -0.997128 -0.0755606
26.8161 8.81884 33.2565 0.00158756 -0.997546 -0.0696962
27.7485 8.85078 32.729 -0.00139954 -0.998112 -0.0613088
28.6913 8.88455 32.0654 -0.00334214 -0.998655 -0.0517352
29.6548 8.91513 31.2131 -0.0143601 -0.999102 -0.0398576
30.5507 8.92608 30.4056 -0.0241073 -0.999325 -0.0277216
31.352 8.92154 29.8676 -0.0356202 -0.998732 -0.0355633
32.3722 8.90304 29.362 -0.0408548 -0.998599 -0.0331385
33.4164 8.88024 28.7582 -0.049785 -0.997795 -0.0430739
34.2749 8.85553 28.1411 -0.0577011 -0.997477 -0.0413376
35.2531 8.82363 27.374 -0.0705975 -0.99653 -0.0434639
36.0365 8.79905 26.7382 -0.0742229 -0.995655 -0.0562409
36.7224 8.79061 26.0342 -0.0738316 -0.994825 -0.0698071
37.6581 8.78534 25.0852 -0.0785579 -0.994394 -0.0707815
38.5246 8.77 24.3251 -0.0831104 -0.993735 -0.0747205
39.6106 8.73872 23.6051 -0.0784722 -0.993678 -0.0802889
40.9471 8.66057 23.0422 -0.0969405 -0.99057 -0.0968159
41.9371 8.58788 22.8008 -0.0948642 -0.989536 -0.108654
43.5526 8.42373 22.6159 -0.120867 -0.985403 -0.119678
44.6449 8.28206 22.6644 -0.120944 -0.984367 -0.128043
46.1341 8.07999 22.7423 -0.135891 -0.981631 -0.133614
47.2023 7.95597 22.4681 -0.153014 -0.978054 -0.141361
48.137 7.8946 21.906 -0.150246 -0.97803 -0.14451
49.226 7.86334 20.9891 -0.14962 -0.978211 -0.143931
50.0666 7.83998 20.188 -0.164877 -0.977564 -0.131092
51.0001 7.80587 19.187 -0.180413 -0.976386 -0.118833
51.8767 7.74951 18.2029 -0.202273 -0.973884 -0.10313
52.6514 7.70616 17.0208 -0.203326 -0.974804 -0.0917401
53.0386 7.70112 16.1478 -0.220973 -0.973275 -0.0606539
53.3753 7.66795 15.2784 -0.234066 -0.970742 -0.0536006
53.6989 7.63858 14.3478 -0.24875 -0.967639 -0.0423958
53.9092 7.62741 13.0714 -0.234841 -0.971647 -0.023738
53.8795 7.65161 11.816 -0.235583 -0.971736 0.0151043
53.7752 7.6606 10.8473 -0.234806 -0.971906 0.0162645
53.6542 7.67496 9.95139 -0.219823 -0.974652 0.0416216
53.5314 7.66383 9.04236 -0.22837 -0.971881 0.0550727
53.3277 7.64567 8.16072 -0.224873 -0.971428 0.0758908
52.9471 7.64288 7.13977 -0.222364 -0.969722 0.100797
52.5585 7.64215 6.30159 -0.22513 -0.968398 0.107325
51.8261 7.64586 5.02824 -0.197164 -0.972773 0.121814
50.759 7.70125 3.84119 -0.195683 -0.97191 0.130764
50.1171 7.73232 3.17395 -0.180854 -0.972953 0.143716
49.1329 7.76759 2.16519 -0.181712 -0.973056 0.141927
48.2124 7.82384 1.41747 -0.168399 -0.976774 0.132496
47.0562 7.95055 0.945602 -0.15795 -0.976859 0.144216
45.9361 8.10819 0.702334 -0.171235 -0.977338 0.124156
44.7991 8.2741 0.509369 -0.160846 -0.979255 0.123195
43.6066 8.44384 0.404154 -0.147615 -0.982103 0.116979
42.4 8.58046 0.320841 -0.108895 -0.987211 0.115637
41.1681 8.69797 0.145757 -0.110507 -0.989712 0.0908765
39.9059 8.78312 -0.178805 -0.0899892 -0.991926 0.0891355
38.5989 8.83265 -0.822585 -0.0781147 -0.993275 0.0854531
37.812 8.841 -1.35446 -0.0661097 -0.994229 0.0844843
37.1007 8.83735 -1.95249 -0.0659712 -0.994227 0.0846215
36.2482 8.80831 -2.87047 -0.0524606 -0.994875 0.0864406
35.5718 8.7705 -3.76274 -0.0596327 -0.99488 0.0815963
35.0864 8.71889 -4.64654 -0.0597391 -0.994128 0.0901912
34.5197 8.64163 -5.84688 -0.0684353 -0.992767 0.0986451
33.9869 8.56471 -7.01103 -0.0731264 -0.991825 0.104269
33.5806 8.51125 -7.9242 -0.0842691 -0.991945 0.094577
32.9796 8.44828 -9.24279 -0.0881043 -0.992379 0.0861447
32.4456 8.41584 -10.254 -0.0957461 -0.992002 0.082248
31.956 8.40136 -11.0429 -0.0980104 -0.992129 0.0779294
31.249 8.41169 -11.8767 -0.101068 -0.992464 0.0692916
30.4999 8.44536 -12.4669 -0.0987923 -0.992818 0.0674036
29.351 8.50872 -13.2419 -0.0937787 -0.993456 0.0650696
28.601 8.54216 -13.7667 -0.090872 -0.99388 0.0627683
27.4518 8.59752 -14.54 -0.0856659 -0.994479 0.0606053
26.3399 8.64698 -15.1631 -0.0731933 -0.995337 0.0628287
25.2478 8.69938 -15.6438 -0.0731006 -0.995796 0.055188
24.4031 8.73701 -16.0403 -0.0655474 -0.996184 0.057634
23.4566 8.77234 -16.5472 -0.0675716 -0.996276 0.0535598
22.2745 8.81567 -17.079 -0.0487746 -0.997317 0.0545112
21.3303 8.84481 -17.3632 -0.0449096 -0.997523 0.0541
20.0044 8.87713 -17.7164 -0.0331751 -0.997862 0.0563118
19.1073 8.89365 -17.8856 -0.0250914 -0.997824 0.0609767
18.0934 8.90893 -18.0502 -0.0244288 -0.99783 0.0611448
17.1839 8.92209 -18.2001 -0.0287866 -0.997507 0.0644274
16.1342 8.93444 -18.4553 -0.0235446 -0.997232 0.0703488
15.1662 8.93776 -18.6607 -0.0162507 -0.997547 0.067967
14.2349 8.92948 -18.9546 -0.0131437 -0.996713 0.0799403
13.2814 8.92097 -19.2363 -0.0165358 -0.996873 0.0772533
12.1789 8.92804 -19.3705 -0.0157908 -0.996966 0.0762211
11.1295 8.93687 -19.4724 -0.0138612 -0.996418 0.0831123
9.8977 8.93863 -19.6082 -0.0103967 -0.99656 0.082214
8.718 8.94625 -19.7207 -0.010903 -0.996978 0.0766476
7.71687 8.94869 -19.78 -0.00515385 -0.997149 0.0752865
6.67916 8.94912 -19.858 -0.00750721 -0.997136 0.0752571
5.69775 8.94926 -19.9541 -0.00822362 -0.997199 0.0743279
4.36052 8.94868 -20.1079 -0.00772247 -0.997343 0.072437
3.19412 8.96733 -19.9926 -0.00798812 -0.997585 0.0688494
2.04043 8.98878 -19.7907 -0.0122614 -0.997954 0.0625664
1.13984 9.01278 -19.6347 -0.0162331 -0.998076 0.0598472
-0.148058 9.0511 -19.3029 -0.014632 -0.998393 0.0546662
-1.4498 9.09101 -18.7928 -0.00839873 -0.999172 0.0396952
-2.69405 9.12581 -18.1068 -0.00779062 -0.999274 0.0372803
-3.76938 9.15676 -17.2555 -0.00216065 -0.999508 0.0312346
-4.45819 9.17043 -16.6636 0.00267533 -0.999672 0.0254521
-5.25841 9.18759 -15.7207 0.00730327 -0.999789 0.0192188
-5.86339 9.20309 -14.5814 0.0114834 -0.999796 0.0166034
-6.28694 9.21401 -13.5916 0.0116901 -0.999816 0.0151906
-6.69233 9.22253 -12.446 0.0149155 -0.999823 0.0114748
-7.03054 9.22669 -11.3211 0.0169206 -0.999826 0.00788677
-7.34902 9.22713 -10.3014 0.0187629 -0.999809 0.00552233
-7.75172 9.22773 -9.15287 0.021082 -0.999754 0.00691856
-8.07189 9.22582 -8.25113 0.0230718 -0.999723 0.00474311
-8.47596 9.2199 -7.29804 0.025533 -0.99967 0.00289626
-8.96605 9.21136 -6.31813 0.0289439 -0.99957 0.00264279
-9.61719 9.1908 -5.38074 0.0323705 -0.999465 0.0034717
-10.2801 9.1696 -4.66007 0.0377242 -0.999284 0.00280035
-11.3151 9.13032 -3.94139 0.0412976 -0.999144 -0.00217943
-12.2932 9.08829 -3.50389 0.0434702 -0.999052 -0.00163059
-13.3752 9.03907 -3.26949 0.0473574 -0.998865 -0.00392747
-14.7497 8.96195 -3.13262 0.0584541 -0.998276 -0.00482066
-15.8181 8.89 -3.09873 0.0697092 -0.997564 -0.00152872
-17.1336 8.79717 -3.13098 0.0695616 -0.99757 -0.00395403
-18.5113 8.6884 -3.19409 0.0831597 -0.996521 -0.00527828
-19.773 8.58018 -3.07048 0.0844365 -0.996409 -0.0063103
-21.1165 8.44867 -2.9601 0.0976767 -0.995183 -0.00838352
-22.1252 8.3468 -2.67132 0.101636 -0.99477 -0.00944945
-23.2927 8.21907 -2.25834 0.104265 -0.994509 -0.00885329
-24.1815 8.12229 -1.87625 0.105437 -0.9944 -0.00714682
-25.3228 7.99967 -1.37663 0.10084 -0.99483 -0.0120457
-26.1343 7.91323 -0.92338 0.0938298 -0.995508 -0.0124107
-27.1884 7.80015 -0.0488536 0.0896846 -0.995866 -0.0135349
-28.1625 7.68869 1.15469 0.0925566 -0.995471 -0.0215795
-28.8414 7.59517 2.39904 0.0932483 -0.995358 -0.023799
-29.1188 7.55055 3.31178 0.0827214 -0.996411 -0.0175284
-29.182 7.51931 4.54824 0.0796544 -0.996653 -0.0180738
-28.9667 7.51866 5.60238 0.0767497 -0.996896 -0.0175646
-28.551 7.53626 6.51165 0.0889232 -0.995544 -0.0313676
-27.9402 7.57053 7.31219 0.0973343 -0.994949 -0.0245342
-27.1666 7.62782 8.09892 0.0996204 -0.994674 -0.0225028
-26.4819 7.69125 8.7269 0.114453 -0.993188 -0.0218555
-25.6883 7.76539 9.50142 0.112547 -0.993363 -0.023662
-24.8957 7.83087 10.4961 0.104956 -0.99427 -0.0199702
-24.1367 7.89474 11.6007 0.111651 -0.993448 -0.023808
-23.6715 7.92854 12.5918 0.12452 -0.992034 -0.0189597
-23.3477 7.95395 13.4793 0.125627 -0.991982 -0.0130742
-23.119 7.97585 14.5504 0.124379 -0.992223 0.000636553
-23.0567 7.98873 15.4658 0.123543 -0.992326 0.00464964
-23.0869 7.98739 16.4178 0.118655 -0.992933 0.00221755
-23.2308 7.97332 17.3418 0.118184 -0.99293 0.0104818
-23.3926 7.96353 18.0143 0.116204 -0.993134 0.0134927
-24.2191 7.86311 17.4898 0.110441 -0.993827 0.00949656
-24.4974 7.84991 18.4404 0.103567 -0.994286 0.0258622
-24.851 7.84021 19.4076 0.0802871 -0.996302 0.0304617
-25.3366 7.83902 20.5476 0.07871 -0.99637 0.0324282
-25.6905 7.84252 21.6243 0.0768386 -0.996738 0.0237841
-25.8971 7.84555 22.6116 0.0587977 -0.997973 0.0243382
-26.1138 7.87184 23.9801 0.0604947 -0.997601 0.0336457
-26.1993 7.91344 24.9447 0.0495788 -0.997485 0.0506504
-26.0849 7.96415 25.9224 0.0604895 -0.997535 0.0355552
-25.7135 8.02895 27.0944 0.0606232 -0.997504 0.0361942
-24.9818 8.1116 28.1155 0.0616989 -0.997381 0.0377408
-24.046 8.19204 28.7207 0.0607239 -0.997452 0.037446
-23.2206 8.25651 29.0995 0.0606314 -0.997616 0.0325995
-22.1752 8.33532 29.5275 0.0715284 -0.997245 0.0196726
-21.1176 8.41493 29.8029 0.0678296 -0.997618 0.0122519
-19.8047 8.50894 29.8885 0.0735606 -0.997225 0.0110824
-18.6311 8.59786 29.8232 0.0748468 -0.997149 0.00951878
-17.4382 8.68493 29.6074 0.0745866 -0.997176 0.00873798
-16.1999 8.76865 29.3313 0.0682496 -0.997655 0.00519022
-14.9438 8.85079 29.1057 0.0604608 -0.998152 0.00583735
-13.975 8.90755 28.958 0.0593028 -0.998228 0.00484759
-13.0599 8.96185 28.9445 0.0574109 -0.998342 0.00324338
-11.6175 9.0282 29.2716 0.0416781 -0.999125 0.00160918
-10.7766 9.06046 29.6332 0.0379375 -0.99928 0.000559623
-9.97381 9.08825 30.0739 0.0315925 -0.999491 -0.00330392
-9.21248 9.10779 30.5634 0.0222967 -0.999709 -0.00915839
-8.39531 9.12059 31.1561 0.0223337 -0.999711 -0.00894638
-7.53472 9.13235 31.8256 0.0206171 -0.999738 -0.00998112
-6.51076 9.14371 32.4179 0.0170555 -0.999731 -0.0157139
-5.14867 9.15631 32.9097 0.0129311 -0.99975 -0.0181577
-4.24119 9.1589 33.343 0.0104014 -0.999757 -0.019379
-3.30581 9.15114 33.9596 0.000741962 -0.999759 -0.021868
-2.16819 9.13598 34.5966 -2.73746e-05 -0.999721 -0.0236182
-1.04063 9.11369 35.2826 -0.00480196 -0.999602 -0.0277999
0.0454527 9.07454 36.0718 -0.00995421 -0.999112 -0.0407957
1.14916 9.02413 36.8832 -0.0170618 -0.998616 -0.0494508
2.0868 8.97138 37.4999 -0.0189915 -0.998343 -0.054204
2.93349 8.92943 37.8936 -0.0234688 -0.997793 -0.0621098
4.2714 8.85425 38.3548 -0.034676 -0.996476 -0.0756917
5.31591 8.80069 38.6725 -0.0262372 -0.996331 -0.0814609
6.26878 8.74694 38.8811 -0.0443787 -0.994637 -0.0934238
7.45435 8.67842 39.068 -0.0306066 -0.994341 -0.101648
8.38171 8.63183 39.2086 -0.0487702 -0.993449 -0.103344
9.50621 8.56224 39.4202 -0.0352681 -0.992804 -0.114372
10.8649 8.48147 39.5955 -0.0404953 -0.989642 -0.137447
12.071 8.43072 39.6334 -0.0383255 -0.992137 -0.119068
13.3214 8.36941 39.6815 -0.041743 -0.988476 -0.145238
14.2958 8.32749 39.7458 -0.0369526 -0.989669 -0.138269
15.5022 8.28399 39.7542 -0.0354352 -0.988707 -0.145612
16.6807 8.26 39.6508 -0.0258728 -0.989131 -0.144723
18.1004 8.2784 39.292 -0.0241908 -0.990449 -0.135311
19.5758 8.31772 38.7813 -0.0146652 -0.992372 -0.122401
20.7856 8.37848 38.1698 -0.00800919 -0.993125 -0.116683
21.9647 8.4542 37.4408 -0.0085837 -0.993991 -0.109124
22.743 8.50352 36.9624 -0.00358689 -0.994661 -0.103137
23.4891 8.55661 36.4268 0.000596127 -0.995008 -0.0997594
24.3131 8.61801 35.7851 -0.000885211 -0.995354 -0.0962789
25.064 8.65971 35.2792 -0.00410731 -0.996282 -0.0859576
26.1759 8.71072 34.6886 -0.00257876 -0.996706 -0.0808428
27.2034 8.75483 34.1369 0.0054699 -0.997175 -0.0749077
28.0204 8.78885 33.6778 0.00311691 -0.997985 -0.063134
28.8389 8.8292 33.1389 0.00852765 -0.998053 -0.0617857
29.5898 8.85828 32.5384 -0.00399127 -0.998785 -0.0490944
30.3266 8.87978 31.8959 -0.0119117 -0.999151 -0.0394424
31.1734 8.88986 31.1696 -0.0308963 -0.999113 -0.0277758
32.2344 8.8691 30.4955 -0.0370404 -0.998912 -0.0283327
33.067 8.84903 30.0826 -0.0485609 -0.998298 -0.0321525
34.0904 8.81008 29.4316 -0.0664206 -0.997099 -0.0356746
35.3882 8.75958 28.4862 -0.0773634 -0.995992 -0.0447607
36.312 8.72319 27.782 -0.0756057 -0.995959 -0.0484722
37.0284 8.70322 27.0787 -0.0801764 -0.995248 -0.0552424
37.8651 8.69389 26.1643 -0.0792546 -0.994527 -0.0680763
38.611 8.68628 25.4192 -0.0804998 -0.994327 -0.0694822
39.6817 8.64674 24.6204 -0.101353 -0.991883 -0.0767892
41.0428 8.56317 23.9429 -0.100247 -0.990566 -0.0933077
42.3038 8.45159 23.6311 -0.120937 -0.986492 -0.110486
43.592 8.30468 23.5297 -0.127141 -0.984258 -0.122762
44.5531 8.17538 23.5645 -0.129972 -0.982966 -0.129828
45.6254 8.0198 23.6968 -0.13519 -0.981506 -0.135214
46.6869 7.87091 23.6477 -0.148926 -0.979064 -0.138632
48.132 7.72416 23.0646 -0.162073 -0.975681 -0.147557
48.9779 7.68521 22.4381 -0.161126 -0.974273 -0.15758
50.0426 7.65914 21.4904 -0.161068 -0.97596 -0.146765
50.8104 7.63896 20.7515 -0.177759 -0.975442 -0.129387
51.4649 7.60291 20.0491 -0.190641 -0.973321 -0.127682
52.1097 7.57597 19.3071 -0.189285 -0.973302 -0.129823
52.7977 7.53057 18.5305 -0.206301 -0.973955 -0.0932652
53.5325 7.48389 17.3067 -0.220031 -0.97062 -0.0971796
54.1216 7.44928 15.9239 -0.238601 -0.969467 -0.0565955
54.5489 7.41395 14.7201 -0.232613 -0.97145 -0.0462093
54.7826 7.39661 13.8203 -0.230735 -0.97227 -0.038112
54.8532 7.41888 12.8248 -0.226957 -0.973286 -0.0342899
54.7927 7.42218 11.3287 -0.238363 -0.971075 0.0139739
54.5711 7.46398 9.85392 -0.225008 -0.973884 0.024547
54.433 7.43602 8.93775 -0.236917 -0.96911 0.0685229
54.23 7.41297 7.96828 -0.234473 -0.969317 0.0737988
53.888 7.40916 7.00698 -0.225846 -0.968447 0.105377
53.4741 7.40469 6.07956 -0.225129 -0.968398 0.107324
52.8643 7.40657 4.83048 -0.217067 -0.968956 0.117551
52.1815 7.4341 3.99593 -0.200099 -0.970423 0.135058
51.228 7.48867 3.00087 -0.185648 -0.973534 0.133289
50.5094 7.52966 2.29929 -0.185657 -0.973495 0.133562
49.4227 7.56974 1.15804 -0.180004 -0.973978 0.137714
48.554 7.62557 0.539836 -0.172781 -0.973173 0.151887
47.0677 7.8063 -0.0177885 -0.178026 -0.974776 0.134387
45.5179 8.05259 -0.311263 -0.183411 -0.975222 0.123572
44.6047 8.18404 -0.447062 -0.15687 -0.981735 0.107645
43.6909 8.32263 -0.504949 -0.132114 -0.986639 0.0953266
42.4993 8.47408 -0.581272 -0.131451 -0.986856 0.0940004
41.1085 8.62089 -0.764984 -0.116718 -0.989 0.0906684
40.1924 8.68438 -1.034 -0.0927996 -0.99218 0.0834672
39.21 8.72669 -1.49695 -0.0783477 -0.99329 0.0850658
38.4369 8.74518 -1.99312 -0.0722282 -0.99376 0.0847741
37.7369 8.73997 -2.6008 -0.0659606 -0.994234 0.0845485
36.8108 8.71251 -3.59698 -0.0614089 -0.994155 0.0887917
36.0489 8.65103 -4.72001 -0.066669 -0.992349 0.103922
35.5042 8.56511 -5.92735 -0.0701816 -0.992647 0.0986236
34.9866 8.47927 -7.08194 -0.0767863 -0.990818 0.111281
34.6053 8.41918 -7.93569 -0.0899507 -0.991447 0.0945649
34.1603 8.36159 -8.94335 -0.0939034 -0.990922 0.0961361
33.5856 8.30966 -10.1727 -0.101993 -0.991466 0.0811905
32.9958 8.28307 -11.2024 -0.104117 -0.990655 0.0881059
32.3571 8.27785 -12.1052 -0.10755 -0.991435 0.0740793
31.3958 8.31708 -13.0062 -0.10673 -0.991989 0.0675573
30.5678 8.36849 -13.5377 -0.106008 -0.992235 0.0649713
29.503 8.42675 -14.2675 -0.0980909 -0.993316 0.060779
28.6335 8.47285 -14.8686 -0.089847 -0.994311 0.0572072
27.6683 8.51864 -15.496 -0.085787 -0.994227 0.0644477
26.6101 8.56915 -16.0783 -0.0774113 -0.994816 0.0657517
25.6112 8.61944 -16.506 -0.0793617 -0.995018 0.0603372
24.5722 8.67061 -16.9916 -0.0734676 -0.995398 0.0615237
23.7662 8.70361 -17.4395 -0.0706279 -0.996103 0.0523312
22.7953 8.74094 -17.9169 -0.060528 -0.996673 0.0543997
21.8945 8.77276 -18.2022 -0.051573 -0.997217 0.0538286
20.9493 8.80071 -18.4518 -0.0409221 -0.997236 0.0616576
20.051 8.81867 -18.6599 -0.0337734 -0.997175 0.067096
19.0505 8.83554 -18.8364 -0.0232443 -0.99741 0.0680688
18.0212 8.84762 -19.0156 -0.023454 -0.997434 0.0676382
16.8565 8.86126 -19.2329 -0.0253725 -0.997444 0.0668007
15.7172 8.86593 -19.4772 -0.0156356 -0.996669 0.0800387
14.5471 8.85395 -19.841 -0.0139497 -0.996653 0.0805464
13.3366 8.84281 -20.1886 -0.0155575 -0.995783 0.0904091
12.0738 8.84686 -20.3431 -0.0124901 -0.995809 0.0906008
10.9548 8.85254 -20.4415 -0.0157867 -0.99587 0.0894045
9.88093 8.85981 -20.5507 -0.0174943 -0.995902 0.0887194
8.62079 8.87033 -20.6508 -0.0142172 -0.996408 0.0834823
7.44417 8.87745 -20.7422 -0.00879262 -0.996769 0.07964
6.37127 8.8785 -20.8335 -0.00894038 -0.997263 0.0733975
5.19396 8.87698 -20.9949 -0.00853467 -0.997264 0.0734322
4.11223 8.88234 -21.0314 -0.00861908 -0.997034 0.0764749
3.17082 8.89994 -20.9198 -0.00987244 -0.997339 0.0722377
2.07982 8.9272 -20.7576 -0.0176921 -0.997574 0.0673012
0.866157 8.96046 -20.5483 -0.0213152 -0.997692 0.0642177
-0.0447914 8.99277 -20.3183 -0.0177131 -0.99838 0.0540737
-1.00708 9.02786 -19.9791 -0.0177541 -0.998738 0.0469913
-2.15259 9.06772 -19.5313 -0.0113375 -0.999004 0.0427722
-3.07773 9.09436 -19.0186 -0.00914932 -0.999237 0.0379302
-3.89035 9.12062 -18.4254 -0.00561489 -0.999497 0.031214
-4.7767 9.14446 -17.6557 0.00268284 -0.999682 0.0250705
-5.56871 9.15971 -16.9064 0.00540576 -0.999684 0.024536
-6.27553 9.17465 -15.9706 0.00950585 -0.999781 0.0186594
-6.81159 9.18899 -14.8218 0.0104596 -0.999823 0.0156662
-7.21191 9.19854 -13.7799 0.0132576 -0.999837 0.0122625
-7.51546 9.20458 -12.8942 0.0180447 -0.999796 0.00902115
-7.86412 9.20896 -11.7181 0.0193389 -0.99978 0.00799748
-8.1919 9.2087 -10.6742 0.0205254 -0.999772 0.00596513
-8.62895 9.20581 -9.38109 0.0241678 -0.999685 0.00672308
-8.94169 9.20406 -8.51684 0.0267217 -0.999626 0.00474373
-9.3615 9.19556 -7.52609 0.0294886 -0.999556 0.00415145
-9.85523 9.18308 -6.61562 0.0314874 -0.999504 6.66313e-05
-10.599 9.15635 -5.59615 0.0369871 -0.999314 -0.000735745
-11.3917 9.12803 -4.93673 0.0399806 -0.999194 0.000367484
-12.576 9.0763 -4.37355 0.0436099 -0.999049 -0.000106842
-14.1367 8.99717 -4.08104 0.0546787 -0.9985 0.00299303
-15.0704 8.94056 -4.05801 0.0672377 -0.997737 0.00034259
-16.1256 8.87244 -4.02838 0.0662788 -0.997774 -0.00614236
-17.3344 8.78766 -4.07295 0.0720697 -0.997379 -0.00603937
-18.6678 8.68105 -4.17337 0.0831014 -0.996508 -0.00792726
-19.6568 8.597 -4.09424 0.0839722 -0.996445 -0.00684486
-20.8247 8.48558 -3.95628 0.096491 -0.995305 -0.00744748
-21.7571 8.39272 -3.80982 0.0985734 -0.995098 -0.00796868
-22.8108 8.2816 -3.47213 0.106429 -0.994273 -0.00967814
-24.1123 8.13685 -2.90512 0.107241 -0.994191 -0.00913622
-24.9687 8.04515 -2.56621 0.0977893 -0.99519 -0.00578394
-26.2544 7.91237 -1.96493 0.0970345 -0.995212 -0.0109837
-27.3807 7.79956 -1.22838 0.0938292 -0.995508 -0.0124108
-28.0897 7.72899 -0.513395 0.0849382 -0.996312 -0.0121701
-28.6396 7.66681 0.201052 0.0912859 -0.995542 -0.0237205
-29.304 7.58213 1.18835 0.091477 -0.995504 -0.024585
-29.8124 7.50961 2.2234 0.0918366 -0.995478 -0.0242893
-30.0925 7.4704 3.1668 0.0841101 -0.996358 -0.0140295
-30.1828 7.43938 4.65651 0.0779749 -0.996841 -0.0151213
-29.9629 7.44068 5.67553 0.077779 -0.99678 -0.0193671
-29.5844 7.45115 6.5913 0.0788088 -0.996665 -0.0211694
-28.8562 7.4824 7.68755 0.0787106 -0.996808 -0.0111703
-28.1927 7.53364 8.40811 0.0822057 -0.996552 -0.011075
-27.4654 7.58446 9.06555 0.0789783 -0.996728 -0.0164738
-26.6664 7.6527 9.80027 0.108846 -0.993992 -0.0114773
-25.8379 7.7259 10.7702 0.104956 -0.99427 -0.0199706
-25.2741 7.76668 11.5468 0.108364 -0.993878 -0.020973
-24.6049 7.81187 12.656 0.105507 -0.994114 -0.0234429
-24.2465 7.8463 13.6053 0.111294 -0.993779 -0.00414798
-23.9957 7.86608 14.7509 0.124379 -0.992222 0.000636453
-23.9745 7.88419 15.9495 0.116784 -0.993045 0.0149069
-24.2076 7.86414 17.4451 0.108923 -0.994036 0.00532142
-25.0778 7.76955 17.1085 0.099891 -0.994991 0.00378137
-25.3246 7.76172 17.9841 0.0821856 -0.996193 0.0290337
-25.6438 7.76029 18.8678 0.0814921 -0.996286 0.0278157
-26.2121 7.75664 20.144 0.0796828 -0.996274 0.0329916
-26.5945 7.76359 21.2236 0.0665995 -0.997345 0.0294468
-26.7987 7.78772 22.3281 0.0543715 -0.99826 0.022802
-26.9378 7.80082 23.2333 0.0442156 -0.998399 0.0324023
-27.1443 7.84601 24.4036 0.0355595 -0.99831 0.0459641
-27.1766 7.89575 25.6147 0.0294362 -0.998991 0.0339239
-26.9139 7.93633 26.5524 0.0605568 -0.99752 0.0358746
-26.3818 8.03375 27.9962 0.0448747 -0.99768 0.0512023
-25.4756 8.12101 28.9618 0.0518429 -0.997548 0.047019
-24.7058 8.18386 29.4804 0.0479171 -0.998027 0.0403856
-23.4661 8.2666 29.9976 0.0590772 -0.997895 0.0266925
-22.1964 8.3536 30.5313 0.0645723 -0.997627 0.0226533
-20.8975 8.44189 30.7798 0.0678296 -0.997618 0.0122519
-19.698 8.52707 30.8368 0.070181 -0.997473 0.0110374
-18.6521 8.60509 30.7784 0.0730507 -0.997303 0.00705552
-17.5384 8.6862 30.6114 0.0721392 -0.997375 0.00596148
-16.2625 8.76947 30.3115 0.0673672 -0.997711 0.00569098
-15.3737 8.82739 30.1432 0.0624298 -0.998049 0.000927903
-14.3835 8.88746 29.9241 0.0597844 -0.998208 0.00239636
-13.2586 8.95225 29.8292 0.0555168 -0.998456 0.00163987
-12.189 9.0055 30.0226 0.0421499 -0.999109 0.00194058
-11.3419 9.04001 30.3863 0.0373442 -0.999302 0.00129832
-10.3582 9.07205 30.9214 0.0287091 -0.999578 -0.00436295
-9.51771 9.09241 31.5068 0.0220811 -0.99972 -0.0085262
-8.58785 9.10691 32.2284 0.0213414 -0.999728 -0.00931066
-7.86504 9.11542 32.7876 0.0200786 -0.99973 -0.0116861
-6.92717 9.12411 33.2966 0.0149551 -0.999799 -0.0133754
-5.88936 9.13259 33.655 0.0116971 -0.999832 -0.0141358
-4.99579 9.13887 33.971 0.0104003 -0.999757 -0.0193783
-4.21369 9.13591 34.4868 0.00918446 -0.999768 -0.0194599
-3.4268 9.1268 34.9972 -0.000687761 -0.999731 -0.0231922
-2.28117 9.10848 35.6268 -0.00235066 -0.999596 -0.0283377
-1.12496 9.07684 36.3771 -0.0129111 -0.999326 -0.0343682
-0.285313 9.03935 37.0218 -0.0210183 -0.998879 -0.0424126
0.673326 8.99149 37.7065 -0.0170617 -0.998616 -0.0494496
1.50456 8.9476 38.2394 -0.0214583 -0.998639 -0.0475331
2.34382 8.90242 38.6554 -0.0356346 -0.997914 -0.0538343
3.25246 8.8538 38.988 -0.0332372 -0.99721 -0.0660034
4.12601 8.79238 39.2943 -0.0430246 -0.995658 -0.0825444
5.34011 8.70692 39.6543 -0.0335242 -0.994648 -0.0977362
6.26807 8.65489 39.8496 -0.0535024 -0.99285 -0.106621
7.17253 8.591 39.9732 -0.0418551 -0.993605 -0.103894
8.16357 8.54027 40.0973 -0.0464339 -0.990446 -0.129816
9.10563 8.47413 40.285 -0.0475799 -0.98988 -0.13359
10.016 8.40448 40.4542 -0.0493516 -0.989285 -0.1374
11.194 8.33611 40.5667 -0.0375114 -0.988468 -0.146319
12.1183 8.29588 40.5644 -0.044084 -0.986909 -0.155135
13.1917 8.23934 40.614 -0.0476867 -0.987523 -0.149967
14.5926 8.17453 40.6811 -0.0373226 -0.987493 -0.15318
15.7273 8.13813 40.6899 -0.0329657 -0.988274 -0.149027
16.6881 8.11669 40.6378 -0.027667 -0.989275 -0.143419
18.001 8.13726 40.289 -0.0152488 -0.99004 -0.139961
19.1179 8.16828 39.9611 -0.0115871 -0.989843 -0.14169
20.1103 8.21385 39.5731 -0.00898158 -0.991493 -0.12968
20.9372 8.25543 39.171 -0.00998049 -0.992339 -0.123137
21.9713 8.33504 38.4954 -0.000519744 -0.99242 -0.122766
22.9271 8.39886 37.9402 0.00204271 -0.994408 -0.105588
23.6887 8.45185 37.4568 0.00239266 -0.994605 -0.103685
24.6749 8.52943 36.6868 -0.0013499 -0.9952 -0.0978496
25.7012 8.59829 36.02 0.00427669 -0.996264 -0.0861377
26.578 8.63983 35.5586 0.00868172 -0.996607 -0.0818529
27.7552 8.69908 34.9086 0.00783569 -0.997118 -0.0753971
29.0777 8.76711 34.1206 0.00590635 -0.997611 -0.0688335
29.9955 8.81272 33.4001 -0.00782495 -0.998498 -0.0542209
30.9298 8.84189 32.5879 -0.0199657 -0.998697 -0.0469612
31.7649 8.84569 31.9162 -0.0389448 -0.998528 -0.0377459
32.5467 8.83151 31.4124 -0.0424783 -0.998626 -0.0301372
33.3548 8.80613 30.9934 -0.0479172 -0.998341 -0.0319398
34.166 8.77674 30.4927 -0.0712224 -0.996976 -0.0310011
34.9779 8.7341 29.9353 -0.080328 -0.996323 -0.0287527
35.7989 8.69052 29.3653 -0.0789085 -0.995992 -0.0421173
36.5079 8.65671 28.8073 -0.0843319 -0.995294 -0.0476424
37.5679 8.61739 27.8202 -0.0823776 -0.995169 -0.0533043
38.2521 8.59971 27.0569 -0.088686 -0.994547 -0.0548693
38.8866 8.59147 26.4127 -0.0958854 -0.9926 -0.0734474
39.7998 8.55626 25.6322 -0.102279 -0.991299 -0.0828559
40.9502 8.492 24.9445 -0.117483 -0.989469 -0.0827555
41.8032 8.40397 24.6398 -0.126717 -0.987194 -0.0963667
42.7038 8.3117 24.4778 -0.12946 -0.985699 -0.107383
44.1145 8.12169 24.4495 -0.130571 -0.983549 -0.12478
45.1405 7.96825 24.557 -0.134756 -0.982197 -0.130784
46.4956 7.75073 24.6541 -0.149314 -0.977802 -0.147001
47.4895 7.61447 24.4912 -0.159323 -0.976111 -0.147725
48.3358 7.54054 24.0478 -0.164281 -0.975237 -0.148071
49.1008 7.49135 23.5302 -0.162847 -0.97537 -0.148773
50.0516 7.46165 22.7255 -0.159993 -0.974429 -0.157769
50.8487 7.44903 21.9782 -0.17254 -0.973443 -0.150157
51.671 7.41231 21.1826 -0.19189 -0.972754 -0.130111
52.3355 7.38418 20.4202 -0.190302 -0.973756 -0.124665
53.0043 7.34891 19.6899 -0.194408 -0.971804 -0.133425
53.6486 7.2998 18.9592 -0.221372 -0.971022 -0.0900586
54.1808 7.25935 18.076 -0.223643 -0.970454 -0.0905426
54.6443 7.24708 17.0877 -0.231689 -0.968696 -0.0886168
55.0057 7.21791 16.2318 -0.232465 -0.970842 -0.0585236
55.4314 7.1795 15.0935 -0.240972 -0.969192 -0.0507226
55.7274 7.15948 13.7225 -0.258826 -0.965484 -0.028925
55.7924 7.17095 12.7551 -0.265932 -0.9638 -0.0192457
55.7575 7.19247 11.8226 -0.238364 -0.971075 0.0139722
55.6581 7.20331 10.8417 -0.239294 -0.970886 0.0103494
55.4718 7.21685 9.69406 -0.262726 -0.963993 0.0411447
55.2628 7.18983 8.33023 -0.23945 -0.968857 0.0619357
54.9591 7.1781 7.1999 -0.235341 -0.969117 0.0736592
54.5202 7.16694 6.13216 -0.225246 -0.968657 0.104729
54.14 7.16144 5.24728 -0.226107 -0.968738 0.102086
53.5777 7.16468 4.20991 -0.214301 -0.967953 0.13093
52.938 7.20015 3.43574 -0.200934 -0.970817 0.130845
52.0253 7.26156 2.45253 -0.193708 -0.972373 0.129961
51.1961 7.30059 1.58582 -0.185665 -0.973456 0.133835
50.3558 7.33567 0.726031 -0.1809 -0.974606 0.131826
49.5902 7.39016 0.113686 -0.165548 -0.97763 0.129742
48.8258 7.45477 -0.361972 -0.160005 -0.977931 0.134348
47.7379 7.57418 -0.813712 -0.178026 -0.974776 0.134387
46.5919 7.75879 -1.05156 -0.181447 -0.974981 0.128383
45.4558 7.94776 -1.26194 -0.187756 -0.974886 0.11977
44.2672 8.12973 -1.45508 -0.161835 -0.981463 0.102661
43.2772 8.28444 -1.4629 -0.132778 -0.986422 0.0966536
42.2002 8.42422 -1.53077 -0.126956 -0.987811 0.0895511
40.6934 8.56577 -1.81903 -0.0983915 -0.990991 0.0908614
39.7988 8.61695 -2.21285 -0.0800486 -0.992822 0.0888651
38.6952 8.64891 -2.90951 -0.0761446 -0.993696 0.0817792
37.9745 8.63602 -3.63072 -0.0670175 -0.993674 0.0900017
37.2265 8.59527 -4.56692 -0.0636107 -0.993466 0.0947538
36.6346 8.51739 -5.64476 -0.0605327 -0.991913 0.111275
36.2501 8.45099 -6.45664 -0.0772684 -0.990701 0.111983
35.7469 8.36174 -7.5989 -0.0820509 -0.989948 0.11505
35.1585 8.26628 -8.95081 -0.104626 -0.989126 0.103361
34.7918 8.21398 -9.82248 -0.10462 -0.989138 0.103251
34.3459 8.17334 -10.7685 -0.109422 -0.989663 0.0927016
33.883 8.15194 -11.5698 -0.11305 -0.989771 0.0870223
33.3681 8.14708 -12.3299 -0.117361 -0.989851 0.0801374
32.7956 8.15765 -13.0626 -0.11687 -0.990413 0.0736381
31.9625 8.2014 -13.7835 -0.117309 -0.990631 0.0697872
31.1378 8.26113 -14.2808 -0.106564 -0.992392 0.0616544
29.9245 8.33604 -15.0957 -0.0993688 -0.993345 0.0582304
29.1276 8.38257 -15.6618 -0.0946082 -0.993828 0.0577188
27.7694 8.44514 -16.5016 -0.0832866 -0.994654 0.0610486
26.7733 8.49478 -17.0237 -0.0808115 -0.994919 0.0600481
25.8555 8.54334 -17.4438 -0.0802109 -0.994941 0.0604871
24.8566 8.5951 -17.8737 -0.0756191 -0.995467 0.0575034
23.5733 8.65563 -18.6132 -0.0706286 -0.996103 0.0523329
22.1619 8.71028 -19.0898 -0.0554301 -0.996919 0.0554588
21.2157 8.72975 -19.3473 -0.0380209 -0.996982 0.0676892
20.2135 8.75152 -19.5762 -0.0310902 -0.997104 0.0693206
18.8996 8.77338 -19.7932 -0.0284111 -0.997119 0.0703162
17.9889 8.78034 -19.9741 -0.0225275 -0.996744 0.0774208
17.0836 8.78642 -20.1408 -0.0219603 -0.996579 0.0796761
16.1961 8.79039 -20.3132 -0.0167091 -0.996575 0.0809858
14.9703 8.77559 -20.6775 -0.0116032 -0.995692 0.0919918
13.7438 8.75664 -21.0603 -0.0164432 -0.995689 0.0912889
12.2961 8.75657 -21.2775 -0.0127028 -0.994966 0.0994012
11.2425 8.76575 -21.3368 -0.0189158 -0.995185 0.0961722
10.0293 8.77572 -21.4654 -0.0174943 -0.995902 0.0887194
8.82613 8.79081 -21.5573 -0.0203372 -0.996114 0.0856868
7.67043 8.79914 -21.6586 -0.0132982 -0.996671 0.0804412
6.73138 8.80404 -21.7527 -0.0104601 -0.996815 0.0790626
5.57644 8.80678 -21.8756 -0.00913452 -0.996914 0.0779358
4.54887 8.80708 -21.9639 -0.00875794 -0.99706 0.076095
3.17545 8.83209 -21.8509 -0.0121074 -0.99713 0.0747314
2.24439 8.8565 -21.7405 -0.0194461 -0.997462 0.0684936
1.22573 8.88703 -21.5697 -0.021315 -0.997692 0.0642166
-0.178129 8.94334 -21.2695 -0.0273731 -0.997785 0.0605928
-1.46447 8.99748 -20.7886 -0.0233625 -0.998388 0.0517286
-2.75405 9.04197 -20.2849 -0.0185554 -0.998891 0.0432465
-3.58159 9.06996 -19.8144 -0.0114506 -0.999301 0.0355229
-4.40814 9.0974 -19.226 -0.0107688 -0.999498 0.0297999
-5.46485 9.12821 -18.2856 -0.00032335 -0.999739 0.0228622
-6.35491 9.14609 -17.4423 0.00267604 -0.999776 0.0209948
-7.16248 9.15987 -16.422 0.00705107 -0.999862 0.0150439
-7.75469 9.17403 -15.0355 0.0116864 -0.999838 0.0136148
-8.07052 9.18253 -14.157 0.0132253 -0.999823 0.0133418
-8.35997 9.1858 -13.2892 0.0180384 -0.999797 0.00896613
-8.72256 9.18889 -12.0603 0.0206263 -0.999763 0.00691995
-9.01451 9.18909 -11.1299 0.022275 -0.999739 0.00458888
-9.30715 9.18488 -10.2516 0.0240264 -0.999706 0.00321259
-9.5926 9.18267 -9.35733 0.0267211 -0.999626 0.0047442
-10.0651 9.1721 -8.17555 0.0293815 -0.999562 0.00345814
-10.7067 9.15523 -6.96619 0.0354778 -0.999364 0.000635902
-11.4408 9.12564 -6.02337 0.0377871 -0.999284 -0.00204106
-12.1903 9.09322 -5.48699 0.0435942 -0.999049 -7.22544e-05
-13.7643 9.01546 -5.02944 0.0535402 -0.99856 -0.003435
-14.9084 8.95312 -4.99047 0.0595892 -0.998213 -0.00330703
-16.4194 8.85859 -4.94963 0.0662792 -0.997774 -0.00614124
-17.6018 8.7723 -5.02332 0.0739077 -0.997254 -0.00467255
-18.9423 8.66495 -5.13387 0.0845126 -0.996395 -0.00745712
-19.8991 8.58244 -5.0423 0.091428 -0.995769 -0.00860143
-21.1429 8.46333 -4.88835 0.0985927 -0.995066 -0.0100356
-22.1098 8.36448 -4.70688 0.0981956 -0.995151 -0.00572008
-23.1196 8.25735 -4.37908 0.109547 -0.99396 -0.00658109
-24.2029 8.13581 -3.86491 0.107417 -0.994175 -0.00880318
-25.1282 8.0348 -3.51061 0.0992307 -0.995039 -0.00687032
-25.9757 7.94957 -3.18049 0.0979959 -0.995172 -0.00534165
-27.2237 7.82855 -2.49815 0.0913278 -0.995785 -0.00473688
-28.0402 7.74787 -1.91877 0.0854428 -0.996305 -0.00872744
-28.8685 7.6682 -1.04657 0.0791191 -0.996788 -0.0103714
-29.583 7.597 -0.154689 0.076614 -0.996549 -0.031939
-30.2453 7.5153 0.889176 0.072873 -0.996952 -0.0278526
-30.7018 7.45412 1.80828 0.0741549 -0.996732 -0.0320376
-31.0464 7.40054 2.86443 0.0545004 -0.998155 -0.00169378
-31.1524 7.40325 4.10407 0.0362721 -0.999277 -0.011427
-31.1126 7.39373 5.22667 0.0413536 -0.999028 -0.0140672
-30.8193 7.38802 6.16695 0.0444099 -0.998844 -0.0183055
-30.2452 7.40158 7.34464 0.036011 -0.999349 0.000609475
-29.5333 7.42521 8.33469 0.0351565 -0.999363 -0.00481297
-28.6744 7.48459 9.213 0.0740168 -0.997163 -0.00126388
-27.5379 7.55555 10.2021 0.0672241 -0.997619 -0.0144329
-26.7625 7.6261 11.0578 0.0972689 -0.995157 -0.0123182
-26.1528 7.67057 11.9053 0.0984195 -0.994993 -0.0174209
-25.624 7.70897 12.6555 0.100446 -0.994781 -0.017925
-25.1823 7.74299 13.6133 0.107476 -0.994194 -0.00526089
-24.9238 7.7627 14.8157 0.106444 -0.99429 -0.00752824
-24.9064 7.77782 16.0275 0.107991 -0.994017 0.0159308
-25.0208 7.77425 16.8403 0.0998907 -0.994991 0.00378164
-25.9331 7.68224 16.728 0.102663 -0.994619 0.0113238
-26.161 7.68129 17.6271 0.082879 -0.9961 0.0302516
-26.4872 7.68306 18.5789 0.0816365 -0.996207 0.0301014
-26.9832 7.68131 19.7442 0.0760838 -0.996286 0.0395435
-27.3667 7.69408 20.6163 0.0692418 -0.996844 0.037829
-27.6409 7.71 21.4781 0.0503067 -0.99806 0.0366928
-27.7487 7.73704 22.3746 0.0442148 -0.998399 0.032402
-27.8918 7.77011 23.277 0.0340589 -0.998537 0.0420024
-28.194 7.82587 24.7678 0.0233483 -0.998589 0.0462262
-28.0488 7.90029 26.2901 0.0193266 -0.99865 0.0482073
-27.7414 7.95489 27.2905 0.0196654 -0.998602 0.0490707
-27.4203 8.01234 28.1956 0.00333804 -0.997614 0.0689133
-26.6191 8.09344 29.214 0.018714 -0.997389 0.0697544
-25.9391 8.1462 29.8527 0.0349887 -0.997537 0.060792
-24.988 8.20393 30.392 0.0359839 -0.998812 0.0311881
-23.6176 8.27838 30.9468 0.0398453 -0.998965 0.0219274
-22.6602 8.33843 31.3722 0.0557778 -0.998372 0.0119645
-21.5182 8.40931 31.6316 0.066123 -0.99777 0.00914017
-20.3877 8.48682 31.7406 0.0715814 -0.997404 0.00787392
-18.9538 8.59011 31.7295 0.0720182 -0.997364 0.00889409
-17.7333 8.67733 31.5839 0.0706238 -0.99749 0.00506563
-16.5267 8.75883 31.3277 0.0656573 -0.99782 0.00659605
-15.6142 8.8161 31.1519 0.0606054 -0.998129 0.00805618
-14.4806 8.88395 30.883 0.0611069 -0.998129 0.00166282
-13.5115 8.93886 30.713 0.0559007 -0.998436 0.000628873
-12.4766 8.99229 30.8729 0.0458034 -0.998949 -0.00194265
-11.3999 9.03637 31.3956 0.0304313 -0.999536 0.00127697
-10.354 9.06642 32.0387 0.0277121 -0.999593 -0.00677255
-9.44539 9.08365 32.7496 0.0214036 -0.999724 -0.00961508
-8.3963 9.09583 33.5769 0.0195207 -0.999747 -0.0111859
-7.37052 9.10513 34.1901 0.0152778 -0.999782 -0.014266
-6.21457 9.11563 34.5858 0.0112736 -0.999823 -0.0150242
-5.31574 9.12099 34.8618 0.0108489 -0.999815 -0.0159129
-4.42471 9.11548 35.4745 0.00507593 -0.999791 -0.0196307
-3.36672 9.09965 36.1094 -0.00356206 -0.999642 -0.0263592
-2.39129 9.07872 36.6855 -0.00552026 -0.999475 -0.0316069
-1.3894 9.04497 37.4032 -0.0108008 -0.99934 -0.0346216
-0.665692 9.00884 37.9429 -0.0213465 -0.998962 -0.0402449
0.5117 8.94452 38.746 -0.0284124 -0.998421 -0.048457
1.38907 8.89574 39.238 -0.0298996 -0.997376 -0.0659394
2.24071 8.84316 39.6414 -0.0342911 -0.996936 -0.0701125
3.11755 8.78843 39.9396 -0.0443498 -0.996134 -0.0754421
4.00668 8.71857 40.2469 -0.0474678 -0.995701 -0.0793535
5.24067 8.61437 40.6303 -0.0457536 -0.994423 -0.0941697
6.32285 8.54658 40.8009 -0.0496777 -0.992663 -0.110229
7.65819 8.4532 40.9597 -0.0521647 -0.990771 -0.12511
8.91371 8.35793 41.1957 -0.0515468 -0.989217 -0.137087
10.0186 8.27369 41.395 -0.0527816 -0.988433 -0.142054
10.9154 8.20965 41.4824 -0.0524214 -0.987731 -0.147051
11.9164 8.1603 41.4829 -0.0459926 -0.987406 -0.151297
13.154 8.09635 41.5243 -0.0469751 -0.986393 -0.157549
14.1661 8.04904 41.5822 -0.0395816 -0.984936 -0.167935
15.068 8.01003 41.6054 -0.0370824 -0.98491 -0.169049
16.299 7.96906 41.6173 -0.0251454 -0.985944 -0.165171
17.2637 7.96343 41.4993 -0.0174219 -0.987714 -0.155296
18.4765 8.00265 41.1172 -0.016698 -0.987647 -0.155804
19.3769 8.03296 40.8832 -0.00262769 -0.988187 -0.153228
20.2684 8.07113 40.6018 -0.00722656 -0.990602 -0.136583
21.385 8.14525 40.014 0.00144428 -0.99128 -0.131731
22.2575 8.22289 39.4328 0.00435425 -0.992753 -0.120091
23.1836 8.29544 38.8629 0.00378576 -0.992795 -0.119763
24.2657 8.37917 38.1751 0.0105396 -0.994862 -0.100692
25.2676 8.46365 37.435 0.00923622 -0.994968 -0.099766
26.1993 8.52464 36.8579 0.00778985 -0.995956 -0.0894536
27.4233 8.59635 36.1619 0.00733999 -0.9964 -0.0844566
28.6231 8.6593 35.5317 0.00814535 -0.996645 -0.0814392
29.8169 8.72712 34.7366 0.00265579 -0.997479 -0.0709062
30.5697 8.76968 34.1099 -0.0130459 -0.998433 -0.054175
31.5464 8.79846 33.2495 -0.019116 -0.998532 -0.0505457
32.2738 8.7987 32.6838 -0.0284346 -0.999019 -0.0339564
33.4383 8.77382 32.0349 -0.0465174 -0.998709 -0.0203967
34.4556 8.72663 31.4072 -0.0686591 -0.997243 -0.028158
35.4335 8.67094 30.7427 -0.088157 -0.995709 -0.0281555
36.2361 8.62037 30.205 -0.0832008 -0.995624 -0.0423316
36.9964 8.5783 29.6257 -0.0861214 -0.995326 -0.0436634
37.7235 8.54542 28.9805 -0.0843333 -0.995294 -0.0476425
38.471 8.52201 28.1318 -0.0892056 -0.994834 -0.0484577
39.3646 8.48883 27.1911 -0.0988787 -0.993741 -0.0519722
40.1074 8.44875 26.5445 -0.114165 -0.992044 -0.05077
41.1155 8.38915 25.867 -0.126965 -0.987889 -0.088833
42.3819 8.25572 25.4302 -0.147123 -0.985191 -0.0867906
43.6572 8.07551 25.3515 -0.140666 -0.983091 -0.117241
44.652 7.91579 25.4253 -0.143163 -0.981381 -0.127578
45.719 7.73881 25.5586 -0.155073 -0.977826 -0.140743
46.7683 7.56377 25.5974 -0.160514 -0.97627 -0.145332
47.655 7.44107 25.4496 -0.167339 -0.974437 -0.1499
48.6537 7.34687 24.9547 -0.168752 -0.973871 -0.151944
49.4928 7.29007 24.3769 -0.170066 -0.973 -0.156042
50.4398 7.24125 23.6348 -0.173271 -0.972509 -0.155572
51.4104 7.2277 22.6894 -0.182412 -0.969115 -0.165955
52.1392 7.19621 22.0306 -0.185948 -0.970243 -0.155086
52.9645 7.17026 21.1309 -0.190302 -0.973755 -0.124666
53.6848 7.12326 20.342 -0.194801 -0.972586 -0.126823
54.5436 7.06044 19.3203 -0.220589 -0.969747 -0.103723
55.0652 7.0274 18.3775 -0.223643 -0.970454 -0.0905427
55.4537 7.00783 17.5218 -0.240416 -0.966967 -0.0847094
55.8557 6.97412 16.6449 -0.251327 -0.965496 -0.0682058
56.3208 6.93415 15.4077 -0.254535 -0.965191 -0.0601453
56.5629 6.92022 14.3718 -0.254025 -0.966818 -0.026997
56.6854 6.92039 13.2472 -0.253152 -0.967145 -0.0228161
56.6859 6.9492 11.8248 -0.257647 -0.966079 -0.00452305
56.5715 6.965 10.7081 -0.256607 -0.966431 0.0127988
56.3925 6.97233 9.66645 -0.246221 -0.968296 0.0421734
56.2523 6.95904 8.66264 -0.243741 -0.96854 0.0501972
55.9929 6.94268 7.46862 -0.241814 -0.96694 0.0809505
55.6843 6.94055 6.59795 -0.235381 -0.966619 0.101206
55.2495 6.93339 5.54072 -0.225677 -0.968698 0.103408
54.7611 6.92377 4.41656 -0.232149 -0.966308 0.111157
53.9634 6.94883 3.18503 -0.207503 -0.970071 0.1261
53.2331 7.00557 2.43384 -0.20543 -0.970221 0.128327
52.3102 7.06086 1.43635 -0.200216 -0.970258 0.136061
51.2178 7.11781 0.272328 -0.180447 -0.975532 0.1256
50.226 7.1895 -0.550757 -0.170407 -0.977403 0.124853
49.1573 7.28787 -1.2357 -0.163294 -0.978812 0.123544
47.8002 7.44586 -1.76481 -0.162952 -0.980046 0.113824
46.6246 7.6368 -1.97656 -0.183531 -0.975904 0.118013
45.4602 7.83054 -2.21091 -0.187697 -0.974939 0.119431
44.4847 7.9982 -2.38701 -0.160961 -0.981933 0.0994906
43.3545 8.18269 -2.40673 -0.149642 -0.984172 0.0937522
41.6982 8.40351 -2.47092 -0.126957 -0.987811 0.0895506
40.8154 8.47258 -2.72458 -0.100451 -0.991089 0.0874808
39.7075 8.53377 -3.28188 -0.0823989 -0.993689 0.0760552
38.9562 8.55133 -3.83463 -0.0670184 -0.993674 0.0900019
37.9449 8.50448 -5.03648 -0.0648499 -0.993405 0.0945437
37.3724 8.4148 -6.10752 -0.0634538 -0.990922 0.118521
36.9858 8.34251 -6.9523 -0.0727568 -0.99026 0.118473
36.5962 8.25354 -7.88284 -0.0803246 -0.989211 0.122325
36.1682 8.16534 -8.95861 -0.0869825 -0.989675 0.113917
35.7132 8.08578 -10.1174 -0.104612 -0.98915 0.103141
35.1608 8.02709 -11.321 -0.11563 -0.988875 0.0935763
34.6711 8.01481 -12.0781 -0.12343 -0.988537 0.0869445
34.1556 8.01148 -12.8493 -0.124356 -0.988961 0.0805343
33.2035 8.03946 -14.0047 -0.116869 -0.990413 0.0736384
32.2463 8.1043 -14.7375 -0.117484 -0.991035 0.0635838
31.1278 8.19412 -15.3755 -0.111914 -0.992074 0.0571382
30.3447 8.24555 -15.9445 -0.103563 -0.992897 0.0583349
29.5507 8.29089 -16.4788 -0.0934234 -0.993597 0.0635341
28.4881 8.34655 -17.1273 -0.083287 -0.994654 0.0610502
27.6125 8.39021 -17.6093 -0.0820906 -0.995001 0.056679
26.5876 8.4396 -18.1555 -0.081075 -0.994582 0.0650583
25.3951 8.50819 -18.6291 -0.0867279 -0.994459 0.0593617
24.3189 8.56247 -19.2956 -0.0743947 -0.995719 0.0546874
23.2802 8.61175 -19.7332 -0.0641981 -0.996341 0.0558916
22.1954 8.65426 -20.0386 -0.0540745 -0.996911 0.0569531
21.2696 8.67715 -20.2905 -0.0281886 -0.997908 0.0579426
19.9161 8.69114 -20.5757 -0.0208539 -0.99778 0.0632527
18.8841 8.70387 -20.7468 -0.0175937 -0.997119 0.0737909
17.9942 8.70624 -20.9269 -0.0136956 -0.996989 0.0762244
17.0728 8.71044 -21.0807 -0.0190354 -0.996089 0.0862767
16.1118 8.70623 -21.2741 -0.0120805 -0.995851 0.0901688
15.0024 8.68588 -21.6471 -0.0103757 -0.995488 0.0942785
13.7583 8.66552 -22.0028 -0.0150461 -0.995175 0.0969582
12.761 8.65965 -22.1961 -0.0112521 -0.995079 0.0984448
11.5571 8.67008 -22.2699 -0.0181355 -0.995223 0.0959283
10.3311 8.68613 -22.3752 -0.0270378 -0.99561 0.0896038
9.24138 8.70662 -22.4375 -0.0203372 -0.996114 0.0856869
8.08137 8.72172 -22.55 -0.0172683 -0.996401 0.0828519
7.18602 8.7259 -22.6526 -0.0140366 -0.996689 0.0800874
5.96556 8.73309 -22.7547 -0.0113233 -0.996847 0.0785403
4.58567 8.73794 -22.8798 -0.0105708 -0.997138 0.0748583
3.51851 8.75332 -22.8329 -0.0148675 -0.997121 0.0742939
2.56504 8.77884 -22.7138 -0.0185173 -0.997136 0.0733215
1.48823 8.81177 -22.6002 -0.0285798 -0.997338 0.0670868
0.590808 8.85086 -22.449 -0.0334611 -0.99714 0.0677593
-0.420497 8.89415 -22.221 -0.0284739 -0.997862 0.0588329
-1.38762 8.94286 -21.8081 -0.0233636 -0.998387 0.0517299
-2.33605 8.98303 -21.4763 -0.0205743 -0.998641 0.0475703
-3.27914 9.02003 -21.0408 -0.0201752 -0.998871 0.0430157
-4.23163 9.05534 -20.4857 -0.0122989 -0.999361 0.0335646
-5.06731 9.08414 -19.9091 -0.00739614 -0.999541 0.0291734
-5.84724 9.10699 -19.2189 -0.00217382 -0.999661 0.0257046
-6.65336 9.12481 -18.4852 -0.00186308 -0.999735 0.0229591
-7.48778 9.14011 -17.6393 0.00226253 -0.99986 0.0162733
-8.2207 9.15301 -16.5058 0.00740725 -0.999889 0.0124317
-8.59979 9.15887 -15.5472 0.010022 -0.999884 0.0114095
-9.0551 9.16649 -14.1144 0.0171909 -0.999825 0.00737157
-9.35925 9.16829 -13.2122 0.0201456 -0.999776 0.00648496
-9.71251 9.16945 -11.9618 0.0216108 -0.999749 0.00558834
-10.0652 9.16514 -10.9322 0.0230506 -0.999731 0.00268804
-10.3564 9.16054 -10.0018 0.0249436 -0.999687 0.000447854
-10.8109 9.14953 -8.80287 0.0298268 -0.999551 0.000723115
-11.1937 9.13632 -7.88605 0.0324239 -0.999471 0.000988649
-11.7184 9.11602 -7.01755 0.0423446 -0.999101 -0.00181641
-12.7712 9.06983 -6.18179 0.0467481 -0.998896 -0.00149507
-13.7057 9.02175 -5.94607 0.0523203 -0.998626 -0.00226628
-14.6177 8.97141 -5.9122 0.0568891 -0.998379 -0.00186926
-15.9341 8.89341 -5.89599 0.062131 -0.998056 -0.00487386
-17.6208 8.77865 -5.98568 0.0747489 -0.997152 -0.0100173
-18.6546 8.696 -6.09993 0.0850407 -0.996354 -0.00687281
-19.7043 8.60641 -6.08133 0.0868479 -0.996199 -0.00644973
-20.661 8.51993 -5.90406 0.091428 -0.995769 -0.00860143
-21.6362 8.42036 -5.77765 0.103193 -0.994619 -0.00918277
-22.798 8.2974 -5.48156 0.106907 -0.994264 -0.00313892
-23.7186 8.1963 -5.12899 0.107446 -0.994189 -0.00629785
-24.5813 8.10228 -4.69595 0.106381 -0.994296 -0.00740897
-25.5057 8.00393 -4.36941 0.100467 -0.994905 -0.00839839
-26.7177 7.87974 -3.87178 0.0988871 -0.995085 -0.00520317
-27.8325 7.77099 -3.22639 0.0836613 -0.996457 -0.0012861
-28.7934 7.69613 -2.4977 0.0730722 -0.997241 -0.0102097
-29.5834 7.62355 -1.68072 0.0723865 -0.997217 -0.0178335
-30.2219 7.56435 -0.957603 0.0781343 -0.996799 -0.0169248
-30.744 7.50988 -0.221719 0.0747437 -0.996751 -0.0298954
-31.2442 7.46051 0.693675 0.037245 -0.998834 -0.0307026
-31.6497 7.41963 1.5664 0.0330753 -0.998759 -0.036397
-32.0199 7.37988 2.83376 0.00747868 -0.999893 -0.0125501
-32.1027 7.37139 3.87366 0.038625 -0.999172 -0.0124936
-32.1239 7.35819 4.78194 0.0409779 -0.999068 -0.0135602
-31.9799 7.35772 5.76239 0.0219638 -0.999646 -0.0150233
-31.5829 7.35301 6.7972 0.0248481 -0.999655 -0.00324715
-31.1499 7.36835 7.63611 0.0335668 -0.999426 0.00258987
-30.5068 7.38801 8.61284 0.0357244 -0.999325 -0.00860299
-29.7336 7.41888 9.48279 0.0629297 -0.997965 -0.00213245
-28.9017 7.46119 10.2506 0.0653182 -0.9978 -0.0107228
-28.09 7.50479 10.9359 0.0657612 -0.997644 -0.0195348
-27.4201 7.55126 11.6921 0.0949912 -0.995298 -0.0189485
-26.5452 7.61319 12.9073 0.0979877 -0.995009 -0.0188693
-25.8836 7.66329 14.2343 0.107804 -0.994152 -0.00633104
-25.7601 7.67301 15.2754 0.107991 -0.994017 0.0159306
-25.8472 7.68164 16.2162 0.105434 -0.994247 0.0188666
-26.8016 7.5849 16.4544 0.1055 -0.99424 0.0188807
-26.6345 7.57676 14.9467 0.105747 -0.994324 0.0041625
-26.9591 7.54933 14.0319 0.102811 -0.994613 -0.013243
-27.9289 7.51395 12.5348 0.0619858 -0.997594 -0.0310366
-28.5333 7.4717 11.7916 0.0515183 -0.998668 -0.00267952
-29.6941 7.42506 10.7799 0.0348158 -0.999349 0.00387756
-30.9297 7.36185 9.57325 0.039839 -0.999131 0.00127311
-31.5099 7.34686 8.86715 0.0390619 -0.999177 -0.0108857
-32.2291 7.34407 7.75195 0.0181857 -0.999659 0.0187313
-32.6723 7.34088 6.69611 -0.00645272 -0.999972 -0.00366237
-32.9606 7.34723 5.71459 -0.0249137 -0.999542 0.0171702
-33.1054 7.3347 4.61381 -0.0139001 -0.999522 -0.00952412
-32.9975 7.36871 3.14792 0.00762832 -0.999885 -0.0131074
-32.88 7.38135 2.21625 0.00723388 -0.999895 -0.0125567
-32.5798 7.40567 1.30382 0.00594275 -0.999477 -0.0317947
-32.2368 7.43301 0.43868 0.00972714 -0.999876 0.00329761
-31.7275 7.45568 -0.53325 0.0555459 -0.998456 0.000190444
-31.1706 7.49804 -1.35207 0.0766585 -0.9969 -0.0176975
-30.4453 7.56993 -2.13816 0.0741436 -0.997038 -0.0201813
-29.7982 7.62999 -2.82648 0.0659208 -0.997637 -0.017413
-28.933 7.68667 -3.61513 0.0682084 -0.997616 0.00250321
-27.5132 7.80561 -4.48427 0.0919151 -0.995714 -0.00831623
-26.64 7.89551 -4.9395 0.100649 -0.994865 -0.0106896
-25.3729 8.02801 -5.41808 0.0991578 -0.995011 -0.010977
-24.466 8.11787 -5.79834 0.107506 -0.994204 -0.00101205
-23.6315 8.21251 -6.15385 0.108266 -0.994097 -0.00658768
-21.9694 8.39523 -6.67066 0.105233 -0.994395 -0.00987266
-20.8822 8.5099 -6.8466 0.0955736 -0.99532 -0.0116489
-19.7798 8.60726 -7.10083 0.0837283 -0.996461 -0.00731215
-18.4903 8.71665 -7.04812 0.0890004 -0.995892 -0.014525
-17.2567 8.8135 -6.93127 0.0782378 -0.99691 -0.00698865
-16.1444 8.8892 -6.80435 0.0638293 -0.99784 -0.015537
-15.1983 8.94201 -6.8279 0.0554598 -0.998437 -0.00668738
-13.8291 9.02081 -6.79395 0.0530376 -0.99853 -0.00922964
-12.7654 9.0726 -7.22255 0.0404814 -0.999176 -0.00295053
-12.1507 9.10006 -7.89387 0.0416671 -0.999114 -0.00537431
-11.6891 9.12198 -9.05331 0.0315275 -0.999502 -0.00118066
-11.4054 9.13353 -9.95144 0.0256768 -0.999669 -0.00138118
-11.1218 9.14011 -10.8328 0.0242124 -0.999704 0.00227732
-10.7375 9.14701 -11.8308 0.0215734 -0.99976 0.00385485
-10.4533 9.14955 -12.803 0.0187749 -0.999806 0.00601162
-9.96829 9.15205 -14.1709 0.0152496 -0.999869 0.0047945
-9.68291 9.14909 -15.219 0.0128936 -0.999899 0.005934
-9.43871 9.14679 -16.1725 0.00508919 -0.999956 0.00784353
-8.98564 9.14185 -17.1963 0.00229381 -0.999949 0.00880571
-8.22562 9.12858 -18.2495 -0.00059211 -0.999928 0.0119623
-7.46969 9.11613 -19.0087 -0.00463675 -0.999833 0.0172768
-6.70803 9.09661 -19.7909 -0.00348889 -0.999786 0.0204077
-5.96462 9.0776 -20.3831 -0.00682753 -0.999684 0.0241917
-5.1972 9.0565 -20.9289 -0.0119405 -0.999524 0.0281544
-3.77879 8.99931 -21.7771 -0.0216601 -0.998902 0.0415218
-2.35461 8.93378 -22.4776 -0.0264497 -0.998473 0.0484938
-1.49669 8.89407 -22.8198 -0.0306558 -0.998195 0.0516462
-0.0571211 8.81987 -23.3098 -0.0371832 -0.99764 0.0576685
0.987052 8.76568 -23.5287 -0.04965 -0.995898 0.0732809
2.10535 8.71558 -23.6764 -0.031507 -0.996201 0.0811789
3.11051 8.69156 -23.7231 -0.0178473 -0.996642 0.0799181
4.03712 8.67364 -23.7855 -0.0122995 -0.996937 0.0772137
4.96178 8.66627 -23.7504 -0.0113019 -0.99687 0.0782429
6.42448 8.65986 -23.6208 -0.0112855 -0.99687 0.0782539
7.55732 8.65066 -23.5556 -0.0139189 -0.996952 0.0767679
8.99217 8.63709 -23.3651 -0.0221407 -0.996865 0.0759607
10.181 8.59272 -23.3756 -0.0365504 -0.995112 0.0909971
11.3143 8.57365 -23.255 -0.0200463 -0.994514 0.102663
12.3984 8.55493 -23.2299 -0.0193861 -0.994467 0.103248
13.3332 8.56229 -23.0416 -0.0116439 -0.994226 0.106673
14.3663 8.58112 -22.7788 -0.00814173 -0.994978 0.0997352
15.8732 8.61774 -22.2919 -0.00709944 -0.995703 0.0922255
16.9403 8.62787 -22.0519 -0.0058822 -0.99623 0.0863582
18.0393 8.62778 -21.9291 -0.00992967 -0.996935 0.0775976
18.9384 8.63314 -21.6804 -0.0174613 -0.997042 0.0748514
20.1318 8.62417 -21.4686 -0.020734 -0.996668 0.0788884
21.1438 8.62054 -21.284 -0.0231312 -0.998112 0.0569001
22.2074 8.61329 -20.988 -0.0334682 -0.998298 0.0448157
23.8448 8.53494 -20.5034 -0.069272 -0.996653 0.0431479
25.0588 8.46463 -19.9812 -0.0908563 -0.994806 0.0458841
26.078 8.40264 -19.3973 -0.0906062 -0.993477 0.0692456
27.1206 8.3496 -18.9577 -0.0703728 -0.995472 0.0637966
28.3502 8.29799 -18.2233 -0.080948 -0.995348 0.0522455
29.2178 8.25218 -17.7119 -0.0852893 -0.995004 0.051868
30.0167 8.20582 -17.2596 -0.0941591 -0.994164 0.0520347
31.2363 8.11743 -16.5251 -0.104561 -0.993249 0.0502301
32.0542 8.05462 -15.9391 -0.116863 -0.991609 0.0552686
33.2801 7.94627 -15.239 -0.128594 -0.989468 0.0664649
34.3349 7.88414 -14.167 -0.125881 -0.98966 0.0687538
35.0131 7.86024 -13.3905 -0.122488 -0.98905 0.0823262
35.5637 7.86199 -12.5498 -0.122522 -0.987978 0.0942593
36.0298 7.88462 -11.7206 -0.118264 -0.988147 0.0977583
36.611 7.96006 -10.3545 -0.114912 -0.987674 0.106279
37.1026 8.05639 -9.07766 -0.108533 -0.986479 0.122797
37.4411 8.15574 -8.12546 -0.0807067 -0.988466 0.128142
38.0669 8.30512 -6.68984 -0.0590266 -0.989983 0.127712
38.4936 8.38008 -5.84455 -0.0468458 -0.99122 0.123105
39.4029 8.47557 -4.59811 -0.0386385 -0.996942 0.0679305
40.6997 8.41207 -3.83615 -0.088134 -0.99371 0.0684107
41.9159 8.31193 -3.29059 -0.148541 -0.986574 0.0632272
43.2433 8.09555 -3.49904 -0.149642 -0.984172 0.0937527
44.6051 7.88904 -3.32519 -0.175113 -0.981267 0.0776891
45.6983 7.68854 -3.10628 -0.218321 -0.970742 0.0933151
46.577 7.51537 -2.9353 -0.198255 -0.966344 0.163933
47.9635 7.30864 -2.67301 -0.156722 -0.978253 0.135011
48.8383 7.19656 -2.38643 -0.163546 -0.978927 0.122276
49.8786 7.08649 -1.88683 -0.162269 -0.979315 0.120874
50.9331 6.99486 -1.13837 -0.171739 -0.97794 0.118907
51.7965 6.91613 -0.468349 -0.179763 -0.975723 0.125098
52.7018 6.84848 0.401768 -0.19548 -0.973477 0.118872
53.4206 6.81073 1.2352 -0.201039 -0.971851 0.122606
54.4033 6.7385 2.27843 -0.202251 -0.971443 0.124066
54.9985 6.70604 3.05666 -0.215824 -0.97007 0.111286
55.6186 6.68124 4.08136 -0.226691 -0.967849 0.108983
56.1899 6.69984 5.46289 -0.233743 -0.966877 0.102507
56.763 6.70859 6.99408 -0.246476 -0.965346 0.0856145
57.0861 6.69702 7.90433 -0.253813 -0.965204 0.0629308
57.2019 6.72714 8.8333 -0.251596 -0.965743 0.0635174
57.4284 6.72825 10.0719 -0.246899 -0.968433 0.0317106
57.5651 6.71231 11.2945 -0.248591 -0.968523 0.0128775
57.6264 6.68656 12.6491 -0.246895 -0.96885 -0.0193177
57.5172 6.68601 13.7793 -0.246027 -0.968426 -0.0370584
57.4335 6.67025 14.9004 -0.260818 -0.964822 -0.0330387
57.1832 6.68504 15.8142 -0.24662 -0.967186 -0.0610748
56.733 6.72024 17.0244 -0.248546 -0.966372 -0.0659499
56.3032 6.76678 17.9249 -0.239594 -0.967913 -0.0754161
55.8411 6.8049 18.7863 -0.230151 -0.968721 -0.0927944
55.3402 6.81197 19.9492 -0.220588 -0.969747 -0.103724
54.3146 6.9133 20.9666 -0.208201 -0.970375 -0.12246
53.611 6.94045 21.8339 -0.196566 -0.967819 -0.157063
52.8599 6.9599 22.624 -0.193714 -0.967684 -0.161433
52.1154 6.99399 23.2848 -0.180615 -0.969871 -0.163488
51.3245 7.00572 24.1122 -0.179222 -0.971356 -0.155978
50.4643 7.04842 24.8051 -0.175276 -0.972889 -0.150708
49.5892 7.10641 25.4507 -0.169388 -0.974473 -0.147346
48.4154 7.2068 26.1291 -0.167492 -0.974613 -0.148579
46.928 7.39701 26.5572 -0.165118 -0.975537 -0.145084
45.7456 7.59132 26.5449 -0.155507 -0.977566 -0.142066
44.7899 7.77536 26.3703 -0.152293 -0.979995 -0.128126
43.8035 7.93983 26.2846 -0.148071 -0.980002 -0.132782
42.8936 8.0923 26.2956 -0.161403 -0.982764 -0.0901311
41.7434 8.24614 26.5599 -0.126965 -0.987889 -0.0888331
40.8585 8.3232 27.0914 -0.129456 -0.990346 -0.0495553
40.0393 8.3959 27.7674 -0.0876377 -0.995482 -0.0365288
39.3341 8.42533 28.5034 -0.0895868 -0.994637 -0.0516497
38.4041 8.46105 29.5904 -0.0876378 -0.995268 -0.0417084
37.3372 8.50277 30.559 -0.0867582 -0.994805 -0.0529397
36.3036 8.5715 31.2656 -0.0994583 -0.994314 -0.0375877
35.3349 8.64363 31.9228 -0.101849 -0.99444 -0.0267497
34.3344 8.699 32.6809 -0.0686446 -0.997243 -0.0281717
33.3916 8.7535 33.1187 -0.0747683 -0.997052 -0.0160654
32.4792 8.77647 33.6721 -0.0196002 -0.999808 -0.000160047
31.2444 8.73613 34.6894 -0.00901802 -0.999057 -0.0424823
30.5075 8.68601 35.3421 0.00661744 -0.997486 -0.0705561
29.5886 8.62258 36.1181 0.0119314 -0.996704 -0.0802418
28.6246 8.57426 36.5711 0.0109893 -0.996501 -0.0828472
27.7299 8.51951 37.1146 0.0127993 -0.996223 -0.0857995
26.5864 8.45293 37.704 0.0100807 -0.995918 -0.0896937
25.6748 8.38794 38.2562 0.014191 -0.995391 -0.0948409
24.8999 8.31638 38.8318 0.00945137 -0.994275 -0.106429
24.0992 8.24585 39.3893 0.014635 -0.993596 -0.112039
23.0249 8.16257 39.9698 0.018341 -0.992369 -0.12184
22.1856 8.06535 40.6353 0.00417447 -0.991128 -0.132844
21.1951 7.99303 41.1712 -0.00128698 -0.991432 -0.13062
20.1156 7.90194 41.7405 0.00353349 -0.989045 -0.147573
18.9834 7.86488 41.9744 -0.00682623 -0.986566 -0.163219
18.0527 7.81935 42.2884 -0.0127524 -0.986176 -0.165089
16.4049 7.81547 42.4981 -0.0225913 -0.985344 -0.169025
15.0871 7.84068 42.5503 -0.0279569 -0.984227 -0.174636
14.0091 7.88272 42.5398 -0.0447526 -0.983001 -0.178065
13.0847 7.94309 42.4491 -0.0450956 -0.983624 -0.174481
12.1441 7.9941 42.4031 -0.0534956 -0.98375 -0.171358
10.6884 8.08287 42.3871 -0.0561352 -0.984833 -0.16407
9.04264 8.22169 42.1346 -0.0592785 -0.987487 -0.145631
7.76415 8.32108 41.9477 -0.0650014 -0.988547 -0.136199
6.78704 8.38443 41.9017 -0.0670347 -0.989718 -0.126349
5.72217 8.47578 41.6754 -0.046443 -0.992303 -0.114799
4.77142 8.56879 41.4304 -0.0643598 -0.993202 -0.0965917
3.61711 8.66448 41.1019 -0.0550646 -0.994342 -0.0908352
2.53738 8.75773 40.7329 -0.049543 -0.996464 -0.0676058
1.67035 8.8151 40.4855 -0.0412137 -0.997422 -0.0581911
0.328522 8.9063 39.6725 -0.0323733 -0.998223 -0.0497487
-0.551142 8.95289 39.2142 -0.0316481 -0.99849 -0.0448236
-1.60692 9.01273 38.4772 -0.0285203 -0.998933 -0.0363211
-2.76604 9.05284 37.677 -0.0120054 -0.999541 -0.0278157
-3.51369 9.0712 37.1747 -0.00645455 -0.999606 -0.027316
-4.46719 9.09044 36.6001 0.000809131 -0.999732 -0.0228102
-5.2117 9.09895 36.0561 0.00626173 -0.999713 -0.0230402
-6.41246 9.09785 35.5001 0.0122882 -0.999765 -0.0178663
-7.47362 9.08678 35.2908 0.0151486 -0.999748 -0.0165937
-8.51972 9.08052 34.6251 0.0148272 -0.999843 -0.00974885
-9.4759 9.0715 33.964 0.0177976 -0.999803 -0.00868404
-10.4037 9.05954 33.1595 0.0232508 -0.999715 -0.0051308
-11.4758 9.03503 32.3999 0.0268855 -0.999632 -0.00349736
-12.4252 8.9978 31.9079 0.0470985 -0.998884 0.0034876
-13.8189 8.92633 31.6265 0.0558094 -0.998408 0.00817452
-14.7125 8.87576 31.9469 0.0587538 -0.998257 0.00560052
-15.6526 8.82053 32.1046 0.0660421 -0.997784 0.00794538
-16.7303 8.75203 32.3276 0.0650659 -0.997858 0.00679639
-17.9488 8.67002 32.5486 0.0706606 -0.997454 0.00965064
-18.8494 8.6059 32.6549 0.072127 -0.997355 0.00897574
-19.8785 8.53201 32.711 0.0722329 -0.997348 0.00887248
-20.8444 8.45758 32.6202 0.0730761 -0.997312 0.000806237
-22.221 8.37122 32.4413 0.0565362 -0.998393 0.00379867
-23.7557 8.29549 31.9052 0.0353022 -0.999152 0.0199916
-24.782 8.24392 31.4608 0.02393 -0.99914 0.0300859
-25.6468 8.20618 31.1766 0.0361432 -0.999228 0.0153701
-26.6074 8.19087 30.6455 -0.0238897 -0.997674 0.0305714
-27.3984 8.12228 29.785 -0.0109769 -0.996536 0.0821044
-28.158 8.05422 28.8511 0.00176351 -0.99773 0.0673201
-28.594 7.9861 27.8559 -0.00497742 -0.99731 0.0731303
-28.9027 7.92409 26.9466 -0.00411932 -0.998323 0.0564204
-29.2408 7.87552 25.9454 0.00639345 -0.998501 0.0543544
-29.2408 7.82219 24.985 0.0155737 -0.998125 0.0588158
-29.1055 7.77218 23.9605 0.0184352 -0.998975 0.041351
-28.8102 7.73933 23.0353 0.0200413 -0.998984 0.0403239
-28.6834 7.67201 21.6687 0.0282274 -0.998083 0.0550797
-28.3564 7.64653 20.7328 0.0511447 -0.997596 0.0458402
-27.9892 7.61448 19.8045 0.0519819 -0.997133 0.054988
-27.6168 7.60368 18.8277 0.0769467 -0.996508 0.0323448
-27.1394 7.6038 17.693 0.0803939 -0.996313 0.0299513
-26.9993 7.60041 17.204 0.0845121 -0.995628 0.0385954
-26.815 7.58498 16.5335 0.0970649 -0.994592 0.03306
