-41.425 98.1608 -21.6358 -0.118899 -0.937877 0.32472
-41.3292 97.7446 -22.5992 -0.117115 -0.906387 0.405889
-41.4271 97.3077 -23.5245 -0.095766 -0.87455 0.475386
-41.5205 96.8573 -24.3653 -0.0975755 -0.856453 0.506516
-41.9456 97.2095 -23.8399 -0.160895 -0.868971 0.467976
-42.3934 97.7686 -22.9403 -0.164559 -0.888203 0.427485
-43.0372 98.2103 -22.1868 -0.158728 -0.914376 0.372454
-43.7884 98.6512 -21.4277 -0.171022 -0.927863 0.331392
-44.4692 98.9916 -20.6883 -0.167215 -0.96385 0.206549
-45.0317 99.2834 -19.5509 -0.127838 -0.983663 0.12435
-44.9412 99.3695 -18.3933 -0.133717 -0.988657 0.0683903
-44.643 99.3243 -17.2848 -0.15815 -0.986309 -0.0467149
-44.4147 99.249 -16.3909 -0.154177 -0.98715 -0.0419981
-44.1724 99.1191 -15.391 -0.146126 -0.985032 -0.0912687
-44.1036 98.999 -14.4112 -0.153011 -0.981354 -0.11633
-43.5652 98.8332 -13.7202 -0.148278 -0.981724 -0.11917
-43.2175 98.8834 -14.5334 -0.143545 -0.982096 -0.121993
-42.715 98.9385 -15.7925 -0.155049 -0.984835 -0.0778429
-42.3831 98.9526 -16.8727 -0.148989 -0.988141 -0.0371524
-42.0894 98.9053 -17.9514 -0.135892 -0.989967 0.0387142
-41.921 98.813 -18.9953 -0.140514 -0.986908 0.0774917
-41.8042 98.6654 -19.8764 -0.172663 -0.967774 0.183307
-41.5513 98.3419 -21.1112 -0.10518 -0.947548 0.30181
-41.4651 98.2112 -21.4917 -0.10518 -0.947548 0.301811
-40.4761 98.1774 -21.2121 -0.157208 -0.942692 0.289245
-40.7107 98.4537 -20.2304 -0.135639 -0.968793 0.205163
-40.9032 98.68 -19.01 -0.14371 -0.978938 0.145011
-41.1615 98.79 -17.6625 -0.122375 -0.991291 0.0437615
-41.4211 98.7938 -16.7115 -0.160622 -0.985811 -0.0487523
-41.7786 98.7825 -15.5512 -0.147528 -0.985276 -0.0855001
-42.0881 98.7409 -14.6478 -0.151525 -0.983661 -0.097219
-42.4183 98.6695 -13.666 -0.13405 -0.982055 -0.132661
-42.9947 98.565 -12.4207 -0.116332 -0.981506 -0.152027
-43.5496 98.4429 -11.3466 -0.104143 -0.977733 -0.182186
-44.1555 98.3964 -10.795 -0.0980468 -0.972857 -0.209457
-44.3804 98.61 -11.7354 -0.114168 -0.976311 -0.183798
-44.6327 98.8232 -12.6958 -0.126447 -0.977044 -0.170322
-44.9735 99.0869 -14.008 -0.147341 -0.979019 -0.138815
-45.1398 99.247 -14.9572 -0.181452 -0.974398 -0.132756
-45.3846 99.3841 -16.1493 -0.184066 -0.979683 -0.0790952
-45.7 99.5052 -17.3747 -0.17514 -0.983452 -0.0463471
-45.9192 99.5357 -18.2595 -0.161953 -0.985084 0.0522115
-46.0549 99.4941 -19.2025 -0.18325 -0.981013 0.0635003
-45.9571 99.3265 -20.257 -0.199459 -0.962916 0.178923
-45.5017 99.0442 -21.041 -0.122001 -0.95765 0.260811
-44.7372 98.6697 -21.8608 -0.16639 -0.928608 0.331665
-43.9614 98.2048 -22.6551 -0.179629 -0.897542 0.402681
-43.4223 97.7766 -23.3133 -0.219578 -0.866866 0.447582
-42.9741 97.3171 -23.9937 -0.151473 -0.857272 0.491296
-42.5262 96.7415 -24.8159 -0.142858 -0.844802 0.515654
-42.1284 96.1862 -25.5525 -0.109298 -0.806097 0.581411
-41.8436 95.5537 -26.3488 -0.0887153 -0.771358 0.628129
-41.7089 94.9456 -27.0196 -0.0628266 -0.745917 0.663069
-41.3842 94.7956 -27.1713 -0.00422801 -0.750343 0.661035
-40.8812 95.5873 -26.1568 -0.0617433 -0.813672 0.578036
-40.4845 96.2108 -25.2068 -0.105285 -0.834596 0.540708
-40.3557 96.8567 -24.1164 -0.0890873 -0.868909 0.486889
-40.3182 97.4677 -22.9182 -0.121898 -0.904716 0.408196
-40.3463 97.8495 -22.0424 -0.148862 -0.931052 0.332876
-40.4211 98.0518 -21.5279 -0.158167 -0.926603 0.341161
-39.4801 98.0247 -21.1651 -0.148855 -0.931055 0.332872
-39.7518 98.3722 -20.0059 -0.123235 -0.971808 0.188242
-39.9019 98.5472 -18.8793 -0.154927 -0.977526 0.142973
-40.038 98.6296 -17.7396 -0.141938 -0.98963 0.0147623
-40.3036 98.6671 -16.7988 -0.127405 -0.991131 -0.0243996
-40.8212 98.6459 -15.3214 -0.105321 -0.991586 -0.0735503
-41.1684 98.5884 -14.2739 -0.0976794 -0.991101 -0.0902985
-41.7265 98.471 -12.7459 -0.0928904 -0.988894 -0.116021
-42.2375 98.3723 -11.7471 -0.0824502 -0.984787 -0.15296
-42.7729 98.237 -10.6834 -0.0720987 -0.981699 -0.176266
-43.1393 98.0961 -9.81783 -0.0698014 -0.974661 -0.212513
-43.3839 97.9041 -8.90208 -0.0623775 -0.967225 -0.24614
-43.6221 97.71 -8.03887 -0.0351606 -0.970799 -0.236482
-44.104 97.453 -7.05903 -0.0155128 -0.963737 -0.266403
-44.597 97.6697 -7.7375 -0.060494 -0.955768 -0.287833
-44.842 98.0552 -9.04101 -0.0845217 -0.967026 -0.240168
-45.0538 98.349 -10.1486 -0.104557 -0.96761 -0.229314
-45.3524 98.6249 -11.251 -0.115711 -0.966998 -0.226307
-45.6552 98.9299 -12.4991 -0.144817 -0.971812 -0.185889
-45.8619 99.1463 -13.5102 -0.14832 -0.9742 -0.169701
-46.1293 99.4072 -14.8366 -0.151895 -0.977824 -0.143042
-46.4076 99.5763 -16.0413 -0.186068 -0.980392 -0.060757
-46.7082 99.6811 -17.2958 -0.177413 -0.983201 -0.0426823
-46.9047 99.7203 -18.2507 -0.221534 -0.975141 0.00482919
-47.0467 99.7012 -19.1705 -0.22581 -0.970644 0.0828257
-47.0717 99.505 -20.4623 -0.218928 -0.954574 0.202138
-46.6028 99.2106 -21.3287 -0.209097 -0.940362 0.267806
-45.988 98.878 -21.9913 -0.212139 -0.930171 0.298949
-45.2208 98.4488 -22.7641 -0.199208 -0.910607 0.358257
-44.4354 97.8731 -23.6058 -0.201488 -0.893289 0.401172
-43.8835 97.3172 -24.3578 -0.203875 -0.844295 0.495582
-43.376 96.6532 -25.2033 -0.183357 -0.78899 0.586409
-43.0544 96.0829 -25.8701 -0.196779 -0.791694 0.578137
-42.8508 95.4893 -26.5172 -0.0633081 -0.745303 0.663713
-42.6773 94.515 -27.5448 -0.0157817 -0.703805 0.710218
-42.604 93.7585 -28.3114 0.0124706 -0.719665 0.693967
-42.6246 92.8187 -29.2496 0.0421548 -0.704191 0.708618
-41.8104 92.982 -29.1416 0.0363035 -0.721275 0.691484
-41.0955 93.6176 -28.4865 0.0256696 -0.731692 0.681152
-40.4705 94.3599 -27.6616 -0.0031743 -0.751611 0.659599
-40.0652 94.9345 -26.9886 -0.0375273 -0.812209 0.581641
-39.6151 95.7187 -25.8919 -0.013316 -0.810744 0.58525
-39.3731 96.3779 -24.7885 -0.0320898 -0.855847 0.516205
-39.3143 97.0454 -23.6029 -0.0804644 -0.867246 0.491335
-39.2812 97.476 -22.5833 -0.109894 -0.911809 0.39511
-39.3642 97.8094 -21.7358 -0.139555 -0.935507 0.324579
-38.3698 97.7643 -21.602 -0.0768018 -0.937397 0.339598
-38.5979 98.0919 -20.5602 -0.0857736 -0.96907 0.231402
-38.7877 98.2951 -19.649 -0.102408 -0.985759 0.13124
-38.9408 98.4556 -18.3534 -0.0795137 -0.995143 0.0580337
-39.1336 98.5181 -17.1364 -0.0914993 -0.99546 0.00964953
-39.4725 98.547 -16.0739 -0.0810782 -0.995591 -0.0470055
-39.9153 98.5232 -14.8988 -0.0826556 -0.994503 -0.0627365
-40.2691 98.457 -13.8087 -0.0802658 -0.991813 -0.0987449
-40.5526 98.3887 -12.9529 -0.0862939 -0.990497 -0.107097
-40.9882 98.3038 -12.0248 -0.0914637 -0.987155 -0.130866
-41.4493 98.192 -11.054 -0.0855016 -0.982525 -0.165329
-41.9645 98.0618 -10.0384 -0.0702768 -0.978163 -0.194689
-42.3583 97.8513 -8.88245 -0.0404305 -0.978205 -0.202976
-42.5955 97.6512 -7.95006 -0.0351609 -0.970799 -0.236482
-42.9814 97.3982 -6.91273 -0.00144698 -0.971123 -0.238535
-43.583 97.1144 -5.80007 0.00771147 -0.969469 -0.245092
-44.5326 96.8718 -4.92181 0.0469869 -0.96845 -0.242226
-45.2404 97.1302 -5.90855 -0.00454308 -0.958343 -0.284433
-45.5561 97.4961 -7.0291 -0.0287994 -0.949905 -0.31121
-45.7777 97.8568 -8.07459 -0.0880526 -0.954119 -0.286189
-45.8958 98.1583 -9.06661 -0.0820901 -0.958839 -0.271824
-46.0679 98.421 -9.99019 -0.104557 -0.96761 -0.229314
-46.4361 98.7414 -11.1355 -0.128819 -0.962841 -0.237368
-46.603 98.9899 -12.1193 -0.141486 -0.967318 -0.210422
-46.7887 99.2337 -13.1787 -0.154551 -0.972917 -0.171756
-47.0296 99.4678 -14.3336 -0.153322 -0.974598 -0.163219
-47.2662 99.6391 -15.3029 -0.148727 -0.980864 -0.125642
-47.4782 99.7857 -16.2401 -0.188246 -0.981319 -0.0396997
-47.785 99.8995 -17.6147 -0.187877 -0.981418 -0.0390006
-48.0013 99.9003 -18.955 -0.174447 -0.980936 0.0856336
-48.2329 99.7841 -20.2031 -0.174473 -0.972979 0.151228
-47.8543 99.4443 -21.458 -0.203316 -0.940159 0.27343
-47.2054 99.0852 -22.1953 -0.210745 -0.936387 0.280653
-46.5269 98.7304 -22.8211 -0.230275 -0.92447 0.303856
-45.7232 98.2125 -23.6548 -0.251014 -0.899045 0.358736
-45.0298 97.6146 -24.4471 -0.298294 -0.824041 0.48164
-44.5821 97.1004 -25.0471 -0.235795 -0.775077 0.586222
-44.1725 96.4543 -25.7647 -0.189447 -0.749275 0.629792
-43.9168 95.7748 -26.3959 -0.149641 -0.725522 0.670858
-43.6999 94.8349 -27.3047 -0.0706055 -0.671162 0.73794
-43.6205 94.1326 -27.9632 -0.0216699 -0.668336 0.743544
-43.6146 93.3355 -28.7012 0.0308786 -0.704952 0.708484
-43.6924 92.3454 -29.6407 0.0833537 -0.703218 0.705471
-43.5727 91.539 -30.4849 0.0609661 -0.71411 0.697373
-42.7675 91.2544 -30.8523 0.0637933 -0.720956 0.690011
-41.736 91.8587 -30.3051 0.0580259 -0.722656 0.688768
-40.9973 92.5288 -29.657 0.0363086 -0.721277 0.691481
-40.1042 93.3294 -28.86 0.0798947 -0.740894 0.666834
-39.5815 94.0184 -28.1354 0.0848881 -0.757372 0.647443
-39.0982 94.6461 -27.4131 0.034525 -0.783133 0.620895
-38.8019 95.167 -26.7067 0.02965 -0.833456 0.551769
-38.4426 95.932 -25.4767 -0.0142863 -0.86069 0.508661
-38.3268 96.5431 -24.4057 -0.0351012 -0.884869 0.464516
-38.2709 97.0886 -23.2972 -0.0536686 -0.918334 0.392077
-38.2701 97.4524 -22.4557 -0.0652498 -0.927886 0.365597
-38.3419 97.702 -21.7709 -0.070915 -0.939573 0.334923
-37.4263 97.7962 -21.3769 -0.0262477 -0.938279 0.344881
-37.2632 97.2899 -22.7367 -0.0142934 -0.927492 0.372282
-37.2492 96.9081 -23.6185 -0.00263105 -0.915287 0.402736
-37.3304 96.4902 -24.4739 0.0222715 -0.895869 0.443759
-37.3915 96.0161 -25.369 0.0455415 -0.863994 0.501438
-37.567 95.4658 -26.3013 0.0380402 -0.859485 0.509603
-37.8257 94.9617 -27.0742 0.033391 -0.839215 0.542774
-38.1034 94.4525 -27.7974 0.105284 -0.785427 0.609935
-38.6767 93.8088 -28.5221 0.134077 -0.756102 0.639014
-39.086 93.1412 -29.1873 0.0761759 -0.743346 0.664555
-39.7792 92.4267 -29.8969 0.0840865 -0.731576 0.676479
-40.7053 91.685 -30.5812 0.0724747 -0.731491 0.677989
-41.2644 91.1147 -31.1243 0.0598684 -0.721635 0.689673
-42.2095 90.5975 -31.5878 0.0641811 -0.710214 0.700833
-43.621 90.2188 -31.8345 0.0701118 -0.711896 0.698777
-44.3268 90.5475 -31.4309 0.067661 -0.712752 0.698145
-44.5838 91.156 -30.7853 0.0734564 -0.714172 0.696074
-44.7039 91.7714 -30.1289 0.0797624 -0.724031 0.685141
-44.8365 92.373 -29.4779 0.0833571 -0.703218 0.70547
-44.548 93.5999 -28.44 0.0227325 -0.647944 0.760968
-44.6536 94.8063 -27.4554 -0.0818457 -0.633532 0.766596
-44.7938 95.4974 -26.8406 -0.128151 -0.657455 0.742181
-45.1064 96.4215 -26.0389 -0.183799 -0.705039 0.684936
-45.538 97.2003 -25.4567 -0.353754 -0.769597 0.531582
-45.9842 97.7367 -24.8483 -0.372826 -0.797255 0.469552
-46.6515 98.3114 -24.1099 -0.295879 -0.907091 0.299401
-47.2613 98.7101 -23.4349 -0.229042 -0.929015 0.29049
-48.073 99.1094 -22.7813 -0.231246 -0.931215 0.281715
-48.8668 99.5127 -22.0244 -0.217189 -0.938693 0.267739
-49.3345 99.8277 -21.2725 -0.203691 -0.950052 0.234997
-49.2536 100.048 -20.1335 -0.215494 -0.965967 0.141981
-49.143 100.145 -19.2442 -0.239089 -0.964593 0.10784
-48.8573 100.145 -18.1227 -0.219685 -0.974994 -0.00303454
-48.6224 100.048 -16.9641 -0.224839 -0.973778 -0.0346232
-48.4406 99.9511 -16.0486 -0.230058 -0.969494 -0.0845037
-48.1509 99.77 -14.7971 -0.233397 -0.968557 -0.0861541
-47.834 99.4426 -13.3253 -0.184512 -0.969533 -0.161124
-47.6118 99.153 -12.1145 -0.167553 -0.964405 -0.204572
-47.3211 98.7146 -10.4943 -0.147274 -0.961292 -0.232871
-47.017 98.4473 -9.65386 -0.135482 -0.952241 -0.273165
-46.8838 98.1075 -8.52613 -0.117388 -0.947443 -0.296179
-46.8139 97.8001 -7.65008 -0.106005 -0.940978 -0.321439
-46.5161 97.4004 -6.5787 -0.0550438 -0.942019 -0.331015
-46.2134 97.0711 -5.62441 -0.0305613 -0.95442 -0.296897
-45.6953 96.6467 -4.20575 0.039495 -0.96332 -0.265433
-45.3013 96.3888 -3.33099 0.214695 -0.940101 -0.259412
-44.4545 96.6384 -3.5209 0.112662 -0.989296 -0.0927361
-43.6461 96.785 -4.14871 -0.0145998 -0.992452 -0.0744162
-42.9748 96.8881 -4.81927 -0.0393569 -0.971847 -0.232304
-42.3932 97.1399 -5.88337 -0.00219789 -0.969871 -0.243608
-41.8217 97.391 -6.89029 -0.00143952 -0.971123 -0.238535
-41.5543 97.604 -7.86544 -0.0264296 -0.978129 -0.206315
-41.2711 97.8248 -8.97819 -0.0215611 -0.981549 -0.189989
-40.7093 98.0121 -10.198 -0.0532562 -0.986425 -0.155305
-40.357 98.1232 -11.0399 -0.0526339 -0.986953 -0.152161
-39.7602 98.2584 -12.3574 -0.0582004 -0.992407 -0.108353
-39.3474 98.3449 -13.3891 -0.0476086 -0.994541 -0.0928548
-38.9608 98.4218 -14.5884 -0.0507544 -0.996942 -0.0594183
-38.4663 98.4601 -15.8321 -0.0331574 -0.999042 -0.0285617
-38.1695 98.4619 -16.8444 -0.0567011 -0.998267 0.0145781
-37.9164 98.4309 -17.7989 -0.0494118 -0.996998 0.0503084
-37.8453 98.3472 -18.7947 -0.0258414 -0.991242 0.119792
-37.6544 98.2087 -19.7509 -0.0671662 -0.979452 0.181956
-37.5742 98.0155 -20.521 -0.0630366 -0.972045 0.225367
-37.453 97.8555 -21.2176 -0.0364887 -0.956784 0.280407
