-19.23 104.549 -2.13605 0.18476 -0.9512 -0.246708
-19.8583 104.26 -1.52787 0.20917 -0.949694 -0.233086
-20.6806 103.918 -0.91137 0.243686 -0.940267 -0.237675
-21.6846 103.439 -0.0416186 0.253335 -0.936326 -0.242733
-22.3935 103.107 0.399071 0.274721 -0.925408 -0.261052
-21.5747 103.404 0.208612 0.255429 -0.936727 -0.239105
-20.6434 103.73 -0.116624 0.247326 -0.940207 -0.234182
-19.8108 104.02 -0.490821 0.206991 -0.952116 -0.225012
-19.106 104.336 -1.17799 0.195921 -0.951908 -0.235554
-18.5326 104.622 -1.88666 0.182024 -0.957143 -0.225265
-17.8826 104.968 -2.80275 0.178231 -0.955568 -0.234765
-18.4576 104.733 -2.29273 0.180714 -0.954773 -0.236117
-19.1589 104.571 -2.17316 0.175921 -0.954856 -0.239308
-19.5567 104.674 -2.86571 0.198384 -0.94746 -0.250925
-18.6716 105.001 -3.52129 0.17117 -0.95452 -0.244112
-17.9601 105.257 -4.05684 0.1587 -0.957846 -0.23947
-16.9706 105.557 -4.63 0.153015 -0.962822 -0.222622
-16.0804 105.804 -5.25288 0.083258 -0.974939 -0.205996
-15.3492 105.944 -5.62018 0.0426515 -0.978883 -0.199922
-14.4172 106.123 -6.31088 0.0338532 -0.978657 -0.202691
-13.832 106.234 -6.8615 -0.01188 -0.987736 -0.155678
-12.7134 106.287 -7.72845 -0.103016 -0.988492 -0.110779
-12.9506 106.206 -6.91136 -0.0522858 -0.985079 -0.163966
-13.659 106.138 -6.27633 -0.0509507 -0.985885 -0.159409
-14.6282 106.013 -5.78779 0.0472015 -0.980838 -0.188735
-14.9688 105.826 -4.94604 0.0549377 -0.981638 -0.182255
-15.7896 105.738 -4.80539 0.0797825 -0.977436 -0.195585
-16.0969 105.56 -4.04058 0.116402 -0.970128 -0.209105
-16.7697 105.198 -2.91032 0.161634 -0.960388 -0.226512
-17.4264 104.851 -1.96774 0.178405 -0.958421 -0.22265
-18.2782 104.441 -0.913478 0.183235 -0.958381 -0.218851
-18.9978 104.102 -0.0715027 0.205635 -0.954012 -0.217995
-19.8353 103.793 0.467505 0.22412 -0.947982 -0.225452
-20.7113 103.485 0.802922 0.247382 -0.940681 -0.232212
-21.6733 103.122 1.17174 0.263488 -0.932772 -0.245987
-22.6012 102.738 1.56235 0.29159 -0.923939 -0.247611
-23.3734 102.395 1.93462 0.300723 -0.921713 -0.244775
-24.4862 101.978 2.06354 0.323607 -0.913725 -0.245586
-24.3619 102.208 1.37251 0.323606 -0.913727 -0.245577
-23.5851 102.72 0.474924 0.298416 -0.91546 -0.269964
-22.6657 103.261 -0.434518 0.270675 -0.928866 -0.252677
-21.8751 103.66 -1.09146 0.253328 -0.936326 -0.242741
-20.8126 104.144 -1.87858 0.24327 -0.935669 -0.255623
-20.0737 104.463 -2.48036 0.198388 -0.947459 -0.250926
-20.6215 104.515 -3.12978 0.211352 -0.947944 -0.238185
-19.8321 104.845 -3.73692 0.199314 -0.949876 -0.24037
-18.8305 105.22 -4.48405 0.164967 -0.95597 -0.242598
-17.9535 105.517 -5.09288 0.158519 -0.958209 -0.238131
-17.1243 105.763 -5.59888 0.14303 -0.962093 -0.232204
-16.284 105.975 -6.10063 0.0825897 -0.972007 -0.219959
-15.2863 106.179 -6.75218 0.0435774 -0.978337 -0.202381
-14.2705 106.362 -7.58736 -0.0220134 -0.980435 -0.195606
-13.4668 106.442 -8.227 -0.0649522 -0.987193 -0.145711
-12.3594 106.433 -8.98773 -0.134698 -0.980916 -0.140213
-11.4436 106.363 -9.46983 -0.269508 -0.95378 -0.116122
-10.2654 106.071 -10.2827 -0.366275 -0.914182 -0.170962
-9.34729 105.742 -10.7137 -0.400963 -0.902884 -0.15501
-8.53001 105.31 -11.0011 -0.557664 -0.826429 -0.077631
-7.3909 104.553 -11.2109 -0.56908 -0.821392 -0.0382451
-6.3912 103.862 -11.0374 -0.560122 -0.827659 -0.0352539
-5.2849 103.116 -10.8084 -0.551765 -0.833996 0.00249613
-4.50126 102.625 -10.6071 -0.48297 -0.875135 0.0296459
-3.66299 102.14 -10.4834 -0.522919 -0.847856 0.0856594
-2.88145 101.71 -10.174 -0.529555 -0.841387 0.104549
-2.10549 101.308 -9.73749 -0.500427 -0.849786 0.165639
-2.13618 101.374 -9.45867 -0.492228 -0.861225 0.126502
-2.99512 101.82 -9.50063 -0.455435 -0.886721 0.0607851
-3.76333 102.252 -9.51293 -0.487265 -0.872839 0.0266844
-4.86 102.862 -9.40657 -0.466467 -0.883792 -0.00347328
-5.72164 103.359 -9.46834 -0.511278 -0.8567 -0.0682633
-7.09564 104.198 -9.22199 -0.551343 -0.83025 -0.0818863
-8.27076 104.886 -8.77287 -0.495913 -0.862668 -0.0993686
-9.25182 105.358 -8.39342 -0.432101 -0.890852 -0.140189
-10.0131 105.65 -7.9195 -0.400934 -0.8999 -0.166831
-10.9138 105.904 -7.38003 -0.296723 -0.935724 -0.170559
-11.6912 106.012 -6.91821 -0.220313 -0.964438 -0.146019
-12.4675 106.077 -6.26617 -0.0858232 -0.982601 -0.160527
-13.2163 105.992 -5.54779 -0.00957332 -0.980983 -0.193858
-13.9394 105.855 -4.78886 0.0267351 -0.987635 -0.151935
-14.661 105.694 -4.08214 0.0707841 -0.980771 -0.180762
-15.5969 105.411 -3.09203 0.109059 -0.970961 -0.211629
-16.2037 105.115 -2.16308 0.128207 -0.969004 -0.210799
-17.0315 104.72 -1.08633 0.178405 -0.958421 -0.22265
-17.7088 104.399 -0.233219 0.183315 -0.959673 -0.213127
-18.4334 104.08 0.535823 0.196281 -0.955777 -0.219006
-19.1516 103.812 1.05879 0.204539 -0.954503 -0.216825
-20.3498 103.387 1.58866 0.242123 -0.944963 -0.220034
-21.2571 103.042 1.95407 0.272837 -0.937047 -0.217951
-22.2682 102.64 2.37568 0.292163 -0.929927 -0.223253
-23.0458 102.314 2.7018 0.307612 -0.924219 -0.225886
-23.9937 101.921 2.9507 0.328067 -0.914521 -0.236512
-24.891 101.549 3.08235 0.353031 -0.90354 -0.242867
-26.2017 100.988 3.28203 0.349811 -0.901008 -0.256549
-26.4119 101.162 2.39343 0.33194 -0.903176 -0.272193
-25.8179 101.596 1.67999 0.332101 -0.903878 -0.269642
-25.281 101.97 1.05646 0.321092 -0.9088 -0.266424
-24.6947 102.368 0.40119 0.316965 -0.911162 -0.263281
-24.0838 102.76 -0.221281 0.306066 -0.916508 -0.257232
-23.1925 103.289 -1.09769 0.278342 -0.925297 -0.256794
-22.4721 103.653 -1.69899 0.259319 -0.932497 -0.251397
-21.5103 104.106 -2.42056 0.250413 -0.93592 -0.247682
-20.9487 104.377 -2.86817 0.231381 -0.941169 -0.245289
-21.6718 104.318 -3.37015 0.251408 -0.934397 -0.252382
-22.3758 103.981 -2.82246 0.254685 -0.934454 -0.248817
-23.4361 103.467 -2.003 0.259319 -0.932497 -0.251398
-24.3749 102.909 -1.10319 0.295975 -0.920021 -0.256789
-25.3134 102.34 -0.234766 0.313054 -0.908989 -0.274964
-25.8651 101.96 0.374579 0.325689 -0.907726 -0.264498
-26.601 101.447 1.20818 0.332263 -0.904578 -0.267096
-27.4278 100.828 2.30803 0.307986 -0.912117 -0.27053
-27.7292 100.451 3.24878 0.307302 -0.916071 -0.257641
-27.4201 100.341 4.0189 0.314847 -0.915672 -0.249831
-26.1639 100.773 4.10971 0.344749 -0.903846 -0.253346
-25.1302 101.2 4.01092 0.358772 -0.896677 -0.259332
-24.3145 101.559 3.86941 0.334991 -0.910665 -0.241796
-23.3137 101.983 3.64443 0.318163 -0.918934 -0.233092
-22.2284 102.429 3.29425 0.286727 -0.932708 -0.218586
-21.3723 102.774 2.94606 0.277224 -0.934289 -0.224167
-20.5674 103.09 2.61104 0.258241 -0.940603 -0.219881
-19.6241 103.422 2.23543 0.242116 -0.944964 -0.22004
-18.6484 103.765 1.7571 0.217889 -0.950234 -0.222663
-17.881 104.05 1.21525 0.202436 -0.957916 -0.203509
-17.1013 104.38 0.393844 0.189964 -0.96098 -0.200902
-16.2358 104.781 -0.699181 0.177462 -0.962798 -0.203781
-15.6715 105.038 -1.44344 0.127278 -0.971779 -0.198611
-15.0915 105.284 -2.25097 0.109054 -0.97096 -0.211635
-14.3457 105.537 -3.14989 0.0904673 -0.97572 -0.199459
-13.5717 105.729 -3.9662 0.0465241 -0.984126 -0.171263
-12.9159 105.84 -4.62748 0.00696462 -0.991145 -0.132602
-12.1636 105.891 -5.39882 -0.095307 -0.988012 -0.091202
-11.194 105.855 -6.2187 -0.246483 -0.963898 -0.086708
-10.3395 105.631 -6.79776 -0.348406 -0.936726 -0.0340203
-9.49437 105.308 -7.28024 -0.441667 -0.891799 -0.0973694
-8.39149 104.847 -7.83176 -0.465792 -0.875783 -0.120486
-7.5078 104.356 -8.18837 -0.521601 -0.845794 -0.112097
-6.64687 103.837 -8.47478 -0.517161 -0.853406 -0.0651426
-5.73511 103.293 -8.54489 -0.491313 -0.869033 -0.0501426
-4.6421 102.72 -8.52179 -0.448652 -0.893077 -0.0335422
-3.74768 102.272 -8.56524 -0.466474 -0.883789 -0.00347697
-2.82899 101.838 -8.59537 -0.420625 -0.90227 0.0947807
-1.63526 101.219 -8.58774 -0.486999 -0.863664 0.130066
-0.680263 100.644 -8.66144 -0.553317 -0.808994 0.197887
0.155372 100.032 -8.90615 -0.499264 -0.824144 0.267436
-0.489456 100.293 -9.53615 -0.56533 -0.800921 0.197301
-1.35034 100.716 -10.2489 -0.554029 -0.813093 0.178692
-2.11141 101.131 -10.6621 -0.525357 -0.838512 0.139522
-3.23329 101.81 -11.1564 -0.529561 -0.841384 0.104551
-4.49028 102.583 -11.4821 -0.55658 -0.829476 0.0391081
-5.41598 103.204 -11.7145 -0.55292 -0.833231 -0.00234985
-6.15209 103.719 -11.9216 -0.577809 -0.816072 -0.0127507
-6.91905 104.279 -12.0474 -0.592131 -0.802245 -0.0751799
-7.78242 104.91 -12.0477 -0.571027 -0.816383 -0.083932
-8.64001 105.465 -11.8588 -0.55618 -0.827187 -0.0801033
-9.55239 105.968 -11.5011 -0.451115 -0.882803 -0.11084
-10.7613 106.386 -10.9037 -0.366272 -0.914185 -0.170952
-11.797 106.581 -10.2645 -0.250874 -0.955877 -0.152845
-12.8455 106.673 -9.68748 -0.138103 -0.961624 -0.233734
-13.9711 106.593 -8.92538 -0.0811653 -0.966518 -0.243423
-14.6942 106.524 -8.35154 -0.00063454 -0.980673 -0.194481
-15.5134 106.373 -7.67122 0.0267892 -0.978478 -0.204211
-16.4736 106.164 -7.009 0.0827163 -0.97194 -0.220207
-17.4549 105.912 -6.41684 0.143359 -0.961783 -0.233287
-18.2466 105.67 -5.90551 0.150604 -0.960308 -0.234624
-19.2489 105.33 -5.2073 0.159466 -0.958171 -0.237655
-20.2502 104.953 -4.5089 0.199319 -0.949874 -0.240372
-21.1098 104.583 -3.83251 0.211872 -0.94672 -0.242511
-21.2849 104.508 -3.69099 0.231379 -0.941172 -0.245278
-21.6621 104.64 -4.48364 0.220943 -0.937604 -0.267434
-22.65 104.146 -3.66111 0.239205 -0.93364 -0.266643
-23.6064 103.661 -2.92863 0.264853 -0.932955 -0.243819
-24.3736 103.254 -2.27683 0.283833 -0.925813 -0.249617
-25.296 102.689 -1.3938 0.305057 -0.91128 -0.276518
-26.0678 102.231 -0.751315 0.322434 -0.904345 -0.279635
-26.6139 101.838 -0.110725 0.324762 -0.903179 -0.2807
-27.1951 101.419 0.557702 0.330705 -0.903116 -0.273732
-27.7929 101.01 1.20447 0.321605 -0.906927 -0.272129
-28.4132 100.491 2.26282 0.308633 -0.918457 -0.247351
-28.7123 100.078 3.47187 0.291841 -0.924311 -0.24532
-28.4129 99.8463 4.55162 0.294978 -0.906198 -0.301467
-27.2991 100.092 5.02262 0.320424 -0.905689 -0.277591
-26.1978 100.509 4.99601 0.341389 -0.903971 -0.257469
-25.2613 100.841 5.06895 0.349959 -0.900441 -0.258149
-24.0757 101.464 4.60846 0.357863 -0.903401 -0.234635
-22.8457 101.961 4.3989 0.327198 -0.917657 -0.225492
-21.9422 102.333 4.1085 0.286183 -0.934698 -0.210806
-21.1128 102.666 3.75782 0.28568 -0.935134 -0.209544
-20.1588 103.031 3.39332 0.26308 -0.943688 -0.200305
-18.8991 103.464 2.84883 0.225297 -0.953311 -0.20107
-17.5675 103.94 2.06723 0.209285 -0.957026 -0.200643
-16.7432 104.263 1.32562 0.185238 -0.963461 -0.193444
-16.1733 104.51 0.652475 0.191758 -0.960811 -0.200024
-15.5212 104.811 -0.168407 0.197884 -0.961421 -0.191079
-14.7362 105.146 -1.23506 0.166954 -0.970079 -0.176276
-14.0181 105.375 -2.2012 0.0919551 -0.975747 -0.198651
-13.3444 105.581 -2.93686 0.0817452 -0.977459 -0.19466
-12.3979 105.771 -3.91134 0.0428667 -0.990697 -0.129
-11.5555 105.84 -4.77768 -0.0685699 -0.997515 -0.0162002
-10.8372 105.687 -5.52261 -0.28691 -0.956428 -0.0512932
-9.62763 105.27 -6.24047 -0.453058 -0.888067 -0.0767582
-8.53474 104.793 -6.84623 -0.4329 -0.895342 -0.104686
-7.27197 104.097 -7.35727 -0.522184 -0.844708 -0.117441
-6.25152 103.541 -7.63584 -0.515253 -0.855432 -0.0524437
-5.45399 103.098 -7.62125 -0.468554 -0.881874 -0.0524796
-4.63491 102.657 -7.59955 -0.459115 -0.885653 -0.069514
-3.36803 102.161 -7.71852 -0.286568 -0.958022 0.00848486
-2.53142 101.782 -7.72863 -0.408402 -0.907984 0.0924848
-1.116 101.068 -7.73043 -0.485537 -0.861573 0.148143
-0.119811 100.679 -7.64782 -0.349594 -0.906943 0.23503
0.755273 100.195 -7.62088 -0.510846 -0.779655 0.360325
1.2524 99.6216 -8.10014 -0.545606 -0.760924 0.351153
1.04638 99.4057 -8.97489 -0.555292 -0.773957 0.304369
0.171031 99.6862 -9.9367 -0.577024 -0.774929 0.257618
-0.892224 100.258 -10.7968 -0.588339 -0.780774 0.207915
-2.2494 101.088 -11.567 -0.578254 -0.803962 0.134762
-3.66013 102.018 -12.1238 -0.565825 -0.82082 0.0665439
-4.50702 102.561 -12.4127 -0.576699 -0.816407 0.0299784
-5.37844 103.152 -12.5531 -0.607228 -0.784581 0.0897981
-6.23122 103.839 -12.8669 -0.588009 -0.806385 -0.0631549
-7.10876 104.494 -12.9433 -0.596904 -0.799669 -0.0650787
-8.1785 105.276 -12.8452 -0.560116 -0.817774 -0.130461
-9.31356 105.971 -12.4677 -0.501773 -0.854782 -0.131787
-10.5835 106.512 -11.9011 -0.399525 -0.89557 -0.195792
-11.372 106.699 -11.4455 -0.289832 -0.935535 -0.198651
-12.5173 106.849 -10.8359 -0.206757 -0.95646 -0.205161
-13.516 106.888 -10.2467 -0.109193 -0.960044 -0.257667
-14.3868 106.801 -9.65822 -0.0606216 -0.971924 -0.227353
-15.5505 106.601 -8.79624 0.0187718 -0.972879 -0.229073
-16.4316 106.44 -8.12135 0.0433851 -0.971007 -0.234104
-17.6886 106.105 -7.31308 0.137279 -0.957151 -0.254751
-19.0838 105.649 -6.35894 0.157156 -0.956171 -0.247062
-20.0025 105.333 -5.75215 0.183305 -0.949246 -0.255546
-21.0685 104.901 -4.97595 0.200906 -0.943953 -0.26187
-21.6218 104.658 -4.51678 0.200302 -0.945034 -0.258439
-12.5956 106.289 -7.85448 -0.110522 -0.984263 -0.135395
-11.3143 106.1 -8.06699 -0.220116 -0.964451 -0.146232
-10.4836 105.96 -8.46079 -0.400939 -0.899896 -0.166838
-9.6412 105.654 -9.20627 -0.419768 -0.901932 -0.101558
-8.61209 105.17 -9.44663 -0.500373 -0.856224 -0.127988
-7.73579 104.695 -9.93007 -0.559082 -0.824937 -0.0831085
-7.57924 104.629 -10.3735 -0.552758 -0.831062 -0.0616023
-8.35933 105.129 -10.1322 -0.528444 -0.842077 -0.0984387
-8.68012 105.308 -10.0563 -0.506707 -0.851334 -0.135932
-9.52382 105.674 -9.78919 -0.39441 -0.909355 -0.132342
-10.2762 105.968 -9.37035 -0.367169 -0.924282 -0.0859058
-11.1657 106.145 -8.56142 -0.224441 -0.960929 -0.16199
-11.8938 106.269 -8.28778 -0.179575 -0.970921 -0.151107
-12.1015 106.282 -8.17893 -0.126366 -0.980474 -0.150117
