-5.36985 112.645 -11.9042 -0.454398 -0.888946 0.0544592
-4.63148 112.226 -12.5497 -0.464579 -0.884976 0.031351
-3.88504 111.781 -13.2488 -0.495109 -0.867573 0.0467329
-3.11551 111.297 -13.8111 -0.524597 -0.850068 0.0457642
-2.33154 110.795 -14.3096 -0.535383 -0.843475 0.0405972
-1.48251 110.228 -14.4814 -0.548893 -0.834682 0.0449632
-0.819341 109.755 -14.8144 -0.558855 -0.826035 0.0691034
-0.16678 109.278 -15.3877 -0.553608 -0.827731 0.0897324
0.564794 108.756 -15.5223 -0.56074 -0.821673 0.101852
0.75763 108.528 -16.1212 -0.580221 -0.80123 0.144363
-0.000627285 109.071 -16.1048 -0.565359 -0.816647 0.116002
-0.70327 109.596 -15.9036 -0.57714 -0.814375 0.0607563
-1.40125 110.118 -15.515 -0.562856 -0.824745 0.0516602
-2.2032 110.664 -15.1761 -0.552964 -0.832114 0.0422272
-2.97201 111.172 -14.7571 -0.526739 -0.849515 0.0294834
-3.72852 111.65 -14.0482 -0.49629 -0.867458 0.0337704
-4.51706 112.139 -13.326 -0.479351 -0.876623 0.0352367
-5.19498 112.516 -12.6903 -0.461113 -0.886616 0.0358797
-5.70736 112.795 -12.1388 -0.440846 -0.896514 0.0413099
-6.14251 112.996 -12.6224 -0.443518 -0.895858 0.0270276
-5.23358 112.503 -13.5675 -0.46047 -0.887214 0.0286014
-4.45152 112.055 -14.2937 -0.496295 -0.867456 0.0337619
-3.55105 111.517 -15.1389 -0.510546 -0.859199 0.0275711
-2.63325 110.927 -15.7201 -0.541968 -0.839487 0.0345878
-1.62502 110.23 -16.152 -0.556926 -0.829679 0.038292
-0.681972 109.522 -16.6605 -0.596684 -0.798757 0.0727179
0.210398 108.823 -16.8212 -0.581643 -0.803425 0.125202
1.04354 108.155 -17.0422 -0.580221 -0.80123 0.144363
2.07647 107.367 -17.2171 -0.534896 -0.818117 0.205771
2.99519 106.881 -17.363 -0.498915 -0.822879 0.252582
3.78279 106.484 -17.5854 -0.369336 -0.890102 0.264433
4.70363 106.154 -17.5191 -0.325024 -0.908261 0.263478
4.48411 106.466 -16.6298 -0.311506 -0.919577 0.239464
3.71265 106.89 -16.0486 -0.351209 -0.923837 0.142175
2.8709 107.261 -15.5575 -0.43764 -0.888624 0.102609
2.00325 107.824 -15.3132 -0.517619 -0.847612 0.116726
1.02309 108.519 -14.9629 -0.557026 -0.823722 0.105822
0.271183 109.065 -14.6476 -0.56074 -0.821673 0.101852
-0.812574 109.804 -14.1424 -0.544346 -0.838197 0.0322156
-1.57425 110.325 -13.7395 -0.559645 -0.828327 0.0259197
-2.69496 111.072 -13.239 -0.527166 -0.84801 0.0545387
-3.44309 111.557 -12.7221 -0.494109 -0.868333 0.042875
-4.19895 112.02 -11.9648 -0.478837 -0.877038 0.0351873
-5.01923 112.494 -11.2976 -0.470614 -0.880726 0.0533412
-5.57483 112.819 -10.6577 -0.426368 -0.89996 0.0824512
-6.29486 113.326 -9.43259 -0.442935 -0.890066 0.104739
-6.77837 113.507 -8.68387 -0.216837 -0.975488 0.0374842
-7.38701 113.569 -7.95469 -0.106119 -0.988772 -0.105207
-8.12744 113.529 -7.07702 -0.0861697 -0.985955 -0.143067
-8.84768 113.42 -6.24186 0.0147708 -0.978669 -0.20491
-9.56781 113.238 -5.47574 0.0247577 -0.975406 -0.21902
-10.3722 113.044 -4.81865 0.0640198 -0.9683 -0.241447
-10.7185 113.216 -5.6001 0.0546801 -0.971703 -0.229252
-10.3067 113.459 -6.51655 0.0307402 -0.966823 -0.253589
-9.45086 113.734 -7.58394 0.00881707 -0.971841 -0.235424
-8.4818 113.889 -8.90843 -0.186006 -0.968225 -0.145215
-7.85834 113.84 -9.79653 -0.241265 -0.966586 -0.0142181
-7.23749 113.601 -10.6703 -0.292578 -0.952077 -0.0315519
-6.68528 113.294 -11.7058 -0.429795 -0.901917 0.0425824
-6.16779 113.009 -12.5937 -0.443516 -0.895858 0.0270336
-6.54203 113.159 -13.2027 -0.425612 -0.90402 0.0400189
-5.9072 112.863 -13.8627 -0.483203 -0.875499 0.00407291
-5.04865 112.391 -14.63 -0.492807 -0.869939 -0.00369065
-4.18872 111.881 -15.4708 -0.502673 -0.864414 0.0103828
-3.46843 111.458 -15.9822 -0.524051 -0.851273 0.00243112
-2.52985 110.818 -16.572 -0.564438 -0.82471 0.0341926
-1.64558 110.195 -16.9847 -0.573255 -0.8179 0.0491785
-0.540332 109.335 -17.4533 -0.610941 -0.788031 0.075347
0.212107 108.697 -17.5709 -0.641075 -0.757427 0.109682
0.943965 108.089 -17.7309 -0.644999 -0.744974 0.170264
1.78724 107.381 -17.9143 -0.534896 -0.818117 0.205771
2.58349 106.934 -18.0037 -0.498922 -0.822877 0.252578
3.41574 106.414 -18.2302 -0.34787 -0.892212 0.28762
4.24288 106.054 -18.3877 -0.317461 -0.905764 0.280731
5.32099 105.695 -18.3258 -0.310667 -0.906734 0.285027
5.74235 105.817 -17.348 -0.352469 -0.898689 0.261007
5.26783 106.266 -16.4548 -0.283701 -0.917669 0.278206
4.22797 106.843 -15.5903 -0.194778 -0.946033 0.240494
3.0509 107.282 -14.6037 -0.43764 -0.888624 0.102609
2.00104 107.943 -14.4582 -0.517571 -0.847649 0.116666
1.20721 108.473 -14.241 -0.534205 -0.841332 0.0770513
0.299229 109.089 -13.8535 -0.529409 -0.84745 0.0394298
-0.805403 109.825 -13.3025 -0.540067 -0.841241 0.0253164
-1.53689 110.323 -12.9905 -0.56792 -0.82156 0.0450226
-2.23989 110.842 -12.6512 -0.5161 -0.853327 0.0739834
-2.92302 111.304 -12.1839 -0.505097 -0.858171 0.0829906
-4.05651 111.989 -11.146 -0.473183 -0.87926 0.0546441
-4.79475 112.42 -10.5423 -0.4718 -0.878835 0.0693757
-5.28955 112.76 -9.84402 -0.460624 -0.883161 0.0886108
-5.75224 113.078 -9.09175 -0.461584 -0.881753 0.0972208
-6.18829 113.389 -8.33639 -0.33921 -0.92862 0.0673525
-6.74026 113.458 -7.56538 -0.105796 -0.98713 -0.119106
-7.38421 113.421 -6.78277 -0.0958129 -0.985722 -0.138036
-8.0903 113.323 -5.93722 -0.0660145 -0.975621 -0.209296
-8.67701 113.199 -5.16293 0.0339828 -0.979349 -0.199288
-9.6898 112.983 -4.26203 0.056109 -0.979006 -0.194228
-10.9113 112.836 -3.96634 0.106006 -0.978321 -0.17203
-11.575 112.875 -4.62573 0.125866 -0.963016 -0.238238
-11.5205 113.123 -5.58857 0.128353 -0.961922 -0.241312
-10.9407 113.494 -6.75597 0.0504951 -0.968042 -0.245652
-10.3854 113.713 -7.49287 -0.00622769 -0.965312 -0.261023
-9.55475 113.975 -8.54942 -0.0832042 -0.967177 -0.230156
-8.7251 114.01 -9.81219 -0.221295 -0.972659 -0.0704505
-8.12619 113.874 -10.6796 -0.292578 -0.952077 -0.0315519
-7.43227 113.649 -11.7748 -0.432101 -0.900887 0.0411252
-6.98015 113.393 -12.5838 -0.431672 -0.900929 0.0445572
-6.8593 113.329 -12.7403 -0.425612 -0.904021 0.040019
-5.97583 112.964 -11.5277 -0.438175 -0.897169 0.0555863
-6.32445 113.173 -10.6825 -0.427487 -0.902948 0.0440465
-6.82509 113.501 -9.99893 -0.366078 -0.923793 0.0835758
-6.77754 113.482 -9.97068 -0.425245 -0.896973 0.120857
-6.2862 113.156 -10.6631 -0.426368 -0.89996 0.0824512
-5.88857 112.934 -11.3281 -0.438174 -0.897169 0.0555907
-7.11536 113.615 -9.3443 -0.284421 -0.957557 -0.0467913
-7.80453 113.741 -8.74176 -0.190495 -0.978202 -0.0826578
-7.44732 113.702 -9.10593 -0.23746 -0.967879 -0.0647272
-7.88541 113.741 -8.62413 -0.173043 -0.974659 -0.141757
-8.10028 113.719 -8.21636 -0.136238 -0.976835 -0.159835
-8.09378 113.719 -8.22444 -0.173044 -0.974659 -0.141757
1.22783 108.283 -15.6967 -0.562518 -0.812255 0.154324
1.35958 108.046 -16.4627 -0.571237 -0.805077 0.159329
2.40896 107.314 -16.6357 -0.461213 -0.867106 0.185443
2.49526 107.3 -16.4874 -0.461205 -0.867108 0.185448
1.88889 107.734 -16.1075 -0.532289 -0.82466 0.182445
1.51815 108.001 -16.1217 -0.571245 -0.805073 0.159325
