-39.3032 105.842 -43.1645 -0.370687 -0.839004 0.398294
-40.0477 106.555 -42.3684 -0.376309 -0.83337 0.404776
-39.7996 106.746 -41.765 -0.370186 -0.829313 0.418465
-39.5226 106.245 -42.5333 -0.361859 -0.837049 0.410374
-39.0149 105.552 -43.5266 -0.350926 -0.849114 0.394633
-39.2743 105.809 -43.2074 -0.365196 -0.844741 0.391151
-39.9746 105.819 -43.844 -0.370377 -0.841313 0.393717
-39.4469 105.257 -44.5657 -0.35978 -0.845113 0.395402
-38.7385 104.602 -45.3602 -0.331581 -0.859933 0.388026
-38.0911 104.143 -45.8204 -0.331586 -0.858953 0.390193
-37.9144 104.468 -44.9516 -0.332422 -0.860937 0.385073
-37.9979 104.901 -44.0533 -0.333276 -0.860956 0.384293
-38.2192 105.481 -42.9995 -0.34183 -0.849606 0.401647
-38.5933 106.123 -41.9629 -0.345466 -0.848962 0.399869
-38.9001 106.646 -41.1802 -0.364581 -0.833686 0.414788
-39.4945 107.372 -40.2461 -0.363021 -0.833581 0.416361
-40.1837 108.102 -39.4087 -0.371602 -0.821587 0.432328
-40.786 108.652 -38.8811 -0.376832 -0.823763 0.423571
-41.4741 109.154 -38.5277 -0.38335 -0.821941 0.421256
-42.6072 109.855 -38.2243 -0.409163 -0.814797 0.410721
-43.5978 110.381 -38.1875 -0.423611 -0.80697 0.411525
-44.7123 110.948 -38.2464 -0.430941 -0.808834 0.400097
-45.9154 111.442 -38.6253 -0.451499 -0.79777 0.399546
-46.8758 111.656 -39.3477 -0.473481 -0.788572 0.392391
-46.0196 111.029 -39.5646 -0.478089 -0.784537 0.394884
-45.2141 110.467 -39.7557 -0.452066 -0.791692 0.410925
-44.3118 109.81 -40.0466 -0.427561 -0.803528 0.414103
-43.3853 109.074 -40.5383 -0.423634 -0.808024 0.409427
-42.6476 108.425 -41.0843 -0.414441 -0.814143 0.406706
-41.7623 107.624 -41.8416 -0.391398 -0.825232 0.407073
-40.8908 106.837 -42.5838 -0.382483 -0.827829 0.410348
-40.2678 106.161 -43.3902 -0.370679 -0.839006 0.398297
-40.1229 105.987 -43.6239 -0.370374 -0.841316 0.393714
-40.732 105.919 -44.341 -0.369303 -0.841406 0.394526
-40.2696 105.416 -44.9565 -0.34986 -0.845633 0.403117
-39.5807 104.679 -45.8973 -0.338191 -0.851214 0.401021
-38.9124 104.14 -46.5197 -0.327123 -0.859609 0.392507
-38.1852 103.662 -46.9711 -0.32371 -0.863213 0.387386
-37.3587 103.363 -46.9418 -0.317868 -0.866385 0.385045
-36.9977 103.604 -46.1003 -0.325865 -0.862417 0.387362
-37.0984 104.277 -44.6748 -0.329756 -0.862779 0.383237
-37.2044 104.825 -43.5384 -0.335295 -0.857178 0.390843
-37.4155 105.433 -42.4019 -0.345108 -0.851838 0.394001
-37.5913 105.873 -41.6243 -0.34876 -0.843499 0.408504
-37.9719 106.404 -40.8522 -0.349477 -0.843602 0.407676
-38.4431 107.056 -39.9659 -0.357227 -0.832761 0.422892
-39.1059 107.705 -39.2622 -0.348899 -0.832796 0.42974
-39.5937 108.229 -38.6429 -0.376828 -0.823769 0.423562
-40.4156 108.909 -38.0518 -0.376839 -0.823753 0.423584
-41.1132 109.388 -37.7447 -0.383075 -0.818079 0.428942
-41.9423 109.922 -37.4687 -0.385171 -0.818299 0.426649
-42.7295 110.35 -37.3802 -0.402776 -0.810721 0.424832
-43.7671 110.883 -37.3806 -0.423511 -0.806009 0.413507
-44.6428 111.331 -37.4125 -0.432787 -0.801046 0.413505
-45.7834 111.834 -37.6782 -0.45612 -0.797957 0.393978
-46.9086 112.227 -38.2396 -0.47355 -0.789032 0.391381
-47.7158 112.401 -38.8828 -0.48776 -0.788349 0.37491
-48.0614 112.082 -39.9853 -0.488721 -0.784649 0.381411
-47.1892 111.346 -40.3589 -0.488042 -0.778267 0.395114
-46.239 110.713 -40.4471 -0.475461 -0.781806 0.403381
-45.2177 109.991 -40.687 -0.45545 -0.793986 0.402681
-44.433 109.382 -41.0162 -0.423829 -0.808181 0.408916
-43.718 108.79 -41.4525 -0.420749 -0.811903 0.404702
-43.1069 108.266 -41.8776 -0.409021 -0.819237 0.401936
-42.3116 107.538 -42.5388 -0.402738 -0.817695 0.411255
-41.5636 106.849 -43.1858 -0.388548 -0.823059 0.414043
-41.0332 106.266 -43.8834 -0.372954 -0.838074 0.398122
-40.9933 106.218 -43.948 -0.369303 -0.841409 0.394521
-40.3825 107.091 -41.6108 -0.3784 -0.824843 0.420058
-39.9676 107.18 -41.0636 -0.375875 -0.830446 0.411046
-40.8171 107.984 -40.1808 -0.380657 -0.832912 0.401615
-41.4526 108.631 -39.5133 -0.382716 -0.817591 0.430202
-42.334 109.244 -39.1452 -0.412985 -0.808509 0.419234
-43.2352 109.768 -39.0214 -0.411074 -0.811652 0.414978
-43.4783 109.798 -39.2086 -0.42756 -0.803529 0.414102
-42.7072 109.075 -39.8467 -0.417544 -0.810148 0.411482
-42.0834 108.522 -40.3138 -0.403887 -0.818294 0.408822
-41.4975 107.913 -40.9852 -0.387982 -0.829768 0.401192
-40.9564 107.509 -41.2972 -0.380657 -0.832913 0.401613
-40.6799 107.351 -41.3699 -0.375866 -0.83045 0.411046
