-4.33642 15.0286 30.2417 0.0112602 -0.999767 -0.0177144
-4.96511 15.0293 29.5218 0.017549 -0.999735 -0.0145941
-6.03265 15.0168 28.6047 0.0216428 -0.999708 -0.0107417
-6.96645 14.9972 27.9797 0.0278234 -0.999581 -0.00767032
-7.77661 14.9714 27.5621 0.0370426 -0.999269 -0.00941587
-8.84369 14.9307 27.2024 0.0408665 -0.999162 -0.00218444
-10.166 14.8644 27.0305 0.0561742 -0.998399 0.0064634
-11.548 14.782 27.1352 0.0657765 -0.997795 0.00884682
-12.7314 14.6929 27.4371 0.0850069 -0.996378 0.0021703
-13.6219 14.6161 27.7906 0.0901366 -0.995923 0.00300042
-14.473 14.5415 28.147 0.100424 -0.994857 0.0067425
-15.6063 14.4197 28.5348 0.109368 -0.993933 0.0116393
-16.5877 14.3049 28.8012 0.121639 -0.992465 0.014732
-17.8597 14.1378 29.0988 0.139635 -0.990156 0.00962444
-19.0382 13.9705 29.1864 0.143308 -0.989589 0.0132805
-19.9253 13.8364 28.9998 0.156553 -0.987564 0.0138379
-21.1346 13.6292 28.4021 0.168256 -0.985433 0.0234592
-21.8477 13.483 27.7026 0.173245 -0.984483 0.0277758
-22.5975 13.3241 26.8451 0.188237 -0.981828 0.0240962
-23.21 13.1794 25.8504 0.196694 -0.979795 0.0352788
-23.6905 13.0405 24.778 0.201453 -0.979161 0.0257146
-24.0255 12.9311 23.8079 0.222411 -0.974105 0.0406625
-24.3059 12.8165 22.6209 0.223285 -0.973854 0.0418597
-24.3293 12.7708 21.4981 0.238801 -0.970241 0.0400842
-24.1074 12.7716 20.1009 0.243544 -0.969131 0.0380802
-23.896 12.7908 19.181 0.253509 -0.967118 0.0204077
-23.6779 12.8266 18.1694 0.262848 -0.96415 0.0328093
-23.4643 12.8553 17.1268 0.247489 -0.968578 0.0245973
-23.3042 12.8904 16.2405 0.256954 -0.966423 0.000500827
-23.2014 12.9146 15.2347 0.269592 -0.96296 -0.00538471
-23.2806 12.9058 14.339 0.260805 -0.964615 -0.0387112
-23.4863 12.8878 13.3896 0.257766 -0.965461 -0.0366794
-23.7609 12.8523 12.3368 0.264935 -0.96355 -0.0371119
-24.0831 12.7976 11.4207 0.260429 -0.964531 -0.0423528
-24.5506 12.7229 10.4496 0.253988 -0.96616 -0.0446551
-25.2322 12.5978 9.52181 0.254716 -0.965124 -0.0604626
-25.8554 12.4798 8.79117 0.252035 -0.965523 -0.0650731
-26.5085 12.3652 7.92653 0.249956 -0.966158 -0.0636873
-27.2001 12.2617 6.79318 0.247629 -0.966888 -0.0617026
-27.6175 12.2181 5.92299 0.2362 -0.969825 -0.0604041
-27.9989 12.1882 4.89807 0.231532 -0.971359 -0.0533923
-28.1584 12.2017 3.89894 0.234564 -0.970801 -0.0502504
-28.1422 12.2561 2.85765 0.229517 -0.972399 -0.0412003
-27.9659 12.3311 1.92265 0.223586 -0.974023 -0.03589
-27.6091 12.4429 0.969969 0.226267 -0.9738 -0.0227318
-26.9788 12.6092 -0.134207 0.221817 -0.974958 -0.0159603
-26.0427 12.8359 -1.24941 0.214211 -0.976671 -0.015054
-25.3183 13.0043 -1.98126 0.210133 -0.977613 -0.0108408
-24.4552 13.1977 -2.72115 0.200443 -0.979639 -0.00514152
-22.9936 13.4841 -3.34822 0.187064 -0.982327 -0.000113618
-21.7588 13.7141 -3.60556 0.184063 -0.982904 0.00454609
-20.5363 13.9301 -3.65585 0.172208 -0.985033 0.00706033
-19.5303 14.0877 -3.61839 0.154368 -0.988001 0.00497292
-18.5696 14.2215 -3.56537 0.132416 -0.991172 0.00669954
-17.4343 14.368 -3.5402 0.121083 -0.992624 0.00608299
-16.5269 14.4782 -3.56228 0.114496 -0.993393 0.00257197
-15.1498 14.6254 -3.6653 0.104857 -0.994487 0.000414625
-13.8734 14.7413 -3.8482 0.0782731 -0.996929 -0.00258275
-12.8566 14.8218 -4.10457 0.0804332 -0.996756 -0.00105974
-11.8471 14.8962 -4.52711 0.0739004 -0.997265 0.00121441
-11.0368 14.9475 -4.97818 0.0545815 -0.998506 -0.000613424
-10.2181 14.9953 -5.66153 0.0517886 -0.998646 -0.00294181
-9.34018 15.0381 -6.68315 0.0466247 -0.998912 -0.000405784
-8.52803 15.0693 -7.97473 0.0365847 -0.99932 0.00460235
-8.12995 15.0785 -8.84942 0.0345296 -0.999357 0.00960755
-7.81798 15.0801 -9.80892 0.0306481 -0.999468 0.0103962
-7.5234 15.0797 -10.7889 0.0294338 -0.999529 0.00863978
-7.28538 15.078 -11.6597 0.0244524 -0.999551 0.0173232
-6.91417 15.0658 -13.0536 0.0208787 -0.999681 0.0140108
-6.52196 15.0553 -14.1879 0.0202866 -0.999649 0.0169727
-6.10763 15.0451 -15.1915 0.0145881 -0.999755 0.0166446
-5.71319 15.0293 -16.1328 0.0122552 -0.999633 0.0241715
-5.08419 15.0024 -17.5419 0.00590128 -0.999708 0.0234313
-4.66554 14.9851 -18.3861 0.00228687 -0.999621 0.0270834
-3.88926 14.9485 -19.5961 -0.000552013 -0.999465 0.0325831
-3.08889 14.9197 -20.3589 -0.00276854 -0.999386 0.0349323
-2.32489 14.895 -20.8956 -0.00779478 -0.999266 0.0375061
-1.4617 14.8677 -21.371 -0.012054 -0.999059 0.0416727
-0.599674 14.839 -21.8195 -0.0114326 -0.998999 0.0432354
0.656228 14.7974 -22.4059 -0.0158515 -0.998746 0.0472909
1.74671 14.7679 -22.597 -0.0178592 -0.998569 0.050412
3.03084 14.7512 -22.4761 -0.0170355 -0.998151 0.0583459
4.12135 14.7421 -22.3211 -0.0161814 -0.998146 0.0586731
5.31024 14.7374 -22.078 -0.0162398 -0.998058 0.0601384
6.4956 14.7309 -21.8653 -0.0162855 -0.998062 0.0600529
7.3874 14.725 -21.7218 -0.0153784 -0.998032 0.0607773
8.8778 14.7128 -21.5181 -0.0183737 -0.997857 0.0628054
10.0479 14.7029 -21.358 -0.0166215 -0.997781 0.0644403
11.0369 14.695 -21.2085 -0.0181645 -0.997674 0.0656963
12.2149 14.6877 -20.9884 -0.0183433 -0.997685 0.0654765
13.5361 14.6834 -20.6763 -0.0186153 -0.997739 0.0645859
14.5647 14.6747 -20.4356 -0.0241836 -0.997725 0.0629251
15.4574 14.6652 -20.2026 -0.0300511 -0.997718 0.0604568
16.4441 14.6527 -19.9102 -0.030768 -0.997789 0.0588823
17.4472 14.6381 -19.6547 -0.0292539 -0.997901 0.0577683
18.4056 14.6189 -19.4343 -0.0327093 -0.9979 0.0558989
19.3232 14.5966 -19.22 -0.0388537 -0.997766 0.0543517
20.3929 14.568 -18.9527 -0.0403637 -0.997813 0.052311
21.3649 14.5414 -18.6804 -0.04964 -0.997639 0.0474641
22.2797 14.5081 -18.4238 -0.0491615 -0.997552 0.0496781
23.4326 14.4564 -18.1683 -0.0569624 -0.996933 0.0536645
24.5879 14.3997 -17.879 -0.0639724 -0.996567 0.0525433
25.8406 14.3294 -17.5226 -0.0722082 -0.995892 0.0546446
26.7832 14.2728 -17.2382 -0.077254 -0.99542 0.0563042
28.0935 14.1953 -16.7802 -0.0809491 -0.995137 0.0561234
28.9929 14.1486 -16.276 -0.0870339 -0.994699 0.054756
29.8029 14.1179 -15.5244 -0.0914534 -0.994333 0.0540654
30.5866 14.0904 -14.6809 -0.0941116 -0.994044 0.0549464
31.344 14.0648 -13.8827 -0.0974143 -0.993578 0.0575603
32.1743 14.0356 -12.9824 -0.0976799 -0.993456 0.0591733
32.8109 14.0208 -12.1866 -0.102876 -0.992693 0.0630621
33.55 14.0088 -11.2547 -0.0981355 -0.992815 0.0684675
34.2975 14.0066 -10.2699 -0.0959872 -0.992505 0.0756046
34.8355 14.0093 -9.53443 -0.0978492 -0.992355 0.075212
35.4279 14.0126 -8.75822 -0.0959036 -0.992203 0.0795986
36.0507 14.0146 -7.98229 -0.0964962 -0.991776 0.0839596
36.6754 14.0186 -7.27997 -0.0938775 -0.991459 0.0905342
37.3749 14.0394 -6.38601 -0.0894253 -0.990231 0.106967
38.1263 14.0968 -5.24252 -0.085107 -0.990073 0.111838
38.8442 14.1546 -4.20532 -0.0831131 -0.990544 0.109102
39.4058 14.184 -3.4907 -0.082243 -0.990955 0.106037
40.0131 14.2107 -2.67036 -0.103218 -0.990052 0.0956183
40.7028 14.222 -1.7389 -0.110694 -0.989931 0.0882214
41.3085 14.2206 -1.04395 -0.124895 -0.986609 0.104592
42.0253 14.1957 -0.381281 -0.130565 -0.985266 0.110384
43.13 14.1214 0.308851 -0.142896 -0.983549 0.110511
44.4148 13.979 0.77689 -0.164477 -0.974253 0.154203
45.7538 13.7754 0.943156 -0.179061 -0.970465 0.161126
47.1722 13.4859 0.833752 -0.180007 -0.968286 0.173264
48.0976 13.2647 0.725481 -0.209446 -0.957174 0.199875
49.4185 12.9627 0.741052 -0.231796 -0.949929 0.209536
50.7703 12.7127 1.08394 -0.230156 -0.949574 0.212928
51.7814 12.5896 1.61514 -0.234887 -0.947063 0.218862
52.8041 12.5028 2.31517 -0.236463 -0.945578 0.223467
53.5242 12.4666 2.93596 -0.239604 -0.945217 0.221676
54.1526 12.4755 3.6303 -0.240437 -0.942594 0.231747
54.8489 12.5224 4.59037 -0.249299 -0.944444 0.214188
55.5274 12.5677 5.57606 -0.248023 -0.944544 0.215225
55.9975 12.6087 6.37321 -0.279328 -0.945293 0.168515
56.4585 12.6944 7.63091 -0.278561 -0.94623 0.164479
56.7791 12.7958 8.89953 -0.266601 -0.955826 0.123778
57.0042 12.8434 10.2271 -0.311231 -0.948173 0.064049
57.1562 12.8559 11.4289 -0.305757 -0.951613 0.0167859
57.2728 12.8494 12.5613 -0.28643 -0.95693 -0.0194131
57.2346 12.7882 13.7699 -0.300799 -0.951998 -0.0566703
57.031 12.7836 14.8687 -0.292716 -0.954054 -0.0633671
56.6762 12.7043 15.9949 -0.270755 -0.949286 -0.159839
56.3031 12.6563 16.8961 -0.26993 -0.948969 -0.163082
55.7289 12.6152 17.9254 -0.241122 -0.949785 -0.199401
55.2073 12.5822 18.6902 -0.22635 -0.950593 -0.212457
54.6086 12.5545 19.4522 -0.207 -0.953216 -0.219316
53.9833 12.523 20.1039 -0.195036 -0.95326 -0.2306
53.1771 12.51 20.8187 -0.187095 -0.948924 -0.253563
52.2452 12.483 21.5323 -0.174973 -0.949516 -0.260364
51.3738 12.4927 22.0867 -0.177089 -0.948311 -0.263336
50.5673 12.5236 22.5397 -0.186268 -0.950129 -0.250118
49.5898 12.6171 22.9311 -0.194082 -0.948785 -0.249278
48.4641 12.8208 23.0401 -0.193099 -0.952336 -0.236156
47.2298 13.1151 22.8943 -0.202586 -0.952779 -0.226136
45.8609 13.4357 22.7355 -0.205342 -0.954256 -0.217064
44.4813 13.6847 22.8367 -0.198345 -0.960099 -0.196672
43.0843 13.8691 23.2268 -0.18345 -0.968482 -0.168033
41.8193 13.9874 23.9495 -0.185577 -0.971174 -0.149233
40.8288 14.0358 24.7356 -0.165696 -0.976933 -0.134086
40.1413 14.0516 25.4201 -0.144337 -0.981692 -0.124285
39.4999 14.0696 26.1467 -0.137349 -0.984681 -0.107416
38.9102 14.0727 26.8717 -0.13958 -0.985259 -0.0984707
38.1149 14.0885 27.8227 -0.122233 -0.988058 -0.0938074
37.3062 14.1124 28.719 -0.115727 -0.9903 -0.0768923
36.3196 14.1583 29.6831 -0.108706 -0.991803 -0.0665309
35.6016 14.1914 30.2559 -0.102264 -0.992946 -0.059403
34.4746 14.2603 31.0073 -0.0882045 -0.994671 -0.0533746
33.6661 14.303 31.5128 -0.0709028 -0.996093 -0.0526439
32.905 14.3274 32.0541 -0.0615612 -0.996237 -0.0605409
32.0433 14.3273 32.8019 -0.0523339 -0.996232 -0.0688668
31.3505 14.3085 33.425 -0.0394965 -0.996161 -0.0781257
30.4468 14.2804 34.2123 -0.0283264 -0.996727 -0.0757193
29.6447 14.2552 34.8439 -0.025907 -0.996681 -0.0771129
28.619 14.221 35.5909 -0.0243541 -0.996576 -0.0790166
27.8285 14.1986 36.0447 -0.0182536 -0.99616 -0.0856254
26.5855 14.1702 36.5933 -0.0140999 -0.995764 -0.0908637
25.2057 14.1427 37.1483 -0.0161642 -0.995281 -0.0956826
23.9639 14.1063 37.8116 -0.0218289 -0.995055 -0.0969012
22.8067 14.0594 38.5306 -0.0198566 -0.994709 -0.100797
21.756 14.016 39.105 -0.0146479 -0.994254 -0.106028
20.7097 13.9849 39.5575 -0.0177051 -0.994175 -0.106314
19.744 13.9624 39.8876 -0.0157156 -0.99275 -0.119166
18.7441 13.948 40.1675 -0.0195055 -0.992893 -0.117401
17.7212 13.9413 40.4097 -0.0221041 -0.992377 -0.121196
16.7376 13.9365 40.6103 -0.0227697 -0.991916 -0.124809
15.5293 13.9469 40.7805 -0.0268759 -0.991859 -0.124471
14.6242 13.9659 40.8489 -0.0336932 -0.991764 -0.123566
13.383 13.9995 40.9337 -0.0383305 -0.991513 -0.124223
11.9666 14.0515 40.9764 -0.0410602 -0.991387 -0.124364
10.8049 14.1097 40.9066 -0.0410187 -0.992391 -0.11609
9.58658 14.1733 40.8343 -0.0442622 -0.992813 -0.110989
8.23376 14.2494 40.6413 -0.0423759 -0.993481 -0.105833
6.8924 14.3389 40.3303 -0.0409775 -0.993485 -0.106342
5.61024 14.4247 39.9008 -0.039816 -0.995525 -0.0856978
4.75209 14.4829 39.6295 -0.0410416 -0.995809 -0.0817245
3.84296 14.5466 39.2828 -0.0390867 -0.996023 -0.0800628
2.66364 14.6264 38.7409 -0.0277668 -0.997502 -0.0649016
1.55659 14.7005 38.0312 -0.0284953 -0.997703 -0.0614625
0.832124 14.7666 37.1378 -0.0229982 -0.998272 -0.0540665
0.30358 14.8151 36.4083 -0.018658 -0.998637 -0.0487447
-0.512353 14.8803 35.2844 -0.0128981 -0.999018 -0.0423311
-1.13641 14.9248 34.3956 -0.00757215 -0.999244 -0.0381263
-1.76574 14.9616 33.4612 -0.000736046 -0.999599 -0.0283202
-2.35978 14.9861 32.61 -0.000758108 -0.99956 -0.0296338
-2.98747 15.0025 31.8478 0.00489092 -0.999721 -0.0229558
-3.83733 15.0199 30.8262 0.00719082 -0.999786 -0.0192671
-4.05663 15.0237 30.5702 0.00778415 -0.999739 -0.0214877
-4.66651 15.0063 31.2607 0.0131378 -0.999741 -0.0185764
-5.31074 15.0072 30.5123 0.0201094 -0.999707 -0.0133652
-5.98557 15.0032 29.8258 0.0220229 -0.999671 -0.0131143
-6.69835 14.9949 29.2289 0.0275219 -0.999556 -0.0106886
-7.72975 14.9694 28.5623 0.0330909 -0.999428 -0.00572462
-8.60075 14.9405 28.1895 0.0327774 -0.999461 -0.0017287
-9.73099 14.8921 27.9514 0.0504035 -0.998723 -0.00197582
-10.9181 14.829 27.9615 0.0523772 -0.998627 -0.000677153
-12.1361 14.7455 28.1852 0.077763 -0.996941 0.00261854
-13.3299 14.6487 28.6604 0.0822786 -0.996578 0.00788989
-14.5645 14.5382 29.1781 0.0994262 -0.995011 0.00488798
-15.6583 14.4234 29.5174 0.106544 -0.994299 0.00402951
-16.5787 14.3145 29.7544 0.122897 -0.992415 0.00294696
-17.5533 14.1926 30.0012 0.131787 -0.991183 0.0111895
-18.728 14.0307 30.1477 0.146767 -0.989078 0.0131445
-19.9996 13.837 29.982 0.151794 -0.988246 0.0181026
-20.8535 13.6973 29.6808 0.165223 -0.986136 0.0154072
-21.9877 13.4963 28.9499 0.16898 -0.985504 0.0145585
-22.7404 13.3353 28.1437 0.18044 -0.983172 0.0285248
-23.713 13.1205 26.9628 0.192189 -0.980609 0.0361731
-24.2558 12.962 25.8549 0.203248 -0.978327 0.0395909
-24.6969 12.8186 24.7597 0.213188 -0.975981 0.0448629
-24.9574 12.722 23.9023 0.22895 -0.972025 0.0513955
-25.2377 12.6013 22.7164 0.235168 -0.970994 0.0432085
-25.279 12.5491 21.798 0.239462 -0.970078 0.0400905
-25.0959 12.5317 20.3792 0.246968 -0.967974 0.044954
-24.8019 12.5522 19.1041 0.247028 -0.968108 0.0417425
-24.5679 12.57 18.0717 0.272186 -0.961182 0.0452105
-24.3534 12.6075 16.9722 0.290175 -0.956517 0.0259374
-24.1557 12.6561 15.8056 0.284985 -0.958214 0.00347995
-24.0933 12.6673 14.8064 0.265197 -0.963788 -0.0220478
-24.2811 12.6545 13.7462 0.266738 -0.963154 -0.0344308
-24.5985 12.6097 12.6237 0.265711 -0.963269 -0.0388564
-24.9177 12.5563 11.7705 0.275205 -0.959161 -0.0635715
-25.4593 12.46 10.713 0.268849 -0.96188 -0.050064
-26.2851 12.3043 9.69605 0.259562 -0.963487 -0.0656374
-27.1109 12.159 8.67604 0.254482 -0.963946 -0.0774502
-27.6438 12.0793 7.87127 0.242871 -0.967983 -0.0634246
-28.1199 12.0226 7.00357 0.238371 -0.968618 -0.0704156
-28.6944 11.9628 5.78512 0.239812 -0.968988 -0.0596112
-29.0264 11.9545 4.5469 0.240838 -0.968934 -0.0562494
-29.1223 11.9988 3.3164 0.229043 -0.972159 -0.0494565
-28.9671 12.0919 2.11279 0.231391 -0.971985 -0.0412716
-28.6926 12.1886 1.13147 0.224743 -0.974156 -0.022616
-28.2667 12.3085 0.197362 0.222748 -0.974562 -0.0245946
-27.7363 12.4487 -0.709689 0.22004 -0.975279 -0.0203215
-26.9256 12.6479 -1.6741 0.215794 -0.976327 -0.0147794
-26.2481 12.8085 -2.3934 0.215002 -0.976499 -0.0149171
-25.2479 13.0311 -3.29047 0.211274 -0.97741 -0.00580617
-24.5037 13.1892 -3.79719 0.204479 -0.978871 -0.000162454
-23.5388 13.3785 -4.20797 0.18305 -0.983092 0.00472834
-22.6689 13.5399 -4.39539 0.184178 -0.982882 0.00468898
-21.7093 13.7196 -4.56609 0.176346 -0.984281 0.00220269
-20.5391 13.9213 -4.58982 0.164274 -0.98635 0.00884651
-19.4314 14.0981 -4.55942 0.15982 -0.987122 0.00399933
-18.4194 14.2392 -4.48354 0.13695 -0.990558 -0.00624154
-17.2507 14.3921 -4.44848 0.119421 -0.99277 -0.0120687
-15.9345 14.5438 -4.5087 0.104636 -0.994505 -0.00341516
-14.8516 14.6584 -4.60559 0.0999062 -0.994979 -0.000178036
-13.382 14.7865 -4.87088 0.0758068 -0.997099 -0.0061346
-12.0975 14.8814 -5.39709 0.0680932 -0.997671 -0.0029869
-10.9219 14.9554 -6.21208 0.0592633 -0.998242 0.000923447
-10.2918 14.9901 -6.9066 0.0547362 -0.998484 0.0044676
-9.68529 15.0173 -7.79207 0.0516649 -0.99866 0.002969
-9.11361 15.0436 -8.89815 0.0441248 -0.99899 0.00378572
-8.63272 15.0475 -10.3496 0.0337901 -0.99939 0.0087803
-8.14874 15.0509 -11.9651 0.0349704 -0.999348 0.00893751
-7.90957 15.0443 -12.9336 0.0271744 -0.999533 0.0140084
-7.60381 15.0376 -13.9077 0.0242284 -0.999549 0.0174585
-7.17844 15.0282 -14.9865 0.0196449 -0.999699 0.0144952
-6.72932 15.0187 -16.1279 0.0137094 -0.999693 0.0202504
-6.32073 15.0018 -17.1073 0.0100918 -0.999732 0.0208163
-5.79436 14.9815 -18.2577 0.00594212 -0.999694 0.0240035
-5.27194 14.9595 -19.2798 0.00228616 -0.999621 0.0270823
-4.55009 14.9289 -20.3114 -0.00148158 -0.999604 0.0280903
-3.77583 14.9007 -21.0314 -0.00739358 -0.999468 0.0317609
-2.86525 14.8693 -21.6918 -0.0117499 -0.999299 0.035554
-1.93981 14.8394 -22.1954 -0.0132034 -0.999118 0.0398519
-1.11546 14.812 -22.6275 -0.0141954 -0.999032 0.041555
-0.134786 14.7744 -23.1295 -0.0142698 -0.998927 0.0439949
0.733854 14.7437 -23.4566 -0.0194166 -0.998584 0.0495258
2.16793 14.7106 -23.5406 -0.0213827 -0.998351 0.053278
3.14185 14.6971 -23.4152 -0.0194093 -0.998354 0.0539655
4.14047 14.6847 -23.2789 -0.0187289 -0.998031 0.059851
5.05061 14.6797 -23.0851 -0.0172799 -0.997974 0.0612109
6.5132 14.6723 -22.81 -0.0169187 -0.997878 0.062871
7.66593 14.6657 -22.614 -0.0174402 -0.997823 0.0635982
9.07113 14.651 -22.4349 -0.0186539 -0.997785 0.0638548
10.1538 14.6404 -22.2805 -0.0179261 -0.99771 0.0652108
11.1914 14.6325 -22.1158 -0.0178665 -0.997714 0.0651693
12.5643 14.625 -21.8475 -0.0183174 -0.997695 0.0653329
13.8604 14.6212 -21.5397 -0.0192822 -0.997656 0.0656462
14.8223 14.6125 -21.322 -0.0242397 -0.997815 0.0614697
15.9777 14.6006 -21.0107 -0.0298952 -0.997731 0.0603209
17.1386 14.5863 -20.6847 -0.0288124 -0.997747 0.0605815
18.1414 14.5697 -20.4715 -0.0311983 -0.997818 0.0581254
19.0232 14.5525 -20.2699 -0.035648 -0.997883 0.0542593
20.2771 14.5197 -19.9554 -0.0390202 -0.997798 0.0536373
21.2095 14.4983 -19.6883 -0.0385941 -0.997866 0.0526428
22.5776 14.4474 -19.3264 -0.0531865 -0.997344 0.04976
23.5578 14.4014 -19.107 -0.0618143 -0.996809 0.050293
24.4337 14.3558 -18.8875 -0.0647714 -0.996476 0.053286
25.4345 14.3011 -18.603 -0.073663 -0.995938 0.0517791
26.7084 14.2244 -18.222 -0.0773612 -0.995587 0.0531204
27.6348 14.166 -17.9495 -0.0805174 -0.995274 0.0542767
28.7108 14.1028 -17.5332 -0.0842908 -0.994886 0.0554802
29.7467 14.0451 -16.9457 -0.0915173 -0.994148 0.0572638
30.5117 14.0126 -16.2088 -0.0948093 -0.993984 0.0548256
31.233 13.9913 -15.362 -0.0979538 -0.993611 0.0559421
32.0212 13.9584 -14.521 -0.10212 -0.993055 0.0583911
32.7852 13.9294 -13.7013 -0.102451 -0.992901 0.0604239
33.548 13.9089 -12.7446 -0.102657 -0.992798 0.0617473
34.1718 13.8984 -11.9639 -0.102121 -0.992348 0.0692893
34.7409 13.891 -11.2069 -0.104752 -0.991937 0.0713123
35.5307 13.8925 -10.1278 -0.103411 -0.991453 0.0795487
36.092 13.8888 -9.40694 -0.10853 -0.990704 0.0818751
36.7347 13.8846 -8.65006 -0.108708 -0.990281 0.0867514
37.3292 13.8883 -7.93977 -0.101936 -0.990491 0.0923969
37.9742 13.9023 -7.1391 -0.088462 -0.990215 0.107908
38.6456 13.9508 -6.15099 -0.0827008 -0.990386 0.110773
39.4863 14.0239 -4.9087 -0.0783985 -0.990849 0.109871
40.0921 14.0567 -4.0883 -0.0896347 -0.99034 0.105728
40.6483 14.0781 -3.34842 -0.103728 -0.989854 0.097108
41.3091 14.0876 -2.42307 -0.123948 -0.987985 0.0923168
42.2188 14.0702 -1.36813 -0.125838 -0.987888 0.0907843
43.0575 14.0087 -0.730569 -0.159549 -0.980704 0.112447
44.0654 13.9043 -0.260267 -0.164364 -0.978908 0.121199
45.3949 13.698 0.0436617 -0.194243 -0.970799 0.140779
46.5679 13.4595 0.0109381 -0.205707 -0.966376 0.153247
47.627 13.1895 -0.165153 -0.217614 -0.961899 0.165515
48.5034 12.974 -0.229997 -0.234074 -0.95305 0.191963
49.4183 12.7617 -0.194819 -0.228796 -0.953313 0.197096
50.2997 12.5733 -0.0567838 -0.233687 -0.950709 0.203702
51.151 12.4333 0.239371 -0.234789 -0.949096 0.209893
52.1454 12.3059 0.775941 -0.234384 -0.947557 0.217258
53.155 12.2035 1.43404 -0.240404 -0.945428 0.21988
54.0492 12.155 2.19164 -0.240876 -0.944082 0.225141
54.9002 12.1688 3.15859 -0.240522 -0.943365 0.228473
55.7864 12.2306 4.39749 -0.252322 -0.942812 0.217662
56.3757 12.2626 5.23445 -0.259724 -0.940342 0.219774
56.8409 12.3013 6.04636 -0.283012 -0.9421 0.179462
57.1764 12.3523 6.88864 -0.277604 -0.945476 0.170311
57.4687 12.4543 7.94001 -0.274421 -0.947263 0.165485
57.689 12.5123 8.87825 -0.308545 -0.947957 0.0782984
57.8951 12.547 10.1683 -0.306023 -0.949552 0.0682242
58.0389 12.5766 11.1542 -0.299294 -0.952428 0.0546323
58.1917 12.5721 12.2741 -0.289907 -0.95652 0.0301861
58.1758 12.5262 13.2688 -0.299134 -0.95193 -0.065937
58.0608 12.4885 14.349 -0.301505 -0.951376 -0.0630143
57.8378 12.4663 15.3493 -0.29103 -0.944312 -0.153544
57.5122 12.4017 16.375 -0.272993 -0.95037 -0.148897
57.0496 12.3463 17.4739 -0.267357 -0.950078 -0.16085
56.4858 12.3303 18.4051 -0.222559 -0.955303 -0.194584
55.9607 12.2984 19.1622 -0.222557 -0.95482 -0.19693
55.3746 12.2671 19.9304 -0.21259 -0.955497 -0.204524
54.4043 12.2308 20.9401 -0.182565 -0.952479 -0.243832
53.5804 12.2051 21.6481 -0.175113 -0.948554 -0.26378
52.706 12.1835 22.3059 -0.175114 -0.948505 -0.263958
51.8141 12.1942 22.8655 -0.181144 -0.949489 -0.256101
50.7686 12.239 23.4732 -0.185519 -0.950602 -0.248877
49.771 12.3454 23.852 -0.202032 -0.949351 -0.240657
48.88 12.5053 23.9629 -0.198408 -0.952383 -0.231387
47.7715 12.758 23.895 -0.207069 -0.952114 -0.224949
46.865 12.99 23.7484 -0.202587 -0.952779 -0.226137
45.7584 13.2632 23.6234 -0.213242 -0.954171 -0.209963
44.8734 13.4386 23.6516 -0.209666 -0.959351 -0.188905
43.926 13.5973 23.8742 -0.183451 -0.968481 -0.168034
43.0335 13.7187 24.2087 -0.185978 -0.969677 -0.158468
42.1986 13.8003 24.734 -0.190278 -0.971732 -0.139755
41.3895 13.8529 25.4147 -0.170953 -0.977668 -0.122232
40.5733 13.8882 26.2821 -0.156158 -0.982176 -0.104609
39.8936 13.9069 27.1201 -0.161699 -0.982178 -0.0951267
38.8959 13.9423 28.3308 -0.143523 -0.986184 -0.082411
37.8477 13.9889 29.4831 -0.130916 -0.98884 -0.0706479
37.1104 14.0288 30.2238 -0.116867 -0.991059 -0.0643704
36.0935 14.0969 31.0458 -0.109256 -0.992379 -0.0569865
35.2587 14.1574 31.6053 -0.105662 -0.992912 -0.054181
34.2199 14.226 32.2236 -0.0809383 -0.995442 -0.049306
33.1952 14.2533 32.9772 -0.0615614 -0.996237 -0.0605423
32.1451 14.2359 33.948 -0.0448709 -0.996042 -0.0765246
31.1327 14.2115 34.8626 -0.0348145 -0.996641 -0.0738117
30.1777 14.1819 35.6126 -0.0259068 -0.996681 -0.0771147
29.3046 14.1497 36.2782 -0.0227288 -0.996285 -0.0830255
28.5014 14.1236 36.7656 -0.0192498 -0.996174 -0.0852454
27.4687 14.0973 37.2524 -0.0144844 -0.995678 -0.0917346
26.5336 14.0786 37.5987 -0.0143384 -0.995577 -0.0928471
25.4329 14.0544 38.0357 -0.0144773 -0.99551 -0.0935388
24.5848 14.0276 38.4887 -0.0204057 -0.995366 -0.0939721
23.6846 13.9881 39.0548 -0.0206448 -0.994541 -0.102286
22.7368 13.9453 39.6246 -0.0160022 -0.993753 -0.11045
21.8586 13.9068 40.0849 -0.0141451 -0.993063 -0.116729
20.5908 13.864 40.6044 -0.0139379 -0.99294 -0.1178
19.1975 13.8362 41.0095 -0.0185705 -0.991501 -0.128765
17.8463 13.8215 41.3098 -0.0199642 -0.991212 -0.130735
16.9301 13.8175 41.499 -0.023501 -0.991093 -0.131082
15.652 13.8256 41.6929 -0.0278766 -0.990884 -0.1318
14.6549 13.8478 41.7637 -0.0344941 -0.990781 -0.131006
13.5679 13.8748 41.8498 -0.0381515 -0.990621 -0.131181
12.5151 13.9073 41.9283 -0.0419138 -0.99047 -0.131183
11.5223 13.9555 41.8928 -0.0425432 -0.990985 -0.126994
10.2224 14.028 41.7918 -0.0496013 -0.990712 -0.126566
9.31772 14.0788 41.7435 -0.047939 -0.991501 -0.120947
8.14574 14.1524 41.5671 -0.0407237 -0.992844 -0.112259
7.1372 14.2205 41.3734 -0.043973 -0.994069 -0.09946
5.83977 14.3215 40.9785 -0.0475618 -0.994443 -0.093759
4.70274 14.4041 40.6132 -0.0428013 -0.995343 -0.0862612
3.49924 14.49 40.1468 -0.0379739 -0.995774 -0.0836133
2.45151 14.5614 39.7151 -0.0351295 -0.99643 -0.0767693
1.56308 14.6221 39.3 -0.0302677 -0.99716 -0.0685654
0.776933 14.6857 38.6323 -0.0285204 -0.997701 -0.0614696
0.19164 14.7416 37.8951 -0.0238223 -0.998343 -0.0523902
-0.552223 14.8105 36.8367 -0.0203732 -0.998747 -0.0457135
-1.26576 14.868 35.8415 -0.0143103 -0.99908 -0.0404194
-2.03292 14.9173 34.7559 -0.00757477 -0.999346 -0.0352136
-2.79281 14.9584 33.6018 -0.000824001 -0.999601 -0.0282167
-3.53319 14.9843 32.6324 0.0016794 -0.99978 -0.0209014
-4.21232 15.0005 31.8173 0.00438897 -0.999793 -0.0195877
-4.60716 15.0058 31.3326 0.0131378 -0.999741 -0.0185764
-5.27352 14.9861 31.9481 0.0124898 -0.999805 -0.0152718
-4.50464 14.9756 32.9167 0.00726945 -0.999742 -0.0215146
-3.73563 14.9528 33.8887 -0.00333182 -0.99961 -0.0277311
-3.10565 14.9252 34.8123 -0.00719091 -0.999526 -0.0297357
-2.46623 14.8883 35.776 -0.0108144 -0.999332 -0.0347413
-1.90943 14.85 36.5461 -0.0156184 -0.999116 -0.0390283
-1.32382 14.8002 37.4055 -0.0195305 -0.998767 -0.0456345
-0.726493 14.7427 38.2841 -0.0231856 -0.998333 -0.0528521
0.108576 14.6607 39.3155 -0.0301071 -0.997476 -0.0643098
0.947273 14.5849 40.0684 -0.0339112 -0.996643 -0.0745189
1.95341 14.5167 40.5232 -0.0329874 -0.99663 -0.0750974
2.85721 14.4527 40.8796 -0.0375895 -0.995791 -0.0835862
4.1166 14.3615 41.3567 -0.0427038 -0.99496 -0.0907255
5.26226 14.2737 41.7785 -0.0475621 -0.994443 -0.0937584
6.76409 14.1438 42.305 -0.047977 -0.994002 -0.0981886
8.17642 14.0452 42.5045 -0.0476095 -0.992764 -0.109998
9.19434 13.9693 42.6876 -0.0529956 -0.990896 -0.123753
10.2928 13.9066 42.7149 -0.0496012 -0.990712 -0.126565
11.7143 13.8205 42.8562 -0.0455075 -0.990598 -0.128992
13.1053 13.7613 42.8412 -0.0419191 -0.989111 -0.141059
14.4562 13.7329 42.6852 -0.0352174 -0.99081 -0.130591
15.9788 13.6972 42.5866 -0.0296876 -0.989989 -0.137955
16.8855 13.6949 42.4312 -0.0261223 -0.990119 -0.137776
18.1715 13.7038 42.1585 -0.0183422 -0.990218 -0.138315
19.2142 13.7184 41.9289 -0.0115344 -0.991508 -0.129372
20.3144 13.7372 41.6728 -0.0126321 -0.992376 -0.122594
21.7028 13.7826 41.1571 -0.0102422 -0.992769 -0.119597
22.6325 13.8243 40.7119 -0.0112993 -0.993514 -0.113145
23.4468 13.8627 40.2681 -0.0153753 -0.993741 -0.110646
24.2952 13.9067 39.7434 -0.0149652 -0.994717 -0.101558
25.0954 13.9474 39.2283 -0.017817 -0.995008 -0.0980757
26.3333 13.9846 38.6394 -0.0144773 -0.99551 -0.0935388
27.2185 13.9992 38.3492 -0.0137333 -0.995586 -0.092844
28.4326 14.0257 37.8722 -0.0151959 -0.995673 -0.0916754
29.6253 14.0644 37.1941 -0.0213479 -0.996129 -0.0852691
30.4113 14.0948 36.624 -0.0256735 -0.996411 -0.08064
31.4129 14.1306 35.821 -0.0319187 -0.996684 -0.0747786
32.2097 14.1528 35.1428 -0.0357685 -0.996881 -0.070258
32.9055 14.1608 34.5185 -0.0512047 -0.996805 -0.0612987
33.7354 14.1678 33.7422 -0.0632313 -0.995552 -0.0698494
34.5245 14.1515 33.1342 -0.0864779 -0.99466 -0.0533792
35.3101 14.0923 32.6626 -0.102279 -0.993392 -0.0518831
36.2039 14.0266 32.0953 -0.110248 -0.992534 -0.0521674
37.334 13.9412 31.2644 -0.118581 -0.99148 -0.0539057
38.3946 13.868 30.2324 -0.132686 -0.989169 -0.0627697
39.0294 13.8288 29.5548 -0.137388 -0.987478 -0.0770718
39.868 13.7762 28.6258 -0.143522 -0.986184 -0.0824102
40.5032 13.7436 27.8192 -0.166151 -0.982464 -0.0846041
41.2029 13.7116 26.9235 -0.183226 -0.977733 -0.102304
42.0345 13.6633 26.0171 -0.193923 -0.973281 -0.120892
43.0398 13.5628 25.186 -0.196891 -0.968745 -0.150889
43.8988 13.4461 24.7726 -0.197997 -0.965287 -0.170349
44.8218 13.2841 24.5479 -0.215299 -0.962392 -0.165673
45.7398 13.0675 24.5124 -0.223447 -0.951483 -0.211212
46.7133 12.8162 24.6438 -0.213309 -0.951882 -0.220029
47.6028 12.5897 24.7721 -0.212825 -0.951016 -0.224164
48.9556 12.2608 24.8858 -0.206574 -0.949364 -0.236713
50.0377 12.0599 24.7547 -0.203519 -0.949536 -0.238652
51.2551 11.943 24.2424 -0.196243 -0.949796 -0.243652
52.0245 11.9153 23.7744 -0.188466 -0.948388 -0.255031
52.8264 11.8878 23.2886 -0.185366 -0.944827 -0.269793
54.1048 11.8872 22.3832 -0.195619 -0.941149 -0.275629
54.9378 11.9183 21.6635 -0.201911 -0.942238 -0.267178
55.7775 11.9593 20.8341 -0.213752 -0.942603 -0.256536
56.628 12.0214 19.7435 -0.222555 -0.954337 -0.199274
57.5359 12.036 18.4617 -0.255733 -0.953079 -0.16199
58.2248 12.0731 17.1196 -0.271733 -0.949168 -0.158877
58.6165 12.1584 15.862 -0.274257 -0.95157 -0.138917
58.9422 12.1941 14.5748 -0.312296 -0.947164 -0.073153
59.0667 12.2388 13.3765 -0.312728 -0.94813 -0.0539046
59.0765 12.2789 12.3956 -0.324792 -0.945184 -0.00955813
58.991 12.2845 11.4135 -0.326965 -0.944698 0.0248849
58.8098 12.2481 10.0945 -0.307507 -0.948502 0.0760462
58.6352 12.218 8.97005 -0.305189 -0.949437 0.0736306
58.3949 12.1689 7.99626 -0.318118 -0.93612 0.149936
58.1016 12.072 6.88947 -0.308095 -0.93439 0.178862
57.684 11.9813 5.73258 -0.278995 -0.941515 0.188974
57.2445 11.9516 4.93027 -0.273261 -0.939606 0.20511
56.6187 11.925 4.05661 -0.258655 -0.942202 0.212962
55.8982 11.8859 3.0639 -0.246463 -0.942242 0.226793
55.233 11.8324 2.12213 -0.245536 -0.941705 0.229998
54.2135 11.8534 1.10898 -0.252809 -0.941017 0.224864
53.444 11.9271 0.539767 -0.247594 -0.943564 0.219737
52.2791 12.0532 -0.182365 -0.235616 -0.947213 0.217418
51.1201 12.2145 -0.78261 -0.241101 -0.948532 0.205308
50.2479 12.3843 -1.02309 -0.240407 -0.949152 0.20326
49.3533 12.5853 -1.12372 -0.234072 -0.953051 0.191964
48.2839 12.8479 -1.15413 -0.235949 -0.953662 0.186666
47.1476 13.1503 -1.02345 -0.225081 -0.958217 0.176007
45.7576 13.5005 -0.818471 -0.205707 -0.966376 0.153246
44.3961 13.7395 -1.08506 -0.199867 -0.971746 0.125477
43.5577 13.8484 -1.49188 -0.160124 -0.981851 0.101634
42.6894 13.92 -2.15016 -0.157894 -0.982082 0.102879
41.9924 13.9516 -2.98563 -0.131595 -0.987288 0.0891347
41.3251 13.9482 -3.95845 -0.101431 -0.991643 0.0797286
40.6141 13.9227 -4.94001 -0.0867822 -0.991042 0.101514
39.7444 13.8558 -6.21625 -0.0788223 -0.990339 0.114082
39.1768 13.8067 -7.05074 -0.0893505 -0.989075 0.116833
38.5722 13.7628 -7.83631 -0.0921187 -0.987718 0.126202
37.9684 13.7515 -8.63683 -0.120156 -0.9881 0.0960231
37.3546 13.7552 -9.34944 -0.10853 -0.990704 0.0818748
36.7209 13.7674 -10.0852 -0.108353 -0.991126 0.076997
36.1579 13.7719 -10.8161 -0.103404 -0.991723 0.0760302
35.3689 13.7734 -11.9204 -0.104752 -0.991937 0.0713118
34.6658 13.7862 -12.8212 -0.10559 -0.992297 0.0647132
33.8047 13.8097 -13.9178 -0.105648 -0.992465 0.0620655
32.9372 13.8409 -14.9365 -0.10334 -0.993012 0.0569738
32.2837 13.8711 -15.585 -0.101679 -0.993214 0.0564609
31.5986 13.896 -16.3777 -0.100807 -0.993381 0.055033
30.6694 13.9316 -17.4064 -0.0914468 -0.994397 0.0530326
29.8728 13.974 -17.9891 -0.0892918 -0.994654 0.0517816
28.9347 14.0311 -18.4549 -0.0875542 -0.994702 0.0538337
27.9906 14.0907 -18.8126 -0.0811615 -0.995273 0.0533306
26.6385 14.1783 -19.1969 -0.0780621 -0.995591 0.0520046
25.6831 14.2372 -19.4823 -0.0720375 -0.995957 0.0536015
24.5741 14.2973 -19.8116 -0.0676285 -0.99622 0.0544313
23.0966 14.3755 -20.1813 -0.0608382 -0.996751 0.0524935
21.9167 14.4213 -20.5002 -0.0525543 -0.997174 0.0536824
20.8227 14.4534 -20.7948 -0.0408184 -0.99762 0.0554881
19.8969 14.4763 -21.0342 -0.0390008 -0.997387 0.0608155
18.6822 14.5042 -21.2767 -0.0309669 -0.997609 0.0617867
17.4779 14.5247 -21.5315 -0.0293161 -0.997708 0.0609939
16.1259 14.5405 -21.9108 -0.0286475 -0.997622 0.0626946
15.1214 14.551 -22.2026 -0.0264655 -0.997714 0.0621303
14.0903 14.5578 -22.4305 -0.0200879 -0.997626 0.0658759
12.9063 14.5626 -22.7053 -0.0187469 -0.997701 0.0651184
11.8912 14.5677 -22.9171 -0.0180235 -0.997723 0.0649916
10.454 14.577 -23.1683 -0.0178665 -0.997714 0.0651693
8.84532 14.5937 -23.3969 -0.0191119 -0.997763 0.0640626
7.88534 14.6043 -23.5073 -0.0184083 -0.997776 0.0640659
6.54766 14.6122 -23.7584 -0.0174673 -0.997973 0.0611715
5.43973 14.6202 -23.9505 -0.0202537 -0.998083 0.0584129
4.37021 14.6287 -24.1529 -0.0180266 -0.998205 0.0570678
3.42632 14.6419 -24.3064 -0.0245656 -0.998356 0.0517941
1.94071 14.6667 -24.5232 -0.0222629 -0.998554 0.0489265
0.839039 14.6939 -24.4648 -0.0209016 -0.998623 0.0480855
-0.189583 14.7304 -24.1442 -0.0213929 -0.998702 0.0462185
-1.03784 14.7632 -23.7355 -0.0162704 -0.998959 0.0426105
-2.33393 14.8116 -23.0428 -0.0151491 -0.999177 0.0376247
-3.18561 14.8405 -22.6054 -0.0113438 -0.999302 0.0355817
-4.17259 14.8753 -21.9416 -0.00939147 -0.999395 0.0333447
-5.07332 14.9061 -21.1673 -0.00462627 -0.999575 0.0285297
-5.81775 14.9326 -20.252 -0.001661 -0.999606 0.0280092
-6.50349 14.9626 -18.9251 0.00337927 -0.999723 0.0232956
-6.92945 14.9772 -18.0563 0.00798289 -0.999779 0.0194671
-7.40608 14.994 -16.9063 0.0130518 -0.999792 0.0156425
-7.73988 15.0026 -16.0495 0.0152354 -0.999736 0.0169527
-8.10443 15.0082 -15.1404 0.0231573 -0.999666 0.0114694
-8.56645 15.0123 -13.9457 0.0230449 -0.999647 0.0132239
-8.9342 15.015 -12.7099 0.0358821 -0.999302 0.0104017
-9.21107 15.0152 -11.712 0.0359219 -0.999307 0.00980473
-9.53201 15.013 -10.6298 0.045718 -0.998932 0.00648275
-9.88284 15.0036 -9.46302 0.047626 -0.998844 0.00649282
-10.3076 14.9848 -8.52133 0.0489941 -0.998799 0.000201861
-11.0414 14.9454 -7.40692 0.052914 -0.998596 -0.00236367
-11.7045 14.9085 -6.67505 0.0611159 -0.998094 -0.002403
-12.6968 14.841 -6.08176 0.0678333 -0.997697 -5.38304e-05
-13.8822 14.7482 -5.65235 0.0910581 -0.99583 0.00330051
-15.308 14.6124 -5.47227 0.0952972 -0.995448 0.00148644
-16.8929 14.4464 -5.37519 0.111895 -0.993651 -0.0078298
-18.3783 14.2507 -5.40214 0.134004 -0.990962 -0.00516401
-19.4924 14.089 -5.49693 0.153635 -0.988088 0.000143292
-20.5055 13.9216 -5.5352 0.165613 -0.986187 0.00129562
-21.753 13.7096 -5.51712 0.176346 -0.984281 0.00220225
-23.0884 13.4562 -5.26906 0.185919 -0.982532 0.00746643
-24.0934 13.2702 -5.01857 0.194444 -0.980834 0.00641804
-25.2872 13.0232 -4.4059 0.210129 -0.977655 0.00437358
-26.3955 12.7805 -3.57405 0.219688 -0.975555 -0.00332448
-27.0491 12.6279 -2.92724 0.22372 -0.974645 -0.00397687
-27.6692 12.4826 -2.24785 0.224923 -0.974365 -0.004499
-28.2923 12.3346 -1.54349 0.226575 -0.973909 -0.0111328
-28.9564 12.1683 -0.554745 0.218595 -0.975713 -0.0141308
-29.4461 12.033 0.509053 0.220754 -0.974967 -0.026574
-29.7979 11.9244 1.52381 0.221714 -0.97445 -0.032917
-30.0492 11.8032 2.88661 0.218001 -0.974803 -0.0472643
-30.0522 11.7478 3.92483 0.229913 -0.971908 -0.0503496
-29.9343 11.7219 4.8201 0.22672 -0.972035 -0.0611998
-29.642 11.7152 5.94255 0.230259 -0.970688 -0.0673979
-29.137 11.7675 7.02846 0.24227 -0.967676 -0.070056
-28.6395 11.8239 7.96989 0.236512 -0.969466 -0.0642557
-28.1658 11.8817 8.74092 0.24532 -0.966183 -0.0793298
-27.6128 11.9604 9.49878 0.254482 -0.963946 -0.0774504
-26.9155 12.0918 10.2873 0.260153 -0.963111 -0.068831
-26.2625 12.2169 11.0695 0.275205 -0.959161 -0.0635721
-25.7642 12.2894 11.9898 0.281561 -0.956443 -0.0770796
-25.4429 12.3375 12.8423 0.305422 -0.95095 -0.0485661
-25.1848 12.3713 13.7076 0.312376 -0.948629 -0.0498356
-24.9598 12.3825 15.0352 0.324767 -0.945101 -0.0146428
-25.141 12.3363 16.3436 0.3036 -0.952442 0.017394
-25.3814 12.3092 17.5769 0.292663 -0.955056 0.0461601
-25.6515 12.2898 18.7966 0.275855 -0.959356 0.0575893
-25.956 12.2964 20.034 0.259647 -0.96384 0.0567329
-26.1646 12.3173 21.4802 0.232871 -0.970834 0.0563984
-26.2059 12.3541 22.393 0.21463 -0.975721 0.0436195
-26.0209 12.4586 23.5768 0.222733 -0.973057 0.0595823
-25.7184 12.593 24.7567 0.220009 -0.974283 0.0486575
-25.2873 12.7409 25.8718 0.2132 -0.975973 0.0449652
-24.9136 12.8603 26.7183 0.203462 -0.978251 0.0403365
-24.4669 12.9881 27.5438 0.203358 -0.978223 0.0415378
-23.8985 13.1247 28.284 0.189235 -0.9816 0.0255095
-23.0966 13.2969 29.1453 0.181122 -0.983195 0.0228647
-22.3982 13.4365 29.8179 0.172917 -0.984837 0.0139604
-21.1133 13.6683 30.5986 0.165406 -0.986101 0.015657
-19.7381 13.8905 31.0315 0.145232 -0.98934 0.0107202
-18.4064 14.0816 31.1051 0.135022 -0.990843 -0.000414928
-17.4924 14.2043 30.9776 0.126167 -0.992 0.00313445
-16.6272 14.3113 30.7356 0.123372 -0.992358 0.00244957
-15.5776 14.435 30.4604 0.107119 -0.994241 0.00309802
-14.5869 14.5409 30.1876 0.106543 -0.994299 0.00402886
-13.3044 14.6576 29.6677 0.0852891 -0.996328 0.00364856
-12.3297 14.7334 29.2222 0.0793194 -0.996843 0.00349936
-11.3692 14.7986 28.9456 0.0680338 -0.997683 -0.000979265
-10.4241 14.8547 28.8411 0.0516952 -0.998663 9.69061e-05
-9.43507 14.9038 28.8894 0.0476038 -0.998862 -0.0028888
-8.47406 14.9417 29.1654 0.0334874 -0.999431 -0.00405672
-7.44284 14.9685 29.7817 0.0275222 -0.999556 -0.0106902
-6.4963 14.9824 30.5747 0.0229718 -0.999678 -0.0106159
-5.65908 14.9891 31.4849 0.0164985 -0.999739 -0.0150294
-5.42266 14.9869 31.7714 0.0128137 -0.999773 -0.0169241
-5.95999 14.9679 32.5194 0.0154953 -0.999753 -0.015952
-6.72194 14.9654 31.6078 0.0210766 -0.999736 -0.00918314
-7.59371 14.9541 30.7621 0.0237514 -0.999677 -0.00898911
-8.51572 14.9352 30.1357 0.0282954 -0.999599 -0.00126591
-9.40816 14.9067 29.7987 0.0400861 -0.999188 0.00360102
-10.378 14.8604 29.7467 0.0552744 -0.998455 0.00564194
-11.4123 14.7994 29.8704 0.0632357 -0.997988 0.00468417
-12.5937 14.7167 30.3453 0.0788453 -0.996878 0.00428069
-13.5061 14.6423 30.7519 0.0893049 -0.995961 0.00770545
-14.5079 14.5598 31.1393 0.0995802 -0.994881 0.0114565
-15.7807 14.4209 31.4697 0.114842 -0.99328 0.0136607
-17.0989 14.2635 31.894 0.124531 -0.992104 0.014889
-17.975 14.1501 32.0659 0.132552 -0.991109 0.0113737
-19.3724 13.955 32.0586 0.141529 -0.989895 0.00884234
-20.4305 13.7957 31.8358 0.154481 -0.987957 0.0087443
-21.6809 13.5889 31.3875 0.16492 -0.986126 0.0188914
-22.6259 13.4199 30.8512 0.166966 -0.98573 0.0212487
-23.6307 13.2217 29.9296 0.174555 -0.984351 0.0241603
-24.4911 13.0341 29.0164 0.187152 -0.981729 0.0343796
-25.0784 12.8972 28.3283 0.185581 -0.9814 0.0487572
-25.6253 12.7544 27.4634 0.187954 -0.981229 0.0431672
-26.0203 12.6222 26.6057 0.204177 -0.97737 0.0550162
-26.438 12.4751 25.5649 0.21637 -0.9746 0.0577873
-26.7211 12.364 24.6702 0.215677 -0.975043 0.0526687
-26.9438 12.257 23.6841 0.21774 -0.974294 0.0578
-27.1165 12.1709 22.7462 0.215893 -0.975283 0.0469386
-27.1004 12.1095 21.6849 0.224808 -0.972168 0.0657595
-26.9649 12.087 20.7673 0.245507 -0.967221 0.0625588
-26.783 12.0421 19.5969 0.255726 -0.963821 0.0751718
-26.4916 12.0266 18.5033 0.279272 -0.956865 0.0770095
-26.2561 12.0289 17.3228 0.292662 -0.955056 0.0461598
-25.9999 12.0417 16.1297 0.314148 -0.94716 0.0648067
-25.8485 12.0762 15.1867 0.319252 -0.947036 -0.0284202
-25.9363 12.0893 14.28 0.322748 -0.94482 -0.0549993
-26.3085 12.0433 13.0296 0.312359 -0.948336 -0.0555893
-26.8619 11.9876 11.7148 0.282785 -0.956047 -0.0775072
-27.4874 11.8787 10.9694 0.268496 -0.959715 -0.0826098
-28.1038 11.7676 10.29 0.24207 -0.966508 -0.0852315
-28.6852 11.685 9.57459 0.241995 -0.966856 -0.0813141
-29.4093 11.6039 8.47621 0.226448 -0.970342 -0.0846076
-29.8661 11.5539 7.615 0.230754 -0.971255 -0.0584554
-30.4018 11.5011 6.61035 0.209036 -0.976111 -0.0592493
-30.8264 11.4957 5.19717 0.219203 -0.974039 -0.0564602
-30.9847 11.5269 4.07852 0.215348 -0.974787 -0.058433
-31.0216 11.5772 3.04816 0.218509 -0.974659 -0.0478828
-30.9045 11.6477 2.14773 0.218001 -0.974803 -0.0472643
-30.6394 11.7373 1.11443 0.225933 -0.973954 -0.0191883
-30.3065 11.8383 0.176541 0.231415 -0.972476 -0.0271415
-29.7505 12.0008 -1.041 0.221855 -0.974852 -0.019456
-28.9444 12.1917 -2.26148 0.212555 -0.977132 -0.00572352
-28.2948 12.3441 -2.95663 0.219775 -0.975511 -5.25569e-06
-27.65 12.4903 -3.67658 0.227255 -0.973835 0.000559301
-26.5718 12.7347 -4.63667 0.223576 -0.974606 0.0125617
-25.2133 13.0318 -5.50779 0.220678 -0.975309 0.00853018
-24.387 13.2007 -5.87767 0.197925 -0.980029 0.0192227
-23.3411 13.4015 -6.17557 0.185919 -0.982532 0.00746686
-22.0925 13.6399 -6.42328 0.188864 -0.981981 0.00664425
-21.0874 13.8196 -6.51597 0.171502 -0.985155 0.00754491
-20.1598 13.9778 -6.46728 0.159047 -0.987242 0.00488085
-19.1478 14.1368 -6.40144 0.14967 -0.988701 0.00594035
-18.0941 14.2896 -6.29654 0.142138 -0.989838 0.00420672
-17.1501 14.4132 -6.27688 0.118193 -0.992985 0.00338342
-15.9622 14.5481 -6.33743 0.0999975 -0.994973 -0.00125222
-14.6745 14.6717 -6.4182 0.0952978 -0.995448 0.00148684
-13.7534 14.7546 -6.59277 0.0883562 -0.996089 0.000887288
-12.5539 14.8506 -7.13155 0.0686052 -0.997642 -0.00111521
-11.7114 14.9114 -8.0344 0.0611157 -0.998094 -0.00240421
-11.1409 14.941 -8.88751 0.0560627 -0.998421 0.00362647
-10.6856 14.9633 -9.95689 0.0510852 -0.998673 0.00387179
-10.2823 14.9722 -11.4652 0.0454504 -0.998935 0.00793915
-9.89641 14.9839 -12.7245 0.0327025 -0.999447 0.00570783
-9.54917 14.984 -13.9555 0.0306913 -0.999465 0.0112744
-9.14643 14.9869 -15.0103 0.0220295 -0.999716 0.00897205
-8.77915 14.9861 -15.8745 0.0208297 -0.999722 0.0110834
-8.36672 14.9806 -16.9605 0.0130518 -0.999792 0.0156425
-7.89246 14.9669 -18.1937 0.0105028 -0.999782 0.0178113
-7.19085 14.9438 -19.6345 0.00362634 -0.99981 0.0191011
-6.57919 14.9163 -20.8695 -0.000131013 -0.99977 0.0214431
-5.70865 14.8888 -21.8794 -0.00462566 -0.999575 0.0285291
-4.90428 14.8603 -22.5698 -0.00743366 -0.999423 0.0331294
-3.9489 14.8253 -23.275 -0.012087 -0.999256 0.0366104
-3.07462 14.7969 -23.7316 -0.0139899 -0.999193 0.0376306
-1.96007 14.7542 -24.3453 -0.01698 -0.999016 0.0409686
-0.873928 14.7123 -24.8628 -0.0200315 -0.998806 0.0445631
0.037144 14.6765 -25.2388 -0.0227791 -0.998719 0.0451663
0.991639 14.6442 -25.4455 -0.0231588 -0.99865 0.046496
2.03145 14.6183 -25.4734 -0.0248733 -0.998487 0.0490498
3.44205 14.5942 -25.2198 -0.0262886 -0.998456 0.0489293
4.62095 14.5755 -25.0383 -0.0203684 -0.998371 0.0531543
5.86852 14.5606 -24.8207 -0.0202537 -0.998083 0.0584129
7.04371 14.5493 -24.6171 -0.0219482 -0.997753 0.0633067
8.4655 14.5375 -24.3595 -0.0191612 -0.997649 0.0657938
9.41511 14.5235 -24.2887 -0.0196517 -0.997633 0.0658925
10.7723 14.5128 -24.0457 -0.0197046 -0.997637 0.0658177
11.7652 14.5064 -23.8705 -0.0167863 -0.997637 0.0666212
13.1032 14.5001 -23.6053 -0.0182916 -0.997724 0.0649049
13.9901 14.4987 -23.3828 -0.0186081 -0.997776 0.0639909
15.5205 14.485 -23.0577 -0.0260207 -0.997504 0.065634
16.5841 14.477 -22.7129 -0.0287406 -0.997622 0.0626441
17.8172 14.4637 -22.3531 -0.0297982 -0.997609 0.062353
19.039 14.4405 -22.1266 -0.0337357 -0.99749 0.0621922
20.0177 14.4151 -21.9604 -0.0377521 -0.997379 0.0617076
20.8874 14.3977 -21.7251 -0.0394557 -0.997553 0.0575702
21.8549 14.3692 -21.4833 -0.043423 -0.997442 0.0567816
22.8256 14.3335 -21.211 -0.0561205 -0.996884 0.0554274
24.0457 14.2769 -20.9093 -0.0665185 -0.996529 0.0500313
25.0104 14.2242 -20.6592 -0.0674813 -0.996441 0.0505046
26.4969 14.1364 -20.1949 -0.0802946 -0.995459 0.0511323
27.3822 14.0792 -19.9406 -0.0821332 -0.995149 0.0541507
28.5412 14.0019 -19.6087 -0.0831815 -0.995023 0.0548519
29.5832 13.9373 -19.1737 -0.0855234 -0.994899 0.0534658
30.5452 13.876 -18.6755 -0.0921808 -0.994403 0.0516299
31.5521 13.8194 -17.9104 -0.100899 -0.993532 0.0520946
32.5082 13.7833 -16.7697 -0.101899 -0.993347 0.0536258
33.1759 13.7537 -16.0286 -0.103731 -0.99315 0.0537863
33.8344 13.7235 -15.3267 -0.105265 -0.992789 0.0573446
34.6683 13.6938 -14.3002 -0.105637 -0.992615 0.0595872
35.2601 13.6776 -13.5427 -0.106342 -0.992411 0.0617316
36.0099 13.6612 -12.5591 -0.107004 -0.992014 0.0667655
36.6435 13.6514 -11.727 -0.105335 -0.991593 0.0751449
37.6394 13.643 -10.4463 -0.114514 -0.990724 0.0724805
38.4737 13.6105 -9.52954 -0.115999 -0.989924 0.0812116
39.2048 13.6209 -8.50403 -0.0929061 -0.989429 0.109612
39.9091 13.6694 -7.65137 -0.0783232 -0.988875 0.126338
40.6284 13.7484 -6.57941 -0.0670687 -0.99115 0.114297
41.1145 13.8043 -5.79576 -0.0784818 -0.993759 0.0792697
41.7027 13.822 -4.99236 -0.0826321 -0.9924 0.0903921
42.3257 13.8195 -4.03972 -0.132491 -0.988519 0.0726388
43.1371 13.7863 -2.93048 -0.155097 -0.985183 0.0732099
44.0833 13.6639 -2.19546 -0.202593 -0.974029 0.0977126
45.1079 13.5016 -1.80604 -0.212587 -0.967108 0.138173
46.4394 13.1926 -1.78253 -0.229404 -0.960022 0.159886
47.6301 12.8489 -2.04446 -0.244507 -0.954054 0.173062
48.497 12.6104 -2.10875 -0.243869 -0.952903 0.180209
49.7277 12.3067 -2.02256 -0.254343 -0.947687 0.192873
50.7555 12.0755 -1.86506 -0.241812 -0.949417 0.200307
51.8897 11.8779 -1.4335 -0.241102 -0.948531 0.20531
52.9725 11.7328 -0.809595 -0.248797 -0.946 0.207808
53.7644 11.632 -0.354488 -0.256871 -0.941652 0.217504
54.503 11.5542 0.182656 -0.254473 -0.941047 0.222797
55.5154 11.4939 1.04942 -0.252842 -0.94026 0.227984
56.2622 11.531 2.00581 -0.250722 -0.939791 0.232229
56.8132 11.5967 2.87807 -0.257359 -0.939068 0.227854
57.6314 11.6201 3.93663 -0.262188 -0.941569 0.211397
58.1246 11.6487 4.68932 -0.269511 -0.942948 0.194854
58.6809 11.6951 5.77845 -0.276035 -0.943283 0.184361
58.9519 11.7666 6.66819 -0.284583 -0.945596 0.157676
59.2313 11.8551 7.78958 -0.310534 -0.938536 0.150727
59.587 11.9083 9.12308 -0.333994 -0.93729 0.0996768
59.6976 11.954 10.0164 -0.319962 -0.944924 0.0670356
59.8364 11.9622 10.9448 -0.332416 -0.941346 0.0580267
59.9305 11.9674 11.8797 -0.351082 -0.936307 0.00840084
59.9466 11.9387 13.178 -0.324379 -0.945301 -0.030595
59.8598 11.8999 14.5211 -0.298497 -0.951193 -0.078304
59.5624 11.8626 15.8246 -0.281834 -0.953598 -0.105924
59.204 11.8126 17.0446 -0.281275 -0.949308 -0.140353
58.852 11.7527 18.0255 -0.260963 -0.952141 -0.159139
58.104 11.755 19.218 -0.25382 -0.951165 -0.175157
57.5251 11.751 20.0127 -0.239404 -0.951007 -0.195105
56.8374 11.6906 20.9793 -0.224518 -0.946576 -0.231484
56.1927 11.6442 21.6953 -0.197558 -0.943715 -0.265279
55.1191 11.5841 22.6932 -0.192617 -0.943981 -0.267953
54.422 11.5626 23.2719 -0.201214 -0.941601 -0.269894
53.3941 11.5734 23.9849 -0.1948 -0.943936 -0.266529
52.4633 11.6149 24.5671 -0.197645 -0.945952 -0.256937
51.3814 11.6602 25.2391 -0.199123 -0.949095 -0.244068
50.3615 11.7784 25.6278 -0.210034 -0.95061 -0.22853
49.201 11.9936 25.7827 -0.205202 -0.952726 -0.22404
48.1187 12.2328 25.7725 -0.210627 -0.951182 -0.225552
47.2316 12.4683 25.6253 -0.21481 -0.949541 -0.228537
46.1698 12.7582 25.4766 -0.23879 -0.945763 -0.219364
45.0297 13.0553 25.4178 -0.24787 -0.947758 -0.200787
43.8929 13.2954 25.6789 -0.227663 -0.956302 -0.183458
42.9167 13.4226 26.3815 -0.215852 -0.969266 -0.118031
42.157 13.5045 27.1749 -0.204525 -0.973223 -0.103189
41.2425 13.5765 28.3415 -0.19664 -0.977866 -0.0714969
40.3703 13.6384 29.471 -0.163904 -0.984177 -0.0673188
39.7571 13.6827 30.1332 -0.144202 -0.987467 -0.0641421
38.9421 13.7421 30.9921 -0.137073 -0.988673 -0.0608619
38.2176 13.8025 31.7239 -0.131323 -0.989631 -0.057703
37.2563 13.886 32.4586 -0.126502 -0.990812 -0.0478421
36.5165 13.9455 32.9764 -0.113646 -0.992763 -0.0388172
35.4155 14.0329 33.6941 -0.0996841 -0.993999 -0.0450401
34.621 14.08 34.1915 -0.0628159 -0.995747 -0.0673534
33.8807 14.0822 34.8695 -0.0624006 -0.995942 -0.0648571
32.8371 14.0765 35.8108 -0.0568135 -0.995728 -0.0727864
31.9238 14.0534 36.5808 -0.0400005 -0.996271 -0.0764406
31.2355 14.028 37.1759 -0.0268134 -0.996368 -0.0808134
30.4161 13.9982 37.7921 -0.0199814 -0.996365 -0.0828135
29.3231 13.9548 38.5213 -0.0170481 -0.99592 -0.0886133
27.9729 13.9219 39.086 -0.0121599 -0.995794 -0.0908111
26.5831 13.8984 39.5048 -0.00938338 -0.995378 -0.0955724
25.3577 13.8524 40.1279 -0.0114094 -0.994848 -0.10073
24.4309 13.8015 40.7227 -0.00932557 -0.993997 -0.109013
23.5301 13.7499 41.2703 -0.0123509 -0.993869 -0.109829
22.7229 13.7062 41.7103 -0.00939933 -0.992747 -0.119855
21.4828 13.6514 42.2691 -0.0092934 -0.992079 -0.125122
20.6181 13.6232 42.5315 -0.0060563 -0.991299 -0.131492
19.4377 13.5971 42.7961 -0.0118941 -0.990714 -0.135437
18.342 13.5784 43.0331 -0.0153656 -0.990482 -0.136738
17.1675 13.5678 43.2911 -0.0235544 -0.990292 -0.136964
15.9827 13.5696 43.5092 -0.0269994 -0.990216 -0.136906
14.8805 13.5919 43.5897 -0.0308226 -0.989647 -0.140173
13.6323 13.616 43.7169 -0.0382857 -0.989259 -0.141056
12.6672 13.6358 43.8511 -0.0419202 -0.989111 -0.141058
11.5691 13.6929 43.814 -0.0480986 -0.989034 -0.139635
10.5523 13.7656 43.6671 -0.059904 -0.989391 -0.13235
9.48146 13.8304 43.6539 -0.0570728 -0.989681 -0.131432
8.31772 13.9182 43.4913 -0.0583673 -0.991137 -0.119338
7.22445 13.9999 43.3238 -0.0577238 -0.991686 -0.114904
6.27575 14.0752 43.1846 -0.0563562 -0.992369 -0.109463
5.20842 14.1724 42.8148 -0.0603971 -0.993248 -0.0990435
4.25853 14.2663 42.3871 -0.0484882 -0.994797 -0.0893563
3.38031 14.331 42.101 -0.046654 -0.995438 -0.0832306
1.98988 14.4401 41.5174 -0.0407775 -0.996329 -0.0752494
1.11226 14.4937 41.2649 -0.0370384 -0.99665 -0.0728496
0.226461 14.5615 40.7484 -0.0361022 -0.996892 -0.0700166
-0.63097 14.6448 39.9133 -0.0306441 -0.997523 -0.0633137
-1.45151 14.7261 38.9261 -0.0253439 -0.998297 -0.0525381
-2.07695 14.7883 38.0061 -0.0210622 -0.998669 -0.0469451
-2.65813 14.8405 37.0761 -0.0194037 -0.998874 -0.0432804
-3.47502 14.8933 35.9476 -0.0108145 -0.999332 -0.0347412
-3.97218 14.9197 35.1349 -0.00413421 -0.999598 -0.0280619
-4.5474 14.9435 34.3291 0.000318088 -0.999661 -0.0260413
-5.25545 14.9605 33.4363 0.00527688 -0.999846 -0.0167207
-5.59706 14.9665 32.9578 0.01345 -0.999835 -0.0109616
-6.18668 14.9514 33.7426 0.0041213 -0.999855 -0.0165301
-6.83655 14.9529 32.8688 0.015098 -0.999863 -0.00573443
-7.55648 14.9461 31.9066 0.0188405 -0.99979 -0.00801467
-8.35896 14.9317 31.2869 0.0230958 -0.999706 -0.00723781
-9.3595 14.9105 30.7382 0.0338283 -0.999411 0.000411825
-10.2601 14.8732 30.6476 0.0543901 -0.998494 0.00711367
-11.1588 14.8197 30.7712 0.0632364 -0.997988 0.00468396
-12.3513 14.7407 31.2187 0.0795616 -0.996815 0.00555048
-13.2313 14.6803 31.5766 0.0821793 -0.996428 0.01778
-14.7212 14.5503 32.205 0.103441 -0.994527 0.0123942
-15.7182 14.4411 32.5314 0.118955 -0.992828 0.0119194
-16.8055 14.3155 32.8854 0.124534 -0.992063 0.0156676
-17.9322 14.1693 33.0568 0.130617 -0.991239 0.0195565
-18.9204 14.0324 33.0517 0.139838 -0.99003 0.0169225
-20.4304 13.8144 32.8687 0.146694 -0.988954 0.0202284
-21.4475 13.6491 32.486 0.162863 -0.986367 0.0200588
-22.3554 13.4864 32.1298 0.16927 -0.98548 0.013264
-23.584 13.2709 31.279 0.160838 -0.986604 0.0242999
-24.3558 13.1143 30.5261 0.172215 -0.984359 0.0363935
-24.977 12.9829 29.8853 0.171277 -0.984615 0.0338717
-25.7313 12.8261 29.2451 0.176633 -0.983079 0.0475841
-26.2137 12.6863 28.3467 0.168853 -0.983995 0.0550371
-26.7791 12.5144 27.3485 0.19488 -0.978802 0.0629972
-27.0994 12.3856 26.4424 0.206456 -0.976392 0.0635104
-27.5755 12.209 25.3025 0.212122 -0.975438 0.0589287
-27.8163 12.0989 24.29 0.216964 -0.974418 0.0586149
-27.9461 12.0334 23.319 0.172267 -0.982899 0.0650683
-28.0322 11.9407 22.1798 0.185654 -0.980535 0.0631036
-27.9027 11.9107 21.2111 0.204929 -0.973262 0.0951687
-27.7123 11.7997 19.7355 0.26864 -0.960143 0.0771841
-27.5165 11.784 18.7909 0.220068 -0.970503 0.0984552
-27.3065 11.7451 17.8401 0.282456 -0.957786 0.0535143
-27.0914 11.7241 16.8689 0.30853 -0.946631 0.088839
-26.7745 11.757 15.5861 0.331303 -0.942903 0.00949609
-26.84 11.7738 14.3446 0.356942 -0.931429 -0.0709396
-27.1583 11.7586 13.246 0.31019 -0.945745 -0.0966905
-27.4956 11.7403 12.3424 0.293858 -0.94876 -0.113727
-28.1118 11.6369 11.5839 0.272932 -0.956176 -0.104468
-28.7343 11.5465 10.8938 0.256488 -0.961689 -0.0967851
-29.7228 11.4267 9.67235 0.223854 -0.969938 -0.0948415
-30.2413 11.3736 8.89307 0.20795 -0.973751 -0.0904785
-30.7858 11.3411 7.89222 0.199573 -0.978335 -0.0550553
-31.3856 11.2781 6.79518 0.211767 -0.97553 -0.0591268
-31.7449 11.2709 5.55467 0.215357 -0.974978 -0.0550748
-31.956 11.2872 4.49011 0.21564 -0.974702 -0.0587889
-31.9848 11.3797 3.10588 0.185603 -0.980226 -0.0678346
-31.8575 11.4605 2.17924 0.177957 -0.982138 -0.0611254
-31.5003 11.5517 0.807686 0.214232 -0.976529 -0.0222524
-31.1782 11.6246 -0.0391142 0.255112 -0.966628 -0.0234152
-30.7574 11.7751 -1.05046 0.219937 -0.973339 -0.0586917
-30.1106 11.9453 -2.27235 0.196254 -0.980449 -0.0141261
-29.5817 12.0637 -3.01849 0.193282 -0.980731 0.0108826
-28.7703 12.2279 -3.85636 0.241333 -0.970313 0.0148802
-28.1611 12.3667 -4.54457 0.23581 -0.971695 0.0141796
-27.2141 12.5773 -5.29195 0.225759 -0.974047 0.0162718
-26.3311 12.7777 -5.89365 0.218194 -0.975897 0.00412877
-25.0804 13.0495 -6.59829 0.20585 -0.978446 0.0134469
-24.2257 13.2173 -6.8849 0.196721 -0.980377 0.0127491
-23.2327 13.4194 -7.13471 0.185775 -0.982592 0.00039827
-22.0907 13.6352 -7.39334 0.185629 -0.98262 0.000757168
-21.1186 13.8125 -7.49414 0.175941 -0.984391 -0.00444229
-19.9894 14.0022 -7.38903 0.151169 -0.988499 -0.0021744
-18.5918 14.2229 -7.28016 0.151157 -0.988432 -0.00797481
-17.5139 14.3741 -7.19711 0.124073 -0.992203 -0.0100632
-15.9993 14.5489 -7.22373 0.102572 -0.994671 -0.00682652
-15.0154 14.6437 -7.27642 0.0932362 -0.995611 -0.0075453
-13.6045 14.7703 -7.54338 0.0848587 -0.996368 -0.00705051
-12.8617 14.8354 -8.03605 0.0651241 -0.997831 -0.00963755
-12.2386 14.8761 -8.89191 0.0631837 -0.997998 0.00294302
-11.6108 14.9117 -10.0853 0.0512429 -0.998686 -0.000642351
-11.2787 14.9335 -11.3897 0.0454363 -0.99895 -0.00395304
-11.016 14.9458 -12.281 0.0416274 -0.999126 -0.0031975
-10.7243 14.9531 -13.1913 0.033283 -0.99944 0.00262516
-10.4165 14.9592 -14.2969 0.029519 -0.999551 0.00522051
-10.0621 14.9646 -15.1796 0.0217058 -0.999736 0.00752316
-9.71923 14.9663 -16.0137 0.0198638 -0.999769 0.00782842
-9.11559 14.9648 -17.5162 0.0134229 -0.999841 0.0103318
-8.51984 14.9477 -19.1068 0.00929502 -0.999852 0.0144668
-8.15483 14.9338 -19.9618 0.00337511 -0.999786 0.0203989
-7.76372 14.9163 -20.8836 0.00113152 -0.999787 0.0205781
-7.2735 14.8976 -21.7886 -0.00253572 -0.999739 0.0225192
-6.22605 14.8696 -22.6626 -0.0082558 -0.999536 0.0290849
-5.39847 14.8358 -23.4054 -0.0113985 -0.999308 0.0353819
-4.17735 14.7946 -24.2265 -0.0123257 -0.999319 0.0346991
-3.26686 14.7615 -24.7348 -0.0194506 -0.999015 0.0398663
-2.35155 14.7256 -25.2223 -0.018021 -0.99908 0.0388989
-1.4497 14.6919 -25.6363 -0.0219379 -0.999018 0.0384826
-0.108532 14.6391 -26.1604 -0.0249368 -0.998779 0.0426359
1.26166 14.5945 -26.4199 -0.0252847 -0.998778 0.0424554
2.28036 14.5675 -26.4267 -0.0282151 -0.998609 0.044439
3.19503 14.55 -26.2508 -0.0265906 -0.998434 0.0492094
4.24302 14.5332 -26.0553 -0.0237756 -0.998461 0.0501034
5.16112 14.5171 -25.8598 -0.0230119 -0.998072 0.0576468
6.12804 14.5021 -25.7023 -0.0253399 -0.997864 0.0601224
7.45237 14.4834 -25.4973 -0.0239804 -0.997569 0.0653776
8.53826 14.4725 -25.3247 -0.0195145 -0.997663 0.0654803
9.75426 14.4663 -25.1439 -0.0203648 -0.998388 0.0505506
11.0677 14.4452 -24.9384 -0.0209792 -0.997214 0.0715769
12.3267 14.4378 -24.7188 -0.0175753 -0.997259 0.071871
13.3361 14.4413 -24.5066 -0.0166774 -0.99833 0.0553104
14.2741 14.4383 -24.2772 -0.0225911 -0.997931 0.0597449
15.1605 14.4236 -24.1264 -0.0265115 -0.997413 0.0668147
16.61 14.4176 -23.6353 -0.028112 -0.997452 0.0655381
17.5022 14.4107 -23.3372 -0.0302334 -0.997468 0.0643602
18.6849 14.3905 -23.0809 -0.0309445 -0.997406 0.0649943
19.5963 14.37 -22.9332 -0.0348056 -0.997354 0.0637797
20.6808 14.3435 -22.7392 -0.0343093 -0.997469 0.062282
21.9635 14.3111 -22.3908 -0.0454163 -0.997192 0.0595421
23.4128 14.258 -22.0304 -0.0553586 -0.997191 0.0504592
24.9372 14.1846 -21.6612 -0.06575 -0.997164 0.0366115
26.062 14.1127 -21.3149 -0.0858209 -0.995251 0.0447037
26.9722 14.0521 -21.0567 -0.0816859 -0.995171 0.0544193
28.2252 13.9672 -20.6678 -0.0838211 -0.994701 0.0595362
29.0878 13.9151 -20.3782 -0.0809576 -0.995195 0.0549258
29.9417 13.8627 -20.0129 -0.0843826 -0.995109 0.0513334
31.1553 13.7857 -19.4018 -0.0890489 -0.994928 0.0467722
31.9035 13.7335 -18.868 -0.100892 -0.993533 0.0520856
32.892 13.6883 -17.8143 -0.101513 -0.993505 0.0514111
33.6713 13.6558 -16.8865 -0.0983364 -0.993853 0.050733
34.6021 13.6082 -15.8961 -0.108466 -0.992598 0.0546242
35.0961 13.5985 -15.1408 -0.105539 -0.992675 0.0588036
35.6946 13.5784 -14.406 -0.105416 -0.992629 0.0597814
36.658 13.544 -13.1868 -0.11372 -0.991432 0.0637412
37.5433 13.5277 -12.05 -0.110111 -0.99088 0.0775736
38.1678 13.5274 -11.2526 -0.10464 -0.991641 0.0731318
39.1269 13.4693 -10.2078 -0.132131 -0.988575 0.0696482
39.8021 13.4764 -9.29773 -0.1166 -0.985657 0.122002
40.4796 13.5264 -8.48406 -0.0589911 -0.990392 0.125078
41.0719 13.6019 -7.58073 -0.0604881 -0.991047 0.119022
41.6657 13.6805 -6.68604 -0.0471594 -0.993375 0.1048
42.3474 13.7294 -5.64803 -0.0620635 -0.995238 0.0751665
42.8584 13.7236 -4.86045 -0.0946355 -0.994514 0.0445704
43.6124 13.6393 -3.62339 -0.181541 -0.981493 0.0368822
44.6323 13.4991 -2.89675 -0.249434 -0.962928 0.088246
45.71 13.2319 -2.63889 -0.229686 -0.962683 0.143127
46.6231 12.9752 -2.80157 -0.244653 -0.956122 0.160982
47.5329 12.7135 -2.9395 -0.250977 -0.953538 0.16666
48.8912 12.331 -3.03377 -0.25927 -0.948983 0.179437
49.865 12.0814 -2.96481 -0.269969 -0.943507 0.191261
51.0757 11.8125 -2.7627 -0.238785 -0.951673 0.193134
52.6727 11.5501 -2.01776 -0.249736 -0.947768 0.198362
53.6307 11.4109 -1.49927 -0.234409 -0.951168 0.200391
54.4209 11.2942 -1.03762 -0.257959 -0.941305 0.21772
55.1586 11.2301 -0.440642 -0.263573 -0.939749 0.217639
56.1423 11.1543 0.351483 -0.25483 -0.939628 0.228387
56.8384 11.1836 1.22763 -0.251772 -0.93911 0.233845
57.2939 11.2669 2.03164 -0.240476 -0.947602 0.210169
57.9648 11.3036 2.93304 -0.246585 -0.945055 0.214511
58.7264 11.3377 4.02485 -0.253058 -0.94626 0.20138
59.163 11.3717 4.81692 -0.276358 -0.943378 0.183441
59.647 11.3959 5.71406 -0.286538 -0.944615 0.159993
59.8921 11.5127 6.84265 -0.285561 -0.945105 0.158834
60.1815 11.5683 7.86059 -0.292671 -0.948374 0.121227
60.5025 11.6358 9.37935 -0.299343 -0.948594 0.102774
60.7036 11.6511 10.6583 -0.314857 -0.947689 0.0524353
60.7846 11.664 11.6325 -0.315682 -0.948856 0.00406517
60.8044 11.6684 12.9227 -0.298366 -0.954244 -0.00380068
60.7984 11.6489 13.885 -0.300505 -0.952982 -0.0348039
60.7329 11.6046 14.9165 -0.285881 -0.955809 -0.0685627
60.5499 11.5709 15.8019 -0.285834 -0.952587 -0.104295
60.1706 11.5401 16.9868 -0.26219 -0.956491 -0.127989
59.7741 11.4715 18.2731 -0.252879 -0.956822 -0.142664
59.2038 11.4694 19.2039 -0.244767 -0.951821 -0.181801
58.6466 11.4517 20.0478 -0.244442 -0.952494 -0.181666
58.0502 11.4451 20.8383 -0.221546 -0.95035 -0.218306
57.1021 11.3716 22.0322 -0.195114 -0.950008 -0.242834
56.2784 11.3111 22.8371 -0.176892 -0.946257 -0.270076
55.5917 11.2555 23.4798 -0.194256 -0.93953 -0.282043
54.7178 11.2267 24.2016 -0.207628 -0.939266 -0.273258
53.6442 11.2786 24.8359 -0.224308 -0.935387 -0.272831
52.71 11.3069 25.4996 -0.205649 -0.944706 -0.25542
51.6241 11.3663 26.1783 -0.19987 -0.948473 -0.245866
50.7414 11.4721 26.5328 -0.210327 -0.94914 -0.234291
49.7449 11.6634 26.6592 -0.210377 -0.948699 -0.236026
48.6634 11.902 26.7327 -0.213163 -0.955913 -0.201968
47.1374 12.268 26.5247 -0.20074 -0.954633 -0.219146
46.0897 12.5517 26.3806 -0.246474 -0.939832 -0.236573
45.0919 12.8809 26.2377 -0.275488 -0.942125 -0.189865
44.1521 13.0715 26.5239 -0.248327 -0.956149 -0.150286
43.2094 13.2418 27.3274 -0.251574 -0.961423 -0.109965
42.5906 13.3131 28.0021 -0.240208 -0.966861 -0.0787563
41.8913 13.4075 28.971 -0.182765 -0.981355 -0.0594899
41.3317 13.4702 29.763 -0.145612 -0.98801 -0.0513252
40.5433 13.5334 30.681 -0.142311 -0.987831 -0.0627415
39.7218 13.5962 31.5366 -0.143526 -0.987461 -0.0656779
38.5349 13.7167 32.6265 -0.136107 -0.989774 -0.0407192
37.7937 13.7846 33.1721 -0.123968 -0.991211 -0.046164
36.7878 13.8757 33.872 -0.121487 -0.99146 -0.0474101
35.9785 13.9392 34.4708 -0.100304 -0.993747 -0.0490461
35.1907 13.9974 34.9758 -0.108065 -0.993274 -0.0415825
34.2299 14.0035 35.8103 -0.0530123 -0.996794 -0.0595221
33.519 13.9986 36.4178 -0.0469566 -0.997003 -0.0614699
32.5304 13.9843 37.2347 -0.0305351 -0.997441 -0.0646522
31.8233 13.9579 37.8907 -0.0191743 -0.997081 -0.0739003
30.8172 13.9184 38.6662 -0.0178083 -0.996611 -0.080294
30.0472 13.877 39.2975 -0.0127781 -0.996612 -0.0812537
29.1781 13.8573 39.6426 -0.0014634 -0.996189 -0.086622
28.1821 13.8347 40.0275 -0.00990504 -0.995856 -0.0903616
26.9052 13.8121 40.3861 -0.00830961 -0.995687 -0.0924019
25.8985 13.7744 40.8525 -0.0097761 -0.995207 -0.0972991
25.089 13.7292 41.3725 -0.00715312 -0.994895 -0.100653
24.2879 13.6881 41.8262 -0.00582185 -0.994923 -0.100473
23.509 13.6281 42.3351 -0.00151851 -0.993375 -0.114838
22.6776 13.5797 42.7941 -0.00251914 -0.992774 -0.119821
21.584 13.5266 43.2334 -0.0037238 -0.992244 -0.124248
20.5169 13.4941 43.4892 -0.00563248 -0.990408 -0.138058
19.087 13.4617 43.7605 -0.00769011 -0.989662 -0.143091
18.0085 13.4428 44.016 -0.0247057 -0.989132 -0.144938
16.8684 13.4402 44.2421 -0.0274801 -0.989371 -0.142793
15.9417 13.4377 44.4438 -0.0278578 -0.989231 -0.143683
14.9404 13.4537 44.5302 -0.032502 -0.988625 -0.146846
13.7711 13.4685 44.6971 -0.0372793 -0.988461 -0.146796
12.8323 13.4911 44.7946 -0.0379572 -0.988158 -0.148663
11.6729 13.5436 44.7855 -0.0482681 -0.987157 -0.152286
10.6378 13.6366 44.5831 -0.0607177 -0.988635 -0.137528
9.54713 13.7051 44.5906 -0.0660293 -0.989407 -0.129157
8.43776 13.7764 44.5914 -0.0613358 -0.990515 -0.122926
7.57243 13.8608 44.3159 -0.0647484 -0.990185 -0.123129
6.43642 13.9563 44.1588 -0.0631768 -0.992035 -0.108978
5.10798 14.0738 43.8552 -0.0603524 -0.992957 -0.101947
3.9397 14.1985 43.2835 -0.060312 -0.99481 -0.0819509
2.74039 14.2964 42.8968 -0.0492934 -0.995485 -0.0810974
1.89357 14.3691 42.5056 -0.0484204 -0.99569 -0.0790982
0.976026 14.4294 42.199 -0.0430019 -0.99646 -0.0721701
-0.334509 14.5287 41.547 -0.0392628 -0.997249 -0.0628682
-1.03435 14.5967 40.8796 -0.0343842 -0.997613 -0.0598184
-1.88224 14.6743 40.098 -0.0293431 -0.997859 -0.0581178
-2.41902 14.736 39.2377 -0.0307713 -0.998263 -0.0499489
-2.91672 14.7842 38.4867 -0.0273747 -0.998607 -0.0450908
-3.52714 14.8354 37.5703 -0.0186517 -0.998895 -0.0431316
-3.99957 14.8702 36.8188 -0.0147548 -0.999309 -0.0341007
-4.49448 14.899 35.9998 -0.00611723 -0.99963 -0.026486
-5.04251 14.9244 35.1684 -0.0050773 -0.999694 -0.0240876
-5.93837 14.9473 34.0484 0.00434133 -0.999832 -0.0177703
-6.02517 14.9489 33.9317 0.00412134 -0.999855 -0.01653
