-9.96852 28.3038 -15.6383 0.0404673 -0.999126 -0.010412
-10.2605 28.2845 -14.6603 0.0430688 -0.999055 -0.00577515
-10.6193 28.2644 -13.6868 0.0453824 -0.998958 -0.00417333
-11.2423 28.2282 -12.4976 0.0471345 -0.998868 -0.00640027
-12.0861 28.172 -11.4939 0.058759 -0.998226 -0.00963383
-12.7676 28.1301 -10.7767 0.0595656 -0.998209 -0.00389428
-13.6514 28.0715 -10.0824 0.0630536 -0.998004 -0.00349716
-14.5538 28.0015 -9.66169 0.0756004 -0.997138 0.00114928
-15.5986 27.9111 -9.36712 0.0940795 -0.995563 -0.00197286
-16.7977 27.7954 -9.18155 0.0972379 -0.995247 -0.00530341
-18.1278 27.6516 -9.07329 0.115054 -0.99334 -0.00619751
-19.6033 27.4805 -9.05611 0.11475 -0.993389 0.00340524
-21.0608 27.2947 -8.92459 0.140869 -0.990004 -0.00686195
-21.9786 27.1613 -8.67887 0.143887 -0.989562 -0.00790963
-22.8756 27.0279 -8.39154 0.152114 -0.988337 -0.00543478
-24.1039 26.8182 -8.0027 0.162663 -0.986389 -0.0240435
-24.9927 26.6529 -7.70939 0.175659 -0.98402 -0.0289968
-26.0036 26.43 -7.39337 0.22512 -0.973672 -0.035827
-27.3111 26.1239 -7.16212 0.217941 -0.975428 -0.0322943
-28.4899 25.8165 -7.01361 0.262806 -0.964058 -0.033699
-29.6621 25.4002 -6.82058 0.343449 -0.938993 -0.0183253
-30.4964 25.0596 -6.56641 0.374645 -0.927056 -0.0114757
-31.6907 24.5792 -5.92253 0.372014 -0.928219 -0.0038214
-32.8273 24.1048 -5.03172 0.403677 -0.914813 -0.0094301
-33.571 23.7584 -4.24109 0.407311 -0.913129 -0.0170967
-34.137 23.4903 -3.54293 0.408572 -0.912493 -0.0206248
-34.6633 23.241 -2.85227 0.413371 -0.910422 -0.0144632
-35.195 22.9775 -2.11247 0.437295 -0.897601 -0.0555512
-35.7476 22.6561 -1.30768 0.459364 -0.887123 -0.0434896
-36.3456 22.308 -0.514999 0.446322 -0.893026 -0.0574602
-37.2374 21.7931 0.56969 0.445928 -0.893165 -0.0583357
-37.8557 21.3697 1.74225 0.479641 -0.875217 -0.0627577
-38.1065 21.1612 2.62354 0.488152 -0.870199 -0.066797
-38.3326 20.9411 3.79361 0.494486 -0.866043 -0.0738513
-38.5351 20.7363 4.83585 0.493785 -0.866325 -0.0752155
-38.7215 20.5283 5.95892 0.509617 -0.856292 -0.0837148
-38.9009 20.3091 6.99719 0.5038 -0.858891 -0.092074
-38.997 20.1464 8.03414 0.510239 -0.855384 -0.0888911
-39.0203 19.9968 9.30931 0.517767 -0.850991 -0.0878873
-38.9691 19.911 10.5013 0.518558 -0.851042 -0.0826172
-38.8369 19.8786 11.6761 0.518578 -0.851162 -0.0812445
-38.7048 19.8705 12.6041 0.519146 -0.850709 -0.0823399
-38.5418 19.8944 13.5215 0.512828 -0.855739 -0.0686942
-38.2978 19.9645 14.5592 0.518217 -0.85351 -0.0545108
-37.9662 20.1053 15.5677 0.524712 -0.850329 -0.0402183
-37.4781 20.3525 16.6685 0.513846 -0.857317 -0.0311411
-36.8735 20.668 18.0577 0.508904 -0.860613 -0.0190216
-36.5262 20.8516 18.9079 0.529057 -0.848329 -0.0207554
-35.9574 21.1692 20.157 0.514117 -0.857487 -0.0198709
-35.5444 21.4123 21.0255 0.510965 -0.859597 0.00274878
-35.1148 21.6627 21.9186 0.49901 -0.866577 0.00578692
-34.5586 21.9918 22.9177 0.501741 -0.864992 0.00640697
-34.0514 22.3011 23.7684 0.51134 -0.85918 0.018474
-33.6127 22.5729 24.5238 0.475012 -0.879652 0.022825
-33.1194 22.8522 25.2326 0.475692 -0.879476 0.0154529
-32.6104 23.1457 25.9148 0.482636 -0.875539 0.0222273
-32.0007 23.4911 26.5465 0.444819 -0.895442 0.0178862
-31.0506 24.0073 27.3949 0.45741 -0.887873 0.0495714
-30.1295 24.4743 28.1134 0.410923 -0.910294 0.0495534
-29.3252 24.8477 28.5226 0.378042 -0.925214 0.0326068
-28.5462 25.1885 28.8266 0.364732 -0.927366 0.0722977
-27.6726 25.5138 29.1491 0.325842 -0.942991 0.0677775
-26.8556 25.824 29.5568 0.3175 -0.945171 0.076402
-25.8388 26.1847 30.0452 0.267924 -0.959851 0.0821116
-24.8871 26.4789 30.4869 0.234609 -0.965851 0.105838
-23.8047 26.7382 30.8791 0.195468 -0.97545 0.10144
-22.4792 26.9921 31.1705 0.163695 -0.983628 0.0746299
-21.5135 27.1517 31.2828 0.149078 -0.986149 0.0724138
-20.3932 27.3031 31.3263 0.127878 -0.990131 0.057334
-19.3037 27.4244 31.3009 0.105256 -0.993017 0.0522541
-17.9417 27.56 31.1776 0.10369 -0.994165 0.0297498
-16.9497 27.6433 31.0339 0.0861583 -0.995795 0.0311409
-16.0635 27.7048 30.8633 0.0718047 -0.996964 0.0301114
-14.823 27.788 30.5627 0.067088 -0.997586 0.0176721
-13.8564 27.8482 30.365 0.0598908 -0.998058 0.0162274
-12.7776 27.9082 30.2634 0.0544725 -0.99845 0.0101812
-11.6684 27.9609 30.1782 0.0467173 -0.998862 0.00956053
-10.6147 28.0097 30.2206 0.0458609 -0.9989 0.00975103
-9.72421 28.0408 30.3455 0.0268415 -0.999612 0.00747447
-8.70973 28.0656 30.6679 0.0179441 -0.999827 0.00484597
-7.74632 28.0857 31.1541 0.0133904 -0.999906 -0.00232783
-6.77565 28.0953 31.9761 0.0098023 -0.999944 -0.00295747
-5.96421 28.0982 32.9032 0.00751312 -0.999943 -0.00678602
-5.34227 28.0935 33.7532 0.00469102 -0.999948 -0.00910636
-4.60501 28.086 34.8593 0.00268577 -0.999959 -0.00861382
-4.06568 28.0794 35.8253 0.0012308 -0.999961 -0.00873216
-3.38281 28.0678 37.0694 -0.000678885 -0.999959 -0.00897665
-2.74 28.0583 38.1046 -0.00254726 -0.999952 -0.00921368
-2.23251 28.0493 38.9869 -0.00544403 -0.999969 -0.00571996
-1.49447 28.0376 40.1793 -0.00617373 -0.999957 -0.0069392
-0.483432 28.0215 41.1078 -0.0103612 -0.999905 -0.00899883
0.626552 28.0008 41.7634 -0.0129956 -0.999846 -0.011744
1.50354 27.9847 42.2004 -0.0135168 -0.999822 -0.0130478
2.83545 27.9592 42.6449 -0.0142061 -0.999796 -0.0143434
3.91454 27.9399 42.8534 -0.0154137 -0.999733 -0.017145
4.90036 27.9222 43.0174 -0.0148706 -0.999717 -0.018573
5.97113 27.901 43.2221 -0.0164331 -0.999664 -0.0200639
6.91887 27.8819 43.4264 -0.0152942 -0.999679 -0.0201783
7.79567 27.8643 43.6353 -0.0152664 -0.999681 -0.0201335
8.82085 27.8442 43.9146 -0.0145372 -0.999669 -0.021181
10.0669 27.8228 44.2046 -0.0103067 -0.999713 -0.0216047
11.4064 27.8071 44.2575 -0.0109943 -0.999722 -0.0208578
12.6126 27.8031 43.8128 -0.0110808 -0.999704 -0.0216763
13.7501 27.8016 43.329 -0.00961864 -0.999714 -0.0218645
14.7053 27.7982 43.079 -0.00964939 -0.999731 -0.02109
16.1265 27.7891 42.8981 -0.00899606 -0.99971 -0.0223523
17.1049 27.7803 42.8988 -0.0083323 -0.999702 -0.0229443
18.1449 27.7727 42.8355 -0.00812952 -0.999717 -0.0223589
19.1834 27.7718 42.5336 -0.00733297 -0.999722 -0.0223966
20.1205 27.7738 42.1598 -0.00659664 -0.999768 -0.0204935
21.279 27.7739 41.7437 -0.00777866 -0.999764 -0.0202698
22.2578 27.7703 41.4209 -0.0111909 -0.999791 -0.017094
23.1206 27.7664 41.0808 -0.0106387 -0.999806 -0.0163786
24.1331 27.7644 40.6151 -0.0103605 -0.999842 -0.0143869
25.3849 27.7584 40.0142 -0.0131482 -0.999805 -0.0146439
26.3505 27.75 39.61 -0.0147901 -0.999788 -0.014325
27.1592 27.7426 39.206 -0.0169594 -0.999751 -0.0145148
28.2066 27.7324 38.5899 -0.0195705 -0.999708 -0.0142003
29.0259 27.7245 37.9945 -0.0220515 -0.99966 -0.0137778
29.9532 27.7136 37.196 -0.0237694 -0.999612 -0.0145385
30.6582 27.7049 36.5348 -0.0262801 -0.99954 -0.0151005
31.3934 27.6953 35.8514 -0.0310409 -0.999424 -0.0136963
32.1788 27.6809 35.1172 -0.0370905 -0.9992 -0.0149288
32.8541 27.6651 34.5015 -0.0357295 -0.999222 -0.0165697
33.7013 27.6454 33.8306 -0.0423175 -0.998963 -0.0168131
34.4444 27.626 33.2386 -0.0493145 -0.998576 -0.0203441
35.2901 27.5984 32.5463 -0.0492425 -0.998579 -0.0203954
36.0574 27.5738 31.9753 -0.0605815 -0.997745 -0.0287686
37.1822 27.5247 31.1488 -0.0667522 -0.997393 -0.0274274
38.0556 27.4861 30.5856 -0.0767326 -0.996395 -0.0361791
38.8156 27.4463 30.0492 -0.0827785 -0.995651 -0.0425007
39.6104 27.4139 29.3252 -0.0923729 -0.994452 -0.0493233
40.2631 27.3805 28.6296 -0.0989886 -0.993533 -0.0550988
41.0658 27.353 27.6494 -0.117063 -0.991068 -0.0635534
41.7381 27.338 26.7523 -0.126915 -0.989565 -0.0671197
42.2832 27.3225 26.0208 -0.142537 -0.985018 -0.0970695
42.9478 27.3379 24.9904 -0.144311 -0.983169 -0.11167
43.4124 27.361 24.1803 -0.154668 -0.976037 -0.15307
44.1024 27.4283 23.0258 -0.15917 -0.975943 -0.148994
44.7217 27.5237 21.9794 -0.147837 -0.968175 -0.201943
45.1155 27.6375 21.1511 -0.152411 -0.966563 -0.206149
45.577 27.8239 19.9054 -0.148944 -0.972165 -0.179073
45.9285 27.9729 19.0238 -0.105105 -0.96862 -0.22523
46.3999 28.1826 17.8712 -0.0987823 -0.976834 -0.187584
46.7107 28.2984 17.012 -0.0716252 -0.982154 -0.173903
47.1126 28.4877 15.7819 -0.0715976 -0.981969 -0.17496
47.3478 28.6816 14.5609 -0.0530859 -0.986998 -0.151712
47.373 28.8113 13.6205 -0.0191953 -0.991034 -0.130606
47.3574 28.9479 12.5878 0.00219922 -0.998387 -0.0567297
47.3058 29.0071 11.5433 0.00716071 -0.999039 -0.039394
47.2856 29.0296 10.3981 0.0319177 -0.999021 0.0106313
47.2315 28.9973 9.43412 0.0521731 -0.998265 0.0272784
47.2406 28.8855 8.48653 0.00619659 -0.991094 0.132108
47.1785 28.6975 7.12095 -0.0232528 -0.987299 0.157162
47.0148 28.5684 6.22765 -0.0779962 -0.976554 0.200648
46.7022 28.374 5.13143 -0.0837565 -0.977501 0.193587
46.2907 28.1821 3.93439 -0.100891 -0.978723 0.178669
45.9421 28.0659 3.04784 -0.100204 -0.981655 0.162214
45.4598 27.9316 1.80898 -0.103838 -0.985446 0.134589
45.0403 27.8323 0.757404 -0.0946839 -0.988793 0.115427
44.5875 27.7433 -0.370309 -0.0925813 -0.989792 0.108012
44.2009 27.6833 -1.32682 -0.0920205 -0.990754 0.0996976
43.7011 27.6316 -2.43231 -0.0907209 -0.992747 0.0788893
43.2375 27.6033 -3.33652 -0.0877418 -0.993809 0.0681502
42.5515 27.5975 -4.33773 -0.0894021 -0.994424 0.0548756
41.8948 27.6217 -5.06862 -0.0804567 -0.995527 0.0495177
41.2186 27.6425 -5.78478 -0.0766904 -0.996127 0.0429249
40.51 27.6639 -6.49659 -0.0753237 -0.996417 0.0379945
39.7432 27.6919 -7.20679 -0.0653504 -0.997198 0.0364052
38.8501 27.7165 -8.15149 -0.0609398 -0.997581 0.0334457
38.0136 27.7354 -9.20438 -0.059071 -0.99782 0.029127
37.4255 27.7477 -9.8879 -0.0565018 -0.998051 0.0262382
36.7645 27.7651 -10.7961 -0.0565268 -0.998202 0.019537
36.1186 27.7845 -11.7424 -0.0501892 -0.998608 0.0162154
35.3078 27.8087 -12.7552 -0.0500874 -0.99861 0.0164296
34.6255 27.8316 -13.3641 -0.0478769 -0.998748 0.0145302
33.8903 27.8595 -13.9355 -0.0484597 -0.998672 0.0174919
32.8095 27.9011 -14.6613 -0.0532266 -0.998467 0.0149082
31.9992 27.9391 -15.1704 -0.0512558 -0.998602 0.0124232
30.9236 27.9848 -15.7844 -0.0492692 -0.99873 0.0105369
30.0183 28.0221 -16.3141 -0.0440534 -0.998973 0.0105548
29.1097 28.0566 -16.8604 -0.0440597 -0.998977 0.0101736
27.9506 28.1021 -17.5036 -0.0423371 -0.999066 0.00866597
27.0326 28.1369 -17.9584 -0.0410011 -0.99912 0.00879876
26.103 28.1717 -18.3816 -0.0407025 -0.99915 0.00659811
25.0402 28.2069 -18.8264 -0.0352948 -0.99934 0.00858252
24.0401 28.2382 -19.2202 -0.0355199 -0.999341 0.00726411
22.8026 28.2747 -19.7766 -0.0310237 -0.999499 0.00616938
21.9448 28.2992 -20.2205 -0.0312502 -0.999502 0.0044383
21.0489 28.3219 -20.6863 -0.0263571 -0.999642 0.00470852
19.8753 28.3475 -21.2578 -0.0224074 -0.999732 0.00574557
18.6646 28.3705 -21.8443 -0.022654 -0.999709 0.00825577
17.752 28.387 -22.2524 -0.0203642 -0.999753 0.00891233
16.833 28.4029 -22.5906 -0.0186871 -0.999792 0.0079371
15.6989 28.4195 -22.8652 -0.015521 -0.999848 0.00792263
14.6374 28.4337 -23.0935 -0.0148541 -0.999869 0.00635491
13.5291 28.447 -23.3095 -0.0128189 -0.999901 0.00573652
11.9917 28.4643 -23.5978 -0.0115546 -0.999921 0.00488445
10.5484 28.4791 -23.932 -0.0115462 -0.999926 0.00365822
9.43154 28.4921 -24.2102 -0.011923 -0.999925 0.00275688
8.48425 28.5016 -24.4449 -0.0105066 -0.999944 0.00159203
7.54132 28.5109 -24.6671 -0.00968339 -0.999951 0.00195092
6.66315 28.5188 -24.8753 -0.00877804 -0.999958 0.00252194
5.40911 28.5269 -25.1617 -0.00590447 -0.999979 0.00257982
4.41032 28.5328 -25.3793 -0.00543641 -0.999984 0.00141609
3.282 28.5384 -25.6053 -0.00417522 -0.99999 0.00160666
1.80301 28.5444 -25.8314 -0.00515334 -0.999987 0.000235207
0.862744 28.5481 -25.8989 -0.00406399 -0.999991 -0.000599075
-0.39539 28.5521 -25.9719 -0.00161207 -0.999997 -0.00175611
-1.35914 28.5543 -26.0039 0.000165086 -0.999984 -0.00573209
-2.51772 28.5537 -25.927 0.000244906 -0.999984 -0.00571686
-3.47305 28.5502 -25.6589 0.00332507 -0.999966 -0.00749925
-4.46231 28.5405 -25.1183 0.00629269 -0.999935 -0.00952757
-5.55013 28.5245 -24.3867 0.00849871 -0.999893 -0.0119085
-6.49518 28.5061 -23.6808 0.0117008 -0.999831 -0.014155
-7.22258 28.4843 -22.7846 0.0142847 -0.999794 -0.0144219
-7.63112 28.466 -21.9596 0.0145379 -0.99978 -0.0151339
-8.10168 28.4398 -20.8522 0.020015 -0.999684 -0.0152267
-8.69787 28.4028 -19.4536 0.0281559 -0.999464 -0.0167183
-9.15828 28.3686 -18.2454 0.0344608 -0.999259 -0.0171197
-9.45696 28.344 -17.301 0.0334293 -0.999365 -0.0123657
-9.8638 28.3115 -15.9849 0.0411321 -0.999104 -0.0099381
-9.88957 28.3095 -15.8883 0.0411321 -0.999104 -0.0099381
-10.7807 28.2761 -16.2161 0.0439716 -0.998959 -0.0116583
-11.0236 28.2526 -15.3098 0.0468087 -0.998814 -0.0133826
-11.3101 28.2336 -14.415 0.0555071 -0.998414 -0.00938678
-11.8383 28.1982 -13.2951 0.0577292 -0.998328 -0.00235665
-12.6245 28.146 -12.2326 0.0606294 -0.99814 -0.00634727
-13.4582 28.0884 -11.3675 0.0673794 -0.997726 0.0017627
-14.5859 28.0037 -10.603 0.082054 -0.996622 -0.00331585
-15.5421 27.9197 -10.3049 0.092528 -0.995698 -0.00485527
-16.5977 27.8197 -10.1255 0.0970944 -0.995263 -0.00500582
-17.7279 27.7028 -10.0212 0.114925 -0.993368 -0.00022614
-18.6979 27.5885 -9.96713 0.119158 -0.992869 -0.00271911
-19.6967 27.4664 -10.0191 0.118126 -0.992989 0.000536067
-20.748 27.3293 -9.94479 0.133893 -0.990901 0.0133057
-21.9846 27.1622 -9.66276 0.140097 -0.990074 0.0104761
-23.1125 26.9965 -9.30425 0.152114 -0.988337 -0.00543717
-23.9784 26.8575 -9.03589 0.155018 -0.987874 -0.00834357
-24.91 26.6869 -8.70724 0.18755 -0.982222 -0.00804055
-25.8317 26.496 -8.40033 0.223792 -0.974549 -0.0131075
-27.0384 26.2148 -8.09383 0.217277 -0.975852 -0.0202009
-28.3987 25.8309 -7.96691 0.274258 -0.961493 0.017738
-29.6047 25.429 -7.79598 0.321109 -0.946897 0.0126191
-30.4396 25.0994 -7.59272 0.385312 -0.922771 -0.00540191
-31.4384 24.6792 -7.13712 0.382378 -0.923964 0.00203227
-32.3627 24.307 -6.57497 0.389272 -0.921009 0.00836488
-33.1775 23.9528 -5.95108 0.402192 -0.915549 0.0032741
-34.1565 23.5101 -4.93288 0.407496 -0.913046 -0.0171263
-34.8485 23.1835 -4.06135 0.424935 -0.904719 -0.0239547
-35.3648 22.9078 -3.35201 0.43685 -0.899304 -0.0106953
-36.0654 22.5528 -2.40539 0.466643 -0.883667 -0.0307178
-36.6027 22.2349 -1.67153 0.453746 -0.890423 -0.0355216
-37.196 21.895 -0.902351 0.474551 -0.879562 -0.034226
-37.827 21.5172 -0.103325 0.475296 -0.878029 -0.0555931
-38.3088 21.1983 0.672655 0.480324 -0.874882 -0.0622088
-38.7649 20.8707 1.7642 0.479108 -0.875083 -0.0681951
-38.9843 20.6487 2.85317 0.496481 -0.864684 -0.076255
-39.2624 20.3717 4.24151 0.494864 -0.865831 -0.0737956
-39.4447 20.1559 5.32999 0.505323 -0.85898 -0.0822378
-39.6203 19.9482 6.3549 0.515734 -0.851548 -0.0942578
-39.7608 19.734 7.53734 0.517945 -0.850643 -0.0902141
-39.8175 19.5774 8.67769 0.518569 -0.850219 -0.0906319
-39.8123 19.4766 9.70505 0.520715 -0.849383 -0.0859289
-39.7165 19.4002 11.0785 0.534897 -0.840957 -0.0817076
-39.5151 19.3816 12.5386 0.519713 -0.850257 -0.0834367
-39.3071 19.4022 13.7271 0.528921 -0.845785 -0.0698783
-39.1027 19.4528 14.6368 0.53014 -0.844835 -0.0721483
-38.8099 19.5806 15.5753 0.540719 -0.839408 -0.0549115
-38.4815 19.7392 16.4048 0.531238 -0.845609 -0.0522725
-38.0763 19.9461 17.2823 0.538446 -0.84159 -0.0424451
-37.6902 20.1526 18.1399 0.543095 -0.838943 -0.0349677
-37.2309 20.4009 19.3037 0.530838 -0.847252 -0.0193875
-36.7937 20.6508 20.2392 0.526838 -0.849782 -0.0168561
-36.3982 20.8853 21.0644 0.531464 -0.847048 -0.00745796
-35.8555 21.2156 22.2175 0.528309 -0.848986 -0.00974581
-35.4277 21.474 23.0646 0.527219 -0.849691 0.0080453
-34.9361 21.7783 23.9415 0.506752 -0.861969 0.0116594
-34.2485 22.2119 25.0827 0.511378 -0.859162 0.0182801
-33.7648 22.4955 25.8061 0.496107 -0.867992 0.0173212
-33.2105 22.834 26.5463 0.490584 -0.870996 0.0263216
-32.5649 23.2181 27.2245 0.486136 -0.873379 0.0291092
-31.8314 23.6313 27.9033 0.462865 -0.885634 0.0375393
-30.9185 24.1437 28.7224 0.439776 -0.896971 0.0366936
-29.7623 24.6983 29.3755 0.413025 -0.909885 0.0386271
-28.6838 25.2059 29.7449 0.364731 -0.927366 0.0722976
-27.8517 25.5254 30.0909 0.333335 -0.939813 0.0750968
-27.0602 25.8288 30.4789 0.315132 -0.945831 0.0780074
-25.8226 26.2967 31.0775 0.290679 -0.950802 0.101365
-24.9303 26.5667 31.4915 0.208342 -0.973525 0.0940357
-24.0108 26.7842 31.8004 0.175437 -0.982461 0.0612555
-23.0811 26.9535 32.0023 0.163719 -0.983929 0.0712801
-22.1584 27.092 32.1536 0.141083 -0.988593 0.0503443
-20.8646 27.285 32.242 0.136047 -0.989937 0.0389266
-19.6031 27.4371 32.2665 0.101526 -0.994058 0.0388821
-18.3847 27.5536 32.1849 0.0965642 -0.994344 0.0442111
-17.3735 27.6345 32.0305 0.0796334 -0.996362 0.0298039
-15.9454 27.7397 31.8045 0.0700631 -0.997195 0.0262751
-14.649 27.8157 31.5018 0.0598608 -0.997822 0.0277258
-13.716 27.8718 31.2988 0.059892 -0.998058 0.0162252
-12.4419 27.9347 31.1516 0.0476047 -0.998791 0.0122489
-11.307 27.9853 31.0939 0.0429374 -0.999042 0.00812695
-10.3395 28.0266 31.1462 0.0305537 -0.999529 0.00285814
-9.40746 28.0552 31.3203 0.0244363 -0.999688 0.000139826
-8.53208 28.0719 31.711 0.0188669 -0.999821 -0.00112758
-7.74659 28.0831 32.2865 0.0136436 -0.999904 -0.00247609
-6.95592 28.0884 33.1112 0.00855302 -0.999943 -0.00645524
-6.32038 28.0892 33.937 0.0092135 -0.999943 -0.00535461
-5.52055 28.082 35.1396 0.00192927 -0.999966 -0.00796385
-5.05853 28.076 36.0067 0.00198245 -0.999964 -0.00821685
-4.56902 28.0686 36.9692 0.00029702 -0.999963 -0.00854098
-4.0629 28.0627 37.7259 -0.000423618 -0.999966 -0.00820596
-3.21935 28.0533 39.0967 -0.00251393 -0.999982 -0.0050551
-2.71219 28.0457 40.0025 -0.00421341 -0.999979 -0.00460761
-2.14755 28.038 40.8845 -0.00838767 -0.999953 -0.00484931
-1.45579 28.0278 41.5785 -0.0120229 -0.999911 -0.00582739
-0.596435 28.0136 42.153 -0.0144545 -0.999859 -0.00838116
0.514901 27.9907 42.7479 -0.0147286 -0.999838 -0.0101837
1.38992 27.9722 43.1961 -0.0153731 -0.999808 -0.0121634
2.85682 27.9445 43.5934 -0.0150037 -0.999764 -0.0157238
4.10397 27.9222 43.7869 -0.0166438 -0.99972 -0.0167541
5.03452 27.9029 43.9657 -0.0171007 -0.999695 -0.0178042
6.44164 27.8725 44.2593 -0.0169692 -0.999657 -0.0198667
7.55408 27.8501 44.5281 -0.0156653 -0.99967 -0.0203455
8.48356 27.8297 44.7959 -0.0158907 -0.999657 -0.0208225
9.46893 27.8109 45.0421 -0.0100784 -0.999736 -0.0206449
10.6232 27.7952 45.2568 -0.0105751 -0.999745 -0.0199609
11.807 27.7835 45.1728 -0.0114145 -0.999731 -0.02017
13.0113 27.7815 44.6427 -0.00956959 -0.999754 -0.0200226
14.1044 27.7813 44.1496 -0.00886575 -0.999754 -0.0203366
15.0041 27.7772 43.9218 -0.0102142 -0.999703 -0.0221382
16.1146 27.7675 43.8306 -0.0101285 -0.999687 -0.022873
17.1185 27.7582 43.8439 -0.00798219 -0.999696 -0.0233491
18.4747 27.75 43.7415 -0.0075918 -0.999709 -0.0228946
19.3703 27.7498 43.4518 -0.00658831 -0.999729 -0.0222992
20.8096 27.7549 42.8605 -0.00415434 -0.999779 -0.0205904
21.8725 27.7551 42.5377 -0.00561781 -0.999846 -0.0166479
22.8423 27.7527 42.2206 -0.00911083 -0.999857 -0.0142558
23.8601 27.7496 41.7843 -0.00907125 -0.999857 -0.0142673
24.7162 27.7471 41.3573 -0.0114852 -0.999842 -0.0135882
25.5452 27.7431 40.9593 -0.0116852 -0.999846 -0.0130955
26.3747 27.7372 40.6073 -0.012667 -0.999851 -0.0117453
27.3982 27.7275 40.1467 -0.015265 -0.999817 -0.0114923
28.1837 27.7194 39.6914 -0.0179155 -0.999766 -0.0120891
28.9769 27.7106 39.2019 -0.0188433 -0.999755 -0.0116517
30.0568 27.6976 38.3608 -0.0209734 -0.999742 -0.00866482
30.8769 27.6868 37.5855 -0.0211453 -0.999755 -0.00653081
31.6212 27.6756 36.8698 -0.0255252 -0.999659 -0.00331769
32.5547 27.6574 36.0401 -0.0299569 -0.999464 -0.013227
33.5807 27.6295 35.078 -0.0363318 -0.999264 -0.0119287
34.5987 27.5995 34.3404 -0.044755 -0.998895 -0.013665
35.3554 27.5718 33.6908 -0.049279 -0.998577 -0.0203693
36.2055 27.5416 33.0379 -0.0524822 -0.998394 -0.0213347
37.0884 27.4962 32.3855 -0.0633598 -0.997719 -0.021894
38.001 27.4523 31.7423 -0.0706749 -0.997058 -0.029683
38.8542 27.4022 31.1696 -0.0791177 -0.996617 -0.0222415
39.7761 27.3487 30.449 -0.0969994 -0.994447 -0.0408237
40.6879 27.2963 29.5516 -0.0972137 -0.994441 -0.0404507
41.444 27.2513 28.6299 -0.11726 -0.991564 -0.0552428
42.3416 27.207 27.4597 -0.138769 -0.988216 -0.0645863
42.8977 27.1832 26.71 -0.147918 -0.985451 -0.0820631
43.6075 27.1513 25.6328 -0.176397 -0.978648 -0.102209
44.2724 27.1862 24.4539 -0.19725 -0.972239 -0.123959
44.7639 27.1976 23.6803 -0.218163 -0.961855 -0.165047
45.5122 27.2667 22.4329 -0.198142 -0.958119 -0.206253
46.0594 27.4268 21.2942 -0.185563 -0.953599 -0.237099
46.4635 27.5941 20.2534 -0.155234 -0.960615 -0.23048
46.7924 27.7874 19.3602 -0.143202 -0.950648 -0.275249
47.1691 27.9716 18.4308 -0.121476 -0.969715 -0.211618
47.5565 28.1484 17.379 -0.130458 -0.967941 -0.214641
47.8336 28.3075 16.4934 -0.114257 -0.968593 -0.220181
48.2434 28.5609 15.033 -0.05374 -0.984117 -0.168348
48.3 28.754 13.9222 -0.0162356 -0.984354 -0.175453
48.3026 28.9345 12.7503 -0.00959293 -0.988997 -0.14744
48.2348 29.0062 11.5905 0.00188832 -0.998407 -0.0563874
48.1779 29.0366 10.6648 0.00776623 -0.999876 -0.0136758
48.145 29.0505 9.63411 0.0299692 -0.999071 0.00680083
48.1707 28.9266 8.65615 0.0254828 -0.9896 0.141572
48.1517 28.7502 7.5872 -0.0198001 -0.987462 0.15661
48.0213 28.5213 6.40813 -0.0706741 -0.972468 0.220664
47.7751 28.3498 5.47184 -0.0908154 -0.97247 0.214139
47.4301 28.1713 4.47288 -0.117556 -0.971863 0.204113
47.0233 27.9932 3.30285 -0.13556 -0.97482 0.177058
46.6341 27.8835 2.39287 -0.132315 -0.979836 0.149039
46.2241 27.7651 1.22231 -0.115733 -0.983077 0.142006
45.837 27.6939 0.290699 -0.107459 -0.986741 0.121635
45.3261 27.6059 -0.973092 -0.107859 -0.988878 0.102377
44.7931 27.542 -2.25022 -0.102694 -0.991439 0.0804918
44.3983 27.5121 -3.07623 -0.0987827 -0.99217 0.0761167
43.8399 27.4901 -4.14339 -0.0949442 -0.992854 0.0722996
42.9731 27.5148 -5.26876 -0.0943588 -0.994315 0.0493456
42.2663 27.5477 -6.0065 -0.0854211 -0.995309 0.0454309
41.6432 27.5699 -6.69145 -0.08485 -0.995636 0.0381495
40.9494 27.602 -7.37032 -0.0764763 -0.996553 0.0321487
40.0483 27.6373 -8.19424 -0.0669257 -0.997236 0.0322541
39.4199 27.6562 -8.9116 -0.063932 -0.997409 0.03285
38.7939 27.6705 -9.73765 -0.0621042 -0.997698 0.0271654
37.9312 27.7015 -10.758 -0.0569538 -0.998239 0.0164643
37.2502 27.724 -11.6972 -0.0547422 -0.998369 0.0162324
36.4673 27.7497 -12.8436 -0.0512777 -0.998606 0.012397
35.5825 27.7803 -13.7913 -0.0476299 -0.998779 0.0130792
34.5488 27.819 -14.5922 -0.045546 -0.998896 0.0113955
33.7091 27.8491 -15.1644 -0.0452188 -0.998934 0.00858595
32.6923 27.8963 -15.8467 -0.0515179 -0.998657 0.00544386
31.8329 27.9349 -16.3614 -0.0486042 -0.998778 0.00892771
30.4935 27.9917 -17.1102 -0.0464974 -0.998853 0.0114278
29.7176 28.0219 -17.5729 -0.0462901 -0.998872 0.0105031
28.7767 28.0599 -18.1156 -0.0452101 -0.998934 0.00930403
27.7891 28.1 -18.6096 -0.0418771 -0.999094 0.00762881
26.8909 28.1345 -19.0289 -0.041938 -0.999091 0.00759389
25.7778 28.1744 -19.5356 -0.0364271 -0.999296 0.00898098
24.6992 28.2099 -19.9606 -0.0363604 -0.999322 0.0057963
23.5776 28.2456 -20.4093 -0.0330281 -0.999439 0.00535993
22.4151 28.2809 -21.014 -0.0313426 -0.999498 0.00456333
21.616 28.3026 -21.4304 -0.0279928 -0.999588 0.00640265
20.7174 28.3249 -21.8808 -0.0252862 -0.999654 0.00656761
19.8802 28.3407 -22.2839 -0.0221751 -0.999731 0.00685502
18.9358 28.358 -22.743 -0.0213592 -0.999747 0.00707245
17.7632 28.3788 -23.2576 -0.020097 -0.999773 0.00713754
16.5614 28.3989 -23.6307 -0.0171257 -0.999825 0.00751422
15.6071 28.4138 -23.8441 -0.0160702 -0.999847 0.00692684
14.4556 28.4298 -24.0811 -0.014294 -0.999873 0.00709035
13.3284 28.4443 -24.2848 -0.0129933 -0.999903 0.00505781
12.3283 28.4567 -24.4676 -0.0126896 -0.999911 0.00390279
11.2041 28.4688 -24.7116 -0.0122181 -0.999921 0.00282466
10.0047 28.4833 -25.0103 -0.0123679 -0.999922 0.00200232
8.84816 28.4964 -25.298 -0.0112128 -0.999935 0.00197848
7.9451 28.5051 -25.5274 -0.00998975 -0.999949 0.00115885
6.98773 28.5141 -25.7339 -0.00841192 -0.999963 0.00135161
5.7811 28.523 -26.0159 -0.00695278 -0.999975 0.00115615
4.47011 28.5311 -26.2757 -0.00651985 -0.999978 0.000754053
3.0164 28.5379 -26.591 -0.00490774 -0.999987 0.00110691
2.04091 28.5427 -26.7371 -0.00519838 -0.999986 0.00116484
0.891348 28.5487 -26.8097 -0.00436396 -0.99999 -0.000623642
-0.158574 28.554 -26.8697 -0.00452758 -0.999984 -0.00266524
-1.09884 28.5569 -26.9399 -0.00278397 -0.99999 -0.00358025
-2.57514 28.5597 -26.8681 -0.0010246 -0.999988 -0.00470567
-3.72341 28.5564 -26.5781 0.00335521 -0.999964 -0.00779696
-4.6679 28.5497 -26.1187 0.00381926 -0.999932 -0.0110273
-5.53343 28.5405 -25.5907 0.00381621 -0.999932 -0.0110001
-6.53242 28.5222 -24.86 0.00779111 -0.999868 -0.014233
-7.53914 28.4997 -24.0216 0.0101156 -0.999839 -0.0148514
-8.21124 28.4732 -22.9933 0.0133908 -0.999779 -0.0160847
-8.57809 28.4522 -22.1628 0.0203383 -0.999635 -0.0177959
-8.99975 28.4256 -21.1031 0.0241742 -0.999537 -0.0178103
-9.43815 28.393 -20.1145 0.0282453 -0.999427 -0.0185579
-9.81441 28.3639 -19.1567 0.0325127 -0.999277 -0.019716
-10.2387 28.3255 -17.9329 0.03707 -0.999104 -0.0204177
-10.6701 28.2847 -16.6246 0.0414791 -0.999054 -0.0127742
-11.5542 28.25 -16.9727 0.052606 -0.998344 -0.0232785
-11.2372 28.2884 -17.9307 0.0446661 -0.99874 -0.0215716
-10.8551 28.3252 -19.0029 0.0356533 -0.999112 -0.0224301
-10.5481 28.3532 -19.8562 0.0337267 -0.999244 -0.0193408
-10.1572 28.3885 -20.803 0.0250789 -0.999441 -0.0221127
-9.63534 28.4296 -21.9955 0.0213543 -0.999513 -0.0222838
-9.34034 28.452 -22.8701 0.017205 -0.999555 -0.0243528
-8.6742 28.4877 -24.0983 0.0111787 -0.999775 -0.0180088
-7.89746 28.5116 -24.9965 0.00890268 -0.999814 -0.0170773
-6.94536 28.5319 -25.7474 0.00729092 -0.99987 -0.0144092
-6.12797 28.5466 -26.3386 0.00587 -0.999859 -0.015659
-5.32946 28.555 -26.834 0.00382229 -0.999932 -0.0110545
-4.41804 28.5627 -27.3243 0.000869915 -0.999959 -0.00897398
-3.56143 28.5658 -27.6337 -0.00108302 -0.99997 -0.00749878
-2.49922 28.5642 -27.8333 -0.00193311 -0.99998 -0.00582621
-1.47335 28.5618 -27.9006 -0.00329035 -0.999986 -0.0040563
-0.4878 28.5577 -27.82 -0.0062264 -0.99998 -0.00061104
0.690642 28.5502 -27.7301 -0.00531718 -0.999985 -0.00118633
2.14985 28.5411 -27.6535 -0.00582462 -0.999982 0.000786297
3.0843 28.5366 -27.5268 -0.0049714 -0.999987 0.00105618
4.32191 28.5306 -27.2931 -0.00515473 -0.999986 0.0013078
5.23729 28.5257 -27.077 -0.00663634 -0.999978 0.00039376
6.23438 28.5192 -26.8336 -0.00694217 -0.999976 -0.000356144
7.12431 28.5118 -26.6334 -0.00959334 -0.999954 -0.000609697
8.05983 28.5029 -26.4568 -0.00984551 -0.999951 0.00105229
9.02169 28.4938 -26.2184 -0.0108465 -0.99994 0.000337953
10.1953 28.4797 -25.9087 -0.0128737 -0.999917 0.000250456
11.0742 28.4684 -25.6827 -0.0128391 -0.999916 0.00149989
12.5769 28.4493 -25.3474 -0.0138428 -0.999894 0.00440177
13.9242 28.431 -25.1161 -0.0157563 -0.999857 0.00611719
15.1473 28.4136 -24.8793 -0.0156629 -0.99985 0.00742373
16.1837 28.3985 -24.6655 -0.0179947 -0.999811 0.00732241
17.0826 28.3834 -24.473 -0.0185269 -0.999797 0.00789338
18.4004 28.3606 -24.0086 -0.0200821 -0.999772 0.00726358
19.4537 28.3417 -23.5279 -0.020962 -0.99976 0.00644107
20.3127 28.3254 -23.1012 -0.0226011 -0.999726 0.00607109
21.3289 28.3033 -22.608 -0.0281242 -0.999586 0.00601868
22.6238 28.2694 -21.9354 -0.0298494 -0.999545 0.00440666
23.768 28.2349 -21.3281 -0.0353063 -0.999355 0.00662828
24.9062 28.1959 -20.8634 -0.0381602 -0.99924 0.00795538
26.108 28.1545 -20.4163 -0.0367336 -0.999291 0.00829585
27.0975 28.1195 -19.9574 -0.0420756 -0.999092 0.0066329
28.0813 28.0795 -19.4757 -0.046671 -0.998856 0.0104132
29.3076 28.0287 -18.8673 -0.0482278 -0.998777 0.0107286
30.6608 27.9729 -18.0714 -0.0467963 -0.998821 0.0127722
32.0123 27.9174 -17.3383 -0.0458962 -0.998892 0.010337
33.3041 27.8604 -16.5599 -0.0485871 -0.998791 0.00731546
34.0626 27.8278 -16.0318 -0.0466525 -0.998896 0.00549174
34.8355 27.7952 -15.5112 -0.0475017 -0.998807 0.0113046
35.9093 27.7529 -14.7342 -0.0470149 -0.998827 0.0115387
36.5683 27.7279 -14.1152 -0.0476923 -0.998816 0.00955124
37.3362 27.6999 -13.2241 -0.0518634 -0.998591 0.0111939
37.9643 27.6779 -12.2977 -0.0535821 -0.998519 0.00891647
38.8111 27.6434 -11.1218 -0.0612219 -0.998006 0.015102
39.6455 27.6058 -10.2352 -0.0610028 -0.997814 0.0254317
40.21 27.5917 -9.43447 -0.0610206 -0.997812 0.0254616
40.8546 27.5705 -8.71798 -0.0671405 -0.997413 0.0249297
41.5873 27.5312 -8.04083 -0.075525 -0.996912 0.0215208
42.4211 27.4893 -7.1663 -0.0842816 -0.995964 0.0308669
43.4043 27.4361 -6.14833 -0.098087 -0.99423 0.0434309
44.0697 27.4015 -5.44261 -0.0968374 -0.994182 0.0470487
44.7485 27.388 -4.40863 -0.0981802 -0.993932 0.049552
45.3458 27.4096 -3.19095 -0.105324 -0.99233 0.0641768
45.9317 27.4419 -1.95518 -0.109703 -0.990781 0.0794898
46.4362 27.5218 -0.594064 -0.118464 -0.988519 0.0926719
47.0341 27.601 0.733381 -0.132823 -0.984666 0.112755
47.3718 27.6812 1.67201 -0.136697 -0.981287 0.13561
47.7416 27.7732 2.60025 -0.127933 -0.978385 0.162467
48.0886 27.9053 3.55792 -0.117394 -0.973376 0.19686
48.3712 28.0623 4.49571 -0.106639 -0.970525 0.215539
48.6988 28.2292 5.34671 -0.107284 -0.967627 0.228147
48.984 28.4793 6.4716 -0.0721549 -0.967727 0.241452
49.0834 28.809 7.90832 -0.0316401 -0.979287 0.199989
49.0924 29.0081 9.15162 -0.00181556 -0.993374 0.114908
49.0924 29.0619 10.4709 0.0369182 -0.999045 -0.0233863
49.1519 28.9915 11.622 -0.0119583 -0.997048 -0.0738413
49.2203 28.9285 12.5799 -0.0301891 -0.993562 -0.102071
49.2202 28.7874 13.574 -0.0379029 -0.989089 -0.142303
49.2056 28.6043 14.5539 -0.0542625 -0.978714 -0.197926
49.1192 28.4248 15.4923 -0.0544797 -0.98089 -0.18678
48.867 28.2364 16.3978 -0.089095 -0.964543 -0.248432
48.5186 28.036 17.3617 -0.0980572 -0.969244 -0.225723
48.1289 27.8097 18.4528 -0.181612 -0.945669 -0.26968
47.7105 27.5768 19.5696 -0.183783 -0.947272 -0.262488
47.3126 27.323 20.7064 -0.236768 -0.918127 -0.317779
46.8246 27.1205 21.7871 -0.264645 -0.930039 -0.254933
46.3203 27.0019 22.8312 -0.284815 -0.933444 -0.21809
45.8515 26.9562 23.6596 -0.242882 -0.958276 -0.146336
45.168 26.955 24.691 -0.213583 -0.968228 -0.129597
44.6131 26.9581 25.7363 -0.197417 -0.976539 -0.0860116
43.9982 26.998 26.7026 -0.187223 -0.978913 -0.0808599
43.4251 27.0418 27.5065 -0.160025 -0.985388 -0.0583293
42.6893 27.0981 28.4579 -0.142243 -0.98857 -0.049957
42.1427 27.1371 29.1967 -0.119262 -0.991738 -0.0463554
41.0957 27.218 30.4676 -0.111703 -0.993487 -0.0216778
40.3096 27.2756 31.1897 -0.0912259 -0.99558 -0.0223374
39.5346 27.33 31.8335 -0.0893168 -0.995689 -0.0250054
38.3927 27.4042 32.5973 -0.0699508 -0.997509 -0.00905563
37.3359 27.4662 33.3878 -0.0638884 -0.997856 -0.0141672
36.4115 27.5127 34.0829 -0.0508131 -0.998662 -0.0095876
35.5263 27.5494 34.7779 -0.0487222 -0.998746 -0.0114874
34.5666 27.5875 35.5107 -0.0420082 -0.999116 -0.00145286
33.5854 27.62 36.3417 -0.0316386 -0.999472 -0.00746046
32.7974 27.6421 37.0539 -0.0262001 -0.999653 0.00102432
32.0005 27.6612 37.7562 -0.0226054 -0.999723 -0.00656182
30.9427 27.6761 38.8105 -0.0160869 -0.999863 -0.00392498
30.1605 27.6853 39.5016 -0.0173243 -0.999814 -0.00843858
29.1525 27.6973 40.1894 -0.017898 -0.999802 -0.00875209
28.2901 27.7071 40.6961 -0.0169236 -0.999811 -0.00960566
27.4805 27.7154 41.1451 -0.0151358 -0.999836 -0.00996995
26.4811 27.7239 41.5798 -0.0107015 -0.999876 -0.0115246
25.5203 27.7296 42.0051 -0.011141 -0.999852 -0.0131098
24.7072 27.7332 42.4243 -0.0111751 -0.999853 -0.0129995
23.7943 27.7353 42.8579 -0.0080271 -0.999869 -0.0140289
22.9063 27.7369 43.1993 -0.00715062 -0.99987 -0.0144771
21.6406 27.7373 43.568 -0.00355201 -0.99978 -0.020692
20.5081 27.7333 43.9843 -0.00470627 -0.999776 -0.020631
19.5976 27.7295 44.3733 -0.00485705 -0.999774 -0.0207092
18.3217 27.7288 44.717 -0.00632635 -0.999742 -0.0217712
17.3423 27.7358 44.7515 -0.00814802 -0.999745 -0.0210437
16.1664 27.7468 44.7517 -0.0105356 -0.999727 -0.0208368
14.7582 27.759 44.888 -0.0107548 -0.999735 -0.0203454
13.3837 27.7612 45.5052 -0.00971939 -0.999776 -0.0187821
12.4102 27.7613 45.9995 -0.00956918 -0.999777 -0.0188448
10.9867 27.7704 46.2782 -0.0114088 -0.999713 -0.0210511
9.62414 27.7902 46.0593 -0.0121742 -0.999773 -0.0174919
8.4052 27.812 45.7536 -0.01473 -0.999731 -0.0178948
7.17919 27.8383 45.3781 -0.0159437 -0.999656 -0.0208243
5.72515 27.8706 45.042 -0.0199354 -0.999688 -0.0150308
4.81528 27.8914 44.8521 -0.0184413 -0.999714 -0.0152529
3.8681 27.9115 44.677 -0.0184003 -0.999715 -0.0151853
2.92823 27.9305 44.524 -0.0174127 -0.999735 -0.0150743
1.96255 27.949 44.3344 -0.0160939 -0.999787 -0.012947
1.07041 27.9665 44.0644 -0.0167542 -0.99979 -0.0117005
0.0934417 27.9895 43.5674 -0.016562 -0.999808 -0.0104379
-0.767437 28.0079 43.1282 -0.0144561 -0.999859 -0.00838143
-1.74605 28.0253 42.5521 -0.0142141 -0.999875 -0.00671126
-2.53285 28.0367 41.8997 -0.0121217 -0.999925 -0.00176653
-3.38423 28.0465 40.7136 -0.00589551 -0.99998 -0.0021936
-4.17525 28.0535 39.2646 -0.0022452 -0.999992 -0.00335052
-4.66497 28.0568 38.4737 0.00204767 -0.999991 -0.00294885
-5.34549 28.0628 37.4385 0.003301 -0.999959 -0.00838178
-5.8914 28.071 36.3632 0.00438892 -0.999948 -0.00907152
-6.39042 28.0764 35.4724 0.00597429 -0.999934 -0.00983466
-6.97594 28.0794 34.6115 0.00945798 -0.999939 -0.00571174
-7.75884 28.0776 33.5319 0.0120197 -0.999909 -0.00618807
-8.71495 28.0669 32.6187 0.0185032 -0.999827 -0.00171618
-9.52309 28.0525 32.2048 0.0244359 -0.999688 0.000136575
-10.7195 28.0187 31.9955 0.033957 -0.999359 0.00825627
-11.939 27.9682 31.9956 0.0364123 -0.999208 0.0146799
-12.9384 27.9255 32.0969 0.0474389 -0.998546 0.0256075
-14.1452 27.8698 32.353 0.0606083 -0.997746 0.028787
-15.3931 27.7991 32.6515 0.0680668 -0.997244 0.0292358
-16.5187 27.7284 32.8472 0.0734659 -0.996794 0.0316113
-17.8014 27.6366 33.0349 0.0836625 -0.995859 0.0349298
-18.7343 27.5563 33.1722 0.0908261 -0.995287 0.0339856
-19.7239 27.4566 33.2061 0.10371 -0.994034 0.0337612
-20.7845 27.3257 33.167 0.130451 -0.990978 0.0307363
-22.1755 27.1453 33.0957 0.129488 -0.990328 0.0498242
-23.0775 27.0194 32.938 0.130848 -0.990193 0.0489241
-23.9596 26.8439 32.7586 0.187157 -0.980993 0.0512315
-24.9134 26.6378 32.4921 0.213928 -0.975538 0.0492658
-26.2338 26.2331 31.9213 0.319584 -0.944321 0.0779158
-27.2522 25.846 31.4235 0.328947 -0.941032 0.0776055
-28.0325 25.5289 31.0285 0.33921 -0.938108 0.0696687
-29.2082 25.0209 30.524 0.421243 -0.90536 0.0536152
-30.405 24.4399 30.1198 0.423292 -0.904493 0.0521194
-31.4923 23.8754 29.4557 0.46333 -0.885343 0.0386448
-32.2475 23.4485 28.72 0.479989 -0.876422 0.033127
-32.9446 23.028 28.0921 0.497114 -0.86721 0.0287159
-33.5615 22.6638 27.5269 0.491458 -0.870635 0.0215439
-34.0951 22.3435 26.8465 0.511247 -0.858924 0.020284
-34.7186 21.9445 25.903 0.53186 -0.846699 0.0137922
-35.3164 21.5562 24.9312 0.536034 -0.844182 0.00498025
-35.8558 21.2079 23.9772 0.537954 -0.842965 -0.00389416
-36.2817 20.9399 23.1446 0.539135 -0.842212 -0.00325762
-36.7063 20.6785 22.2444 0.540204 -0.84143 -0.0132116
-37.2107 20.3698 21.1775 0.547392 -0.836632 -0.0202353
-37.7486 20.0468 20.0861 0.54502 -0.838091 -0.0235771
-38.2011 19.7882 19.0058 0.54123 -0.840359 -0.0294359
-38.6276 19.5545 18.0028 0.548762 -0.834901 -0.0424456
-39.1159 19.2948 16.9567 0.542553 -0.838469 -0.0510431
-39.5146 19.1007 15.9581 0.546511 -0.835549 -0.056048
-39.862 18.9516 14.8658 0.541662 -0.837518 -0.071866
-40.1086 18.8901 13.7345 0.539393 -0.838491 -0.0772016
-40.3417 18.8791 12.3201 0.536631 -0.83971 -0.083144
-40.4905 18.8908 11.2546 0.535525 -0.84044 -0.0828938
-40.6081 18.9594 9.92118 0.528192 -0.843937 -0.0937229
-40.6146 19.0562 8.96355 0.521546 -0.84797 -0.0945366
-40.5817 19.2123 7.72513 0.517342 -0.85046 -0.0951444
-40.4988 19.3717 6.77827 0.512813 -0.853244 -0.0948565
-40.2595 19.6808 5.29337 0.510236 -0.855167 -0.0912401
-40.032 19.9605 3.87226 0.507876 -0.857012 -0.0871368
-39.7261 20.2629 2.3972 0.496477 -0.864687 -0.076256
-39.5376 20.4465 1.49178 0.50344 -0.861324 -0.0683245
-39.2248 20.6896 0.583558 0.491402 -0.868825 -0.0605617
-38.7832 20.9931 -0.21454 0.48705 -0.871499 -0.0572008
-38.2587 21.3223 -0.99054 0.484 -0.874355 -0.0353283
-37.5156 21.7624 -1.93782 0.472259 -0.88064 -0.0377373
-36.9717 22.0816 -2.60009 0.45879 -0.888002 -0.029593
-36.2282 22.4878 -3.62249 0.448674 -0.893489 -0.0153175
-35.5864 22.8203 -4.55239 0.455401 -0.890259 -0.00694556
-35.0336 23.0951 -5.29965 0.440003 -0.897865 0.0104637
-34.172 23.4982 -6.21598 0.430802 -0.902432 0.00501081
-33.4902 23.8112 -6.89544 0.424806 -0.904936 0.0217988
-32.4424 24.2642 -7.57699 0.389273 -0.921009 0.00836711
-31.6634 24.5903 -8.06348 0.390056 -0.920677 0.00678312
-30.7312 24.9794 -8.47629 0.38817 -0.921277 0.0177314
-29.8232 25.3527 -8.71225 0.348096 -0.936792 0.00379457
-28.5662 25.7732 -8.89855 0.316212 -0.948643 -0.00882443
-27.3836 26.1471 -8.99264 0.29296 -0.955543 -0.0333585
-26.4137 26.3794 -9.16353 0.210759 -0.977157 -0.0272939
-24.999 26.68 -9.65238 0.189543 -0.981794 -0.0123942
-23.8825 26.8822 -10.0423 0.152946 -0.988206 -0.00754666
-22.8652 27.0299 -10.3566 0.135284 -0.990806 0.00123735
-21.6903 27.189 -10.7451 0.135648 -0.990638 0.0153897
-20.6592 27.3313 -10.9055 0.144434 -0.989433 0.0126678
-19.2724 27.5178 -10.8975 0.123477 -0.992346 0.00177338
-18.113 27.6569 -10.9051 0.110918 -0.993828 -0.00173564
-17.1435 27.7632 -10.9769 0.105653 -0.994395 -0.000277304
-16.1306 27.8693 -11.1317 0.095751 -0.995393 -0.00330001
-14.7847 27.9904 -11.5102 0.0804303 -0.996756 -0.00120584
-13.7724 28.0655 -12.319 0.0708784 -0.997462 -0.00311144
-13.1649 28.1162 -13.0008 0.0746174 -0.997185 -0.00738668
-12.6046 28.1532 -13.8133 0.0612528 -0.998122 -0.000697896
-12.1691 28.1851 -14.692 0.0653328 -0.997841 -0.00666989
-11.8473 28.216 -15.7801 0.0570921 -0.998329 -0.0089497
-11.6793 28.2321 -16.5011 0.055037 -0.998319 -0.0164266
-12.5704 28.1924 -16.8161 0.052986 -0.998309 -0.0239044
-12.212 28.2419 -18.0141 0.0470929 -0.998471 -0.0289518
-11.7597 28.2941 -19.1872 0.0458652 -0.998645 -0.02458
-11.268 28.35 -20.6324 0.0323097 -0.999093 -0.0277343
-10.8845 28.3849 -21.4645 0.0250694 -0.999405 -0.0236358
-10.3539 28.4315 -22.75 0.0189078 -0.999404 -0.0288919
-10.0817 28.4583 -23.6239 0.014505 -0.999569 -0.0255242
-9.48699 28.4883 -24.5788 0.00946442 -0.999741 -0.0206498
-8.67013 28.5155 -25.5808 0.0078995 -0.999805 -0.0180792
-7.51013 28.5402 -26.5044 0.00598488 -0.99984 -0.0168283
-6.72761 28.5548 -27.1054 0.00512178 -0.99988 -0.0146258
-5.72091 28.5665 -27.6937 0.000146284 -0.999919 -0.012655
-4.49555 28.5717 -28.3192 -0.002163 -0.999943 -0.0104611
-3.18759 28.5712 -28.6683 -0.00381634 -0.999984 -0.00422354
-1.89459 28.5658 -28.8405 -0.00562586 -0.999978 -0.00348798
-0.873772 28.5604 -28.7842 -0.00729808 -0.999973 -6.98489e-05
0.336926 28.5522 -28.6608 -0.00697927 -0.999975 0.000962042
1.73184 28.5421 -28.6055 -0.00602505 -0.99998 0.00175074
2.70714 28.5369 -28.5059 -0.00529378 -0.999985 0.00158724
4.07463 28.5305 -28.276 -0.00483822 -0.999987 0.00159701
4.96138 28.5262 -28.1074 -0.00488715 -0.999987 0.00119771
5.87394 28.5215 -27.8692 -0.00637666 -0.99998 -0.00036537
6.7918 28.5156 -27.5946 -0.00522048 -0.999985 -0.0011197
7.7874 28.5071 -27.4373 -0.00819806 -0.999964 -0.00224234
8.7726 28.4966 -27.2265 -0.0108629 -0.999938 -0.00256275
10.2796 28.4778 -26.819 -0.0137558 -0.999905 0.000778894
11.4724 28.462 -26.5278 -0.0140056 -0.999899 0.00196553
12.507 28.4469 -26.2907 -0.0144568 -0.999891 0.00300393
13.6906 28.4301 -26.0918 -0.0157414 -0.999866 0.00440581
14.9984 28.4111 -25.8525 -0.0148893 -0.99988 0.00425007
16.27 28.3919 -25.5941 -0.0173868 -0.999835 0.00522024
17.316 28.3728 -25.3751 -0.0208658 -0.999764 0.00560983
18.499 28.3512 -25.0164 -0.0200817 -0.999771 0.00739864
19.3824 28.3357 -24.6359 -0.0208444 -0.999757 0.00712252
20.5122 28.3158 -24.0603 -0.0206696 -0.999777 0.00440392
21.6317 28.2921 -23.5067 -0.0255698 -0.999667 0.00352853
22.5143 28.2693 -23.01 -0.0306772 -0.999527 0.00222552
23.4225 28.2429 -22.5379 -0.0337197 -0.999417 0.00347816
24.2985 28.2111 -22.0889 -0.0364511 -0.999322 0.00458833
25.1339 28.1813 -21.7562 -0.039314 -0.999211 0.00557012
26.3379 28.1372 -21.328 -0.0398068 -0.99913 0.0124628
27.5422 28.0917 -20.7564 -0.0468965 -0.998845 0.0104137
28.4596 28.0533 -20.2979 -0.0467257 -0.998855 0.0102995
29.7138 27.9991 -19.7213 -0.0498427 -0.998697 0.0109292
30.6564 27.9594 -19.1444 -0.0467978 -0.998821 0.01277
31.5912 27.9239 -18.6148 -0.045907 -0.998878 0.011516
32.7632 27.8764 -18.0122 -0.0451524 -0.998926 0.0104105
33.711 27.8364 -17.4363 -0.0463395 -0.998909 0.00575845
34.803 27.79 -16.6502 -0.04867 -0.998799 0.00517767
35.6511 27.7497 -16.0753 -0.0492395 -0.998746 0.00824725
36.5375 27.716 -15.4038 -0.0463305 -0.998859 0.011579
37.3639 27.685 -14.5917 -0.0493002 -0.998737 0.00968595
38.2607 27.6492 -13.5631 -0.0508411 -0.998672 0.0082832
38.9772 27.6205 -12.4336 -0.0565028 -0.998379 0.00684572
39.7773 27.5811 -11.5034 -0.0571559 -0.99834 0.00712888
40.5273 27.5471 -10.6015 -0.0563978 -0.998359 0.00988077
41.3718 27.5127 -9.52926 -0.0732608 -0.997014 0.024402
42.0977 27.4753 -8.84001 -0.0802225 -0.996534 0.0214862
42.9094 27.4248 -7.9728 -0.0837145 -0.996154 0.0255323
43.6758 27.3736 -7.14878 -0.100097 -0.994625 0.0264972
44.7095 27.3073 -6.16062 -0.0972468 -0.994299 0.0437402
45.4899 27.2877 -4.93495 -0.099929 -0.9938 0.0487477
45.9483 27.2908 -4.03892 -0.105323 -0.99233 0.0641745
46.3421 27.2959 -3.20916 -0.111024 -0.991345 0.0693255
46.7782 27.3146 -2.37547 -0.10945 -0.990797 0.0796324
47.1103 27.3692 -1.31943 -0.131131 -0.98764 0.0858614
47.6013 27.4124 -0.245271 -0.132822 -0.984666 0.112755
48.0365 27.4623 0.77199 -0.139355 -0.982517 0.122603
48.3248 27.5387 1.63645 -0.152413 -0.979677 0.130397
48.7814 27.6524 2.71069 -0.136699 -0.976068 0.168892
49.136 27.827 3.89356 -0.155377 -0.96951 0.189494
49.4772 27.995 4.76345 -0.122398 -0.963814 0.236664
49.7604 28.1805 5.59837 -0.0854852 -0.958702 0.27126
49.9152 28.4436 6.60675 -0.0643809 -0.965466 0.252095
49.9837 28.7362 7.69434 -0.0441198 -0.971246 0.231363
50.0144 28.9399 8.73259 -0.0384603 -0.980963 0.190348
50.0174 29.0982 9.97485 -0.00199676 -0.995761 0.0291598
50.0614 29.036 11.1166 0.00179696 -0.997541 -0.0682771
50.1608 28.9233 12.5152 0.0154799 -0.991115 -0.123745
50.156 28.706 13.8635 -0.0412872 -0.983549 -0.173349
50.0915 28.4416 15.0672 -0.0681348 -0.972422 -0.223054
49.8688 28.1713 16.2156 -0.102251 -0.961725 -0.253909
49.4458 27.8896 17.4459 -0.11254 -0.954982 -0.274488
49.1172 27.653 18.4414 -0.137881 -0.948531 -0.285092
48.7615 27.4402 19.2996 -0.195009 -0.931 -0.307522
48.4736 27.2217 20.1895 -0.218675 -0.928928 -0.298789
47.9408 26.9045 21.4475 -0.225037 -0.919719 -0.321438
47.5085 26.7637 22.3955 -0.262613 -0.932296 -0.248716
46.9378 26.668 23.5368 -0.269521 -0.949155 -0.162674
46.2806 26.6758 24.6205 -0.266816 -0.955446 -0.121606
45.7818 26.7326 25.4385 -0.257181 -0.962229 -0.0892966
45.3045 26.769 26.2961 -0.197417 -0.976539 -0.0860117
44.6581 26.832 27.3382 -0.189245 -0.980545 -0.0521417
43.9794 26.9039 28.2556 -0.168489 -0.984951 -0.038516
43.1666 26.9876 29.2986 -0.143111 -0.989022 -0.0328243
42.5573 27.0623 30.1737 -0.128002 -0.991374 -0.0219358
41.7193 27.1367 31.1606 -0.112003 -0.993583 -0.0157378
41.0449 27.1934 31.7658 -0.0968549 -0.995268 -0.00777015
40.0934 27.2714 32.5802 -0.0836239 -0.996459 -0.00788578
39.3208 27.3324 33.0918 -0.0726924 -0.997294 -0.011022
38.4153 27.3935 33.7488 -0.0691328 -0.997588 -0.00396019
37.5083 27.4471 34.4468 -0.0605237 -0.998126 -0.00837731
36.7767 27.4837 35.0068 -0.057107 -0.998338 -0.00628813
35.723 27.5364 35.7997 -0.0476806 -0.998862 0.000862841
34.718 27.5792 36.5721 -0.0427783 -0.999028 0.00631166
34.0332 27.6073 37.1623 -0.0314839 -0.999485 0.00612621
33.3151 27.6313 37.7947 -0.0239793 -0.99971 0.00229031
32.3868 27.6535 38.625 -0.0171534 -0.999848 -0.0015011
31.7677 27.6609 39.2935 -0.0161484 -0.999862 -0.00390835
30.9001 27.6683 40.1319 -0.0150292 -0.999849 -0.00874103
30.0717 27.6767 40.7353 -0.0167526 -0.999827 -0.00812106
29.2271 27.6871 41.2144 -0.0176329 -0.99981 -0.00813846
28.443 27.6965 41.679 -0.0150964 -0.999851 -0.00823928
27.2351 27.7078 42.2722 -0.0135184 -0.999888 -0.00482833
26.0938 27.7158 42.7442 -0.0109415 -0.999894 -0.00962258
24.8718 27.7194 43.3476 -0.00971635 -0.99988 -0.0119299
23.4588 27.7215 43.9919 -0.00415056 -0.999911 -0.012422
22.4506 27.7214 44.3064 -0.00389701 -0.999827 -0.0180978
21.1213 27.7166 44.7289 -0.00255945 -0.99983 -0.0182312
20.1597 27.7115 45.1613 -0.00265177 -0.99982 -0.018796
19.2818 27.7082 45.4799 -0.00434309 -0.999792 -0.0198976
18.2553 27.711 45.6195 -0.00707818 -0.999775 -0.0199838
17.0758 27.7188 45.6645 -0.00905489 -0.999743 -0.0207773
15.9874 27.7291 45.6884 -0.0102489 -0.999734 -0.0206718
14.7777 27.7403 45.8429 -0.0111445 -0.999764 -0.0186067
13.6337 27.7412 46.4614 -0.00922254 -0.999791 -0.0182429
12.6044 27.7409 46.9521 -0.00768546 -0.999796 -0.018657
11.6757 27.7444 47.1873 -0.00917843 -0.999753 -0.0202257
10.5617 27.7557 47.2342 -0.0128661 -0.999719 -0.0199156
9.4072 27.7755 46.984 -0.0128142 -0.99972 -0.0199004
8.4831 27.7924 46.7705 -0.0144726 -0.999722 -0.0186054
7.61298 27.8112 46.495 -0.0217929 -0.999591 -0.0185334
6.67415 27.8348 46.2025 -0.0187581 -0.999715 -0.0147475
5.66364 27.8582 45.9528 -0.0197121 -0.999696 -0.0148056
4.77325 27.8782 45.7586 -0.0184831 -0.999712 -0.0153218
3.65295 27.902 45.5578 -0.0184412 -0.999714 -0.0152529
2.67696 27.9228 45.3973 -0.0203579 -0.999716 -0.012375
1.39066 27.9505 45.1161 -0.0174492 -0.999805 -0.00922066
0.50786 27.9689 44.843 -0.0182268 -0.999789 -0.00946925
-0.421445 27.9907 44.3411 -0.0176153 -0.999799 -0.00958976
-1.53907 28.0151 43.7983 -0.0172629 -0.999808 -0.00928228
-2.32805 28.0296 43.3064 -0.012872 -0.999906 -0.00469301
-3.03753 28.0414 42.7447 -0.0124955 -0.999916 -0.00322947
-3.8847 28.0481 41.7192 -0.00567169 -0.999984 0.000319154
-4.47122 28.0519 40.7002 -0.00216322 -0.999998 2.81368e-05
-5.06621 28.0546 39.5515 0.000281009 -0.999994 -0.00218073
-5.87535 28.056 38.311 0.00128811 -0.999987 -0.00488187
-6.44354 28.0591 37.3141 0.00572158 -0.999946 -0.00863514
-6.96005 28.0649 36.3337 0.00583153 -0.999941 -0.00914509
-7.47289 28.0697 35.4941 0.00771549 -0.999936 -0.00777494
-8.08222 28.0698 34.6182 0.00796296 -0.999951 -0.00584858
-9.01992 28.0642 33.4599 0.0114638 -0.999931 -0.00241956
-10.3035 28.0352 32.9078 0.0262796 -0.999639 0.00555933
-11.6987 27.9926 32.8818 0.0314461 -0.999326 0.0189343
-12.7974 27.9547 32.9753 0.0460585 -0.998583 0.0266009
-13.7494 27.9192 33.231 0.0526432 -0.998183 0.0281908
-14.6843 27.8708 33.4305 0.0573191 -0.997792 0.0335574
-15.7471 27.8105 33.7126 0.0693899 -0.997069 0.0321484
-16.7439 27.7412 33.7769 0.0734683 -0.996794 0.0316096
-17.6714 27.6745 33.9422 0.0783154 -0.996489 0.0296081
-18.7197 27.5884 34.0978 0.0865071 -0.995725 0.0322725
-19.8425 27.4735 34.1291 0.105241 -0.993989 0.0301751
-21.0255 27.3259 34.0779 0.120665 -0.99193 0.0378426
-22.1031 27.2031 34.0569 0.120911 -0.991569 0.0455842
-23.1829 27.0491 33.8419 0.132208 -0.990058 0.048019
-24.1178 26.8783 33.6623 0.161329 -0.982644 0.0915619
-25.282 26.6044 33.3289 0.235896 -0.96502 0.114412
-26.2904 26.2861 32.8846 0.319498 -0.945009 0.0698314
-27.2222 25.9403 32.4754 0.347933 -0.933944 0.0759004
-28.1979 25.5346 32.0065 0.354171 -0.934552 0.0342754
-29.2316 25.0697 31.4946 0.421232 -0.905141 0.0573005
-30.2904 24.5406 31.1744 0.441934 -0.895876 0.0434139
-31.0679 24.1512 30.8493 0.452289 -0.891204 0.0303191
-31.8406 23.7262 30.3708 0.467219 -0.883566 0.031879
-32.737 23.1953 29.4679 0.495257 -0.86819 0.0310802
-33.4357 22.7741 28.8712 0.503711 -0.863261 0.0311868
-34.0807 22.3705 28.2858 0.510482 -0.859403 0.0288919
-34.6283 22.0277 27.5463 0.52726 -0.849436 0.0213416
-35.1935 21.659 26.6941 0.53186 -0.846699 0.0137891
-35.814 21.2446 25.6934 0.535989 -0.84413 0.0110841
-36.292 20.933 24.8723 0.538729 -0.84245 0.00699433
-36.9118 20.5339 23.6197 0.540316 -0.841458 -0.00261964
-37.3597 20.2524 22.6679 0.54342 -0.839379 -0.0108685
-37.9441 19.8831 21.4612 0.547014 -0.836979 -0.0143806
-38.5942 19.4869 20.2033 0.560743 -0.827496 -0.0285768
-38.9393 19.2853 19.3071 0.560067 -0.827927 -0.0293619
-39.434 19.0153 18.1772 0.551885 -0.832717 -0.044683
-39.9603 18.733 16.9827 0.558573 -0.827888 -0.0509676
-40.3887 18.5283 15.8493 0.552886 -0.831205 -0.0583962
-40.7592 18.413 14.3803 0.541662 -0.837518 -0.0718663
-41.0101 18.3736 13.0876 0.544279 -0.835056 -0.0802589
-41.2026 18.3727 11.8638 0.539431 -0.837823 -0.0840632
-41.3394 18.4037 10.7893 0.530544 -0.842227 -0.0957918
-41.4058 18.4787 9.74424 0.527757 -0.84392 -0.0962297
-41.4071 18.5864 8.81447 0.522611 -0.847015 -0.0970931
-41.4037 18.6908 7.90081 0.51985 -0.848636 -0.0977978
-41.2769 18.9335 6.50888 0.517528 -0.84981 -0.0998943
-41.1295 19.1319 5.5273 0.512742 -0.853267 -0.095035
-40.9587 19.3314 4.65739 0.510238 -0.855165 -0.0912398
-40.7868 19.546 3.54719 0.508018 -0.856959 -0.0868281
-40.5843 19.7619 2.48465 0.496304 -0.864473 -0.079808
-40.3368 20.0099 1.26148 0.490032 -0.868717 -0.0720837
-39.814 20.416 -0.188558 0.481919 -0.873874 -0.0640276
-39.2866 20.7599 -1.02189 0.474888 -0.878782 -0.0471085
-38.7074 21.1208 -1.8886 0.476646 -0.877836 -0.0470359
-37.9003 21.6008 -2.85976 0.468441 -0.882698 -0.0371709
-37.2976 21.9478 -3.63897 0.45879 -0.888002 -0.029591
-36.6963 22.2581 -4.46186 0.446425 -0.894812 -0.00404548
-36.1912 22.513 -5.1829 0.448696 -0.893661 0.00535228
-35.4681 22.8727 -6.12331 0.447418 -0.894323 0.00197885
-34.764 23.2099 -6.84475 0.441213 -0.897171 0.0184197
-34.0962 23.503 -7.52029 0.424745 -0.904665 0.0342473
-33.4259 23.796 -8.04346 0.420846 -0.906458 0.0349673
-32.6858 24.1228 -8.49287 0.422258 -0.905846 0.0337554
-31.6765 24.5585 -9.09664 0.39114 -0.9195 0.0381261
-30.878 24.8839 -9.40898 0.391343 -0.919707 0.0311669
-29.8546 25.3097 -9.64302 0.390352 -0.9197 0.0421502
-28.9643 25.6476 -9.77478 0.338911 -0.94007 0.0168454
-28.005 25.9673 -9.86733 0.313464 -0.949561 -0.00864147
-27.0839 26.2608 -9.95554 0.238955 -0.970164 -0.0208754
-26.1378 26.4807 -10.2024 0.21469 -0.975601 -0.0459368
-25.0107 26.7332 -10.6567 0.202141 -0.977948 -0.0513381
-23.892 26.8943 -11.0048 0.108606 -0.993103 -0.0394934
-22.8517 27.0279 -11.3433 0.134539 -0.990893 0.00553553
-21.4503 27.2069 -11.7768 0.126662 -0.991463 0.025726
-20.056 27.4061 -11.8423 0.143662 -0.989514 0.0149331
-19.1413 27.5326 -11.8195 0.135451 -0.990647 0.0164519
-18.1034 27.6596 -11.8118 0.110812 -0.99384 -0.00164831
-17.089 27.7726 -11.8599 0.108772 -0.99406 -0.00276289
-16.155 27.8679 -12.0148 0.0987019 -0.995116 -0.00119451
-14.9424 27.9776 -12.4677 0.0776679 -0.996978 -0.00187564
-14.1841 28.0409 -13.2245 0.0831713 -0.996513 -0.00659504
-13.4913 28.0959 -14.112 0.0715754 -0.997433 -0.00221985
-12.9097 28.1451 -15.3115 0.0629144 -0.997905 -0.0150611
-12.6916 28.1717 -16.2232 0.055039 -0.998319 -0.016427
-13.5247 28.1349 -16.7514 0.0671177 -0.99721 -0.0326626
-13.2828 28.1772 -17.7962 0.0565368 -0.997908 -0.0313488
-12.8863 28.235 -18.83 0.0445058 -0.998292 -0.0376196
-12.5022 28.2832 -19.8639 0.0386159 -0.998753 -0.0316455
-12.0217 28.3492 -21.4006 0.0298601 -0.998988 -0.0332992
-11.5941 28.392 -22.1938 0.0242377 -0.999124 -0.0333761
-11.2462 28.4287 -23.2366 0.0189148 -0.9994 -0.0290209
-10.8605 28.4656 -24.2831 0.0134939 -0.999502 -0.0285204
-10.1594 28.497 -25.257 0.00822727 -0.999745 -0.0210097
-9.27025 28.5274 -26.3611 0.00388299 -0.999779 -0.020639
-8.2798 28.5456 -27.1019 0.00617871 -0.999847 -0.0163618
-7.20723 28.567 -27.9401 0.00497897 -0.999823 -0.0180489
-6.40958 28.5757 -28.38 -0.00394362 -0.999915 -0.0122272
-5.23395 28.5804 -29.0602 -0.00272273 -0.999953 -0.00932155
-3.88712 28.58 -29.465 -0.00372576 -0.999964 -0.00761973
-2.62498 28.5723 -29.7141 -0.00765718 -0.999965 -0.0026335
-0.994978 28.5627 -29.7156 -0.00666676 -0.999975 -0.00212792
0.208221 28.552 -29.6126 -0.0100301 -0.999947 0.0003546
1.59945 28.5386 -29.5342 -0.00970078 -0.999927 0.00639117
3.29946 28.5341 -29.3075 -0.00218205 -0.999993 0.000374258
4.26325 28.5295 -29.1572 -0.00685735 -0.999973 -8.49501e-05
5.56564 28.5213 -28.9606 -0.00475232 -0.999974 0.00548218
6.58963 28.5184 -28.689 -0.00406624 -0.99999 -0.00187452
7.6395 28.511 -28.4192 -0.00835118 -0.999961 -0.00299471
8.53384 28.5042 -28.227 -0.00757247 -0.999956 -0.00535567
10.1465 28.4794 -27.7912 -0.0185213 -0.999819 -0.00443506
11.0438 28.4667 -27.576 -0.0137438 -0.999905 0.000686018
12.5125 28.4446 -27.2409 -0.0151336 -0.999883 0.00214931
13.7496 28.4242 -27.0263 -0.0159903 -0.999853 0.00618385
15.13 28.4037 -26.7535 -0.0156287 -0.999846 0.00794666
16.4107 28.3886 -26.5054 -0.0162901 -0.999854 -0.0052524
17.4548 28.3629 -26.3394 -0.0224079 -0.999724 0.00702251
18.4591 28.3441 -26.0582 -0.0200218 -0.99977 0.00771807
19.5809 28.3258 -25.6389 -0.018384 -0.9998 0.00758132
20.5632 28.3094 -25.1772 -0.0205241 -0.999777 0.00503083
21.5087 28.2932 -24.6767 -0.0201652 -0.999796 -0.000890214
22.2692 28.277 -24.184 -0.0270689 -0.99961 -0.00176695
23.5353 28.2362 -23.4416 -0.0313338 -0.999503 0.00336847
24.8373 28.1849 -22.8661 -0.0401455 -0.999156 0.00871128
25.819 28.1439 -22.6622 -0.0414709 -0.999089 0.0100067
27.0171 28.1021 -22.0113 -0.0378374 -0.999247 0.00785045
27.8761 28.068 -21.6044 -0.0450097 -0.998952 0.00833776
28.9595 28.0207 -21.0625 -0.0492863 -0.998741 0.0087212
30.0487 27.9729 -20.5775 -0.0498768 -0.998694 0.0110925
30.8724 27.935 -20.0298 -0.0522918 -0.998439 0.0185568
31.9567 27.8923 -19.5536 -0.0483667 -0.998648 0.0190716
32.7717 27.8654 -19.0677 -0.044678 -0.998954 0.00972558
34.1223 27.8167 -18.3358 -0.0402992 -0.999163 0.00389962
34.884 27.7834 -17.7442 -0.0475111 -0.998857 -0.00175701
36.0084 27.7226 -16.9715 -0.0565076 -0.998341 0.0110552
37.0514 27.6827 -16.1382 -0.0472653 -0.998802 0.0126625
37.7303 27.6639 -15.4782 -0.0430346 -0.999073 0.00135402
38.5776 27.6281 -14.6259 -0.0438208 -0.999035 0.00267337
39.5703 27.5847 -13.2255 -0.0525049 -0.998619 -0.0001289
40.3733 27.5425 -12.3334 -0.0502632 -0.998724 0.00486034
41.0667 27.5026 -11.456 -0.0652551 -0.997822 0.00700311
41.634 27.4763 -10.6512 -0.0654796 -0.997759 0.013777
42.4183 27.4385 -9.78365 -0.0640635 -0.997834 0.0149391
43.1592 27.3942 -9.19708 -0.0893155 -0.995784 0.00668402
43.7434 27.3349 -8.46282 -0.109037 -0.994017 0.00644395
44.7124 27.2493 -7.52885 -0.112227 -0.993153 0.0324372
45.6373 27.1942 -6.40869 -0.0991203 -0.993413 0.0566967
46.464 27.1919 -5.02131 -0.0920829 -0.994802 0.0434619
47.0766 27.1795 -3.79971 -0.109488 -0.992292 0.0580515
47.5571 27.1796 -2.96466 -0.111481 -0.9905 0.0805139
47.8358 27.206 -2.04319 -0.137338 -0.98732 0.0789463
48.1592 27.2381 -1.19135 -0.125925 -0.987308 0.09591
48.7677 27.2703 0.125849 -0.170197 -0.978179 0.11916
49.0488 27.3387 0.996706 -0.157032 -0.978643 0.132661
49.398 27.4013 1.83334 -0.147574 -0.975883 0.160158
49.8809 27.5184 2.88081 -0.146391 -0.972992 0.178482
50.1899 27.7016 3.98983 -0.139109 -0.95982 0.243708
50.6239 27.9629 5.23588 -0.135244 -0.954986 0.263624
50.8065 28.4709 6.73155 -0.0177222 -0.943437 0.322005
50.8996 28.8242 8.12533 0.0138739 -0.977985 0.205688
50.964 29.0156 9.35013 -0.00515352 -0.993503 0.113684
50.9944 29.0909 10.4587 0.0466845 -0.998009 -0.0424209
51.0585 28.9932 11.8004 0.0217282 -0.99624 -0.0834552
51.0629 28.8236 13.1754 0.0152811 -0.985388 -0.169639
51.0268 28.4708 14.6207 -0.0822332 -0.971716 -0.221372
50.9112 28.2246 15.6608 -0.0862701 -0.961317 -0.261585
50.6712 27.9793 16.6418 -0.107635 -0.953126 -0.281174
50.3844 27.7508 17.5238 -0.127957 -0.950505 -0.28314
49.9831 27.387 18.7882 -0.147267 -0.933419 -0.325986
49.6467 27.1541 19.6639 -0.171341 -0.933073 -0.316255
49.252 26.7879 20.7716 -0.246966 -0.876781 -0.409896
48.834 26.5523 21.6044 -0.294257 -0.880057 -0.372032
48.2704 26.3685 22.7507 -0.359928 -0.891337 -0.275626
47.5799 26.3354 24.1393 -0.335152 -0.922783 -0.190116
47.0974 26.3978 24.9726 -0.31525 -0.942838 -0.108046
46.6636 26.4833 25.7839 -0.267793 -0.961536 -0.00849982
45.8227 26.6178 27.1775 -0.202726 -0.978132 -0.0428188
45.3007 26.675 27.9941 -0.186381 -0.981487 -0.0434983
44.712 26.7563 28.7723 -0.171682 -0.984311 -0.040721
43.9462 26.8715 29.7773 -0.157659 -0.987149 0.00427706
43.4085 26.939 30.5044 -0.135088 -0.990807 -0.00115134
42.8674 27.0145 31.2273 -0.101014 -0.994862 -0.00676866
41.7416 27.1281 32.3728 -0.0939111 -0.995536 0.00479664
41.0011 27.1938 33.0469 -0.0835322 -0.996504 -0.000715924
39.8127 27.291 33.8487 -0.0780634 -0.996938 -0.00127509
38.9796 27.3514 34.5014 -0.0733334 -0.997306 -0.0014378
38.134 27.4041 35.2176 -0.0642985 -0.997928 -0.00251254
37.1618 27.4601 35.939 -0.0559224 -0.998433 -0.00218621
36.148 27.5187 36.5489 -0.0468494 -0.998705 0.0188827
35.3163 27.5646 37.2831 -0.0419788 -0.999009 0.0147945
34.4749 27.6003 37.9389 -0.0289924 -0.99955 0.00769402
33.7644 27.6325 38.5811 -0.0110231 -0.999832 0.0146175
33.0283 27.6434 39.2852 -0.00686122 -0.999955 -0.00242172
32.1412 27.6507 40.2413 -0.0116319 -0.999908 -0.0068338
30.8377 27.6571 41.3086 -0.0159258 -0.999791 -0.0122537
29.9162 27.668 41.9258 -0.0182864 -0.999773 -0.0107685
28.9661 27.6812 42.4287 -0.0205679 -0.999755 -0.00785843
28.004 27.6972 42.9788 -0.0132651 -0.999912 -0.000682478
26.9935 27.7043 43.3674 -0.00346006 -0.999986 -0.0040873
25.962 27.7018 43.8782 -0.00851689 -0.999821 -0.016909
24.5306 27.7073 44.5592 -0.0126867 -0.999829 -0.0134421
23.4571 27.7081 44.9855 -0.00172659 -0.999907 -0.0134999
22.5549 27.7039 45.2211 -0.00100164 -0.99981 -0.0193927
21.4819 27.6994 45.6169 -0.00311399 -0.999831 -0.0180662
20.6382 27.694 46.0156 -0.00193546 -0.999831 -0.0182563
19.5481 27.6915 46.3879 -0.003719 -0.999894 -0.0141014
18.1572 27.6888 46.4991 -0.000743775 -0.99966 -0.0248245
16.5116 27.7066 46.611 -0.0152702 -0.999594 -0.0230937
15.6242 27.7151 46.6636 -0.0118057 -0.999755 -0.0187111
14.6784 27.7234 46.9196 -0.0100804 -0.999814 -0.0164225
13.8041 27.7216 47.4645 -0.00904069 -0.999843 -0.0150018
12.744 27.7211 47.9095 -0.0074017 -0.999767 -0.0202863
11.6786 27.7252 48.1364 -0.00671502 -0.999727 -0.0221536
10.3335 27.736 48.1864 -0.0142654 -0.999555 -0.0261977
9.40684 27.756 48.0073 -0.0122631 -0.999786 -0.0164061
8.25185 27.7768 47.7739 -0.0145732 -0.999715 -0.0189209
7.38773 27.8013 47.4233 -0.0233002 -0.999629 -0.0140861
5.96483 27.8368 47.0401 -0.0196742 -0.999711 -0.0138439
4.70073 27.8669 46.6715 -0.0198553 -0.999707 -0.0138052
3.5913 27.891 46.4613 -0.0192487 -0.999733 -0.0127709
2.68081 27.9145 46.2864 -0.0223114 -0.999703 -0.00952929
1.71406 27.936 46.1053 -0.0197971 -0.999772 -0.00796385
0.266251 27.966 45.7235 -0.0183863 -0.999802 -0.00761987
-0.596709 27.9834 45.3916 -0.0174371 -0.999809 -0.00881036
-1.41393 28.002 44.9626 -0.0171426 -0.999808 -0.00951358
-2.44979 28.0277 44.3068 -0.0232299 -0.999698 -0.00800722
-3.60629 28.0534 43.4903 -0.0227414 -0.999728 0.00520317
-4.71758 28.057 42.1957 -0.0110593 -0.999927 0.00487665
-5.30319 28.0538 41.1615 -0.0036641 -0.999981 0.00339712
-5.72872 28.0547 40.3136 -0.00189495 -0.999998 0.000779184
-6.19487 28.0541 39.4918 0.00181355 -0.999986 0.00335988
-6.69558 28.048 38.7278 0.00740843 -0.999959 -0.00514593
-7.21646 28.0509 37.7985 0.00549053 -0.999951 -0.00826215
-7.64488 28.0547 36.9766 0.00644121 -0.999941 -0.00867727
-8.10956 28.0597 36.1298 0.00645006 -0.999936 -0.00934272
-8.76147 28.0611 35.2379 0.00755129 -0.999957 -0.00541394
-9.31907 28.0595 34.4394 0.0093932 -0.999956 -0.000114489
-10.0431 28.0488 33.8886 0.0248783 -0.999652 0.00879133
-11.3516 28.027 33.7588 0.00824262 -0.999802 0.0181388
-12.2798 28.0026 33.8307 0.033527 -0.998803 0.0356203
-13.2677 27.9683 34.0427 0.046404 -0.99829 0.0355367
-14.2501 27.9287 34.3406 0.0599221 -0.997482 0.037931
-15.1846 27.8771 34.5516 0.0644725 -0.997263 0.0361799
-16.5821 27.7851 34.7088 0.0725704 -0.996702 0.0363118
-18.1975 27.6643 34.9841 0.0840465 -0.995888 0.0337759
-19.0859 27.5844 35.0879 0.106538 -0.993795 0.0319681
-20.0225 27.4815 35.064 0.11369 -0.992995 0.0317212
-20.9416 27.3674 35.0311 0.123403 -0.99189 0.0290451
-22.5951 27.17 34.886 0.125348 -0.991607 0.030297
-23.8721 27.0108 34.6334 0.122417 -0.988574 0.0766949
-25.2193 26.7153 34.3205 0.256246 -0.964571 0.0604615
-26.4094 26.3137 33.7936 0.321975 -0.943882 0.0736082
-27.4723 25.9291 33.4829 0.347933 -0.933944 0.0759007
-28.2788 25.564 33.0711 0.384023 -0.92018 0.0752047
-29.2197 25.1339 32.5611 0.392932 -0.919132 0.0283027
-30.3385 24.5829 32.2116 0.446233 -0.893089 0.0571688
-31.1844 24.1319 31.7794 0.459607 -0.886017 0.0595255
-32.2278 23.5554 31.2229 0.463609 -0.885334 0.0353595
-33.1946 22.9686 30.3687 0.493489 -0.869021 0.0356563
-33.9523 22.4969 29.6668 0.506258 -0.861513 0.0387053
-34.6598 22.0443 28.9743 0.520147 -0.853781 0.0224973
-35.2611 21.6436 28.1076 0.533523 -0.845382 0.0247937
-35.9705 21.1714 27.0262 0.537022 -0.843373 0.0180887
-36.6919 20.673 25.7958 0.549408 -0.835345 0.0130933
-37.4201 20.1923 24.3402 0.551282 -0.834283 -0.00453469
-38.0953 19.7537 22.893 0.561932 -0.82709 -0.0105718
-38.818 19.2926 21.4833 0.561359 -0.827382 -0.0177254
-39.3444 18.9677 20.5338 0.560062 -0.827931 -0.0293369
-39.6644 18.7843 19.5924 0.558592 -0.828238 -0.0425973
-40.139 18.5098 18.8371 0.554446 -0.831038 -0.0443307
-40.4719 18.3405 17.8409 0.557859 -0.828765 -0.043881
-40.8471 18.1493 16.8192 0.557214 -0.828259 -0.0591392
-41.2873 17.9196 15.895 0.55706 -0.827597 -0.0685125
-41.5576 17.9052 14.2148 0.547337 -0.832652 -0.0843352
-41.8183 17.845 13.0957 0.547786 -0.832291 -0.0849427
-42.0012 17.8572 11.8983 0.536866 -0.837907 -0.0984091
-42.1153 17.8976 10.9161 0.527071 -0.843254 -0.104588
-42.2381 17.9331 9.98589 0.522602 -0.847138 -0.0960646
-42.3881 17.9474 9.06135 0.525462 -0.84507 -0.0987239
-42.1906 18.2176 7.83525 0.515718 -0.849773 -0.109183
-42.1062 18.4164 6.65163 0.512315 -0.852284 -0.105573
-42.0195 18.5968 5.64919 0.511675 -0.852139 -0.10976
-41.8034 18.8323 4.70027 0.499742 -0.860672 -0.0974787
-41.5727 19.1089 3.35652 0.496505 -0.863491 -0.0886888
-41.4042 19.2958 2.46335 0.492609 -0.866505 -0.0806571
-41.176 19.5434 1.25883 0.483515 -0.871222 -0.0842208
-40.9531 19.7503 0.284957 0.480426 -0.873874 -0.0743755
-40.6108 20.0066 -0.614125 0.478751 -0.875729 -0.0622649
-40.2781 20.2479 -1.41962 0.477836 -0.876687 -0.0548016
-39.6807 20.6056 -2.09751 0.471337 -0.880321 -0.0532505
-39.0639 20.972 -2.92454 0.480886 -0.876211 -0.0316623
-38.4391 21.3411 -3.61473 0.476179 -0.878745 -0.031571
-37.7152 21.7467 -4.56435 0.456905 -0.889442 -0.00584513
-36.9449 22.1404 -5.65217 0.449835 -0.893055 -0.0100616
-36.2967 22.4609 -6.47776 0.442556 -0.896716 0.00432928
-35.6404 22.7662 -7.20445 0.435424 -0.899855 0.024353
-35.0421 23.0381 -7.987 0.434736 -0.899958 0.0313526
-33.8453 23.5747 -8.83168 0.422823 -0.905707 0.029698
-32.9587 23.9614 -9.41291 0.414266 -0.909441 0.0360574
-32.0295 24.3629 -9.94165 0.414022 -0.909635 0.033825
-30.854 24.8622 -10.4236 0.39968 -0.916219 0.0282687
-29.5985 25.3748 -10.6091 0.367697 -0.929577 0.0250779
-28.0274 25.9612 -10.7862 0.328106 -0.944259 0.0143087
-27.0511 26.2655 -10.9396 0.263219 -0.964727 0.00418606
-25.8381 26.6018 -11.3063 0.22757 -0.972351 -0.0419393
-24.7162 26.8354 -11.7918 0.108606 -0.993103 -0.0394934
-23.6655 26.9418 -12.0272 0.0896855 -0.99439 0.0247947
-22.6577 27.0278 -12.4078 0.122476 -0.991618 0.0410485
-21.716 27.128 -12.8293 0.13937 -0.989417 0.0371138
-20.5551 27.311 -12.7701 0.162328 -0.986434 0.0114754
-19.3807 27.496 -12.7425 0.142873 -0.989569 -0.0184647
-18.0092 27.6741 -12.7043 0.111133 -0.993785 -0.00645801
-16.6693 27.8188 -12.8285 0.0996199 -0.995023 -0.002159
-15.5709 27.9273 -13.28 0.0963203 -0.99535 -0.000979121
-14.7574 27.9977 -13.9324 0.0831698 -0.996514 -0.00659508
-14.0837 28.0546 -14.8906 0.0721704 -0.997391 -0.00162098
-13.6962 28.0952 -15.8636 0.0738869 -0.997199 -0.0116179
-13.6799 28.097 -15.9109 0.0705024 -0.997205 -0.0221403
-13.675 28.098 -15.9315 0.0671178 -0.99721 -0.0326626
