16.7039 43.1807 -20.0364 0.0297905 -0.99575 -0.0871252
17.8055 43.1758 -19.6264 0.0269015 -0.995997 -0.0852423
18.7608 43.1594 -19.157 0.0246684 -0.995912 -0.0868933
19.8877 43.1343 -18.5537 0.0240123 -0.995889 -0.0873353
20.8271 43.1059 -17.9892 0.0207182 -0.995852 -0.0885946
21.7025 43.0743 -17.4227 0.0208481 -0.995995 -0.0869362
22.6521 43.0413 -16.8244 0.0202769 -0.996051 -0.0864352
23.4868 43.0134 -16.3222 0.0229795 -0.995539 -0.0915147
24.5587 42.9819 -15.7153 0.0231504 -0.995886 -0.0875086
25.3604 42.9621 -15.2454 0.0227406 -0.996237 -0.0836155
26.1989 42.9472 -14.8558 0.0212343 -0.996252 -0.083852
27.0399 42.939 -14.5214 0.0201064 -0.996634 -0.0793815
28.0411 42.9276 -14.1563 0.0218481 -0.996176 -0.0845888
29.1058 42.9189 -13.7942 0.0193917 -0.996146 -0.0855363
30.0769 42.9118 -13.4563 0.0203581 -0.996755 -0.0778823
31.2389 42.9011 -12.9905 0.0239774 -0.996736 -0.0770841
32.1621 42.8876 -12.5383 0.0225739 -0.996718 -0.0777376
33.1131 42.8671 -11.9949 0.0211153 -0.996996 -0.0745184
33.9888 42.8515 -11.5386 0.0206977 -0.996998 -0.0746074
34.9133 42.8345 -11.0582 0.0223003 -0.997369 -0.0687022
35.7588 42.8213 -10.5762 0.0211968 -0.997592 -0.0660421
36.68 42.8002 -9.96375 0.0208544 -0.997584 -0.0662618
37.4686 42.7775 -9.26636 0.0245728 -0.998198 -0.0547355
38.0974 42.7563 -8.58832 0.0329657 -0.997911 -0.0555616
38.7223 42.7389 -7.90914 0.0325878 -0.9979 -0.0559748
39.3327 42.7207 -7.22796 0.0307958 -0.998133 -0.0526111
39.9495 42.7072 -6.52218 0.0370332 -0.998 -0.0512389
40.6031 42.6939 -5.73231 0.0399134 -0.998061 -0.047767
41.3189 42.6766 -4.83562 0.0378452 -0.997949 -0.0516204
42.0881 42.6628 -3.89889 0.0436782 -0.998013 -0.0451938
42.8199 42.6535 -3.04842 0.0332663 -0.998184 -0.0502153
43.3878 42.6373 -2.25581 0.0412043 -0.998256 -0.0420118
43.9059 42.6201 -1.2216 0.0420286 -0.998487 -0.0354483
44.3002 42.597 -0.0856556 0.0396652 -0.998563 -0.0359271
44.6162 42.5814 0.766922 0.0360462 -0.998863 -0.0311998
44.9463 42.5683 1.6066 0.0367116 -0.998902 -0.0291157
45.3501 42.5551 2.58859 0.0372168 -0.998914 -0.028025
45.6525 42.5443 3.48697 0.0345156 -0.999135 -0.0232141
45.9071 42.5265 4.71389 0.032715 -0.99929 -0.0187004
46.1125 42.505 6.30595 0.0326953 -0.999319 -0.0171302
46.1077 42.4819 7.65729 0.0339827 -0.999267 -0.0176362
46.0974 42.4611 8.87547 0.0331676 -0.999319 -0.0161978
46.1079 42.4465 9.79596 0.0326499 -0.999346 -0.0154811
46.0505 42.4255 11.1279 0.032455 -0.99937 -0.014366
45.9804 42.409 12.129 0.0321714 -0.999385 -0.013914
45.8752 42.3929 13.0741 0.0324393 -0.999389 -0.0130313
45.7573 42.3765 14.1375 0.0345325 -0.99934 -0.0111065
45.6445 42.361 15.0833 0.0360221 -0.999294 -0.0105585
45.5311 42.3468 16.1967 0.0356464 -0.999326 -0.00876225
45.4142 42.3338 17.2583 0.0360441 -0.999319 -0.00784787
45.2199 42.3193 18.2304 0.035855 -0.99933 -0.00729937
44.9489 42.303 19.186 0.0339325 -0.999413 -0.0039247
44.5382 42.2886 20.362 0.038152 -0.999267 0.00301627
44.1053 42.2777 21.4953 0.0361174 -0.999338 0.00435869
43.733 42.2703 22.3276 0.029987 -0.999489 0.0110844
43.2674 42.266 23.2043 0.0301871 -0.999471 0.0120567
42.7032 42.2608 24.1266 0.0354841 -0.999257 0.015065
42.09 42.2579 25.2203 0.0317286 -0.999332 0.017949
41.3899 42.2695 26.5037 0.0338166 -0.999018 0.0285907
40.8579 42.282 27.4803 0.0262173 -0.99911 0.0328476
40.1088 42.2953 28.3916 0.0265939 -0.998999 0.0359784
39.242 42.3054 29.2661 0.0293031 -0.998755 0.0403639
38.3262 42.3237 30.2701 0.0251678 -0.998614 0.0462243
37.4888 42.3516 31.2273 0.0266499 -0.998006 0.0572147
36.6832 42.3742 31.9536 0.0244996 -0.997731 0.0627113
35.7812 42.3928 32.5832 0.023325 -0.997693 0.0637544
34.8862 42.4115 33.1837 0.0244826 -0.997284 0.0693292
33.9424 42.427 33.7591 0.0255428 -0.996962 0.0735449
33.1173 42.4549 34.3344 0.0218824 -0.996258 0.0836178
31.8406 42.4876 35.0826 0.02449 -0.996046 0.0853943
30.9832 42.496 35.4368 0.0245378 -0.995884 0.0872234
30.0228 42.4955 35.6706 0.0206195 -0.99578 0.0894259
29.0012 42.4908 35.8541 0.0198161 -0.995648 0.0910396
28.0156 42.4906 36.1133 0.0222792 -0.996165 0.0846157
26.9144 42.4995 36.5169 0.0232626 -0.996198 0.0839531
26.0472 42.5214 36.9604 0.0272612 -0.994924 0.096867
25.287 42.5512 37.4803 0.0272065 -0.994927 0.0968512
24.3792 42.5864 38.1279 0.0282739 -0.995099 0.0947487
23.1805 42.6137 38.834 0.0332321 -0.995427 0.0895452
22.2669 42.619 39.193 0.0324749 -0.99462 0.0983648
21.078 42.6165 39.5641 0.0287453 -0.995116 0.0942672
19.9507 42.6116 39.9532 0.0378826 -0.994615 0.096472
19.0856 42.611 40.275 0.0350414 -0.994691 0.0967452
17.8171 42.6058 40.7099 0.0384066 -0.995115 0.0909424
16.8378 42.5956 41.0275 0.040763 -0.995045 0.0906883
15.7547 42.5787 41.3165 0.0375387 -0.995509 0.0868523
14.6034 42.559 41.6241 0.0400444 -0.995437 0.086609
13.3414 42.5348 41.93 0.039679 -0.995482 0.086264
12.1668 42.5 42.0901 0.0415022 -0.995527 0.0848698
11.2683 42.4684 42.1672 0.042558 -0.995508 0.0845724
10.1872 42.4353 42.2877 0.0367232 -0.995815 0.0836441
9.27776 42.4126 42.4061 0.0358096 -0.995621 0.0863473
8.02641 42.3736 42.503 0.0389777 -0.995273 0.0889528
7.11809 42.3409 42.5398 0.0406729 -0.995136 0.089727
6.14683 42.3042 42.5555 0.0354944 -0.995256 0.0905835
5.07244 42.2618 42.5086 0.0346909 -0.995229 0.091188
3.68815 42.1922 42.2703 0.034774 -0.995189 0.0915945
2.41705 42.1217 41.9747 0.0323753 -0.995063 0.0938162
1.02726 42.039 41.587 0.0319152 -0.994965 0.0949923
0.0600086 41.9649 41.1266 0.0290787 -0.994641 0.0992182
-0.897115 41.869 40.4133 0.0244813 -0.994787 0.0989965
-1.72332 41.7732 39.6541 0.0383482 -0.994586 0.0965796
-2.39594 41.6839 38.9804 0.0284502 -0.99504 0.0950979
-3.08241 41.5995 38.2542 0.0358507 -0.994913 0.0937315
-3.93916 41.4781 37.3603 0.0467315 -0.995212 0.085791
-4.84841 41.3531 36.4374 0.0369881 -0.995518 0.0867834
-5.64457 41.2737 35.5854 0.0308065 -0.997727 0.0599272
-6.77427 41.1552 34.5848 0.0532163 -0.997314 0.0500407
-7.71807 41.0682 33.9755 0.0570412 -0.997318 0.045281
-8.57061 41.009 33.5528 0.0431234 -0.998217 0.0412757
-9.75658 40.9483 33.1973 0.0346678 -0.998768 0.0355046
-10.7034 40.8989 33.0444 0.0512387 -0.998218 0.0305762
-11.8226 40.832 32.9098 0.0599278 -0.997666 0.0327408
-13.1513 40.7494 32.6979 0.0526406 -0.998187 0.0285545
-14.6056 40.6641 32.5549 0.0624993 -0.9977 0.0262492
-15.7595 40.5904 32.4573 0.0615986 -0.997697 0.0284072
-16.9981 40.509 32.2454 0.0632423 -0.997709 0.0218543
-18.0994 40.4297 32.0147 0.0770752 -0.996785 0.0215039
-19.2013 40.3434 31.8007 0.0787312 -0.996726 0.0179015
-20.2367 40.2593 31.741 0.0828131 -0.996501 0.0103664
-21.4994 40.15 31.8158 0.0928645 -0.995552 0.0144719
-22.5741 40.0462 32.0045 0.100395 -0.994826 0.0154479
-23.8839 39.9049 32.3372 0.117569 -0.992843 0.0209988
-24.957 39.781 32.6662 0.130353 -0.991167 0.0244249
-26.1444 39.6329 33.0477 0.132592 -0.990906 0.0229056
-27.0086 39.5179 33.2863 0.143159 -0.989354 0.0260742
-28.3399 39.3265 33.4999 0.152745 -0.987936 0.0250979
-29.8657 39.0813 33.4521 0.162469 -0.986466 0.0216697
-30.7999 38.9217 33.3575 0.170585 -0.98515 0.0194997
-31.8356 38.7405 33.3538 0.176762 -0.983957 0.0241314
-33.3835 38.4527 33.279 0.186071 -0.982186 0.026218
-34.639 38.2115 33.2215 0.189073 -0.981601 0.0266658
-35.8193 37.9813 33.1603 0.191331 -0.981104 0.0287435
-36.8385 37.7801 33.0565 0.190705 -0.981209 0.0293276
-37.7544 37.5962 32.895 0.19196 -0.980949 0.02983
-38.6902 37.4066 32.6378 0.190947 -0.980808 0.0392775
-39.9017 37.1476 32.1485 0.188674 -0.981123 0.0422583
-40.8415 36.9475 31.5327 0.183552 -0.982277 0.0379489
-41.7123 36.7641 31.001 0.183557 -0.98222 0.0393702
-42.6826 36.5561 30.4176 0.187201 -0.981444 0.0415237
-43.5011 36.384 29.8692 0.168284 -0.984606 0.0470866
-44.6883 36.1348 28.9991 0.165754 -0.984897 0.0498977
-45.4916 35.975 28.4067 0.161863 -0.985777 0.0452079
-46.3026 35.8049 27.6451 0.163654 -0.985405 0.0468381
-47.1048 35.6374 26.7868 0.15685 -0.986622 0.0443483
-47.9843 35.4625 25.8935 0.153725 -0.987273 0.0407545
-48.7603 35.304 25.0656 0.156764 -0.986709 0.0427782
-49.3855 35.1799 24.058 0.135574 -0.990303 0.0303241
-49.7537 35.1064 23.1599 0.140094 -0.989796 0.0253485
-50.0604 35.0349 22.2259 0.145222 -0.989002 0.0280178
-50.3503 34.9604 21.0405 0.134826 -0.990575 0.0209478
-50.6582 34.924 19.9129 0.123662 -0.992304 -0.00635303
-51.0256 34.8867 18.7738 0.122009 -0.992496 -0.00800534
-51.4612 34.8703 17.5471 0.110944 -0.993363 -0.030354
-51.8759 34.8613 16.1925 0.118967 -0.992568 -0.0246313
-52.0941 34.855 15.0738 0.124042 -0.992052 -0.0208157
-52.2719 34.8667 13.9075 0.119931 -0.992327 -0.0300752
-52.3201 34.8982 12.9601 0.119931 -0.991642 -0.0475664
-52.2784 34.9613 11.6662 0.117962 -0.992134 -0.0418919
-52.2357 35.0248 10.6364 0.130073 -0.987923 -0.0841137
-52.1727 35.1258 9.56735 0.130249 -0.98847 -0.0766327
-52.1595 35.2467 8.02737 0.113586 -0.990006 -0.0835829
-52.0326 35.3844 6.77625 0.115099 -0.988563 -0.0974169
-51.7679 35.5225 5.65989 0.121853 -0.987904 -0.0955804
-51.4716 35.6434 4.68097 0.124802 -0.988658 -0.0835402
-51.2074 35.7548 3.73845 0.124339 -0.988958 -0.080631
-51.0062 35.8565 2.79919 0.125628 -0.988694 -0.0818592
-50.7422 35.9921 1.56297 0.127496 -0.988333 -0.0832831
-50.0848 36.1977 0.177451 0.129931 -0.98786 -0.085144
-49.5031 36.3597 -0.700675 0.150424 -0.985206 -0.0821073
-48.9343 36.5088 -1.44711 0.152566 -0.984815 -0.0828153
-48.3738 36.6616 -2.21284 0.154609 -0.984464 -0.0832228
-47.5627 36.8865 -3.33401 0.167394 -0.982757 -0.0782889
-46.9784 37.0474 -4.16818 0.162134 -0.984402 -0.0679358
-46.0964 37.2662 -5.36297 0.150808 -0.986475 -0.0639473
-45.4483 37.4025 -6.02208 0.150446 -0.986863 -0.0586927
-44.7387 37.5486 -6.60476 0.1557 -0.985969 -0.0601945
-43.6813 37.7552 -7.301 0.152213 -0.986641 -0.0580588
-42.864 37.9157 -7.78211 0.16477 -0.985296 -0.0449127
-42.0447 38.069 -8.2093 0.163419 -0.98574 -0.0401446
-41.0652 38.2499 -8.62231 0.163404 -0.986085 -0.0305733
-40.1931 38.4035 -8.90342 0.165893 -0.985671 -0.03054
-39.1752 38.5849 -9.22839 0.164378 -0.986026 -0.0267536
-38.2541 38.7449 -9.51702 0.168183 -0.985614 -0.0167332
-37.1161 38.9442 -9.89623 0.165444 -0.986081 -0.016488
-36.2079 39.0944 -10.1668 0.159145 -0.98723 -0.00709691
-34.7077 39.334 -10.5824 0.154522 -0.987983 -0.00365692
-33.4615 39.5246 -11.0152 0.145249 -0.989395 0.000947863
-32.5638 39.6546 -11.3774 0.141483 -0.989937 0.00275549
-31.2903 39.8335 -11.8057 0.136494 -0.990621 0.00537954
-30.1261 39.989 -12.0371 0.132956 -0.991107 0.00548081
-29.1286 40.1166 -12.1583 0.123952 -0.992261 0.0072027
-28.2033 40.2327 -12.1969 0.120185 -0.992695 0.00941501
-27.1662 40.3542 -12.1408 0.11234 -0.993568 0.0133822
-26.261 40.4536 -12.067 0.108545 -0.993968 0.0156429
-25.3437 40.5507 -12.0425 0.101287 -0.994715 0.0168378
-24.4124 40.6459 -12.0896 0.100424 -0.994924 0.00412716
-23.1192 40.7718 -12.2082 0.0978187 -0.995177 0.00739589
-21.85 40.8837 -12.4096 0.0913905 -0.995788 0.00229084
-20.6007 40.9968 -12.6382 0.0861458 -0.996273 -0.00226534
-19.5833 41.0851 -12.8439 0.0873888 -0.996118 -0.0105445
-18.6498 41.1635 -13.0258 0.0794485 -0.996788 -0.010036
-17.204 41.2804 -13.3345 0.0718745 -0.996998 -0.0287816
-16.1067 41.367 -13.5745 0.0729761 -0.996803 -0.0320702
-14.942 41.4604 -13.797 0.0618773 -0.997525 -0.0306056
-13.9604 41.5234 -13.9602 0.0592578 -0.997289 -0.0436164
-13.0337 41.5807 -14.1435 0.0497709 -0.997748 -0.0449591
-12.1074 41.6449 -14.3111 0.0550591 -0.996593 -0.0614102
-11.2017 41.7094 -14.4881 0.0588721 -0.997239 -0.044471
-10.0457 41.7954 -14.8349 0.0581467 -0.996722 -0.0562405
-9.10618 41.869 -15.1549 0.0531298 -0.996943 -0.0572894
-8.00239 41.9651 -15.8022 0.0463959 -0.997053 -0.0606351
-7.26872 42.0475 -16.4881 0.0392446 -0.996022 -0.0799968
-6.64406 42.1399 -17.2578 0.04778 -0.994907 -0.0887492
-6.07718 42.2352 -18.047 0.0389425 -0.994421 -0.0975109
-5.5375 42.3372 -18.8051 0.0344874 -0.993884 -0.10485
-4.92954 42.4305 -19.5209 0.0310571 -0.993826 -0.106431
-4.2907 42.5332 -20.2553 0.0320393 -0.993118 -0.112653
-3.47631 42.65 -21.0681 0.030901 -0.993501 -0.10955
-2.61956 42.7516 -21.729 0.0334628 -0.993204 -0.111477
-1.42235 42.8417 -22.224 0.0270663 -0.994055 -0.105458
-0.503642 42.8827 -22.3649 0.0294057 -0.994258 -0.102859
0.711731 42.9328 -22.5264 0.0281646 -0.994489 -0.100989
2.22467 42.9851 -22.6222 0.0280038 -0.994568 -0.100254
3.52677 43.0252 -22.6541 0.0291241 -0.994879 -0.0967822
4.63507 43.0593 -22.6493 0.0312497 -0.994905 -0.0958537
5.61366 43.0889 -22.6378 0.0316859 -0.994947 -0.0952721
6.86058 43.1221 -22.5638 0.032094 -0.99499 -0.094681
7.904 43.1413 -22.428 0.0276919 -0.995277 -0.093043
8.81904 43.1497 -22.2448 0.0277371 -0.995277 -0.0930245
9.94382 43.1562 -21.9825 0.0265094 -0.995381 -0.0922666
11.0347 43.1577 -21.6958 0.0266844 -0.995176 -0.0944057
11.9413 43.1599 -21.4541 0.0279448 -0.995205 -0.0937287
12.8224 43.1641 -21.2066 0.0317462 -0.995147 -0.0931408
14.2943 43.1689 -20.7426 0.0325743 -0.995526 -0.0886974
15.3793 43.1726 -20.3917 0.0303536 -0.995584 -0.0888305
16.1127 43.1773 -20.197 0.029998 -0.995561 -0.0892155
16.4753 43.264 -21.0424 0.0287644 -0.995638 -0.0887447
15.3167 43.2589 -21.3847 0.0307075 -0.995607 -0.0884472
14.4508 43.2571 -21.6756 0.0319764 -0.995481 -0.0894058
13.3818 43.2552 -22.0268 0.0307022 -0.995463 -0.090052
12.3397 43.2495 -22.2964 0.0281038 -0.995327 -0.0923766
11.4135 43.2464 -22.5338 0.0265226 -0.995378 -0.0923037
10.3142 43.2458 -22.8419 0.0265108 -0.995381 -0.0922711
9.03667 43.2412 -23.1597 0.0272865 -0.995308 -0.0928272
7.89274 43.2289 -23.3713 0.0277171 -0.995361 -0.0921367
6.95899 43.2112 -23.4762 0.0308515 -0.995272 -0.092087
5.51145 43.1753 -23.5754 0.030099 -0.995132 -0.0938385
3.967 43.1303 -23.594 0.0299511 -0.99482 -0.0971385
2.89706 43.0969 -23.5783 0.0270693 -0.994888 -0.0972771
1.7302 43.0627 -23.5386 0.0268896 -0.994752 -0.098715
0.692284 43.0287 -23.4763 0.0259118 -0.99458 -0.100697
-0.225167 42.9922 -23.3636 0.0276908 -0.994472 -0.101285
-1.3313 42.9485 -23.2137 0.0233341 -0.994658 -0.100557
-2.26239 42.9022 -23.0111 0.0282031 -0.994018 -0.105516
-3.21619 42.8179 -22.5067 0.0298632 -0.993337 -0.111239
-3.98933 42.7308 -21.9216 0.028379 -0.993035 -0.114351
-4.71897 42.6317 -21.2396 0.0261443 -0.992751 -0.117266
-5.49252 42.5047 -20.3404 0.0307026 -0.993281 -0.111571
-6.25342 42.3812 -19.4392 0.0336073 -0.992928 -0.113777
-6.87667 42.2557 -18.5215 0.0386332 -0.993524 -0.106855
-7.46962 42.1392 -17.6951 0.0448544 -0.993965 -0.0994793
-8.43749 42.0024 -16.6185 0.0554906 -0.995433 -0.0776752
-9.49037 41.8954 -15.964 0.0474914 -0.995745 -0.0786979
-10.4131 41.832 -15.6481 0.0506383 -0.996282 -0.0694546
-11.4387 41.7554 -15.3775 0.0547111 -0.995852 -0.072703
-12.3412 41.6891 -15.1909 0.0606495 -0.995497 -0.0727867
-13.4328 41.6101 -14.9803 0.0638792 -0.995784 -0.0655083
-14.6356 41.5255 -14.7851 0.0556053 -0.997069 -0.052544
-16.016 41.4098 -14.5476 0.0757137 -0.996483 -0.0355969
-16.9462 41.3289 -14.3738 0.0760374 -0.996598 -0.0314058
-18.1108 41.2272 -14.0767 0.0882579 -0.995861 -0.0217278
-19.3093 41.1199 -13.8177 0.0837909 -0.996261 -0.021024
-20.4118 41.0226 -13.6217 0.0850533 -0.996271 -0.0144631
-21.2917 40.9382 -13.4478 0.0955493 -0.995303 -0.0155857
-22.3377 40.8412 -13.2539 0.0938794 -0.995575 -0.00419453
-23.5692 40.7225 -13.0799 0.0978712 -0.995178 -0.00152586
-25.1529 40.564 -12.9727 0.103904 -0.994583 0.00184201
-26.4121 40.4271 -13.0131 0.110425 -0.993862 0.00498293
-27.3512 40.3232 -13.0868 0.115954 -0.99321 0.00940196
-28.3579 40.206 -13.1364 0.118606 -0.99291 0.00671471
-29.6483 40.0466 -13.0759 0.127788 -0.991771 0.0060771
-30.7394 39.9017 -12.9039 0.131644 -0.991286 0.00412389
-31.9042 39.7439 -12.6204 0.136497 -0.990639 -0.00147265
-32.9625 39.5956 -12.2079 0.142733 -0.98976 -0.00122966
-33.7929 39.4754 -11.8499 0.142712 -0.989764 -0.00120038
-34.9734 39.2977 -11.4531 0.153379 -0.988129 -0.00867958
-35.8702 39.1563 -11.2058 0.151591 -0.988399 -0.00914721
-37.0696 38.9637 -10.8799 0.156791 -0.987488 -0.0168351
-38.2411 38.7683 -10.4998 0.161877 -0.986605 -0.0199232
-39.138 38.6137 -10.2003 0.162655 -0.986417 -0.022926
-40.0776 38.452 -9.91909 0.162339 -0.986454 -0.0235499
-41.0163 38.2901 -9.63122 0.162205 -0.986218 -0.0326213
-42.2994 38.0664 -9.13982 0.158717 -0.986573 -0.0381045
-43.1101 37.9163 -8.74689 0.161754 -0.985904 -0.0427736
-43.906 37.7717 -8.26372 0.154225 -0.986903 -0.0472918
-44.6684 37.6304 -7.80074 0.150734 -0.987417 -0.0476842
-45.6197 37.4462 -7.13837 0.149953 -0.986674 -0.063157
-46.6497 37.2341 -6.17541 0.146003 -0.987407 -0.0609075
-47.3137 37.076 -5.32713 0.140619 -0.987299 -0.0739338
-47.8307 36.9414 -4.5625 0.146275 -0.985818 -0.0821709
-48.3799 36.7914 -3.77388 0.144574 -0.985801 -0.0854041
-49.0264 36.6188 -2.89137 0.144084 -0.985497 -0.0896404
-49.73 36.4294 -1.94849 0.140902 -0.985365 -0.0959306
-50.2897 36.2827 -1.21871 0.14427 -0.986178 -0.0812326
-50.8147 36.1436 -0.411885 0.138115 -0.987151 -0.0803589
-51.555 35.9393 0.947036 0.131994 -0.988017 -0.0797485
-51.889 35.7626 2.57797 0.125819 -0.988698 -0.0815166
-52.1184 35.6533 3.60154 0.114309 -0.990311 -0.0788511
-52.3944 35.5443 4.55847 0.113889 -0.990115 -0.0818418
-52.6841 35.4321 5.47379 0.11651 -0.988971 -0.091441
-52.9095 35.3189 6.40334 0.111316 -0.988808 -0.0992175
-53.0712 35.181 7.60884 0.109446 -0.988252 -0.106363
-53.1093 35.072 8.73673 0.129361 -0.987999 -0.0844047
-53.1267 34.9651 9.98851 0.124529 -0.988645 -0.0841076
-53.1859 34.8711 11.2702 0.116849 -0.992223 -0.0429037
-53.2276 34.8219 12.2799 0.114993 -0.992187 -0.0483289
-53.2443 34.7775 13.1828 0.11675 -0.992066 -0.04662
-53.1412 34.7568 14.5571 0.100911 -0.994592 -0.0245657
-52.8839 34.7528 15.9455 0.102851 -0.994509 -0.0193151
-52.6412 34.7547 16.9157 0.107279 -0.993909 -0.0252355
-52.3381 34.7635 17.8552 0.105325 -0.994005 -0.0290741
-51.9697 34.7712 18.8555 0.116444 -0.9929 -0.0206073
-51.6391 34.7996 19.8547 0.131033 -0.991301 -0.00758389
-51.3434 34.8353 21.0028 0.122696 -0.992381 0.00597103
-51.1219 34.8776 21.95 0.120972 -0.992469 0.0186317
-50.7125 34.9771 23.3922 0.134792 -0.990296 0.0338238
-50.2114 35.0823 24.5086 0.121677 -0.992127 0.0296521
-49.7073 35.1805 25.3733 0.13967 -0.988847 0.0517122
-49.0161 35.3209 26.1715 0.141926 -0.988489 0.0524037
-48.1119 35.4955 27.062 0.151145 -0.987451 0.045773
-47.5081 35.6187 27.7374 0.152761 -0.987205 0.0456851
-46.8867 35.7491 28.4107 0.155714 -0.986604 0.0486318
-46.183 35.8933 29.0745 0.15618 -0.986379 0.0515702
-45.4105 36.0471 29.6252 0.162101 -0.985559 0.0489634
-44.5828 36.2153 30.2073 0.168287 -0.984605 0.0470852
-43.6886 36.3964 30.8724 0.171193 -0.984187 0.0452677
-42.5788 36.6269 31.559 0.175166 -0.983461 0.0460646
-41.778 36.7922 32.0175 0.177237 -0.983104 0.0457555
-40.5709 37.0513 32.8411 0.182801 -0.982111 0.0451961
-39.3385 37.3127 33.4895 0.189484 -0.981219 0.0361265
-38.3964 37.5034 33.7523 0.186882 -0.981739 0.0355509
-37.2627 37.7264 33.9588 0.185024 -0.982137 0.0342308
-35.933 37.9857 34.0762 0.190497 -0.981294 0.0278173
-34.4356 38.2765 34.1864 0.187843 -0.981857 0.0259076
-33.4674 38.4614 34.2199 0.186084 -0.982238 0.0240746
-32.5175 38.6379 34.2379 0.177966 -0.983779 0.0224957
-31.4097 38.8357 34.2578 0.169327 -0.985306 0.0223777
-30.3147 39.0264 34.3209 0.165663 -0.98574 0.0295535
-29.2 39.2178 34.4665 0.161 -0.986438 0.0315697
-27.8514 39.4295 34.4086 0.151003 -0.987862 0.0360179
-26.9198 39.5605 34.229 0.141919 -0.98919 0.0365525
-25.835 39.6975 33.933 0.133404 -0.9904 0.0362072
-24.3096 39.877 33.4342 0.123326 -0.991819 0.0329494
-23.3756 39.9818 33.1429 0.106677 -0.993802 0.0312482
-21.8756 40.1302 32.7939 0.100496 -0.994446 0.0307639
-20.8187 40.2254 32.657 0.0934461 -0.995126 0.031486
-19.7458 40.315 32.6599 0.0769314 -0.996609 0.0291823
-18.2807 40.4376 32.9222 0.0796601 -0.996516 0.0246841
-17.0828 40.5317 33.1552 0.058436 -0.997816 0.0307775
-15.6494 40.6241 33.4043 0.0602399 -0.997737 0.0297874
-14.505 40.6996 33.4749 0.063595 -0.997269 0.0375511
-13.5061 40.7604 33.5781 0.0541227 -0.997929 0.034753
-12.4072 40.8285 33.7744 0.0591721 -0.997467 0.0392574
-11.4428 40.8933 33.9182 0.0540812 -0.997641 0.0417564
-10.3125 40.9512 34.0158 0.049946 -0.998073 0.0365485
-9.42124 40.9996 34.2155 0.0448878 -0.997453 0.0539361
-8.33492 41.081 34.6726 0.0453651 -0.99678 0.0660968
-7.46212 41.1565 35.2332 0.0453982 -0.996459 0.0705771
-6.67522 41.2449 35.8986 0.0482469 -0.99593 0.076131
-5.77642 41.3532 36.7889 0.0313701 -0.996043 0.0831563
-5.0002 41.4514 37.5903 0.0421823 -0.994416 0.0965376
-4.34297 41.5484 38.2689 0.0388687 -0.994158 0.100698
-3.72337 41.6393 38.9266 0.0386142 -0.993585 0.106146
-2.844 41.7639 39.8869 0.0279086 -0.99445 0.10144
-1.91919 41.8799 40.7605 0.0243865 -0.994473 0.102058
-1.22713 41.9561 41.3697 0.0214952 -0.994633 0.101208
-0.313844 42.0432 42.0142 0.0223279 -0.994568 0.101659
0.729515 42.1156 42.4779 0.0291947 -0.995005 0.0954457
1.78577 42.1777 42.7792 0.0295319 -0.994645 0.0990346
2.85509 42.2367 43.0331 0.0323325 -0.994796 0.0966154
4.06623 42.2987 43.28 0.0306877 -0.99492 0.0958785
5.00047 42.3421 43.412 0.0346909 -0.995229 0.0911881
6.47481 42.4009 43.4825 0.0362247 -0.995002 0.0930553
7.61626 42.4432 43.4591 0.0394665 -0.99505 0.0912023
8.85537 42.4839 43.3856 0.0357458 -0.99499 0.0933663
10.1669 42.5209 43.2498 0.0402624 -0.994925 0.0922141
11.4781 42.5598 43.1066 0.0389746 -0.99496 0.0923851
12.8078 42.6022 42.9624 0.0438813 -0.995221 0.0872304
14.0577 42.6326 42.7156 0.0394148 -0.995286 0.0886123
15.3162 42.6587 42.4178 0.0448747 -0.994764 0.0918192
16.5254 42.6864 42.1143 0.0442915 -0.994538 0.0944428
17.4328 42.6959 41.8216 0.0429067 -0.994321 0.0973808
18.6103 42.7051 41.411 0.0411668 -0.994053 0.100817
19.5332 42.7091 41.0876 0.0380948 -0.99393 0.103212
20.527 42.7107 40.7554 0.0345687 -0.994451 0.0992601
21.404 42.7152 40.4721 0.0336224 -0.994816 0.0959721
22.4315 42.7149 40.1085 0.0331966 -0.994719 0.0971159
23.6842 42.7034 39.6066 0.0314593 -0.994913 0.0956574
24.6455 42.688 39.0633 0.0393069 -0.994569 0.0963745
25.5811 42.6514 38.416 0.0324669 -0.994179 0.102718
26.4198 42.6166 37.8323 0.0273189 -0.994921 0.0968849
27.5187 42.585 37.2272 0.0233939 -0.994639 0.100729
28.375 42.5744 36.932 0.0246359 -0.995068 0.0959388
29.3502 42.5784 36.7243 0.0190126 -0.995517 0.0926535
30.4401 42.5842 36.5628 0.0198193 -0.995648 0.0910417
31.3881 42.5846 36.31 0.026315 -0.995168 0.094593
32.6051 42.5615 35.7214 0.0257668 -0.995728 0.0886699
33.557 42.5328 35.1508 0.020224 -0.996047 0.0864191
34.3763 42.5057 34.6162 0.0194082 -0.996283 0.0838968
35.3313 42.4788 34.0517 0.0223735 -0.997553 0.0662334
36.3153 42.4559 33.3551 0.0236813 -0.997555 0.0657512
37.0615 42.4393 32.8333 0.0243516 -0.997574 0.0652133
37.9718 42.4137 32.0862 0.0253736 -0.997875 0.0599393
38.7675 42.3854 31.1989 0.0281399 -0.997984 0.0568854
39.833 42.3554 30.0393 0.0283507 -0.99821 0.0526532
40.5628 42.3446 29.3035 0.0270443 -0.998738 0.0423302
41.3126 42.3309 28.4488 0.0325885 -0.998648 0.0404541
42.0207 42.3143 27.3344 0.0365248 -0.998773 0.0334317
42.4361 42.3041 26.4974 0.0329122 -0.999012 0.0298571
43.1311 42.2965 25.2834 0.0368378 -0.999119 0.0201054
43.6007 42.2943 24.4408 0.032312 -0.999227 0.022385
44.1011 42.2962 23.5769 0.0303807 -0.999454 0.0130273
44.7189 42.3059 22.4262 0.0404182 -0.999143 0.00888785
45.2377 42.3179 21.1216 0.0380677 -0.999269 0.00351398
45.605 42.3287 20.0948 0.0380298 -0.999273 0.00260376
46.026 42.3451 18.8866 0.0397738 -0.999202 -0.00354768
46.3267 42.3637 17.675 0.0369066 -0.999287 -0.00801403
46.4635 42.3778 16.363 0.034796 -0.999362 -0.00770239
46.5727 42.3922 15.2795 0.0344362 -0.999356 -0.0100423
46.6905 42.4061 14.2611 0.0330627 -0.999402 -0.0101274
46.7992 42.4216 13.2188 0.0334714 -0.999353 -0.0131523
46.8909 42.4375 12.2722 0.0339917 -0.999331 -0.0135218
46.9959 42.4568 11.1011 0.0334389 -0.999347 -0.0136706
47.0659 42.4789 9.722 0.0326446 -0.999347 -0.0154807
47.0308 42.4999 8.40647 0.0334915 -0.999286 -0.0175044
47.0877 42.5253 7.08768 0.0338943 -0.999283 -0.016849
47.0316 42.5447 5.79426 0.0359002 -0.999199 -0.0176629
46.8486 42.5587 4.71414 0.0351897 -0.999198 -0.0191198
46.5872 42.5819 3.30009 0.0361823 -0.999068 -0.0235245
46.1881 42.5972 2.17786 0.0350846 -0.999 -0.0277141
45.7024 42.6135 1.04262 0.03843 -0.9988 -0.0303649
45.2498 42.637 -0.206957 0.0376656 -0.998676 -0.0349719
44.9466 42.6593 -1.11612 0.037931 -0.998573 -0.037578
44.5869 42.6803 -2.03004 0.0469882 -0.998066 -0.0406957
44.116 42.6973 -2.87817 0.0438248 -0.99796 -0.0464024
43.494 42.7136 -3.71313 0.0398827 -0.997897 -0.0510985
42.9161 42.7265 -4.4319 0.0428646 -0.997842 -0.049706
42.2893 42.7357 -5.17945 0.0444439 -0.997756 -0.0500758
41.3641 42.7551 -6.33088 0.0452407 -0.997376 -0.0565207
40.5458 42.7717 -7.29298 0.0425062 -0.997555 -0.0553696
39.8972 42.7872 -8.02279 0.0382561 -0.997671 -0.0564674
39.2079 42.8046 -8.79768 0.0354233 -0.997785 -0.056226
38.5082 42.825 -9.52867 0.0351867 -0.997488 -0.0614849
37.7527 42.8431 -10.2948 0.0315092 -0.997783 -0.0583134
36.9423 42.8689 -10.9205 0.0179723 -0.997501 -0.0683226
35.9683 42.8921 -11.5483 0.0221804 -0.99732 -0.0697227
35.1643 42.9083 -11.9794 0.020208 -0.997032 -0.0742841
33.799 42.9333 -12.6705 0.0203806 -0.996905 -0.0759177
32.6588 42.959 -13.3234 0.0207811 -0.99683 -0.0767945
31.5594 42.9784 -13.856 0.0226842 -0.996369 -0.082067
30.689 42.9861 -14.1918 0.0228176 -0.996349 -0.0822689
29.6391 42.9961 -14.5698 0.0199322 -0.996106 -0.0858832
28.2171 43.0096 -15.0736 0.0219347 -0.99607 -0.0858111
27.0251 43.0234 -15.5224 0.0218891 -0.995849 -0.0883161
25.7424 43.044 -16.1031 0.0235063 -0.995678 -0.0898429
24.9428 43.0666 -16.5422 0.0217951 -0.995576 -0.0913949
23.8557 43.0987 -17.1566 0.0230028 -0.995545 -0.0914356
23.0466 43.1236 -17.6322 0.0230253 -0.995552 -0.0913589
22.128 43.155 -18.2165 0.0243239 -0.995711 -0.0892681
21.1923 43.1913 -18.8572 0.0220308 -0.995879 -0.0879622
20.3478 43.217 -19.3758 0.0234017 -0.995961 -0.0866839
19.3151 43.241 -19.9385 0.0242937 -0.995978 -0.0862431
18.5023 43.255 -20.3319 0.0242794 -0.996011 -0.0858677
17.5092 43.2645 -20.7266 0.0273778 -0.995707 -0.0884194
16.862 43.2645 -20.9276 0.0275314 -0.995715 -0.0882804
17.1953 43.347 -21.7717 0.0267963 -0.995914 -0.0862399
18.0805 43.3446 -21.4881 0.0241382 -0.995987 -0.0861782
19.3924 43.3282 -20.9293 0.0240972 -0.996041 -0.0855624
20.4702 43.3052 -20.3548 0.0240364 -0.99596 -0.086512
21.5939 43.2753 -19.7157 0.0230729 -0.995941 -0.0869979
22.4338 43.2416 -19.1095 0.0228008 -0.995962 -0.0868325
23.3905 43.2108 -18.4975 0.0236459 -0.995764 -0.0888181
24.3854 43.1798 -17.9103 0.022092 -0.995603 -0.0910307
25.5999 43.1427 -17.219 0.0221858 -0.995596 -0.0910852
26.7463 43.1179 -16.6598 0.0235007 -0.995678 -0.0898428
28.1509 43.0939 -16.0691 0.0207773 -0.996 -0.0868907
29.2218 43.0872 -15.7007 0.0238975 -0.995927 -0.0869407
30.2195 43.0754 -15.3274 0.0195837 -0.99585 -0.08887
31.3427 43.0617 -14.9173 0.0218456 -0.996004 -0.0865923
32.2925 43.0525 -14.5572 0.0213936 -0.996392 -0.0821258
33.6454 43.0185 -13.8174 0.0180768 -0.996533 -0.0812054
34.5276 42.9969 -13.3217 0.0197533 -0.996837 -0.0769734
35.89 42.9725 -12.6585 0.0189401 -0.996982 -0.0752818
37.1913 42.9391 -11.8686 0.0173589 -0.997449 -0.0692469
38.3732 42.9074 -10.9306 0.0376086 -0.997157 -0.0652951
39.0541 42.8911 -10.2866 0.0362404 -0.997506 -0.0605524
39.6985 42.8749 -9.63922 0.0369712 -0.997405 -0.0617723
40.4234 42.8554 -8.84816 0.0418569 -0.997409 -0.0584502
41.1602 42.8423 -8.04908 0.0462751 -0.99734 -0.0563231
41.7902 42.8311 -7.33228 0.0455547 -0.99739 -0.0560079
42.4526 42.8156 -6.51995 0.0460071 -0.997344 -0.0564625
43.0235 42.803 -5.8084 0.0463566 -0.997396 -0.0552408
43.6448 42.7881 -5.05025 0.0443136 -0.997366 -0.057418
44.4069 42.7731 -4.12594 0.0462729 -0.997616 -0.0511886
45.1152 42.7521 -3.05175 0.0472558 -0.997664 -0.0493341
45.5603 42.7271 -2.14717 0.0389649 -0.998194 -0.0456784
45.9889 42.6948 -0.990588 0.0385845 -0.998527 -0.0381503
46.2879 42.6721 -0.0550136 0.0392953 -0.998659 -0.033719
46.5949 42.6544 0.816193 0.0356485 -0.998786 -0.0339385
47.1287 42.6357 1.99639 0.0362946 -0.998852 -0.0312331
47.4516 42.6239 2.8833 0.0350985 -0.999065 -0.0252403
47.6637 42.605 3.95499 0.0339175 -0.999159 -0.023022
47.8255 42.5878 5.00659 0.0360866 -0.999178 -0.0184523
48.0011 42.5775 5.90683 0.035906 -0.999199 -0.0176652
48.065 42.5591 7.10961 0.0353123 -0.999227 -0.0172729
47.9837 42.5365 8.14613 0.0344622 -0.999234 -0.0185165
47.9895 42.5205 9.1017 0.0356371 -0.999239 -0.0158351
48.0215 42.5069 10.0498 0.0354951 -0.999257 -0.0150366
47.944 42.488 11.1388 0.033433 -0.999347 -0.0136677
47.8336 42.4709 12.2011 0.0346437 -0.999324 -0.0122998
47.7566 42.4557 13.1459 0.0351212 -0.999293 -0.0134114
47.6432 42.4398 14.1868 0.0350808 -0.999342 -0.00919121
47.4812 42.4214 15.509 0.0347146 -0.999344 -0.0102947
47.3648 42.4073 16.8006 0.0354771 -0.999355 -0.00562152
47.224 42.395 18.2 0.0394543 -0.999213 -0.00410594
46.9102 42.3789 19.1864 0.0390384 -0.999232 -0.00335642
46.5729 42.3652 20.1026 0.0372787 -0.999302 0.00230271
46.2616 42.3561 21.0062 0.0372606 -0.9993 0.00338034
45.9537 42.3474 21.8828 0.0370258 -0.999283 0.00695395
45.5207 42.3423 22.8804 0.0384106 -0.999212 0.00978727
44.918 42.3326 23.9655 0.0390379 -0.999129 0.0147004
44.3434 42.3307 24.994 0.0349421 -0.999156 0.0213964
43.9046 42.3343 25.8216 0.0343455 -0.999144 0.0229484
43.3938 42.3422 26.6995 0.0344565 -0.998894 0.0319883
42.8475 42.3562 27.6714 0.0352423 -0.998774 0.0346782
42.3969 42.3699 28.5085 0.0346278 -0.998509 0.0422051
41.6506 42.3873 29.5005 0.0323288 -0.998562 0.0427666
40.8909 42.4001 30.3409 0.0277111 -0.998389 0.0494427
39.7664 42.4287 31.4707 0.0253973 -0.998261 0.0531392
38.836 42.464 32.5198 0.0290767 -0.99784 0.0589107
38.1173 42.4897 33.2067 0.0250134 -0.997594 0.0646517
37.3731 42.508 33.76 0.024841 -0.997315 0.068896
36.5511 42.5261 34.2931 0.0236935 -0.996967 0.0740979
35.3086 42.5649 35.1224 0.0164054 -0.996312 0.084223
34.085 42.6114 35.9091 0.0191689 -0.995776 0.0897926
33.257 42.6389 36.4017 0.0245339 -0.995476 0.091731
32.031 42.6748 37.0801 0.0248076 -0.995197 0.0946871
30.8503 42.6855 37.4404 0.0212804 -0.994186 0.105556
29.8734 42.6754 37.5625 0.0248057 -0.994098 0.105614
28.7114 42.6694 37.7702 0.0251933 -0.993866 0.107681
27.8439 42.6779 38.0515 0.0239059 -0.993552 0.110776
26.9779 42.7074 38.5463 0.0285942 -0.993832 0.10715
25.8358 42.7573 39.351 0.0339254 -0.994061 0.103398
24.6587 42.799 40.1413 0.0378051 -0.993714 0.105368
23.764 42.8142 40.5992 0.035001 -0.993506 0.108244
22.8681 42.8225 40.9787 0.0357583 -0.993698 0.106232
21.7394 42.818 41.3723 0.0397532 -0.993349 0.108019
20.7616 42.8111 41.6388 0.0364705 -0.993156 0.110954
19.4711 42.8072 42.0733 0.0425993 -0.993263 0.10777
18.0616 42.798 42.5771 0.0453585 -0.993778 0.10172
16.9088 42.7847 42.9859 0.0479638 -0.994398 0.0941546
16.0241 42.7652 43.2258 0.0458135 -0.994729 0.0917261
14.9464 42.7371 43.4487 0.044938 -0.994771 0.0917149
13.8343 42.7139 43.7188 0.0429357 -0.994825 0.0920851
12.5777 42.6827 43.9352 0.0409163 -0.994639 0.0949655
11.6742 42.6549 44.0334 0.040961 -0.994639 0.0949517
10.0335 42.6057 44.2066 0.0387377 -0.994787 0.0943351
9.07385 42.5767 44.2916 0.0373801 -0.995039 0.0921689
7.68556 42.5319 44.3961 0.0392419 -0.99507 0.0910841
6.59481 42.4931 44.4181 0.0367917 -0.994963 0.0932484
5.5664 42.4523 44.3815 0.0345692 -0.994978 0.0939238
4.53754 42.4087 44.2779 0.0302645 -0.995112 0.0939984
3.60985 42.3675 44.1408 0.0309436 -0.995053 0.0943958
2.45243 42.3059 43.881 0.0318977 -0.994849 0.0962168
1.23051 42.2432 43.6022 0.0295316 -0.994645 0.099035
0.067635 42.1751 43.2283 0.0238499 -0.994544 0.101554
-1.18492 42.0806 42.5711 0.0223338 -0.994569 0.101655
-2.36336 41.9534 41.5846 0.0214964 -0.994632 0.101211
-3.25917 41.8536 40.8169 0.0174011 -0.993958 0.108377
-3.88945 41.7641 40.1531 0.0246442 -0.993796 0.108318
-4.57586 41.6543 39.3535 0.0383681 -0.993013 0.111596
-5.47638 41.5238 38.4556 0.0317706 -0.993741 0.107092
-6.13058 41.4285 37.7574 0.0296713 -0.993984 0.10543
-6.88467 41.3258 36.9732 0.0518439 -0.994267 0.0935176
-7.91249 41.1955 36.0259 0.0467233 -0.996046 0.0755592
-8.66906 41.1224 35.5257 0.0453639 -0.996781 0.066091
-9.7534 41.0378 35.0782 0.0529615 -0.996751 0.0606855
-10.8639 40.9663 34.8997 0.0550242 -0.996601 0.0613106
-12.34 40.8777 34.7484 0.0542943 -0.997214 0.0511541
-13.7365 40.7838 34.4662 0.0588032 -0.996915 0.0519934
-15.2034 40.6948 34.3766 0.0558469 -0.99733 0.0470534
-16.5468 40.6092 34.2042 0.0602949 -0.997074 0.046973
-17.9504 40.5023 33.9255 0.0755743 -0.996001 0.0476553
-18.9951 40.4145 33.6956 0.0785455 -0.996014 0.0419477
-20.3308 40.2955 33.5345 0.0803507 -0.996119 0.0352358
-21.3315 40.2063 33.6138 0.0951395 -0.995036 0.0291692
-22.4338 40.1049 33.8414 0.106676 -0.993802 0.0312505
-23.665 39.9824 34.1957 0.115412 -0.992784 0.0315399
-24.7669 39.8615 34.5768 0.121008 -0.991934 0.037746
-25.6519 39.7562 34.8493 0.134312 -0.990246 0.037054
-26.7018 39.6236 35.133 0.1407 -0.988963 0.0464271
-27.9792 39.4437 35.3832 0.156294 -0.986706 0.0445281
-29.4537 39.2035 35.3937 0.165286 -0.985447 0.0396721
-30.337 39.0497 35.2229 0.169241 -0.985158 0.0284076
-31.2815 38.8828 35.1765 0.172557 -0.984605 0.0278738
-32.2358 38.7108 35.1675 0.181163 -0.983068 0.0275182
-33.7367 38.4318 35.1374 0.184811 -0.982472 0.0242865
-34.8651 38.2193 35.0997 0.186303 -0.98211 0.0272828
-36.1594 37.9675 34.9868 0.18474 -0.982303 0.0305578
-37.4341 37.7263 34.8819 0.185026 -0.982137 0.0342245
-38.82 37.4541 34.6068 0.182806 -0.982326 0.0401667
-40.1994 37.1771 34.157 0.182375 -0.982381 0.0408007
-40.9819 37.0139 33.6909 0.181829 -0.982395 0.0427922
-41.7911 36.8397 33.0956 0.17682 -0.983217 0.0449397
-42.7473 36.6416 32.5186 0.174961 -0.98351 0.0457898
-43.7474 36.4377 31.9654 0.170486 -0.984231 0.0468907
-44.9705 36.1909 31.0968 0.165037 -0.985189 0.0465377
-45.752 36.0367 30.505 0.158649 -0.986282 0.0455967
-46.8571 35.8234 29.7611 0.154296 -0.986709 0.0509711
-47.6173 35.6664 29.0247 0.148393 -0.987598 0.0509242
-48.2042 35.5455 28.3206 0.144018 -0.988092 0.0541513
-49.0142 35.3822 27.4527 0.137616 -0.989164 0.0510834
-50.0044 35.1988 26.4761 0.134644 -0.989557 0.0513449
-50.6594 35.0672 25.6089 0.116777 -0.992116 0.0454917
-51.1804 34.9694 24.7091 0.126834 -0.991244 0.0358177
-51.7483 34.8444 23.4173 0.111 -0.993008 0.0400662
-52.0057 34.7828 22.3911 0.118 -0.992723 0.0239504
-52.2845 34.7247 21.2011 0.113402 -0.993359 0.0193928
-52.5488 34.6783 19.9915 0.131033 -0.991301 -0.00758392
-52.9088 34.6689 18.9464 0.103144 -0.994121 -0.0329441
-53.2607 34.6591 18.0271 0.107631 -0.993854 -0.0258944
-53.5541 34.6517 17.0939 0.107453 -0.993881 -0.0255675
-53.8739 34.6563 15.7172 0.0887263 -0.995878 -0.0176856
-54.0921 34.6643 14.4337 0.0984999 -0.994862 -0.0233957
-54.1731 34.6773 13.1911 0.0933411 -0.995467 -0.0178824
-54.1364 34.7384 11.8777 0.11237 -0.992609 -0.0455982
-54.1117 34.7881 10.9447 0.0910411 -0.994284 -0.0557742
-54.0814 34.8487 10.0127 0.0914167 -0.993716 -0.0645857
-54.0544 34.9435 8.8385 0.103641 -0.990405 -0.0884919
-54.0336 35.0499 7.8175 0.0833451 -0.990798 -0.106642
-53.9056 35.1917 6.63175 0.101652 -0.989201 -0.105586
-53.672 35.3248 5.51801 0.0965094 -0.99135 -0.0889406
-53.3721 35.4339 4.57038 0.0986047 -0.991978 -0.0790975
-53.0648 35.5413 3.63553 0.114223 -0.990314 -0.0789446
-52.8478 35.6435 2.66891 0.114226 -0.990459 -0.0770644
-52.7345 35.7262 1.75016 0.118452 -0.989831 -0.0785696
-52.4907 35.8332 0.785859 0.124998 -0.989235 -0.0760858
-52.1052 35.9472 -0.0735133 0.121584 -0.989481 -0.0782677
-51.5188 36.1031 -1.04866 0.126034 -0.987753 -0.0919442
-51.0116 36.241 -1.81919 0.129347 -0.987141 -0.0939052
-50.3714 36.4058 -2.64796 0.13553 -0.986113 -0.0958248
-49.8246 36.5502 -3.37615 0.136652 -0.986749 -0.087485
-49.1925 36.712 -4.20367 0.138067 -0.98647 -0.0883985
-48.5909 36.8721 -5.09334 0.135461 -0.987269 -0.0833653
-47.6913 37.1006 -6.39021 0.141243 -0.98739 -0.0714894
-46.8377 37.285 -7.31729 0.134092 -0.988742 -0.0664018
-46.0773 37.4314 -7.96515 0.129649 -0.98983 -0.0579717
-45.2564 37.5767 -8.49152 0.145332 -0.988081 -0.0507423
-43.9438 37.8151 -9.3676 0.152674 -0.987391 -0.0418175
-43.036 37.9736 -9.83319 0.151675 -0.987858 -0.0333376
-41.6882 38.2044 -10.3703 0.154561 -0.987505 -0.030644
-40.407 38.4191 -10.7838 0.159977 -0.986828 -0.0239733
-39.3814 38.5948 -11.0944 0.158834 -0.987039 -0.0227297
-38.1592 38.7993 -11.526 0.160001 -0.986981 -0.0163351
-36.8993 39.007 -11.9008 0.154237 -0.987972 -0.0101197
-35.8509 39.1686 -12.1707 0.149941 -0.988651 -0.0093055
-34.8597 39.3185 -12.4403 0.147756 -0.989023 -0.000947839
-33.9441 39.4547 -12.7651 0.142728 -0.989761 -0.00123022
-32.6362 39.6441 -13.3963 0.139622 -0.990199 -0.00136199
-31.5222 39.7953 -13.7009 0.134734 -0.99088 0.00203789
-30.5118 39.9295 -13.9252 0.130374 -0.991461 0.00277405
-29.4283 40.069 -14.0619 0.120853 -0.992664 0.00352168
-28.4065 40.1939 -14.0671 0.118607 -0.992909 0.00671965
-27.0943 40.3478 -14.0002 0.117006 -0.993131 -0.000363672
-26.154 40.4558 -13.9406 0.112903 -0.993599 -0.00363845
-25.1123 40.5696 -13.9034 0.104105 -0.994554 -0.0049833
-24.068 40.6783 -13.9736 0.102439 -0.994729 -0.00459885
-22.7914 40.8043 -14.1169 0.0944203 -0.995447 -0.0117511
-21.721 40.9109 -14.3061 0.0948349 -0.995354 -0.0166633
-20.8352 40.9988 -14.5151 0.095192 -0.995328 -0.0161243
-19.5825 41.1167 -14.7414 0.0896492 -0.995719 -0.0224986
-18.3557 41.2301 -14.9846 0.0900525 -0.995289 -0.0356674
-17.473 41.3145 -15.2057 0.0921393 -0.994898 -0.0404332
-16.3655 41.4182 -15.4231 0.0749214 -0.995786 -0.0528895
-15.2049 41.5217 -15.6225 0.0759623 -0.994974 -0.0652485
-13.7942 41.6402 -15.8403 0.0679002 -0.995153 -0.0711358
-12.5042 41.7419 -16.0647 0.0624558 -0.994915 -0.0790159
-11.3855 41.8307 -16.3367 0.0542759 -0.995195 -0.0814911
-10.3844 41.9065 -16.6002 0.0478186 -0.99528 -0.0844434
-9.45583 41.9848 -17.0449 0.0413125 -0.995856 -0.0810238
-8.58445 42.0944 -17.7553 0.0471527 -0.992666 -0.111315
-7.87982 42.229 -18.6721 0.0449575 -0.992974 -0.109462
-7.34488 42.348 -19.4958 0.0356404 -0.992452 -0.117342
-6.69857 42.476 -20.4036 0.0274888 -0.992738 -0.117117
-5.95889 42.5994 -21.2602 0.0280932 -0.99238 -0.119969
-5.33494 42.7031 -21.9901 0.024481 -0.993111 -0.11459
-4.55545 42.8084 -22.7363 0.026431 -0.993073 -0.114468
-3.6072 42.9097 -23.426 0.0266195 -0.993808 -0.107873
-2.48662 42.9983 -23.9585 0.0237015 -0.994261 -0.104173
-1.37469 43.0424 -24.1565 0.0238345 -0.994735 -0.0996703
-0.191694 43.0908 -24.3443 0.0270642 -0.994973 -0.0964129
1.10633 43.1346 -24.4561 0.0259562 -0.995174 -0.0946296
2.56944 43.1787 -24.5168 0.026172 -0.995104 -0.0953028
3.55829 43.2062 -24.5283 0.0281196 -0.995132 -0.0944354
4.94871 43.2479 -24.5319 0.0295451 -0.995206 -0.0932327
5.9032 43.2719 -24.4793 0.0303668 -0.995217 -0.0928468
7.12518 43.2982 -24.3769 0.0297608 -0.995558 -0.0893264
8.07087 43.3179 -24.2807 0.0291873 -0.995612 -0.0889011
9.01294 43.3307 -24.1316 0.0280713 -0.995329 -0.0923702
9.98895 43.3368 -23.9092 0.0258176 -0.995347 -0.0928317
10.9775 43.3356 -23.6228 0.0265028 -0.995433 -0.0917126
12.006 43.334 -23.309 0.0255676 -0.995514 -0.0910837
13.035 43.3427 -23.0958 0.027172 -0.995499 -0.090792
14.5838 43.3507 -22.6706 0.0309718 -0.995571 -0.0887683
15.4363 43.3453 -22.3315 0.0288782 -0.995788 -0.0870163
16.3565 43.3483 -22.0511 0.029434 -0.995864 -0.0859609
16.9316 43.3472 -21.8567 0.0268834 -0.995925 -0.0860881
17.4407 43.4313 -22.6668 0.0272959 -0.995875 -0.0865343
16.4938 43.4361 -23.0178 0.0271977 -0.995707 -0.088465
15.4042 43.4387 -23.3976 0.0285776 -0.995712 -0.0879801
14.4361 43.4425 -23.751 0.0284786 -0.995584 -0.089456
13.5242 43.4347 -23.9561 0.0290353 -0.995516 -0.0900239
12.4243 43.4299 -24.2444 0.0277239 -0.995584 -0.0896871
11.1598 43.4263 -24.5553 0.0255676 -0.995514 -0.0910837
10.0533 43.4259 -24.8668 0.025613 -0.995657 -0.0895046
8.76488 43.4107 -25.1015 0.0284379 -0.99566 -0.088614
7.8622 43.3939 -25.2037 0.028614 -0.995667 -0.0884755
6.52703 43.3677 -25.34 0.027893 -0.995496 -0.0906056
5.58632 43.3491 -25.4239 0.0285909 -0.995465 -0.0907262
4.22926 43.3132 -25.4715 0.0296341 -0.99545 -0.0905618
2.78312 43.275 -25.4869 0.0262111 -0.995564 -0.0903597
1.62577 43.2382 -25.4127 0.0255535 -0.995597 -0.0901522
0.135412 43.197 -25.3764 0.0232736 -0.99551 -0.0917454
-0.892624 43.1535 -25.1711 0.0233139 -0.995194 -0.0950566
-2.07249 43.1117 -25.0163 0.0211259 -0.9953 -0.0944828
-3.31341 43.049 -24.673 0.0252532 -0.994997 -0.0966588
-4.37542 42.9634 -24.092 0.0219479 -0.993672 -0.110158
-5.3158 42.8681 -23.3955 0.0170748 -0.993999 -0.108049
-5.98 42.7781 -22.747 0.0165118 -0.992549 -0.120723
-6.72361 42.6466 -21.8133 0.0222537 -0.991616 -0.127292
-7.31811 42.5443 -21.1207 0.0273769 -0.991381 -0.128011
-8.08334 42.388 -20.0579 0.0356525 -0.992317 -0.118464
-8.83181 42.2142 -18.9164 0.0484865 -0.99093 -0.125269
-9.42576 42.1006 -18.2031 0.0538279 -0.992461 -0.110106
-10.2203 42.0082 -17.6609 0.0560709 -0.993463 -0.0985001
-11.2294 41.9207 -17.3226 0.0579908 -0.994454 -0.087659
-12.2264 41.839 -17.0684 0.0614749 -0.995005 -0.078646
-13.2265 41.7522 -16.8431 0.0726628 -0.994648 -0.0734545
-14.2304 41.6674 -16.6872 0.0779299 -0.99475 -0.0663318
-15.2354 41.5796 -16.5409 0.0814678 -0.994669 -0.0629287
-16.4854 41.4575 -16.332 0.0809467 -0.995076 -0.0567472
-17.444 41.3592 -16.1427 0.0982753 -0.994171 -0.0443496
-18.7441 41.2224 -15.8145 0.094102 -0.994954 -0.0348173
-19.6215 41.1328 -15.6235 0.0887214 -0.995621 -0.0281596
-20.7697 41.0242 -15.4409 0.0913541 -0.995601 -0.020834
-22.1158 40.8873 -15.1385 0.0956102 -0.995093 -0.0253007
-23.2596 40.7736 -14.9972 0.0967971 -0.995167 -0.0165455
-24.4545 40.6427 -14.8863 0.105422 -0.994344 -0.010878
-25.4453 40.537 -14.8325 0.109358 -0.994001 -0.00166165
-26.6702 40.3978 -14.9017 0.116476 -0.993194 -0.000192229
-27.8728 40.2556 -14.9606 0.118764 -0.992922 0.00125432
-29.0749 40.1096 -15.0088 0.122326 -0.992489 0.000952182
-30.3044 39.9546 -14.9576 0.127656 -0.991816 -0.00222958
-31.3928 39.8116 -14.6838 0.133356 -0.991068 0.000768566
-32.8237 39.6197 -14.3608 0.136184 -0.990678 -0.0013538
-34.1481 39.43 -13.667 0.142222 -0.989818 -0.00565495
-35.0016 39.3045 -13.3521 0.144194 -0.989523 -0.0070528
-36.3912 39.0935 -12.9614 0.149745 -0.98869 -0.00826101
-37.5366 38.9136 -12.6827 0.155823 -0.987686 -0.0135343
-38.4854 38.7626 -12.438 0.153262 -0.988059 -0.0158333
-39.6444 38.5726 -11.9765 0.155662 -0.987616 -0.0194842
-40.6539 38.4043 -11.6669 0.156096 -0.987352 -0.0277393
-41.8021 38.2134 -11.2932 0.153117 -0.987796 -0.0285487
-42.9026 38.0293 -10.8783 0.151674 -0.987859 -0.0333336
-44.0989 37.8335 -10.3686 0.150011 -0.987947 -0.0378696
-45.1923 37.644 -9.65797 0.139631 -0.989255 -0.0433328
-46.1262 37.4834 -9.07913 0.124375 -0.990884 -0.0517711
-47.2952 37.2807 -8.20348 0.126079 -0.989773 -0.0661101
-48.0892 37.1216 -7.35125 0.12826 -0.988746 -0.0770131
-48.8555 36.9437 -6.38442 0.135706 -0.98737 -0.0817593
-49.3377 36.8153 -5.63482 0.135584 -0.98732 -0.0825623
-49.8368 36.6807 -4.87235 0.129483 -0.987768 -0.086879
-50.6014 36.4892 -3.86243 0.130673 -0.98729 -0.0904558
-51.4492 36.2748 -2.77732 0.132236 -0.986818 -0.0932973
-52.1979 36.0815 -1.73348 0.126101 -0.988083 -0.088269
-52.7625 35.9282 -0.80127 0.119092 -0.989523 -0.0816187
-53.2047 35.8051 0.0446156 0.119199 -0.989508 -0.0816394
-53.5429 35.6858 1.04293 0.114474 -0.990683 -0.0737715
-53.7515 35.5694 2.27211 0.113991 -0.990628 -0.0752422
-53.9795 35.4566 3.4657 0.104066 -0.991624 -0.0765042
-54.4153 35.3193 4.70696 0.10087 -0.991972 -0.0761735
-54.6484 35.2252 5.59014 0.0863854 -0.992843 -0.0824679
-54.8996 35.0597 6.96689 0.0931922 -0.990428 -0.101776
-54.9717 34.9316 8.18423 0.0878753 -0.990801 -0.102738
-55.0092 34.8107 9.33063 0.0893241 -0.990816 -0.101518
-55.0576 34.7226 10.5704 0.0898564 -0.993789 -0.065613
-55.066 34.652 11.7104 0.0996656 -0.993162 -0.0607969
-55.1241 34.5979 12.8221 0.0933565 -0.995027 -0.0326276
-55.1148 34.5781 13.7924 0.0939598 -0.995316 -0.0227489
-54.9589 34.5693 14.8242 0.0984999 -0.994862 -0.0233957
-54.7924 34.5711 15.772 0.0916096 -0.995724 -0.0118992
-54.5653 34.5715 16.8514 0.0830522 -0.996379 -0.0181728
-54.1579 34.5753 18.2379 0.0844692 -0.995862 -0.032188
-53.7668 34.5654 19.281 0.0981342 -0.994252 -0.0410853
-53.4403 34.5753 20.1949 0.111651 -0.993592 0.0175928
-53.2156 34.623 21.4366 0.113401 -0.993359 0.0193899
-52.8978 34.6885 22.6982 0.111476 -0.993224 0.0321387
-52.6578 34.7519 23.6241 0.111942 -0.992989 0.0378997
-52.3385 34.8246 24.5121 0.112228 -0.992759 0.0428226
-51.7891 34.9342 25.5662 0.113167 -0.992492 0.0463929
-51.077 35.0638 26.5922 0.112994 -0.992439 0.0479024
-50.294 35.2132 27.555 0.130388 -0.99011 0.051781
-49.5008 35.358 28.272 0.139696 -0.988822 0.0521091
-48.7805 35.5019 29.0845 0.140741 -0.988744 0.0507377
-47.7778 35.7042 30.2089 0.142352 -0.988511 0.0508204
-47.0549 35.843 30.7606 0.152181 -0.987239 0.0469054
-46.1302 36.0156 31.3646 0.15909 -0.986188 0.0460843
-45.2501 36.1924 32.0986 0.161167 -0.985802 0.0470629
-44.3035 36.3824 32.7534 0.1654 -0.985059 0.0479765
-43.0255 36.6366 33.4065 0.172623 -0.983689 0.0505634
-41.8436 36.8821 34.2128 0.175751 -0.983406 0.0449712
-41.0214 37.0552 34.7913 0.178353 -0.983009 0.0433951
-39.9767 37.2669 35.2707 0.183327 -0.982147 0.0421621
-38.9507 37.4699 35.5602 0.181026 -0.98262 0.0410887
-37.9174 37.6714 35.7993 0.181853 -0.982602 0.0375869
-36.7207 37.8925 35.8471 0.182263 -0.982696 0.032957
-35.689 38.0865 35.9694 0.184741 -0.982303 0.0305582
-34.7902 38.2583 36.0442 0.184104 -0.982566 0.0258864
-33.6368 38.4753 36.0583 0.185512 -0.982239 0.0281239
-32.3747 38.7116 36.1008 0.180808 -0.983114 0.0282109
-31.0234 38.9581 36.1201 0.177713 -0.98338 0.03718
-29.8272 39.1761 36.3016 0.168448 -0.985027 0.0367008
-28.6866 39.3721 36.4001 0.164478 -0.9856 0.0392454
-27.704 39.528 36.2847 0.150747 -0.987624 0.0428847
-26.4549 39.701 36.0324 0.142949 -0.988753 0.0438316
-25.3835 39.8332 35.7551 0.13213 -0.990127 0.0467984
-24.4989 39.9338 35.5106 0.120619 -0.991489 0.0490047
-23.5914 40.0286 35.1365 0.112037 -0.992806 0.042242
-22.4073 40.1463 34.7804 0.107719 -0.993252 0.0428382
-20.9706 40.2796 34.4684 0.0960121 -0.994283 0.0466288
-19.9037 40.3753 34.4536 0.0806582 -0.995427 0.0511768
-18.8949 40.4679 34.6451 0.0770366 -0.995572 0.0536004
-17.6869 40.5696 34.9157 0.0736475 -0.995979 0.0508723
-16.3176 40.6726 35.1785 0.06349 -0.996414 0.0559275
-15.3066 40.7393 35.3238 0.0563003 -0.996891 0.0551173
-14.1498 40.8071 35.3511 0.0574101 -0.996887 0.0540418
-13.1563 40.8747 35.5107 0.0576069 -0.996462 0.0611328
-11.9674 40.9553 35.7464 0.0565523 -0.996636 0.0593182
-10.7785 41.0276 35.8196 0.0559724 -0.996604 0.0603795
-9.60537 41.1088 36.0456 0.0608087 -0.994585 0.0842814
-8.65053 41.2087 36.5904 0.0417469 -0.995875 0.0805589
-7.76797 41.3317 37.3929 0.0544816 -0.992449 0.109895
-6.8951 41.4588 38.2693 0.034046 -0.993916 0.104746
-6.06962 41.5934 39.2163 0.0307198 -0.99195 0.122844
-5.22099 41.7159 40.0243 0.0247318 -0.992662 0.118369
-4.3909 41.8558 41.0492 0.0198413 -0.993155 0.11511
-3.57878 41.9574 41.8243 0.0175486 -0.994058 0.107425
-2.62654 42.0648 42.6664 0.0170976 -0.994119 0.106936
-1.75735 42.148 43.3083 0.0156682 -0.994462 0.103927
-0.734784 42.2251 43.8767 0.0196452 -0.994605 0.10184
0.184885 42.2825 44.274 0.0221674 -0.994771 0.09963
1.26593 42.3385 44.5695 0.0242294 -0.994941 0.0974922
2.46916 42.3986 44.8394 0.0285837 -0.994986 0.0958456
3.49873 42.4494 45.0443 0.03031 -0.995114 0.0939697
4.53283 42.4938 45.1807 0.031871 -0.995013 0.0944965
5.72181 42.5449 45.3031 0.0329668 -0.995072 0.0935132
6.72394 42.5835 45.3374 0.0366628 -0.995036 0.0925171
8.06514 42.6291 45.3052 0.0354426 -0.995117 0.0921213
9.01041 42.6598 45.2408 0.0400143 -0.995165 0.0896963
10.3294 42.7012 45.1245 0.0399161 -0.994961 0.0919568
11.3501 42.7342 45.0206 0.0416132 -0.994807 0.0928871
12.4753 42.7676 44.8745 0.0432734 -0.994568 0.094632
13.4027 42.7945 44.7636 0.0393199 -0.994847 0.093448
14.391 42.8143 44.5435 0.0429386 -0.994824 0.0920923
15.5188 42.8429 44.2969 0.0473318 -0.994353 0.0949805
16.6998 42.8753 44.0276 0.0502697 -0.994213 0.0949386
17.6251 42.8888 43.6942 0.0485538 -0.994129 0.0966971
18.7503 42.9034 43.3002 0.0457732 -0.99376 0.101718
19.7881 42.9134 42.9265 0.0443966 -0.993502 0.104743
20.79 42.9174 42.5924 0.0383827 -0.993427 0.107839
22.1706 42.9329 42.2521 0.0383776 -0.993094 0.110866
23.6575 42.9244 41.6653 0.0359881 -0.993667 0.106449
24.4917 42.9144 41.2867 0.0377649 -0.993666 0.105836
25.3156 42.8971 40.8304 0.0377853 -0.99369 0.105602
26.0984 42.8669 40.284 0.0372069 -0.993395 0.108501
26.8728 42.8337 39.7022 0.0369993 -0.993006 0.112057
27.822 42.7911 39.0432 0.0282162 -0.993265 0.112225
28.9485 42.7708 38.6429 0.0256097 -0.992476 0.119552
30.1639 42.7816 38.4615 0.0262665 -0.993184 0.113557
31.2134 42.7903 38.3518 0.0177492 -0.993458 0.112807
32.1833 42.7778 38.0417 0.0213852 -0.994205 0.105352
33.4254 42.7368 37.3621 0.0216068 -0.994996 0.0974988
34.2908 42.7039 36.8645 0.0195407 -0.995292 0.094889
35.3952 42.6572 36.1434 0.0159954 -0.995622 0.0920964
36.284 42.6186 35.5489 0.0146464 -0.995916 0.089042
37.1208 42.5908 34.9997 0.0217221 -0.997039 0.0737722
37.9907 42.5708 34.4467 0.0228427 -0.997378 0.0686452
38.7955 42.5477 33.8539 0.0245766 -0.997738 0.0625707
39.4753 42.5233 33.199 0.023925 -0.997763 0.0624182
40.2446 42.493 32.3902 0.0225625 -0.998044 0.0582951
41.1443 42.4663 31.5184 0.0253973 -0.998261 0.0531387
41.8344 42.4471 30.7265 0.0299389 -0.998387 0.0482485
42.4955 42.4342 29.9736 0.0311854 -0.998616 0.0423583
43.1687 42.4169 29.0263 0.0322941 -0.998724 0.03883
43.6441 42.3992 28.1342 0.0333163 -0.998807 0.0356962
44.0952 42.3868 27.3392 0.0336492 -0.998911 0.0322949
44.6064 42.376 26.4934 0.0344125 -0.998991 0.0285064
45.1132 42.3697 25.483 0.0361766 -0.999049 0.024333
45.7115 42.3691 24.3889 0.0365561 -0.999125 0.0203361
46.263 42.3759 23.4266 0.0359384 -0.999265 0.013335
46.6669 42.3812 22.5995 0.0378453 -0.999232 0.0101842
47.1492 42.391 21.3478 0.0392053 -0.999219 0.00488334
47.6134 42.4053 19.9536 0.0356692 -0.999363 -0.000936259
48.0291 42.4222 18.8805 0.036903 -0.999315 -0.00294383
48.2337 42.433 17.9625 0.0362328 -0.999335 -0.00401594
48.2779 42.4384 17.0286 0.0358811 -0.999344 -0.00486655
48.3492 42.4485 16.0037 0.036937 -0.999283 -0.00826729
48.5131 42.4654 14.7453 0.0355793 -0.999332 -0.00838749
48.6713 42.4822 13.6732 0.0359916 -0.999276 -0.0123375
48.7325 42.4967 12.6724 0.0357854 -0.999291 -0.0117217
48.8555 42.5163 11.3791 0.0348291 -0.999298 -0.0137167
48.9812 42.5377 10.2642 0.0335787 -0.999326 -0.0147242
48.9505 42.5536 9.24261 0.0382148 -0.999124 -0.017077
48.9669 42.578 7.87023 0.0382625 -0.999113 -0.0176022
49.0388 42.5984 6.84268 0.0363204 -0.999189 -0.0173543
48.9441 42.6118 5.89118 0.036045 -0.999177 -0.0186043
48.7203 42.6244 4.78003 0.0362425 -0.999152 -0.0195309
48.5794 42.6377 3.88537 0.0358954 -0.999149 -0.0203137
48.3834 42.6607 2.72366 0.0349443 -0.999065 -0.0254535
48.0068 42.6799 1.61689 0.0369831 -0.998848 -0.0305722
47.4993 42.6941 0.610326 0.0356899 -0.998715 -0.0359866
47.1853 42.715 -0.279788 0.0374937 -0.998687 -0.0348548
46.7911 42.7475 -1.51592 0.0412365 -0.998293 -0.0413678
46.3247 42.7833 -2.68202 0.039935 -0.997983 -0.0492914
45.6723 42.8236 -3.96426 0.0433504 -0.99778 -0.0503905
44.86 42.8453 -5.04053 0.0491284 -0.997117 -0.0578362
44.144 42.865 -6.00082 0.0450058 -0.997395 -0.0563588
43.5656 42.8776 -6.70552 0.0458947 -0.997389 -0.0557522
42.9042 42.8896 -7.47086 0.0454558 -0.997448 -0.0550617
42.1417 42.909 -8.43576 0.0445894 -0.997427 -0.056139
41.2434 42.921 -9.35177 0.0433862 -0.997477 -0.0561833
40.542 42.9355 -10.1246 0.0414953 -0.997381 -0.0592358
39.9029 42.9503 -10.7742 0.0350422 -0.997561 -0.0603491
39.1408 42.9668 -11.472 0.0341013 -0.997527 -0.0614501
38.1396 42.9906 -12.2936 0.030571 -0.99698 -0.0713879
37.251 43.0167 -12.9134 0.0177087 -0.997013 -0.0751811
36.1799 43.0441 -13.5342 0.0184123 -0.99693 -0.0760937
35.15 43.0644 -14.0365 0.018815 -0.996858 -0.0769371
34.1271 43.0923 -14.6183 0.0172241 -0.996535 -0.0813693
33.3106 43.1141 -15.0714 0.0186552 -0.996448 -0.0821063
32.0476 43.1384 -15.638 0.0180203 -0.996355 -0.0833768
31.1868 43.1475 -15.9335 0.0189752 -0.995631 -0.0913758
30.0759 43.167 -16.3655 0.0183693 -0.995308 -0.0949882
28.7681 43.1848 -16.8362 0.0256457 -0.99479 -0.0986569
27.5168 43.1993 -17.3102 0.0247273 -0.995081 -0.095908
26.2935 43.2244 -17.9086 0.0262459 -0.995284 -0.0933782
25.2746 43.2499 -18.4612 0.0236467 -0.995401 -0.0928315
24.417 43.2776 -18.9737 0.0236513 -0.995764 -0.0888176
23.6396 43.2981 -19.4304 0.0246407 -0.99593 -0.0866974
22.5699 43.3367 -20.1635 0.0227454 -0.995929 -0.0872261
21.6928 43.3703 -20.7757 0.0229727 -0.995916 -0.0873103
20.5783 43.3934 -21.3479 0.025071 -0.996006 -0.0856906
19.2698 43.4171 -21.9977 0.0240014 -0.996026 -0.0857632
18.279 43.429 -22.4125 0.0235685 -0.995995 -0.0862419
17.4996 43.4312 -22.6477 0.0252859 -0.995917 -0.086636
17.9616 43.5211 -23.562 0.0222031 -0.996087 -0.0855462
16.9611 43.5308 -23.9424 0.0259943 -0.995711 -0.0887874
15.7269 43.5298 -24.3142 0.0277359 -0.995581 -0.0897123
14.5331 43.5307 -24.6969 0.0295653 -0.995314 -0.0920477
13.5568 43.5292 -24.9844 0.0286092 -0.995475 -0.0906178
12.3765 43.5172 -25.246 0.0206491 -0.99634 -0.0822716
11.4854 43.5253 -25.5699 0.0250967 -0.995714 -0.0890195
10.3313 43.5168 -25.7856 0.0253226 -0.995366 -0.0927341
8.83616 43.4905 -25.9958 0.0308063 -0.995803 -0.0861493
7.85886 43.4711 -26.0957 0.0284941 -0.99595 -0.0852761
6.95717 43.4556 -26.1772 0.0261131 -0.995635 -0.0896008
5.7142 43.4346 -26.3415 0.0306777 -0.995883 -0.0852901
4.26413 43.3994 -26.403 0.0264808 -0.995621 -0.0896229
3.1877 43.3691 -26.4128 0.0294723 -0.995594 -0.0889943
1.91344 43.3335 -26.4096 0.0276345 -0.995665 -0.0888094
0.77102 43.2947 -26.2965 0.0220827 -0.996021 -0.0862827
-0.559053 43.2623 -26.2456 0.0225171 -0.995393 -0.0931984
-1.66623 43.2317 -26.2208 0.022165 -0.995477 -0.0923494
-2.94407 43.1654 -25.7717 0.0182881 -0.99526 -0.0955085
-3.90119 43.1173 -25.4837 0.0208235 -0.99474 -0.100297
-4.76172 43.0498 -25.0022 0.0221056 -0.994659 -0.100825
-5.57109 42.9722 -24.392 0.0164344 -0.994313 -0.105175
-6.62823 42.8581 -23.525 0.01958 -0.993679 -0.110539
-7.25558 42.7418 -22.6514 0.0168962 -0.99155 -0.128623
-7.90318 42.63 -21.9282 0.03025 -0.990566 -0.133546
-8.5229 42.521 -21.2448 0.0320658 -0.991493 -0.126121
-9.14661 42.3419 -20.0672 0.0458538 -0.990719 -0.127848
-9.81823 42.1977 -19.1827 0.0511268 -0.990456 -0.127994
-10.5887 42.0641 -18.515 0.0691425 -0.99309 -0.0948213
-11.5767 41.9767 -18.2078 0.0617524 -0.994272 -0.0872323
-12.5635 41.8802 -17.8841 0.072264 -0.994293 -0.078483
-13.9408 41.7621 -17.6386 0.0731984 -0.994123 -0.0797231
-15.4589 41.6195 -17.4283 0.0879992 -0.993588 -0.0708978
-17.0315 41.45 -17.1559 0.102702 -0.993155 -0.0551551
-18.6402 41.2551 -16.7691 0.110371 -0.993258 -0.0316281
-19.5464 41.161 -16.5474 0.0898466 -0.995695 -0.0227647
-20.9427 41.0291 -16.3461 0.0917179 -0.995488 -0.024318
-21.9144 40.9346 -16.158 0.0937846 -0.99521 -0.0276068
-22.961 40.8257 -15.9851 0.104003 -0.994091 -0.0310908
-23.9603 40.7147 -15.9393 0.108504 -0.993952 -0.0169397
-25.0247 40.5899 -15.7793 0.118862 -0.99284 -0.0111103
-26.0863 40.4673 -15.8054 0.1148 -0.993335 -0.0102999
-27.3787 40.3094 -15.8722 0.120189 -0.99273 0.00648597
-28.8669 40.1354 -15.9264 0.117671 -0.993037 0.00236815
-29.8511 40.0136 -15.9901 0.126498 -0.991967 -0.000350531
-30.882 39.879 -15.8499 0.133396 -0.991043 0.00622256
-31.8916 39.7438 -15.5633 0.133356 -0.991068 0.000768135
-32.859 39.6138 -15.342 0.133917 -0.990989 0.00276411
-33.784 39.4891 -14.966 0.136741 -0.990577 -0.00773024
-34.7661 39.3464 -14.4286 0.141905 -0.989836 -0.00936468
-36.1211 39.1504 -13.9675 0.14131 -0.989804 -0.0164121
-37.003 39.0153 -13.6989 0.144642 -0.989225 -0.0226439
-37.9326 38.8648 -13.528 0.153263 -0.98809 -0.0137243
-39.0065 38.6954 -13.3254 0.152735 -0.988168 -0.0140065
-40.17 38.508 -12.8608 0.152711 -0.988092 -0.0188018
-41.0732 38.3576 -12.5148 0.152668 -0.987996 -0.0231513
-42.5932 38.1101 -11.942 0.152771 -0.987822 -0.0294745
-43.4826 37.9674 -11.617 0.147809 -0.988472 -0.0328119
-44.8937 37.7425 -11.0214 0.140052 -0.989468 -0.0364885
-45.779 37.5937 -10.4546 0.140842 -0.989282 -0.0385219
-46.9628 37.4099 -9.73012 0.127351 -0.99069 -0.0481193
-47.7267 37.2966 -9.06965 0.108685 -0.990645 -0.082518
-48.5015 37.1431 -8.28628 0.120759 -0.989275 -0.0821642
-49.0673 37.0167 -7.58631 0.128173 -0.98816 -0.0839326
-50.0176 36.7795 -6.33084 0.135704 -0.98737 -0.0817608
-50.7658 36.5833 -5.1663 0.132006 -0.98768 -0.0840362
-51.4759 36.4163 -4.27154 0.116078 -0.987829 -0.103536
-52.1373 36.2392 -3.35816 0.128979 -0.987302 -0.0927348
-52.7861 36.0868 -2.5328 0.0818059 -0.992221 -0.0937769
-53.2479 35.9717 -1.74137 0.0809125 -0.991985 -0.097047
-53.7416 35.8182 -0.984371 0.121789 -0.98671 -0.103875
-54.1499 35.7028 -0.178263 0.127967 -0.988808 -0.0767084
-54.4107 35.6037 0.796482 0.114766 -0.990658 -0.0736584
-54.6862 35.4764 2.13516 0.10724 -0.9919 -0.0680612
-54.8584 35.3836 3.19853 0.106109 -0.991979 -0.0686864
-55.2231 35.2883 4.06386 0.0947677 -0.992899 -0.0719097
-55.4995 35.1957 4.9741 0.0946888 -0.992772 -0.0737471
-55.6799 35.0928 6.06197 0.0634242 -0.992396 -0.105483
-55.8419 34.9376 7.38117 0.074195 -0.991803 -0.1035
-55.9345 34.8301 8.38745 0.0819418 -0.990915 -0.106642
-55.9383 34.7266 9.28214 0.11753 -0.987524 -0.0954374
-56.0892 34.6432 10.3567 0.0906349 -0.993567 -0.0678985
-56.0658 34.5756 11.3836 0.0866144 -0.99422 -0.0631634
-56.0193 34.5039 12.5223 0.135232 -0.989262 -0.0554364
-56.0543 34.4967 13.4628 0.0940171 -0.995327 -0.0220281
-55.9521 34.4861 14.3449 0.0939034 -0.995305 -0.0234698
-55.785 34.4772 15.2365 0.104858 -0.994405 -0.0128041
-55.5543 34.5099 16.6362 0.0677758 -0.997319 0.00873007
-55.3176 34.5103 17.5643 0.0555207 -0.998296 -0.0173461
-54.9586 34.4967 18.7096 0.043193 -0.998446 -0.0352014
-54.6257 34.4661 19.7009 0.103111 -0.993204 -0.0539809
-54.3159 34.4779 20.6275 0.129057 -0.991587 0.00993458
-54.0589 34.5402 22.1275 0.122961 -0.992032 0.0274272
-53.8092 34.5985 23.0918 0.122351 -0.991912 0.0333394
-53.5219 34.6892 24.2251 0.10252 -0.99332 0.0529591
-53.0821 34.7727 25.1127 0.0985348 -0.994378 0.0384421
-52.5595 34.8662 26.024 0.11733 -0.992134 0.0436381
-52.0044 34.9737 26.8953 0.112459 -0.992436 0.0492283
-51.4842 35.0724 27.6619 0.115802 -0.991853 0.0530741
-50.7934 35.1873 28.4366 0.136515 -0.990013 0.0315863
-50.0154 35.3301 29.1185 0.140793 -0.989043 0.0421849
-49.3048 35.4752 29.9937 0.137641 -0.989321 0.0477642
-48.2825 35.6658 30.9539 0.147344 -0.988103 0.0440618
-47.4657 35.8213 31.5802 0.150118 -0.98735 0.0510329
-46.4388 36.0094 32.312 0.151707 -0.987408 0.0440363
-45.7235 36.1563 32.9478 0.162433 -0.985517 0.0486933
-44.8662 36.3251 33.5035 0.165057 -0.985039 0.0494558
-43.9282 36.5108 34.0144 0.167547 -0.984629 0.0493326
-42.8991 36.7147 34.5721 0.168489 -0.984467 0.0493577
-42.1459 36.868 35.179 0.17021 -0.984567 0.0400178
-41.3476 37.0329 35.6975 0.17976 -0.982913 0.0395987
-40.3022 37.2426 36.1169 0.181694 -0.982448 0.0422286
-39.1697 37.469 36.4839 0.181911 -0.982378 0.0428999
-37.6621 37.7521 36.7738 0.176003 -0.983724 0.0359857
-36.6637 37.9344 36.7968 0.179216 -0.983253 0.0330449
-35.1261 38.2166 36.9225 0.179667 -0.983364 0.0262219
-33.7642 38.4757 36.9824 0.187534 -0.981955 0.0243899
-32.8063 38.66 36.9796 0.187511 -0.981581 0.0364935
-31.5786 38.8977 37.0982 0.186305 -0.981719 0.038955
-30.543 39.0844 37.1128 0.172165 -0.984162 0.0421652
-29.5275 39.2789 37.3418 0.174878 -0.983214 0.0520389
-28.5333 39.4437 37.3064 0.161643 -0.98543 0.0529041
-27.2827 39.636 37.1685 0.146837 -0.987338 0.0598951
-26.3513 39.7684 37.021 0.149283 -0.987165 0.0567437
-25.2921 39.8966 36.7352 0.12881 -0.98962 0.0637143
-24.1505 40.0213 36.4555 0.11788 -0.991996 0.0452682
-23.2378 40.1094 35.9853 0.11572 -0.991871 0.0529193
-22.0829 40.2187 35.6109 0.105836 -0.993134 0.0498283
-20.8762 40.3347 35.3601 0.0986811 -0.993578 0.0547326
-19.851 40.4283 35.3492 0.0837724 -0.994741 0.0588507
-18.5393 40.5537 35.6829 0.0762408 -0.995287 0.0598109
-17.4851 40.6428 35.9301 0.0615486 -0.99638 0.0586409
-16.5104 40.7105 36.0565 0.0630589 -0.995941 0.0639793
-15.3653 40.7904 36.2741 0.0566513 -0.996591 0.0599672
-14.4054 40.8448 36.2842 0.0569453 -0.996662 0.0582084
-13.1958 40.9293 36.4372 0.0671235 -0.995714 0.063095
-11.994 41.0197 36.6851 0.0596168 -0.995491 0.0737761
-11.0762 41.0711 36.6809 0.0555107 -0.995634 0.0750469
-10.1024 41.1389 36.7819 0.0647026 -0.994764 0.0791037
-9.19191 41.237 37.2719 0.0653047 -0.994521 0.0815838
-8.18639 41.4099 38.2009 0.0369642 -0.989971 0.136346
-7.47662 41.5279 39.0277 0.027208 -0.992895 0.115845
-6.77402 41.6462 39.8244 0.0317986 -0.991974 0.122376
-6.04523 41.7526 40.4625 0.0332566 -0.989753 0.136717
-5.4621 41.8606 41.239 0.00756505 -0.992747 0.119448
-4.80358 41.974 42.1875 0.0196802 -0.99392 0.108321
-4.07888 42.0442 42.7129 0.0181947 -0.993487 0.11236
-3.00027 42.1546 43.5743 0.0182297 -0.994372 0.104366
-2.18247 42.2265 44.1263 0.0158914 -0.994497 0.10355
-0.850712 42.3161 44.8189 0.0162166 -0.995017 0.0982893
0.608255 42.4032 45.3992 0.0227905 -0.995004 0.0971792
1.67354 42.4512 45.635 0.0247973 -0.995247 0.09409
3.01358 42.5175 45.9179 0.0302071 -0.995062 0.0945435
4.78216 42.582 46.0853 0.0308663 -0.995697 0.0871392
5.7313 42.6289 46.2241 0.0402023 -0.995326 0.0876817
6.86233 42.6756 46.2485 0.0359967 -0.994501 0.0983429
8.27963 42.7211 46.2337 0.035121 -0.995451 0.088568
9.70651 42.7645 46.1173 0.0395576 -0.995603 0.0849087
11.0124 42.8137 46.0258 0.0416305 -0.994862 0.092283
12.1953 42.8512 45.8674 0.0462292 -0.994546 0.0934391
13.2452 42.8985 45.8657 0.0412678 -0.994315 0.098076
14.542 42.9075 45.4772 0.0409926 -0.994674 0.0943141
15.4857 42.9343 45.2881 0.0462175 -0.99486 0.0900969
16.4639 42.962 45.0602 0.0510542 -0.99428 0.0938055
17.344 42.9774 44.755 0.0523866 -0.994087 0.095088
18.5724 42.9967 44.3018 0.0503131 -0.993572 0.101403
19.5007 43.0111 43.9812 0.0482568 -0.993084 0.107033
20.7408 43.0279 43.5788 0.0449885 -0.99277 0.111162
21.9873 43.0465 43.3069 0.0373241 -0.992603 0.11553
23.1645 43.0546 43.0199 0.0317298 -0.993428 0.109971
24.2182 43.0316 42.4781 0.0360355 -0.993724 0.105898
25.233 43.0194 42.0192 0.0357449 -0.993953 0.103821
26.468 42.9704 41.0799 0.0417409 -0.993348 0.107251
27.2708 42.9393 40.5091 0.0391319 -0.993045 0.11103
28.2138 42.9007 39.8589 0.037824 -0.992453 0.116648
29.2287 42.887 39.5197 0.0207927 -0.992104 0.123681
30.3327 42.8907 39.3653 0.0164771 -0.992591 0.120346
31.6941 42.8949 39.201 0.0173979 -0.993566 0.111914
32.6099 42.874 38.8653 0.0198827 -0.993894 0.108465
33.5127 42.8442 38.4007 0.0206996 -0.994257 0.104996
34.557 42.8003 37.7667 0.0215911 -0.994466 0.102818
35.3378 42.7603 37.2468 0.017273 -0.994911 0.0992064
36.6734 42.6981 36.3949 0.0116098 -0.995611 0.0927443
37.7213 42.6556 35.677 0.0222531 -0.996882 0.0757031
38.6134 42.624 35.0773 0.0160564 -0.997464 0.069029
39.8383 42.5966 34.2376 0.0232647 -0.997801 0.0620633
40.5428 42.5711 33.5634 0.02346 -0.997799 0.062025
41.3814 42.5389 32.7025 0.0266142 -0.997934 0.0584412
42.2257 42.5043 31.7012 0.0268295 -0.998284 0.0517604
43.1259 42.4819 30.62 0.032178 -0.998517 0.0439172
44.0344 42.461 29.4371 0.0330168 -0.998627 0.0406247
44.5495 42.441 28.4548 0.0334182 -0.9988 0.0358131
45.1203 42.4254 27.4824 0.033106 -0.998913 0.0328226
45.5914 42.4123 26.5381 0.0352724 -0.999094 0.0238174
46.1311 42.4063 25.4865 0.0354697 -0.999132 0.021769
46.8425 42.4071 24.2197 0.0360397 -0.999215 0.0162016
47.4852 42.4168 23.0351 0.0380063 -0.999224 0.010374
47.9319 42.4232 21.9997 0.0337355 -0.999419 0.00472049
48.2701 42.43 21.1306 0.0344147 -0.999392 0.00554197
48.6793 42.4435 19.9698 0.0344501 -0.999405 0.000140141
49.0522 42.4591 18.5769 0.0326317 -0.999463 -0.00303434
49.182 42.4692 17.6667 0.0359739 -0.999336 -0.00553219
49.2276 42.4759 16.6131 0.0372231 -0.999278 -0.00762669
49.3804 42.4907 15.4168 0.0358686 -0.999328 -0.00752363
49.5372 42.5057 14.1749 0.0340925 -0.999362 -0.0100454
49.6781 42.5271 12.9443 0.035411 -0.999268 -0.0143675
49.7101 42.5428 11.761 0.0379085 -0.999226 -0.0103839
49.91 42.5605 10.7374 0.0318867 -0.99939 -0.0142565
49.9729 42.5788 9.77183 0.0331519 -0.999244 -0.0203093
49.8811 42.5941 8.86697 0.0349589 -0.999162 -0.0211953
49.9308 42.6123 7.96324 0.0362639 -0.999206 -0.0165268
49.9844 42.6328 6.81751 0.0338624 -0.999292 -0.0163824
49.8147 42.6485 5.57493 0.0346294 -0.999234 -0.0182536
49.5798 42.6648 4.30501 0.0348516 -0.999179 -0.0206198
49.3745 42.684 3.147 0.0344018 -0.999079 -0.0256493
49.1624 42.7018 2.14092 0.0322443 -0.999105 -0.0272113
48.8379 42.7213 1.1473 0.0313127 -0.999019 -0.0312457
48.3395 42.7391 0.179633 0.0346649 -0.998773 -0.035358
47.9301 42.7733 -1.10603 0.0342956 -0.998577 -0.040828
47.5602 42.8057 -2.1426 0.0359498 -0.998246 -0.0470061
47.0566 42.8426 -3.32584 0.0365411 -0.998158 -0.0484262
46.6845 42.8711 -4.15068 0.0354983 -0.997059 -0.0679212
46.1951 42.9042 -4.90512 0.0504886 -0.997031 -0.0581439
45.5982 42.9205 -5.7066 0.0510134 -0.997071 -0.056984
44.874 42.9269 -6.51966 0.0480026 -0.997513 -0.0512325
44.2805 42.9486 -7.37956 0.0460898 -0.997355 -0.0562079
43.5821 42.9588 -8.14844 0.0472668 -0.997361 -0.0551082
43.0246 42.9743 -8.89326 0.0446132 -0.997419 -0.0562612
42.4641 42.9897 -9.6096 0.0445994 -0.997416 -0.0563177
41.6703 42.9929 -10.2867 0.045709 -0.997145 -0.0600916
40.9808 43.0079 -11.0348 0.0415399 -0.997376 -0.0592924
39.9127 43.0265 -11.9972 0.0353189 -0.997435 -0.0622653
39.2012 43.0383 -12.607 0.021878 -0.997937 -0.0603593
37.9059 43.0781 -13.5433 0.0181688 -0.996724 -0.0787987
37.0795 43.1025 -14.0587 0.0200939 -0.996727 -0.0783073
36.2644 43.1218 -14.5177 0.0181177 -0.996841 -0.0773351
35.2923 43.1444 -15.0359 0.0166404 -0.996827 -0.0778236
34.0774 43.1801 -15.694 0.0154217 -0.996363 -0.0837499
32.8747 43.2066 -16.276 0.0180527 -0.996382 -0.0830429
31.934 43.2254 -16.6813 0.0123957 -0.995935 -0.0892197
30.864 43.2428 -17.0238 0.0123167 -0.995621 -0.0926037
29.9958 43.2708 -17.411 0.020669 -0.993469 -0.112215
28.9724 43.2821 -17.7556 0.0319406 -0.994207 -0.102509
27.7949 43.2882 -18.1664 0.0301156 -0.994981 -0.0953407
26.478 43.3174 -18.8598 0.0274599 -0.995331 -0.0925289
25.3914 43.3441 -19.4413 0.0265861 -0.995848 -0.0868077
24.6189 43.3626 -19.9489 0.0209426 -0.996448 -0.0815642
23.5707 43.397 -20.6179 0.0189409 -0.99614 -0.0857033
22.7125 43.4335 -21.2385 0.0194776 -0.996218 -0.0846757
21.8909 43.4562 -21.7264 0.0229693 -0.996255 -0.0833608
20.7042 43.4726 -22.2561 0.0234836 -0.996197 -0.0839037
19.891 43.4888 -22.6687 0.0231875 -0.996144 -0.0846113
18.4305 43.513 -23.3463 0.0223859 -0.99608 -0.0855747
18.3809 43.5135 -23.3642 0.0222075 -0.996087 -0.0855469
