-7.38808 44.6169 33.1863 0.0795095 -0.996465 0.0266418
-6.35464 44.7016 33.3664 0.0750828 -0.996984 0.019614
-5.13374 44.8012 33.7624 0.0770441 -0.996914 0.0150645
-4.05366 44.891 34.2482 0.0754776 -0.99704 0.0146473
-3.14284 44.9965 34.7371 0.0969038 -0.993668 0.0568617
-2.31535 45.0973 35.2046 0.0727202 -0.995386 0.0610615
-1.4621 45.197 35.6873 0.0697078 -0.994973 0.0717162
-0.49614 45.3082 36.3938 0.0691181 -0.994654 0.0760625
0.424776 45.4527 37.1005 0.0632147 -0.991444 0.113427
1.45932 45.6026 37.8428 0.084428 -0.989561 0.116797
2.46626 45.7263 38.2911 0.0620584 -0.99095 0.11885
3.43406 45.8284 38.6487 0.0510815 -0.991252 0.121697
4.41343 45.9207 38.9609 0.0646568 -0.992297 0.105573
5.53171 46.0317 39.2894 0.066165 -0.991739 0.109892
6.46395 46.1105 39.5154 0.0596275 -0.991513 0.115322
7.37092 46.182 39.6366 0.0595272 -0.990764 0.121835
8.32104 46.2454 39.6881 0.0611846 -0.990661 0.12184
9.38094 46.3147 39.6388 0.0680651 -0.99239 0.10257
10.4067 46.3768 39.5862 0.0653381 -0.992622 0.102139
11.7348 46.447 39.4671 0.0588946 -0.993208 0.100347
12.6425 46.4854 39.3063 0.0633908 -0.993132 0.098105
13.5607 46.5206 39.0436 0.0676049 -0.992351 0.103291
14.5327 46.5472 38.7102 0.0625588 -0.99299 0.100225
15.6513 46.5687 38.2562 0.0511261 -0.993714 0.0995896
16.5832 46.5868 37.9336 0.0480618 -0.992548 0.111285
17.5875 46.5919 37.6159 0.0397063 -0.994332 0.0986233
18.5716 46.6022 37.3248 0.0414059 -0.99458 0.0952949
19.8288 46.6278 37.0635 0.0443829 -0.992512 0.113803
20.7395 46.6547 36.9253 0.0472681 -0.992787 0.110182
21.6512 46.6719 36.7863 0.034676 -0.994204 0.101767
22.8192 46.679 36.5079 0.0347797 -0.993324 0.109657
24.0143 46.6824 36.1657 0.0266076 -0.992193 0.121843
24.9689 46.6798 35.9198 0.0293234 -0.993516 0.109843
26.1237 46.6793 35.5993 0.0302092 -0.993462 0.110097
27.0857 46.6755 35.3963 0.0247554 -0.992416 0.120406
28.1985 46.6775 35.1604 0.0285647 -0.992494 0.118912
29.3634 46.661 34.7784 0.0211795 -0.992282 0.122094
30.3257 46.631 34.358 0.0320012 -0.99345 0.108707
31.1533 46.6175 33.8784 0.0368664 -0.994704 0.0959396
32.2034 46.5787 33.1518 0.0274491 -0.993867 0.107124
33.0319 46.5451 32.6024 0.02722 -0.996516 0.0785293
33.9777 46.5353 31.9833 0.0401785 -0.996293 0.07607
34.7779 46.5266 31.4905 0.0342042 -0.996231 0.0797109
35.7187 46.5098 30.8302 0.0416943 -0.997108 0.0634719
36.4293 46.502 30.2035 0.0459854 -0.997127 0.060117
37.3138 46.4969 29.3528 0.0471457 -0.996938 0.0620675
38.3929 46.483 28.3858 0.0422105 -0.997379 0.0587701
39.3538 46.4786 27.3764 0.0541771 -0.996954 0.056104
40.1588 46.4603 26.2092 0.0553406 -0.997167 0.050952
40.8478 46.4448 25.0614 0.0547008 -0.997657 0.0410869
41.3852 46.4367 24.1232 0.0587517 -0.997548 0.0378511
42.1251 46.4451 22.9323 0.0650025 -0.99752 0.026983
42.6295 46.4525 22.0847 0.0591003 -0.998021 0.0214548
43.1218 46.4594 21.099 0.0552925 -0.998264 0.0200268
43.5619 46.464 19.9093 0.0551045 -0.998346 0.0163872
43.9262 46.4636 18.7978 0.0501374 -0.998591 0.0173639
44.2429 46.4753 17.584 0.0639961 -0.997884 0.0114875
44.4965 46.4846 16.3473 0.067461 -0.997721 0.00115152
44.7208 46.5033 15.1295 0.0596002 -0.998204 -0.00604787
44.8385 46.5143 14.1807 0.0592438 -0.998242 -0.00144543
44.9257 46.524 13.2729 0.0668815 -0.997652 -0.0138298
45.0279 46.5487 12.2408 0.0635252 -0.997825 -0.0176062
45.1014 46.5721 10.7015 0.0566224 -0.998275 -0.0155356
45.1299 46.5896 9.71511 0.0567127 -0.99825 -0.016741
45.1791 46.6229 8.28307 0.065856 -0.997464 -0.0269895
45.1345 46.6495 7.23367 0.060437 -0.997714 -0.0302226
45.0058 46.6712 6.26893 0.0623896 -0.997653 -0.0280557
44.8271 46.694 5.19093 0.0684884 -0.997045 -0.0347866
44.5979 46.7262 4.09311 0.0671781 -0.996495 -0.0498432
44.3122 46.7515 3.06714 0.073218 -0.996483 -0.0407554
43.9289 46.775 1.92221 0.0746294 -0.996054 -0.0480259
43.3299 46.8082 0.376806 0.0740684 -0.995871 -0.0524806
42.9039 46.8197 -0.416871 0.0631934 -0.99651 -0.0538268
42.3129 46.8462 -1.45809 0.0670436 -0.995874 -0.0611221
41.8378 46.8694 -2.27582 0.068005 -0.995162 -0.070913
41.1755 46.8908 -3.19287 0.0650251 -0.995493 -0.0690385
40.4135 46.9042 -4.05525 0.0493029 -0.996281 -0.0706646
39.6819 46.9322 -4.95269 0.0493957 -0.996207 -0.0716292
38.8505 46.948 -5.81262 0.0581907 -0.995518 -0.07455
38.1249 46.9595 -6.45965 0.0393858 -0.995915 -0.0812542
37.2847 46.9836 -7.15504 0.0429318 -0.995778 -0.0810445
36.4457 47.0029 -7.85347 0.0453524 -0.995486 -0.0833726
35.663 47.02 -8.51704 0.0531862 -0.994914 -0.085339
34.8866 47.0378 -9.17126 0.0481008 -0.99443 -0.0935686
33.7535 47.0714 -9.99011 0.0452805 -0.993812 -0.101322
32.7531 47.0898 -10.668 0.0492189 -0.993608 -0.101583
31.8834 47.1034 -11.1663 0.0408278 -0.993881 -0.102632
30.6703 47.1091 -11.7035 0.0434548 -0.993394 -0.106203
29.6924 47.1106 -12.1136 0.0479885 -0.992937 -0.108329
28.5615 47.1109 -12.6022 0.0346449 -0.995244 -0.0910359
27.5707 47.1061 -12.9122 0.0306937 -0.99543 -0.0903732
26.67 47.0922 -13.0195 0.0258197 -0.995528 -0.0908704
25.7087 47.071 -13.0552 0.0250622 -0.995553 -0.0908064
24.6068 47.0444 -13.1075 0.0365756 -0.994647 -0.0965152
23.4961 47.0176 -13.2011 0.0275632 -0.995167 -0.0942295
22.577 47.0026 -13.2889 0.0217388 -0.995211 -0.0953023
21.4101 46.9902 -13.4324 0.0267071 -0.995243 -0.0936364
20.1208 46.9741 -13.6691 0.0279246 -0.994972 -0.0961446
18.7141 46.9669 -14.0033 0.0330779 -0.994811 -0.0960743
17.3167 46.9391 -14.3318 0.0390077 -0.994286 -0.0992177
15.9255 46.9301 -14.8003 0.0404595 -0.995851 -0.0811192
14.9309 46.9205 -15.2564 0.0514749 -0.992889 -0.107164
13.9378 46.9294 -15.7156 0.0397982 -0.993558 -0.106107
12.701 46.9137 -16.2593 0.0530698 -0.993868 -0.0968617
11.4783 46.902 -16.6982 0.0478473 -0.993042 -0.1076
10.5976 46.878 -16.9672 0.062644 -0.992792 -0.102168
9.18966 46.8256 -17.2304 0.0502001 -0.992416 -0.112206
7.9296 46.7673 -17.3145 0.0513841 -0.991647 -0.118307
6.97122 46.7081 -17.3208 0.0653974 -0.990058 -0.12453
5.55589 46.6236 -17.2774 0.0501498 -0.990538 -0.127747
4.41343 46.5517 -17.1542 0.0600707 -0.99117 -0.118203
3.1907 46.4578 -16.9791 0.0548346 -0.991706 -0.116133
2.01247 46.3517 -16.565 0.0523931 -0.991802 -0.116474
0.690061 46.2356 -16.1575 0.0563516 -0.993835 -0.0951957
-0.470487 46.1227 -15.749 0.0627591 -0.992963 -0.100404
-1.73602 45.9921 -15.2742 0.0732179 -0.992461 -0.0978056
-2.77538 45.906 -14.9393 0.0549533 -0.99533 -0.0793583
-3.97041 45.8173 -14.6573 0.0487526 -0.996904 -0.0616889
-5.23279 45.7405 -14.5683 0.0660244 -0.996023 -0.0598173
-6.31216 45.6727 -14.5414 0.0703913 -0.996491 -0.0452945
-7.25511 45.6017 -14.4455 0.0653508 -0.997063 -0.0391178
-8.3318 45.535 -14.2545 0.0506827 -0.996933 -0.0596231
-9.24262 45.4839 -14.0556 0.0497128 -0.997653 -0.0470882
-10.3939 45.4237 -13.8019 0.034083 -0.998837 -0.0341124
-11.2912 45.3695 -13.6788 0.0494228 -0.998454 -0.0188111
-12.4775 45.3143 -13.5862 0.0446101 -0.998887 -0.0153196
-13.4657 45.2754 -13.505 0.0363707 -0.999234 -0.0144357
-14.4246 45.233 -13.3874 0.0465236 -0.998855 -0.0111733
-15.4405 45.1843 -13.2486 0.042984 -0.999039 -0.0048937
-16.6127 45.1389 -13.0864 0.0376112 -0.999291 0.00157808
-17.8801 45.082 -12.9115 0.0561205 -0.998422 -0.00219055
-19.0268 45.0284 -12.7418 0.0470205 -0.998743 0.0161843
-20.1617 44.9745 -12.5788 0.0524251 -0.998454 0.0168905
-21.146 44.9259 -12.4556 0.0581979 -0.998064 0.0219224
-22.0953 44.8746 -12.3373 0.0545599 -0.998272 0.0218452
-23.1456 44.8151 -12.2489 0.0616843 -0.99781 0.0238651
-24.1785 44.7505 -12.1931 0.0655341 -0.99756 0.0240524
-25.2998 44.689 -12.0797 0.0535029 -0.99776 0.0401585
-26.4055 44.6285 -12.0521 0.0637662 -0.997084 0.0414644
-27.3428 44.5591 -12.1494 0.067326 -0.996944 0.0392452
-28.4962 44.477 -12.1616 0.0717538 -0.996541 0.0419012
-29.6865 44.3962 -12.0931 0.0741245 -0.996606 0.0353483
-30.8891 44.3092 -11.8508 0.0794017 -0.996166 0.0367199
-31.8586 44.2461 -11.4476 0.079059 -0.996127 0.0384357
-32.8928 44.1784 -10.8766 0.0880812 -0.995284 0.0406413
-33.8368 44.1037 -10.4741 0.100178 -0.994195 0.0392419
-35.1431 43.9899 -10.0293 0.102312 -0.994243 0.0318289
-36.2365 43.886 -9.70571 0.105255 -0.994036 0.0284898
-37.152 43.798 -9.42079 0.108609 -0.99372 0.026543
-38.1137 43.6955 -9.15066 0.11312 -0.993257 0.0253854
-39.2057 43.5717 -8.80676 0.118276 -0.992851 0.0160827
-40.1781 43.4544 -8.43785 0.128941 -0.991547 0.0144792
-41.0289 43.3455 -8.10777 0.12718 -0.991838 0.00564919
-42.1507 43.2103 -7.71617 0.125079 -0.992133 7.23596e-05
-43.3384 43.0615 -7.18442 0.115845 -0.99322 -0.00968294
-44.5436 42.9074 -6.57667 0.121252 -0.992415 -0.0202743
-45.4113 42.7909 -6.0456 0.123357 -0.99205 -0.0244134
-46.1029 42.6894 -5.44575 0.119163 -0.992436 -0.0294969
-47.0928 42.5313 -4.50137 0.124418 -0.991417 -0.0401219
-47.8028 42.4139 -3.77246 0.123401 -0.99134 -0.0446313
-48.5237 42.2844 -3.03297 0.116675 -0.99163 -0.0552839
-49.4705 42.1129 -2.05976 0.12233 -0.99049 -0.0629682
-50.2611 41.956 -1.08103 0.11395 -0.991065 -0.0692904
-50.8718 41.8119 -0.0968393 0.111938 -0.990661 -0.0777077
-51.3669 41.6865 0.82694 0.107254 -0.991238 -0.0770991
-51.7639 41.5656 1.76039 0.106329 -0.990897 -0.0825258
-52.1602 41.4319 2.87438 0.103952 -0.991206 -0.0818876
-52.567 41.2933 4.0407 0.107263 -0.990868 -0.0816362
-52.8987 41.1879 4.90532 0.106247 -0.990431 -0.0877821
-53.2967 41.047 5.92268 0.111708 -0.989579 -0.0907071
-53.825 40.8597 7.36449 0.106547 -0.990344 -0.0886894
-54.2331 40.6854 8.77311 0.114095 -0.989076 -0.0933284
-54.4028 40.5632 9.86177 0.105192 -0.99057 -0.0871081
-54.4804 40.4498 11.1673 0.114464 -0.990717 -0.0731245
-54.463 40.3769 12.387 0.102484 -0.993155 -0.0560294
-54.3499 40.318 13.6402 0.100334 -0.993475 -0.0541585
-54.2558 40.2649 14.8304 0.0942685 -0.994199 -0.0517847
-54.1816 40.2208 15.765 0.0938482 -0.99406 -0.0551108
-54.0408 40.1879 16.671 0.086784 -0.99548 -0.0385889
-53.8321 40.1715 17.5648 0.0868059 -0.995478 -0.0385773
-53.4853 40.1591 18.6108 0.0980708 -0.994008 -0.0482301
-52.9757 40.1615 19.6106 0.101627 -0.993721 -0.0467348
-52.2163 40.1884 20.8757 0.094214 -0.9949 -0.0358236
-51.6881 40.2044 21.7162 0.101001 -0.994011 -0.0406036
-51.0872 40.233 22.6145 0.106923 -0.993551 -0.0377239
-50.4333 40.2709 23.5717 0.112879 -0.993082 -0.0323437
-49.8538 40.3164 24.3974 0.126062 -0.991638 -0.027608
-49.2498 40.3702 25.1764 0.123032 -0.992038 -0.0267946
-48.455 40.4437 26.1918 0.123026 -0.992103 -0.0244162
-47.6517 40.5296 27.1209 0.132486 -0.991084 -0.0141399
-46.9978 40.6078 27.7902 0.133216 -0.990999 -0.0131838
-46.2362 40.7013 28.5192 0.134928 -0.990728 -0.0156734
-45.2439 40.8193 29.4317 0.136386 -0.990575 -0.0113056
-44.3347 40.9451 30.1767 0.14587 -0.989267 -0.00856393
-43.5318 41.0579 30.7042 0.144913 -0.989398 -0.00954269
-42.6188 41.1921 31.1537 0.153064 -0.988173 -0.00919743
-41.7713 41.3199 31.5342 0.151203 -0.988465 -0.00840409
-40.9286 41.4429 31.9066 0.147421 -0.98902 -0.0102885
-39.8848 41.6002 32.2992 0.15889 -0.987275 -0.00651886
-38.9157 41.75 32.6628 0.149948 -0.988662 -0.00794545
-37.7396 41.9279 33.0038 0.155912 -0.987747 -0.00326179
-36.5737 42.1071 33.2498 0.146061 -0.989275 0.00114254
-35.5061 42.2652 33.435 0.143702 -0.989612 -0.00419005
-34.1989 42.4535 33.5372 0.141712 -0.989896 -0.004776
-33.1994 42.5957 33.5282 0.13699 -0.990549 -0.00544671
-31.8451 42.7798 33.3514 0.133086 -0.991069 -0.00825688
-30.9056 42.9063 33.176 0.132107 -0.991196 -0.00886572
-30.0014 43.0197 33.0454 0.123854 -0.9923 0.000372526
-29.095 43.1303 32.9556 0.120494 -0.992711 -0.00263048
-28.0447 43.2527 32.8489 0.110407 -0.993873 -0.00522684
-26.9057 43.3744 32.7295 0.101469 -0.994812 -0.00728222
-25.7182 43.4907 32.5114 0.0927764 -0.995658 0.0013912
-24.6147 43.5907 32.2323 0.0876505 -0.995987 -0.0178106
-23.5443 43.685 32.0218 0.0815859 -0.996557 -0.0140534
-22.5902 43.7557 31.8281 0.0734912 -0.997238 -0.00286559
-21.3232 43.8445 31.6786 0.0650807 -0.997877 0.0024192
-20.1945 43.9163 31.6047 0.0627884 -0.998025 0.000171039
-19.1635 43.979 31.618 0.0451387 -0.998946 -0.00836415
-17.9858 44.0345 31.7657 0.0551218 -0.998359 -0.015457
-17.1201 44.0797 32.0262 0.0572815 -0.998231 0.00105285
-16.1065 44.1319 32.3297 0.0366252 -0.999187 0.016876
-15.0886 44.177 32.6247 0.0426349 -0.998894 0.0198294
-14.2126 44.2198 32.8581 0.0411385 -0.998999 0.0171574
-13.1996 44.2643 33.0261 0.0559633 -0.998265 0.0165101
-11.8583 44.3435 33.0908 0.0532592 -0.998311 0.0232155
-10.6826 44.4075 33.1527 0.0432439 -0.998187 0.0418575
-9.7745 44.4548 33.1732 0.0613548 -0.99811 0.00038416
-8.54222 44.5356 33.2143 0.0667353 -0.99634 0.0533558
-7.81135 44.5853 33.189 0.0747031 -0.996808 0.0281485
-7.82863 44.6296 34.1006 0.0665042 -0.996147 0.0571684
-6.76847 44.7 34.2057 0.0657841 -0.996615 0.0475584
-5.64131 44.7907 34.5406 0.0578861 -0.997826 0.0315018
-4.44386 44.9018 35.0609 0.0588886 -0.995118 0.079196
-3.35236 45.0362 35.6577 0.102405 -0.991159 0.084363
-2.46638 45.1586 36.1868 0.0781809 -0.994274 0.0728496
-1.50927 45.2842 36.7925 0.0571643 -0.990246 0.127065
-0.533509 45.4349 37.5107 0.0603079 -0.989831 0.128829
0.265439 45.5606 38.1629 0.0432711 -0.991658 0.120778
1.17934 45.6957 38.7714 0.083298 -0.986552 0.14063
2.20762 45.8273 39.2129 0.0582865 -0.989816 0.129871
3.4295 45.9539 39.6354 0.0564529 -0.989088 0.136079
4.8067 46.0824 40.045 0.0483335 -0.989728 0.134543
5.78988 46.1697 40.3182 0.0547831 -0.989032 0.137071
7.11564 46.2813 40.5559 0.0543807 -0.989948 0.130404
8.39791 46.3618 40.596 0.0611847 -0.990661 0.12184
9.454 46.4283 40.5732 0.0655551 -0.989958 0.125237
10.4077 46.4828 40.5121 0.0641765 -0.990073 0.125043
11.4248 46.5394 40.4431 0.0649198 -0.990368 0.122264
12.5058 46.5982 40.3306 0.0641877 -0.990706 0.119904
13.6838 46.6288 39.9738 0.0613988 -0.99096 0.119282
14.8426 46.6611 39.5856 0.067381 -0.991054 0.115207
15.9664 46.6787 39.1288 0.0590356 -0.991909 0.112273
16.8842 46.6986 38.8005 0.0480627 -0.992548 0.11128
18.0014 46.7053 38.4125 0.053778 -0.991092 0.121838
19.0988 46.7203 38.1256 0.0382873 -0.99179 0.122013
20.1282 46.7402 37.9283 0.0478331 -0.9911 0.123763
21.029 46.7673 37.7936 0.0412102 -0.990254 0.133024
22.2006 46.7923 37.6303 0.0447418 -0.989686 0.13599
23.1376 46.8016 37.41 0.037684 -0.988561 0.146036
23.9987 46.8016 37.1394 0.0342205 -0.992367 0.118175
25.3318 46.8011 36.7434 0.0425644 -0.990192 0.133072
26.2677 46.7933 36.4837 0.0297515 -0.989797 0.139343
27.3223 46.7948 36.272 0.029224 -0.989819 0.139299
28.2247 46.7973 36.1077 0.0276032 -0.989918 0.138925
29.1909 46.7936 35.8535 0.0227485 -0.991844 0.125412
30.3622 46.761 35.3808 0.0252183 -0.991418 0.128273
31.2869 46.7298 34.9247 0.0323635 -0.991724 0.124239
32.1563 46.7002 34.359 0.035149 -0.994721 0.096405
33.0159 46.6634 33.7293 0.0306105 -0.99374 0.107397
33.9544 46.6301 33.0854 0.0461371 -0.994626 0.0926841
34.9155 46.6181 32.4684 0.0438856 -0.994247 0.0975019
35.9979 46.6002 31.8162 0.0465341 -0.995404 0.0833884
36.9429 46.5855 30.9833 0.055259 -0.995542 0.0764315
37.6857 46.5719 30.2969 0.0527803 -0.996243 0.0680008
38.4006 46.5635 29.6428 0.05543 -0.995822 0.072568
39.1129 46.5551 28.9753 0.0559292 -0.996358 0.0638781
39.9121 46.5537 28.1674 0.0545816 -0.996904 0.0566029
40.6201 46.5404 27.234 0.0557053 -0.996937 0.0548879
41.1463 46.5237 26.3772 0.0586386 -0.997077 0.0488249
41.7692 46.5116 25.306 0.0613649 -0.996951 0.0481904
42.3495 46.5045 24.2947 0.0650339 -0.997104 0.0394155
43.0633 46.5084 23.1848 0.0669464 -0.996991 0.0390734
43.8139 46.5153 21.8494 0.055194 -0.998201 0.0234297
44.1973 46.5158 20.9007 0.0573327 -0.998231 0.0155873
44.4876 46.5202 20.0229 0.0585904 -0.998062 0.0201752
44.8948 46.5256 18.8556 0.0744429 -0.997214 0.00464216
45.1437 46.5376 17.8681 0.0680077 -0.997649 0.00850947
45.3465 46.5426 16.8356 0.0677513 -0.997684 0.00484145
45.5711 46.5596 15.5718 0.0711209 -0.997466 -0.00196956
45.7137 46.5717 14.5754 0.0706778 -0.997498 -0.00164241
45.8713 46.59 13.3297 0.0702321 -0.99748 -0.0100517
45.9526 46.6046 12.3919 0.0675814 -0.99767 -0.00923063
46.0105 46.6208 11.2283 0.0687481 -0.997518 -0.0145106
46.0398 46.6412 10.0688 0.07295 -0.997236 -0.0140876
46.0995 46.6701 8.82831 0.0739867 -0.996962 -0.0243308
46.0993 46.6942 7.89397 0.0673936 -0.997295 -0.0292258
46.0264 46.7188 6.94554 0.0690298 -0.997129 -0.031124
45.857 46.7465 5.81356 0.0732579 -0.996647 -0.0364056
45.6335 46.7806 4.46956 0.0778768 -0.995845 -0.0470646
45.344 46.8181 3.28671 0.0755434 -0.995936 -0.0490118
44.8512 46.8512 1.77484 0.0753216 -0.996039 -0.0472323
44.5064 46.8725 0.838815 0.0758473 -0.995814 -0.0509988
43.984 46.8994 -0.378372 0.0769963 -0.995205 -0.0603236
43.3515 46.9197 -1.45955 0.0719637 -0.995316 -0.0645459
42.8685 46.939 -2.29287 0.0652078 -0.995463 -0.069296
42.1315 46.9761 -3.49519 0.0662825 -0.995231 -0.0715499
41.4657 46.9853 -4.25592 0.0674058 -0.995039 -0.0731363
40.7718 47.0055 -5.09238 0.0613582 -0.994818 -0.0810631
40.1779 47.0299 -5.83226 0.0602734 -0.994871 -0.0812305
39.1627 47.043 -6.78928 0.0623511 -0.994952 -0.0786356
38.0647 47.0696 -7.69509 0.0497726 -0.994136 -0.0960056
36.878 47.0966 -8.69348 0.0484664 -0.994988 -0.0874639
35.7635 47.1287 -9.62874 0.0568088 -0.994054 -0.0928993
34.6346 47.158 -10.4796 0.0446944 -0.993386 -0.105646
33.7514 47.1814 -11.0801 0.0492198 -0.993608 -0.10158
32.4521 47.2065 -11.938 0.0447578 -0.993694 -0.102731
31.129 47.2151 -12.5078 0.0411098 -0.993522 -0.10592
30.1304 47.2189 -12.9334 0.0419155 -0.993174 -0.108847
29.2486 47.2187 -13.3201 0.0493643 -0.991988 -0.116289
28.2143 47.2159 -13.6929 0.0374479 -0.993004 -0.111962
26.9371 47.1949 -13.9308 0.0312984 -0.99315 -0.112522
25.8449 47.1699 -13.9907 0.0286857 -0.9929 -0.11544
24.6683 47.1401 -14.03 0.0341563 -0.993477 -0.108384
23.5768 47.1167 -14.1244 0.0359305 -0.992579 -0.116174
22.6512 47.0941 -14.2167 0.0327481 -0.992437 -0.118307
21.7537 47.0809 -14.3167 0.0236645 -0.995394 -0.0928967
20.4527 47.0677 -14.5314 0.0261028 -0.994852 -0.0979162
19.2367 47.0625 -14.8138 0.0330745 -0.994811 -0.0960706
18.2712 47.0514 -15.0833 0.0363494 -0.993804 -0.104424
17.3542 47.0373 -15.2631 0.0355706 -0.994012 -0.103322
16.4515 47.0297 -15.5503 0.0449571 -0.993848 -0.101221
15.3806 47.0304 -16.0585 0.0514747 -0.992889 -0.107163
14.232 47.0379 -16.5921 0.051665 -0.991914 -0.115775
13.2528 47.0329 -17.0381 0.0560943 -0.992056 -0.112602
12.3095 47.0228 -17.411 0.0548941 -0.992078 -0.112994
11.0473 46.9956 -17.8061 0.0615374 -0.990637 -0.121869
10.0651 46.9668 -18.0284 0.0510248 -0.990355 -0.128812
9.08176 46.9336 -18.1709 0.0496442 -0.990115 -0.131141
7.94442 46.8824 -18.2242 0.0532917 -0.989305 -0.135781
6.86308 46.8196 -18.2128 0.0604909 -0.988377 -0.139471
5.52285 46.7429 -18.1811 0.0435956 -0.988537 -0.144549
4.42393 46.6764 -18.1049 0.0567642 -0.988875 -0.137491
3.52864 46.6102 -17.9925 0.0553771 -0.989251 -0.135319
2.41826 46.5094 -17.7034 0.0552387 -0.989511 -0.133479
1.36069 46.4044 -17.3222 0.0539752 -0.991303 -0.119968
0.305518 46.3078 -16.9841 0.0573447 -0.990458 -0.125145
-0.814688 46.186 -16.5949 0.0622134 -0.991479 -0.113529
-1.79655 46.0792 -16.2464 0.082124 -0.992181 -0.0939784
-2.91426 45.971 -15.8498 0.0561 -0.9951 -0.0813855
-3.88203 45.8898 -15.5873 0.0647715 -0.994812 -0.0784419
-4.84062 45.8224 -15.5001 0.0601907 -0.995427 -0.0727931
-5.82569 45.7686 -15.5006 0.0542428 -0.994836 -0.0857818
-6.7865 45.7137 -15.4675 0.0536714 -0.994911 -0.0852719
-7.86374 45.6334 -15.3053 0.0658002 -0.994293 -0.0839732
-9.19524 45.5385 -15.0035 0.0537151 -0.996227 -0.0679828
-10.4064 45.4591 -14.7125 0.0510179 -0.996615 -0.0644465
-11.8189 45.3843 -14.5675 0.0462098 -0.997619 -0.0511893
-12.8967 45.3166 -14.4875 0.0384235 -0.997903 -0.0482424
-14.3717 45.2507 -14.3341 0.0589191 -0.997813 -0.0299559
-15.4484 45.1944 -14.1858 0.0419796 -0.998951 -0.0168507
-16.648 45.1425 -14.0039 0.0436998 -0.998776 -0.0231798
-17.6784 45.0954 -13.8689 0.0567183 -0.998389 -0.00152571
-18.5689 45.0442 -13.7491 0.0573136 -0.998356 -0.000854873
-19.5307 44.9969 -13.607 0.0459245 -0.99891 0.00581774
-20.52 44.9452 -13.4736 0.0557514 -0.998393 0.0101377
-21.4196 44.893 -13.357 0.0617811 -0.998041 0.00988176
-22.3324 44.8422 -13.2294 0.058206 -0.998038 0.0227762
-23.586 44.7682 -13.1552 0.0597814 -0.998118 0.0134161
-24.5047 44.7128 -13.1057 0.0603933 -0.998041 0.0163202
-25.405 44.6601 -13.0208 0.059865 -0.998073 0.0163164
-26.7143 44.5711 -13.0142 0.071063 -0.997149 0.0253629
-27.7053 44.5006 -13.0971 0.0708873 -0.996949 0.0325985
-29.1434 44.3992 -13.0989 0.0712929 -0.996976 0.030918
-30.3517 44.3143 -12.9685 0.0749173 -0.996796 0.0280272
-31.6949 44.2206 -12.5692 0.0789766 -0.996398 0.0307148
-32.6622 44.1577 -12.0767 0.0858419 -0.995848 0.0303046
-33.5484 44.0956 -11.5754 0.0916425 -0.995355 0.0291879
-34.4681 44.0177 -11.2068 0.0950393 -0.994991 0.0307521
-35.5904 43.919 -10.8451 0.0981346 -0.994763 0.028566
-36.7975 43.8062 -10.4873 0.104499 -0.99419 0.0258201
-37.9222 43.6947 -10.1599 0.106152 -0.994183 0.0182077
-39.0909 43.5689 -9.8133 0.118079 -0.992865 0.0166185
-40.2631 43.4326 -9.37304 0.118149 -0.992989 0.00371365
-41.4061 43.3006 -8.95579 0.116389 -0.993195 0.000491345
-42.7406 43.1435 -8.47906 0.113423 -0.993518 -0.00669243
-43.8035 43.0168 -8.01487 0.111622 -0.993656 -0.0133071
-44.6543 42.9126 -7.59734 0.111949 -0.993584 -0.0159656
-45.8055 42.7691 -6.93643 0.113907 -0.99312 -0.0271738
-46.8011 42.6272 -6.10095 0.113213 -0.992926 -0.035477
-47.4698 42.5235 -5.44606 0.112327 -0.992916 -0.0386303
-48.3405 42.3858 -4.55871 0.112371 -0.992495 -0.0482402
-49.0399 42.2691 -3.82028 0.114718 -0.991688 -0.0582558
-49.6655 42.1587 -3.17257 0.110671 -0.992184 -0.057489
-50.5585 41.9979 -2.20451 0.107431 -0.992126 -0.0643045
-51.1189 41.8854 -1.44977 0.104977 -0.991989 -0.0702639
-51.681 41.7657 -0.5953 0.103542 -0.991425 -0.079719
-52.1553 41.6446 0.293979 0.101183 -0.991724 -0.078992
-52.5299 41.535 1.17342 0.0999363 -0.991376 -0.0847745
-52.8861 41.4186 2.11479 0.0984434 -0.991563 -0.0843183
-53.2722 41.2877 3.23738 0.0996156 -0.9917 -0.0812907
-53.7913 41.1207 4.58275 0.0998039 -0.991405 -0.0845802
-54.2212 40.9691 5.73415 0.100682 -0.990549 -0.0931404
-54.6685 40.8036 6.99912 0.10272 -0.990237 -0.09421
-55.0065 40.6826 7.89116 0.0983173 -0.990218 -0.0990009
-55.2045 40.5704 8.82347 0.0930181 -0.991788 -0.0875727
-55.3374 40.4516 10.1182 0.0958285 -0.991904 -0.0832979
-55.406 40.343 11.3521 0.0908151 -0.993352 -0.0699952
-55.4016 40.2803 12.3983 0.0923678 -0.99395 -0.0594202
-55.294 40.23 13.5388 0.0981796 -0.993792 -0.0523331
-55.2116 40.1923 14.4377 0.0984062 -0.993879 -0.0502067
-55.1529 40.1421 15.6119 0.0893825 -0.994796 -0.0488217
-54.9823 40.1015 16.7834 0.0867626 -0.995481 -0.0386047
-54.7739 40.0852 17.6722 0.0867843 -0.995479 -0.0385933
-54.4667 40.0645 18.7047 0.088775 -0.994608 -0.0536043
-53.9936 40.0629 19.7201 0.0839406 -0.996043 -0.029191
-53.3031 40.0844 20.8772 0.0820673 -0.996112 -0.0320145
-52.7132 40.1048 21.852 0.0911398 -0.995153 -0.0369005
-52.0892 40.127 22.8307 0.0906501 -0.995259 -0.0352314
-51.4551 40.1541 23.7305 0.0906547 -0.995411 -0.0303352
-50.8598 40.1959 24.5866 0.11066 -0.993588 -0.0231699
-50.1547 40.256 25.506 0.11347 -0.993346 -0.019679
-49.5416 40.3102 26.302 0.112947 -0.993378 -0.021024
-48.8818 40.3692 27.1812 0.124307 -0.992082 -0.0173441
-48.0026 40.4688 28.1229 0.126658 -0.991859 -0.0131488
-47.0758 40.5812 29.0321 0.132975 -0.99104 -0.012519
-46.193 40.6861 29.8378 0.131694 -0.991174 -0.015172
-45.464 40.7804 30.4818 0.139283 -0.990238 -0.00427594
-44.5346 40.9078 31.1899 0.139511 -0.9902 -0.00502615
-43.5773 41.0432 31.7308 0.145197 -0.989392 -0.00353337
-42.2409 41.2441 32.3426 0.150902 -0.988546 -0.00216038
-41.4019 41.3695 32.7032 0.139194 -0.990264 -0.00126771
-40.4968 41.4986 33.046 0.153772 -0.988063 0.00795887
-39.568 41.6494 33.3854 0.152345 -0.988301 0.00333523
-38.5109 41.8071 33.76 0.15264 -0.98827 0.00125029
-37.2954 42.0015 34.0841 0.152031 -0.988355 0.00175679
-36.2258 42.1592 34.2747 0.14525 -0.989395 -7.21545e-05
-35.2666 42.2976 34.3925 0.140561 -0.990072 0.000695253
-34.2642 42.441 34.472 0.142495 -0.989795 0.000842446
-33.1987 42.5942 34.4563 0.138931 -0.990287 0.00334371
-32.0891 42.7453 34.3156 0.135429 -0.990769 0.00594283
-30.9391 42.9024 34.1181 0.137101 -0.990551 0.0035863
-29.8434 43.0397 33.9571 0.123177 -0.992383 0.00127528
-28.6017 43.1899 33.8348 0.115224 -0.993321 0.00371631
-27.4415 43.3184 33.7176 0.107273 -0.994197 0.00711308
-26.2569 43.4385 33.579 0.0973085 -0.995221 0.00818126
-25.3362 43.526 33.3843 0.0879852 -0.996104 0.00503786
-24.4332 43.6063 33.1573 0.0904332 -0.995876 0.00720558
-22.9305 43.7354 32.8214 0.0812317 -0.996692 0.00271832
-21.9211 43.8091 32.6545 0.0638575 -0.997952 0.00362422
-20.9145 43.8733 32.5457 0.0632158 -0.997996 0.00185636
-19.7003 43.9494 32.4902 0.0675763 -0.997605 0.0142438
-18.6418 44.0097 32.577 0.0513506 -0.998285 0.0281108
-17.6265 44.0638 32.828 0.0516684 -0.998413 0.0210942
-16.6688 44.1175 33.1347 0.0463502 -0.998871 0.0104436
-15.6958 44.1719 33.4167 0.0427476 -0.997938 0.0478367
-14.7924 44.2222 33.6796 0.0413739 -0.997944 0.0489513
-13.9144 44.2643 33.8715 0.0380586 -0.998244 0.0453444
-13.0184 44.3094 33.9613 0.0508301 -0.997668 0.0455539
-11.8691 44.3781 34.0246 0.0617275 -0.996816 0.0504773
-10.962 44.4349 34.094 0.0489919 -0.997485 0.0501977
-9.94444 44.4932 34.1356 0.0547425 -0.996784 0.0585304
-8.91317 44.5594 34.1367 0.0667701 -0.996165 0.0564188
-7.97048 44.6198 34.0941 0.0665042 -0.996147 0.0571684
-7.98925 44.6716 35.0194 0.0664684 -0.996147 0.0572044
-8.89062 44.6143 35.0567 0.0631746 -0.996375 0.0569661
-9.86108 44.5553 35.1018 0.0625732 -0.996374 0.0576427
-11.0903 44.4794 35.0257 0.057441 -0.99688 0.0541434
-12.2595 44.3998 34.9298 0.0629436 -0.996638 0.0524039
-13.6502 44.3276 34.8502 0.0450378 -0.997077 0.0617158
-14.5922 44.2818 34.6833 0.0411858 -0.997536 0.056558
-15.4617 44.2309 34.4566 0.0443849 -0.997772 0.0497211
-16.8024 44.1516 34.0604 0.0487856 -0.997719 0.0465921
-18.177 44.0615 33.6018 0.0498168 -0.997755 0.0447565
-19.4209 43.9834 33.3743 0.0711334 -0.997341 0.0158397
-20.6258 43.9048 33.4427 0.0582572 -0.998135 0.0182369
-21.7852 43.831 33.555 0.0708772 -0.997265 0.0209535
-22.8829 43.7473 33.7488 0.0877564 -0.99595 0.0195654
-23.8081 43.67 33.9616 0.0874352 -0.99597 0.0199714
-25.2289 43.5468 34.3262 0.0893872 -0.995909 0.01323
-26.1031 43.4631 34.524 0.100282 -0.994888 0.0119192
-27.5743 43.3081 34.6451 0.110421 -0.993873 0.00485272
-28.9581 43.1535 34.7803 0.114155 -0.993352 0.0148376
-30.1857 43.0052 34.9234 0.128358 -0.991633 0.0137506
-31.541 42.8258 35.1507 0.138299 -0.990294 0.0138027
-32.5258 42.6915 35.3 0.138932 -0.990287 0.00334923
-34.1856 42.4531 35.3981 0.142353 -0.989816 0.00076102
-35.614 42.2497 35.2805 0.140225 -0.99007 0.00995548
-36.6938 42.094 35.1736 0.141819 -0.989831 0.0110546
-37.8011 41.928 34.8903 0.151838 -0.988321 0.0128986
-38.7124 41.7841 34.6495 0.150287 -0.988545 0.0137027
-39.838 41.6099 34.2441 0.147445 -0.989024 0.0070319
-40.6769 41.4802 33.9359 0.149514 -0.988711 0.00977455
-42.0392 41.2719 33.4358 0.147601 -0.98904 0.00381131
-43.0198 41.1246 32.9854 0.145849 -0.989302 0.00132581
-44.283 40.9377 32.4123 0.141443 -0.989933 0.0040427
-45.5861 40.7619 31.6169 0.137028 -0.990561 -0.00274341
-46.3824 40.6535 30.9407 0.13406 -0.990973 -0.000301092
-47.1541 40.5557 30.2739 0.128114 -0.991737 -0.00665288
-48.1961 40.4305 29.2722 0.127402 -0.991784 -0.0115136
-48.935 40.3441 28.5776 0.126464 -0.99189 -0.0127185
-49.7265 40.2597 27.6475 0.112831 -0.993461 -0.0168643
-50.3395 40.2096 26.7729 0.110546 -0.993644 -0.021239
-50.9645 40.1554 25.976 0.110625 -0.993697 -0.0181011
-51.5301 40.1136 25.2466 0.0982484 -0.994865 -0.0243168
-52.206 40.0717 24.2935 0.0897311 -0.995622 -0.0261765
-52.8138 40.0402 23.4302 0.0888396 -0.995426 -0.0351309
-53.4323 40.0178 22.4901 0.0887491 -0.995451 -0.0346572
-54.1268 40.0023 21.2868 0.0842478 -0.995848 -0.0344866
-54.7872 39.9847 20.1821 0.0790079 -0.996434 -0.029625
-55.3216 39.9843 19.0586 0.0694645 -0.996696 -0.0420945
-55.6997 40.0013 17.9095 0.0755852 -0.996508 -0.0354682
-55.9578 40.0211 16.7967 0.0749647 -0.996545 -0.0357445
-56.0681 40.0514 15.8002 0.0755757 -0.996317 -0.0404963
-56.1149 40.1018 14.5824 0.0796761 -0.995709 -0.0470597
-56.2494 40.1554 13.2334 0.0834604 -0.995243 -0.0502614
-56.3276 40.2112 12.1218 0.091796 -0.994035 -0.0588824
-56.3009 40.2985 10.9412 0.0811432 -0.99325 -0.0828811
-56.2429 40.3804 9.97845 0.0835529 -0.993773 -0.0737153
-56.1791 40.4572 9.06958 0.0930182 -0.991788 -0.0875727
-56.0289 40.5821 7.89972 0.0862312 -0.992023 -0.0918528
-55.6266 40.7179 6.83758 0.103533 -0.990326 -0.0923616
-55.2713 40.8448 5.90099 0.103307 -0.990021 -0.0958283
-54.9392 40.9645 5.00856 0.100452 -0.990546 -0.0934207
-54.5664 41.0863 4.07592 0.0990317 -0.991503 -0.0843423
-54.2258 41.1946 3.20265 0.099804 -0.991405 -0.0845807
-53.8891 41.3066 2.27556 0.0971541 -0.991676 -0.0845029
-53.5224 41.4322 1.21806 0.0969477 -0.99175 -0.0838614
-53.1301 41.5554 0.194003 0.0964515 -0.992132 -0.0797699
-52.6363 41.6862 -0.830925 0.0934115 -0.992651 -0.0767938
-52.1103 41.797 -1.6495 0.0959154 -0.992687 -0.0733003
-51.2265 41.9655 -2.79498 0.104451 -0.992491 -0.063657
-50.3389 42.1206 -3.77109 0.106621 -0.99268 -0.0567217
-49.3331 42.2897 -4.86176 0.110153 -0.992778 -0.0475276
-48.3163 42.4476 -5.90882 0.109543 -0.993271 -0.0375852
-47.1965 42.6124 -7.03874 0.10721 -0.993473 -0.0381269
-46.4791 42.7136 -7.62954 0.0999372 -0.994324 -0.0349317
-45.5669 42.8207 -8.16469 0.106589 -0.994086 -0.0207868
-44.7386 42.9193 -8.60485 0.111949 -0.993584 -0.0159656
-43.3755 43.0764 -9.20948 0.108505 -0.994062 -0.00799003
-42.1971 43.2096 -9.65264 0.108714 -0.994062 -0.00387911
-40.8052 43.3653 -10.1286 0.115955 -0.993245 0.00362151
-39.8041 43.4777 -10.5316 0.114629 -0.993354 0.010382
-38.8788 43.5793 -10.8438 0.110949 -0.993725 0.0137083
-37.876 43.6796 -11.1319 0.105046 -0.994237 0.0214101
-36.9578 43.7688 -11.3945 0.10066 -0.99468 0.0218736
-36.0687 43.8519 -11.6462 0.0977224 -0.994963 0.0223399
-34.7135 43.9708 -12.0833 0.0929637 -0.995336 0.0257869
-33.377 44.074 -12.742 0.0881222 -0.995616 0.0313627
-32.4992 44.1396 -13.2431 0.081026 -0.996469 0.0211895
-31.5305 44.2043 -13.6351 0.0775993 -0.99668 0.0242879
-30.3599 44.2868 -13.9213 0.0746542 -0.996805 0.0283896
-29.237 44.3658 -14.018 0.0692718 -0.997208 0.0278736
-27.9505 44.4578 -14.0296 0.0728291 -0.997086 0.0227183
-26.6754 44.549 -13.9917 0.0699176 -0.997262 0.0240356
-25.5479 44.6273 -13.9937 0.0667643 -0.997455 0.0250295
-24.6308 44.6918 -14.0591 0.0675416 -0.99762 0.0111983
-23.4876 44.7615 -14.0889 0.0597809 -0.998118 0.0134208
-22.2046 44.8407 -14.1961 0.0611293 -0.998114 0.002785
-21.151 44.8998 -14.3525 0.0590635 -0.998225 0.00616073
-19.8345 44.9809 -14.4888 0.0628373 -0.998024 -0.000699249
-18.4192 45.0617 -14.7176 0.0605096 -0.998016 -0.0174131
-17.0181 45.1428 -14.8763 0.0512774 -0.998579 -0.0144928
-15.6768 45.2143 -15.0743 0.0488885 -0.99752 -0.0506366
-14.3445 45.2905 -15.262 0.050923 -0.997418 -0.0506365
-13.1489 45.3607 -15.3767 0.0501846 -0.996864 -0.0611835
-12.1127 45.4172 -15.4355 0.0520624 -0.996379 -0.0671531
-11.1943 45.4695 -15.517 0.0516107 -0.996647 -0.0634868
-10.2962 45.5266 -15.6757 0.0523947 -0.996589 -0.0637646
-9.25478 45.6004 -15.9221 0.0571672 -0.994985 -0.0813921
-7.93395 45.7096 -16.2286 0.063835 -0.993101 -0.0983687
-6.52659 45.8145 -16.4386 0.0452685 -0.992554 -0.113077
-5.55121 45.8637 -16.429 0.0635269 -0.993165 -0.0968444
-4.4488 45.9441 -16.4252 0.0726899 -0.991498 -0.107924
-3.02862 46.0643 -16.7757 0.056092 -0.992193 -0.11139
-1.96893 46.1839 -17.2002 0.0756934 -0.988082 -0.134028
-0.768544 46.3178 -17.5878 0.062005 -0.989709 -0.128965
0.595332 46.4551 -18.0261 0.052347 -0.98941 -0.135381
1.92717 46.5885 -18.502 0.0498265 -0.989799 -0.133476
2.94747 46.687 -18.8073 0.0605467 -0.989153 -0.133831
3.99168 46.7755 -18.9959 0.0567659 -0.988875 -0.137487
5.38964 46.8715 -19.1009 0.0505684 -0.988659 -0.141199
6.80356 46.9407 -19.0963 0.054696 -0.988069 -0.143792
8.18318 47.0204 -19.1325 0.048993 -0.98867 -0.1418
9.58988 47.0734 -19.0292 0.0456374 -0.989536 -0.136864
10.7988 47.1062 -18.8168 0.0548014 -0.989733 -0.131926
11.6939 47.1339 -18.5899 0.0636471 -0.990305 -0.123467
12.7518 47.1511 -18.2593 0.0568907 -0.990117 -0.128125
13.9003 47.1542 -17.7793 0.0562392 -0.990809 -0.122645
15.1524 47.1531 -17.1954 0.0481811 -0.991705 -0.119145
16.0638 47.1443 -16.744 0.0497988 -0.991538 -0.119889
16.9149 47.1372 -16.3314 0.0493696 -0.991578 -0.119731
17.7954 47.146 -16.0799 0.0422865 -0.991465 -0.123322
18.9571 47.1654 -15.8396 0.0418068 -0.991477 -0.123393
19.9946 47.1717 -15.5844 0.0320691 -0.992057 -0.121613
20.8903 47.1779 -15.387 0.0333269 -0.992218 -0.119973
21.8161 47.1879 -15.2305 0.0313059 -0.992418 -0.118853
22.7236 47.2048 -15.1229 0.0336044 -0.992383 -0.118515
23.9575 47.2326 -14.9971 0.0324197 -0.992691 -0.116193
25.3072 47.2708 -14.9284 0.029583 -0.991284 -0.128099
26.2662 47.2885 -14.9055 0.0250343 -0.992095 -0.122696
27.5951 47.3236 -14.7693 0.0436669 -0.990538 -0.130109
29.0489 47.3323 -14.3901 0.0422023 -0.99174 -0.12074
30.3291 47.3351 -13.8547 0.0494175 -0.991977 -0.116315
31.3048 47.33 -13.4291 0.042785 -0.991973 -0.118993
32.33 47.3277 -13.0305 0.0466039 -0.99209 -0.116537
33.2504 47.3209 -12.5882 0.0508796 -0.992197 -0.113769
34.1766 47.2942 -11.9211 0.0483749 -0.99281 -0.109489
34.9217 47.2708 -11.3786 0.0485678 -0.992814 -0.109365
35.9518 47.2428 -10.6363 0.0544047 -0.992761 -0.107083
37.1844 47.2022 -9.62872 0.0505285 -0.993567 -0.10135
37.8954 47.1771 -9.02194 0.0565693 -0.993753 -0.0960824
38.8624 47.1603 -8.22354 0.0576312 -0.994096 -0.0919257
39.9613 47.138 -7.33312 0.061211 -0.993759 -0.0930964
40.9809 47.125 -6.38352 0.0678182 -0.993903 -0.0869234
41.7588 47.0827 -5.27929 0.0649532 -0.994819 -0.0781193
42.4129 47.0768 -4.61598 0.0690302 -0.994724 -0.0758739
43.0838 47.0607 -3.78741 0.0689599 -0.994822 -0.0746539
43.5383 47.027 -2.91336 0.0751378 -0.994586 -0.0717838
44.1772 47.0055 -1.86602 0.0721505 -0.99534 -0.0639763
44.6768 46.9931 -1.05087 0.0757448 -0.995353 -0.0594651
45.0878 46.974 -0.20611 0.0774185 -0.995282 -0.0584859
45.5334 46.9412 1.00089 0.0755127 -0.995916 -0.0494627
45.8519 46.9235 1.86764 0.0767103 -0.995876 -0.0484412
46.2262 46.8996 2.97144 0.0749268 -0.996041 -0.0478343
46.46 46.8737 3.87571 0.0755419 -0.995937 -0.0490089
46.7199 46.8248 5.43329 0.0799163 -0.995956 -0.0409239
46.9124 46.7951 6.62825 0.0816469 -0.996025 -0.0355356
47.0209 46.7721 7.65801 0.0784233 -0.996506 -0.0287474
47.0309 46.7412 8.74718 0.076173 -0.996732 -0.026696
46.9728 46.7178 9.6787 0.0760858 -0.996926 -0.0187031
46.9292 46.6904 10.9926 0.0707964 -0.99732 -0.0184777
46.9 46.6706 12.2778 0.0684707 -0.997622 -0.00791324
46.7946 46.6537 13.3743 0.0712713 -0.997425 -0.00728587
46.6656 46.6402 14.3882 0.0723868 -0.997375 -0.00167156
46.4944 46.6266 15.5781 0.0742164 -0.997242 -5.40741e-05
46.3096 46.612 16.7183 0.075132 -0.99717 0.00157546
46.0767 46.6033 18.1101 0.0679653 -0.997653 0.00837488
45.7862 46.5925 19.1963 0.0710095 -0.997415 0.010385
45.3635 46.5838 20.3287 0.0695549 -0.997385 0.0196494
44.9153 46.5869 21.6985 0.07183 -0.996938 0.0309035
44.5329 46.5883 22.597 0.0715203 -0.996848 0.0343475
43.9056 46.5807 23.5866 0.0667504 -0.997004 0.0390927
43.3277 46.5762 24.4669 0.0670816 -0.996996 0.0387101
42.8534 46.5748 25.2407 0.0630263 -0.997036 0.0438619
42.2835 46.5869 26.1647 0.0643436 -0.996612 0.0511855
41.7645 46.6063 27.1753 0.0656469 -0.996257 0.0562365
41.1261 46.6208 28.1421 0.0616142 -0.996686 0.053102
40.3089 46.6334 29.1189 0.0581876 -0.995824 0.0703188
39.3762 46.6447 30.012 0.055982 -0.995822 0.0721377
38.4845 46.6603 30.8645 0.0557137 -0.995427 0.077594
37.5748 46.6729 31.6661 0.0554053 -0.99504 0.082501
36.598 46.6996 32.5342 0.0599468 -0.993458 0.0972017
35.8156 46.7127 33.0466 0.0452666 -0.993536 0.103893
35.033 46.7206 33.5001 0.0509017 -0.993236 0.103796
33.9259 46.7515 34.2135 0.0391459 -0.992073 0.119411
32.8912 46.8086 34.968 0.0408142 -0.990713 0.129355
31.8073 46.853 35.7099 0.0476588 -0.990071 0.132244
30.9314 46.8767 36.1261 0.027613 -0.98863 0.147649
29.7296 46.9183 36.6367 0.0313763 -0.989189 0.143212
28.611 46.9352 36.9871 0.0324111 -0.988749 0.146029
27.6508 46.9246 37.1282 0.0300091 -0.989334 0.142477
26.5441 46.9207 37.3313 0.0294377 -0.989832 0.139159
25.5529 46.9328 37.6257 0.0420975 -0.988092 0.147991
24.5509 46.9362 37.9342 0.0423127 -0.988063 0.148127
23.4677 46.9431 38.2829 0.0395561 -0.988293 0.147335
22.5963 46.9369 38.5271 0.0495898 -0.98924 0.13764
21.2457 46.8916 38.6583 0.0425209 -0.990377 0.1317
20.1208 46.8656 38.845 0.0488152 -0.98925 0.137844
19.0701 46.8439 39.0528 0.0466515 -0.989359 0.13781
17.8054 46.8248 39.4307 0.0580559 -0.989482 0.132495
16.5857 46.8067 39.8992 0.0684897 -0.989724 0.125518
15.5384 46.7928 40.3279 0.0642375 -0.991363 0.11434
14.6988 46.776 40.6507 0.0652156 -0.990965 0.117191
13.4032 46.74 41.0465 0.0607939 -0.991073 0.11865
12.4391 46.7142 41.3159 0.060028 -0.990583 0.123013
10.9244 46.627 41.3934 0.063581 -0.990165 0.124625
9.67922 46.5612 41.5069 0.0618764 -0.990215 0.125066
8.7108 46.4992 41.5122 0.0649842 -0.989353 0.130225
7.75246 46.4357 41.5005 0.0612275 -0.990007 0.126967
6.82709 46.3816 41.4556 0.0483897 -0.990122 0.131485
5.7378 46.3028 41.2792 0.0504217 -0.988914 0.139666
4.50938 46.1903 40.9235 0.0498822 -0.988974 0.139434
3.59984 46.1065 40.6612 0.0532371 -0.988601 0.140833
2.61305 46.0123 40.37 0.0530106 -0.988686 0.140318
1.38252 45.8702 39.91 0.0597039 -0.988914 0.13582
0.548576 45.7639 39.5024 0.0459439 -0.98705 0.153694
-0.247195 45.642 38.9234 0.0475055 -0.990079 0.13151
-1.35855 45.4519 38.0274 0.0606831 -0.989459 0.131456
-2.34981 45.3039 37.3352 0.0596253 -0.990202 0.126272
-3.51427 45.1167 36.5968 0.0806222 -0.989482 0.11937
-4.58935 44.9749 35.9914 0.0671677 -0.992019 0.106707
-5.56865 44.8686 35.5392 0.0741859 -0.99426 0.0766854
-6.83635 44.7481 35.1362 0.0582361 -0.9964 0.0612963
-7.47494 44.7063 35.0245 0.061059 -0.996524 0.056405
-7.61675 44.7632 35.9246 0.0626761 -0.99394 0.0880973
-6.52877 44.833 36.1186 0.0703166 -0.995087 0.0690163
-5.4716 44.9602 36.5422 0.0874309 -0.991803 0.0931776
-4.46227 45.0925 37.0463 0.0851084 -0.989034 0.117869
-3.36243 45.2955 37.7619 0.0761647 -0.98445 0.158295
-2.31687 45.4678 38.4512 0.0490186 -0.986851 0.154023
-1.56966 45.5934 39.0011 0.0516017 -0.986276 0.156836
-0.371597 45.8012 40.015 0.0381282 -0.987431 0.153384
0.477504 45.9231 40.5538 0.045605 -0.987419 0.151405
1.79912 46.0677 41.0705 0.0519856 -0.98709 0.151496
2.79219 46.1681 41.3973 0.0525628 -0.988389 0.142555
3.6724 46.252 41.6512 0.0512792 -0.988697 0.140865
4.873 46.36 41.9886 0.0494809 -0.98874 0.141229
5.9385 46.4512 42.2663 0.0491109 -0.98898 0.139654
7.09605 46.5195 42.3617 0.047117 -0.989498 0.136655
8.48211 46.6025 42.4105 0.0592589 -0.989007 0.13531
9.8269 46.6857 42.4199 0.0618785 -0.990216 0.125061
10.9814 46.7492 42.3256 0.0631441 -0.989891 0.126981
12.1523 46.8201 42.3088 0.060028 -0.990583 0.123013
13.1601 46.8537 42.112 0.0587981 -0.99091 0.120973
14.2748 46.8745 41.7312 0.0614935 -0.9913 0.116306
15.3594 46.9093 41.4189 0.0643199 -0.991099 0.116558
16.2601 46.9243 41.0235 0.0702224 -0.990225 0.120515
17.3897 46.9513 40.6008 0.0645872 -0.989848 0.126541
18.5106 46.9601 40.1363 0.0641733 -0.989151 0.132021
19.4444 46.9834 39.9085 0.0591081 -0.987366 0.147018
20.3781 47.009 39.7278 0.054417 -0.987489 0.148003
21.2858 47.0273 39.5345 0.0456305 -0.987339 0.151911
22.5018 47.0776 39.4862 0.0486687 -0.987282 0.151329
23.6644 47.0954 39.2026 0.0523868 -0.987126 0.15112
24.777 47.0784 38.808 0.0457779 -0.985589 0.162697
25.729 47.0791 38.5536 0.0418849 -0.988121 0.147862
26.7337 47.066 38.2311 0.0319855 -0.987395 0.154987
27.6185 47.0671 38.0483 0.0287803 -0.987056 0.157771
28.8374 47.0808 37.9116 0.0307618 -0.986647 0.159916
30.1834 47.0525 37.4278 0.0346656 -0.987844 0.151537
31.0374 47.0266 37.0742 0.0325178 -0.987803 0.152278
31.9992 46.9981 36.6377 0.045048 -0.987754 0.149374
32.7874 46.9642 36.1813 0.0325338 -0.989059 0.143764
34.0987 46.8793 35.2192 0.0352747 -0.991649 0.123904
34.8722 46.8519 34.6906 0.0481787 -0.991648 0.119638
35.705 46.8321 34.1691 0.0404085 -0.992834 0.112466
36.7561 46.8192 33.6042 0.0506717 -0.993457 0.10235
37.5014 46.7953 33.0129 0.0480194 -0.994042 0.0977961
38.4147 46.7701 32.2394 0.055794 -0.994661 0.0868124
39.0889 46.7523 31.6168 0.0481536 -0.995551 0.08094
39.9163 46.73 30.7797 0.0497947 -0.995914 0.0753425
40.7689 46.7201 29.9584 0.0566136 -0.99586 0.0711083
41.3938 46.7101 29.2722 0.0649421 -0.995465 0.0695102
42.1676 46.696 28.2646 0.0660076 -0.996076 0.0589171
42.8208 46.6788 27.2368 0.0644024 -0.996397 0.0551934
43.2557 46.6606 26.3842 0.0649092 -0.996472 0.0532103
43.9004 46.6572 25.4854 0.0687598 -0.99639 0.0497804
44.3745 46.6526 24.6068 0.0669421 -0.996964 0.0397713
44.8879 46.6539 23.7694 0.0692036 -0.996977 0.0352862
45.4768 46.665 22.8941 0.0686302 -0.997076 0.0336133
45.948 46.6562 21.5547 0.0702838 -0.997073 0.030098
46.3204 46.6542 20.4456 0.0727489 -0.99717 0.0189551
46.6949 46.6642 19.5368 0.0734461 -0.997169 0.0157719
47.0222 46.6718 18.1635 0.0755811 -0.997098 0.00815129
47.1977 46.6803 17.0138 0.0757667 -0.997118 0.00399044
47.4031 46.6937 15.6408 0.0736334 -0.997285 0.000544423
47.5486 46.7039 14.6137 0.0730144 -0.99733 -0.00056524
47.7349 46.7245 13.2059 0.075271 -0.997148 -0.00557644
47.833 46.742 12.0263 0.0755103 -0.997088 -0.0106274
47.8428 46.7596 10.8221 0.0724479 -0.997191 -0.0189771
47.9068 46.791 9.44688 0.0747806 -0.996959 -0.0217234
47.9832 46.8308 8.1915 0.0750404 -0.996717 -0.0304059
47.8839 46.8611 7.05028 0.0783012 -0.996347 -0.0340771
47.6957 46.8922 5.7509 0.0811408 -0.995981 -0.0379109
47.5172 46.9249 4.59323 0.0800002 -0.995739 -0.04582
47.3453 46.957 3.62858 0.0812144 -0.995544 -0.047913
46.9596 46.9925 2.24239 0.0806916 -0.995557 -0.0485274
46.5993 47.0127 1.25081 0.0795485 -0.995594 -0.0496388
46.2213 47.0379 0.2001 0.0807624 -0.995225 -0.054806
45.8862 47.065 -0.711054 0.0759857 -0.995535 -0.0560003
45.4139 47.0841 -1.64682 0.0734598 -0.99555 -0.0590268
44.7397 47.1029 -2.70073 0.0753883 -0.994616 -0.0711048
44.2302 47.1383 -3.72599 0.0748834 -0.994556 -0.072461
43.6198 47.1651 -4.6647 0.0690549 -0.994584 -0.0776841
42.9008 47.1749 -5.44228 0.0714072 -0.994071 -0.0818191
42.275 47.1952 -6.18669 0.071135 -0.993561 -0.0881883
41.599 47.2279 -7.08271 0.0668861 -0.993948 -0.0871465
40.7071 47.2411 -7.90802 0.0664948 -0.993538 -0.0919846
39.9097 47.2526 -8.57356 0.0563932 -0.994051 -0.0931754
39.1262 47.2634 -9.17305 0.0576314 -0.994096 -0.0919259
38.2776 47.2846 -9.87672 0.0547302 -0.993435 -0.100456
37.4026 47.3148 -10.6185 0.0500716 -0.993415 -0.10305
36.4381 47.3482 -11.4088 0.0492685 -0.99315 -0.105909
35.3621 47.3813 -12.1879 0.0478764 -0.992888 -0.109004
34.4247 47.4155 -12.9009 0.0492194 -0.992277 -0.113862
33.5553 47.4415 -13.5034 0.0492728 -0.992279 -0.113816
32.5788 47.4488 -13.9484 0.0429519 -0.991602 -0.121987
31.2127 47.4482 -14.4455 0.0440948 -0.991185 -0.124883
30.2113 47.4588 -14.9559 0.0540846 -0.990668 -0.125106
29.2636 47.4624 -15.3177 0.0383232 -0.990237 -0.134019
28.3791 47.458 -15.5382 0.0378409 -0.990128 -0.134961
27.4214 47.441 -15.7061 0.0426829 -0.990022 -0.13429
26.1146 47.4082 -15.8198 0.0295693 -0.990004 -0.137902
25.0981 47.3792 -15.8426 0.0370333 -0.991038 -0.128327
24.0848 47.3507 -15.9073 0.0352681 -0.990798 -0.130671
22.8495 47.3281 -16.0636 0.034953 -0.990726 -0.1313
21.5516 47.2998 -16.1959 0.0368839 -0.990329 -0.133744
20.4571 47.2925 -16.4411 0.0330583 -0.991237 -0.127792
19.4607 47.29 -16.6701 0.0363092 -0.991687 -0.123323
18.3115 47.2691 -16.8933 0.0419515 -0.991492 -0.123218
17.3544 47.2604 -17.1738 0.0489417 -0.991619 -0.119565
16.485 47.2662 -17.5763 0.0476202 -0.991145 -0.12394
15.4776 47.2772 -18.0654 0.0512087 -0.990558 -0.127171
14.645 47.2834 -18.4394 0.0533688 -0.990085 -0.129933
13.6272 47.2886 -18.9004 0.0577895 -0.989653 -0.131307
12.7562 47.2823 -19.2587 0.0593546 -0.99042 -0.124684
11.2604 47.2427 -19.6282 0.0541696 -0.99085 -0.123616
10.3266 47.2145 -19.8184 0.047066 -0.989929 -0.133441
9.1768 47.1868 -19.9867 0.0456352 -0.989535 -0.136869
8.0945 47.1439 -20.0354 0.0446698 -0.989188 -0.139684
7.06038 47.0905 -20.0099 0.0427875 -0.987772 -0.149921
5.94417 47.0379 -20.0003 0.0504668 -0.987127 -0.151756
4.92421 46.9862 -20.0139 0.0549384 -0.9868 -0.152302
3.62184 46.8907 -19.864 0.052343 -0.986135 -0.157473
2.68683 46.8072 -19.6772 0.0542957 -0.985125 -0.163039
1.30005 46.6664 -19.2549 0.0479747 -0.986378 -0.157343
0.44461 46.5727 -18.9383 0.0522231 -0.986709 -0.153016
-0.468216 46.4846 -18.6362 0.0572964 -0.988425 -0.140258
-1.48302 46.373 -18.3238 0.0629237 -0.987431 -0.144971
-2.41656 46.2669 -18.0453 0.0716585 -0.987891 -0.137613
-3.65489 46.1213 -17.5455 0.0559263 -0.990322 -0.12702
-4.60838 46.0386 -17.3532 0.0652931 -0.990332 -0.122375
-5.55999 45.9786 -17.3811 0.0660676 -0.990095 -0.12388
-6.8295 45.9053 -17.3566 0.0487244 -0.99181 -0.117913
-7.93907 45.8 -17.1452 0.0692926 -0.992251 -0.102887
-8.89579 45.7172 -16.9314 0.0640154 -0.993094 -0.0983185
-9.81178 45.6398 -16.7155 0.0682382 -0.993687 -0.0890457
-10.8059 45.5573 -16.4728 0.0539786 -0.995513 -0.0777165
-12.0531 45.4818 -16.3473 0.0520661 -0.996379 -0.0671579
-13.3295 45.4087 -16.3072 0.0525461 -0.996554 -0.0640707
-14.2602 45.3512 -16.202 0.0554566 -0.996537 -0.0619595
-15.6529 45.257 -16.0006 0.0578956 -0.996914 -0.0518184
-16.9073 45.1796 -15.8192 0.0585151 -0.9974 -0.0420698
-17.9233 45.1117 -15.7106 0.0658244 -0.997436 -0.0280317
-19.2116 45.0291 -15.5247 0.0595762 -0.998019 -0.0201968
-20.2799 44.9559 -15.3569 0.0612263 -0.998112 -0.00479532
-21.4296 44.8845 -15.2606 0.0617804 -0.998079 -0.00460998
-22.6457 44.8088 -15.0734 0.0648012 -0.997895 0.0013766
-23.7866 44.7345 -15.0012 0.0674482 -0.997723 1.52362e-05
-25.1169 44.6435 -14.951 0.0755748 -0.997058 0.0127939
-26.0583 44.5728 -14.9317 0.0794706 -0.996744 0.0101698
-27.2673 44.4869 -14.9266 0.0698576 -0.997383 0.017957
-28.1827 44.4196 -14.9638 0.0727345 -0.997095 0.0226107
-29.1762 44.3487 -14.9436 0.0687348 -0.997438 0.0198422
-30.4528 44.2607 -14.8324 0.0714595 -0.997284 0.0177861
-31.7824 44.1672 -14.5445 0.0770426 -0.996895 0.0162442
-32.8881 44.0878 -14.0738 0.0869974 -0.995978 0.0214088
-33.9814 44.0058 -13.4488 0.0877646 -0.995903 0.0217463
-35.2704 43.901 -12.8377 0.0923932 -0.995541 0.0190085
-36.7081 43.7725 -12.4368 0.0955689 -0.995308 0.0151378
-37.9158 43.6586 -12.0869 0.10277 -0.994592 0.0150218
-39.1531 43.5338 -11.747 0.10944 -0.993851 0.016844
-40.0967 43.4369 -11.3859 0.1096 -0.993955 0.00640839
-40.9543 43.3445 -11.0261 0.105865 -0.994363 0.00591962
-42.0196 43.2306 -10.6434 0.108589 -0.994084 -0.00190055
-42.9518 43.1301 -10.3577 0.105202 -0.99442 -0.0075736
-43.9639 43.0184 -9.98503 0.108511 -0.994061 -0.0079875
-45.0449 42.8981 -9.50825 0.103981 -0.994513 -0.0114528
-46.3198 42.7539 -8.83079 0.0986678 -0.994873 -0.0207268
-47.136 42.6684 -8.37739 0.0967737 -0.994995 -0.0248971
-47.8565 42.5784 -7.80096 0.0997513 -0.993983 -0.0451267
-48.466 42.4854 -7.07406 0.101796 -0.993545 -0.0500554
-49.1509 42.3845 -6.4289 0.101603 -0.993845 -0.0441397
-50.0884 42.2365 -5.37864 0.101837 -0.9934 -0.0526584
-51.0034 42.0886 -4.37595 0.100329 -0.993081 -0.0610063
-51.6596 41.981 -3.68592 0.0996757 -0.992982 -0.0635849
-52.4412 41.8429 -2.74294 0.0944555 -0.993417 -0.0648111
-53.1833 41.7001 -1.72396 0.0927547 -0.993059 -0.0723198
-53.8564 41.5433 -0.499259 0.0939534 -0.992258 -0.0812183
-54.2648 41.4147 0.601354 0.0937452 -0.992093 -0.0834153
-54.6724 41.2722 1.78253 0.096524 -0.991484 -0.0874232
-54.9777 41.167 2.65237 0.0996307 -0.991255 -0.0865252
-55.4828 41.0083 3.90585 0.102218 -0.991118 -0.0850339
-55.8554 40.891 4.80029 0.102421 -0.990653 -0.0900129
-56.2147 40.7621 5.75229 0.0953758 -0.990763 -0.0961568
-56.6501 40.6196 6.86032 0.0873861 -0.992386 -0.0867963
-56.9405 40.5162 7.75025 0.0867684 -0.992398 -0.0872799
-57.1212 40.3747 9.15531 0.0721955 -0.993323 -0.0899877
-57.1875 40.2668 10.4519 0.0740526 -0.994198 -0.0780137
-57.236 40.1958 11.3737 0.0703464 -0.994871 -0.0726893
-57.2225 40.1217 12.4695 0.0727877 -0.995329 -0.063413
-57.151 40.0675 13.4778 0.0825604 -0.995474 -0.0469517
-57.0329 40.0338 14.4671 0.0806728 -0.995706 -0.0453493
-57.0119 39.9919 15.4914 0.0764128 -0.996301 -0.0393173
-56.943 39.9495 16.7414 0.0744427 -0.996565 -0.0362969
-56.6318 39.9238 18.0972 0.0746044 -0.996579 -0.0355464
-56.2527 39.9112 19.2516 0.0725748 -0.996594 -0.0389158
-55.8242 39.9062 20.223 0.0681294 -0.997102 -0.0338584
-55.1497 39.9188 21.3235 0.0770959 -0.996366 -0.0362118
-54.6541 39.9262 22.1957 0.0838417 -0.995834 -0.0358271
-54.0063 39.9373 23.3528 0.0841535 -0.9958 -0.0360294
-53.3158 39.9628 24.3385 0.0932783 -0.995112 -0.031916
-52.52 40.0093 25.4653 0.0990627 -0.994732 -0.0262661
-51.8069 40.0581 26.396 0.0994674 -0.994735 -0.0246539
-51.1429 40.1108 27.2368 0.109866 -0.993715 -0.0214421
-50.6495 40.1488 28.0045 0.112825 -0.993462 -0.016863
-50.082 40.2047 28.7991 0.111668 -0.993699 -0.00963223
-49.4196 40.2732 29.4279 0.117518 -0.993033 -0.00588079
-48.6257 40.3703 30.1636 0.125311 -0.99211 -0.00388566
-47.8654 40.4612 30.9351 0.12348 -0.992329 -0.00593785
-47.131 40.552 31.5318 0.134494 -0.990907 -0.0028464
-46.3682 40.6525 32.1609 0.134928 -0.990841 -0.00539142
-45.5785 40.7609 32.7312 0.136379 -0.990654 -0.00158282
-44.5473 40.9046 33.293 0.138313 -0.99038 0.00421342
-43.5679 41.0484 33.7628 0.146261 -0.98922 0.00721919
-42.5795 41.1958 34.1965 0.14247 -0.989779 0.00627171
-41.6774 41.3306 34.5378 0.148275 -0.988936 0.00451915
-40.8238 41.4614 34.8831 0.154562 -0.987948 0.00724688
-39.9544 41.6032 35.2131 0.153856 -0.98803 0.0107252
-38.9931 41.7531 35.5159 0.152049 -0.988271 0.013788
-38.1337 41.8878 35.7811 0.151322 -0.988413 0.0119136
-37.1042 42.0445 36.0831 0.144012 -0.989525 0.0100878
-35.9895 42.2056 36.1893 0.140344 -0.990053 0.00991538
-34.867 42.3654 36.2666 0.143409 -0.989574 0.0126356
-33.7601 42.5307 36.3387 0.144367 -0.989385 0.0163649
-32.3826 42.7242 36.2004 0.139726 -0.990071 0.0153666
-31.2951 42.8724 36.0323 0.137762 -0.990354 0.0148123
-30.2941 43.0039 35.8548 0.128474 -0.99162 0.0135524
-28.9885 43.1653 35.6948 0.115929 -0.993024 0.0213052
-28.0651 43.2723 35.6125 0.11399 -0.993295 0.0190516
-26.9196 43.3973 35.5439 0.108546 -0.993938 0.0174884
-26.0212 43.4873 35.4983 0.0986078 -0.99496 0.0182063
-24.8711 43.5952 35.2048 0.0957311 -0.99517 0.0217297
-23.7332 43.6961 34.9184 0.0871162 -0.99599 0.0203753
-22.6205 43.7878 34.6306 0.0810806 -0.996516 0.0183261
-21.295 43.8864 34.4261 0.0787735 -0.99638 0.0318291
-20.0546 43.9736 34.2981 0.0705669 -0.996669 0.0408222
-18.8449 44.0619 34.322 0.0738786 -0.996173 0.0467102
-17.775 44.1365 34.6907 0.0529096 -0.99664 0.0623493
-16.4959 44.224 35.0914 0.0417245 -0.99711 0.0631548
-15.576 44.2747 35.3814 0.0399096 -0.997506 0.0578016
-14.5611 44.335 35.6397 0.0463563 -0.996813 0.0649187
-13.2998 44.405 35.809 0.0465904 -0.996765 0.0654914
-12.2208 44.4619 35.8661 0.058181 -0.996099 0.066352
-11.2594 44.5246 35.9467 0.0555537 -0.995988 0.0699601
-10.0995 44.5964 36.0573 0.0606905 -0.996459 0.0581793
-8.85682 44.6694 35.984 0.0625772 -0.996374 0.0576458
-8.04888 44.7271 35.9213 0.0822026 -0.992423 0.0913171
-8.2521 44.794 36.8323 0.101077 -0.991523 0.0783648
-9.53333 44.6919 37.0515 0.0628201 -0.99616 0.0609753
-10.5377 44.6313 36.918 0.0519406 -0.995737 0.0762244
-11.7946 44.5579 36.8441 0.0574875 -0.994971 0.0820225
-12.9035 44.4861 36.7722 0.0467226 -0.996888 0.0634883
-13.9893 44.4265 36.6355 0.0468205 -0.996833 0.0642782
-14.9174 44.3793 36.5115 0.0402218 -0.996575 0.072251
-15.8717 44.3256 36.2916 0.0359903 -0.996922 0.0696492
-16.9479 44.2586 35.9136 0.0422032 -0.996077 0.0777828
-18.0675 44.1765 35.5398 0.0533437 -0.995781 0.0746612
-18.9743 44.101 35.2103 0.0654932 -0.994861 0.0772173
-20.6143 43.9648 35.2592 0.0891312 -0.994786 0.0456639
-21.9783 43.862 35.4078 0.0815343 -0.996157 0.0319969
-23.3978 43.7483 35.7958 0.0908664 -0.995453 0.0285906
-24.5238 43.6503 36.0662 0.100287 -0.994482 0.030785
-25.4453 43.5651 36.3137 0.0978762 -0.994832 0.0265773
-26.6098 43.4487 36.5371 0.103094 -0.994491 0.0189591
-27.6491 43.3406 36.4785 0.106885 -0.99381 0.0302717
-28.5644 43.2359 36.5639 0.116404 -0.99287 0.0256353
-29.9455 43.0681 36.7058 0.132368 -0.990963 0.0217
-30.9707 42.9349 36.8611 0.13626 -0.990404 0.022702
-31.8841 42.81 37.0587 0.136788 -0.99019 0.0279081
-33.1237 42.6448 37.2201 0.138224 -0.989777 0.0351598
-34.0681 42.4988 37.2456 0.151549 -0.988238 0.0193647
-35.0015 42.3596 37.1973 0.145223 -0.989278 0.0153563
-36.2081 42.1861 37.1064 0.139798 -0.990088 0.0134858
-37.4779 42.0036 36.9499 0.143173 -0.989544 0.0174465
-38.4299 41.8571 36.6864 0.148154 -0.98884 0.0157005
-39.487 41.6909 36.3713 0.153384 -0.988025 0.0167268
-40.5506 41.5153 36.0242 0.159356 -0.987195 0.00719633
-41.6966 41.3331 35.4835 0.147595 -0.989028 0.00623659
-42.7559 41.1754 35.1021 0.142343 -0.989804 0.00504971
-43.64 41.0482 34.7259 0.142022 -0.989767 0.013818
-44.6847 40.8917 34.2285 0.13885 -0.990246 0.0108439
-46.1038 40.6895 33.4393 0.136362 -0.99064 0.00573635
-47.1749 40.5431 32.7278 0.1295 -0.991577 0.000466108
-47.8662 40.4556 32.1482 0.117255 -0.99307 -0.00795917
-48.62 40.366 31.5743 0.121789 -0.992553 -0.00235948
-49.3612 40.2759 30.7352 0.124268 -0.992228 -0.00646566
-50.2628 40.1734 29.9879 0.111877 -0.993685 -0.00863794
-51.117 40.0852 29.1224 0.105799 -0.994297 -0.0118568
-51.6799 40.0422 28.1648 0.0999746 -0.994895 -0.0137121
-52.6636 39.965 26.9339 0.0949665 -0.995406 -0.0121543
-53.1544 39.9279 26.1641 0.0968311 -0.994869 -0.0292233
-53.7826 39.893 25.223 0.0959436 -0.995018 -0.0270745
-54.351 39.8696 24.4447 0.0850173 -0.995747 -0.0355022
-55.0749 39.8506 23.2757 0.081263 -0.995972 -0.0378275
-55.5406 39.8471 22.4093 0.0791704 -0.996131 -0.038138
-56.289 39.8387 21.2245 0.0688527 -0.996857 -0.038954
-56.8112 39.8291 20.4477 0.069513 -0.996962 -0.0351498
-57.1941 39.8383 19.4318 0.0696211 -0.99702 -0.0331753
-57.5351 39.8465 18.4087 0.068289 -0.99723 -0.029439
-57.8204 39.8597 17.3424 0.0760623 -0.996551 -0.0331851
-57.9011 39.8854 16.4637 0.0776764 -0.996279 -0.0373489
-57.9504 39.9178 15.5364 0.0769817 -0.996254 -0.0394011
-57.9644 39.9562 14.5789 0.075068 -0.996192 -0.0443231
-58.0873 40.0068 13.1698 0.0804176 -0.995309 -0.0524467
-58.133 40.1114 11.6013 0.0771101 -0.994391 -0.0723781
-58.1587 40.1854 10.5693 0.0739845 -0.994207 -0.0779718
-58.0311 40.2833 9.40701 0.0893644 -0.992618 -0.0807089
-57.9874 40.3975 8.19377 0.0738746 -0.993284 -0.0890493
-57.7457 40.5047 7.15485 0.0739755 -0.993745 -0.0836546
-57.4259 40.6039 6.25495 0.115424 -0.988899 -0.0918908
-56.9959 40.7423 5.17327 0.0984112 -0.991272 -0.0877166
-56.4286 40.9268 3.75981 0.0945786 -0.991458 -0.0898152
-56.0161 41.0414 2.90236 0.0982688 -0.991339 -0.0871226
-55.5274 41.2127 1.51562 0.0969986 -0.991378 -0.0880877
-55.2432 41.3174 0.641551 0.0959851 -0.991257 -0.0904861
-54.8167 41.4724 -0.682363 0.0853867 -0.99278 -0.084238
-54.2315 41.609 -1.80565 0.0797845 -0.994182 -0.0713648
-53.7107 41.7175 -2.62614 0.091577 -0.993104 -0.0731985
-52.7598 41.8841 -3.79299 0.090205 -0.993594 -0.06808
-52.1607 41.984 -4.46292 0.0905196 -0.993606 -0.0674741
-51.5423 42.0852 -5.11928 0.0883571 -0.994182 -0.0612312
-50.725 42.2081 -5.9916 0.0938386 -0.994012 -0.0559827
-50.0938 42.3138 -6.78671 0.0910002 -0.994159 -0.0580163
-49.3596 42.424 -7.56929 0.0866955 -0.99475 -0.0543792
-48.6845 42.5212 -8.32631 0.0968913 -0.994353 -0.043287
-47.9278 42.6168 -9.02037 0.0835645 -0.995938 -0.0335268
-47.0579 42.6983 -9.51893 0.09319 -0.995532 -0.0152098
-46.0425 42.8032 -10.0809 0.0995806 -0.994926 -0.0143762
-45.115 42.8991 -10.5294 0.1051 -0.994456 -0.00347124
-43.9143 43.0315 -10.9528 0.108382 -0.994077 -0.00789801
-42.9929 43.1321 -11.2903 0.103418 -0.994615 -0.00676788
-41.9423 43.2375 -11.5529 0.101435 -0.994833 0.00299876
-40.6549 43.3698 -12.1724 0.106473 -0.994293 0.00585859
-39.5625 43.483 -12.6153 0.102322 -0.994713 0.00870506
-38.6071 43.5781 -12.8646 0.10044 -0.994891 0.010088
-37.5973 43.676 -13.1639 0.10275 -0.994677 0.00488936
-36.7261 43.7532 -13.4286 0.094085 -0.99538 0.0191481
-35.666 43.8479 -13.6897 0.0925878 -0.99552 0.0191766
-34.8005 43.9216 -14.0342 0.0872811 -0.996031 0.0174473
-33.8644 43.9976 -14.5754 0.0867357 -0.996153 0.0118538
-32.3501 44.1152 -15.2995 0.0781525 -0.996873 0.0105223
-31.0316 44.2066 -15.6616 0.0703802 -0.997433 0.0131782
-29.6627 44.3001 -15.8246 0.0687853 -0.997531 0.0141841
-28.7598 44.362 -15.8675 0.0670861 -0.997635 0.0148323
-27.7538 44.4289 -15.9023 0.0724886 -0.997093 0.0234683
-26.8257 44.4995 -15.9356 0.0812425 -0.996402 0.0241488
-25.9249 44.5776 -15.909 0.087998 -0.996095 0.0071313
-24.9337 44.6552 -15.9107 0.0700088 -0.997546 0.00055534
-23.9587 44.7276 -15.9114 0.0688842 -0.99757 -0.00723921
-23.0251 44.7887 -15.9661 0.0674219 -0.997635 -0.0133885
-21.6722 44.8655 -16.1751 0.0582487 -0.99826 0.00405725
-20.7665 44.924 -16.2804 0.092942 -0.99506 -0.0102792
-19.4983 45.0317 -16.4447 0.0655555 -0.997201 -0.0359468
-18.4214 45.1059 -16.6492 0.0641864 -0.997547 -0.0279173
-17.4608 45.1711 -16.7053 0.0674665 -0.997325 -0.0281402
-16.3076 45.2597 -16.8083 0.0697833 -0.996604 -0.0437198
-15.1087 45.3507 -16.9693 0.0779575 -0.994014 -0.0709966
-14.226 45.415 -17.1325 0.0583803 -0.995766 -0.0710105
-13.0391 45.4913 -17.2506 0.0536824 -0.995987 -0.0716173
-11.8908 45.5594 -17.253 0.0589616 -0.99473 -0.0837941
-10.7292 45.6435 -17.418 0.0687322 -0.992756 -0.0985282
-9.36964 45.7648 -17.7339 0.0645474 -0.993301 -0.095846
-7.84415 45.9298 -18.0532 0.0882838 -0.986682 -0.135704
-6.94256 46.02 -18.2746 0.0477001 -0.990363 -0.130023
-5.83655 46.0912 -18.3478 0.054372 -0.986801 -0.152465
-4.56045 46.1563 -18.2926 0.0641277 -0.990608 -0.120762
-3.61995 46.2552 -18.5676 0.0710875 -0.98646 -0.147707
-2.65079 46.3873 -18.9527 0.0735267 -0.985637 -0.152034
-1.72876 46.4915 -19.2253 0.061435 -0.987299 -0.146515
-0.677473 46.6069 -19.5006 0.0616292 -0.983886 -0.167715
0.26817 46.7205 -19.8537 0.0485585 -0.983698 -0.172905
1.16299 46.8111 -20.1634 0.0401142 -0.983784 -0.174807
2.51942 46.9448 -20.5455 0.0530367 -0.983995 -0.170122
3.41681 47.0184 -20.7356 0.0483195 -0.986119 -0.158783
4.40582 47.0935 -20.8777 0.0513738 -0.986485 -0.155586
5.31374 47.1489 -20.934 0.0519352 -0.986769 -0.153591
6.42196 47.2011 -20.9211 0.0418 -0.987776 -0.15017
7.80176 47.2616 -20.9482 0.0409256 -0.988607 -0.144782
9.50471 47.3167 -20.8262 0.0414447 -0.989595 -0.137755
11.0086 47.3514 -20.6101 0.0475247 -0.99041 -0.129423
12.039 47.3921 -20.4726 0.0594178 -0.990424 -0.12462
12.9498 47.4156 -20.2227 0.0599656 -0.990004 -0.127636
14.0315 47.4231 -19.779 0.0579534 -0.990616 -0.12378
14.8968 47.4126 -19.326 0.052959 -0.990453 -0.127268
15.935 47.4029 -18.8498 0.0471952 -0.990128 -0.13196
16.874 47.3981 -18.4786 0.0463281 -0.991087 -0.124905
17.8392 47.3825 -17.9748 0.0535901 -0.990767 -0.124436
19.274 47.4061 -17.6174 0.0460327 -0.99002 -0.133197
20.1638 47.4167 -17.449 0.0355267 -0.990609 -0.132025
21.1564 47.4277 -17.2622 0.0377032 -0.990502 -0.132224
22.1263 47.433 -17.0149 0.0385125 -0.988631 -0.144852
23.2696 47.466 -16.9932 0.0323756 -0.9909 -0.130648
24.3641 47.497 -16.9415 0.035268 -0.990798 -0.130667
25.8941 47.5253 -16.6785 0.0365197 -0.989402 -0.140233
27.307 47.5635 -16.6368 0.039058 -0.98912 -0.141636
28.4501 47.5944 -16.5126 0.0373574 -0.990017 -0.135906
29.5367 47.5939 -16.2037 0.0423617 -0.988984 -0.141833
30.6693 47.5985 -15.8552 0.0473462 -0.990109 -0.132058
31.6701 47.6011 -15.4724 0.0473769 -0.990872 -0.126124
32.4609 47.5781 -15.0286 0.0439687 -0.990724 -0.128581
33.6766 47.5632 -14.5217 0.038793 -0.992208 -0.1184
34.7541 47.536 -13.7966 0.0524222 -0.992174 -0.113307
35.5103 47.5144 -13.2788 0.0483184 -0.991971 -0.116869
36.2778 47.4759 -12.6631 0.0399414 -0.993234 -0.108879
37.438 47.4329 -11.7499 0.047853 -0.993512 -0.103157
38.6307 47.3935 -10.752 0.0559194 -0.993287 -0.101259
39.7062 47.3649 -9.88054 0.0583177 -0.993388 -0.0988373
40.8293 47.348 -9.00154 0.0620641 -0.993771 -0.0924786
41.931 47.3326 -8.03714 0.0646649 -0.994073 -0.0873809
42.745 47.3205 -7.24644 0.0700419 -0.994035 -0.0836018
43.3952 47.2899 -6.3349 0.0749765 -0.993283 -0.0881371
44.2836 47.2608 -5.27154 0.0723683 -0.993832 -0.0838632
44.8757 47.2436 -4.487 0.0757189 -0.994391 -0.0738419
45.3471 47.2051 -3.50638 0.070552 -0.995176 -0.067857
46.0515 47.1942 -2.58991 0.0763583 -0.994727 -0.0684018
46.6041 47.1553 -1.36885 0.0734449 -0.995434 -0.0606494
47.0654 47.1266 -0.184753 0.0779339 -0.995603 -0.0519226
47.4879 47.0959 1.0009 0.0790278 -0.995572 -0.050849
47.9396 47.0714 2.28583 0.0849404 -0.995287 -0.0467507
48.1763 47.0461 3.22671 0.0840923 -0.995107 -0.0517363
48.4524 46.9992 4.58409 0.0765309 -0.995953 -0.0471257
48.6474 46.9579 5.98904 0.077013 -0.996309 -0.037915
48.7984 46.937 6.93245 0.0784242 -0.996331 -0.0342551
48.9371 46.9147 7.90832 0.07836 -0.996363 -0.0334704
48.8826 46.8818 8.84337 0.0810781 -0.996358 -0.0262314
48.7803 46.8482 10.0169 0.0812268 -0.996529 -0.0182354
48.7464 46.8215 11.3369 0.0803483 -0.996657 -0.0144319
48.7315 46.808 12.4563 0.0791222 -0.996812 -0.0102551
48.6285 46.7929 13.4311 0.0809353 -0.996714 -0.00316183
48.4374 46.7721 14.8915 0.0787917 -0.996886 -0.00140045
48.2891 46.7618 15.941 0.0771145 -0.997022 0.00110063
48.1234 46.7474 16.9234 0.0704849 -0.997498 0.00537785
47.9821 46.7439 18.1261 0.0716873 -0.997404 0.00653295
47.8148 46.7413 19.0499 0.0728421 -0.997284 0.01087
47.449 46.7335 20.29 0.0712092 -0.997266 0.0196485
47.0796 46.7297 21.3322 0.0706954 -0.997049 0.029919
46.6386 46.7363 22.5371 0.0720689 -0.996762 0.0355758
46.1803 46.7357 23.4938 0.0744158 -0.996584 0.0358119
45.6569 46.733 24.4505 0.0697769 -0.996878 0.0369592
45.1406 46.7285 25.2273 0.0662851 -0.996971 0.0406721
44.7365 46.7483 26.1545 0.0660777 -0.996559 0.0499568
44.1116 46.7535 27.0809 0.064628 -0.996435 0.0542174
43.4542 46.7647 28.0643 0.0603651 -0.996751 0.0532838
42.8405 46.7698 28.8218 0.0582812 -0.996557 0.0587595
41.9129 46.7915 30.0277 0.0596633 -0.99621 0.0632903
40.9226 46.8139 31.1803 0.0536218 -0.996174 0.0690049
40.1776 46.83 31.9047 0.0501987 -0.995629 0.0787574
39.4817 46.8551 32.6297 0.0461048 -0.995473 0.0831146
38.6612 46.8729 33.2266 0.0467212 -0.993893 0.0999642
37.9769 46.9032 33.845 0.0474362 -0.993792 0.100631
37.0856 46.9319 34.5083 0.0512808 -0.992061 0.114829
36.0315 46.9479 35.0401 0.0434051 -0.991803 0.120181
34.8698 46.9833 35.7736 0.0487116 -0.99148 0.12081
33.7974 47.0562 36.6243 0.0300309 -0.989878 0.138523
32.9471 47.1202 37.2189 0.0325343 -0.989059 0.143765
31.5929 47.1622 37.8235 0.0335687 -0.987301 0.155264
30.6786 47.1918 38.2195 0.0362865 -0.987522 0.153225
29.5578 47.233 38.6934 0.0324193 -0.986236 0.162135
28.493 47.2376 38.9356 0.0327429 -0.986237 0.16206
27.2386 47.215 39.0373 0.0323143 -0.984035 0.175016
25.9669 47.2426 39.4642 0.0398024 -0.98461 0.170174
25.0091 47.2462 39.7281 0.0514857 -0.984673 0.166638
23.8746 47.2443 40.0892 0.051678 -0.986351 0.156335
22.8964 47.2393 40.3757 0.0456413 -0.985994 0.160417
21.8109 47.1952 40.4162 0.0479791 -0.985654 0.161818
20.5287 47.1617 40.6539 0.0623702 -0.985153 0.159947
19.4317 47.1171 40.8333 0.0630038 -0.988343 0.138596
18.5464 47.0992 41.1255 0.0676655 -0.988329 0.136482
17.5879 47.0774 41.4818 0.0732333 -0.989355 0.125744
16.7156 47.0631 41.8904 0.0787594 -0.99042 0.112635
15.8689 47.0469 42.3326 0.0687207 -0.991494 0.110369
14.933 47.0152 42.58 0.0641107 -0.991723 0.111222
14.0205 46.9861 42.8134 0.0587348 -0.992131 0.11057
13.1222 46.9763 43.0745 0.0516327 -0.990238 0.129298
11.7605 46.9161 43.2452 0.062132 -0.989709 0.1289
10.3223 46.8318 43.3188 0.0667027 -0.99003 0.124065
9.0288 46.7511 43.3398 0.0544191 -0.990555 0.125645
8.12353 46.7031 43.3092 0.0515094 -0.990072 0.130729
7.10832 46.6539 43.3157 0.0386761 -0.98962 0.138408
6.20204 46.604 43.2393 0.0476591 -0.988995 0.140065
5.32202 46.533 43.05 0.051925 -0.98929 0.136417
4.41113 46.4563 42.8184 0.0468787 -0.989016 0.140136
3.54193 46.3783 42.5746 0.0498914 -0.988439 0.143168
2.41443 46.2949 42.4047 0.0504698 -0.988328 0.143732
1.42092 46.1794 41.9506 0.0462985 -0.988147 0.146312
0.480545 46.0839 41.5869 0.0420065 -0.986765 0.156619
-0.733767 45.9326 40.8924 0.024568 -0.986144 0.163922
-1.54292 45.8023 40.265 0.024764 -0.985098 0.170196
-2.31088 45.6575 39.59 0.0309969 -0.982549 0.183402
-3.05495 45.5293 39.0344 0.0334599 -0.977444 0.208529
-3.96793 45.3538 38.4619 0.103783 -0.980243 0.167309
-4.91838 45.1694 37.8485 0.0864543 -0.985848 0.143628
-5.87365 45.0013 37.2938 0.0861478 -0.988421 0.123554
-7.18422 44.8618 36.8611 0.0523381 -0.993838 0.0965574
-7.27886 44.8565 36.8481 0.0431493 -0.995457 0.084877
-7.78146 44.8382 36.8881 0.0626759 -0.99394 0.0880969
