41.8965 52.0114 18.173 0.0298624 -0.999458 -0.00317665
41.634 52.0268 19.4024 0.0249719 -0.999487 0.0200301
41.2384 52.024 20.5037 0.0219789 -0.999698 0.00866728
40.6018 52.0386 21.7158 0.032278 -0.998742 0.0376017
39.8017 52.0309 22.7861 0.0199462 -0.999781 0.00579423
39.1072 52.0366 23.7425 0.0371151 -0.998615 0.0364886
38.5387 52.0353 24.4788 0.0275271 -0.999107 0.0281091
37.7981 52.0408 25.4409 0.0277545 -0.99926 0.026624
37.1428 52.0567 26.26 0.00838052 -0.999746 0.0209387
35.9805 52.0634 27.3771 0.0158747 -0.99972 0.0175399
34.9373 52.072 28.1675 0.0183551 -0.999116 0.0377709
33.7979 52.0855 28.949 0.012711 -0.999075 0.0410904
32.8147 52.0899 29.5033 0.0203585 -0.9995 0.0242105
31.8797 52.0876 30.0337 0.00596768 -0.999542 0.0292151
30.639 52.1003 30.7044 0.0178946 -0.999347 0.031295
29.4357 52.0953 31.386 0.0257175 -0.999304 0.0267916
28.3629 52.0857 32.0144 0.00465361 -0.998787 0.0439523
27.254 52.1019 32.5199 0.0316076 -0.998034 0.0541119
26.1905 52.1035 32.8382 -0.00773642 -0.999174 0.0398911
25.0836 52.1103 33.0687 0.0214128 -0.999723 0.00975461
24.0008 52.0893 33.1362 0.00149339 -0.999612 0.0194818
23.0955 52.1016 33.0901 -0.018418 -0.999414 0.0286153
21.8133 52.1013 32.9373 0.0150093 -0.999771 0.01523
20.4354 52.1089 32.6199 -0.00824716 -0.999965 -0.00136739
19.246 52.1084 32.3912 0.0101064 -0.99994 -0.00402108
18.2448 52.0926 32.269 0.040577 -0.998977 -0.018637
17.0088 52.0439 32.2221 0.0291372 -0.996409 -0.0794473
15.8489 52.0154 32.2488 0.0219022 -0.996823 -0.0765752
14.9257 51.958 32.3349 0.0680157 -0.995535 -0.0648793
13.7364 51.8637 32.4975 0.0627137 -0.995107 -0.0763476
12.7906 51.785 32.6157 0.084026 -0.993764 -0.0732928
11.6561 51.6774 32.6797 0.0945174 -0.992883 -0.0724535
10.535 51.5573 32.6783 0.096195 -0.990604 -0.0972153
9.53778 51.4702 32.5792 0.0970264 -0.990456 -0.09789
8.52114 51.3466 32.4868 0.129544 -0.983001 -0.130102
7.48909 51.2138 32.4665 0.127469 -0.983291 -0.129963
6.57052 51.0928 32.4811 0.117784 -0.986834 -0.108194
5.18729 50.9394 32.4644 0.110089 -0.98839 -0.104715
4.28667 50.8313 32.4152 0.117955 -0.986283 -0.115053
3.31847 50.7006 32.3368 0.164813 -0.977237 -0.133585
2.23918 50.5316 32.3148 0.137469 -0.984464 -0.104012
1.20902 50.4039 32.3116 0.140523 -0.980649 -0.135059
0.292938 50.2481 32.3632 0.148579 -0.982023 -0.113672
-0.870776 50.0829 32.4423 0.133166 -0.987103 -0.0888487
-1.94955 49.92 32.5444 0.132441 -0.985322 -0.1077
-3.32786 49.7361 32.6761 0.110069 -0.988842 -0.100378
-4.28543 49.6024 32.7117 0.125376 -0.989976 -0.0650224
-5.42597 49.4651 32.6713 0.111134 -0.991065 -0.0737113
-6.51255 49.3556 32.5382 0.110675 -0.991285 -0.0714104
-7.72369 49.2348 32.3644 0.107073 -0.991899 -0.0683495
-8.96879 49.1189 32.245 0.0954578 -0.991786 -0.0810272
-10.0378 49.0391 32.1404 0.0768764 -0.99524 -0.0598966
-11.2122 48.9863 31.9806 0.0348039 -0.994867 -0.0950192
-12.2592 48.9643 31.8287 0.0284116 -0.995494 -0.0901192
-13.5007 48.9553 31.5596 0.0291716 -0.996068 -0.0836523
-14.6436 48.946 31.282 0.0214524 -0.996742 -0.077756
-15.5745 48.9388 31.1182 0.0177061 -0.99739 -0.0693909
-16.5448 48.9138 30.9996 0.0395345 -0.99284 -0.112724
-17.7368 48.9072 30.8541 0.00211011 -0.992963 -0.118405
-19.0893 48.9112 30.795 0.0105484 -0.995405 -0.0951745
-20.3334 48.8905 30.9192 -0.00679686 -0.99425 -0.105587
-21.4107 48.8736 31.0569 0.0180475 -0.99401 -0.107506
-22.3746 48.8412 31.2527 0.0065179 -0.994481 -0.104497
-23.551 48.8068 31.4664 0.0142792 -0.993484 -0.113076
-24.8799 48.7709 31.6214 0.0104581 -0.994337 -0.105761
-25.8422 48.756 31.687 0.045836 -0.995777 -0.0779164
-26.9936 48.6979 31.759 0.0419171 -0.994092 -0.100123
-28.0773 48.6617 31.6911 0.0418748 -0.995019 -0.0904628
-29.2044 48.627 31.6103 0.0376594 -0.996289 -0.0763847
-30.4405 48.5733 31.6178 0.0427609 -0.993302 -0.106999
-31.6669 48.4979 31.7294 0.0571656 -0.992843 -0.104609
-32.8814 48.3938 31.8459 0.0762295 -0.992665 -0.0938321
-33.8671 48.3071 31.8135 0.0918483 -0.99138 -0.0934275
-34.9376 48.2107 31.7159 0.0980237 -0.989712 -0.104215
-36.3999 48.0784 31.5022 0.11032 -0.988802 -0.100499
-37.6121 47.9533 31.3453 0.123626 -0.987203 -0.100692
-38.6637 47.8334 31.2506 0.121803 -0.987201 -0.102943
-39.5568 47.7318 31.1486 0.124111 -0.986768 -0.104329
-40.4485 47.6358 30.996 0.12812 -0.986029 -0.106357
-41.5531 47.5152 30.7233 0.135931 -0.985002 -0.106268
-42.4413 47.4286 30.3788 0.140024 -0.984577 -0.104887
-43.2919 47.3565 29.9199 0.138966 -0.984338 -0.108414
-44.2094 47.2974 29.326 0.139937 -0.983392 -0.115578
-45.041 47.2466 28.7466 0.142108 -0.983321 -0.113508
-45.8121 47.1976 28.2055 0.142014 -0.983442 -0.112573
-46.8443 47.1707 27.3439 0.123487 -0.984743 -0.122603
-47.8787 47.1413 26.4062 0.133607 -0.98392 -0.118435
-48.757 47.1363 25.4994 0.125599 -0.9852 -0.116647
-49.576 47.1305 24.6572 0.128019 -0.98392 -0.124251
-50.3652 47.1145 23.9364 0.125373 -0.985329 -0.115794
-50.9962 47.1248 23.2162 0.119169 -0.985367 -0.121861
-51.5926 47.1602 22.3417 0.128208 -0.984793 -0.117243
-52.4418 47.1808 21.2384 0.128135 -0.984589 -0.119008
-52.9719 47.2077 20.4208 0.13434 -0.983931 -0.117611
-53.4302 47.2481 19.5523 0.136759 -0.98381 -0.115825
-53.832 47.3035 18.6007 0.137086 -0.98396 -0.114153
-54.1245 47.366 17.7255 0.129 -0.985088 -0.113847
-54.3846 47.463 16.5566 0.130138 -0.985687 -0.107165
-54.567 47.5637 15.4529 0.128486 -0.98488 -0.116204
-54.6811 47.657 14.5243 0.128356 -0.985789 -0.108237
-54.7229 47.7886 13.2134 0.125391 -0.986607 -0.104307
-54.6815 47.9191 12.1382 0.133255 -0.984307 -0.115683
-54.5986 48.0382 11.1884 0.134652 -0.984767 -0.110014
-54.2854 48.2476 9.70006 0.137755 -0.984578 -0.107843
-54.0304 48.388 8.77171 0.150078 -0.983837 -0.0976837
-53.7145 48.5436 7.68886 0.14961 -0.983832 -0.0984416
-53.2233 48.7493 6.39107 0.156245 -0.982207 -0.103859
-52.7263 48.9233 5.34182 0.157773 -0.983747 -0.0857272
-52.2558 49.0788 4.33569 0.157818 -0.98455 -0.0757854
-51.7671 49.2345 3.22911 0.151715 -0.986753 -0.0574543
-51.3221 49.3551 2.36223 0.14733 -0.987336 -0.0586925
-50.6571 49.5225 1.1869 0.153571 -0.986843 -0.0502663
-49.9243 49.6862 0.0953423 0.144048 -0.988613 -0.0426229
-49.1301 49.8342 -0.847096 0.143887 -0.988972 -0.0350861
-48.1661 49.9934 -1.8235 0.143852 -0.989481 -0.011579
-47.4257 50.0995 -2.52667 0.146309 -0.989211 -0.00178655
-46.7191 50.1993 -3.18496 0.145122 -0.989349 0.0113515
-45.9536 50.2956 -3.78117 0.130303 -0.991191 0.0236857
-45.1861 50.3838 -4.3067 0.12568 -0.991569 0.0312101
-44.3714 50.4678 -4.82602 0.127923 -0.990996 0.0395354
-43.5002 50.5565 -5.31553 0.115185 -0.991934 0.0519679
-42.5792 50.6299 -5.81428 0.112392 -0.991758 0.0615134
-41.1716 50.7204 -6.59896 0.098543 -0.991896 0.080198
-39.9098 50.7857 -7.15866 0.0780662 -0.992319 0.0955812
-38.8816 50.8163 -7.62555 0.0799461 -0.990579 0.111018
-37.8091 50.8287 -8.17346 0.0613936 -0.989659 0.1291
-36.5607 50.8085 -8.81749 0.0517732 -0.988627 0.140965
-35.3221 50.7804 -9.32617 0.0378301 -0.987274 0.154464
-33.9615 50.7651 -9.67747 0.0248377 -0.986277 0.163217
-32.9995 50.7599 -9.85652 0.0283142 -0.98706 0.157696
-32.0553 50.7278 -10.1468 0.00990141 -0.986807 0.161597
-30.7987 50.6585 -10.615 0.0021155 -0.986459 0.163995
-29.6223 50.5927 -11.0289 -0.00117062 -0.988518 0.151101
-28.287 50.5186 -11.3865 -0.0242753 -0.987986 0.152625
-26.6792 50.448 -11.672 -0.0121936 -0.989958 0.140834
-25.7778 50.4182 -11.8037 -0.0233509 -0.988682 0.147616
-24.2881 50.3782 -11.8294 -0.0164075 -0.985467 0.168955
-23.2624 50.3771 -11.7801 -0.00894087 -0.985412 0.169951
-22.019 50.3663 -11.7402 -0.0120516 -0.987546 0.156865
-20.7991 50.3562 -11.7239 -0.00191337 -0.988067 0.153849
-19.824 50.3616 -11.7106 -0.00515962 -0.989204 0.146167
-18.6166 50.356 -11.6887 -0.000678441 -0.991185 0.132486
-17.4368 50.347 -11.7323 0.000493716 -0.991686 0.128595
-16.4271 50.333 -11.8777 -0.00803752 -0.992635 0.120081
-15.3164 50.3136 -12.071 0.0157734 -0.995451 0.0939636
-14.0465 50.3087 -12.3109 0.00702053 -0.998321 0.0575031
-12.7255 50.2938 -12.5263 0.00159807 -0.99717 0.0734743
-11.7121 50.3068 -12.6458 0.043896 -0.99594 0.0785935
-10.7495 50.3386 -12.8087 0.0242526 -0.997344 0.063292
-9.76941 50.3369 -13.0375 0.0246917 -0.995005 0.0967267
-8.89302 50.3779 -13.2535 0.0868699 -0.993789 0.069547
-7.9462 50.4146 -13.3641 0.0416299 -0.998194 0.0433191
-6.62836 50.4717 -13.4857 0.0545201 -0.99739 0.0473408
-5.63685 50.5382 -13.5628 0.070854 -0.997102 0.0277167
-4.3712 50.6281 -13.6084 0.0726637 -0.99698 0.0274096
-3.06869 50.7258 -13.5653 0.0759541 -0.997103 -0.00403266
-2.10748 50.8017 -13.4998 0.084035 -0.996461 -0.00180822
-0.999049 50.8959 -13.4325 0.102858 -0.994571 0.0157709
0.294104 51.0131 -13.4287 0.0738428 -0.996924 0.0261276
1.8377 51.121 -13.4341 0.0786362 -0.996184 0.0351671
2.75412 51.2006 -13.4222 0.0658688 -0.99642 0.052994
3.88757 51.2851 -13.4456 0.0965419 -0.993773 0.0545122
4.79016 51.3762 -13.432 0.0900266 -0.994912 0.0452265
5.97455 51.4782 -13.4274 0.0887508 -0.995785 0.0145506
7.10327 51.5851 -13.307 0.0900063 -0.995937 -0.00305867
8.01824 51.6671 -13.0893 0.0976814 -0.995098 -0.0108657
9.45713 51.805 -12.9348 0.095244 -0.995447 0.00373674
10.7685 51.8874 -12.8163 0.0683523 -0.997133 0.0223912
11.9606 51.9968 -12.6327 0.0957566 -0.99539 -0.00541269
12.9876 52.0953 -12.3925 0.103639 -0.994396 0.0110269
13.9439 52.1872 -12.1726 0.0855083 -0.996081 0.0113399
15.2423 52.2981 -11.9555 0.08068 -0.996486 0.0126243
16.4582 52.3981 -11.7772 0.0604405 -0.997681 0.0312832
17.592 52.4819 -11.6042 0.0654035 -0.99783 -0.00577026
18.5051 52.5445 -11.4824 0.0686166 -0.997641 -0.0020928
19.6267 52.5818 -11.2736 0.0212115 -0.999753 0.00655912
20.5492 52.6213 -11.0755 0.0516883 -0.998663 -0.0010681
21.4317 52.6571 -10.9012 0.0181249 -0.99983 0.00351749
22.6423 52.6761 -10.6947 0.0144944 -0.999888 -0.00263435
24.0616 52.682 -10.3232 -0.00419378 -0.99983 -0.0179751
25.3897 52.6889 -9.95109 0.0176139 -0.999837 0.00408
26.5477 52.6936 -9.7202 -0.00642586 -0.999775 -0.0184484
27.7281 52.6799 -9.41735 -0.0131622 -0.99953 -0.0276885
28.8645 52.6763 -9.03352 0.0284654 -0.998465 -0.0475036
30.0315 52.6871 -8.69209 0.0174391 -0.998635 -0.0492362
30.9471 52.6767 -8.41082 0.00280234 -0.997827 -0.0658307
32.0607 52.6646 -7.99824 0.0185383 -0.998529 -0.0509539
32.952 52.6723 -7.62163 0.0391361 -0.996478 -0.0724421
33.8039 52.6672 -7.21453 0.0361044 -0.995464 -0.0880214
35.0447 52.6567 -6.46429 0.0380976 -0.997183 -0.0645204
36.1056 52.648 -5.76686 0.0348501 -0.997179 -0.0664815
36.879 52.6351 -5.18098 0.0495422 -0.995261 -0.0836722
37.591 52.6188 -4.56899 0.0489839 -0.995228 -0.0843904
38.2424 52.5984 -3.94635 0.0572411 -0.995038 -0.0813756
39.0835 52.5596 -2.85784 0.0606254 -0.995202 -0.0767325
39.5153 52.5266 -2.06491 0.0631311 -0.994947 -0.0780747
39.9413 52.4795 -1.11783 0.0673951 -0.995232 -0.0700138
40.4082 52.4505 -0.011943 0.0557767 -0.996711 -0.0579669
40.7725 52.4042 0.961775 0.0428119 -0.997621 -0.0511422
41.137 52.3733 1.79214 0.0403376 -0.997315 -0.057975
41.5387 52.3506 2.62553 0.0617042 -0.996788 -0.0507522
42.0967 52.3336 3.8459 0.0531877 -0.997348 -0.0482172
42.5149 52.281 5.07917 0.0575964 -0.996542 -0.0588914
42.7885 52.2415 6.44316 0.0522468 -0.997942 -0.0370885
42.8304 52.2121 7.37287 0.0310363 -0.999086 -0.0294059
42.8366 52.1789 8.41581 0.041587 -0.998635 -0.0299751
42.8478 52.1459 9.62641 0.0535153 -0.997815 -0.0387439
42.8456 52.1125 10.6245 0.0251071 -0.999498 -0.018291
42.7961 52.1052 11.5367 0.0461764 -0.998933 0.00105086
42.7655 52.078 12.5928 0.0374623 -0.998303 -0.0412589
42.6256 52.0516 14.0628 0.0248375 -0.999656 0.00251993
42.4543 52.0505 15.0704 0.0183012 -0.999796 -0.00695244
42.3135 52.0373 16.0378 0.017992 -0.999719 -0.0148732
42.122 52.0271 17.0338 0.040886 -0.999143 0.000773665
42.0019 52.0187 17.6572 0.0432056 -0.999052 -0.00523769
42.8965 52.0675 17.9591 0.0630239 -0.997845 0.0182529
43.1078 52.0725 16.7946 0.0673374 -0.997725 -0.00333429
43.33 52.0871 15.488 0.0673069 -0.997727 0.00316701
43.4707 52.0935 14.4818 0.0698609 -0.997528 0.00722638
43.6536 52.1001 13.3714 0.0765099 -0.996915 -0.00805479
43.7161 52.1484 12.1589 0.0479965 -0.99815 -0.0258191
43.7629 52.1483 10.8349 0.0447773 -0.998995 0.00206277
43.7691 52.1956 9.61571 0.0628543 -0.996924 -0.0451403
43.7614 52.232 8.38864 0.0610946 -0.997705 -0.0291783
43.7592 52.2636 7.30183 0.0575003 -0.997813 -0.0322482
43.7333 52.2946 6.38574 0.0538913 -0.997924 -0.0352748
43.546 52.3429 5.18197 0.0661423 -0.995722 -0.064518
43.2492 52.3833 4.21094 0.0684626 -0.99588 -0.0594609
42.8798 52.4109 3.27479 0.0690964 -0.996321 -0.0504619
42.4469 52.4219 2.36974 0.0731979 -0.99601 -0.0508574
41.9534 52.4475 1.39163 0.0647555 -0.996047 -0.0608078
41.5928 52.484 0.528821 0.0666798 -0.995281 -0.0704929
41.0524 52.545 -0.910839 0.0682012 -0.995683 -0.0629258
40.635 52.5851 -1.89347 0.0644415 -0.994882 -0.0778336
40.1589 52.6282 -2.84153 0.0657901 -0.994857 -0.077016
39.521 52.6676 -3.88188 0.0623603 -0.994769 -0.0808126
38.8628 52.6923 -4.65046 0.0585155 -0.993985 -0.0920683
38.1885 52.711 -5.28814 0.0697154 -0.992974 -0.0956165
37.4606 52.7255 -5.91218 0.0492717 -0.995054 -0.08622
36.705 52.7397 -6.48854 0.0490008 -0.994846 -0.0887707
35.9201 52.7407 -7.00295 0.05573 -0.994475 -0.0888852
34.8339 52.7529 -7.70266 0.0453956 -0.994246 -0.0970216
33.719 52.7467 -8.30397 0.0665118 -0.994079 -0.0859262
32.8564 52.73 -8.66032 0.0300024 -0.996951 -0.0714142
31.9593 52.735 -9.03845 0.0283641 -0.996334 -0.080714
30.8817 52.7479 -9.40505 0.0291447 -0.99674 -0.0741573
29.6427 52.7346 -9.79268 0.0229528 -0.99855 -0.0483688
28.4322 52.7391 -10.1775 0.0117326 -0.997263 -0.0730034
27.3693 52.7213 -10.4895 0.0224806 -0.997776 -0.0589403
26.1512 52.73 -10.7302 0.0124091 -0.998531 -0.0523905
25.0705 52.727 -10.9757 0.00756771 -0.998 -0.0627593
24.0287 52.7223 -11.2892 0.0367027 -0.997612 -0.0579354
22.9735 52.7051 -11.5614 0.0214875 -0.998654 -0.0472142
21.5496 52.6792 -11.7932 0.0281222 -0.998519 -0.0465789
20.2661 52.6182 -12.071 0.0613049 -0.997685 -0.029438
19.3218 52.5783 -12.2939 0.0456521 -0.998093 -0.0415369
17.9223 52.5113 -12.5308 0.0621893 -0.99802 -0.0094453
16.6492 52.4173 -12.7062 0.0886272 -0.996005 -0.0108876
15.4282 52.3224 -12.8803 0.097459 -0.99442 -0.0403868
14.2794 52.224 -13.0512 0.097193 -0.995258 -0.00359348
13.3977 52.1378 -13.2423 0.0963423 -0.995344 -0.00246858
12.397 52.0431 -13.5051 0.0864042 -0.995971 -0.0170826
11.3075 51.9631 -13.686 0.0814449 -0.995819 -0.0413571
10.3478 51.884 -13.7765 0.0878632 -0.99532 -0.0402355
8.979 51.7687 -13.9212 0.0837502 -0.996203 -0.0237992
7.60417 51.644 -14.1923 0.105349 -0.99426 -0.0186785
6.60654 51.5379 -14.3459 0.112191 -0.993395 -0.0098374
5.6617 51.4402 -14.3653 0.106467 -0.99426 0.00986757
4.57524 51.3275 -14.3606 0.0959387 -0.994199 -0.045868
3.52747 51.2313 -14.3658 0.0822592 -0.996589 0.00631916
2.37847 51.1482 -14.3262 0.0774641 -0.996284 -0.0310557
1.35038 51.0717 -14.3661 0.0681347 -0.997665 -0.00460921
0.11778 50.9799 -14.34 0.0866797 -0.995902 -0.0257981
-0.788059 50.9036 -14.3225 0.0903535 -0.995766 0.009402
-1.71562 50.8336 -14.3822 0.0747863 -0.997142 -0.0107334
-2.76772 50.7448 -14.4541 0.087662 -0.996094 0.0017729
-3.91644 50.65 -14.5309 0.0830248 -0.996498 0.0099064
-5.14511 50.5478 -14.5176 0.0788437 -0.996778 -0.00371529
-6.06346 50.4859 -14.4635 0.0655584 -0.997732 -0.0152876
-7.19283 50.4066 -14.3603 0.0587084 -0.99784 0.00828529
-8.42464 50.3619 -14.2633 0.0426513 -0.998664 0.0288587
-9.46176 50.2975 -14.0954 0.076329 -0.997083 -0.000588287
-10.3682 50.2652 -13.8604 -0.00178202 -0.997613 0.0690257
-11.261 50.2636 -13.6613 0.0502896 -0.997074 0.0575645
-12.2776 50.2404 -13.5068 0.00243175 -0.999615 0.0268878
-13.4525 50.249 -13.3561 -0.00656325 -0.998791 0.0457121
-14.7844 50.2486 -13.1004 0.0181656 -0.997586 0.06703
-15.746 50.243 -12.9182 0.0212028 -0.99738 0.0690763
-16.7624 50.2389 -12.7344 0.0076702 -0.996982 0.0772572
-17.8201 50.242 -12.5894 0.00802447 -0.996953 0.0775907
-19.1403 50.237 -12.6022 -0.0020361 -0.992231 0.124396
-20.0406 50.238 -12.619 -0.00163234 -0.992646 0.120982
-21.4935 50.2453 -12.6309 -0.0142974 -0.993876 0.109564
-23.2025 50.2603 -12.6887 -0.0116293 -0.993895 0.109714
-24.6182 50.2545 -12.774 0.00847232 -0.993202 0.116098
-25.8024 50.2735 -12.7341 -0.0345065 -0.987406 0.154397
-27.0836 50.3319 -12.5493 -0.0228479 -0.990819 0.133247
-28.1058 50.3758 -12.3861 -0.0183657 -0.991049 0.132228
-29.1317 50.424 -12.1616 -0.00803353 -0.990981 0.133537
-29.9856 50.4655 -11.8767 -0.0033718 -0.988858 0.148822
-30.8394 50.5111 -11.5693 0.00460097 -0.989162 0.146754
-32.108 50.5706 -11.1212 0.00642722 -0.988874 0.148287
-33.3085 50.6137 -10.7414 0.0316406 -0.987848 0.15217
-34.4088 50.6189 -10.5276 0.0193027 -0.98937 0.144133
-35.4077 50.6302 -10.3043 0.0268838 -0.989342 0.143051
-36.2551 50.6514 -9.97541 0.0296915 -0.989667 0.140279
-37.2843 50.6794 -9.49274 0.0502274 -0.99052 0.127854
-38.1593 50.6942 -9.03822 0.0613937 -0.989659 0.1291
-39.0531 50.7021 -8.55501 0.0483844 -0.992806 0.109527
-39.9741 50.6846 -8.13106 0.0697771 -0.992553 0.099838
-40.8792 50.6484 -7.75108 0.0758211 -0.993583 0.0839261
-41.7453 50.6071 -7.35352 0.0935931 -0.993265 0.0682981
-42.5278 50.5649 -6.89553 0.0891624 -0.99375 0.0670064
-43.4301 50.5043 -6.39283 0.101054 -0.993721 0.0480183
-44.7482 50.3908 -5.68962 0.120106 -0.991926 0.0407024
-45.5269 50.3122 -5.208 0.125679 -0.99157 0.0312048
-46.7193 50.1808 -4.37418 0.130091 -0.99114 0.0266299
-47.4738 50.0861 -3.77029 0.130893 -0.991362 0.00831805
-48.4987 49.9498 -2.76746 0.138753 -0.99032 -0.00362322
-49.228 49.8458 -2.06175 0.13746 -0.990315 -0.0195353
-49.9709 49.7275 -1.30506 0.14112 -0.989679 -0.0243468
-50.7715 49.5822 -0.35466 0.144047 -0.988613 -0.0426198
-51.273 49.4718 0.391617 0.138511 -0.989069 -0.0505671
-51.7961 49.3465 1.27771 0.143948 -0.987872 -0.0582079
-52.4781 49.1701 2.5231 0.149345 -0.986836 -0.0620585
-52.8541 49.0637 3.3532 0.140995 -0.986925 -0.0776243
-53.4204 48.8703 4.6726 0.156236 -0.984435 -0.0802785
-53.9253 48.7053 5.71811 0.144557 -0.985962 -0.0835634
-54.3204 48.5729 6.57484 0.142557 -0.985196 -0.0947117
-54.7155 48.388 7.86685 0.130824 -0.986757 -0.0958927
-54.9816 48.2494 8.83096 0.126411 -0.986131 -0.107542
-55.3304 48.0627 10.1131 0.123987 -0.98597 -0.111757
-55.5101 47.9303 11.1075 0.117521 -0.986676 -0.112511
-55.6239 47.7668 12.3967 0.119637 -0.985899 -0.117003
-55.6561 47.6577 13.3398 0.124144 -0.986635 -0.105546
-55.6231 47.5384 14.4745 0.12093 -0.986289 -0.111906
-55.5014 47.4477 15.409 0.111149 -0.9879 -0.108141
-55.2893 47.34 16.5892 0.12808 -0.985683 -0.109608
-55.0401 47.2338 17.8291 0.123216 -0.986363 -0.10876
-54.6278 47.1445 19.0873 0.110943 -0.987937 -0.108027
-54.2257 47.0893 20.0543 0.11986 -0.987432 -0.103017
-53.799 47.0524 20.8617 0.121967 -0.98661 -0.108277
-53.1872 47.0204 21.8004 0.121267 -0.985667 -0.11728
-52.6037 47.0043 22.5671 0.12446 -0.985543 -0.114956
-51.9462 46.9834 23.4565 0.114655 -0.986367 -0.118027
-51.2859 46.9572 24.3018 0.113042 -0.986662 -0.117125
-50.4639 46.9658 25.0921 0.125518 -0.985249 -0.116319
-49.5633 46.9768 25.978 0.125594 -0.985485 -0.114204
-48.7059 46.9797 26.8659 0.126058 -0.984912 -0.118568
-47.7192 47.0041 27.7821 0.130336 -0.98552 -0.108322
-46.6805 47.0341 28.6684 0.120897 -0.986452 -0.110891
-45.5309 47.0856 29.5303 0.123951 -0.98708 -0.101379
-44.5727 47.1494 30.2082 0.134386 -0.986184 -0.0968615
-43.6077 47.221 30.8182 0.134581 -0.986152 -0.0969111
-42.7778 47.2908 31.2603 0.134689 -0.986159 -0.0966924
-41.8424 47.3807 31.612 0.128496 -0.986979 -0.0967502
-40.9485 47.4764 31.8349 0.131926 -0.986034 -0.1014
-39.9292 47.5935 32.0372 0.12813 -0.987598 -0.0905433
-38.6222 47.7416 32.1956 0.124536 -0.988413 -0.0867422
-37.1356 47.9175 32.3116 0.116956 -0.98824 -0.0981311
-36.1472 48.0119 32.4845 0.112702 -0.989765 -0.0875373
-35.0451 48.1136 32.6379 0.0984566 -0.991282 -0.0875557
-33.7161 48.2323 32.7564 0.0949701 -0.991809 -0.0849399
-32.644 48.3319 32.7679 0.0837169 -0.993419 -0.078161
-31.7253 48.4149 32.6839 0.0554277 -0.99517 -0.0810241
-30.6391 48.4817 32.5753 0.0514269 -0.995768 -0.0761472
-29.4126 48.5486 32.5301 0.0376594 -0.996289 -0.0763848
-28.2421 48.5711 32.624 0.0280659 -0.996963 -0.0722634
-27.0962 48.6083 32.7179 0.0347712 -0.998041 -0.0519709
-26.1708 48.66 32.6921 0.0615784 -0.995287 -0.0749141
-25.2129 48.7002 32.6087 0.0166589 -0.997071 -0.0729921
-23.7721 48.7319 32.4084 0.0216384 -0.998381 -0.0523109
-22.8109 48.7562 32.2491 0.00969537 -0.998548 -0.0523509
-21.5272 48.79 32.0004 0.0201877 -0.997413 -0.0689939
-20.2878 48.8128 31.7824 -0.00234383 -0.997339 -0.0728675
-19.2424 48.8234 31.6963 0.0128092 -0.99552 -0.093639
-18.0829 48.8396 31.7105 0.000103116 -0.996094 -0.0868593
-16.8955 48.8459 31.8615 0.0334867 -0.998414 -0.0452664
-15.5203 48.882 32.0443 0.024793 -0.997681 -0.063393
-14.624 48.886 32.1983 0.0146125 -0.99807 -0.0603529
-13.5375 48.8871 32.4767 0.0172728 -0.998052 -0.0599457
-12.3234 48.9042 32.7499 0.024657 -0.998756 -0.0433486
-10.9856 48.9479 32.9477 0.0350369 -0.99895 -0.0295037
-9.803 48.9992 33.0901 0.0592428 -0.996421 -0.0559258
-8.8263 49.0723 33.1673 0.083814 -0.994494 -0.0627089
-7.31644 49.2104 33.3469 0.107233 -0.991801 -0.0695146
-5.79655 49.369 33.5724 0.106914 -0.992725 -0.0553749
-4.36486 49.528 33.6449 0.125939 -0.98952 -0.0706348
-3.38888 49.6532 33.6086 0.105784 -0.99297 -0.053098
-2.33607 49.7739 33.5141 0.133434 -0.989767 -0.0485119
-1.20926 49.9478 33.3845 0.14704 -0.986143 -0.0742346
-0.23067 50.0909 33.3044 0.13184 -0.987179 -0.0899727
0.740637 50.23 33.2583 0.146274 -0.98613 -0.0784253
1.64093 50.3687 33.2481 0.152602 -0.985494 -0.0742605
2.71309 50.5113 33.2379 0.110037 -0.990081 -0.0873581
4.14078 50.7245 33.3502 0.139041 -0.985925 -0.0896684
5.20643 50.8452 33.401 0.122949 -0.989317 -0.0778211
6.57737 51.0129 33.4048 0.115333 -0.989424 -0.0876617
7.73596 51.1567 33.3814 0.121113 -0.991769 -0.0399782
8.62744 51.2684 33.4424 0.150886 -0.984434 -0.0901315
9.77546 51.3927 33.593 0.097854 -0.990307 -0.0985724
11.0953 51.5287 33.6404 0.117173 -0.990829 -0.0602411
12.2292 51.6682 33.5613 0.11728 -0.992565 -0.0323731
13.2359 51.7561 33.4926 0.0848062 -0.99619 -0.020343
14.5789 51.8798 33.2893 0.0905057 -0.995896 -0.000658532
15.8089 51.9788 33.1566 0.0560543 -0.998356 -0.00206901
16.8132 52.0257 33.1333 0.0313567 -0.999507 0.00162586
17.8215 52.0573 33.159 0.0394385 -0.999117 -0.00764765
18.9899 52.1105 33.2636 0.0257107 -0.999222 0.0195578
20.1247 52.1193 33.4734 -0.00428162 -0.999593 0.0263148
21.078 52.1133 33.7167 -0.0184385 -0.999463 0.0264726
22.0942 52.1205 33.9273 0.0150743 -0.999774 0.0149875
23.3941 52.1519 34.0521 -0.00676496 -0.99451 0.104421
24.7009 52.1558 34.0431 0.0310214 -0.9942 0.101483
25.9086 52.179 33.8615 0.0102494 -0.996481 0.0831858
26.8209 52.1744 33.6646 0.018522 -0.996721 0.0786206
27.7187 52.1714 33.3592 0.032437 -0.995668 0.0862718
28.6026 52.1567 32.9462 0.019026 -0.996552 0.080754
29.6051 52.1455 32.3592 0.0421397 -0.997131 0.0628866
30.4592 52.1364 31.8602 0.0255395 -0.998839 0.0408545
31.4457 52.1371 31.3204 0.0153358 -0.998832 0.0454348
32.2838 52.1241 30.8638 0.0275855 -0.998257 0.049717
33.4107 52.1404 30.2329 0.0423616 -0.99779 0.0511967
34.585 52.1254 29.5154 0.0176611 -0.998453 0.0527263
35.5134 52.1113 28.8842 0.0206622 -0.998733 0.0453587
36.3159 52.1025 28.2936 0.0288634 -0.998262 0.049229
37.0451 52.0976 27.7022 0.0421239 -0.997453 0.0575235
37.9383 52.0922 26.759 0.0429135 -0.998156 0.0429412
38.5254 52.0927 26.0002 0.0535475 -0.997801 0.0390592
39.3554 52.0886 24.9194 0.0450944 -0.997989 0.0445452
40.1283 52.082 23.9532 0.0504601 -0.99773 0.044592
40.7955 52.083 23.0864 0.0587187 -0.997635 0.0357278
41.356 52.0889 22.2872 0.0323373 -0.998455 0.0451971
41.8537 52.0705 21.4335 0.0428569 -0.99874 0.0226715
42.3992 52.0715 20.156 0.0518343 -0.998149 0.0318238
42.6856 52.0705 19.1322 0.0653699 -0.99781 0.0100512
42.8294 52.0708 18.3724 0.0630247 -0.997845 0.0182498
43.7734 52.1399 18.4735 0.0780938 -0.996894 0.00921277
43.5906 52.1305 19.4231 0.0763091 -0.997075 0.00416852
43.2745 52.1327 20.5151 0.0594171 -0.997478 0.0388129
42.8229 52.1374 21.593 0.0705519 -0.997218 0.0240586
42.3509 52.1407 22.4599 0.0522367 -0.997261 0.0523709
41.7097 52.1535 23.4838 0.0686748 -0.996909 0.0381526
41.1209 52.1454 24.2472 0.0503638 -0.997758 0.0440672
40.447 52.1465 25.051 0.0502697 -0.997786 0.0435401
39.6436 52.1523 26.036 0.0498953 -0.997462 0.0505233
38.904 52.1561 27.0405 0.0650385 -0.996754 0.0474437
38.0696 52.1632 28.0188 0.0608594 -0.995762 0.0689562
37.2926 52.1657 28.6977 0.0409287 -0.99721 0.0622856
36.3617 52.1732 29.3911 0.0414085 -0.996936 0.0663559
35.5498 52.1771 29.9627 0.0419014 -0.996932 0.0661174
34.2882 52.1893 30.7823 0.0322738 -0.996449 0.0777708
32.9373 52.1876 31.563 0.0570203 -0.996016 0.0685634
31.6897 52.1794 32.2415 0.0189204 -0.998987 0.0408211
30.4913 52.1921 32.9136 0.0222044 -0.995912 0.0831719
29.6277 52.2212 33.4333 0.0277848 -0.99318 0.113197
28.4417 52.2708 34.0876 0.0285641 -0.994451 0.100233
27.0587 52.2636 34.5519 0.0264542 -0.991051 0.129916
26.0081 52.2725 34.7881 0.0273381 -0.989297 0.143333
24.6524 52.2657 34.9768 0.0234254 -0.989007 0.146001
23.7081 52.2445 35.0062 0.0433872 -0.993852 0.0966608
22.4616 52.1909 34.9004 0.0436149 -0.996789 0.0668286
21.4586 52.1475 34.7778 -0.00953699 -0.993645 0.110805
20.5715 52.1437 34.5238 -0.0242762 -0.996858 0.0635843
19.1043 52.1299 34.1748 0.00419006 -0.99975 0.0219053
18.0045 52.0953 34.0717 0.0276116 -0.998747 0.0417397
16.9714 52.0518 34.0475 0.040547 -0.997895 0.0502719
15.7946 51.9738 34.063 0.0897321 -0.993879 0.0644425
14.7656 51.8962 34.1628 0.0972981 -0.995187 -0.00700846
13.8791 51.8009 34.3519 0.105374 -0.994028 0.0121985
12.9296 51.7047 34.4711 0.0923338 -0.995225 -0.0316579
11.7479 51.5778 34.5711 0.11456 -0.992823 -0.0343172
10.7314 51.4581 34.6063 0.105791 -0.994129 -0.0227098
9.49545 51.3192 34.5219 0.119828 -0.992643 -0.0173616
8.3598 51.1843 34.3669 0.115013 -0.992816 -0.030549
7.14938 51.0434 34.2955 0.137712 -0.989535 -0.0424777
6.10877 50.891 34.3283 0.129641 -0.989778 -0.0569608
5.08908 50.7613 34.3393 0.129817 -0.988909 -0.072158
3.78522 50.5836 34.2682 0.139628 -0.990094 -0.0147343
2.56862 50.4297 34.1547 0.098196 -0.994447 -0.0378531
1.60112 50.2973 34.1776 0.172906 -0.983893 -0.0453633
0.546812 50.1471 34.1917 0.114184 -0.992664 -0.0397479
-0.554491 50.0103 34.2309 0.144623 -0.988592 -0.0392153
-1.6182 49.8336 34.3558 0.152358 -0.987039 -0.0498085
-2.60302 49.6997 34.4886 0.120661 -0.991785 -0.042473
-4.00077 49.5194 34.5659 0.130838 -0.991308 -0.0138098
-5.41796 49.3602 34.543 0.092192 -0.99574 0.00144144
-6.35428 49.2706 34.4306 0.110838 -0.993822 -0.000652676
-7.67624 49.1165 34.2141 0.115159 -0.993343 0.0026879
-9.04423 48.9995 34.054 0.0868153 -0.995217 -0.0400209
-10.1341 48.9483 33.9524 0.033953 -0.99909 -0.0258198
-11.1228 48.9155 33.8375 0.043245 -0.998588 -0.0308039
-12.6076 48.8591 33.6427 0.0360424 -0.998895 -0.029483
-13.9456 48.8326 33.2987 0.0223481 -0.999315 -0.0290694
-15.2395 48.833 32.9855 0.0156784 -0.999118 -0.0382013
-16.1371 48.8195 32.8826 0.0192507 -0.998894 -0.0428954
-17.0826 48.8003 32.7491 0.0330529 -0.998528 -0.0430122
-18.1684 48.7841 32.5889 0.00244972 -0.99954 -0.0302393
-19.1573 48.7818 32.5796 0.0178756 -0.999083 -0.0353897
-20.0612 48.749 32.6489 0.0153891 -0.997982 -0.0567613
-20.992 48.7329 32.8244 0.00563595 -0.99703 -0.076807
-22.4492 48.7126 33.1004 0.00975909 -0.999879 -0.0120864
-23.9361 48.6778 33.3375 0.0287374 -0.999014 -0.0338364
-24.8321 48.6472 33.4712 0.0338148 -0.998857 -0.0335887
-26.1619 48.5937 33.6003 0.0395358 -0.998654 -0.0334484
-27.4486 48.5506 33.5889 0.0347656 -0.998042 -0.0519671
-28.3944 48.5095 33.4922 0.0409469 -0.997123 -0.0629082
-29.4876 48.4837 33.4463 0.0391739 -0.997662 -0.0529683
-30.5121 48.4256 33.5058 0.0512205 -0.996869 -0.0602386
-31.6191 48.3504 33.6147 0.0633936 -0.996111 -0.0611847
-33.0587 48.2244 33.7021 0.0906755 -0.992869 -0.0770249
-34.1589 48.1279 33.6539 0.0864337 -0.994427 -0.0603689
-35.6652 47.977 33.511 0.10592 -0.99265 -0.0584694
-37.0073 47.8522 33.2865 0.103824 -0.991881 -0.0734396
-38.0175 47.7328 33.1828 0.12315 -0.989219 -0.0790841
-39.3408 47.5772 33.0375 0.124533 -0.988414 -0.0867374
-40.2877 47.4643 32.8956 0.133575 -0.986689 -0.0927533
-41.5367 47.3211 32.6455 0.130212 -0.987022 -0.0939761
-42.4143 47.2288 32.402 0.131645 -0.986573 -0.0966122
-43.8185 47.099 31.7673 0.13469 -0.986159 -0.0966928
-45.1356 46.9996 30.9524 0.134365 -0.986184 -0.0968926
-45.9833 46.9508 30.3439 0.12384 -0.987766 -0.0947717
-46.7418 46.9097 29.7907 0.122893 -0.987782 -0.0958349
-47.5261 46.8772 29.1411 0.120274 -0.987008 -0.106436
-48.5387 46.8451 28.2758 0.129121 -0.986247 -0.103176
-49.5401 46.8215 27.3223 0.117831 -0.987102 -0.10799
-50.3716 46.8213 26.4405 0.125212 -0.985719 -0.112608
-51.0358 46.8149 25.7788 0.109794 -0.988425 -0.104694
-51.7343 46.8099 25.1249 0.109016 -0.987909 -0.110234
-52.7114 46.8263 24.0153 0.116684 -0.986201 -0.117443
-53.4191 46.8522 23.043 0.113653 -0.987819 -0.105966
-53.9506 46.8759 22.2902 0.105669 -0.988865 -0.104785
-54.5809 46.9019 21.3924 0.110544 -0.988486 -0.10332
-55.1293 46.9546 20.3 0.108252 -0.988644 -0.104205
-55.4899 47.0103 19.4225 0.108496 -0.988207 -0.108012
-55.8728 47.0879 18.298 0.114309 -0.988003 -0.10384
-56.0713 47.1693 17.3132 0.111113 -0.987653 -0.110289
-56.2522 47.2588 16.3698 0.106779 -0.98785 -0.112907
-56.5021 47.3678 15.1101 0.111149 -0.9879 -0.108141
-56.5835 47.4783 14.0425 0.111452 -0.98757 -0.110832
-56.5537 47.6137 12.757 0.11208 -0.987853 -0.107268
-56.4525 47.7898 11.3552 0.112937 -0.986687 -0.117001
-56.2115 47.9915 9.77746 0.112424 -0.987868 -0.107108
-55.9451 48.1242 8.86465 0.117893 -0.986928 -0.109884
-55.5798 48.3032 7.59389 0.120357 -0.987619 -0.100611
-55.2545 48.4635 6.39519 0.120121 -0.988063 -0.0964348
-54.6862 48.6497 5.16267 0.124518 -0.987597 -0.0954827
-54.0909 48.8367 3.94417 0.128647 -0.988483 -0.0796936
-53.725 48.9651 2.98883 0.140679 -0.987647 -0.0690188
-53.3117 49.088 2.03265 0.13344 -0.98884 -0.0661906
-52.7619 49.2264 1.04837 0.126679 -0.990134 -0.059884
-52.2888 49.3369 0.221277 0.135314 -0.989003 -0.0590459
-51.5253 49.4979 -0.945424 0.142405 -0.988963 -0.0408974
-50.8348 49.615 -1.72745 0.133003 -0.990737 -0.0271808
-49.9785 49.7528 -2.60782 0.132318 -0.991051 -0.0147418
-49.3251 49.8412 -3.23785 0.129164 -0.99161 -0.00512075
-48.6246 49.932 -3.94247 0.12642 -0.991909 0.00981987
-47.8715 50.024 -4.66672 0.132278 -0.991145 0.0115803
-47.0437 50.1202 -5.27086 0.119908 -0.992589 0.0197326
-46.1701 50.2135 -5.88471 0.119415 -0.992613 0.0213854
-45.1837 50.3079 -6.52097 0.107913 -0.9938 0.0267541
-43.9105 50.4146 -7.18862 0.100227 -0.993511 0.053768
-42.9233 50.4739 -7.76265 0.0847291 -0.994235 0.0657072
-42.0957 50.5108 -8.21578 0.0798974 -0.994144 0.072766
-41.0432 50.555 -8.68318 0.0740877 -0.993092 0.0909921
-40.0509 50.5847 -9.08803 0.0623786 -0.993438 0.0958668
-39.0483 50.5885 -9.57218 0.0478661 -0.992338 0.113906
-38.0651 50.5605 -10.1444 0.0330701 -0.992051 0.121414
-36.9257 50.5281 -10.6928 0.0319019 -0.98952 0.140828
-35.3756 50.483 -11.3076 0.0240779 -0.989018 0.145822
-34.1738 50.485 -11.4853 0.0233772 -0.99033 0.136617
-33.139 50.4785 -11.7291 0.0151915 -0.990855 0.133712
-32.2609 50.4401 -12.0446 0.00691867 -0.990458 0.137631
-31.2904 50.3989 -12.3693 0.00247673 -0.993508 0.113735
-30.1512 50.3419 -12.8027 -0.0145477 -0.992823 0.118701
-29.2907 50.2988 -13.0999 -0.00803352 -0.990981 0.133537
-27.9687 50.2508 -13.3717 -0.012801 -0.994981 0.0991019
-26.7729 50.2104 -13.5526 -0.0186177 -0.994842 0.0997157
-25.6516 50.1697 -13.6773 -0.0267692 -0.994588 0.100379
-24.7147 50.1601 -13.6951 0.000739447 -0.995556 0.0941422
-23.5795 50.1637 -13.6296 -0.0121945 -0.995171 0.0973848
-22.0717 50.1553 -13.5429 -0.0056736 -0.995384 0.095609
-21.0146 50.1461 -13.5382 -0.0127179 -0.996632 0.081008
-19.9435 50.1326 -13.5325 -0.0130087 -0.996626 0.0810408
-18.6088 50.1481 -13.4984 0.0335862 -0.996481 0.0768016
-17.6534 50.1705 -13.5231 0.00837618 -0.996924 0.0779216
-16.6708 50.1674 -13.6661 0.0157824 -0.997077 0.0742475
-15.2582 50.1975 -13.9471 0.026078 -0.999484 0.0185915
-14.0906 50.2219 -14.1754 0.0256016 -0.999453 0.020926
-12.8909 50.2175 -14.3683 -0.0038939 -0.999575 0.028884
-11.9454 50.2199 -14.4546 0.0084254 -0.999661 0.0246201
-11.0523 50.2317 -14.6159 0.034674 -0.99934 -0.0107519
-9.69045 50.2843 -15.0043 0.0401895 -0.999056 -0.0151435
-8.24357 50.3423 -15.206 0.0426513 -0.998664 0.0288587
-7.16852 50.4194 -15.2991 0.0788929 -0.996817 -0.0114996
-6.26302 50.487 -15.3885 0.0689313 -0.997422 -0.0192594
-5.34614 50.5546 -15.4358 0.0694451 -0.99732 -0.0228414
-3.9046 50.657 -15.4578 0.074669 -0.997058 -0.0173374
-2.8279 50.7485 -15.364 0.0874109 -0.995652 -0.0321854
-1.8349 50.8346 -15.3055 0.0803476 -0.996573 -0.0175654
-0.772594 50.9244 -15.2319 0.0868772 -0.995919 -0.0244338
0.215623 51.0121 -15.2536 0.0872621 -0.995868 -0.0251311
1.46496 51.095 -15.3211 0.0733471 -0.995404 -0.0607174
2.419 51.1809 -15.2743 0.0774646 -0.996283 -0.0310609
3.52922 51.2566 -15.2955 0.0893357 -0.994324 -0.0554166
4.61306 51.3753 -15.3174 0.0959422 -0.994199 -0.0458621
5.69739 51.4719 -15.2968 0.0985692 -0.992879 -0.0667622
6.98286 51.611 -15.2485 0.110737 -0.993317 -0.0305618
8.18902 51.7248 -15.0231 0.106674 -0.992905 -0.0490276
9.22007 51.8212 -14.8232 0.0998629 -0.994195 -0.0400369
10.5109 51.9378 -14.6891 0.0864768 -0.99528 -0.0440385
11.6046 52.023 -14.5811 0.0640907 -0.995971 -0.0627196
12.8237 52.1034 -14.3531 0.0779474 -0.996454 -0.0316673
14.0047 52.2153 -14.0403 0.1281 -0.99069 -0.0460727
15.2444 52.3454 -13.8625 0.0947742 -0.994485 -0.044911
16.3411 52.4332 -13.7152 0.0774019 -0.995517 -0.052381
17.7574 52.5303 -13.493 0.0738333 -0.995735 -0.053956
18.7591 52.5976 -13.3607 0.0450118 -0.998086 -0.0424125
19.7384 52.6335 -13.1639 0.0493999 -0.997908 -0.0415235
20.8487 52.691 -12.8595 0.064282 -0.995427 -0.0700305
21.8233 52.7301 -12.6522 0.0518465 -0.996031 -0.072231
22.8752 52.7547 -12.5022 0.0310194 -0.995791 -0.086248
24.0626 52.7793 -12.2452 0.048503 -0.99559 -0.0803036
25.2872 52.785 -11.829 0.0162339 -0.995104 -0.0974946
26.4991 52.7798 -11.5979 0.0123482 -0.993489 -0.113257
27.7363 52.7952 -11.3373 0.0561881 -0.993929 -0.0945927
29.0361 52.813 -10.9661 0.0252157 -0.995006 -0.0965804
30.1316 52.8179 -10.6161 0.0453814 -0.993696 -0.102256
31.0932 52.8227 -10.2997 0.0408484 -0.993373 -0.107432
32.0961 52.8271 -9.97354 0.0475319 -0.992914 -0.108647
33.0154 52.8349 -9.58621 0.0537044 -0.992273 -0.111844
33.9516 52.8487 -9.2254 0.0591511 -0.992133 -0.110333
35.0853 52.855 -8.65261 0.046164 -0.99454 -0.0935951
36.0408 52.8417 -8.01839 0.0670876 -0.992243 -0.103366
36.9649 52.8495 -7.4481 0.0737359 -0.99042 -0.116613
38.035 52.8376 -6.65357 0.069899 -0.992165 -0.103547
38.8417 52.8205 -5.94915 0.069652 -0.992572 -0.0996682
39.5228 52.7998 -5.32269 0.0765645 -0.990448 -0.112619
40.4355 52.7595 -4.19613 0.103473 -0.988895 -0.10668
40.8845 52.7213 -3.40592 0.0973824 -0.98931 -0.10836
41.3996 52.6838 -2.4047 0.0949025 -0.991844 -0.0850785
41.7785 52.6402 -1.54306 0.0825964 -0.993007 -0.0835674
42.2853 52.5881 -0.25972 0.0814403 -0.994086 -0.0718334
42.6051 52.5445 0.605574 0.0738199 -0.994206 -0.0774008
43.2204 52.5051 1.9082 0.0742395 -0.995717 -0.0550952
43.6546 52.4918 2.73156 0.0798168 -0.995051 -0.0574589
44.0366 52.4755 3.58979 0.0936017 -0.993762 -0.0606266
44.4789 52.4252 5.11521 0.0880824 -0.994557 -0.055664
44.6488 52.383 6.18953 0.0899892 -0.995006 -0.043067
44.7006 52.3478 7.15703 0.0924365 -0.994869 -0.0411302
44.6931 52.298 8.37031 0.0920313 -0.994936 -0.0403954
44.7114 52.2669 9.37389 0.0678504 -0.997414 -0.0237102
44.7051 52.2313 10.2839 0.074025 -0.995979 -0.0504535
44.6843 52.2039 11.3605 0.0795442 -0.996802 0.00761283
44.6249 52.1991 12.48 0.0750214 -0.997048 -0.015138
44.5083 52.1621 13.8444 0.0812764 -0.996467 -0.0209396
44.292 52.1575 15.1018 0.0722027 -0.997369 0.00419998
44.1725 52.1496 16.2114 0.0796048 -0.996804 0.00589393
43.9456 52.1417 17.4955 0.081658 -0.99663 0.00780913
43.8134 52.1393 18.1779 0.0805998 -0.996665 0.0127539
44.6822 52.209 18.5172 0.0755937 -0.997123 0.00567131
44.5157 52.2018 19.546 0.0811673 -0.996562 0.0131209
44.2654 52.2004 20.4585 0.0810115 -0.996211 0.0301716
43.8973 52.2143 21.5594 0.0746647 -0.996415 0.0396942
43.4007 52.2143 22.505 0.0798118 -0.995989 0.0404566
42.9193 52.2228 23.3673 0.0647456 -0.996148 0.0580165
42.3526 52.2331 24.287 0.071849 -0.996012 0.05289
41.4671 52.2189 25.2878 0.0759716 -0.995903 0.0490486
40.7124 52.2194 26.2506 0.0514121 -0.997128 0.0556184
40.0756 52.2276 27.0443 0.0565655 -0.99723 0.0482927
39.381 52.2419 27.9592 0.0645307 -0.995619 0.0676712
38.3357 52.2508 29.0254 0.0611201 -0.995475 0.0727593
37.2297 52.2508 29.878 0.0544306 -0.994793 0.0856123
36.1479 52.2637 30.663 0.0580595 -0.993938 0.0933625
35.2996 52.2692 31.2148 0.0556299 -0.995093 0.0818258
34.5202 52.27 31.7198 0.0346612 -0.996655 0.0738612
33.6054 52.2734 32.2528 0.04704 -0.996439 0.0692601
32.5595 52.2735 32.8107 0.0387176 -0.994223 0.100112
31.7628 52.2798 33.2491 0.0474105 -0.993135 0.106933
30.7226 52.3031 33.8611 0.0313979 -0.99339 0.110393
29.9313 52.3317 34.3281 0.0277851 -0.99318 0.113197
28.8731 52.3751 34.9011 0.0282014 -0.992164 0.121528
27.6096 52.3826 35.3475 0.0264589 -0.991051 0.129918
26.4079 52.4069 35.6397 0.0205076 -0.989773 0.140987
25.2918 52.4064 35.8262 0.0237967 -0.988974 0.146167
24.0888 52.3822 35.9257 0.0493333 -0.990551 0.127965
22.8675 52.3167 35.8903 0.0336633 -0.9893 0.140515
21.6261 52.2704 35.7256 0.0151521 -0.988265 0.151995
20.5476 52.226 35.47 0.00905439 -0.996385 0.0844699
19.5432 52.2017 35.2002 0.00288176 -0.997389 0.0715946
18.37 52.1662 34.9957 0.0364313 -0.996238 0.0786292
17.274 52.1235 34.9589 0.0506764 -0.994229 0.0945545
16.297 52.0761 34.9426 0.0634442 -0.995834 0.0597682
15.157 51.9769 35.0165 0.0907819 -0.993907 0.0625116
14.2387 51.8723 35.2163 0.11758 -0.991923 0.0456056
13.3361 51.7603 35.3576 0.143591 -0.989375 0.0227992
12.3882 51.626 35.4255 0.116941 -0.992837 0.0178801
11.374 51.5193 35.5282 0.117128 -0.993033 0.00126068
10.3318 51.3971 35.5355 0.107126 -0.994134 -0.0148811
9.31745 51.2816 35.4682 0.125009 -0.992155 -0.000865568
8.14781 51.1425 35.2858 0.113509 -0.9935 -0.00856356
7.14783 51.0241 35.2167 0.131894 -0.991193 -0.00449569
6.25281 50.8971 35.2806 0.140547 -0.990072 0.00208339
4.82863 50.7154 35.2762 0.128349 -0.991605 -0.00997148
3.6299 50.548 35.1901 0.138768 -0.990221 -0.0143209
2.40578 50.3794 35.0556 0.118055 -0.992397 -0.0258838
1.22087 50.2041 35.1311 0.150099 -0.988351 -0.0251637
0.30037 50.0853 35.1392 0.118049 -0.992501 -0.0317265
-0.886767 49.93 35.1845 0.152418 -0.9883 -0.0055496
-2.21472 49.7368 35.4071 0.13446 -0.990918 0.00132151
-3.18233 49.6142 35.4535 0.129698 -0.991446 -0.0145849
-4.33416 49.4623 35.504 0.111668 -0.99351 -0.00607415
-5.47983 49.3558 35.4684 0.0923466 -0.995726 0.00155097
-6.52795 49.2484 35.3341 0.106321 -0.994324 -0.00391049
-7.64758 49.1223 35.129 0.114965 -0.993366 0.00276706
-8.87321 48.9961 34.9585 0.0723703 -0.997181 -0.0128819
-10.0436 48.9271 34.889 0.0465347 -0.998662 -0.0158111
-11.4047 48.8761 34.7287 0.0444269 -0.998562 -0.0300168
-12.527 48.835 34.6112 0.0300166 -0.999175 -0.0273683
-13.433 48.8125 34.4391 0.0286957 -0.999176 -0.0286529
-14.426 48.8013 34.1126 0.0173241 -0.999452 -0.0281919
-15.39 48.7941 33.8809 0.0232508 -0.99895 -0.0394853
-16.2936 48.7777 33.7853 0.0246062 -0.998708 -0.0441299
-17.3917 48.7598 33.6269 0.00486077 -0.999932 0.0105423
-18.7485 48.7571 33.435 0.00244988 -0.99954 -0.0302394
-20.084 48.7317 33.5398 0.017386 -0.999833 -0.00569643
-21.0103 48.713 33.7441 0.0054703 -0.999869 -0.0151008
-22.1077 48.7056 33.9531 0.00693577 -0.999888 -0.0129541
-23.2992 48.6698 34.1479 0.0321525 -0.998957 -0.0324126
-24.4582 48.6289 34.3179 0.0305461 -0.998915 -0.0351591
-25.6477 48.5847 34.4774 0.0395329 -0.998654 -0.0334526
-26.7791 48.5341 34.5645 0.0382584 -0.998572 -0.0370366
-27.7476 48.5002 34.452 0.0426215 -0.998176 -0.0427455
-28.8335 48.4528 34.3898 0.0415889 -0.998565 -0.0337397
-29.7686 48.413 34.4211 0.0570792 -0.996808 -0.0558194
-31.2719 48.3178 34.5115 0.062921 -0.996175 -0.0606386
-32.3169 48.235 34.6213 0.0879496 -0.99465 -0.053969
-33.2619 48.1541 34.6126 0.0909703 -0.994596 -0.0500282
-34.279 48.0642 34.5729 0.0965996 -0.99439 -0.0410797
-35.2189 47.9677 34.5049 0.104333 -0.992956 -0.0561544
-36.1102 47.8752 34.4206 0.111552 -0.992123 -0.0569938
-36.989 47.7874 34.2349 0.122049 -0.990835 -0.0566448
-38.1551 47.6444 34.1068 0.126798 -0.989008 -0.0760613
-39.084 47.5339 33.9884 0.13554 -0.987353 -0.0822386
-40.1252 47.4037 33.8361 0.134103 -0.987423 -0.0837127
-41.5381 47.2412 33.588 0.125355 -0.988659 -0.0826971
-42.544 47.1339 33.3328 0.126556 -0.988614 -0.0813948
-43.7811 47.015 32.8472 0.1259 -0.988786 -0.0803082
-44.7162 46.9409 32.3081 0.124633 -0.988952 -0.0802498
-45.8353 46.8567 31.6069 0.124782 -0.988931 -0.0802796
-46.9363 46.7918 30.7931 0.122159 -0.988859 -0.0850365
-47.8628 46.7411 30.065 0.122344 -0.987502 -0.0992823
-48.8481 46.7101 29.2391 0.113069 -0.988737 -0.0980457
-49.8452 46.6858 28.3193 0.115367 -0.988329 -0.0994783
-50.4793 46.6787 27.6372 0.11993 -0.987754 -0.0997962
-51.4245 46.6777 26.666 0.109792 -0.988425 -0.10469
-52.2103 46.6634 25.9678 0.10988 -0.988137 -0.107248
-52.9787 46.6785 25.0982 0.104451 -0.988296 -0.111177
-53.6282 46.6926 24.3316 0.102831 -0.989033 -0.106019
-54.4072 46.7317 23.1951 0.103544 -0.98922 -0.103551
-55.0963 46.7543 22.266 0.104951 -0.989663 -0.097734
-55.6189 46.7735 21.51 0.107745 -0.989066 -0.10061
-56.0363 46.8302 20.5557 0.105939 -0.988786 -0.105255
-56.4482 46.8964 19.5237 0.107418 -0.988607 -0.105437
-56.8621 46.994 18.1636 0.101635 -0.989292 -0.104567
-57.1227 47.135 16.6712 0.0985555 -0.988698 -0.11297
-57.4078 47.2284 15.5365 0.100125 -0.989387 -0.105302
-57.4887 47.3644 14.1982 0.099957 -0.989203 -0.107169
-57.528 47.4741 13.098 0.0993479 -0.990307 -0.0970648
-57.4457 47.6011 11.9945 0.111381 -0.986714 -0.118279
-57.3234 47.7485 10.8358 0.112518 -0.987549 -0.109936
-57.1478 47.8947 9.67921 0.113139 -0.988006 -0.105092
-56.8291 48.0498 8.58449 0.119214 -0.987254 -0.105329
-56.4399 48.2291 7.2925 0.120451 -0.987599 -0.100693
-56.2307 48.3469 6.37457 0.115224 -0.988182 -0.101097
-55.9188 48.4657 5.53229 0.119034 -0.988602 -0.0921728
-55.4552 48.6053 4.64251 0.120839 -0.988699 -0.0886296
-54.8864 48.773 3.49509 0.121069 -0.989064 -0.0842317
-54.571 48.8805 2.64445 0.121012 -0.989523 -0.0787431
-54.0381 49.0375 1.40646 0.121287 -0.990357 -0.0669455
-53.5949 49.1463 0.609894 0.127591 -0.990146 -0.0576753
-53.036 49.2749 -0.389489 0.128499 -0.990157 -0.0554629
-52.4586 49.3891 -1.3122 0.121911 -0.991721 -0.0399117
-51.725 49.5039 -2.10875 0.126054 -0.991626 -0.0268069
-50.9974 49.6205 -2.86133 0.132318 -0.991051 -0.0147418
-50.1803 49.7321 -3.68941 0.129601 -0.991552 -0.0052352
-49.3978 49.8319 -4.46355 0.126703 -0.991928 0.00493453
-48.4271 49.9425 -5.42081 0.121018 -0.99257 0.012625
-47.4402 50.0562 -6.07979 0.124341 -0.992053 0.018685
-46.6031 50.1427 -6.69809 0.118922 -0.992636 0.0230356
-45.5056 50.2439 -7.41479 0.10418 -0.993658 0.0423075
-44.3221 50.3347 -8.02572 0.0920938 -0.994455 0.0506215
-43.3003 50.3856 -8.60517 0.0744169 -0.995239 0.0629431
-42.333 50.4236 -9.11642 0.0781096 -0.993843 0.0785841
-41.403 50.4554 -9.53701 0.0638627 -0.994355 0.08473
-40.3639 50.4729 -9.96416 0.0588651 -0.992113 0.110668
-39.4461 50.4746 -10.395 0.0481828 -0.992294 0.114157
-38.2533 50.4324 -11.1036 0.0342237 -0.991178 0.128041
-37.4301 50.4128 -11.4681 0.030468 -0.991269 0.128252
-36.3197 50.3716 -12.0103 0.0246674 -0.991158 0.130372
-35.2402 50.3574 -12.3029 0.0203403 -0.991868 0.125634
-34.0516 50.3638 -12.4406 0.019521 -0.991872 0.125731
-32.7919 50.3298 -12.8655 0.00992678 -0.992939 0.118206
-31.5376 50.2963 -13.2431 0.00828742 -0.992905 0.118622
-30.3613 50.2382 -13.7362 -0.0130218 -0.994943 0.0995955
-29.2033 50.1889 -14.129 -0.00909904 -0.995605 0.0931402
-28.163 50.1612 -14.2957 -0.012806 -0.994981 0.0990972
-26.8676 50.1207 -14.4657 -0.0183111 -0.994824 0.0999474
-25.5939 50.0839 -14.5799 -0.020293 -0.995896 0.0882019
-24.6324 50.0761 -14.6062 -0.00141422 -0.996047 0.0887078
-23.6937 50.0751 -14.5582 -0.0131535 -0.995238 0.0965874
-22.5006 50.0698 -14.4587 -0.00567543 -0.995384 0.0956046
-21.5946 50.0719 -14.4348 -0.000117375 -0.995664 0.0930278
-20.5856 50.0667 -14.4459 -0.000402277 -0.997725 0.0639777
-19.4259 50.0811 -14.4413 0.0122031 -0.998825 0.0469092
-18.5067 50.1001 -14.4049 0.0234913 -0.998501 0.049437
-17.572 50.1267 -14.4367 0.0146388 -0.999443 0.0300026
-16.2524 50.1538 -14.7007 0.0339384 -0.999168 0.0225997
-14.862 50.1877 -14.9435 0.0237243 -0.999533 0.0192705
-13.7465 50.2083 -15.1819 0.00239504 -0.999996 0.000497669
-12.8246 50.2101 -15.3018 0.00515022 -0.999986 -0.00141522
-11.6662 50.2196 -15.3975 0.0224135 -0.999653 -0.00448612
-10.7846 50.2522 -15.6545 0.0346709 -0.99934 -0.0107528
-9.91663 50.2921 -15.9089 0.044754 -0.998802 -0.0197809
-8.94944 50.3338 -16.0981 0.0345141 -0.998951 -0.0301052
-7.89424 50.3825 -16.1831 0.0505957 -0.998071 -0.0359851
-6.38245 50.5015 -16.3123 0.079206 -0.996577 -0.0236686
-5.16145 50.5913 -16.3853 0.0695552 -0.997184 -0.027895
-3.78593 50.6972 -16.3661 0.0848372 -0.995699 -0.0372354
-2.78993 50.7811 -16.2699 0.0944214 -0.994724 -0.0389159
-1.87309 50.8715 -16.1997 0.10143 -0.993795 -0.0456443
-0.506746 50.9874 -16.1416 0.089431 -0.993972 -0.0634197
0.650932 51.0874 -16.1758 0.0731492 -0.996195 -0.0473839
1.84951 51.1902 -16.2422 0.0898415 -0.993113 -0.0752026
2.99874 51.2748 -16.2097 0.0605852 -0.995324 -0.0752253
4.10408 51.3748 -16.2698 0.112201 -0.99162 -0.0640412
5.20438 51.4879 -16.2396 0.0958336 -0.993303 -0.0645425
6.36228 51.6027 -16.2096 0.104193 -0.992177 -0.0687617
7.56428 51.726 -16.1037 0.111428 -0.991358 -0.0692341
8.49393 51.8179 -15.9294 0.102932 -0.992617 -0.0641546
9.55858 51.9091 -15.7032 0.0944781 -0.993067 -0.0699365
10.5428 51.9954 -15.6133 0.0863749 -0.993337 -0.0762925
11.4855 52.0739 -15.5114 0.0794848 -0.995014 -0.0580462
12.5511 52.1578 -15.3469 0.0978177 -0.991539 -0.0853321
13.6109 52.2414 -15.0754 0.099214 -0.991734 -0.0813609
14.5624 52.3254 -14.858 0.111438 -0.992588 -0.0454961
15.6982 52.4379 -14.7502 0.106203 -0.992561 -0.0595245
16.7727 52.5256 -14.5683 0.0869701 -0.994303 -0.0615035
17.8143 52.5945 -14.4257 0.0755294 -0.99409 -0.0765974
19.0883 52.6773 -14.2434 0.0692766 -0.993617 -0.0890232
19.9771 52.7207 -14.0402 0.0647323 -0.993917 -0.0890951
20.9749 52.759 -13.7424 0.0688164 -0.99453 -0.0776281
21.9492 52.7979 -13.5227 0.048031 -0.996351 -0.0705595
23.085 52.8377 -13.3842 0.0351281 -0.995531 -0.0875478
24.3636 52.8653 -13.129 0.0438709 -0.995431 -0.084573
25.4123 52.8736 -12.7124 0.0266647 -0.995637 -0.0883332
26.3048 52.8807 -12.5493 0.0324036 -0.994516 -0.099442
27.5564 52.8879 -12.3279 0.0305961 -0.992589 -0.117606
28.5967 52.9025 -12.0591 0.0302334 -0.995421 -0.0906788
29.669 52.9051 -11.7491 0.0378324 -0.9945 -0.0968428
30.8547 52.9234 -11.3205 0.0453813 -0.993696 -0.102256
32.1639 52.9347 -10.9225 0.0446761 -0.992489 -0.113664
33.1192 52.9473 -10.5313 0.0631474 -0.990922 -0.118681
33.989 52.9607 -10.1986 0.0600198 -0.991434 -0.115955
34.8662 52.9777 -9.86424 0.0675213 -0.991388 -0.112208
36.1418 52.9682 -9.04696 0.0722624 -0.99054 -0.116423
37.0408 52.976 -8.48994 0.0790835 -0.990306 -0.114193
37.8931 52.9763 -7.9702 0.0746035 -0.989513 -0.123443
38.6943 52.9596 -7.30627 0.0949465 -0.988352 -0.118924
39.4388 52.954 -6.65602 0.0950382 -0.98853 -0.117376
40.3452 52.9419 -5.82625 0.0973831 -0.987659 -0.122637
41.0513 52.906 -4.95614 0.101614 -0.988218 -0.114191
41.5811 52.8534 -4.01652 0.0912917 -0.989726 -0.11004
42.1209 52.8046 -3.00855 0.0968349 -0.991021 -0.0919217
42.5033 52.7611 -2.16272 0.0843628 -0.991911 -0.0948495
42.9382 52.7041 -1.12512 0.0814398 -0.994086 -0.0718281
43.3297 52.6567 -0.0142249 0.0825107 -0.993587 -0.0770906
43.8908 52.6111 1.22219 0.093866 -0.9928 -0.0744171
44.4035 52.5998 2.13421 0.0939888 -0.993645 -0.0619274
44.8254 52.584 3.02875 0.0937949 -0.993704 -0.0612758
45.2296 52.5482 4.172 0.0894094 -0.993892 -0.064692
45.4278 52.5101 5.10139 0.089915 -0.994462 -0.0543727
45.5599 52.4697 6.08569 0.0917561 -0.994365 -0.0530873
45.6374 52.4338 7.16234 0.0910393 -0.995116 -0.0380673
45.6392 52.3933 8.17489 0.0918038 -0.99495 -0.0405799
45.6743 52.3594 9.15001 0.0894016 -0.995303 -0.0370349
45.6336 52.3137 10.3163 0.0873888 -0.995671 -0.0316703
45.6074 52.2774 11.3344 0.0870862 -0.995847 -0.0137627
45.5598 52.2665 12.4598 0.0716976 -0.997377 -0.00992963
45.4524 52.2451 13.4122 0.0829178 -0.996442 -0.0108042
45.2997 52.2304 14.4703 0.083547 -0.996475 0.00392083
45.1487 52.2254 15.6024 0.077992 -0.996945 0.00419188
44.9808 52.2193 16.7702 0.079687 -0.99678 0.00895582
44.8148 52.2141 17.6733 0.0814577 -0.996628 0.0096593
44.7842 52.213 17.8539 0.078847 -0.996866 0.00562389
45.6403 52.2861 18.311 0.0825296 -0.996576 0.00498172
45.7802 52.2919 17.3987 0.0832346 -0.996476 0.0103576
46.0056 52.2988 15.9902 0.0865109 -0.996229 0.0065534
46.1934 52.3092 14.635 0.0889435 -0.996035 0.000475357
46.3109 52.3207 13.7261 0.0911242 -0.995825 -0.00389459
46.4823 52.3503 12.0399 0.0925524 -0.995665 -0.0092122
46.5206 52.3717 11.0814 0.0984863 -0.994847 -0.0234744
46.6003 52.4118 9.93761 0.0944234 -0.995174 -0.0266252
46.6396 52.472 8.56199 0.0952184 -0.994577 -0.041823
46.7326 52.5203 7.5992 0.0936066 -0.994839 -0.0390699
46.5897 52.5406 6.68186 0.0949452 -0.994757 -0.0379256
46.4286 52.5786 5.59793 0.0987572 -0.993569 -0.0553887
46.1725 52.6433 4.13338 0.102532 -0.992376 -0.0683877
45.9088 52.676 3.27095 0.102701 -0.992005 -0.0732093
45.4156 52.7117 2.01823 0.110003 -0.991664 -0.067091
44.8328 52.7176 1.00762 0.100705 -0.992078 -0.0749966
44.3483 52.748 -0.00349647 0.0967266 -0.992079 -0.0800545
43.9248 52.7934 -1.06551 0.0992522 -0.991783 -0.0807163
43.5554 52.8375 -1.92727 0.100298 -0.990127 -0.0978683
43.1939 52.8866 -2.76648 0.0965752 -0.990856 -0.0940299
42.8231 52.9252 -3.59038 0.0842104 -0.991864 -0.0954656
42.3378 52.9932 -4.5977 0.0912023 -0.98805 -0.123852
41.5849 53.0609 -5.75771 0.100466 -0.987134 -0.124369
40.687 53.0941 -6.80752 0.101208 -0.988071 -0.115992
39.8296 53.0995 -7.55805 0.0962489 -0.988015 -0.120676
39.0302 53.1309 -8.44668 0.0877996 -0.988324 -0.124273
37.5755 53.1065 -9.22436 0.0832622 -0.98951 -0.118052
36.7017 53.0999 -9.78666 0.0818786 -0.989006 -0.123027
35.4001 53.1091 -10.6431 0.0742942 -0.989236 -0.126067
34.3286 53.0876 -11.0636 0.0657053 -0.989501 -0.128726
33.4635 53.0744 -11.4086 0.0663948 -0.990202 -0.122754
32.5802 53.071 -11.8461 0.0628968 -0.990851 -0.119407
31.6724 53.0431 -12.0164 0.0479673 -0.991629 -0.119878
30.4442 53.0272 -12.4306 0.0589806 -0.991022 -0.119989
29.4994 53.0173 -12.7303 0.04495 -0.990387 -0.130817
27.9944 53.0056 -13.1467 0.0382929 -0.990477 -0.132147
26.5148 52.9903 -13.4754 0.039973 -0.992019 -0.119485
25.2575 52.9756 -13.7854 0.045151 -0.99235 -0.114901
24.3277 52.9711 -14.1009 0.0442944 -0.992227 -0.116287
22.6927 52.9211 -14.3112 0.0501731 -0.991865 -0.116902
21.7761 52.8877 -14.4514 0.0762178 -0.991563 -0.100975
20.6011 52.8277 -14.8132 0.0618015 -0.994548 -0.0839873
19.5045 52.7848 -15.0677 0.0741797 -0.991724 -0.10479
18.4575 52.7266 -15.2711 0.0794707 -0.991767 -0.100392
17.4644 52.6542 -15.3555 0.0856325 -0.991384 -0.0989763
16.2679 52.5603 -15.5944 0.103179 -0.989466 -0.101544
15.2182 52.461 -15.7559 0.10059 -0.991366 -0.0841154
13.8455 52.3414 -15.9694 0.100828 -0.991182 -0.0859718
12.9088 52.2686 -16.218 0.0979054 -0.991463 -0.086118
11.3871 52.1369 -16.4298 0.0945034 -0.991827 -0.0856608
10.3076 52.0505 -16.5945 0.0965476 -0.991912 -0.0823844
9.2562 51.9529 -16.7189 0.104083 -0.991661 -0.0759987
7.93121 51.8304 -16.9328 0.10882 -0.990968 -0.0781785
6.53865 51.7007 -17.1283 0.0932143 -0.991109 -0.0949391
5.58771 51.6141 -17.2111 0.114011 -0.989043 -0.0937824
4.29422 51.4831 -17.2488 0.0910918 -0.98944 -0.112541
3.37689 51.4003 -17.2131 0.0786353 -0.991097 -0.107437
1.98949 51.2813 -17.1653 0.0728903 -0.994038 -0.0800092
1.01983 51.2072 -17.1978 0.0822271 -0.992314 -0.0924107
-0.29631 51.0716 -17.025 0.0931589 -0.992105 -0.0839211
-1.71523 50.9322 -17.0914 0.108884 -0.992289 -0.0585284
-2.71632 50.8334 -17.149 0.110039 -0.992749 -0.047054
-3.61699 50.7335 -17.2338 0.0812193 -0.99655 -0.017086
-4.5246 50.6607 -17.3037 0.0739002 -0.996964 -0.0227303
-5.81567 50.5703 -17.2842 0.0719505 -0.996848 -0.0334266
-6.75564 50.5067 -17.2318 0.0740455 -0.995528 -0.0586562
-7.73496 50.4231 -17.135 0.0703996 -0.996313 -0.0431608
-9.11615 50.3557 -17.0076 0.0360777 -0.998772 -0.0337612
-10.1583 50.3095 -16.7944 0.0432384 -0.998481 -0.0341403
-11.1252 50.2559 -16.4868 0.0389148 -0.998818 -0.0279453
-12.0532 50.2222 -16.2739 0.0138873 -0.999619 -0.0215914
-13.4991 50.2077 -16.1792 0.00866516 -0.999909 -0.00549719
-14.8094 50.1887 -15.9065 0.0263283 -0.999653 -0.000518725
-15.6994 50.1671 -15.7106 0.0293126 -0.999543 -0.00415006
-16.8847 50.124 -15.4977 0.0406574 -0.999142 0.000547507
-17.9128 50.085 -15.3327 0.0304238 -0.999208 0.0256379
-19.367 50.0207 -15.3678 0.0377461 -0.997063 0.0607482
-20.4247 50.004 -15.3341 0.0182711 -0.996626 0.0800205
-22.1217 49.9954 -15.3577 0.00124541 -0.996926 0.0783425
-23.6235 49.9997 -15.4495 -0.0110314 -0.997003 0.0765724
-24.57 50.0158 -15.483 -0.00979849 -0.997994 0.0613411
-25.893 50.008 -15.4978 -0.00337507 -0.996875 0.0760303
-27.316 50.0442 -15.3852 -0.0167549 -0.995779 0.0902402
-28.5023 50.0774 -15.2331 -0.0126429 -0.995614 0.0926999
-29.6285 50.111 -15.0321 -0.0113399 -0.996788 0.0792723
-30.587 50.1479 -14.6834 -0.0112351 -0.995981 0.0882649
-31.7798 50.2017 -14.1407 0.0121448 -0.99591 0.0895311
-32.8069 50.2116 -13.8397 0.0142544 -0.992997 0.117185
-33.8089 50.2349 -13.5424 0.0174202 -0.992627 0.119857
-34.6767 50.2482 -13.2614 0.0317231 -0.991342 0.126875
-35.8129 50.2371 -13.1648 0.0198673 -0.991961 0.124978
-36.7413 50.258 -12.8262 0.0240065 -0.99204 0.12361
-37.5926 50.2936 -12.3951 0.0152804 -0.991978 0.124523
-38.5464 50.3122 -12.0216 0.0331939 -0.992933 0.113609
-39.3244 50.333 -11.5695 0.0387631 -0.991847 0.121395
-40.118 50.3723 -11.0243 0.0202741 -0.992934 0.116179
-41.0561 50.3722 -10.7152 0.0353392 -0.99493 0.0941579
-41.8671 50.3649 -10.3161 0.0650418 -0.995006 0.0757083
-42.7475 50.3337 -9.9173 0.071516 -0.994788 0.0726755
-43.6122 50.3002 -9.5059 0.0735456 -0.994678 0.0721603
-44.7149 50.2557 -8.89462 0.0809243 -0.995798 0.0428755
-45.6662 50.1945 -8.41788 0.092809 -0.995294 0.0278585
-46.9447 50.0863 -7.59888 0.111947 -0.993453 0.0220954
-48.0241 49.9721 -6.77715 0.122513 -0.992336 0.0161319
-49.0165 49.8632 -6.09274 0.117021 -0.993036 0.0133359
-49.9536 49.7627 -5.19098 0.117269 -0.993066 0.00449797
-50.7985 49.6602 -4.38412 0.120759 -0.992641 -0.00686331
-51.8663 49.5204 -3.24365 0.114161 -0.993221 -0.0196443
-52.7463 49.393 -2.47082 0.110117 -0.993448 -0.0292111
-53.418 49.2832 -1.59332 0.107094 -0.993321 -0.0429374
-53.9405 49.1899 -0.748996 0.103469 -0.993184 -0.0523229
-54.4789 49.0721 0.269273 0.0981777 -0.993171 -0.0630314
-54.979 48.9396 1.2449 0.112146 -0.990941 -0.0738841
-55.3838 48.8201 2.21473 0.108936 -0.990212 -0.0872518
-55.7452 48.6977 3.15255 0.112863 -0.989672 -0.0882845
-56.2293 48.5552 4.11729 0.120257 -0.989081 -0.0851851
-56.6546 48.4321 4.9935 0.105708 -0.990131 -0.0913534
-57.168 48.2593 6.17038 0.105988 -0.988957 -0.103436
-57.4659 48.1052 7.31293 0.116899 -0.987874 -0.102175
-57.6742 47.991 8.17589 0.114875 -0.988287 -0.100422
-58.0802 47.7852 9.72396 0.110052 -0.988266 -0.105923
-58.1857 47.6784 10.6193 0.104822 -0.988165 -0.111992
-58.3685 47.5121 11.9457 0.10009 -0.988944 -0.109374
-58.5794 47.3853 12.9288 0.101186 -0.989755 -0.100649
-58.4396 47.2827 14.0407 0.0943798 -0.990457 -0.0999595
-58.3784 47.1837 15.0603 0.0917963 -0.990135 -0.105809
-58.3359 47.0933 15.9574 0.0936256 -0.9897 -0.108301
-57.9536 47.0062 17.1097 0.0815861 -0.991259 -0.10338
-57.8177 46.9078 18.142 0.0859649 -0.990772 -0.104791
-57.6326 46.8207 19.0356 0.0986081 -0.988833 -0.111327
-57.2308 46.7572 20.0388 0.105133 -0.989108 -0.102998
-56.8795 46.7056 20.9166 0.102876 -0.989627 -0.100244
-56.6325 46.6404 21.8024 0.101165 -0.989894 -0.0993657
-55.7774 46.6218 22.8798 0.101774 -0.989971 -0.097975
-55.2204 46.6024 23.6324 0.0981592 -0.990279 -0.0985476
-54.7037 46.5699 24.4296 0.100481 -0.989181 -0.106842
-54.0721 46.5538 25.1918 0.103771 -0.988996 -0.105442
-53.2349 46.5351 26.1719 0.0990066 -0.989448 -0.105785
-52.5804 46.5295 26.8794 0.105766 -0.989341 -0.100085
-51.8577 46.537 27.5391 0.102716 -0.988713 -0.109015
-51.1236 46.5359 28.2973 0.112517 -0.98895 -0.0964
-50.0352 46.5587 29.3851 0.115128 -0.988615 -0.0968746
-49.0857 46.5839 30.2284 0.111981 -0.988746 -0.0992066
-48.3229 46.6158 30.813 0.125656 -0.98843 -0.0849509
-47.512 46.6594 31.5282 0.121615 -0.989527 -0.0776185
-46.6501 46.7078 32.164 0.117644 -0.989279 -0.086034
-45.8941 46.7581 32.7196 0.126429 -0.988928 -0.077587
-44.9473 46.8402 33.2459 0.120682 -0.990169 -0.0707221
-43.6205 46.9526 33.9526 0.1218 -0.990139 -0.0692069
-42.6914 47.0468 34.242 0.12042 -0.990156 -0.0712952
-41.2811 47.1967 34.5593 0.123703 -0.98954 -0.0742113
-40.3908 47.2845 34.7054 0.12479 -0.986916 -0.100814
-39.4231 47.405 34.8666 0.140128 -0.984527 -0.105213
-38.2243 47.5799 35.0502 0.140776 -0.988746 -0.0454031
-37.1066 47.7158 35.1814 0.128953 -0.990543 -0.0445088
-36.1321 47.8199 35.406 0.112087 -0.992527 -0.0482343
-34.8979 47.9561 35.4845 0.111244 -0.992722 -0.0460227
-33.7854 48.0673 35.565 0.0839024 -0.995726 -0.0385978
-32.8 48.1539 35.5381 0.0879548 -0.995481 -0.0357974
-31.4442 48.2645 35.478 0.0719376 -0.996597 -0.040118
-30.4878 48.3281 35.4113 0.0334387 -0.998625 -0.0403701
-29.0123 48.4285 35.3196 0.0584192 -0.997946 -0.0151484
-28.0498 48.4642 35.3582 0.0423355 -0.999054 -0.0099529
-26.6945 48.5086 35.498 0.0359423 -0.998985 -0.026214
-25.139 48.5847 35.3037 0.0409695 -0.998916 -0.0196957
-24.1642 48.6183 35.1697 0.0440798 -0.99891 -0.0071031
-23.2261 48.6679 35.0329 0.0423318 -0.999011 0.0135953
-21.5769 48.7143 34.7536 0.015177 -0.999841 0.00827005
-20.4088 48.728 34.5486 0.0159356 -0.999808 0.0114322
-19.0707 48.7363 34.2683 0.0100221 -0.99974 -0.020499
-18.1704 48.7648 34.3792 0.00372935 -0.999939 0.0104263
-16.903 48.7731 34.5963 0.000915915 -0.999958 0.00531792
-15.9789 48.7693 34.7256 0.0046117 -0.999941 -0.00318402
-15.049 48.7773 34.9014 0.00624361 -0.999877 -0.0127422
-13.685 48.7974 35.3489 0.0217789 -0.999763 0.000219228
-12.6255 48.8202 35.5496 0.0240969 -0.999683 0.00493571
-11.5326 48.8554 35.6614 0.0437098 -0.999044 0.000499339
-9.99337 48.9114 35.7837 0.0448448 -0.998558 -0.0223094
-9.0018 48.9702 35.8308 0.0928891 -0.994813 -0.00837246
-7.66267 49.1335 36.0379 0.112716 -0.993392 0.021602
-6.16265 49.3011 36.3126 0.102963 -0.99441 0.023396
-4.68315 49.4316 36.4364 0.0924811 -0.995713 0.00186382
-3.25426 49.5928 36.3734 0.129749 -0.991479 -0.0115704
-1.89815 49.7786 36.3251 0.135004 -0.990834 -0.00474511
-0.779448 49.944 36.1521 0.156606 -0.98766 -0.00168907
0.154682 50.0676 36.1279 0.0992495 -0.995062 -0.000443059
1.13645 50.1682 36.136 0.150585 -0.988372 -0.0210784
2.2175 50.3428 35.906 0.16285 -0.986578 -0.011664
3.36412 50.5086 36.0657 0.136706 -0.990606 0.00323939
4.27327 50.6374 36.2069 0.136528 -0.990599 0.00747612
5.28934 50.7914 36.2299 0.159599 -0.985714 0.0397632
6.33214 50.9278 36.255 0.120342 -0.991409 0.0501292
7.27609 51.0321 36.1639 0.114676 -0.992556 0.0410177
8.46667 51.1757 36.3472 0.121344 -0.99261 0.000441976
9.44837 51.2971 36.5407 0.112393 -0.993561 -0.00508034
10.7286 51.4373 36.4463 0.125717 -0.991821 0.0215099
12.0041 51.6065 36.4372 0.131513 -0.990973 0.0254836
13.2665 51.7745 36.3096 0.143133 -0.989372 0.0256157
14.333 51.9506 36.1101 0.153343 -0.985237 0.0691822
15.4716 52.0937 35.8968 0.148223 -0.981519 0.11795
16.7112 52.1963 35.8571 0.0353612 -0.991863 0.122299
17.7674 52.2212 35.858 0.0265764 -0.995955 0.0858319
18.8517 52.2577 35.9653 0.00835986 -0.995008 0.0994433
20.1696 52.329 36.313 0.024577 -0.991262 0.128828
21.1112 52.382 36.5843 0.0271045 -0.989813 0.139769
22.0622 52.4397 36.74 0.0297728 -0.985781 0.164953
23.4374 52.492 36.8461 0.0423685 -0.983859 0.173497
25.0531 52.5528 36.7684 0.031492 -0.986167 0.16264
25.9739 52.5546 36.6298 0.0248907 -0.986017 0.164758
27.4755 52.5333 36.3156 0.01836 -0.985726 0.167351
28.4816 52.5117 36.0188 0.0395629 -0.986844 0.156761
29.5776 52.4871 35.6081 0.0333885 -0.988237 0.149062
30.5592 52.4449 35.0476 0.0445051 -0.989552 0.137127
31.723 52.3976 34.3529 0.0412255 -0.991436 0.122858
32.8869 52.3776 33.6821 0.0415815 -0.993281 0.107993
34.2984 52.3637 32.8797 0.0618113 -0.992945 0.101066
35.2524 52.3701 32.3303 0.060759 -0.993406 0.0972267
36.2471 52.3644 31.6733 0.0572235 -0.993864 0.0946432
37.0355 52.3627 31.1648 0.0598248 -0.993807 0.0936232
37.9134 52.346 30.4482 0.0603047 -0.993259 0.0989931
38.703 52.3326 29.8782 0.0560392 -0.994676 0.0851215
39.5915 52.3393 29.2117 0.0641648 -0.995754 0.0660022
40.1678 52.3265 28.4575 0.069747 -0.995255 0.0676009
40.7846 52.3098 27.6337 0.0645136 -0.995528 0.0690102
41.4385 52.309 26.9249 0.0714189 -0.995499 0.0622441
42.0284 52.3066 26.1479 0.0766662 -0.99568 0.0523825
42.8071 52.3213 25.2534 0.0816686 -0.994941 0.0584728
43.3638 52.3213 24.4553 0.0813389 -0.995069 0.0567594
44.0045 52.3069 23.3827 0.07646 -0.995406 0.0576342
44.6623 52.305 22.3533 0.0741782 -0.996346 0.0423436
45.0039 52.2928 21.4245 0.075148 -0.996484 0.0370509
45.3287 52.2834 20.0827 0.0850703 -0.996132 0.0220234
45.5036 52.2796 19.1621 0.0844901 -0.996308 0.0130423
45.5749 52.2822 18.5939 0.082102 -0.996608 0.00558111
45.6314 52.2856 18.3636 0.0823159 -0.996592 0.00528141
