-26.5565 40.8706 -11.8184 -0.0435125 -0.998846 -0.0185595
-27.1092 40.8636 -10.7232 -0.0306951 -0.998847 -0.0352824
-27.4095 40.8296 -9.79318 -0.0250865 -0.99869 -0.044608
-27.8304 40.7715 -8.48942 -0.0238384 -0.997832 -0.0607426
-28.2161 40.6816 -7.19593 -0.017235 -0.996439 -0.0822176
-28.4498 40.592 -6.14133 -0.0123576 -0.996103 -0.0873226
-28.6151 40.4899 -5.13296 0.00388636 -0.994554 -0.10415
-28.7179 40.3677 -4.00598 0.00815117 -0.993109 -0.116839
-27.8001 40.3359 -3.6644 0.0128955 -0.992649 -0.120338
-26.6395 40.3635 -3.9049 -0.00732964 -0.995272 -0.0968494
-25.6214 40.3856 -4.21639 -0.00734214 -0.995433 -0.0951679
-24.2231 40.4228 -4.69416 -0.0132596 -0.996237 -0.0847193
-23.138 40.4577 -5.32374 -0.014146 -0.997531 -0.0683747
-22.3026 40.4948 -6.15062 -0.0191204 -0.998029 -0.0596382
-21.6547 40.5285 -7.03012 -0.0235238 -0.99825 -0.0542494
-20.9474 40.5615 -8.2523 -0.036993 -0.998778 -0.0327762
-20.5219 40.5756 -9.42426 -0.0452953 -0.998775 -0.0199124
-20.2884 40.5782 -10.4104 -0.0420372 -0.999092 -0.00515349
-20.1863 40.5749 -11.7854 -0.0448768 -0.998989 -0.00209995
-20.3394 40.5751 -12.7111 -0.0518724 -0.998595 0.0108537
-20.8013 40.5803 -13.7467 -0.0443947 -0.998751 0.022909
-21.5697 40.5974 -14.5521 -0.0597404 -0.997725 0.0312541
-22.5847 40.6418 -14.9293 -0.0528927 -0.997981 0.0351468
-23.5156 40.6998 -14.765 -0.0587889 -0.997631 0.0357236
-24.5418 40.7708 -14.1901 -0.0432033 -0.99873 0.0259244
-25.2397 40.8108 -13.6005 -0.0458814 -0.998873 0.0101107
-25.8891 40.8481 -12.8359 -0.0418443 -0.999123 0.00100101
-26.328 40.864 -12.1923 -0.0472227 -0.998822 -0.0111879
-27.1154 40.899 -12.7321 -0.0414432 -0.999141 -0.000207423
-26.588 40.8762 -13.5308 -0.0422736 -0.999104 0.0022086
-25.8896 40.8361 -14.3439 -0.0526579 -0.998458 0.0175442
-25.0641 40.7787 -15.0199 -0.055795 -0.998251 0.0195239
-24.2508 40.7145 -15.5127 -0.0605396 -0.997392 0.0392204
-23.3726 40.6472 -15.9049 -0.0589483 -0.997423 0.0409008
-22.4435 40.5932 -15.9455 -0.0507864 -0.99771 0.0446624
-21.5265 40.5554 -15.7131 -0.0561838 -0.996823 0.0562499
-20.4334 40.5273 -14.9239 -0.0498227 -0.998324 0.0294524
-19.7661 40.5234 -13.874 -0.0530411 -0.998159 0.0294255
-19.4096 40.5244 -13.0484 -0.0533018 -0.998385 0.0179752
-19.2039 40.5334 -11.6998 -0.0455026 -0.998846 0.0153998
-19.3089 40.5366 -10.4648 -0.041255 -0.999145 -0.00255536
-19.5328 40.532 -9.30531 -0.0295953 -0.999413 -0.0172511
-19.8457 40.5256 -8.3931 -0.0308389 -0.999264 -0.022214
-20.4036 40.5153 -7.27155 -0.0260639 -0.998715 -0.0402827
-20.955 40.4763 -6.37405 -0.0213991 -0.998272 -0.0546869
-21.5184 40.4446 -5.59416 -0.0227062 -0.998055 -0.0580557
-22.3312 40.4031 -4.72674 -0.0125254 -0.997092 -0.0751753
-23.1906 40.3663 -4.10795 -0.00676572 -0.996615 -0.081647
-24.0125 40.3356 -3.72672 -0.00290626 -0.996142 -0.087711
-25.0223 40.3089 -3.39676 2.88946e-05 -0.995739 -0.0920788
-26.008 40.2766 -3.10751 0.00726879 -0.995252 -0.0970614
-26.9584 40.2473 -2.83126 0.00291483 -0.993196 -0.115864
-28.3447 40.1977 -2.58593 0.0159555 -0.992363 -0.122308
-29.6486 40.2076 -2.79115 0.0109838 -0.991088 -0.132754
-29.7736 40.3729 -4.13888 0.000787192 -0.993371 -0.114949
-29.4969 40.5447 -5.66522 -0.00710996 -0.994072 -0.108487
-29.3155 40.6455 -6.61831 -0.0112168 -0.99546 -0.0940912
-29.0569 40.7457 -7.79628 -0.0171196 -0.996509 -0.0813651
-28.7555 40.8105 -8.75967 -0.0192796 -0.997174 -0.0726141
-28.4345 40.8513 -9.70133 -0.0293311 -0.998203 -0.0522447
-28.1357 40.8854 -10.636 -0.0300412 -0.998563 -0.0440831
-27.7213 40.91 -11.6488 -0.0333545 -0.999213 -0.0204916
-27.2101 40.9029 -12.5814 -0.0414432 -0.999141 -0.000207423
-28.0692 40.9386 -12.9867 -0.0416691 -0.99913 -0.00128993
-27.4406 40.9146 -13.9772 -0.0436798 -0.999043 -0.0012533
-26.8405 40.8764 -14.7604 -0.0479945 -0.998689 0.0177771
-25.9549 40.8094 -15.574 -0.053434 -0.99793 0.0357873
-25.0879 40.7431 -16.1477 -0.059228 -0.997592 0.0358491
-24.2515 40.6694 -16.6259 -0.0615316 -0.996966 0.0476676
-23.2433 40.5844 -16.9768 -0.0574748 -0.996456 0.0614191
-22.1451 40.5231 -16.9442 -0.057372 -0.996463 0.061397
-21.0581 40.4772 -16.665 -0.0513487 -0.997068 0.0567276
-20.1218 40.4593 -16.0586 -0.0557183 -0.997291 0.0479998
-19.2262 40.4589 -14.9244 -0.0589491 -0.997539 0.0379484
-18.8013 40.4685 -14.1198 -0.0445889 -0.99843 0.0325383
-18.3845 40.4753 -12.9749 -0.046753 -0.998727 0.0189368
-18.259 40.4872 -11.8785 -0.0476132 -0.998746 0.0154136
-18.2924 40.4948 -10.7995 -0.0422554 -0.999101 -0.00332024
-18.4678 40.4971 -9.62305 -0.0419136 -0.999102 -0.00622648
-18.6883 40.4963 -8.68398 -0.0308388 -0.999264 -0.0222141
-19.1507 40.4816 -7.59671 -0.0329034 -0.99911 -0.0263549
-19.7175 40.4603 -6.58543 -0.0382597 -0.998025 -0.0498203
-20.4445 40.4139 -5.45147 -0.0218401 -0.99821 -0.0556837
-21.0247 40.3791 -4.67415 -0.0181887 -0.997168 -0.0729675
-22.0036 40.3237 -3.72388 -0.0108861 -0.996621 -0.0811522
-22.7802 40.2862 -3.22468 -0.00472782 -0.996015 -0.0890611
-23.786 40.2515 -2.78332 -0.00477921 -0.996036 -0.0888268
-24.6899 40.2221 -2.49328 0.00158521 -0.995137 -0.0984909
-25.5773 40.1961 -2.25016 0.0102707 -0.994033 -0.107999
-26.5706 40.151 -1.98471 0.0132767 -0.992814 -0.118932
-27.4769 40.1106 -1.77071 0.0167751 -0.992671 -0.119678
-28.7088 40.0615 -1.53545 0.0220671 -0.990419 -0.135607
-29.8152 40.0295 -1.52015 0.0264994 -0.988534 -0.148658
-30.5923 40.0954 -2.0916 0.0256924 -0.988393 -0.149728
-30.927 40.2479 -3.2423 0.0157508 -0.990541 -0.136309
-30.7194 40.3954 -4.33974 0.000243693 -0.993254 -0.115955
-30.5407 40.5004 -5.23214 -0.000296539 -0.993136 -0.116966
-30.2821 40.6478 -6.60308 -0.00397185 -0.995035 -0.0994464
-30.0519 40.7472 -7.60649 -0.0112168 -0.99546 -0.0940912
-29.6112 40.8534 -9.11599 -0.0208748 -0.997377 -0.0688547
-29.3292 40.8922 -9.98137 -0.0293236 -0.998204 -0.052231
-29.0309 40.9292 -10.9176 -0.0321869 -0.998719 -0.0385831
-28.4452 40.9449 -12.3332 -0.0411679 -0.999043 -0.014764
-28.1243 40.9408 -12.8962 -0.0358785 -0.999285 -0.00754069
-29.0443 40.9784 -13.2201 -0.0386033 -0.999232 -0.00666952
-28.3539 40.9557 -14.3341 -0.0453118 -0.998917 0.0054463
-27.6008 40.9036 -15.3588 -0.0502188 -0.998601 0.0165762
-26.6765 40.8246 -16.2496 -0.0548395 -0.997867 0.0354263
-25.943 40.7582 -16.7686 -0.055928 -0.997323 0.0468483
-25.132 40.6896 -17.2624 -0.0555252 -0.997141 0.0512512
-24.2421 40.6102 -17.7473 -0.0661781 -0.996051 0.0591119
-22.9361 40.5063 -17.9847 -0.075518 -0.994842 0.0667677
-21.5241 40.4278 -17.8661 -0.0596492 -0.996022 0.0661918
-20.4565 40.3973 -17.5111 -0.0518109 -0.996989 0.057687
-19.464 40.3836 -16.8531 -0.0538812 -0.997073 0.0540903
-18.7733 40.3871 -16.0241 -0.0499684 -0.99744 0.0508279
-18.2758 40.3956 -15.2752 -0.0493073 -0.997964 0.0404501
-17.8473 40.4088 -14.4063 -0.054747 -0.997784 0.0378146
-17.525 40.4215 -13.446 -0.054454 -0.998265 0.0224052
-17.3188 40.435 -12.3095 -0.0483456 -0.998721 0.0147709
-17.2729 40.4455 -11.321 -0.0500335 -0.998696 0.0101536
-17.3752 40.4543 -10.3015 -0.0424041 -0.999095 -0.0033744
-17.6208 40.4586 -8.98066 -0.0430702 -0.998916 -0.0149216
-18.0696 40.441 -7.58867 -0.0403001 -0.99868 -0.0317652
-18.5113 40.431 -6.75803 -0.0334821 -0.998652 -0.0386622
-19.316 40.3894 -5.43722 -0.0233191 -0.998297 -0.0533795
-20.1655 40.331 -4.202 -0.0173423 -0.997414 -0.0697043
-21.1803 40.2641 -3.1082 -0.00989276 -0.996544 -0.0823391
-22.1973 40.2137 -2.44473 -0.00518551 -0.996384 -0.0848027
-23.4165 40.1685 -1.87 0.00214225 -0.995675 -0.0925367
-24.2817 40.1364 -1.62047 0.00535393 -0.995215 -0.0974885
-25.3606 40.0924 -1.31261 0.0142028 -0.993498 -0.112956
-26.8106 40.0268 -0.986665 0.0193797 -0.992605 -0.119795
-28.1841 39.9473 -0.631699 0.0316423 -0.989915 -0.138083
-29.2739 39.8846 -0.46032 0.0309364 -0.98918 -0.143235
-30.3513 39.8622 -0.502863 0.0285683 -0.987826 -0.152845
-31.1629 39.923 -1.05187 0.0260644 -0.988465 -0.14919
-31.7668 40.0475 -1.97691 0.025573 -0.988397 -0.149723
-31.997 40.2266 -3.17632 0.0206742 -0.988485 -0.149898
-31.7875 40.3539 -4.06848 0.00941708 -0.991369 -0.130764
-31.4733 40.5256 -5.44448 -0.00203718 -0.992783 -0.119852
-31.2347 40.6581 -6.62873 -0.00692589 -0.994669 -0.102886
-30.9824 40.7607 -7.68621 -0.00673976 -0.995995 -0.0891534
-30.6655 40.861 -8.90688 -0.02088 -0.997377 -0.0688564
-30.3056 40.9204 -9.99094 -0.0237916 -0.998091 -0.0566358
-29.9058 40.9687 -11.2358 -0.0257027 -0.998694 -0.0441495
-29.4211 40.9853 -12.4838 -0.0347249 -0.99931 -0.01265
-29.1325 40.9807 -13.0517 -0.0383753 -0.999221 -0.00894719
-29.902 41.0174 -13.6085 -0.0457384 -0.998902 -0.010164
-30.4631 41.0238 -12.3873 -0.0475152 -0.998634 -0.0217504
-30.8336 41.0092 -11.4027 -0.0467237 -0.997705 -0.0490056
-31.2095 40.9645 -10.255 -0.0379458 -0.997329 -0.0622865
-31.4839 40.9181 -9.39573 -0.0293234 -0.996816 -0.0732391
-31.8729 40.7977 -7.93131 -0.023756 -0.995214 -0.0947847
-32.0803 40.7086 -7.00009 -0.0225697 -0.993716 -0.10963
-32.3699 40.5874 -5.90364 -0.00878852 -0.99239 -0.122822
-32.5594 40.4655 -4.93044 -0.00451287 -0.990565 -0.136903
-32.9559 40.2697 -3.55879 0.0118717 -0.988375 -0.151565
-33.0094 40.0861 -2.4013 0.0206663 -0.98703 -0.159123
-32.6019 39.9264 -1.322 0.0184731 -0.987196 -0.158311
-32.136 39.79 -0.402686 0.0306201 -0.986908 -0.158347
-31.3588 39.717 0.211149 0.0325366 -0.985807 -0.164525
-30.457 39.6883 0.575126 0.0312359 -0.98738 -0.155261
-29.3739 39.7315 0.562136 0.0423965 -0.987721 -0.150243
-27.9618 39.8279 0.29505 0.0399108 -0.989783 -0.136624
-26.7444 39.918 -0.0540879 0.031301 -0.991921 -0.12246
-25.1388 39.9961 -0.397487 0.0207934 -0.993676 -0.110173
-23.9829 40.0478 -0.72863 0.00771249 -0.994496 -0.104485
-22.5128 40.1033 -1.16183 0.00169216 -0.995371 -0.095571
-21.6762 40.1336 -1.54424 -0.00504517 -0.996306 -0.08573
-20.8678 40.1774 -2.10734 -0.0113601 -0.996 -0.0886228
-19.9647 40.2327 -2.91698 -0.0100887 -0.996959 -0.0772764
-19.3225 40.2825 -3.72392 -0.0168233 -0.997621 -0.0668602
-18.6682 40.3332 -4.64028 -0.0178924 -0.998143 -0.0573657
-18.0167 40.3719 -5.72466 -0.0207501 -0.998655 -0.047511
-17.4537 40.3895 -6.6387 -0.0263803 -0.999237 -0.0287916
-16.8648 40.4076 -8.03904 -0.0339182 -0.999215 -0.0204868
-16.5719 40.4178 -9.28169 -0.0406039 -0.999157 -0.00548491
-16.3627 40.408 -10.9082 -0.044941 -0.998962 0.00700041
-16.3537 40.3924 -12.1638 -0.044819 -0.998862 0.0163334
-16.5109 40.3789 -13.1842 -0.0454689 -0.998655 0.0249091
-16.781 40.3619 -14.2654 -0.0450893 -0.998516 0.0304935
-17.3218 40.3357 -15.6177 -0.0454533 -0.998121 0.0409494
-17.7881 40.3201 -16.4767 -0.0442782 -0.997708 0.0511684
-18.5125 40.311 -17.2854 -0.0426782 -0.997649 0.0534941
-19.4535 40.3098 -18.1091 -0.052966 -0.996847 0.059074
-20.3131 40.3242 -18.5666 -0.0444004 -0.99706 0.0624431
-21.3527 40.346 -18.8602 -0.0474807 -0.993887 0.0972797
-22.3901 40.3898 -19.0506 -0.0531405 -0.99552 0.0782019
-23.4117 40.4682 -18.9981 -0.0860865 -0.99364 0.0724026
-24.5327 40.5704 -18.7131 -0.0638323 -0.996214 0.0590142
-25.6441 40.6729 -18.1277 -0.060727 -0.996837 0.051263
-26.7635 40.7754 -17.4274 -0.0587907 -0.997011 0.0501182
-27.6266 40.8657 -16.6959 -0.0668262 -0.997235 0.0308949
-28.4573 40.9396 -15.8563 -0.0610756 -0.997949 0.0177041
-29.1007 40.985 -14.9558 -0.0546532 -0.99846 0.00950718
-29.552 41.0082 -14.2492 -0.0453701 -0.998917 -0.0103275
-29.8078 41.015 -13.7884 -0.045373 -0.998917 -0.0103262
