35.2308 50.1766 -4.02479 0.27686 -0.952532 0.126574
35.8084 50.1852 -5.2602 0.279259 -0.952243 0.123482
36.0921 50.0985 -6.65119 0.28651 -0.950799 0.117868
36.0754 49.9794 -7.62207 0.292219 -0.950079 0.109357
35.9229 49.8238 -8.57283 0.296771 -0.949371 0.103066
35.5465 49.5898 -9.62119 0.303013 -0.947439 0.102671
35.1002 49.355 -10.4908 0.308015 -0.94646 0.096636
34.5726 49.0916 -11.3715 0.310069 -0.946226 0.0920766
34.0143 48.8388 -12.1482 0.311781 -0.946437 0.0839263
33.2726 48.5301 -12.8659 0.319051 -0.944849 0.0739334
32.39 48.1877 -13.4185 0.317259 -0.945822 0.0686669
31.3736 47.8218 -13.8724 0.318813 -0.945766 0.062017
30.3065 47.4312 -14.2874 0.321169 -0.945241 0.0580289
29.0499 46.9903 -14.6232 0.316708 -0.947062 0.052631
28.1525 46.6704 -14.6944 0.323235 -0.945386 0.0389004
26.7505 46.216 -14.3819 0.315221 -0.948 0.0414007
25.6668 45.8819 -13.8568 0.314376 -0.948208 0.0454977
24.7144 45.6364 -12.857 0.316769 -0.941664 0.113692
24.3355 45.6184 -11.9159 0.302498 -0.948795 0.0903136
24.3922 45.7309 -11.0332 0.298466 -0.94297 0.147394
24.851 46.07 -9.80678 0.300719 -0.941889 0.149708
25.1275 46.304 -8.97456 0.297231 -0.940842 0.162649
25.5284 46.6498 -7.70287 0.293884 -0.941412 0.165458
25.9173 46.9937 -6.4394 0.284595 -0.942533 0.175034
26.23 47.2607 -5.51897 0.275676 -0.944842 0.176816
26.605 47.5193 -4.70781 0.272031 -0.946522 0.173467
27.2729 47.8809 -3.77419 0.271814 -0.947352 0.16921
28.1252 48.2615 -2.98984 0.269418 -0.948192 0.168357
28.9803 48.579 -2.56755 0.271093 -0.948407 0.164415
29.9622 48.89 -2.37357 0.27108 -0.950156 0.153964
30.924 49.1917 -2.21883 0.274012 -0.949782 0.151099
31.9979 49.5032 -2.19653 0.26976 -0.951936 0.145078
33.1809 49.8081 -2.4186 0.274573 -0.951679 0.137527
34.0443 49.9924 -2.87786 0.272876 -0.952552 0.134784
34.8389 50.1322 -3.51755 0.274345 -0.95299 0.12863
35.099 50.1627 -3.84649 0.274345 -0.95299 0.12863
35.8808 50.4657 -3.26737 0.271519 -0.954775 0.121172
34.8458 50.3097 -2.2252 0.272065 -0.953313 0.131028
34.0455 50.1493 -1.7497 0.269785 -0.953802 0.1322
33.0998 49.9378 -1.37774 0.264767 -0.954281 0.138681
32.1406 49.6903 -1.22694 0.266453 -0.953464 0.141084
30.9798 49.3564 -1.26525 0.266318 -0.95264 0.146745
30.1226 49.0996 -1.37796 0.267145 -0.951767 0.150905
29.1038 48.79 -1.52102 0.264056 -0.951762 0.156277
28.0212 48.4314 -1.85317 0.263824 -0.950302 0.165295
27.19 48.0948 -2.43848 0.269043 -0.948049 0.169762
26.4343 47.7423 -3.22747 0.261771 -0.94893 0.176054
25.7285 47.3375 -4.33429 0.262929 -0.947921 0.179758
25.236 46.9703 -5.50203 0.262524 -0.946646 0.186925
24.9777 46.7411 -6.3373 0.264329 -0.947817 0.178249
24.5049 46.3318 -7.76662 0.274315 -0.945479 0.175557
24.2203 46.0657 -8.73661 0.277285 -0.943873 0.179493
23.9453 45.8154 -9.62812 0.278759 -0.943302 0.180198
23.4555 45.4838 -10.7293 0.294002 -0.944201 0.148483
23.2523 45.302 -11.7457 0.282922 -0.955098 0.0879975
23.5347 45.2934 -12.8015 0.286299 -0.952382 0.102687
24.2567 45.3968 -13.8662 0.290685 -0.955011 0.0472991
24.9287 45.6022 -14.5489 0.31955 -0.946823 0.036937
25.7058 45.8494 -15.0396 0.316449 -0.948257 0.0258424
26.8633 46.2219 -15.4792 0.314028 -0.949026 0.0271296
28.1464 46.6429 -15.6965 0.316104 -0.948598 0.0155158
29.1283 46.97 -15.6148 0.310775 -0.950323 0.0174571
30.3271 47.3843 -15.2996 0.3199 -0.946325 0.0461754
31.4882 47.8051 -14.868 0.32615 -0.943867 0.0523589
32.4359 48.142 -14.4712 0.313389 -0.948299 0.0501273
33.5689 48.5522 -13.8451 0.316644 -0.946973 0.0545841
34.4328 48.8944 -13.1347 0.310306 -0.947758 0.0739259
35.079 49.1731 -12.305 0.310554 -0.94668 0.0857462
35.7848 49.5117 -11.1367 0.310074 -0.946225 0.0920738
36.3337 49.786 -10.1435 0.29935 -0.949365 0.0953669
36.7028 49.9963 -9.22954 0.298535 -0.949107 0.100309
36.9431 50.1904 -8.1325 0.293221 -0.950453 0.103184
37.0432 50.3501 -6.9836 0.284162 -0.952439 0.110054
36.935 50.4412 -5.91269 0.280798 -0.953213 0.111887
36.6026 50.4885 -4.71626 0.277834 -0.953657 0.115523
36.2017 50.4888 -3.8027 0.271541 -0.954707 0.121654
37.0288 50.7801 -3.3627 0.271518 -0.954775 0.121172
36.3993 50.7264 -2.37154 0.269016 -0.95531 0.122486
35.3817 50.5638 -1.44808 0.266583 -0.955535 0.126043
34.3784 50.3735 -0.811758 0.266399 -0.954978 0.130508
33.4501 50.1681 -0.443618 0.261598 -0.955348 0.137391
32.1468 49.8384 -0.243564 0.264798 -0.954124 0.139746
30.8333 49.4643 -0.314781 0.262714 -0.953344 0.14872
29.8593 49.1718 -0.456516 0.262966 -0.952471 0.153697
28.9902 48.9182 -0.562054 0.263202 -0.951527 0.159124
27.8754 48.5731 -0.808302 0.256415 -0.953179 0.160319
26.9851 48.2384 -1.31779 0.260034 -0.951007 0.167234
26.1178 47.8722 -2.03379 0.26089 -0.949834 0.172484
25.3905 47.4999 -2.98197 0.26177 -0.94893 0.176054
24.8837 47.1812 -3.92056 0.263466 -0.947722 0.180022
24.4147 46.8227 -5.09832 0.261759 -0.946961 0.186407
23.9664 46.446 -6.37329 0.255476 -0.947561 0.191993
23.5473 46.0801 -7.61936 0.26655 -0.946086 0.184044
23.1662 45.726 -8.88724 0.280237 -0.942732 0.180895
22.8357 45.4663 -9.73714 0.279114 -0.944038 0.175751
22.4532 45.2169 -10.609 0.245104 -0.958887 0.143035
22.1845 45.0197 -11.4521 0.25589 -0.956687 0.138327
22.2698 44.9423 -12.3476 0.304438 -0.9475 0.0977823
22.6411 44.9906 -13.2002 0.289584 -0.955466 0.0567097
23.3265 45.12 -14.1893 0.267946 -0.961027 0.068054
24.1519 45.3174 -15.1303 0.293017 -0.955857 0.0218768
25.1968 45.646 -15.8753 0.325902 -0.945373 0.00756438
26.3141 46.0237 -16.3196 0.318246 -0.947957 0.00988312
27.2384 46.3311 -16.5912 0.314992 -0.949031 0.0104382
28.4444 46.7257 -16.6995 0.313998 -0.949325 0.013343
29.6229 47.1149 -16.5332 0.310777 -0.950323 0.0174524
30.5684 47.4273 -16.2518 0.316883 -0.948094 0.0244308
31.7055 47.8338 -15.7705 0.323826 -0.945661 0.0292061
32.7544 48.1955 -15.4258 0.314069 -0.94849 0.0415496
33.6041 48.4987 -14.9766 0.314249 -0.947864 0.0528325
34.5281 48.8429 -14.34 0.313547 -0.947906 0.0562446
35.1848 49.0973 -13.7428 0.315346 -0.947227 0.057601
35.7293 49.33 -13.023 0.310191 -0.948137 0.0694104
36.392 49.6368 -11.9231 0.305111 -0.94844 0.0857397
36.8611 49.8537 -11.1532 0.301811 -0.949272 0.0881546
37.3793 50.1141 -10.1475 0.298309 -0.950195 0.0902307
37.6606 50.2896 -9.28094 0.294845 -0.950655 0.096553
37.859 50.446 -8.34635 0.292284 -0.951081 0.0999857
37.9693 50.5892 -7.35014 0.290228 -0.951173 0.105059
37.9474 50.683 -6.42933 0.278787 -0.954402 0.106695
37.6886 50.7606 -5.08295 0.2808 -0.953212 0.11189
37.3702 50.7859 -4.11103 0.277903 -0.953557 0.116185
37.1635 50.7841 -3.63213 0.274721 -0.954132 0.118919
38.0783 51.0731 -3.38602 0.268761 -0.956347 0.11475
38.5973 51.0538 -4.8049 0.272624 -0.955755 0.110492
38.8185 50.9985 -5.88095 0.276201 -0.955491 0.103678
38.9043 50.9138 -6.8978 0.280881 -0.9544 0.101105
38.8748 50.8022 -7.85561 0.283867 -0.953781 0.0985008
38.7386 50.6652 -8.82608 0.287092 -0.953063 0.0961442
38.3351 50.3999 -10.2776 0.293248 -0.951971 0.0880723
37.707 50.0866 -11.574 0.301901 -0.949905 0.08081
37.2271 49.8672 -12.3341 0.30451 -0.949507 0.0752318
36.5659 49.5694 -13.4783 0.308784 -0.948518 0.0704711
35.6999 49.2156 -14.5666 0.309234 -0.948975 0.061817
34.9305 48.9288 -15.2307 0.311682 -0.949106 0.044881
34.1634 48.6485 -15.7606 0.316271 -0.947756 0.0415906
33.326 48.3477 -16.273 0.314776 -0.948269 0.0412532
32.4751 48.0545 -16.6391 0.304838 -0.95192 0.0303556
31.3355 47.6684 -16.9864 0.321461 -0.946416 0.030983
30.3403 47.3323 -17.3734 0.305524 -0.952112 0.0115174
29.2708 46.9849 -17.61 0.30885 -0.951053 0.00973526
28.2403 46.6531 -17.6725 0.309725 -0.9508 0.00576832
27.0426 46.2592 -17.551 0.317415 -0.948267 0.00215861
25.899 45.8746 -17.239 0.321487 -0.946857 0.0098412
24.8475 45.5181 -16.8095 0.32524 -0.945592 0.00859313
24.0137 45.2553 -16.2492 0.297847 -0.954577 0.00834405
23.1433 45.0101 -15.4321 0.276208 -0.960698 0.0277293
22.4647 44.8471 -14.6494 0.278152 -0.95835 0.0637787
21.7516 44.6965 -13.6134 0.289586 -0.955465 0.0567131
21.2526 44.6404 -12.6221 0.225451 -0.971115 0.0781477
21.1394 44.7253 -11.6363 0.230443 -0.967372 0.104804
21.3524 44.9216 -10.6554 0.256139 -0.954951 0.149869
21.7968 45.1895 -9.72375 0.253063 -0.954982 0.154816
22.1686 45.4554 -8.79316 0.265255 -0.945368 0.18947
22.458 45.7144 -7.91756 0.267607 -0.945683 0.184581
22.8471 46.0769 -6.66809 0.265869 -0.942567 0.202193
23.2309 46.402 -5.61455 0.255152 -0.947308 0.19366
23.5943 46.7026 -4.60991 0.25162 -0.949575 0.187051
23.9312 46.962 -3.73535 0.251976 -0.949993 0.184449
24.3337 47.2313 -2.89064 0.253561 -0.950668 0.178712
24.7854 47.5098 -2.04018 0.251831 -0.951576 0.176305
25.4008 47.8138 -1.28884 0.254223 -0.951905 0.171018
26.0819 48.0977 -0.721 0.254151 -0.951927 0.171002
26.8634 48.3987 -0.214238 0.259302 -0.951282 0.166807
27.7106 48.6983 0.198882 0.256269 -0.953145 0.160753
28.7311 48.9994 0.367036 0.255151 -0.954707 0.153035
29.725 49.2893 0.502464 0.257882 -0.954378 0.150531
30.6415 49.5561 0.634548 0.259265 -0.954492 0.147344
31.5911 49.8315 0.741071 0.2589 -0.955174 0.143574
32.5491 50.0834 0.689477 0.258034 -0.956485 0.13622
33.4226 50.301 0.550821 0.259068 -0.956692 0.132705
34.7544 50.6005 0.129423 0.257019 -0.957562 0.13045
35.6183 50.7644 -0.425221 0.259587 -0.957823 0.123228
36.4048 50.9017 -1.02024 0.260399 -0.957786 0.121813
37.3151 51.0252 -2.02373 0.265122 -0.95681 0.119264
37.7765 51.061 -2.78034 0.26876 -0.956348 0.114747
38.602 51.3383 -2.37062 0.26228 -0.958598 0.110901
39.1683 51.354 -3.5917 0.266118 -0.957865 0.108052
39.4846 51.3378 -4.51792 0.26815 -0.95753 0.105948
39.7256 51.2814 -5.67043 0.269231 -0.957593 0.102619
39.8036 51.2029 -6.62984 0.273122 -0.956767 0.100011
39.8023 51.0723 -7.91811 0.281109 -0.95508 0.093787
39.6868 50.9474 -8.82705 0.282502 -0.954526 0.0952546
39.4713 50.7936 -9.77148 0.287209 -0.95362 0.0901071
39.0958 50.5747 -10.9396 0.292555 -0.952835 0.0807119
38.5398 50.3081 -12.0442 0.295419 -0.95213 0.0784885
38.0301 50.0868 -12.858 0.302766 -0.950471 0.0702758
37.5412 49.868 -13.7608 0.305315 -0.950287 0.0610235
36.9823 49.6356 -14.5244 0.308885 -0.949361 0.0571349
36.39 49.4076 -15.1687 0.310761 -0.949105 0.0512554
35.6078 49.1159 -15.9005 0.309612 -0.950058 0.0391142
34.7833 48.8222 -16.4901 0.310191 -0.949893 0.0385228
33.5992 48.4014 -17.212 0.317797 -0.947499 0.0353592
32.7584 48.1147 -17.6192 0.307384 -0.951168 0.0281181
31.9141 47.8377 -17.8231 0.293775 -0.955575 0.0239223
31.0635 47.5578 -18.2604 0.311142 -0.950317 0.00941828
30.1354 47.2556 -18.4427 0.306552 -0.951806 0.00954907
29.2253 46.9682 -18.5504 0.307505 -0.951546 -0.000251
27.7868 46.5042 -18.6077 0.309953 -0.950733 -0.00379241
26.6799 46.1333 -18.5118 0.326576 -0.945162 0.00217064
25.4606 45.7172 -18.1595 0.323036 -0.946371 0.00539552
23.9511 45.221 -17.3856 0.303828 -0.95267 0.00900511
22.6672 44.8476 -16.2762 0.27903 -0.95999 0.0228627
21.6321 44.5914 -15.115 0.265911 -0.96332 0.0360509
20.7835 44.4173 -13.9028 0.243676 -0.967287 0.0672432
20.2422 44.3869 -12.7195 0.247969 -0.964251 0.0928239
20.1045 44.4872 -11.4572 0.23888 -0.965019 0.10768
20.4139 44.7351 -10.2591 0.242891 -0.958855 0.14663
20.8446 45.0146 -9.24568 0.254215 -0.954521 0.155762
21.2746 45.3038 -8.31402 0.26127 -0.946786 0.187975
21.6177 45.6085 -7.3278 0.244879 -0.946187 0.211568
22.0048 45.9627 -6.18642 0.243107 -0.947725 0.206679
22.4769 46.3493 -4.91864 0.242728 -0.949845 0.197172
22.9797 46.7356 -3.61714 0.246116 -0.95105 0.1869
23.3956 47.0239 -2.67569 0.247292 -0.951938 0.180724
23.801 47.2958 -1.7882 0.249995 -0.952318 0.174889
24.5141 47.6863 -0.691547 0.251261 -0.952231 0.173564
25.2366 47.9908 -0.0644682 0.25043 -0.952707 0.172141
25.9356 48.2634 0.436078 0.253176 -0.952889 0.167046
26.7352 48.5737 0.983145 0.25504 -0.952821 0.164502
27.739 48.8847 1.27502 0.250741 -0.955298 0.156616
28.8451 49.2045 1.44112 0.25242 -0.955036 0.155534
29.7116 49.4436 1.5163 0.252578 -0.956449 0.14627
30.5777 49.6864 1.59241 0.255415 -0.95606 0.143919
31.4911 49.9441 1.6981 0.255313 -0.956559 0.140713
32.4527 50.2005 1.67908 0.25756 -0.956273 0.13858
33.3599 50.418 1.5246 0.256137 -0.957543 0.132303
34.4497 50.6771 1.29969 0.254301 -0.958478 0.129026
35.6936 50.9304 0.719126 0.255019 -0.958919 0.124206
36.4672 51.0707 0.189981 0.25629 -0.959145 0.119806
37.151 51.181 -0.403953 0.25835 -0.958789 0.118225
38.0373 51.2927 -1.45731 0.259739 -0.95872 0.115723
38.1425 51.3024 -1.61289 0.261095 -0.958416 0.115181
38.5053 51.3322 -2.19416 0.262366 -0.958355 0.112769
