27.5382 58.3042 -19.8232 0.357112 -0.931519 -0.0682706
26.7426 58.0311 -20.1825 0.354985 -0.931831 -0.075338
25.6774 57.6648 -20.5595 0.342509 -0.936091 -0.0801335
24.515 57.2503 -20.7677 0.351723 -0.932856 -0.0779112
23.354 56.8176 -20.7635 0.34203 -0.935873 -0.084596
22.0994 56.3404 -20.4772 0.331806 -0.939597 -0.0840423
20.6486 55.7852 -20.0278 0.32925 -0.939102 -0.0983983
19.4462 55.3128 -19.4911 0.312867 -0.945084 -0.0938105
18.4812 54.9272 -18.7391 0.304396 -0.947465 -0.098245
17.8793 54.6871 -18.1147 0.298498 -0.952777 -0.0541456
17.1377 54.4205 -17.3029 0.28049 -0.958788 -0.0439972
16.3906 54.1658 -16.2536 0.273531 -0.961486 -0.0210772
15.9414 54.0425 -15.4026 0.272088 -0.96219 0.0125909
15.7447 53.9988 -14.1662 0.275697 -0.961213 0.00776555
15.9609 54.0955 -13.297 0.28918 -0.956452 0.039668
16.3141 54.2842 -12.2864 0.263095 -0.958408 0.110262
16.6484 54.4904 -11.3523 0.268372 -0.955437 0.122636
17.0648 54.7867 -10.1854 0.282468 -0.947416 0.150379
17.4727 55.0774 -9.12509 0.287678 -0.945495 0.152577
17.8214 55.319 -8.28592 0.281718 -0.945172 0.164631
18.2573 55.6232 -7.34541 0.288387 -0.941986 0.171743
18.6837 55.9366 -6.34693 0.288953 -0.941613 0.172829
19.1085 56.2296 -5.49442 0.274389 -0.943207 0.187274
20.0412 56.6909 -4.56586 0.283931 -0.941146 0.183377
20.801 57.014 -4.07983 0.286145 -0.940686 0.182269
22.162 57.5293 -3.53384 0.28323 -0.943462 0.172224
23.2776 57.9231 -3.21262 0.288631 -0.942631 0.167599
24.7247 58.3958 -3.07452 0.29044 -0.942347 0.166205
25.6633 58.6899 -3.09755 0.300874 -0.940856 0.155771
26.7618 59.0243 -3.17639 0.300908 -0.942805 0.143435
27.9273 59.3612 -3.3886 0.299384 -0.944102 0.137878
29.2657 59.7168 -3.90912 0.305737 -0.943469 0.127849
30.0187 59.9017 -4.38832 0.310239 -0.942783 0.122108
30.8055 60.0799 -5.07593 0.314279 -0.942946 0.10992
31.7194 60.262 -6.18431 0.316385 -0.943582 0.0977378
32.2132 60.3315 -7.16329 0.321198 -0.943348 0.0832228
32.5174 60.3513 -8.10962 0.322553 -0.943279 0.0784078
32.6724 60.3369 -9.04965 0.323662 -0.943835 0.066478
32.8013 60.3034 -10.3201 0.33509 -0.940834 0.0494727
32.8103 60.2588 -11.2259 0.343734 -0.938281 0.038234
32.7056 60.1825 -12.2299 0.345878 -0.937619 0.0351966
32.5425 60.0928 -13.1284 0.347653 -0.937422 0.019438
32.3129 59.9891 -14.0233 0.346162 -0.937993 0.0183861
31.884 59.8267 -15.0314 0.35192 -0.936003 0.00533996
31.3286 59.615 -16.1212 0.358503 -0.93339 -0.0152984
30.6061 59.3619 -17.1876 0.354683 -0.934779 -0.0196823
29.8132 59.0895 -18.2067 0.363978 -0.930351 -0.0442316
29.1473 58.8657 -18.8313 0.357221 -0.932778 -0.0481506
28.1257 58.5123 -19.5091 0.36199 -0.930198 -0.0607832
27.8161 58.403 -19.6798 0.36199 -0.930198 -0.0607832
28.3042 58.6505 -20.5131 0.358272 -0.930304 -0.07848
27.3836 58.3365 -20.9387 0.353502 -0.932184 -0.0778654
26.3556 57.9905 -21.3615 0.348892 -0.933138 -0.0867546
25.3531 57.6463 -21.6366 0.341126 -0.934697 -0.0998182
24.327 57.2852 -21.7646 0.344431 -0.932777 -0.106275
23.4452 56.9697 -21.767 0.3319 -0.93689 -0.10991
22.5695 56.6383 -21.6082 0.328048 -0.937351 -0.117291
21.4115 56.1974 -21.2879 0.325329 -0.939064 -0.110966
20.5848 55.8791 -21.0379 0.327852 -0.938217 -0.110731
19.71 55.5358 -20.7203 0.316024 -0.941602 -0.115493
18.8799 55.2113 -20.2912 0.303909 -0.948257 -0.0919132
18.1375 54.9214 -19.7201 0.295128 -0.950606 -0.0958989
17.1134 54.5007 -18.7126 0.28145 -0.956001 -0.0807079
16.5042 54.2821 -18.0677 0.277372 -0.958681 -0.063211
15.9091 54.0611 -17.3298 0.280745 -0.958435 -0.0485526
15.3068 53.8717 -16.4183 0.280106 -0.959773 -0.00785784
14.7916 53.7139 -15.1951 0.282112 -0.959332 0.00964403
14.7421 53.709 -14.065 0.267045 -0.962818 0.0306678
14.9932 53.8469 -13.128 0.275947 -0.956813 0.0914455
15.3189 54.028 -12.2094 0.255011 -0.961007 0.106928
15.7768 54.2973 -10.9948 0.263258 -0.955695 0.131688
16.2904 54.651 -9.58547 0.26299 -0.952064 0.156236
16.6987 54.9453 -8.53199 0.272615 -0.9456 0.177514
17.1354 55.2618 -7.52069 0.274855 -0.94529 0.175724
17.5317 55.5394 -6.66192 0.268162 -0.94538 0.185327
17.8914 55.8145 -5.79801 0.271928 -0.943392 0.18991
18.35 56.1385 -4.84272 0.26907 -0.944057 0.190675
18.9734 56.4581 -4.15096 0.273573 -0.942624 0.191359
19.6627 56.7637 -3.62835 0.2758 -0.942155 0.190443
20.4243 57.0851 -3.15397 0.276338 -0.942761 0.186596
21.4949 57.484 -2.7075 0.276564 -0.943461 0.182741
22.4676 57.8228 -2.43419 0.283096 -0.942863 0.17568
23.4729 58.165 -2.21907 0.282994 -0.943181 0.174139
24.8593 58.603 -2.12961 0.289045 -0.942884 0.165595
25.7482 58.8739 -2.15047 0.295778 -0.94273 0.15409
26.8365 59.1977 -2.2193 0.290819 -0.944389 0.153467
27.827 59.4827 -2.37103 0.295627 -0.944753 0.141585
28.7837 59.7384 -2.65799 0.296625 -0.945384 0.134955
29.9565 60.0344 -3.21856 0.299506 -0.94537 0.128729
30.822 60.2354 -3.83377 0.304449 -0.945744 0.113486
31.7143 60.4255 -4.67044 0.305183 -0.946786 0.102269
32.4704 60.5711 -5.607 0.311514 -0.945366 0.0960817
32.9517 60.6459 -6.46054 0.312926 -0.945312 0.0919771
33.3542 60.6742 -7.66739 0.322547 -0.943281 0.0784087
33.5261 60.6616 -8.59599 0.324431 -0.943327 0.0697673
33.6347 60.6371 -9.53663 0.328908 -0.942398 0.0608653
33.7254 60.6073 -10.6613 0.330483 -0.942829 0.0430641
33.6643 60.5313 -12.0182 0.330422 -0.94329 0.0319149
33.4756 60.4362 -13.1009 0.336243 -0.941658 0.0148234
33.2135 60.326 -14.1687 0.344465 -0.938634 0.0151685
32.8537 60.1869 -15.1325 0.351635 -0.936097 -0.00867824
32.4562 60.046 -15.9683 0.350479 -0.936515 -0.010188
32.0365 59.8976 -16.7629 0.35602 -0.934396 -0.0109012
31.3591 59.6691 -17.7567 0.36029 -0.932295 -0.0319018
30.7472 59.4717 -18.5421 0.359555 -0.932183 -0.0413748
29.9502 59.2065 -19.4356 0.359073 -0.931385 -0.0593352
29.0969 58.9236 -20.0217 0.358229 -0.931494 -0.0630252
28.6316 58.7624 -20.3244 0.361762 -0.929689 -0.0688512
29.0766 59.0007 -21.1602 0.350398 -0.933984 -0.0699651
28.1017 58.675 -21.6479 0.351284 -0.931998 -0.089328
27.2365 58.3882 -22.0576 0.3497 -0.932201 -0.0932317
26.0569 57.9936 -22.4725 0.343534 -0.934002 -0.0981053
25.1468 57.6819 -22.6554 0.338325 -0.935484 -0.102006
24.2173 57.3574 -22.7399 0.332681 -0.93661 -0.109925
23.1862 56.9882 -22.7187 0.33262 -0.936928 -0.107373
22.2993 56.659 -22.5472 0.328718 -0.937613 -0.113257
21.1726 56.23 -22.2213 0.320453 -0.93946 -0.121195
20.029 55.7901 -21.8924 0.317101 -0.939894 -0.126426
19.1733 55.4707 -21.5665 0.304047 -0.944931 -0.12108
18.4241 55.1725 -21.1605 0.306363 -0.942669 -0.132016
17.7094 54.8839 -20.6513 0.278923 -0.953982 -0.110092
16.6514 54.4578 -19.6347 0.283088 -0.953687 -0.101698
16.0397 54.2089 -18.9962 0.277374 -0.95868 -0.0632121
15.1947 53.9025 -18.0319 0.273797 -0.959596 -0.0648903
14.6784 53.7166 -17.2743 0.255509 -0.96521 -0.0555412
14.2219 53.5453 -16.414 0.246473 -0.967649 -0.0529479
13.8716 53.4457 -15.4956 0.240004 -0.970755 -0.00570575
13.7338 53.4602 -13.8226 0.213278 -0.975437 0.0550849
14.1175 53.6322 -12.7318 0.271952 -0.956721 0.102862
14.4959 53.8542 -11.7611 0.267953 -0.95663 0.114278
14.8667 54.0773 -10.7717 0.259552 -0.955386 0.140631
15.1603 54.2862 -9.94023 0.255846 -0.955076 0.149574
15.6131 54.613 -8.71032 0.259423 -0.950832 0.169172
15.984 54.8814 -7.7908 0.269483 -0.946347 0.178343
16.4017 55.1685 -6.89882 0.271948 -0.945004 0.181642
16.9082 55.5389 -5.76008 0.267313 -0.944379 0.191312
17.2363 55.8067 -4.90548 0.271189 -0.943241 0.191712
17.6782 56.0987 -4.09202 0.269231 -0.943902 0.191217
18.498 56.4978 -3.2794 0.269808 -0.943743 0.191185
19.5628 56.9587 -2.52156 0.270531 -0.943947 0.18912
20.8442 57.4511 -1.89553 0.270771 -0.944715 0.184911
22.1963 57.9179 -1.49513 0.278029 -0.944008 0.177568
23.0707 58.2124 -1.30789 0.279708 -0.944162 0.174132
24.0028 58.5107 -1.19249 0.279664 -0.944938 0.169945
25.3366 58.9131 -1.18877 0.286353 -0.944184 0.162817
26.4095 59.229 -1.22424 0.287284 -0.944695 0.158092
27.5599 59.5625 -1.32118 0.285235 -0.94623 0.152609
28.9045 59.9215 -1.68265 0.293161 -0.945583 0.141173
29.8157 60.1462 -2.07007 0.296629 -0.945382 0.134955
30.6061 60.3344 -2.52367 0.29892 -0.945557 0.128716
31.9371 60.6263 -3.55688 0.302811 -0.946231 0.113806
32.5941 60.7546 -4.24953 0.308293 -0.945929 0.100801
33.5231 60.928 -5.49867 0.304816 -0.947868 0.0928784
34.04 60.9935 -6.60904 0.314846 -0.945281 0.0853351
34.3072 60.9987 -7.61119 0.315752 -0.945837 0.0753466
34.4518 60.9686 -8.70577 0.320532 -0.944927 0.066127
34.5669 60.9475 -9.65563 0.326283 -0.943978 0.0494506
34.6448 60.9124 -10.9239 0.326813 -0.944319 0.0377523
34.581 60.8521 -12.0545 0.328829 -0.943933 0.029359
34.424 60.7744 -13.1242 0.334517 -0.942271 0.0149716
34.097 60.6433 -14.448 0.345639 -0.938367 -0.000400575
33.617 60.4749 -15.721 0.340541 -0.940182 -0.00941684
33.0074 60.2689 -16.915 0.354269 -0.93485 -0.0234548
32.5297 60.1113 -17.7202 0.347322 -0.937234 -0.0309935
31.8342 59.8915 -18.673 0.351205 -0.935069 -0.0476051
31.2387 59.7029 -19.4155 0.35507 -0.933479 -0.050381
30.5381 59.4791 -20.1628 0.355018 -0.933133 -0.056572
29.5449 59.1566 -20.8959 0.352939 -0.933131 -0.0685683
29.5264 59.1504 -20.9073 0.350395 -0.933985 -0.0699668
29.9637 59.3794 -21.762 0.346173 -0.935108 -0.0756106
30.9277 59.6875 -21.0676 0.352602 -0.933581 -0.0638336
31.8216 59.9626 -20.1625 0.344083 -0.937431 -0.0530745
32.6721 60.2269 -19.2028 0.348195 -0.936377 -0.0441413
33.4053 60.4504 -18.1377 0.345252 -0.937756 -0.0373489
33.9003 60.6093 -17.2743 0.344408 -0.938528 -0.0232957
34.4313 60.7802 -16.2132 0.345334 -0.938357 -0.0151855
34.8561 60.9198 -15.1049 0.341708 -0.93979 -0.00389221
35.1156 61.0142 -14.1697 0.342108 -0.939657 0.00264858
35.3314 61.0955 -13.1926 0.338311 -0.940965 0.00881042
35.5226 61.1947 -11.5936 0.331444 -0.943289 0.0187008
35.55 61.2455 -10.3764 0.322158 -0.945746 0.0408234
35.4172 61.264 -9.19807 0.314904 -0.94793 0.0473098
35.2938 61.3125 -7.80472 0.312323 -0.947903 0.0627303
35.0873 61.3281 -6.70343 0.309067 -0.94778 0.0785989
34.7073 61.2894 -5.72688 0.306507 -0.947774 0.0881315
34.1331 61.2027 -4.69679 0.304816 -0.947869 0.0928769
33.4545 61.074 -3.8235 0.303327 -0.947998 0.0963971
32.6865 60.9265 -2.98334 0.297125 -0.948792 0.107288
32.0162 60.7865 -2.39514 0.293417 -0.948615 0.118469
30.9221 60.5438 -1.63036 0.290795 -0.948707 0.123933
30.1323 60.3637 -1.18891 0.28868 -0.948645 0.129367
29.22 60.1417 -0.786543 0.284916 -0.948788 0.136272
28.2593 59.9026 -0.488023 0.276108 -0.949994 0.145864
27.1561 59.6116 -0.253985 0.281777 -0.947091 0.153631
25.7069 59.1883 -0.215597 0.282758 -0.9462 0.157332
24.6127 58.8706 -0.199209 0.276552 -0.946246 0.16767
23.6277 58.5755 -0.22124 0.279203 -0.944805 0.17143
22.7557 58.2964 -0.376332 0.274916 -0.945014 0.177035
21.603 57.91 -0.64833 0.270299 -0.945486 0.181643
20.6309 57.574 -0.947079 0.269696 -0.945367 0.183152
19.61 57.2004 -1.36597 0.270298 -0.944508 0.186659
18.7624 56.8542 -1.8985 0.27053 -0.943947 0.18912
17.9771 56.5247 -2.40902 0.270712 -0.94344 0.191405
17.2766 56.2049 -2.99759 0.270728 -0.943598 0.190602
16.6081 55.8167 -3.98594 0.267499 -0.945142 0.187486
16.1728 55.4938 -4.98058 0.260195 -0.946682 0.189977
15.7511 55.1505 -6.09386 0.258251 -0.945893 0.196437
15.242 54.8033 -7.13859 0.255255 -0.949729 0.181256
14.8895 54.5541 -7.95923 0.253792 -0.951138 0.175808
14.4505 54.215 -9.16704 0.259013 -0.949926 0.174794
14.1306 53.9918 -10.0238 0.251774 -0.957185 0.142331
13.6986 53.722 -11.1939 0.236817 -0.963201 0.127124
13.3315 53.5106 -12.1147 0.228759 -0.965827 0.12143
12.8393 53.2972 -13.2693 0.209164 -0.975953 0.0613654
12.6805 53.1912 -14.3713 0.22733 -0.970801 0.0765966
12.8529 53.1877 -15.2963 0.24703 -0.968967 -0.00891275
13.0977 53.258 -16.1829 0.255434 -0.96641 -0.021174
13.5865 53.4322 -17.331 0.252064 -0.966587 -0.0460572
14.0911 53.6139 -18.2031 0.254095 -0.965601 -0.0552317
14.8936 53.9227 -19.2845 0.265913 -0.957624 -0.110662
15.793 54.2688 -20.1927 0.257149 -0.960974 -0.102002
16.6146 54.5975 -21.002 0.288371 -0.951156 -0.110205
17.2695 54.8652 -21.5609 0.293063 -0.94643 -0.135436
18.0466 55.1849 -22.0866 0.298815 -0.944983 -0.133107
18.9701 55.5371 -22.5875 0.298013 -0.946402 -0.124367
20.1373 55.9661 -22.9293 0.317101 -0.939894 -0.126425
20.9614 56.278 -23.1774 0.316316 -0.941393 -0.117144
21.8935 56.6256 -23.4445 0.320865 -0.939153 -0.122523
22.8214 56.9757 -23.6692 0.325286 -0.937971 -0.119995
24.0265 57.4066 -23.7369 0.332681 -0.93661 -0.109925
25.0604 57.762 -23.6507 0.331471 -0.936997 -0.110289
25.9693 58.0715 -23.4851 0.340414 -0.934833 -0.101022
27.0299 58.4271 -23.1992 0.342852 -0.934414 -0.09643
28.0582 58.7596 -22.7271 0.343377 -0.934662 -0.0921891
28.9025 59.0348 -22.3311 0.34822 -0.933746 -0.0828255
29.5121 59.2353 -22.0153 0.346042 -0.934777 -0.080173
29.9898 59.4781 -22.8098 0.344094 -0.935225 -0.0833868
30.836 59.7413 -22.2967 0.338109 -0.938857 -0.0650313
31.8262 60.048 -21.5172 0.343029 -0.937205 -0.0630636
32.7969 60.3384 -20.5084 0.336088 -0.940689 -0.0463564
33.7777 60.6381 -19.3197 0.342825 -0.938487 -0.0413876
34.379 60.8233 -18.4578 0.347722 -0.936993 -0.03367
34.8779 60.9677 -17.4625 0.337839 -0.940962 -0.0213468
35.3344 61.1116 -16.5038 0.338826 -0.940673 -0.018172
35.6522 61.212 -15.6567 0.333637 -0.942682 -0.00609698
35.9546 61.3115 -14.6439 0.331136 -0.943564 -0.0018676
36.1425 61.3808 -13.7418 0.330053 -0.943955 0.00376201
36.2962 61.436 -12.7778 0.324861 -0.945633 0.0116673
36.4052 61.4948 -11.8267 0.320039 -0.947201 0.0194026
36.4474 61.5416 -10.6049 0.309976 -0.950161 0.033286
36.4476 61.5852 -9.55583 0.311228 -0.94932 0.0439139
36.3769 61.6105 -8.66174 0.310271 -0.948493 0.0639798
36.2142 61.6215 -7.68876 0.304406 -0.950413 0.0634588
36.0798 61.6614 -6.52502 0.306238 -0.949557 0.0675223
35.642 61.615 -5.43539 0.302228 -0.949161 0.0880437
35.1338 61.5435 -4.46107 0.301365 -0.949497 0.0873716
34.4474 61.4138 -3.55644 0.295963 -0.95062 0.0934245
33.7789 61.2864 -2.78367 0.291605 -0.951206 0.100868
32.7924 61.0885 -1.82911 0.288022 -0.951693 0.106394
31.9989 60.9173 -1.23204 0.283285 -0.95223 0.113808
31.2249 60.7503 -0.74603 0.283959 -0.951212 0.120676
30.4384 60.5715 -0.304575 0.281757 -0.951174 0.125895
29.2659 60.3022 0.222955 0.275331 -0.952377 0.131036
28.3743 60.0891 0.501023 0.276156 -0.949485 0.149049
27.3167 59.8176 0.718337 0.275361 -0.949148 0.152602
26.1203 59.486 0.823524 0.271493 -0.949483 0.157388
25.2391 59.2525 0.962316 0.275743 -0.947209 0.163576
24.2015 58.9341 0.855506 0.272295 -0.947741 0.166235
23.2982 58.6535 0.724847 0.270398 -0.947482 0.170744
22.4542 58.3824 0.567312 0.271682 -0.946653 0.173309
21.6122 58.1073 0.358244 0.269499 -0.945292 0.183832
20.3856 57.6867 -0.0209304 0.266253 -0.945795 0.185946
19.5525 57.3858 -0.349239 0.266712 -0.945289 0.187864
18.7515 57.0827 -0.739096 0.266975 -0.944784 0.190021
17.9158 56.7422 -1.26986 0.264355 -0.945054 0.192241
16.8214 56.2684 -2.02657 0.274942 -0.941915 0.192798
16.0833 55.8644 -2.98871 0.27106 -0.944297 0.186628
15.6826 55.5976 -3.75871 0.265893 -0.94657 0.182372
15.3208 55.3411 -4.5861 0.25667 -0.947271 0.19183
14.9414 55.0377 -5.58211 0.254815 -0.947587 0.19271
14.3873 54.6545 -6.71583 0.254577 -0.948728 0.187182
13.8653 54.2616 -8.03701 0.261584 -0.948575 0.178203
13.5628 54.0237 -8.88234 0.255135 -0.952028 0.168731
13.1804 53.7763 -9.84577 0.248614 -0.959471 0.132693
12.8283 53.5626 -10.7571 0.248796 -0.960577 0.124064
12.4507 53.3573 -11.6872 0.231291 -0.966663 0.109853
12.0181 53.1464 -12.6147 0.244505 -0.965361 0.0869446
11.7037 53.0239 -14.1687 0.184751 -0.980753 0.0359643
11.9275 52.9478 -15.5406 0.207419 -0.975446 0.0384368
12.1467 53.0169 -16.4409 0.255795 -0.965902 -0.0400284
12.5101 53.1488 -17.3653 0.266493 -0.963063 -0.0377612
13.0233 53.3383 -18.3406 0.264085 -0.962474 -0.059966
13.6023 53.5859 -19.3399 0.242451 -0.96521 -0.0979115
14.1729 53.8145 -20.0291 0.256919 -0.959807 -0.112976
14.8361 54.0667 -20.6669 0.25839 -0.959531 -0.111772
15.523 54.3257 -21.3415 0.257973 -0.958761 -0.11893
16.2179 54.6355 -22.1738 0.284024 -0.949529 -0.133001
17.0613 54.957 -22.6268 0.287735 -0.948549 -0.132022
17.8891 55.2771 -23.1324 0.290974 -0.948185 -0.127586
18.6732 55.5874 -23.6458 0.29964 -0.945183 -0.129511
20.0312 56.0553 -23.8534 0.307967 -0.943116 -0.125158
21.1634 56.5116 -24.4355 0.31646 -0.940329 -0.125035
22.0466 56.823 -24.5389 0.316925 -0.94011 -0.125506
23.0393 57.1795 -24.6806 0.325201 -0.938352 -0.117218
24.5713 57.7089 -24.6648 0.328625 -0.937529 -0.114125
25.5528 58.0512 -24.6107 0.335365 -0.935542 -0.110864
26.5388 58.3753 -24.3634 0.331158 -0.937701 -0.104848
27.6874 58.7508 -23.9906 0.338521 -0.93606 -0.0958875
28.4797 58.9988 -23.596 0.341673 -0.93559 -0.0890552
29.4501 59.3049 -23.095 0.34232 -0.93561 -0.0862507
29.6188 59.3592 -23.0076 0.344094 -0.935225 -0.0833874
