-24.1426 59.3125 -4.06276 -0.196419 -0.980134 -0.0274959
-23.1632 59.1011 -3.49947 -0.196023 -0.980247 -0.026277
-22.3186 58.9281 -3.17577 -0.195697 -0.980584 -0.0125581
-21.4133 58.7435 -3.0278 -0.199877 -0.979812 -0.00243952
-19.9659 58.4532 -3.05045 -0.197612 -0.980217 0.00852024
-19.0642 58.2657 -3.16351 -0.207007 -0.978217 0.014557
-18.1135 58.0569 -3.32487 -0.205419 -0.978401 0.0211505
-17.0336 57.8215 -3.59017 -0.21114 -0.976918 0.0324231
-15.8757 57.5474 -4.03093 -0.224229 -0.973745 0.0392598
-14.6145 57.2169 -4.80895 -0.224392 -0.972431 0.0634454
-13.9078 57.0075 -5.47095 -0.245425 -0.966645 0.0729635
-13.2821 56.7887 -6.2589 -0.254355 -0.965118 0.0620529
-12.8014 56.5976 -7.08696 -0.266319 -0.960928 0.0754415
-12.4484 56.4147 -8.25344 -0.285816 -0.956086 0.0648668
-12.2137 56.2829 -9.2558 -0.293064 -0.955148 0.0424785
-11.8538 56.1025 -10.6256 -0.316858 -0.947521 0.0422677
-11.7126 56.011 -11.861 -0.321006 -0.946546 0.0317194
-11.7427 55.9965 -12.7841 -0.321107 -0.946758 0.0230648
-11.899 56.026 -13.9579 -0.322375 -0.94645 0.0175278
-12.1905 56.1166 -14.8757 -0.338746 -0.940675 0.0195576
-12.5739 56.249 -15.7058 -0.356379 -0.934322 -0.00599336
-13.0505 56.4451 -16.6531 -0.35842 -0.932896 -0.0313218
-13.5826 56.6791 -17.6143 -0.357472 -0.932401 -0.0533125
-14.1875 56.9567 -18.4139 -0.354635 -0.933143 -0.0586612
-14.9044 57.2654 -19.0552 -0.331602 -0.940041 -0.0797744
-15.8246 57.6359 -19.6274 -0.327676 -0.940701 -0.0878019
-16.7943 58.0043 -20.0357 -0.3129 -0.945807 -0.0868529
-17.691 58.3245 -20.2712 -0.305152 -0.947604 -0.0944972
-18.7145 58.6664 -20.4369 -0.293424 -0.951277 -0.0946273
-19.6415 58.9625 -20.5326 -0.286896 -0.952722 -0.100057
-20.6102 59.2422 -20.4145 -0.285679 -0.952622 -0.104319
-21.9151 59.5866 -20.0259 -0.281099 -0.954851 -0.0961368
-22.7959 59.7912 -19.5477 -0.271969 -0.957716 -0.0938793
-23.5823 59.9526 -18.9481 -0.268968 -0.958267 -0.0968587
-24.3413 60.0837 -18.1655 -0.26154 -0.960963 -0.0900767
-25.0603 60.2026 -17.2993 -0.260916 -0.961741 -0.0835309
-25.5929 60.2749 -16.529 -0.252701 -0.963763 -0.0854457
-26.2695 60.3569 -15.4741 -0.246592 -0.965475 -0.083861
-26.7203 60.4019 -14.6214 -0.243704 -0.966474 -0.0807646
-27.1347 60.4377 -13.7838 -0.241457 -0.967395 -0.0764581
-27.6283 60.4638 -12.4944 -0.231145 -0.970583 -0.067383
-27.8212 60.4416 -11.4827 -0.231836 -0.970816 -0.0613785
-27.9008 60.3785 -10.2232 -0.220403 -0.973504 -0.0609213
-27.7994 60.2958 -9.1949 -0.21484 -0.975063 -0.0555238
-27.5553 60.1875 -8.23161 -0.21065 -0.976122 -0.0530222
-27.1921 60.0648 -7.34954 -0.206541 -0.97758 -0.0409733
-26.7308 59.9331 -6.5531 -0.198142 -0.97915 -0.044773
-25.9825 59.7432 -5.69926 -0.197568 -0.979318 -0.0436185
-24.9358 59.4915 -4.7725 -0.202171 -0.978869 -0.0299618
-24.207 59.327 -4.11639 -0.196858 -0.980038 -0.0278003
-24.6648 59.3932 -3.29034 -0.189365 -0.981421 -0.0308077
-23.5955 59.1645 -2.60903 -0.190404 -0.981456 -0.0209284
-22.4892 58.9497 -2.20349 -0.190215 -0.981617 -0.0145236
-21.5261 58.7612 -2.07118 -0.188535 -0.982037 -0.00760309
-20.4273 58.5469 -2.05793 -0.192874 -0.981206 0.00525112
-19.108 58.2869 -2.22573 -0.187487 -0.982165 0.0123837
-18.13 58.0874 -2.35402 -0.198713 -0.979672 0.0274821
-16.9749 57.841 -2.62027 -0.205565 -0.977916 0.0370212
-16.0703 57.6435 -2.91878 -0.206569 -0.977426 0.0437857
-14.9343 57.3708 -3.40745 -0.217353 -0.974754 0.0510186
-14.0337 57.1357 -3.99965 -0.222278 -0.973259 0.0576312
-13.2296 56.8884 -4.74587 -0.242288 -0.967844 0.0676367
-12.6608 56.691 -5.41485 -0.248567 -0.965446 0.0782905
-12.1188 56.4664 -6.31143 -0.265989 -0.959708 0.0906136
-11.6789 56.2336 -7.51778 -0.287771 -0.953695 0.0874844
-11.4647 56.1069 -8.39754 -0.307538 -0.94855 0.075321
-11.2305 55.9588 -9.39338 -0.305999 -0.950185 0.0592737
-10.9851 55.8239 -10.3567 -0.316862 -0.94752 0.0422658
-10.8119 55.7112 -11.6026 -0.336414 -0.940657 0.0445553
-10.8415 55.6765 -12.8015 -0.349379 -0.93643 0.0321341
-10.9351 55.6842 -13.738 -0.347782 -0.937246 0.0248511
-11.2839 55.7828 -15.0128 -0.346749 -0.937745 0.0199863
-11.848 55.9713 -16.2621 -0.343182 -0.939243 0.00703141
-12.3637 56.1906 -17.2918 -0.367783 -0.928903 -0.0417861
-12.9631 56.4945 -18.3996 -0.360038 -0.930689 -0.0641247
-13.543 56.7704 -19.142 -0.359678 -0.929348 -0.0833331
-14.4431 57.1734 -19.9118 -0.335418 -0.93807 -0.0863019
-15.6875 57.685 -20.6323 -0.324669 -0.941315 -0.0922844
-16.5583 58.0215 -20.9767 -0.314989 -0.943702 -0.101037
-17.4087 58.3296 -21.21 -0.310649 -0.945093 -0.101413
-18.259 58.6228 -21.3593 -0.30086 -0.948129 -0.102362
-19.2543 58.9438 -21.4842 -0.295536 -0.949609 -0.104343
-20.1356 59.2119 -21.47 -0.288332 -0.951657 -0.105842
-21.4501 59.5759 -21.1815 -0.278811 -0.954685 -0.104048
-22.2718 59.7802 -20.8773 -0.27554 -0.955842 -0.102192
-23.0691 59.9664 -20.4798 -0.268678 -0.957948 -0.100733
-23.871 60.1305 -19.9152 -0.265522 -0.958582 -0.103046
-24.6242 60.2689 -19.2479 -0.263259 -0.960013 -0.0952277
-25.5995 60.4222 -18.1178 -0.256719 -0.961808 -0.0949419
-26.1632 60.4974 -17.3346 -0.255254 -0.962741 -0.089303
-26.8478 60.5796 -16.2968 -0.247763 -0.964745 -0.0887745
-27.4785 60.6394 -15.2028 -0.243152 -0.966134 -0.0862113
-27.9532 60.6773 -14.2298 -0.23848 -0.968009 -0.0779345
-28.3751 60.6994 -13.2479 -0.23589 -0.968857 -0.0751862
-28.6758 60.686 -12.1005 -0.225567 -0.971287 -0.0755804
-28.8044 60.6448 -11.1368 -0.220882 -0.972971 -0.0673704
-28.8185 60.5671 -9.94116 -0.215097 -0.974373 -0.0658016
-28.7137 60.4753 -8.86771 -0.212339 -0.975457 -0.058278
-28.4573 60.3631 -7.89027 -0.206412 -0.976828 -0.0565835
-27.9519 60.194 -6.75709 -0.199175 -0.978637 -0.0509715
-27.451 60.0491 -5.89647 -0.198623 -0.979046 -0.0449204
-26.7678 59.876 -5.11215 -0.197471 -0.979382 -0.0426109
-26.0051 59.695 -4.45778 -0.195147 -0.980057 -0.0372739
-25.1294 59.4965 -3.68831 -0.190939 -0.981098 -0.0314373
-24.9631 59.4593 -3.53819 -0.19095 -0.981088 -0.0316871
-25.5141 59.5381 -2.79586 -0.177263 -0.983363 -0.0396805
-24.7327 59.3718 -2.17456 -0.187281 -0.9818 -0.0315324
-23.6046 59.1452 -1.53135 -0.177671 -0.98383 -0.0226186
-22.6814 58.9694 -1.24627 -0.177008 -0.984122 -0.01309
-21.2951 58.7116 -1.07974 -0.184778 -0.982767 -0.00307452
-20.2209 58.5136 -1.04033 -0.179734 -0.983697 0.00342779
-19.2058 58.3225 -1.21452 -0.182554 -0.983049 0.0170058
-18.0051 58.089 -1.37847 -0.19443 -0.980643 0.0222194
-16.9443 57.8701 -1.62611 -0.194143 -0.980529 0.0295331
-15.8532 57.638 -1.98184 -0.194623 -0.980274 0.0340962
-14.8479 57.4077 -2.36593 -0.205489 -0.977161 0.0541381
-13.9489 57.1854 -2.8684 -0.212483 -0.97517 0.0623982
-13.0936 56.9521 -3.50175 -0.228626 -0.970712 0.073088
-12.4517 56.7439 -4.13326 -0.235849 -0.9683 0.0822499
-11.8431 56.5189 -4.87644 -0.247306 -0.963955 0.0981317
-11.2602 56.2624 -5.89665 -0.285171 -0.953832 0.0942492
-10.8709 56.0397 -7.00016 -0.284001 -0.954589 0.0900187
-10.5713 55.8384 -8.13932 -0.303522 -0.949591 0.0784228
-10.3276 55.6816 -9.17621 -0.320039 -0.945043 0.0649079
-10.0865 55.5192 -10.1978 -0.332917 -0.941065 0.0584196
-9.92561 55.4099 -11.271 -0.333769 -0.941604 0.0444064
-9.96124 55.351 -12.7176 -0.343209 -0.938384 0.0393635
-10.0788 55.3591 -14.0587 -0.345509 -0.93812 0.0235716
-10.503 55.4766 -15.4626 -0.359127 -0.932867 0.0279217
-11.0392 55.6534 -16.6218 -0.363436 -0.931357 0.00242399
-11.4335 55.8301 -17.4331 -0.375859 -0.925312 -0.0502709
-11.8491 56.0441 -18.2639 -0.368991 -0.928012 -0.0508487
-12.4473 56.3525 -19.2788 -0.366022 -0.928133 -0.0677996
-13.3435 56.8033 -20.2671 -0.35145 -0.930936 -0.0991004
-14.3799 57.2647 -21.018 -0.333194 -0.937638 -0.099083
-15.5341 57.7379 -21.6259 -0.324698 -0.939732 -0.107117
-16.3796 58.063 -21.9217 -0.314175 -0.944066 -0.10016
-17.3078 58.3951 -22.151 -0.312495 -0.943646 -0.108586
-18.4848 58.8006 -22.3485 -0.295572 -0.948723 -0.111978
-19.6772 59.1891 -22.4799 -0.292341 -0.950155 -0.108233
-20.5839 59.4512 -22.3747 -0.288359 -0.951137 -0.110397
-21.6576 59.7391 -22.1111 -0.277196 -0.954502 -0.109947
-22.6729 59.9906 -21.7272 -0.274236 -0.955495 -0.108674
-23.6345 60.2052 -21.2186 -0.270648 -0.956564 -0.108324
-24.6131 60.3991 -20.5198 -0.261546 -0.959885 -0.101065
-25.589 60.5641 -19.5825 -0.258912 -0.960439 -0.102572
-26.3499 60.6749 -18.6597 -0.25452 -0.962273 -0.0961779
-27.051 60.765 -17.6817 -0.251854 -0.963403 -0.0916934
-27.7825 60.8421 -16.5404 -0.24811 -0.964404 -0.0914329
-28.2292 60.8804 -15.7499 -0.237423 -0.967252 -0.0897477
-28.878 60.9216 -14.4705 -0.236596 -0.967944 -0.0841432
-29.3607 60.9333 -13.2165 -0.231618 -0.969225 -0.0834051
-29.6783 60.9189 -12.1244 -0.223907 -0.971483 -0.0780115
-29.7549 60.8403 -10.8883 -0.214588 -0.97398 -0.0729027
-29.7496 60.7533 -9.66692 -0.213264 -0.974832 -0.064974
-29.6237 60.6577 -8.62281 -0.206046 -0.976614 -0.0612132
-29.3953 60.5466 -7.63619 -0.208545 -0.976236 -0.0588357
-29.0203 60.4136 -6.72183 -0.206357 -0.976769 -0.0577765
-28.5444 60.2703 -5.89915 -0.199015 -0.978775 -0.0489088
-28.0576 60.1339 -5.15046 -0.197688 -0.979054 -0.0486978
-27.4199 59.9739 -4.45107 -0.19 -0.980415 -0.0518355
-26.6353 59.7898 -3.75468 -0.185968 -0.981534 -0.0447968
-25.8435 59.6088 -3.07797 -0.181646 -0.982443 -0.0422333
-25.6777 59.5728 -2.92499 -0.177259 -0.983364 -0.0396783
-26.3009 59.6589 -2.27449 -0.18165 -0.982443 -0.0422303
-25.579 59.5062 -1.649 -0.175838 -0.983754 -0.0361882
-24.8256 59.351 -1.09217 -0.172613 -0.984389 -0.0341631
-23.6167 59.1196 -0.492833 -0.175636 -0.984023 -0.0291708
-22.0635 58.8421 -0.148417 -0.17654 -0.984168 -0.0156953
-21.028 58.6642 -0.0895803 -0.172526 -0.984999 -0.0033989
-20.0243 58.4861 -0.0747196 -0.178944 -0.983824 0.00832575
-18.8688 58.2751 -0.298764 -0.180869 -0.983389 0.0144049
-17.6662 58.0425 -0.47133 -0.190393 -0.981467 0.0216409
-16.5332 57.8158 -0.753779 -0.187539 -0.981738 0.0317853
-15.4718 57.5968 -1.09923 -0.195737 -0.979889 0.0384346
-14.6408 57.4132 -1.4254 -0.195031 -0.9797 0.0456938
-13.6141 57.1701 -1.91578 -0.207265 -0.976556 0.0581301
-12.8654 56.9721 -2.4444 -0.219226 -0.972889 0.0736721
-12.0236 56.7231 -3.14267 -0.234706 -0.967996 0.0885924
-11.3547 56.499 -3.84093 -0.242671 -0.965848 0.0903515
-10.6929 56.2073 -4.8831 -0.270451 -0.957337 0.101795
-10.3033 55.996 -5.77848 -0.294349 -0.948835 0.111971
-9.96561 55.7675 -6.83776 -0.310419 -0.9457 0.0963956
-9.7045 55.5888 -7.80704 -0.312334 -0.946294 0.0828716
-9.47753 55.4206 -8.78827 -0.321148 -0.942995 0.0873127
-9.21241 55.2299 -9.94769 -0.326881 -0.941276 0.0842697
-9.07467 55.121 -10.8329 -0.346576 -0.936392 0.0552783
-9.03191 55.0433 -11.953 -0.340436 -0.939465 0.0365583
-9.09076 55.0315 -13.0731 -0.331754 -0.942969 0.0273451
-9.26478 55.0493 -14.5761 -0.330465 -0.943456 0.026137
-9.74248 55.1944 -15.9677 -0.322681 -0.946481 0.00308265
-10.2885 55.3883 -17.1582 -0.324255 -0.945742 -0.0207687
-10.867 55.6476 -18.3243 -0.376567 -0.925108 -0.0486996
-11.4043 55.9306 -19.3335 -0.383357 -0.920249 -0.0774713
-12.1618 56.3499 -20.4078 -0.381993 -0.919624 -0.0915009
-12.8115 56.6849 -21.0529 -0.361399 -0.92747 -0.0958644
-13.5345 57.0244 -21.6119 -0.361573 -0.926311 -0.105455
-14.2575 57.34 -22.0659 -0.336241 -0.935352 -0.109809
-15.0605 57.6711 -22.4756 -0.326149 -0.938594 -0.112409
-15.9313 58.0139 -22.7822 -0.327595 -0.937458 -0.117705
-16.8586 58.3598 -23.0563 -0.314039 -0.942277 -0.116122
-17.7716 58.6784 -23.2116 -0.303262 -0.946217 -0.112718
-19.1143 59.1246 -23.3998 -0.292846 -0.949179 -0.115321
-20.4558 59.5283 -23.3653 -0.285702 -0.951302 -0.115751
-21.7692 59.883 -23.0726 -0.276697 -0.954556 -0.110736
-22.7058 60.1133 -22.7276 -0.270856 -0.95598 -0.112821
-23.6152 60.3235 -22.3062 -0.269724 -0.956591 -0.110355
-24.5863 60.5252 -21.6989 -0.265039 -0.958138 -0.10825
-25.3182 60.6602 -21.1321 -0.26064 -0.959307 -0.10861
-26.3133 60.8218 -20.1467 -0.261655 -0.959467 -0.10469
-27.254 60.9513 -18.9975 -0.258674 -0.960811 -0.0996477
-28.0994 61.0424 -17.7849 -0.246317 -0.964223 -0.0978251
-28.5889 61.0871 -16.9622 -0.240572 -0.965734 -0.0973776
-29.2017 61.1376 -15.9486 -0.238998 -0.966493 -0.0935625
-29.6561 61.1663 -15.0572 -0.229067 -0.969429 -0.0879562
-30.09 61.1712 -13.9934 -0.225969 -0.970227 -0.0870748
-30.4965 61.1617 -12.8291 -0.220625 -0.971241 -0.0895246
-30.6817 61.1237 -11.9156 -0.212495 -0.973751 -0.0815804
-30.6965 61.0458 -10.8853 -0.212367 -0.974543 -0.0718798
-30.6981 60.9659 -9.83172 -0.202575 -0.976905 -0.067973
-30.6326 60.8821 -8.82769 -0.205612 -0.976389 -0.066245
-30.4068 60.7629 -7.72818 -0.201278 -0.977589 -0.0616946
-30.0573 60.6291 -6.75394 -0.201153 -0.977593 -0.0620451
-29.2914 60.3885 -5.33345 -0.196017 -0.979014 -0.0556895
-28.7977 60.2499 -4.59071 -0.192245 -0.979965 -0.0520729
-28.2065 60.0963 -3.88248 -0.191122 -0.98019 -0.0519542
-27.3945 59.9056 -3.14221 -0.185903 -0.981546 -0.0448053
-26.4781 59.6994 -2.4264 -0.185968 -0.981534 -0.0447935
-26.8402 59.722 -1.61235 -0.169476 -0.984293 -0.04909
-25.715 59.4845 -0.540575 -0.164877 -0.985287 -0.0450086
-24.819 59.3131 0.0124029 -0.168527 -0.985095 -0.0344397
-23.7952 59.1274 0.461367 -0.162431 -0.986362 -0.0264734
-22.857 58.9638 0.737422 -0.159297 -0.986979 -0.0211974
-21.7584 58.7829 0.879252 -0.164574 -0.986285 -0.0125773
-20.4467 58.5684 0.926827 -0.162694 -0.986574 0.0142071
-19.2317 58.3573 0.823664 -0.17797 -0.983865 0.0183612
-18.148 58.153 0.58603 -0.184839 -0.982627 0.0166655
-16.8754 57.9138 0.329248 -0.18171 -0.983037 0.0237648
-15.7985 57.6988 0.00582762 -0.190374 -0.981156 0.0330144
-14.8056 57.5005 -0.367404 -0.185021 -0.981709 0.0440353
-13.9653 57.3183 -0.645211 -0.206686 -0.976814 0.0558108
-13.0682 57.1043 -1.106 -0.203448 -0.977021 0.0633435
-12.3091 56.9097 -1.60275 -0.207454 -0.975903 0.0676336
-11.4836 56.6818 -2.18585 -0.217594 -0.97325 0.073741
-10.8983 56.4845 -2.8323 -0.234685 -0.967379 0.095337
-10.1415 56.1711 -3.88598 -0.253062 -0.959793 0.121481
-9.61233 55.8656 -4.95982 -0.30614 -0.942844 0.130515
-9.17003 55.6068 -5.85253 -0.31311 -0.943668 0.106483
-8.90619 55.3661 -7.37547 -0.308825 -0.946302 0.0956001
-8.60884 55.1655 -8.4 -0.315276 -0.943836 0.0985819
-8.35852 54.9788 -9.38686 -0.332922 -0.938965 0.0866466
-8.18359 54.8159 -10.6584 -0.332858 -0.940997 0.0610797
-8.15581 54.7272 -11.7853 -0.345361 -0.9371 0.0457804
-8.17717 54.711 -12.6984 -0.351099 -0.93601 0.0248048
-8.28649 54.7465 -14.0117 -0.323695 -0.94368 -0.0169842
-8.41666 54.7703 -15.0079 -0.267383 -0.963516 0.011945
-8.72217 54.8504 -15.9291 -0.305872 -0.952036 -0.00833461
-9.20831 55.0054 -16.9236 -0.323039 -0.945936 0.0245846
-9.60355 55.1373 -17.9146 -0.346368 -0.938044 0.0101186
-10.1238 55.3695 -18.831 -0.379303 -0.924022 -0.0480937
-10.5958 55.5937 -19.6493 -0.433435 -0.899317 -0.0579976
-11.3465 56.0721 -20.8387 -0.37908 -0.91417 -0.139879
-12.0777 56.4641 -21.6679 -0.355197 -0.928618 -0.104833
-12.7666 56.8077 -22.2837 -0.361736 -0.925154 -0.115049
-13.738 57.2486 -22.9002 -0.338149 -0.934908 -0.107713
-15.0245 57.7937 -23.5207 -0.322322 -0.93841 -0.124478
-15.9616 58.1507 -23.7956 -0.316064 -0.940398 -0.12552
-16.9379 58.5153 -24.0722 -0.315502 -0.940508 -0.126105
-18.1958 58.9439 -24.2473 -0.301293 -0.945284 -0.125145
-19.0653 59.2262 -24.3378 -0.290186 -0.949066 -0.122741
-20.2656 59.5891 -24.3245 -0.286341 -0.950683 -0.119205
-21.9022 60.0338 -24.0083 -0.277485 -0.953642 -0.11646
-22.9725 60.3064 -23.6974 -0.269958 -0.955856 -0.116027
-23.8929 60.5041 -23.1892 -0.266125 -0.957129 -0.114371
-24.9828 60.7389 -22.6103 -0.265211 -0.957967 -0.109375
-25.6919 60.8657 -22.0348 -0.260782 -0.958814 -0.112556
-26.521 61.0023 -21.2593 -0.26171 -0.959007 -0.108691
-27.2065 61.1027 -20.5105 -0.258769 -0.959941 -0.107477
-27.8342 61.1838 -19.7563 -0.248707 -0.962499 -0.108226
-28.4077 61.2562 -19.0389 -0.2497 -0.962766 -0.103589
-28.9835 61.3071 -18.1307 -0.248577 -0.963057 -0.103589
-29.4697 61.3405 -17.3161 -0.238315 -0.965928 -0.100823
-30.017 61.3777 -16.3448 -0.236653 -0.966803 -0.0963697
-30.4689 61.4033 -15.5481 -0.232651 -0.967272 -0.101286
-30.9503 61.4217 -14.5138 -0.227595 -0.969544 -0.090475
-31.3221 61.3981 -13.3899 -0.216998 -0.971536 -0.0949127
-31.5816 61.3654 -12.3951 -0.217734 -0.972378 -0.0841038
-31.6301 61.272 -11.3254 -0.194581 -0.976922 -0.0873391
-31.6463 61.1912 -10.2431 -0.187745 -0.978886 -0.0805091
-31.6682 61.1107 -9.06637 -0.198825 -0.977494 -0.070532
-31.3022 60.9281 -7.5169 -0.193446 -0.978782 -0.0674594
-31.0246 60.816 -6.63883 -0.191069 -0.979443 -0.0646771
-30.486 60.6402 -5.5358 -0.195464 -0.978802 -0.0610649
-30.0242 60.4967 -4.68169 -0.192112 -0.979496 -0.0606737
-29.4186 60.3238 -3.81984 -0.18296 -0.981127 -0.0625719
-28.3794 60.0593 -2.70025 -0.178617 -0.982017 -0.0610034
-27.4691 59.8545 -1.99779 -0.174502 -0.982807 -0.0603342
-27.3772 59.834 -1.92879 -0.174117 -0.98308 -0.0567795
