-9.17295 57.7996 -11.7982 -0.302991 -0.952167 0.0361187
-9.19807 57.7852 -12.7503 -0.317441 -0.94759 0.0338394
-9.44928 57.8252 -14.2077 -0.342015 -0.939396 0.0236896
-9.73997 57.8907 -15.1849 -0.347337 -0.936741 0.0432805
-10.0617 57.9817 -16.0678 -0.358665 -0.93315 0.024307
-10.5216 58.141 -17.0202 -0.372747 -0.927802 0.0152581
-11.0681 58.3605 -17.7981 -0.393033 -0.919446 -0.0120201
-11.6655 58.6194 -18.5051 -0.370428 -0.92856 -0.0227176
-12.4261 58.9635 -19.2322 -0.375881 -0.925337 -0.0496467
-13.2055 59.3085 -19.6819 -0.380663 -0.923204 -0.0528156
-14.311 59.7827 -20.0387 -0.357853 -0.930269 -0.080874
-15.3108 60.1802 -20.2272 -0.347746 -0.933988 -0.081895
-16.5275 60.6253 -20.2918 -0.334331 -0.938877 -0.0820528
-17.5717 60.9886 -20.2837 -0.32001 -0.943661 -0.0842495
-18.4691 61.2896 -20.2347 -0.315882 -0.944569 -0.0892586
-19.7696 61.6897 -19.9347 -0.307874 -0.947576 -0.0853635
-20.897 62.0073 -19.4985 -0.295539 -0.951434 -0.086124
-21.9694 62.288 -18.9483 -0.28894 -0.953918 -0.0808337
-22.8862 62.514 -18.3918 -0.287256 -0.954242 -0.0831014
-23.6397 62.6758 -17.6171 -0.283107 -0.95609 -0.0757121
-24.4448 62.8379 -16.7404 -0.27548 -0.958243 -0.076691
-25.1656 62.964 -15.7519 -0.272584 -0.959376 -0.0725573
-25.6563 63.0354 -14.8629 -0.26585 -0.961332 -0.071871
-26.2005 63.0762 -13.3627 -0.256649 -0.96433 -0.0647998
-26.3868 63.0367 -12.0092 -0.24761 -0.966877 -0.0619526
-26.3476 62.9526 -10.7899 -0.249451 -0.966783 -0.0557171
-26.1035 62.8233 -9.3972 -0.243765 -0.968775 -0.0453043
-25.794 62.7093 -8.4398 -0.234974 -0.97123 -0.0387171
-25.2088 62.5294 -7.29359 -0.2268 -0.973504 -0.0291839
-24.7051 62.3914 -6.56228 -0.224555 -0.974094 -0.0260999
-23.8356 62.1687 -5.74568 -0.224943 -0.974185 -0.0189972
-23.0964 61.9883 -5.18017 -0.224777 -0.974261 -0.0170333
-21.9486 61.7179 -4.45786 -0.219972 -0.975471 -0.008306
-20.7356 61.4436 -4.03259 -0.214984 -0.976616 0.00192087
-19.7457 61.2176 -3.91795 -0.219774 -0.975505 0.00693713
-18.7614 60.9965 -3.9206 -0.22364 -0.97445 0.0207715
-17.3214 60.6487 -4.13452 -0.23329 -0.971946 0.0289765
-16.2505 60.3876 -4.38105 -0.23502 -0.971153 0.0397148
-15.3028 60.1412 -4.63897 -0.240224 -0.969501 0.0484185
-14.4046 59.895 -4.91957 -0.247625 -0.966842 0.0624353
-13.4885 59.6423 -5.21449 -0.252537 -0.964736 0.0730746
-12.3216 59.2867 -5.67607 -0.257834 -0.962561 0.0836128
-11.3211 58.937 -6.43643 -0.269466 -0.957935 0.0983786
-10.7806 58.7023 -7.15926 -0.300918 -0.950327 0.079546
-10.1839 58.4314 -8.18837 -0.313895 -0.946136 0.0775529
-9.80951 58.2299 -8.9852 -0.328633 -0.940758 0.0835139
-9.50308 58.0576 -9.88504 -0.327443 -0.942708 0.0638955
-9.28706 57.9177 -10.7963 -0.324929 -0.941799 0.0862319
-9.19429 57.8223 -11.489 -0.309419 -0.948173 0.0679008
-8.27448 57.5364 -11.4496 -0.3218 -0.945499 0.0497559
-8.5224 57.7135 -9.97658 -0.318641 -0.945369 0.0688902
-8.89637 57.9457 -8.72543 -0.312412 -0.944947 0.0972451
-9.24919 58.1424 -7.9137 -0.309252 -0.946232 0.0949104
-9.88775 58.4681 -6.8343 -0.295027 -0.949813 0.103992
-10.3905 58.7048 -6.06413 -0.279713 -0.954656 0.101837
-11.2142 59.0323 -5.23016 -0.263976 -0.958758 0.10469
-12.1491 59.3259 -4.70329 -0.251896 -0.963659 0.0887472
-13.2405 59.6401 -4.28431 -0.244832 -0.967518 0.0629802
-14.4505 59.9707 -3.93097 -0.239787 -0.969175 0.0555701
-15.4993 60.2387 -3.58015 -0.231942 -0.971515 0.0485955
-16.6606 60.5241 -3.28004 -0.229413 -0.972699 0.0349965
-18.0552 60.8555 -3.00181 -0.217218 -0.975829 0.0232754
-19.3755 61.1477 -2.93492 -0.217922 -0.97589 0.0119908
-20.6155 61.4193 -3.01281 -0.207779 -0.978166 0.00247492
-21.4862 61.6073 -3.19985 -0.21152 -0.977358 -0.00554032
-22.4551 61.8215 -3.62559 -0.216444 -0.976162 -0.0161106
-23.2338 62.0026 -4.13238 -0.213797 -0.976732 -0.0166469
-24.0291 62.1892 -4.69945 -0.215035 -0.976298 -0.0245289
-25.0781 62.4465 -5.58403 -0.219757 -0.975151 -0.0280556
-25.8454 62.6517 -6.53238 -0.222406 -0.974328 -0.0348008
-26.3143 62.7893 -7.3523 -0.224414 -0.973618 -0.0413002
-26.7379 62.9235 -8.21013 -0.224297 -0.973632 -0.0416033
-27.027 63.0392 -9.17501 -0.232488 -0.971412 -0.0480495
-27.2408 63.1587 -10.4391 -0.240508 -0.968922 -0.0578514
-27.317 63.2348 -11.3994 -0.243196 -0.968056 -0.0608668
-27.2621 63.3109 -12.735 -0.250379 -0.965835 -0.0668263
-27.0831 63.3327 -13.6843 -0.253278 -0.965057 -0.0670667
-26.753 63.318 -14.677 -0.257236 -0.963551 -0.0734849
-26.2915 63.2708 -15.6909 -0.262939 -0.961453 -0.0804378
-25.5537 63.1618 -16.8523 -0.267839 -0.960424 -0.0764659
-24.7085 63.0075 -17.8698 -0.277327 -0.95711 -0.0838475
-23.8595 62.8374 -18.7693 -0.280793 -0.956366 -0.08074
-22.9378 62.627 -19.4823 -0.286467 -0.953972 -0.0887343
-21.9082 62.3684 -20.0552 -0.289889 -0.953147 -0.086454
-20.7957 62.0734 -20.5602 -0.29715 -0.949676 -0.0990781
-19.9279 61.8295 -20.8709 -0.309869 -0.946362 -0.0915441
-19.0419 61.5606 -21.0904 -0.310076 -0.94627 -0.0917902
-18.1203 61.2608 -21.1879 -0.317236 -0.942724 -0.103117
-16.9284 60.8573 -21.2225 -0.332139 -0.938084 -0.0983086
-15.8441 60.4668 -21.2022 -0.338878 -0.935696 -0.0980662
-14.554 59.9655 -21.0698 -0.352838 -0.931345 -0.0893943
-13.6799 59.6008 -20.8615 -0.369892 -0.926097 -0.0743223
-12.7889 59.2112 -20.573 -0.390999 -0.917208 -0.0757314
-11.7344 58.7053 -19.9666 -0.395087 -0.917022 -0.0516869
-10.9822 58.3594 -19.1655 -0.38096 -0.924115 -0.0296706
-10.1298 57.9648 -18.0979 -0.376847 -0.925556 -0.0357908
-9.56163 57.7717 -17.1497 -0.346059 -0.938019 0.0190859
-9.01305 57.5996 -15.8494 -0.330926 -0.943217 0.0282224
-8.70387 57.5233 -14.9538 -0.330842 -0.943076 0.0339398
-8.49649 57.484 -14.0636 -0.309397 -0.949953 0.0431307
-8.31787 57.4731 -13.0384 -0.311861 -0.949091 0.04437
-8.25797 57.5171 -11.7092 -0.321801 -0.945499 0.0497582
-7.31487 57.1986 -11.7309 -0.300191 -0.952901 0.043099
-7.36245 57.1691 -12.8242 -0.313316 -0.948761 0.0408783
-7.53429 57.1759 -13.9396 -0.309577 -0.949967 0.0415287
-7.74766 57.196 -15.0037 -0.309213 -0.94994 0.0447338
-8.2295 57.3128 -16.3466 -0.337763 -0.940705 0.0297557
-8.60977 57.4169 -17.2473 -0.345665 -0.937763 0.0331777
-9.18561 57.5977 -18.3553 -0.361465 -0.931796 -0.0030595
-9.8447 57.8936 -19.2374 -0.371979 -0.927679 -0.0321557
-10.4218 58.1583 -19.9679 -0.373437 -0.926716 -0.0417472
-11.0257 58.4575 -20.6382 -0.384695 -0.919153 -0.0846665
-11.8495 58.86 -21.2214 -0.390211 -0.915788 -0.0951819
-12.6492 59.238 -21.5542 -0.393705 -0.914097 -0.0970474
-13.5232 59.6304 -21.8143 -0.372785 -0.922903 -0.096323
-14.381 59.9931 -22.006 -0.361945 -0.927478 -0.093698
-15.3127 60.3654 -22.1109 -0.347762 -0.932442 -0.0978474
-16.379 60.7597 -22.1485 -0.338878 -0.935696 -0.0980653
-17.8406 61.2684 -22.1185 -0.323028 -0.941096 -0.0997177
-18.9467 61.6312 -22.0394 -0.316518 -0.943053 -0.102315
-19.9336 61.9329 -21.8581 -0.305931 -0.946036 -0.106877
-21.3039 62.3125 -21.3607 -0.290749 -0.95203 -0.0954141
-22.342 62.5801 -20.8749 -0.289504 -0.952302 -0.096481
-23.4102 62.8415 -20.286 -0.284073 -0.954091 -0.094934
-24.3519 63.0551 -19.584 -0.281222 -0.955581 -0.0881953
-25.0354 63.1911 -18.9009 -0.272946 -0.958075 -0.0870242
-25.7695 63.3275 -18.0746 -0.270601 -0.95904 -0.0837611
-26.3499 63.426 -17.3416 -0.26737 -0.959912 -0.0841183
-26.89 63.5048 -16.5375 -0.261581 -0.961854 -0.0800798
-27.4746 63.5625 -15.3599 -0.256955 -0.962822 -0.0833609
-28.0005 63.586 -13.9048 -0.250017 -0.965135 -0.0774962
-28.2064 63.548 -12.6656 -0.247157 -0.966397 -0.0706382
-28.2653 63.4918 -11.6396 -0.242985 -0.967864 -0.0647153
-28.2026 63.4091 -10.6444 -0.238775 -0.96913 -0.0613101
-28.0281 63.2972 -9.48805 -0.238737 -0.969347 -0.0580427
-27.8561 63.2023 -8.50832 -0.223089 -0.973318 -0.0536996
-27.554 63.0865 -7.66627 -0.218286 -0.974643 -0.0486952
-26.8885 62.8829 -6.43169 -0.22203 -0.974277 -0.0383791
-26.1339 62.6689 -5.29362 -0.218754 -0.974997 -0.0390967
-25.3946 62.4858 -4.58949 -0.210929 -0.977017 -0.0307308
-24.6681 62.3138 -3.98244 -0.215217 -0.976335 -0.0212476
-23.8039 62.112 -3.3509 -0.211146 -0.977304 -0.0171784
-22.9838 61.9252 -2.80345 -0.213794 -0.976733 -0.0166469
-21.743 61.6574 -2.2337 -0.209897 -0.977706 -0.00559702
-20.8789 61.4765 -2.04559 -0.20414 -0.978939 0.00227897
-19.9919 61.2873 -1.97718 -0.207872 -0.978117 0.00683202
-18.9866 61.0772 -1.96304 -0.20535 -0.978627 0.0110092
-18.0379 60.8754 -2.00664 -0.217221 -0.975828 0.0232712
-17.018 60.6411 -2.18319 -0.217378 -0.975592 0.0310972
-16.1467 60.44 -2.40947 -0.216908 -0.975698 0.0310475
-14.69 60.0804 -2.87989 -0.231936 -0.971522 0.0484865
-13.4973 59.7835 -3.21256 -0.232706 -0.970192 0.0667481
-12.4375 59.4977 -3.54802 -0.236995 -0.968482 0.0766567
-11.4212 59.2092 -3.97224 -0.245434 -0.965601 0.0854581
-10.5848 58.9336 -4.50862 -0.251657 -0.962365 0.102034
-9.71576 58.59 -5.39801 -0.269617 -0.956086 0.11492
-9.15637 58.3076 -6.22585 -0.290558 -0.949409 0.118219
-8.6084 58.0306 -7.09625 -0.306072 -0.945043 0.114949
-8.21142 57.804 -7.88665 -0.323871 -0.940276 0.104383
-7.75386 57.506 -9.27118 -0.319879 -0.943172 0.0896493
-7.51377 57.3513 -10.291 -0.317846 -0.945664 0.0685158
-7.36552 57.2425 -11.2086 -0.317672 -0.946643 0.05432
-7.33894 57.2196 -11.4522 -0.3087 -0.949785 0.0500312
-6.42866 56.9342 -11.3414 -0.31737 -0.947671 0.0345797
-6.55098 57.0256 -10.3517 -0.312268 -0.947648 0.0667287
-6.75422 57.1601 -9.42652 -0.315309 -0.945841 0.0768477
-7.05508 57.349 -8.42891 -0.319879 -0.943172 0.0896493
-7.44295 57.6069 -7.34048 -0.322087 -0.939838 0.113863
-7.84114 57.8348 -6.56203 -0.31356 -0.940633 0.128596
-8.30229 58.105 -5.80302 -0.300504 -0.943559 0.138719
-8.87325 58.3989 -4.94832 -0.285855 -0.945319 0.155001
-9.43111 58.6476 -4.28847 -0.252061 -0.958529 0.13161
-10.0956 58.9022 -3.69432 -0.243724 -0.964235 0.103996
-10.8918 59.1524 -3.2056 -0.234927 -0.96737 0.0944502
-12.2034 59.5113 -2.64937 -0.234714 -0.968371 0.0840381
-13.0767 59.737 -2.31783 -0.228412 -0.971904 0.0568452
-13.9328 59.9512 -2.09576 -0.22637 -0.972391 0.0566404
-14.7896 60.1587 -1.84769 -0.217397 -0.975359 0.0375945
-15.8729 60.4112 -1.46303 -0.212143 -0.976537 0.0370225
-17.2316 60.716 -1.1486 -0.211943 -0.977147 0.0162266
-18.6358 61.0163 -0.974381 -0.202412 -0.979185 0.0150131
-19.6035 61.2173 -0.989997 -0.202331 -0.979282 0.00712187
-20.5124 61.403 -1.01892 -0.198941 -0.980005 0.00317762
-21.6767 61.6405 -1.18814 -0.200487 -0.979692 -0.00267278
-22.5451 61.8179 -1.51896 -0.20212 -0.97932 -0.0071691
-23.5634 62.0369 -2.06744 -0.203654 -0.978974 -0.0116359
-24.3327 62.21 -2.56256 -0.208501 -0.977786 -0.0214027
-25.2073 62.4091 -3.20458 -0.206604 -0.978188 -0.0214994
-26.1461 62.6308 -4.00325 -0.211094 -0.977036 -0.0289984
-26.9512 62.8274 -4.76256 -0.208107 -0.976972 -0.0468796
-27.4976 62.9763 -5.49854 -0.209321 -0.976908 -0.0428517
-28.0119 63.1319 -6.45996 -0.211106 -0.97624 -0.0488752
-28.4613 63.276 -7.33296 -0.223084 -0.973309 -0.0538756
-28.8224 63.4228 -8.44899 -0.230467 -0.971299 -0.0588545
-28.984 63.5297 -9.50355 -0.232353 -0.970297 -0.0673472
-29.1159 63.627 -10.5094 -0.240544 -0.968493 -0.0645055
-29.2073 63.7178 -11.5287 -0.240913 -0.96826 -0.0665759
-29.1607 63.7744 -12.5043 -0.240758 -0.96807 -0.0697985
-29.0089 63.8352 -13.7779 -0.245265 -0.966123 -0.0803159
-28.6378 63.8409 -15.0117 -0.251812 -0.964627 -0.0780112
-28.1425 63.8097 -16.165 -0.254613 -0.963497 -0.0827418
-27.6281 63.7547 -17.1027 -0.262181 -0.961202 -0.0857485
-27.1304 63.6857 -17.8511 -0.263696 -0.960877 -0.0847179
-26.4154 63.5685 -18.7379 -0.266641 -0.959458 -0.091339
-25.71 63.4461 -19.5483 -0.274573 -0.957263 -0.0908704
-25.0076 63.3118 -20.2587 -0.278583 -0.956192 -0.0898369
-23.9838 63.0856 -21.0321 -0.280131 -0.955366 -0.0938268
-23.0116 62.8511 -21.5835 -0.284854 -0.953672 -0.096748
-22.1872 62.6462 -21.9744 -0.284131 -0.953605 -0.0995324
-21.3724 62.4367 -22.341 -0.289254 -0.951595 -0.103922
-20.0429 62.0715 -22.7997 -0.302676 -0.947239 -0.105437
-18.8169 61.6958 -22.9867 -0.311389 -0.944288 -0.106568
-17.9117 61.3981 -23.0357 -0.320351 -0.941008 -0.108997
-17.0184 61.0966 -23.0743 -0.332058 -0.936601 -0.111726
-16.0907 60.7619 -23.0654 -0.33984 -0.934086 -0.109442
-15.019 60.3542 -23.0205 -0.353594 -0.929656 -0.103499
-13.8525 59.8811 -22.8903 -0.37295 -0.921403 -0.108868
-12.8651 59.4504 -22.6545 -0.384354 -0.917998 -0.0970682
-11.7175 58.9166 -22.2892 -0.390945 -0.914261 -0.106233
-10.8098 58.4676 -21.7093 -0.392469 -0.915388 -0.0896216
-10.1754 58.1419 -21.1479 -0.391277 -0.915987 -0.0887089
-9.40008 57.7544 -20.1727 -0.376474 -0.925454 -0.0424556
-8.6412 57.4072 -19.1903 -0.359747 -0.932563 -0.0259411
-8.00885 57.1709 -18.0938 -0.336375 -0.941662 0.0111414
-7.57775 57.044 -17.0911 -0.339597 -0.939792 0.0379107
-7.21319 56.95 -16.2291 -0.328892 -0.943066 0.0482812
-6.86718 56.8895 -15.2456 -0.321154 -0.945653 0.0509916
-6.64183 56.8685 -14.2287 -0.319432 -0.946251 0.0507042
-6.46231 56.862 -13.0838 -0.310736 -0.949402 0.0453732
-6.39557 56.8977 -11.9864 -0.305152 -0.951212 0.0450855
-6.40223 56.9099 -11.7653 -0.308549 -0.950299 0.0401614
-5.46086 56.5971 -11.5926 -0.322324 -0.945866 0.0380192
-5.5471 56.6606 -10.6724 -0.343287 -0.938283 0.0408843
-5.73323 56.7764 -9.75002 -0.351441 -0.935056 0.0464669
-6.13252 57.0211 -8.35109 -0.35433 -0.932676 0.0675691
-6.61221 57.3456 -7.00403 -0.345939 -0.932569 0.103154
-7.00282 57.6057 -6.17754 -0.333332 -0.932533 0.138821
-7.49109 57.9165 -5.25615 -0.328755 -0.931499 0.154738
-7.94915 58.2175 -4.46155 -0.279622 -0.943216 0.179316
-8.73046 58.5776 -3.5943 -0.235588 -0.961595 0.140834
-9.48817 58.8183 -3.01936 -0.236265 -0.966934 0.0957345
-10.7391 59.207 -2.25006 -0.233486 -0.968006 0.0916516
-12.2445 59.6018 -1.60265 -0.211461 -0.974499 0.0750783
-13.1324 59.8263 -1.27728 -0.219261 -0.972834 0.0742941
-14.0206 60.0196 -1.08887 -0.207218 -0.977263 0.0444446
-15.0288 60.2558 -0.732227 -0.208712 -0.977268 0.0362906
-15.9934 60.4763 -0.352629 -0.210889 -0.976961 0.0327701
-17.0114 60.6942 -0.204313 -0.202864 -0.978737 0.0303325
-18.3161 60.9607 -0.0362423 -0.192248 -0.981078 0.0183379
-19.4411 61.1912 0.109928 -0.198922 -0.97999 0.00697917
-20.3378 61.3715 0.00569498 -0.195461 -0.980695 0.00436251
-21.4002 61.5849 -0.120716 -0.197715 -0.980253 0.00350347
-22.7659 61.8587 -0.579333 -0.19803 -0.980183 -0.00510819
-24.0113 62.1123 -1.25216 -0.196767 -0.980125 -0.0252501
-24.77 62.2807 -1.75062 -0.203477 -0.978596 -0.0307795
-25.6533 62.4844 -2.36446 -0.205627 -0.97826 -0.0266102
-26.8575 62.7503 -3.35837 -0.194461 -0.980499 -0.0265701
-27.7115 62.955 -4.119 -0.207312 -0.976937 -0.0511527
-28.2671 63.1099 -4.87746 -0.201554 -0.978163 -0.0507205
-28.7103 63.2435 -5.69017 -0.202964 -0.977828 -0.0515314
-29.2257 63.3971 -6.55563 -0.20843 -0.976845 -0.0482764
-29.6296 63.5711 -7.85741 -0.220652 -0.973102 -0.0662028
-29.8596 63.7056 -8.99793 -0.233669 -0.969641 -0.0719195
-29.9824 63.8134 -10.0727 -0.239694 -0.968324 -0.0697542
-30.1248 63.96 -11.7771 -0.237362 -0.9692 -0.0655421
-30.0961 64.0327 -12.8498 -0.239406 -0.967603 -0.0801758
-29.9456 64.0913 -14.0032 -0.24038 -0.967252 -0.0814802
-29.667 64.1198 -15.1438 -0.248315 -0.96499 -0.0844672
-29.2128 64.082 -16.0547 -0.250196 -0.964231 -0.0874373
-28.7241 64.056 -17.1575 -0.257775 -0.961946 -0.0906223
-28.1529 63.976 -17.9802 -0.261974 -0.961263 -0.0856892
-27.5862 63.8925 -18.737 -0.263835 -0.960327 -0.0903465
-27.0375 63.8115 -19.4584 -0.266359 -0.958843 -0.0982783
-26.2329 63.6752 -20.3516 -0.274013 -0.95693 -0.0958305
-25.1952 63.4711 -21.3341 -0.279252 -0.955509 -0.0949634
-24.4457 63.3013 -21.8431 -0.280653 -0.955131 -0.0946476
-23.3386 63.042 -22.4522 -0.278388 -0.955071 -0.101314
-22.4112 62.8135 -22.9117 -0.283443 -0.953018 -0.106773
-21.3768 62.5502 -23.3402 -0.291255 -0.950359 -0.109491
-20.4258 62.2923 -23.6446 -0.303706 -0.945949 -0.113765
-19.272 61.9479 -23.8649 -0.307151 -0.944681 -0.114995
-18.3739 61.6595 -23.9167 -0.314596 -0.942164 -0.115447
-17.2742 61.2965 -24.0019 -0.319276 -0.94085 -0.113421
-16.3599 60.9677 -23.9727 -0.33779 -0.934256 -0.114297
-15.1011 60.4968 -23.9449 -0.353741 -0.927259 -0.12271
-14.204 60.1399 -23.8828 -0.366472 -0.921868 -0.125924
-13.0936 59.6708 -23.7274 -0.376563 -0.918957 -0.117128
-12.0158 59.1741 -23.423 -0.392073 -0.912846 -0.113625
-10.9912 58.6902 -23.0211 -0.392644 -0.91344 -0.107045
-10.1319 58.2386 -22.3421 -0.397844 -0.912717 -0.0924582
-9.1309 57.7181 -21.364 -0.389676 -0.91658 -0.0896317
-8.36979 57.3497 -20.3789 -0.371436 -0.927221 -0.047917
-7.68957 57.0555 -19.4021 -0.354413 -0.934999 -0.012997
-7.21745 56.8818 -18.541 -0.338508 -0.940893 0.0115372
-6.85588 56.769 -17.6534 -0.329106 -0.943835 0.0289743
-6.33071 56.6384 -16.459 -0.311748 -0.948832 0.0501436
-5.91151 56.5705 -15.1794 -0.316969 -0.947095 0.0504084
-5.65851 56.5446 -14.0841 -0.317659 -0.946889 0.0499323
-5.50294 56.5517 -12.9137 -0.319073 -0.946629 0.0456706
-5.36547 56.5389 -12.2304 -0.320968 -0.946133 0.0423295
-5.422 56.5677 -11.9936 -0.322326 -0.945865 0.0380173
