-8.48931 63.0171 -21.1315 -0.389364 -0.916853 0.08818
-9.74394 63.5473 -21.4211 -0.390516 -0.91784 0.0672324
-11.1499 64.1561 -21.4108 -0.409061 -0.912159 0.021148
-12.4738 64.6883 -21.1167 -0.36581 -0.930652 0.00221909
-13.3369 65.0154 -20.8319 -0.363609 -0.931054 -0.0304416
-14.1582 65.3172 -20.3788 -0.343513 -0.938379 -0.0372782
-15.3564 65.7307 -19.5979 -0.343481 -0.938681 -0.0299745
-16.3456 66.0435 -18.7813 -0.32759 -0.944188 -0.0345533
-17.272 66.3214 -17.8231 -0.314706 -0.948588 -0.0334152
-18.0071 66.5312 -17.0091 -0.310439 -0.950058 -0.0316607
-18.7921 66.7559 -16.1932 -0.302213 -0.952629 -0.0341359
-19.6797 67.0013 -15.2983 -0.29637 -0.954418 -0.0351242
-20.3198 67.1769 -14.5928 -0.293443 -0.955401 -0.0330216
-21.0691 67.3797 -13.9054 -0.29082 -0.956138 -0.0349792
-21.7405 67.5493 -12.9081 -0.285499 -0.957996 -0.0270744
-22.1555 67.641 -11.8229 -0.279637 -0.959775 -0.0250122
-22.1791 67.6265 -10.8706 -0.277309 -0.960508 -0.0227659
-21.7399 67.472 -9.44193 -0.269744 -0.962797 -0.0160204
-21.1269 67.2897 -8.5163 -0.262873 -0.964823 -0.00340077
-20.1729 67.0291 -7.68207 -0.266905 -0.963695 0.00113211
-18.9918 66.7067 -6.90637 -0.271608 -0.962259 0.0169086
-17.9185 66.4233 -6.36874 -0.263398 -0.964499 0.0189901
-16.7259 66.1079 -5.84126 -0.26456 -0.964125 0.0216989
-15.8501 65.8788 -5.51785 -0.259483 -0.965467 0.0232599
-14.6954 65.5789 -5.22692 -0.253646 -0.966885 0.0277889
-13.7772 65.3456 -5.06743 -0.251197 -0.96744 0.0309978
-12.5678 65.0386 -4.84466 -0.25057 -0.967534 0.0330607
-11.6456 64.8048 -4.69786 -0.254042 -0.966695 0.030792
-10.6943 64.5592 -4.6336 -0.250882 -0.967723 0.0238794
-9.61401 64.2687 -4.67682 -0.260811 -0.965256 0.0161109
-8.29066 63.9041 -4.93398 -0.260872 -0.965301 0.00959765
-7.10786 63.5825 -5.41718 -0.264813 -0.964282 -0.00289016
-6.02079 63.292 -5.87754 -0.264244 -0.964435 -0.00460997
-5.05612 63.0084 -6.26546 -0.283908 -0.957281 -0.0466425
-4.20834 62.7967 -6.54914 -0.286433 -0.955139 -0.0705567
-3.02799 62.4824 -6.83563 -0.260687 -0.957175 -0.125932
-2.02642 62.2398 -6.90527 -0.210514 -0.966173 -0.145968
-1.14143 62.054 -6.85331 -0.140006 -0.97296 -0.175719
0.0707261 61.8841 -6.62917 -0.0717618 -0.964333 -0.249037
0.978658 61.8064 -6.40357 0.0734248 -0.955219 -0.276904
2.25567 61.871 -6.19297 0.0322322 -0.931682 -0.360328
3.36682 61.9431 -6.33268 0.0113584 -0.951014 -0.306209
4.36299 62.016 -6.53853 0.107691 -0.96871 -0.218596
5.58206 62.1765 -6.66477 0.182928 -0.965357 -0.186073
6.79266 62.3911 -6.70234 0.160778 -0.981536 -0.101127
7.7521 62.6348 -6.59265 0.281826 -0.958037 -0.0523416
8.76963 62.9387 -6.39298 0.343955 -0.937714 -0.0488621
9.92978 63.361 -6.10742 0.362244 -0.932081 -0.00218921
10.9507 63.7581 -5.87797 0.370079 -0.928531 0.029509
12.0831 64.2028 -5.64814 0.350321 -0.936018 0.0338391
13.2289 64.6486 -5.45317 0.349966 -0.934849 0.0595125
14.2487 65.0274 -5.33889 0.335547 -0.939062 0.0742349
15.1004 65.3416 -5.28165 0.342153 -0.936285 0.0793607
16.5109 65.863 -5.27245 0.345506 -0.934835 0.0819028
17.5413 66.2297 -5.41553 0.34622 -0.934443 0.0833181
18.6575 66.6078 -5.78922 0.34476 -0.934904 0.0841953
19.8192 66.9843 -6.35873 0.344558 -0.934899 0.0851075
20.5459 67.2075 -6.8488 0.346073 -0.934366 0.0848043
21.4016 67.4668 -7.58004 0.349205 -0.934098 0.0741895
22.197 67.7047 -8.36014 0.347184 -0.935287 0.0685702
22.8256 67.8922 -9.05279 0.352007 -0.933793 0.0641999
23.4577 68.0881 -9.91399 0.355433 -0.933786 0.04136
24.0846 68.2874 -10.8808 0.361647 -0.931785 0.0312233
24.5931 68.4598 -11.6823 0.363666 -0.931246 0.0218379
25.0061 68.6069 -12.5848 0.365334 -0.930803 0.00856462
25.1535 68.6635 -13.6193 0.372018 -0.928165 -0.00504131
25.0174 68.6291 -14.8049 0.372195 -0.928018 -0.015901
24.6617 68.5064 -15.7769 0.371515 -0.928234 -0.0189426
23.9224 68.2489 -16.8666 0.3727 -0.92738 -0.0325792
23.0609 67.948 -17.9261 0.376237 -0.925412 -0.0453754
22.3527 67.6972 -18.6429 0.373162 -0.926033 -0.0566819
21.1297 67.2505 -19.431 0.379692 -0.923216 -0.0591338
20.2239 66.9155 -19.9798 0.378929 -0.923081 -0.0658316
19.052 66.4765 -20.5692 0.379841 -0.92233 -0.0709058
18.101 66.1076 -20.9019 0.385485 -0.920104 -0.0693571
17.1674 65.7384 -21.1923 0.388456 -0.919014 -0.0670696
16.2333 65.3571 -21.4193 0.391016 -0.917688 -0.0703962
15.3973 65.0046 -21.5677 0.402911 -0.912887 -0.0655731
14.3891 64.565 -21.5849 0.405776 -0.912691 -0.0483758
13.5592 64.1958 -21.4934 0.400343 -0.915154 -0.0470913
12.3945 63.6738 -21.1709 0.402028 -0.915614 -0.00502526
11.2823 63.21 -20.3976 0.373204 -0.927725 0.00673734
10.6368 62.9582 -19.7915 0.352465 -0.931397 0.0887627
9.71174 62.6661 -19.105 0.347301 -0.935131 0.0700887
8.9007 62.4434 -18.5522 0.303048 -0.946706 0.109134
8.00164 62.2506 -18.0291 0.224878 -0.955217 0.19233
7.13112 62.1316 -17.6027 0.198899 -0.95369 0.222236
6.09421 62.0497 -17.1645 0.13177 -0.974607 0.17936
4.99004 62.0137 -16.8026 0.0402885 -0.975937 0.206707
4.03451 62.0773 -16.6683 -0.102969 -0.969175 0.223824
2.88722 62.1644 -16.661 -0.00885954 -0.92531 0.377604
1.66434 62.1411 -16.9078 -0.0126442 -0.903409 0.423565
0.426121 62.0496 -17.1794 -0.0385112 -0.948773 0.313603
-0.63025 61.9262 -17.5516 0.0278864 -0.927271 0.367969
-1.76572 61.7785 -18.1344 -0.0760592 -0.948818 0.304996
-2.8372 61.7103 -18.7064 -0.149254 -0.927683 0.340027
-3.81459 61.7466 -19.1872 -0.193385 -0.927727 0.319257
-4.79337 61.8744 -19.6979 -0.303103 -0.914599 0.267653
-6.0958 62.1637 -20.3156 -0.332513 -0.92759 0.170328
-7.22389 62.5188 -20.743 -0.38332 -0.908664 0.165516
-8.20669 62.9044 -21.0555 -0.389364 -0.916853 0.0881798
-7.97106 62.6687 -21.9632 -0.441379 -0.888746 0.123756
-8.8312 63.0745 -22.2172 -0.435247 -0.894959 0.0910573
-9.6718 63.4467 -22.4238 -0.440769 -0.89585 0.0563484
-10.6363 63.9003 -22.5117 -0.409065 -0.912158 0.0211502
-11.5514 64.3267 -22.3455 -0.420176 -0.907321 0.0148377
-12.3797 64.667 -22.1435 -0.373541 -0.927485 -0.0154433
-13.4349 65.0871 -21.8534 -0.368575 -0.929269 -0.0229428
-14.4222 65.4527 -21.3434 -0.359873 -0.932543 -0.029228
-15.2091 65.7242 -20.8431 -0.343546 -0.938077 -0.0445867
-15.9322 65.9616 -20.3555 -0.331332 -0.942278 -0.0477762
-16.6547 66.1913 -19.7901 -0.329036 -0.943393 -0.0416643
-17.4633 66.4331 -18.9821 -0.325905 -0.944352 -0.0445509
-18.093 66.6154 -18.3248 -0.32032 -0.946283 -0.0440775
-19.0314 66.8775 -17.2714 -0.308133 -0.950193 -0.0467609
-19.8539 67.1019 -16.4309 -0.305232 -0.951372 -0.0409056
-20.7838 67.3531 -15.4799 -0.296997 -0.953957 -0.0418337
-21.5032 67.5444 -14.7909 -0.294373 -0.954755 -0.0422745
-22.2187 67.7301 -13.9402 -0.286928 -0.957255 -0.0363739
-22.7244 67.8485 -13.1273 -0.283927 -0.958219 -0.0345701
-23.0594 67.9175 -12.226 -0.279804 -0.959433 -0.0342489
-23.1642 67.9141 -11.2272 -0.26908 -0.96269 -0.0286944
-23.0397 67.8537 -10.3049 -0.26715 -0.963275 -0.0270754
-22.7842 67.7611 -9.41443 -0.264052 -0.964352 -0.0173516
-22.3714 67.6311 -8.5146 -0.266658 -0.963703 -0.0108357
-21.4451 67.3725 -7.42862 -0.26287 -0.964824 -0.003409
-20.5844 67.1477 -6.772 -0.260019 -0.965532 0.0117464
-19.8298 66.9479 -6.29569 -0.263449 -0.964617 0.0103833
-18.8005 66.6799 -5.72261 -0.263243 -0.964486 0.0216414
-17.8032 66.4173 -5.2454 -0.265014 -0.963992 0.0220588
-16.8083 66.1524 -4.86701 -0.264787 -0.964059 0.0218788
-15.579 65.8369 -4.38867 -0.259265 -0.965025 0.0387888
-14.6201 65.5928 -4.20641 -0.251095 -0.967445 0.0316339
-13.3793 65.2797 -4.01957 -0.251481 -0.967128 0.0374734
-12.0413 64.9387 -3.75839 -0.25404 -0.966696 0.0307828
-10.8668 64.6289 -3.65199 -0.257084 -0.965897 0.0307978
-9.92642 64.3734 -3.65634 -0.262342 -0.964605 0.0267052
-9.00473 64.117 -3.77718 -0.271713 -0.962232 0.0144044
-7.9982 63.8342 -4.01024 -0.269229 -0.963056 0.00623184
-7.17679 63.6025 -4.30432 -0.269412 -0.963005 0.00628261
-6.13951 63.3036 -4.77329 -0.305357 -0.951464 -0.0383773
-5.04823 62.9729 -5.25502 -0.305311 -0.951478 -0.0383992
-3.76883 62.5835 -5.69374 -0.310786 -0.9474 -0.0764581
-2.74741 62.2879 -5.93814 -0.244428 -0.961562 -0.123959
-1.82938 62.0721 -5.94597 -0.251481 -0.943284 -0.199694
-0.759333 61.766 -5.86727 -0.144124 -0.937724 -0.310809
0.136767 61.596 -5.67364 -0.0525776 -0.937001 -0.341769
1.19004 61.4994 -5.41344 -0.0223238 -0.920222 -0.386281
2.29295 61.4629 -5.25235 0.0529232 -0.889491 -0.453878
3.31082 61.5873 -5.39344 0.0331651 -0.905004 -0.424109
4.63877 61.8077 -5.64364 0.119796 -0.943781 -0.308101
5.97456 62.0847 -5.74858 0.192161 -0.968398 -0.158995
7.29749 62.41 -5.71215 0.304338 -0.94453 -0.122882
8.42234 62.7595 -5.51894 0.346829 -0.931936 -0.0945619
9.64044 63.2231 -5.22696 0.363263 -0.931288 -0.0259065
10.4982 63.5842 -5.01296 0.39288 -0.919588 0.00178646
11.6528 64.074 -4.76411 0.385839 -0.922021 0.0289233
12.8195 64.5466 -4.54324 0.35743 -0.93241 0.0532019
13.9128 64.9709 -4.40934 0.356156 -0.932543 0.0592955
15.0113 65.3843 -4.32435 0.351794 -0.933424 0.0697028
16.0884 65.7924 -4.28247 0.34694 -0.934415 0.080635
17.0937 66.1585 -4.35437 0.346221 -0.934443 0.0833176
18.1833 66.548 -4.54085 0.346704 -0.934087 0.0852901
19.3036 66.9169 -5.01616 0.34377 -0.935131 0.0857475
20.2623 67.2286 -5.46828 0.344492 -0.934908 0.0852802
21.0169 67.4598 -5.99809 0.34759 -0.933831 0.0844988
21.948 67.7341 -6.8332 0.349113 -0.933828 0.0779899
22.9544 68.0264 -7.80782 0.345523 -0.93521 0.0773986
23.6062 68.223 -8.53017 0.353614 -0.933134 0.0649434
24.2268 68.4085 -9.33352 0.359191 -0.93182 0.0510468
24.8576 68.6107 -10.2924 0.36314 -0.931094 0.0345371
25.4356 68.7964 -11.2837 0.359246 -0.932847 0.0248024
25.8993 68.9602 -12.3579 0.362993 -0.931666 0.0152002
26.0906 69.0349 -13.5795 0.368017 -0.929819 -0.000401416
26.0254 69.0244 -14.5902 0.366487 -0.930211 -0.0197348
25.7115 68.9269 -15.6418 0.365718 -0.930362 -0.026025
25.2835 68.7817 -16.5054 0.372043 -0.927483 -0.0367394
24.7533 68.6028 -17.3003 0.37261 -0.927131 -0.039878
24.0009 68.346 -18.2933 0.372212 -0.926995 -0.0462401
23.1538 68.0562 -19.2395 0.372677 -0.926216 -0.0568759
22.3025 67.7518 -19.8706 0.37306 -0.925756 -0.061454
21.545 67.4774 -20.2932 0.373048 -0.925465 -0.0659493
20.3359 67.0363 -21.0053 0.377253 -0.923401 -0.070677
19.416 66.6982 -21.4451 0.378549 -0.92256 -0.0746115
18.5921 66.3811 -21.7461 0.382018 -0.92106 -0.0755699
17.7487 66.0509 -22.0167 0.386051 -0.919184 -0.0778797
16.7167 65.6342 -22.3004 0.395881 -0.915091 -0.0767294
15.6169 65.1711 -22.5285 0.402499 -0.912978 -0.0668296
14.5581 64.7012 -22.5762 0.412299 -0.908709 -0.0652511
13.5543 64.2338 -22.4935 0.418151 -0.907276 -0.0425932
12.353 63.6825 -22.2292 0.421757 -0.906287 -0.00960163
11.128 63.0977 -21.5015 0.428312 -0.903034 0.0277779
10.4579 62.8109 -20.904 0.404634 -0.912669 0.051728
9.7798 62.5665 -20.3212 0.369977 -0.924928 0.0828123
8.80384 62.264 -19.5933 0.350029 -0.92515 0.140886
7.88555 62.0516 -19.0262 0.315935 -0.93793 0.140154
7.01831 61.9103 -18.5728 0.223516 -0.95561 0.191963
6.16748 61.8097 -18.1508 0.121844 -0.959753 0.247362
5.29008 61.8164 -17.8729 0.069402 -0.96774 0.242202
4.39036 61.7951 -17.663 0.0715275 -0.898065 0.424506
3.26324 61.7897 -17.6123 0.0247455 -0.926764 0.374828
2.22102 61.7641 -17.7074 -0.0319488 -0.919028 0.392537
1.02822 61.7293 -17.9698 -0.105106 -0.908246 0.405021
-0.0912354 61.6031 -18.3185 0.0554359 -0.905596 0.420502
-1.00508 61.4427 -18.7206 -0.139739 -0.914117 0.380381
-1.89588 61.3763 -19.2395 -0.133807 -0.920122 0.367805
-3.02744 61.3717 -19.8184 -0.178071 -0.932429 0.314432
-4.15609 61.4632 -20.3815 -0.306582 -0.916995 0.254844
-4.98418 61.6278 -20.817 -0.310056 -0.919393 0.242036
-5.81813 61.8545 -21.1948 -0.34916 -0.911537 0.21702
-6.78142 62.1758 -21.5581 -0.398898 -0.900908 0.17101
-7.84399 62.6115 -21.9209 -0.441381 -0.888745 0.123755
-7.79512 62.4505 -22.9029 -0.451245 -0.882873 0.12942
-8.72228 62.9092 -23.1936 -0.472678 -0.880057 0.0455566
-9.50048 63.3207 -23.3954 -0.479548 -0.876498 0.0422616
-10.3024 63.7255 -23.5238 -0.441083 -0.89739 0.0116634
-11.4248 64.2561 -23.4098 -0.418997 -0.907973 0.00515973
-12.4067 64.7028 -23.1167 -0.388626 -0.920683 -0.0361573
-13.3188 65.0776 -22.8903 -0.387958 -0.920875 -0.0384415
-14.2552 65.4437 -22.5296 -0.36808 -0.928626 -0.0458084
-15.1817 65.7723 -21.9924 -0.350876 -0.935018 -0.0508823
-16.2257 66.1204 -21.3117 -0.33797 -0.939788 -0.0499964
-17.1279 66.4007 -20.6377 -0.33608 -0.940122 -0.056757
-17.9486 66.6422 -19.8284 -0.326621 -0.94355 -0.0550635
-18.7943 66.886 -18.9694 -0.320545 -0.945587 -0.0553927
-19.4409 67.0589 -18.2467 -0.314848 -0.947594 -0.054182
-20.3733 67.3031 -17.2008 -0.29793 -0.953389 -0.0478235
-21.451 67.5897 -16.1777 -0.294365 -0.954757 -0.0422945
-22.2686 67.8062 -15.3741 -0.291498 -0.95563 -0.0423137
-22.8758 67.9579 -14.6624 -0.288619 -0.956506 -0.0423646
-23.5207 68.107 -13.6501 -0.28447 -0.95769 -0.0434628
-23.9754 68.1962 -12.6408 -0.280755 -0.958931 -0.0403452
-24.1508 68.2064 -11.5519 -0.27377 -0.96122 -0.0332094
-24.0888 68.1559 -10.6329 -0.27151 -0.961928 -0.031061
-23.8178 68.0455 -9.44456 -0.268701 -0.962724 -0.0307825
-23.4413 67.918 -8.4455 -0.258782 -0.965616 -0.0248607
-22.9849 67.7843 -7.62793 -0.254449 -0.967023 -0.0110866
-22.2581 67.588 -6.82867 -0.252748 -0.967516 0.00563762
-21.2692 67.3344 -6.05756 -0.252459 -0.96759 0.00573666
-20.3454 67.102 -5.47666 -0.250067 -0.968142 0.0129299
-19.4492 66.8726 -4.96822 -0.262224 -0.964783 0.0208165
-18.6462 66.6631 -4.55998 -0.260942 -0.965113 0.0215497
-17.5297 66.3719 -4.0223 -0.260306 -0.965051 0.029377
-16.4237 66.0933 -3.65252 -0.254632 -0.966412 0.0347963
-15.4622 65.8471 -3.38068 -0.256593 -0.965645 0.0410653
-14.3727 65.57 -3.15339 -0.252292 -0.966664 0.0436912
-13.2223 65.2783 -2.96015 -0.255376 -0.966149 0.0365888
-12.0859 64.9837 -2.77151 -0.259661 -0.965056 0.0352464
-10.9086 64.6691 -2.67939 -0.26451 -0.963982 0.0277978
-9.58988 64.3053 -2.69784 -0.268841 -0.962947 0.0213955
-8.32623 63.9435 -2.92573 -0.2742 -0.961407 0.022578
-7.45687 63.6834 -3.18428 -0.298803 -0.954149 -0.0120789
-6.29689 63.34 -3.66085 -0.301636 -0.953297 -0.00387875
-5.26488 62.9968 -4.12513 -0.310086 -0.950308 -0.0181981
-4.11145 62.612 -4.58717 -0.340319 -0.938569 -0.0571862
-3.17123 62.3157 -4.86019 -0.363054 -0.922997 -0.110446
-2.25138 61.9479 -5.01267 -0.333131 -0.925977 -0.177737
-1.23266 61.6093 -5.00117 -0.230826 -0.932169 -0.275153
0.00909842 61.2505 -4.76915 -0.136789 -0.900204 -0.406547
1.18651 61.048 -4.48699 -0.00891617 -0.90072 -0.433099
2.23701 60.952 -4.31175 0.0453668 -0.858557 -0.508426
3.4426 61.1873 -4.5296 0.051853 -0.898518 -0.435272
4.44873 61.4204 -4.70871 0.196144 -0.900377 -0.388392
5.7155 61.7938 -4.82338 0.289456 -0.919627 -0.265519
7.05765 62.219 -4.80145 0.295695 -0.937203 -0.184972
8.3249 62.6588 -4.60531 0.382719 -0.920846 -0.074622
9.29739 63.0587 -4.35698 0.401914 -0.915618 -0.0104276
10.1401 63.4247 -4.13325 0.399543 -0.916657 -0.0103074
11.0722 63.8434 -3.91385 0.406408 -0.91362 0.0114513
11.9483 64.2276 -3.73616 0.376957 -0.925467 0.0369824
12.8736 64.6161 -3.56377 0.379957 -0.924004 0.042996
13.9 65.0224 -3.4503 0.366586 -0.928625 0.0560836
14.9305 65.4327 -3.36837 0.360819 -0.930144 0.0681291
15.9328 65.8187 -3.30813 0.350767 -0.9324 0.0868048
16.8727 66.1737 -3.34007 0.354599 -0.930386 0.0929594
18.0185 66.5919 -3.44709 0.347129 -0.933305 0.0918628
18.8857 66.8835 -3.73754 0.343052 -0.934788 0.0921199
19.6998 67.1464 -4.10098 0.343413 -0.934959 0.0889346
20.655 67.4584 -4.55848 0.347641 -0.933436 0.088559
21.4389 67.6973 -5.09247 0.346291 -0.934483 0.0826078
22.1038 67.8907 -5.69252 0.344476 -0.935148 0.0826465
22.8465 68.1033 -6.37783 0.343951 -0.935464 0.0812717
23.6307 68.3308 -7.1718 0.353722 -0.932704 0.0703062
24.2754 68.5218 -7.88107 0.353663 -0.932922 0.0676201
24.8292 68.6893 -8.57825 0.348552 -0.935823 0.0524031
25.3218 68.829 -9.35928 0.346354 -0.93661 0.0528578
25.869 69.0021 -10.208 0.348209 -0.936978 0.0286843
26.3368 69.1496 -11.0503 0.359238 -0.93285 0.0248006
26.7136 69.28 -11.9584 0.358813 -0.933288 0.0150217
26.9652 69.375 -13.0922 0.361086 -0.932522 -0.00436426
27.0146 69.4011 -14.1943 0.355475 -0.934494 -0.0185007
26.693 69.3148 -15.7144 0.360608 -0.932433 -0.0216161
26.1975 69.1545 -16.7398 0.369672 -0.928545 -0.0338512
25.6865 68.9858 -17.587 0.366915 -0.929497 -0.0375425
24.9087 68.7336 -18.6386 0.372243 -0.92655 -0.0539375
24.2879 68.5238 -19.3927 0.378708 -0.924102 -0.0511391
23.6046 68.2876 -20.126 0.368114 -0.92794 -0.0582536
22.6022 67.9387 -20.8246 0.366957 -0.928091 -0.0631593
21.5456 67.559 -21.4038 0.374372 -0.923975 -0.0782005
20.4391 67.1655 -22.0273 0.372295 -0.924652 -0.0800896
19.087 66.6598 -22.5803 0.379038 -0.921889 -0.0803179
18.1572 66.2974 -22.8753 0.387885 -0.9182 -0.0803374
17.348 65.9787 -23.116 0.390422 -0.916521 -0.0868183
16.2568 65.5355 -23.3989 0.402886 -0.911466 -0.0824312
15.1797 65.0579 -23.561 0.421451 -0.903793 -0.0740872
13.9127 64.4649 -23.5416 0.419362 -0.9061 -0.0558344
12.677 63.8596 -23.363 0.445635 -0.894677 -0.0310096
11.6539 63.3339 -22.9991 0.443527 -0.895954 -0.0115964
10.8079 62.9276 -22.4598 0.46189 -0.886066 0.0393066
9.85581 62.4904 -21.6035 0.425172 -0.901562 0.076985
9.15151 62.2273 -20.9873 0.402733 -0.907904 0.113342
8.29657 61.9572 -20.3624 0.398277 -0.907367 0.133117
7.29663 61.68 -19.7447 0.340785 -0.917722 0.202287
6.44339 61.5101 -19.2929 0.233757 -0.921598 0.307315
5.56227 61.4544 -18.8898 0.160553 -0.925945 0.33782
4.62762 61.4236 -18.6431 0.149955 -0.911946 0.381926
3.35315 61.3625 -18.4971 -0.00690566 -0.884185 0.467086
2.0855 61.331 -18.5924 -0.100718 -0.830854 0.5473
1.16373 61.2765 -18.8109 -0.0342068 -0.857525 0.513303
0.23674 61.1427 -19.1125 -0.0378595 -0.829232 0.554839
-0.678873 60.9596 -19.5471 -0.219486 -0.837621 0.500217
-1.51541 60.8703 -20.0538 -0.215242 -0.851597 0.477967
-2.72626 60.8876 -20.6439 -0.256183 -0.834365 0.487761
-3.75847 60.9975 -21.1979 -0.443934 -0.815412 0.371518
-4.54182 61.175 -21.6529 -0.387384 -0.848571 0.360363
-5.62362 61.5267 -22.0856 -0.366629 -0.886979 0.280805
-6.81887 61.9935 -22.5377 -0.430251 -0.887318 0.16073
-7.41195 62.271 -22.7602 -0.461111 -0.877 0.135083
-7.14292 61.9943 -23.6432 -0.461054 -0.877185 0.134072
-6.2456 61.5285 -23.2678 -0.488765 -0.8437 0.214322
-5.37245 61.1673 -22.9351 -0.4706 -0.842627 0.260766
-4.17937 60.6691 -22.4684 -0.455982 -0.821168 0.343167
-3.29335 60.4118 -21.9277 -0.446693 -0.819831 0.357954
-2.42988 60.3068 -21.4522 -0.298102 -0.798123 0.520305
-1.36541 60.2515 -20.8971 -0.297513 -0.76801 0.567139
-0.353676 60.3834 -20.3125 -0.193232 -0.770102 0.607951
0.617941 60.581 -19.8101 -0.13707 -0.759015 0.636481
1.46138 60.7256 -19.5072 -0.0560522 -0.733673 0.677187
2.55717 60.7976 -19.3075 0.0416068 -0.777133 0.627944
3.61633 60.9031 -19.34 0.178672 -0.83079 0.527095
4.63895 60.9873 -19.5427 0.205072 -0.850332 0.48113
5.58662 61.1289 -19.8667 0.196646 -0.924031 0.327869
6.54319 61.2332 -20.3558 0.357356 -0.897947 0.256882
7.53836 61.5172 -20.9535 0.389386 -0.904716 0.168347
8.48382 61.8541 -21.5921 0.425823 -0.883693 0.187107
9.26359 62.1647 -22.3005 0.487957 -0.864113 0.123316
9.90788 62.4381 -22.9187 0.461339 -0.886642 0.0310174
10.6141 62.7906 -23.4747 0.460783 -0.887222 0.0227284
11.3868 63.2108 -23.9698 0.485957 -0.873937 -0.00889653
12.1803 63.6308 -24.257 0.464673 -0.885026 -0.0252025
13.3223 64.2256 -24.463 0.444652 -0.894583 -0.0447994
14.3366 64.734 -24.5284 0.429944 -0.900432 -0.0661125
15.2726 65.1789 -24.509 0.421446 -0.903796 -0.0740786
16.369 65.6714 -24.3426 0.419091 -0.904329 -0.0809399
17.2007 66.0112 -24.134 0.394875 -0.914695 -0.0860586
18.3186 66.4536 -23.8003 0.38948 -0.916402 -0.0922673
19.1945 66.7926 -23.5303 0.381348 -0.91993 -0.0911145
20.4132 67.2511 -23.0948 0.373434 -0.923399 -0.0887687
21.2211 67.537 -22.6812 0.372484 -0.924146 -0.0847789
22.1613 67.8694 -22.1429 0.370098 -0.925795 -0.0770095
23.1019 68.2017 -21.6372 0.367394 -0.926625 -0.0799248
23.9668 68.5005 -21.0449 0.376734 -0.923695 -0.0697153
24.7472 68.7661 -20.2637 0.376804 -0.924451 -0.0579312
25.4323 68.9911 -19.4869 0.369211 -0.9275 -0.0585341
26.047 69.189 -18.733 0.368871 -0.928081 -0.0508732
26.6091 69.3654 -17.8856 0.357961 -0.932634 -0.045353
27.0919 69.5115 -17.043 0.357691 -0.933069 -0.0374218
27.525 69.646 -16.1296 0.356746 -0.933705 -0.0304451
27.8228 69.7298 -15.2107 0.35495 -0.93451 -0.0260375
27.945 69.7596 -14.3095 0.357792 -0.933675 -0.0153641
27.8663 69.7153 -12.9383 0.351846 -0.936049 -0.00333128
27.5835 69.6078 -11.713 0.347949 -0.9375 0.00504546
27.1737 69.4686 -10.6817 0.343186 -0.938755 0.0310138
26.5479 69.2751 -9.53336 0.348129 -0.936592 0.0387281
26.0488 69.1278 -8.79856 0.346088 -0.936808 0.0510387
25.5519 68.9929 -7.96377 0.346354 -0.936611 0.052858
24.9593 68.8209 -7.2411 0.347865 -0.935299 0.0648586
24.34 68.6391 -6.56197 0.346359 -0.93541 0.070853
23.697 68.4573 -5.8844 0.339966 -0.937049 0.0797605
22.8159 68.2091 -5.03958 0.344469 -0.934833 0.0860936
22.1172 68.0124 -4.40315 0.344926 -0.933665 0.0963598
21.1951 67.735 -3.7565 0.34532 -0.933876 0.0928065
20.3296 67.4622 -3.3025 0.344782 -0.933602 0.0975278
19.5373 67.2027 -2.94921 0.349484 -0.932083 0.0952993
18.4325 66.8323 -2.55937 0.344133 -0.93418 0.0942295
17.4955 66.5014 -2.3977 0.34917 -0.932334 0.0939876
16.4959 66.1263 -2.33682 0.359187 -0.929391 0.0849402
15.5647 65.762 -2.35768 0.369923 -0.925568 0.0805012
14.4069 65.2968 -2.45122 0.366139 -0.928129 0.0669733
13.0816 64.7514 -2.56614 0.384047 -0.921908 0.0506567
11.8825 64.2407 -2.77617 0.400162 -0.915542 0.035731
10.7864 63.7276 -3.00747 0.412138 -0.910754 0.0224951
9.87466 63.2983 -3.22895 0.431563 -0.901828 -0.0214266
9.05294 62.8949 -3.47496 0.441056 -0.896319 -0.0409251
8.06219 62.4576 -3.73658 0.43377 -0.894548 -0.107828
7.04282 62.035 -3.89275 0.351139 -0.906891 -0.221232
6.04435 61.5831 -3.931 0.342296 -0.891583 -0.287499
5.19942 61.2525 -3.88969 0.265807 -0.88771 -0.370769
4.02134 60.8217 -3.74483 0.232804 -0.794784 -0.556614
2.84373 60.49 -3.4844 0.063638 -0.821684 -0.566379
1.71383 60.4336 -3.44562 -0.0170842 -0.832477 -0.551822
0.83596 60.6029 -3.664 -0.112313 -0.848236 -0.517572
-0.0318449 60.8523 -3.88215 -0.251977 -0.840392 -0.465149
-1.17856 61.2952 -4.05669 -0.301023 -0.909108 -0.287938
-2.20609 61.7491 -4.06217 -0.360773 -0.903848 -0.222758
-3.28448 62.2291 -3.85801 -0.421152 -0.901853 -0.0963916
-4.10614 62.5488 -3.57994 -0.340316 -0.938576 -0.0571041
-5.05592 62.899 -3.18365 -0.370549 -0.928541 -0.0224587
-6.29381 63.3156 -2.64672 -0.317103 -0.947868 -0.0315011
-7.24882 63.6122 -2.26356 -0.308558 -0.951198 -0.00386612
-8.37484 63.9659 -1.9204 -0.287672 -0.957658 0.00993983
-9.30743 64.253 -1.75036 -0.280267 -0.959581 0.021359
-10.6821 64.6409 -1.70901 -0.271834 -0.961864 0.030392
-11.9879 64.9946 -1.75932 -0.259315 -0.965124 0.0359233
-13.2107 65.3156 -1.95368 -0.26006 -0.964697 0.041579
-14.4128 65.6269 -2.12412 -0.252504 -0.96663 0.0432303
-15.6191 65.9322 -2.39035 -0.255358 -0.965931 0.0420751
-16.4713 66.1491 -2.57061 -0.253429 -0.966402 0.0429052
-17.4369 66.385 -2.896 -0.25064 -0.967702 0.0270581
-18.2894 66.5958 -3.27397 -0.255389 -0.966541 0.0233899
-19.3419 66.8675 -3.80547 -0.259925 -0.965436 0.0192888
-20.5419 67.1686 -4.46548 -0.247523 -0.968637 0.0217809
-21.4464 67.3934 -5.00748 -0.246485 -0.969083 0.00941691
-22.5266 67.6556 -5.78262 -0.240351 -0.970666 0.0016974
-23.5134 67.9103 -6.73548 -0.248939 -0.968498 -0.00642274
-24.259 68.1223 -7.89199 -0.257201 -0.966031 -0.02376
-24.6847 68.271 -9.02961 -0.265113 -0.963754 -0.0295039
-24.9663 68.3908 -10.2179 -0.268701 -0.962724 -0.0307824
-25.0938 68.4804 -11.6856 -0.275589 -0.960599 -0.0360593
-24.9743 68.4847 -12.5792 -0.276328 -0.960132 -0.0423095
-24.3756 68.3763 -14.0682 -0.282359 -0.958213 -0.0457679
-23.8855 68.2716 -14.8897 -0.284107 -0.957506 -0.04961
-22.9479 68.0471 -16.033 -0.293785 -0.954482 -0.0515196
-22.2036 67.858 -16.7455 -0.29734 -0.953279 -0.053167
-21.2911 67.6205 -17.6073 -0.299602 -0.952299 -0.0580145
-20.579 67.4371 -18.3498 -0.306244 -0.950319 -0.0557515
-19.9537 67.278 -19.0988 -0.314471 -0.947649 -0.055396
-18.9712 67.014 -20.1297 -0.320547 -0.945586 -0.0554012
-18.2131 66.7985 -20.8879 -0.330918 -0.941321 -0.0663871
-17.368 66.5505 -21.6546 -0.336505 -0.939712 -0.0608663
-16.627 66.3163 -22.1763 -0.346056 -0.936675 -0.0537095
-15.7886 66.0381 -22.7262 -0.345828 -0.936765 -0.0536062
-14.6486 65.6382 -23.3865 -0.357353 -0.932931 -0.0440337
-13.6266 65.2477 -23.8141 -0.386117 -0.921278 -0.0442297
-12.6235 64.8315 -24.1202 -0.403004 -0.914679 -0.0257488
-11.3481 64.2384 -24.4733 -0.437384 -0.899037 -0.0206937
-10.4281 63.7716 -24.5009 -0.467958 -0.88361 -0.0157445
-9.33507 63.1904 -24.3657 -0.488503 -0.872345 0.0194672
-8.1772 62.5483 -24.0236 -0.520678 -0.849295 0.0871334
-7.52854 62.1746 -23.7897 -0.490866 -0.86324 0.110603
-7.44534 62.0523 -24.7651 -0.546096 -0.835504 0.0496778
-6.72842 61.6093 -24.4493 -0.520718 -0.845708 0.116752
-5.67525 61.0296 -23.9513 -0.546892 -0.823026 0.146475
-4.89188 60.6089 -23.6736 -0.531639 -0.752995 0.38776
-3.68203 60.0004 -23.0798 -0.568538 -0.692947 0.435772
-2.86004 59.7467 -22.5388 -0.541549 -0.668934 0.509169
-2.07448 59.5716 -22.1094 -0.378018 -0.673407 0.635316
-1.06138 59.5222 -21.5624 -0.376635 -0.649843 0.660108
0.178197 59.7345 -20.7351 -0.247699 -0.642536 0.722383
1.3852 59.966 -20.2285 -0.177588 -0.647734 0.74088
2.3199 60.1367 -20.0295 -0.0159801 -0.669796 0.742373
3.20544 60.2796 -20.0498 0.220222 -0.707917 0.671086
4.10176 60.4222 -20.2512 0.315932 -0.70536 0.634551
5.18412 60.5969 -20.6421 0.334763 -0.77086 0.541949
6.00015 60.7756 -21.0073 0.559522 -0.760086 0.33046
6.87414 61.0604 -21.5997 0.404923 -0.882301 0.239964
7.79105 61.3428 -22.1883 0.464927 -0.86473 0.179282
8.50423 61.6613 -22.8124 0.499798 -0.847766 0.17028
9.21673 62.0048 -23.4996 0.516557 -0.849386 0.0986974
9.97639 62.4092 -24.1754 0.501305 -0.865142 0.0149328
11.0208 62.9995 -24.8382 0.497478 -0.867338 0.0155144
11.8343 63.5009 -25.1558 0.460063 -0.885102 -0.0702603
12.8923 64.063 -25.4057 0.452976 -0.889952 -0.0527339
14.1305 64.705 -25.5001 0.458877 -0.886671 -0.0567042
15.3316 65.3065 -25.5172 0.443922 -0.891689 -0.0884539
16.2069 65.6964 -25.3378 0.40786 -0.907827 -0.0971492
17.199 66.1116 -25.1291 0.400321 -0.911448 -0.0948973
18.1917 66.5046 -24.8332 0.388995 -0.916327 -0.0950102
19.1588 66.8759 -24.4998 0.384171 -0.917891 -0.0994448
20.1439 67.249 -24.1671 0.378242 -0.919783 -0.10456
21.1826 67.626 -23.7752 0.367686 -0.925254 -0.0930971
21.9523 67.8928 -23.3398 0.369984 -0.924991 -0.0866262
22.9477 68.2441 -22.8144 0.371895 -0.924464 -0.0840263
24.0053 68.6074 -22.1745 0.368472 -0.926362 -0.0779881
24.7753 68.8714 -21.5779 0.378215 -0.92303 -0.0704862
25.547 69.1238 -20.7723 0.376031 -0.923728 -0.0729831
26.4009 69.394 -19.8523 0.359199 -0.931553 -0.0564296
26.9647 69.5721 -19.186 0.361525 -0.930837 -0.0533058
27.4276 69.7053 -18.3725 0.358082 -0.932171 -0.0531002
27.9928 69.8661 -17.3437 0.342382 -0.938798 -0.0378505
28.4339 69.9927 -16.4232 0.341632 -0.939412 -0.0281641
28.8227 70.0881 -14.7679 0.342293 -0.939376 -0.0191483
28.8544 70.0859 -13.7937 0.343152 -0.939224 -0.00848725
28.7021 70.0235 -12.4352 0.346787 -0.937932 -0.00481831
28.4258 69.919 -11.3731 0.340761 -0.94015 0.000823106
27.9939 69.7714 -10.2516 0.333473 -0.942573 0.0172585
27.5628 69.64 -9.41944 0.323268 -0.945261 0.0397701
26.9438 69.4742 -8.48665 0.343543 -0.937993 0.0463303
26.4557 69.3422 -7.70692 0.346316 -0.936384 0.057002
25.7666 69.1484 -6.77835 0.342199 -0.937584 0.0619287
25.0775 68.9504 -6.00371 0.332902 -0.940579 0.0669949
24.4652 68.7827 -5.31507 0.333499 -0.939628 0.076115
23.6479 68.5749 -4.42519 0.340012 -0.935905 0.0920497
22.9406 68.3759 -3.80306 0.342036 -0.934678 0.09689
22.1728 68.162 -3.16062 0.345195 -0.933044 0.101328
21.3835 67.93 -2.60281 0.347322 -0.93225 0.101371
20.2379 67.5434 -2.19734 0.350078 -0.931642 0.0974108
18.7862 67.0585 -1.70268 0.344967 -0.932676 0.105376
17.5658 66.6262 -1.42015 0.359647 -0.927873 0.0985161
16.2725 66.1267 -1.33487 0.366209 -0.927671 0.0729147
14.9607 65.5953 -1.45561 0.370553 -0.925803 0.0746936
14.1249 65.2498 -1.5452 0.384061 -0.920024 0.0778024
12.9642 64.7492 -1.63235 0.400344 -0.915147 0.0455196
12.0191 64.337 -1.81242 0.410065 -0.911346 0.0310355
10.9851 63.8473 -1.95076 0.423772 -0.905491 0.0224545
10.0451 63.3808 -2.17127 0.476727 -0.878092 0.00029201
8.97767 62.8133 -2.55378 0.465252 -0.883283 -0.0578959
7.63736 62.1347 -2.92124 0.43763 -0.88893 -0.135218
6.83451 61.6567 -3.07063 0.411429 -0.858382 -0.306441
6.03142 61.2812 -3.05291 0.367794 -0.880787 -0.298232
5.13315 60.7013 -3.03857 0.399346 -0.737755 -0.529256
4.20072 60.2615 -2.81709 0.180055 -0.826297 -0.53368
3.25836 59.9246 -2.66354 0.112121 -0.754081 -0.645008
2.35163 59.7646 -2.56481 0.0219637 -0.774212 -0.630363
1.33114 59.8892 -2.69214 -0.0231635 -0.793322 -0.608362
0.414862 60.2051 -2.86514 -0.138356 -0.861943 -0.487762
-0.514154 60.6145 -3.04363 -0.365599 -0.818844 -0.44253
-1.36123 61.139 -3.12474 -0.507224 -0.825936 -0.246075
-2.26875 61.641 -3.09922 -0.452827 -0.879005 -0.147668
-3.28941 62.1327 -2.87174 -0.418315 -0.90565 -0.0693676
-4.13373 62.5153 -2.55712 -0.408908 -0.910999 -0.0323652
-5.44254 63.0011 -2.00635 -0.333759 -0.94125 -0.0497123
-6.2454 63.2585 -1.68994 -0.33366 -0.941918 -0.0337951
-7.04976 63.5435 -1.35849 -0.308782 -0.951122 -0.00461428
-8.45383 64.0173 -0.917905 -0.308831 -0.950532 0.0218648
-9.3123 64.2807 -0.749254 -0.292516 -0.955559 0.0360674
-10.6199 64.6642 -0.738332 -0.270014 -0.961429 0.0524135
-11.8918 65.0119 -0.783172 -0.268004 -0.962639 0.0375926
-12.8853 65.2838 -0.787073 -0.260678 -0.964296 0.0465687
-13.7433 65.501 -1.02673 -0.272205 -0.960138 0.0602834
-14.6427 65.7282 -1.15508 -0.250364 -0.967324 0.0400353
-15.9894 66.0717 -1.42728 -0.257984 -0.965413 0.0377247
-16.9192 66.3098 -1.59714 -0.245964 -0.968325 0.0422911
-17.9646 66.5399 -2.04323 -0.234737 -0.971692 0.0205676
-18.8974 66.7741 -2.49172 -0.254417 -0.966967 0.0142068
-19.8898 67.0299 -2.96909 -0.256208 -0.966509 0.0147431
-21.107 67.3259 -3.68791 -0.242581 -0.969999 0.0159892
-22.2103 67.5903 -4.36227 -0.242718 -0.970016 0.0125468
-22.9333 67.7573 -4.88087 -0.228095 -0.973631 -0.00392181
-23.6969 67.9411 -5.53658 -0.234162 -0.972095 -0.0124065
-24.3157 68.1042 -6.20343 -0.240303 -0.970458 -0.0209073
-24.9756 68.295 -7.2034 -0.245085 -0.969212 -0.0236939
-25.3804 68.4331 -8.0693 -0.267092 -0.963199 -0.0301504
-25.6956 68.5539 -9.05176 -0.269696 -0.962333 -0.0343365
-25.9767 68.6808 -10.4604 -0.268284 -0.962675 -0.0356056
-26.0245 68.7592 -11.9493 -0.275239 -0.960351 -0.0443109
-25.8506 68.7488 -12.8503 -0.276376 -0.960117 -0.0423299
-25.5887 68.7128 -13.7553 -0.27397 -0.960685 -0.044839
-25.0403 68.6144 -14.8909 -0.278047 -0.95936 -0.0477277
-24.391 68.4743 -15.8584 -0.287026 -0.956484 -0.0524494
-23.7248 68.3128 -16.5841 -0.287059 -0.956577 -0.0505619
-22.6966 68.0579 -17.5518 -0.296887 -0.953085 -0.0590463
-21.7014 67.8078 -18.5094 -0.302939 -0.950988 -0.062054
-21.0172 67.6489 -19.4137 -0.311296 -0.948076 -0.0651353
-20.2803 67.4641 -20.2134 -0.316326 -0.946324 -0.0661214
-19.634 67.2987 -20.899 -0.322418 -0.943507 -0.0764237
-18.6107 67.0039 -21.8124 -0.333059 -0.940557 -0.0665129
-17.9443 66.8092 -22.399 -0.341554 -0.936887 -0.0747229
-16.9108 66.4825 -23.1073 -0.35001 -0.934335 -0.0671585
-16.1426 66.2283 -23.5793 -0.35052 -0.934134 -0.0672998
-15.4126 65.9754 -24.0453 -0.368868 -0.927566 -0.0596431
-14.3076 65.5646 -24.6502 -0.377264 -0.924796 -0.0490036
-13.5044 65.245 -24.9366 -0.399069 -0.915993 -0.0412371
-12.3972 64.7611 -25.2354 -0.421002 -0.906246 -0.0384162
-11.4948 64.3345 -25.4223 -0.453973 -0.890194 -0.0382638
-10.6512 63.9081 -25.5115 -0.457844 -0.888394 -0.0329867
-9.52128 63.296 -25.4465 -0.475934 -0.879467 -0.00501237
-8.30196 62.5625 -25.05 -0.53266 -0.845814 0.0223135
-8.30022 62.5615 -25.0494 -0.519836 -0.853568 0.0345262
-7.65423 62.1764 -24.8429 -0.519836 -0.853568 0.0345286
