21.4383 69.5758 -10.0969 0.359037 -0.932818 0.0305222
21.8755 69.7278 -10.8755 0.361819 -0.932054 0.0190369
22.2534 69.8584 -11.826 0.360725 -0.932628 0.00892486
22.4997 69.9431 -12.7999 0.359237 -0.933196 0.00965213
22.6813 70.0135 -13.8417 0.363018 -0.931778 0.00156828
22.6366 70.0191 -15.2685 0.375041 -0.926812 -0.0190736
22.246 69.8908 -16.3029 0.378156 -0.925264 -0.0297362
21.7542 69.7316 -17.2629 0.375335 -0.926042 -0.0396062
21.1539 69.5213 -17.9845 0.375585 -0.925566 -0.0475675
20.4643 69.2818 -18.7337 0.372517 -0.926625 -0.0508995
19.693 69.0111 -19.4498 0.380239 -0.923527 -0.0501621
18.9924 68.7535 -19.9611 0.376957 -0.924367 -0.0587113
17.7594 68.2924 -20.6107 0.380877 -0.922905 -0.0562198
16.8993 67.9557 -20.9845 0.38563 -0.92108 -0.0538378
16.0471 67.6178 -21.3198 0.385533 -0.921227 -0.0520059
15.0646 67.214 -21.6745 0.397426 -0.916773 -0.0397378
13.9166 66.7373 -22.0143 0.395019 -0.91858 -0.0101243
12.5791 66.1483 -22.2884 0.398077 -0.916981 0.0163883
11.5992 65.7161 -22.3846 0.422798 -0.905568 0.0344626
10.7603 65.3228 -22.348 0.450301 -0.887872 0.0938435
9.93144 64.9518 -22.1732 0.427121 -0.892584 0.144435
9.08344 64.5979 -21.971 0.386592 -0.907514 0.163082
8.18485 64.2692 -21.8289 0.299894 -0.92971 0.21378
7.09228 63.9096 -21.7325 0.339048 -0.910619 0.23626
5.72794 63.4719 -21.7605 0.280707 -0.898869 0.335229
4.38776 63.0056 -22.0024 0.288861 -0.862843 0.406163
3.25402 62.5056 -22.3839 0.174284 -0.826302 0.535584
2.23013 62.0345 -22.8239 0.0823173 -0.775793 0.621318
0.993023 61.5883 -23.1819 0.0369402 -0.75391 0.655938
-0.144831 61.4878 -23.4031 -0.158125 -0.783569 0.600846
-1.02233 61.8861 -23.1179 -0.163376 -0.781081 0.602678
-1.7627 62.3336 -22.7452 -0.295557 -0.766231 0.566346
-2.70203 62.8523 -22.307 -0.221237 -0.86782 0.443615
-3.62654 63.2958 -21.9451 -0.321125 -0.874363 0.363607
-4.92777 63.7992 -21.7846 -0.28921 -0.923772 0.250546
-6.26529 64.3025 -21.7918 -0.368946 -0.907485 0.200875
-7.65101 64.8356 -21.8959 -0.39019 -0.908662 0.148611
-8.98347 65.3734 -21.9257 -0.395305 -0.913696 0.0943057
-10.1658 65.8613 -21.7994 -0.376357 -0.92414 0.065727
-11.1858 66.2662 -21.6091 -0.357231 -0.933048 0.0425092
-12.1143 66.6286 -21.3297 -0.337705 -0.941086 0.0176553
-13.2429 67.0473 -20.7895 -0.341028 -0.940009 -0.00127698
-14.0803 67.3446 -20.163 -0.333033 -0.942905 0.00431866
-14.9814 67.6476 -19.335 -0.325407 -0.945545 -0.0068229
-15.6738 67.873 -18.5579 -0.315197 -0.94901 -0.00565508
-16.2043 68.029 -17.8212 -0.302395 -0.952963 -0.0204771
-16.9887 68.2534 -16.5962 -0.301902 -0.953179 -0.0174454
-17.582 68.4243 -15.6789 -0.30176 -0.953218 -0.0177947
-18.1805 68.5919 -14.6523 -0.296704 -0.954761 -0.0196621
-18.7416 68.7478 -13.6107 -0.295832 -0.955121 -0.0150501
-19.1874 68.8733 -12.8177 -0.293418 -0.955833 -0.0168483
-19.5791 68.9805 -11.8864 -0.289667 -0.957066 -0.0108696
-19.6847 68.9969 -10.55 -0.286938 -0.957897 -0.0100295
-19.3052 68.8778 -9.36045 -0.278135 -0.960539 -0.00108609
-18.542 68.6584 -8.37337 -0.274046 -0.961703 0.00362584
-17.2635 68.3052 -7.39297 -0.271483 -0.962417 0.00673038
-16.2778 68.0341 -6.60945 -0.269192 -0.963009 0.0121915
-15.4003 67.7961 -5.93579 -0.272374 -0.962105 0.0128995
-14.2579 67.4859 -5.25018 -0.266931 -0.963597 0.0151156
-13.294 67.2265 -4.8543 -0.258261 -0.96601 0.0102369
-12.2982 66.9643 -4.64083 -0.258493 -0.965991 0.00595015
-11.135 66.6503 -4.39106 -0.258136 -0.966093 0.00388899
-10.0363 66.3648 -4.25075 -0.248799 -0.968545 -0.0042152
-8.97914 66.0883 -4.30457 -0.256433 -0.966479 -0.0126735
-7.6888 65.7544 -4.57331 -0.253354 -0.966951 -0.0284494
-6.43093 65.4298 -4.86849 -0.251083 -0.967306 -0.034854
-5.50093 65.1886 -5.04848 -0.261541 -0.964143 -0.0449954
-4.57829 64.954 -5.14206 -0.244054 -0.965164 -0.0898682
-3.46691 64.654 -5.15552 -0.260269 -0.958942 -0.112653
-2.16741 64.302 -4.94568 -0.221063 -0.965209 -0.135895
-0.917071 63.9928 -4.64885 -0.187738 -0.95899 -0.212351
-0.0485843 63.8249 -4.36736 -0.113856 -0.974878 -0.191441
1.45999 63.5787 -3.79567 -0.054537 -0.974788 -0.216365
2.42728 63.5247 -3.69858 0.0668004 -0.973011 -0.220437
3.40571 63.6393 -3.87146 0.0768333 -0.974487 -0.210885
4.60628 63.865 -4.28462 0.162613 -0.968403 -0.188666
5.45 64.0707 -4.55388 0.181486 -0.96457 -0.191278
6.31345 64.3089 -4.78063 0.223136 -0.952966 -0.205099
7.27505 64.6203 -4.95696 0.302163 -0.943804 -0.132558
8.17487 64.9206 -5.08864 0.319777 -0.942213 -0.0960536
9.16044 65.285 -5.17796 0.339539 -0.93738 -0.077668
10.3546 65.7199 -5.22324 0.355813 -0.932939 -0.054968
11.3371 66.0639 -5.2201 0.335811 -0.9419 -0.00740931
12.2407 66.3861 -5.18598 0.348226 -0.937333 0.00122656
13.1652 66.7261 -5.11987 0.342675 -0.939237 0.0202031
14.2744 67.1406 -5.09465 0.346687 -0.937252 0.0369811
15.3976 67.555 -5.16941 0.347669 -0.936728 0.0406596
16.5778 67.976 -5.45238 0.348388 -0.936285 0.0444837
17.3894 68.2587 -5.81872 0.346362 -0.937014 0.0451515
18.3674 68.5869 -6.43008 0.345117 -0.937211 0.0500993
19.0641 68.8187 -6.95275 0.350277 -0.935378 0.0487144
19.9873 69.1194 -7.84654 0.352057 -0.934694 0.049016
20.7819 69.3628 -8.93618 0.358838 -0.932486 0.0405742
21.1646 69.4884 -9.5744 0.361074 -0.931945 0.0332159
22.0354 69.8408 -9.20314 0.36575 -0.930152 0.0323261
21.4279 69.6481 -8.18964 0.359478 -0.931744 0.0510825
20.8346 69.4646 -7.36802 0.359692 -0.931539 0.0533312
19.9616 69.1842 -6.44666 0.355523 -0.932964 0.0563495
18.9999 68.8681 -5.67592 0.353707 -0.933502 0.0588723
17.976 68.5174 -5.02965 0.348439 -0.935918 0.0514527
16.758 68.0919 -4.47682 0.352037 -0.934853 0.0460326
15.379 67.5888 -4.17552 0.350602 -0.935738 0.0383861
13.9571 67.0507 -4.11964 0.35907 -0.932961 0.0255527
12.6392 66.5438 -4.1826 0.359159 -0.933268 0.00401997
11.4908 66.116 -4.26181 0.352427 -0.935314 -0.0196918
10.1374 65.5869 -4.25926 0.360086 -0.932116 -0.038694
9.21922 65.2197 -4.25353 0.361877 -0.927328 -0.0912901
8.26564 64.8536 -4.15581 0.345915 -0.93135 -0.113713
7.2162 64.4484 -4.00472 0.315678 -0.936068 -0.154859
6.32402 64.1049 -3.82149 0.274621 -0.942436 -0.181934
5.10948 63.7889 -3.4565 0.202786 -0.957084 -0.206257
4.27972 63.5791 -3.14866 0.143383 -0.958733 -0.245506
3.41422 63.3971 -2.84446 0.0935432 -0.967427 -0.234634
2.48376 63.2765 -2.64561 0.0297069 -0.973651 -0.2261
1.47176 63.265 -2.72883 -0.000904416 -0.966217 -0.254243
0.250443 63.5163 -3.22013 -0.12238 -0.960329 -0.250582
-0.966925 63.7871 -3.67107 -0.16763 -0.959784 -0.218013
-2.05247 64.1047 -3.96224 -0.235031 -0.957686 -0.166125
-2.91889 64.3649 -4.11097 -0.266427 -0.948466 -0.171546
-4.11251 64.7271 -4.19144 -0.272935 -0.958008 -0.0879007
-5.30241 65.0728 -4.11019 -0.29474 -0.95172 -0.0857725
-6.15561 65.303 -3.93955 -0.284247 -0.957258 -0.0534934
-7.32162 65.6238 -3.65408 -0.270201 -0.962422 -0.0270981
-8.46257 65.9335 -3.38677 -0.265272 -0.963818 -0.0261857
-9.58065 66.2363 -3.27653 -0.258335 -0.966028 -0.00721893
-10.7029 66.5378 -3.34406 -0.259781 -0.96564 -0.00734432
-11.8791 66.8578 -3.53374 -0.268124 -0.96332 0.0111362
-13.009 67.1652 -3.76209 -0.260941 -0.96527 0.0128125
-14.1743 67.48 -4.13448 -0.274122 -0.961175 0.0316319
-15.4592 67.8289 -4.82411 -0.271808 -0.962236 0.0149069
-16.5995 68.1375 -5.65561 -0.272289 -0.962061 0.0167472
-17.2878 68.3234 -6.20628 -0.271577 -0.962196 0.0202271
-18.137 68.5544 -6.82269 -0.272044 -0.962222 0.0110172
-19.1449 68.8349 -7.58194 -0.276498 -0.961012 0.00214213
-19.9288 69.059 -8.468 -0.276406 -0.961041 0.000481384
-20.4802 69.2227 -9.50251 -0.284684 -0.958579 -0.00832352
-20.7163 69.3081 -10.7516 -0.286015 -0.958163 -0.0108382
-20.6584 69.3031 -11.6782 -0.291917 -0.956336 -0.0143694
-20.2081 69.1869 -12.9106 -0.294933 -0.955316 -0.0196241
-19.6609 69.0383 -13.8992 -0.301824 -0.952993 -0.0265667
-19.202 68.9141 -14.7225 -0.303442 -0.952577 -0.0228075
-18.6771 68.7697 -15.6734 -0.302722 -0.95282 -0.0217478
-18.0249 68.5902 -16.7245 -0.306483 -0.951486 -0.0271716
-17.2711 68.3774 -17.9134 -0.30875 -0.950824 -0.024634
-16.7126 68.2159 -18.814 -0.312188 -0.94969 -0.0249312
-16.0788 68.0217 -19.6294 -0.31829 -0.947837 -0.0172209
-15.4498 67.8179 -20.2523 -0.328048 -0.944628 -0.00789565
-14.6406 67.5465 -20.9353 -0.334886 -0.942084 -0.0162667
-13.7 67.2145 -21.6503 -0.341876 -0.939642 -0.0138744
-12.6776 66.8326 -22.1735 -0.34865 -0.937247 0.00326078
-11.8056 66.485 -22.4864 -0.366521 -0.93022 0.0186546
-10.484 65.9349 -22.7333 -0.391441 -0.918934 0.0483236
-9.18451 65.36 -22.8899 -0.404763 -0.909816 0.0909559
-7.89775 64.7815 -22.8707 -0.411012 -0.900304 0.141217
-6.8971 64.3648 -22.7914 -0.419659 -0.89045 0.171293
-5.71592 63.8643 -22.6894 -0.368845 -0.898165 0.239275
-4.62152 63.3655 -22.7146 -0.373109 -0.876514 0.304159
-3.71134 62.9418 -22.8776 -0.324546 -0.852636 0.405973
-2.96163 62.4901 -23.141 -0.29565 -0.842015 0.448807
-2.14182 61.8841 -23.568 -0.359236 -0.739335 0.569503
-1.21997 61.1859 -24.0116 -0.278165 -0.671159 0.686897
0.0599932 60.6309 -24.1688 -0.136096 -0.656933 0.741384
0.938827 60.7449 -23.9215 -0.0379619 -0.621012 0.776294
1.81938 61.0887 -23.7267 0.0998014 -0.587505 0.801049
2.90632 61.6438 -23.4409 0.172577 -0.756995 0.630184
3.81737 62.1985 -23.1164 0.269862 -0.802533 0.527842
4.62474 62.6068 -22.8633 0.324771 -0.820887 0.469753
5.55452 63.067 -22.7018 0.288867 -0.862841 0.406161
6.49415 63.4124 -22.6605 0.31632 -0.895845 0.312095
7.46535 63.7786 -22.6665 0.34559 -0.885366 0.310957
8.82667 64.3372 -22.8708 0.436531 -0.861433 0.259564
9.70272 64.6923 -23.1007 0.443285 -0.887882 0.119381
10.8442 65.2589 -23.3549 0.450304 -0.887869 0.0938527
11.7282 65.7127 -23.3729 0.473367 -0.879905 0.0411066
12.7372 66.2108 -23.2711 0.421904 -0.905823 0.0385014
13.6373 66.619 -23.0945 0.408864 -0.912326 -0.0136743
14.5866 67.052 -22.8293 0.420711 -0.906843 -0.0252537
15.4714 67.427 -22.5332 0.403733 -0.913993 -0.0395214
16.6165 67.9007 -22.1077 0.396249 -0.916469 -0.0554077
17.8526 68.3925 -21.6011 0.387693 -0.919606 -0.0632967
18.7008 68.7165 -21.2146 0.382246 -0.921527 -0.0683785
19.611 69.0542 -20.684 0.381111 -0.922389 -0.0628694
20.4137 69.3434 -20.0829 0.377808 -0.923746 -0.0628841
21.2135 69.6165 -19.2802 0.377141 -0.924051 -0.0624023
22.1424 69.9415 -18.3149 0.37868 -0.9242 -0.0495462
22.841 70.1757 -17.2921 0.379954 -0.923852 -0.046179
23.2828 70.3142 -16.3204 0.376547 -0.925915 -0.0299045
23.5951 70.4118 -15.3058 0.379307 -0.924953 -0.0242324
23.6687 70.4195 -14.3366 0.375769 -0.92651 -0.0194275
23.5475 70.3569 -13.21 0.373787 -0.927504 -0.00446825
23.3558 70.2803 -12.2947 0.367323 -0.930001 0.0125551
23.1023 70.1963 -11.359 0.36295 -0.931486 0.024521
22.7643 70.0863 -10.5026 0.367046 -0.929852 0.025351
22.271 69.9178 -9.65508 0.365755 -0.93015 0.0323257
23.146 70.2749 -9.30874 0.368277 -0.929062 0.034824
23.6956 70.4565 -10.306 0.363593 -0.931163 0.027066
24.0769 70.5819 -11.2768 0.372732 -0.927741 0.0186918
24.3715 70.6842 -12.4077 0.371853 -0.92825 0.00302327
24.5702 70.7719 -13.6758 0.375706 -0.926669 -0.0104078
24.6063 70.8095 -14.9867 0.371807 -0.928043 -0.0219039
24.3277 70.7384 -16.2575 0.376398 -0.925772 -0.0355774
23.9009 70.6056 -17.278 0.377793 -0.924912 -0.0421237
23.4186 70.4605 -18.2175 0.378668 -0.924145 -0.0506235
22.7759 70.2421 -19.0446 0.381174 -0.922485 -0.0610435
22.0677 69.9964 -19.7565 0.377624 -0.923967 -0.060661
21.329 69.7491 -20.5304 0.378478 -0.92301 -0.0693344
20.3847 69.4175 -21.3117 0.380991 -0.921613 -0.0738922
19.436 69.0702 -21.889 0.381727 -0.921379 -0.0729184
18.512 68.7199 -22.3584 0.384509 -0.920943 -0.0633753
17.1653 68.1848 -22.9036 0.394822 -0.917098 -0.0552019
16.2437 67.808 -23.2476 0.403346 -0.913653 -0.0497943
14.9695 67.2582 -23.7142 0.417255 -0.907924 -0.0384313
13.9992 66.8166 -24.0226 0.430258 -0.902355 -0.0203212
13.1283 66.3897 -24.201 0.447827 -0.894049 -0.011287
12.1106 65.8733 -24.3384 0.48333 -0.874328 0.0410832
10.9997 65.2553 -24.3703 0.480959 -0.874156 0.0673091
10.2116 64.7995 -24.2254 0.489811 -0.864787 0.103654
8.91824 64.108 -23.8296 0.521039 -0.842231 0.138438
7.85484 63.6423 -23.6339 0.381564 -0.886335 0.262335
6.83969 63.1924 -23.5582 0.439741 -0.772113 0.458146
6.02146 62.7837 -23.5263 0.400589 -0.7731 0.491777
5.04021 62.2836 -23.6626 0.315992 -0.751376 0.57167
4.09312 61.578 -23.8522 0.41289 -0.641922 0.646109
3.27635 60.9979 -24.1023 0.18537 -0.606067 0.773512
2.2007 60.392 -24.2949 0.0258425 -0.415889 0.909048
0.908968 59.8748 -24.5729 -0.116748 -0.375491 0.919444
-0.252525 59.7697 -24.8212 -0.247267 -0.445742 0.859759
-1.28153 60.2637 -24.8298 -0.214807 -0.527906 0.821689
-1.95456 60.8786 -24.6437 -0.336806 -0.68006 0.651215
-2.5702 61.5048 -24.3805 -0.410952 -0.75755 0.507184
-3.22097 62.1336 -24.0011 -0.462671 -0.749159 0.473478
-4.0253 62.6987 -23.7168 -0.415942 -0.830693 0.370055
-4.91169 63.1867 -23.5858 -0.402511 -0.865648 0.295952
-6.10667 63.7684 -23.6516 -0.400382 -0.876472 0.263513
-7.54626 64.4785 -23.791 -0.419655 -0.89045 0.171299
-8.53313 64.949 -23.8717 -0.439645 -0.892563 0.100217
-9.45683 65.3995 -23.8534 -0.41636 -0.906512 0.0698626
-10.5637 65.9223 -23.7112 -0.408506 -0.911045 0.0512329
-11.527 66.3417 -23.5539 -0.397335 -0.916991 0.0351774
-12.5904 66.7881 -23.2886 -0.372066 -0.928205 0.00170985
-13.3994 67.109 -22.9228 -0.362152 -0.932021 -0.013518
-14.4278 67.4888 -22.2813 -0.34181 -0.93966 -0.0143182
-15.5547 67.8755 -21.3935 -0.340749 -0.939584 -0.032726
-16.313 68.1272 -20.7766 -0.331179 -0.942903 -0.0353775
-17.174 68.3976 -19.8404 -0.317391 -0.948001 -0.0225629
-17.8337 68.5907 -18.8351 -0.323631 -0.945543 -0.0342993
-18.3301 68.7278 -17.9651 -0.319447 -0.947107 -0.0307047
-18.8 68.8568 -17.2002 -0.313938 -0.948744 -0.0364288
-19.3646 69.0107 -16.3439 -0.312508 -0.949389 -0.031126
-19.9589 69.1722 -15.3038 -0.307546 -0.950997 -0.0319558
-20.6059 69.3409 -14.1352 -0.295057 -0.955056 -0.0284406
-21.0792 69.4636 -13.2886 -0.294004 -0.955586 -0.0203725
-21.5722 69.5883 -12.0939 -0.292489 -0.956098 -0.0177504
-21.7084 69.6062 -10.9271 -0.285503 -0.958167 -0.0201247
-21.6279 69.5698 -10.0264 -0.283851 -0.958805 -0.0110507
-21.2509 69.4459 -8.70013 -0.276558 -0.960948 -0.00973211
-20.3904 69.1933 -7.47508 -0.276055 -0.96114 0.00208613
-19.4257 68.9229 -6.55087 -0.273499 -0.961813 0.0106669
-18.4872 68.6643 -5.86895 -0.269956 -0.962725 0.0159992
-17.4817 68.4004 -5.14762 -0.271577 -0.962196 0.0202271
-16.3928 68.1153 -4.29114 -0.27167 -0.96191 0.0303936
-15.3674 67.84 -3.64921 -0.278226 -0.959944 0.0331402
-14.4029 67.5765 -3.18347 -0.276176 -0.960559 0.032392
-13.5586 67.3402 -2.89572 -0.278818 -0.95991 0.0288786
-12.6689 67.0876 -2.68532 -0.281556 -0.959326 0.019778
-11.6123 66.7919 -2.4943 -0.270161 -0.962795 0.00622625
-10.7325 66.5469 -2.37035 -0.268444 -0.963275 0.00621879
-9.68356 66.2524 -2.29673 -0.271879 -0.962324 0.00379576
-8.70844 65.9828 -2.34527 -0.275066 -0.961126 -0.0224342
-7.48671 65.6311 -2.61356 -0.286286 -0.95769 -0.0294917
-6.42503 65.3297 -2.89154 -0.29602 -0.953314 -0.0574351
-5.45931 65.0353 -3.09327 -0.298615 -0.951816 -0.0698322
-4.09462 64.6086 -3.23772 -0.310345 -0.941261 -0.133095
-2.98275 64.2417 -3.16665 -0.305465 -0.93924 -0.15462
-2.03065 63.9137 -2.99705 -0.267723 -0.94822 -0.17089
-1.00715 63.6072 -2.69847 -0.214243 -0.958869 -0.186202
-0.0782291 63.3131 -2.3199 -0.157511 -0.950003 -0.265786
0.715475 63.0983 -1.93783 -0.0940227 -0.958517 -0.266986
1.6544 62.9974 -1.6748 0.0434727 -0.963119 -0.265543
2.84775 63.036 -1.67243 0.0764659 -0.943798 -0.314012
3.7724 63.217 -1.92355 0.101486 -0.957178 -0.271127
5.04783 63.5448 -2.44209 0.217199 -0.95196 -0.215861
5.97299 63.8173 -2.76801 0.22808 -0.955526 -0.181968
7.0411 64.1899 -3.02509 0.362909 -0.913526 -0.177503
7.86973 64.5633 -3.15537 0.358622 -0.922649 -0.14181
8.89697 65.0132 -3.25359 0.388671 -0.91627 -0.0929446
10.0313 65.4804 -3.27408 0.380556 -0.922165 -0.0692051
10.9172 65.8544 -3.26868 0.386186 -0.921845 -0.027054
11.949 66.2712 -3.2636 0.375737 -0.926619 -0.0140647
12.976 66.6823 -3.18251 0.367609 -0.92987 0.0115358
13.8147 67.0222 -3.15774 0.367141 -0.929896 0.0198144
14.873 67.4355 -3.16271 0.365717 -0.930255 0.0295968
15.978 67.8571 -3.27299 0.361678 -0.931127 0.0468151
17.1916 68.306 -3.59456 0.350767 -0.934922 0.0535898
18.2905 68.6867 -4.08019 0.348108 -0.935993 0.0523085
19.0578 68.9559 -4.5109 0.357833 -0.932445 0.050022
20.3401 69.3883 -5.48896 0.354526 -0.933195 0.0588028
21.005 69.6018 -6.12141 0.359692 -0.931539 0.0533313
21.8461 69.8719 -7.14282 0.362615 -0.930402 0.0534978
22.4775 70.0594 -8.11756 0.360056 -0.931326 0.0546954
22.9744 70.2183 -8.98597 0.367827 -0.929292 0.0334176
23.8458 70.5778 -8.61469 0.372097 -0.927323 0.0395571
23.146 70.3628 -7.43477 0.366421 -0.928523 0.059821
22.3127 70.1107 -6.22057 0.366408 -0.928753 0.0562355
21.7072 69.9179 -5.48548 0.364097 -0.92929 0.0620684
20.6463 69.5731 -4.49084 0.358085 -0.931646 0.0617183
19.8153 69.2954 -3.83786 0.361483 -0.930433 0.0601328
18.6549 68.8955 -3.13428 0.358871 -0.930646 0.0714828
17.8647 68.6169 -2.77705 0.360341 -0.930096 0.0712444
16.7398 68.1982 -2.43454 0.367501 -0.928159 0.058237
15.8329 67.8563 -2.25141 0.370066 -0.927742 0.0472236
14.4649 67.3094 -2.19245 0.375752 -0.926256 0.0260296
13.2576 66.8091 -2.23085 0.382992 -0.923671 0.00813491
12.1159 66.3245 -2.29675 0.3837 -0.92337 -0.00490121
11.1979 65.9345 -2.31564 0.397745 -0.916622 -0.040051
10.2634 65.5255 -2.31053 0.413802 -0.907299 -0.0746738
9.21503 65.0356 -2.3113 0.42813 -0.900264 -0.0789211
8.30132 64.6276 -2.25233 0.401459 -0.90518 -0.136883
7.3005 64.1477 -2.13055 0.401829 -0.901644 -0.159893
6.28005 63.7376 -1.89933 0.262358 -0.946428 -0.188259
5.03546 63.2871 -1.41095 0.208865 -0.948473 -0.23826
4.19068 63.0069 -1.02531 0.154125 -0.953244 -0.253947
3.14636 62.765 -0.705267 0.145389 -0.940091 -0.308368
2.20737 62.6665 -0.592077 0.0282531 -0.936773 -0.346943
0.980748 62.7553 -0.822538 -0.0491635 -0.935451 -0.348459
-0.0723953 63.012 -1.24051 -0.213415 -0.91799 -0.334288
-1.22845 63.422 -1.77327 -0.240261 -0.940524 -0.238293
-2.30728 63.8146 -2.11996 -0.271094 -0.935342 -0.227253
-3.35555 64.21 -2.28129 -0.324615 -0.932378 -0.159047
-4.44466 64.6061 -2.27813 -0.330426 -0.937289 -0.109939
-5.4892 64.973 -2.11675 -0.321323 -0.942397 -0.087818
-6.85484 65.4006 -1.80485 -0.314392 -0.94773 -0.05445
-7.76522 65.6736 -1.52831 -0.307309 -0.95063 -0.0408009
-8.86521 66.0102 -1.33498 -0.286676 -0.957969 -0.010576
-10.0251 66.3527 -1.33314 -0.277126 -0.960785 -0.00341272
-10.9872 66.6234 -1.43272 -0.272442 -0.962141 0.00779036
-12.3909 67.0276 -1.64089 -0.281552 -0.959327 0.0197677
-13.4759 67.3472 -1.86447 -0.282679 -0.958872 0.0250301
-14.702 67.6938 -2.2747 -0.282496 -0.958784 0.0304862
-15.6611 67.958 -2.71555 -0.279663 -0.959466 0.0347913
-16.7906 68.2575 -3.36196 -0.271163 -0.96189 0.0349687
-17.5143 68.4438 -3.93451 -0.272231 -0.961727 0.0311516
-18.7141 68.7511 -4.83306 -0.268881 -0.962906 0.0226811
-19.6682 69.0029 -5.51593 -0.27238 -0.962078 0.0141034
-20.3524 69.1912 -6.09364 -0.27425 -0.961607 0.00995414
-21.2224 69.4334 -6.9632 -0.275452 -0.961312 0.00234637
-21.9138 69.6285 -7.8993 -0.275703 -0.961216 -0.00356299
-22.3899 69.7761 -8.94419 -0.276504 -0.960964 -0.00970413
-22.5916 69.8471 -9.8427 -0.277176 -0.960691 -0.0157066
-22.7213 69.9132 -11.1107 -0.284849 -0.958289 -0.0230633
-22.5948 69.896 -12.0067 -0.289167 -0.956847 -0.028734
-22.0745 69.7753 -13.4246 -0.296909 -0.95449 -0.027718
-21.6112 69.6604 -14.2802 -0.298228 -0.953953 -0.032118
-20.97 69.5007 -15.4047 -0.299146 -0.953426 -0.0386206
-20.3302 69.339 -16.5284 -0.312782 -0.948933 -0.0407851
-19.7462 69.1824 -17.4817 -0.319783 -0.94661 -0.040748
-19.0848 69.0006 -18.5295 -0.321667 -0.946064 -0.0386424
-18.5038 68.846 -19.5512 -0.323622 -0.945546 -0.0342966
-17.9307 68.679 -20.4122 -0.329372 -0.943443 -0.0378123
-17.0992 68.4251 -21.3583 -0.331176 -0.942904 -0.0353821
-16.2641 68.1555 -22.0449 -0.336475 -0.941093 -0.0332912
-15.3387 67.8375 -22.7686 -0.344856 -0.938373 -0.0230187
-14.3991 67.4996 -23.459 -0.355185 -0.934737 -0.0104771
-13.6363 67.2147 -23.8945 -0.367107 -0.930049 -0.00246888
-12.741 66.8465 -24.2831 -0.377324 -0.92605 0.00763699
-11.3157 66.2116 -24.5659 -0.406596 -0.913488 0.0139681
-10.4249 65.7872 -24.7333 -0.423669 -0.904921 0.0402918
-9.61482 65.3841 -24.8256 -0.453788 -0.887652 0.0770181
-8.81012 64.9813 -24.852 -0.460073 -0.882272 0.0972417
-7.828 64.472 -24.7846 -0.492948 -0.85749 0.139573
-7.0254 63.9735 -24.7051 -0.491042 -0.848974 0.186501
-6.00506 63.4234 -24.5423 -0.518075 -0.815917 0.256668
-5.0399 62.8904 -24.4737 -0.498694 -0.792473 0.351129
-4.2465 62.3849 -24.5871 -0.467609 -0.760922 0.449816
-3.55307 61.7915 -24.8607 -0.471769 -0.690472 0.542614
-3.00887 61.1454 -25.171 -0.437975 -0.606535 0.649383
-2.19597 60.0233 -25.4146 -0.371173 -0.47372 0.798636
-1.21574 59.1184 -25.4141 -0.33312 -0.368923 0.860843
-0.0724392 58.795 -25.2145 -0.275045 -0.288817 0.916525
1.21651 58.9653 -24.9045 -0.103625 -0.345723 0.931957
2.3293 59.4473 -24.684 0.0508939 -0.33322 0.941474
3.36427 59.9746 -24.6497 0.282661 -0.444549 0.849988
4.10675 60.6155 -24.6028 0.376268 -0.415776 0.827981
4.87417 61.3773 -24.5096 0.437568 -0.497798 0.748695
5.69474 62.003 -24.3524 0.382445 -0.712146 0.588714
6.83326 62.7064 -24.3711 0.439742 -0.772113 0.458145
7.62544 63.1336 -24.458 0.486773 -0.775208 0.397883
8.48887 63.672 -24.6572 0.569907 -0.780384 0.248992
9.25695 64.1011 -24.9012 0.528002 -0.820333 0.219698
10.0241 64.5902 -25.1804 0.515708 -0.85051 0.103333
11.1306 65.2571 -25.3804 0.523712 -0.849601 0.0564054
12.1365 65.8414 -25.3231 0.48333 -0.874328 0.041083
13.2384 66.4495 -25.1942 0.47467 -0.880008 0.00653563
14.1398 66.9068 -24.9935 0.445502 -0.894925 -0.0252417
15.262 67.431 -24.6379 0.426328 -0.904028 -0.0310713
16.4922 67.9756 -24.1646 0.422654 -0.904492 -0.0570865
17.3835 68.3508 -23.8395 0.402942 -0.912741 -0.0672362
18.1737 68.6711 -23.5288 0.392578 -0.916817 -0.0729962
19.0511 69.0161 -23.1536 0.387307 -0.91863 -0.078115
20.0485 69.3873 -22.6161 0.384503 -0.919869 -0.0774489
20.8715 69.6872 -22.1341 0.379104 -0.922134 -0.0771273
21.5852 69.9346 -21.5769 0.380106 -0.9218 -0.0761857
22.517 70.2466 -20.6634 0.378803 -0.92292 -0.0687474
23.241 70.4959 -19.976 0.381167 -0.922488 -0.0610473
23.898 70.714 -19.1877 0.378132 -0.923748 -0.0608289
24.3752 70.8624 -18.4181 0.377674 -0.924474 -0.0520543
24.9226 71.0283 -17.3284 0.381 -0.923328 -0.0480114
25.3457 71.1485 -16.1299 0.376213 -0.925918 -0.033751
25.5424 71.1898 -14.9447 0.380997 -0.924309 -0.021639
25.5105 71.1532 -13.6329 0.378253 -0.925566 -0.0157583
25.3281 71.0669 -12.3323 0.371201 -0.928506 -0.00924158
25.0242 70.9659 -11.1288 0.370476 -0.928702 0.0157514
24.6344 70.8342 -10.1466 0.373534 -0.927278 0.025046
24.1023 70.6612 -9.099 0.367588 -0.929276 0.0363999
23.9653 70.6173 -8.8387 0.368284 -0.929059 0.0348293
24.7708 70.9615 -8.26144 0.369266 -0.928495 0.0392312
24.1527 70.7694 -7.3056 0.364565 -0.929295 0.0591518
23.3228 70.5224 -6.04805 0.368296 -0.927753 0.0602215
22.756 70.3444 -5.29469 0.368532 -0.927329 0.0649173
21.927 70.0878 -4.30654 0.370584 -0.926261 0.0686132
21.161 69.8294 -3.67342 0.364219 -0.928663 0.070208
20.4583 69.5988 -3.07965 0.364101 -0.92871 0.0701967
19.3081 69.212 -2.34199 0.363361 -0.928393 0.077814
18.3204 68.8617 -1.84759 0.363893 -0.928909 0.0685738
17.4105 68.5403 -1.39492 0.367621 -0.927665 0.0651993
16.0674 68.0001 -1.28941 0.379296 -0.923799 0.0522406
15.207 67.6494 -1.25656 0.388247 -0.920496 0.0416909
13.92 67.1025 -1.26613 0.385243 -0.922505 0.0239193
12.9868 66.6961 -1.29639 0.391382 -0.920228 0.00054374
11.6276 66.0896 -1.3644 0.41099 -0.911256 -0.021616
10.5625 65.6045 -1.32224 0.432653 -0.900622 -0.0411374
9.64562 65.1478 -1.3748 0.433143 -0.894992 -0.106662
8.35871 64.4872 -1.36721 0.438611 -0.884643 -0.154207
7.24339 63.9498 -1.18095 0.393932 -0.903181 -0.170533
6.30554 63.5159 -0.955695 0.266529 -0.923675 -0.275295
5.27704 63.063 -0.46759 0.228832 -0.922616 -0.306414
4.48048 62.7797 -0.0983082 0.189901 -0.925419 -0.327739
3.32505 62.4413 0.277209 0.131745 -0.92928 -0.345081
2.1404 62.239 0.387715 0.0291832 -0.904441 -0.4256
0.830183 62.3751 0.118025 -0.0479465 -0.913453 -0.404109
-0.234481 62.7115 -0.283327 -0.238876 -0.902238 -0.355949
-1.08152 63.0713 -0.721453 -0.28382 -0.902198 -0.319474
-2.2332 63.5725 -1.10607 -0.281377 -0.942683 -0.179374
-3.40049 64.0912 -1.37094 -0.389332 -0.912333 -0.123198
-4.59236 64.5564 -1.30972 -0.35597 -0.928833 -0.101801
-5.90938 65.0397 -1.04989 -0.347044 -0.934724 -0.0689223
-6.90551 65.3622 -0.773348 -0.328505 -0.943466 -0.0433086
-7.7364 65.6319 -0.52716 -0.325545 -0.94484 -0.0343712
-8.65589 65.9304 -0.402121 -0.30369 -0.952746 -0.00688903
-9.54978 66.2106 -0.347072 -0.292578 -0.956192 -0.00304227
-10.4176 66.4691 -0.328498 -0.273617 -0.961825 0.00518591
-11.5135 66.7812 -0.516713 -0.280146 -0.959957 -0.000946929
-12.578 67.1066 -0.698244 -0.295995 -0.954949 0.0182781
-13.4682 67.3689 -0.894308 -0.292528 -0.955849 0.027372
-14.3045 67.6207 -1.11629 -0.285391 -0.957511 0.0415347
-15.6165 67.981 -1.6246 -0.274152 -0.961143 0.0315066
-16.4219 68.2047 -2.00837 -0.287161 -0.957422 0.0284579
-17.263 68.4307 -2.51556 -0.281105 -0.958267 0.05201
-18.0801 68.6208 -3.13238 -0.259058 -0.965557 0.0242579
-18.9631 68.8423 -3.7701 -0.262358 -0.964793 0.0185338
-19.9035 69.0872 -4.46953 -0.267085 -0.963575 0.0137496
-20.8037 69.327 -5.23977 -0.27067 -0.962607 0.0106421
-21.4951 69.5171 -5.90533 -0.270457 -0.962701 0.00762658
-22.1431 69.6939 -6.57866 -0.270196 -0.962805 -0.000634417
-22.9328 69.9082 -7.73961 -0.260542 -0.965368 -0.00609342
-23.4877 70.0935 -9.23125 -0.272977 -0.961731 -0.0236132
-23.6989 70.1782 -10.2575 -0.276061 -0.960788 -0.0256909
-23.7099 70.2087 -11.2823 -0.282236 -0.959011 -0.0252987
-23.5442 70.1881 -12.2288 -0.286363 -0.957713 -0.0279532
-23.2188 70.1173 -13.1366 -0.288948 -0.95675 -0.0332194
-22.8484 70.0388 -13.9929 -0.297189 -0.954058 -0.0376151
-22.4262 69.9362 -14.8177 -0.302914 -0.952315 -0.0365869
-21.7873 69.7763 -15.8386 -0.301862 -0.9525 -0.0402958
-21.3184 69.6652 -16.6137 -0.311718 -0.949082 -0.0455534
-20.7686 69.5342 -17.6731 -0.314991 -0.948113 -0.0430376
-20.2012 69.3856 -18.6618 -0.321675 -0.946062 -0.0386356
-19.7193 69.2555 -19.4717 -0.329318 -0.942838 -0.0510257
-19.2781 69.1465 -20.2687 -0.327713 -0.943702 -0.0444186
-18.4596 68.9014 -21.2632 -0.33379 -0.941606 -0.04429
-17.4563 68.5926 -22.2895 -0.337133 -0.940427 -0.0439425
-16.4809 68.2768 -23.0975 -0.347288 -0.936879 -0.0398843
-15.4118 67.9019 -23.9162 -0.362635 -0.9315 -0.0270426
-14.1822 67.4319 -24.6941 -0.362342 -0.931848 -0.0167831
-13.2295 67.047 -25.1147 -0.38263 -0.923664 -0.0209652
-12.4177 66.6921 -25.3965 -0.411677 -0.911281 0.00360894
-11.5783 66.3168 -25.6718 -0.424733 -0.904929 0.0149525
-10.5945 65.8276 -25.7501 -0.442563 -0.896566 0.0170893
-9.55322 65.2828 -25.8265 -0.461757 -0.885808 0.0461033
-8.76332 64.849 -25.818 -0.47611 -0.875713 0.0802825
-7.80731 64.2849 -25.7221 -0.549217 -0.821948 0.149383
-6.43884 63.372 -25.5048 -0.557883 -0.789873 0.246669
-5.45869 62.7506 -25.3466 -0.548778 -0.761986 0.337106
-4.6907 62.1914 -25.4454 -0.584798 -0.682746 0.425265
-4.06163 61.5209 -25.6425 -0.540163 -0.632367 0.55528
-3.55298 60.707 -25.8806 -0.526112 -0.506225 0.682522
-2.92114 59.6977 -26.0894 -0.55035 -0.44349 0.707412
-2.39738 58.9586 -26.0709 -0.423782 -0.216755 0.87602
-1.70481 58.321 -25.958 -0.353591 -0.223255 0.908367
-0.778795 57.9073 -25.6642 -0.311307 -0.0989622 0.944771
0.312046 57.7762 -25.3425 -0.258439 -0.103201 0.959728
1.43576 58.0331 -25.0921 -0.179021 -0.091345 0.979596
2.60955 58.5681 -25.03 0.093475 -0.200799 0.962837
3.55427 58.8721 -24.9911 0.166925 -0.283906 0.937265
4.25965 59.5565 -25.1124 0.436473 -0.201872 0.876778
4.89758 60.2928 -25.1646 0.451774 -0.384473 0.805035
5.63602 61.0716 -25.1839 0.503383 -0.544939 0.670557
6.28032 61.7891 -25.1347 0.528523 -0.696816 0.484883
7.23572 62.5291 -25.2631 0.568352 -0.720947 0.384645
8.23673 63.1364 -25.528 0.611813 -0.740436 0.278279
9.03936 63.7244 -25.7703 0.655933 -0.735155 0.169349
9.77962 64.2643 -26.0814 0.604809 -0.788746 0.109933
10.5831 64.8314 -26.3046 0.546442 -0.835162 0.0624918
11.4482 65.4021 -26.3901 0.544162 -0.837794 0.0284818
12.6378 66.1022 -26.275 0.490164 -0.871541 0.0125089
13.82 66.7589 -26.096 0.476574 -0.87855 -0.0320401
14.739 67.2397 -25.8245 0.453756 -0.88994 -0.0438565
15.6488 67.669 -25.5702 0.422864 -0.904473 -0.0558087
16.5195 68.052 -25.1801 0.431901 -0.899339 -0.0665428
17.4643 68.4655 -24.8311 0.417608 -0.904441 -0.0871217
18.6885 68.9621 -24.3344 0.394771 -0.914572 -0.0874933
19.8477 69.4106 -23.7912 0.387125 -0.917995 -0.0861302
20.6995 69.7148 -23.2854 0.378147 -0.92215 -0.0814832
21.671 70.0672 -22.7376 0.37728 -0.922708 -0.0791367
22.399 70.3171 -22.1644 0.377709 -0.922848 -0.0754105
23.0343 70.5316 -21.5943 0.380298 -0.922046 -0.0721462
23.6646 70.7293 -20.8267 0.373483 -0.92494 -0.0706154
24.3677 70.9682 -20.1598 0.375997 -0.924672 -0.0600649
24.9961 71.1664 -19.2312 0.379451 -0.923436 -0.0572935
25.5646 71.3312 -18.1996 0.36895 -0.927953 -0.0525059
26.029 71.4744 -17.4146 0.372174 -0.927203 -0.0413701
26.3194 71.5435 -16.0617 0.381943 -0.923692 -0.0300436
26.4469 71.566 -15.0214 0.374164 -0.926767 -0.0316815
26.5093 71.566 -14.0365 0.37375 -0.927289 -0.0210988
26.4539 71.5251 -13.0874 0.371893 -0.928227 -0.00951579
26.2345 71.4231 -12.1089 0.353713 -0.935006 -0.00587902
26.0113 71.3551 -11.0305 0.365165 -0.930828 0.0146266
25.6482 71.2365 -10.1164 0.361985 -0.931799 0.0267942
25.2268 71.1012 -9.2459 0.363215 -0.930867 0.038977
24.9962 71.03 -8.76163 0.369266 -0.928495 0.0392315
