1.60341 55.3295 -32.9661 -0.0434529 0.0216164 0.998579
0.962643 55.7383 -32.9911 -0.039049 4.64834e-05 0.999237
0.84787 56.6413 -33.0042 -0.0781009 -0.00722753 0.996691
1.46058 56.6898 -32.9956 0.0195073 0.00146282 0.998856
1.83288 55.6563 -32.9571 -0.00864809 0.0225455 0.998993
2.62742 55.6581 -32.9936 0.0640816 0.0164225 0.99781
2.31456 54.7879 -32.945 0.0643258 0.0391327 0.997161
1.45662 54.156 -32.9292 0.0025739 0.00192591 0.999982
0.547688 54.3808 -32.962 -0.0736557 0.0632801 0.994405
0.0752993 55.5075 -33.0553 -0.0842498 0.0139244 0.996347
0.0442528 56.4808 -33.066 -0.0712683 -0.0274158 0.99708
0.314049 57.4253 -33.0214 -0.0690663 -0.0242568 0.997317
0.847285 58.3295 -32.9625 -0.0672315 -0.0279802 0.997336
1.74662 58.1798 -32.9577 -0.00249042 -0.0161549 0.999866
2.29106 57.2429 -32.9866 0.0172658 -0.0421214 0.998963
2.59405 56.2752 -33.0016 0.0429151 0.0307286 0.998279
2.64332 56.0137 -33.0005 0.0640816 0.0164194 0.99781
3.45047 56.0114 -33.0537 0.0693175 0.0194623 0.997405
3.26741 54.7478 -33.0165 0.113977 0.00034919 0.993483
2.66257 53.9556 -32.9511 0.080008 -0.0331373 0.995694
1.61806 53.3021 -32.9291 0.0284261 -0.0217516 0.99887
0.510371 53.3735 -32.9642 -0.0652774 -0.0719125 0.995273
-0.201861 53.9142 -33.0363 -0.1488 -0.0109995 0.988806
-0.687008 55.0351 -33.1122 -0.11395 0.0131219 0.992927
-0.779198 56.0694 -33.1375 -0.140285 0.00676123 0.990069
-0.674884 57.0592 -33.11 -0.131098 -0.0139954 0.991271
-0.123145 58.3656 -33.025 -0.065406 -0.0317026 0.997355
0.462366 59.2655 -32.9558 -0.0689198 -0.0359192 0.996975
1.49 59.5814 -32.9089 0.0131408 -0.0492847 0.998692
2.41355 58.654 -32.9632 0.0546972 -0.0053316 0.998489
2.91763 57.7864 -33.0037 0.0669262 -0.0196497 0.997563
3.34271 56.628 -33.0582 0.0696685 -0.0021269 0.997334
3.39186 56.3502 -33.0562 0.0693175 0.0194623 0.997405
4.19381 56.4674 -33.1142 0.0873614 0.00832684 0.995915
3.81888 57.7455 -33.0681 0.104082 -0.00580477 0.994552
3.27856 58.7654 -33.01 0.0608701 -0.0118075 0.998036
2.66234 59.6618 -32.9288 0.0450776 -0.0659143 0.996807
1.92259 60.426 -32.849 0.0338384 -0.129134 0.99105
0.674011 60.7138 -32.8193 -0.0500023 -0.112595 0.992382
0.000943811 60.0936 -32.9101 -0.0824557 -0.0883478 0.991521
-0.688815 59.0108 -33.074 -0.111754 -0.0558273 0.992166
-1.15063 58.1146 -33.1545 -0.129649 -0.0201572 0.991355
-1.46871 57.1117 -33.2143 -0.134873 -0.0167368 0.99071
-1.58207 56.1954 -33.2482 -0.137438 -0.00865196 0.990413
-1.51109 54.7938 -33.2296 -0.151837 -0.00353393 0.988258
-1.22326 53.9385 -33.1991 -0.160854 -0.0162211 0.986841
-0.315112 52.8301 -33.0654 -0.155593 -0.0125121 0.987717
0.638885 52.4051 -33.0033 -0.074532 -0.02964 0.996778
1.67427 52.3954 -32.9506 -0.0388951 -0.049851 0.997999
2.73268 52.9416 -33.0003 0.0518802 -0.0218348 0.99814
3.46898 53.6034 -33.0485 0.110795 -0.0211911 0.993617
4.1397 54.6467 -33.1134 0.10543 -0.00246688 0.994424
4.27005 55.9941 -33.1237 0.105405 -0.00280862 0.994425
5.11137 55.9938 -33.2158 0.110961 -0.000302532 0.993825
5.027 54.7872 -33.2117 0.110686 -0.0100651 0.993794
4.66319 53.7689 -33.1787 0.115085 -0.0089749 0.993315
3.81224 52.7451 -33.0819 0.0851272 0.00206107 0.996368
2.835 51.9711 -33.0058 0.0563573 -0.000362814 0.998411
1.77412 51.5529 -32.9665 -0.0196388 0.00370795 0.999504
0.800582 51.4423 -33.0009 -0.0682386 0.0135824 0.997084
-0.397663 51.8802 -33.0977 -0.0756777 -0.0310184 0.99665
-1.55081 52.8444 -33.2708 -0.164351 -0.0175035 0.986247
-2.09528 53.8384 -33.3422 -0.168401 -0.0293802 0.985191
-2.38002 54.824 -33.37 -0.161857 -0.0160836 0.986679
-2.43633 55.8337 -33.3732 -0.156895 -0.000382021 0.987615
-2.34336 56.7398 -33.3511 -0.154896 -0.013571 0.987838
-2.00702 58.0841 -33.2902 -0.16444 -0.00317009 0.986353
-1.45706 59.3429 -33.1605 -0.179065 -0.0454427 0.982787
-0.734023 60.5391 -32.9497 -0.0905783 -0.136621 0.986474
0.115882 61.442 -32.7236 -0.0661987 -0.170243 0.981799
0.964371 61.8677 -32.6365 -0.0368666 -0.204241 0.977439
1.92336 61.6438 -32.7039 0.0657728 -0.150974 0.985267
2.71974 60.8339 -32.836 0.114898 -0.118076 0.984505
3.38985 60.0754 -32.97 0.10171 -0.0379597 0.99409
4.2613 58.5673 -33.1097 0.0998313 -0.0192295 0.994718
4.74448 57.481 -33.1666 0.107743 -0.00782051 0.994139
4.9766 56.6749 -33.2005 0.111168 -0.00503335 0.993778
4.98531 56.6204 -33.2015 0.110959 -0.000303689 0.993825
