-5.64165 72.6561 -2.6037 -0.213555 -0.968412 -0.128124
-6.52982 72.8853 -2.8973 -0.212243 -0.970314 -0.115949
-7.54738 73.1626 -3.30444 -0.226489 -0.968107 -0.107087
-8.45641 73.4288 -3.84575 -0.219994 -0.971219 -0.091135
-9.37427 73.7032 -4.58709 -0.239603 -0.967449 -0.0813257
-10.2702 73.9614 -5.16709 -0.236738 -0.969684 -0.0605613
-11.0192 74.1743 -5.61939 -0.237811 -0.969817 -0.0530966
-11.9124 74.4191 -6.24701 -0.239519 -0.969825 -0.0452281
-12.6516 74.6314 -6.93187 -0.238281 -0.970491 -0.036995
-13.236 74.7975 -7.61519 -0.239637 -0.970427 -0.0273262
-13.8332 74.9738 -8.48086 -0.246143 -0.968969 -0.0222279
-14.3881 75.1327 -9.47924 -0.244415 -0.969514 -0.0172685
-14.7719 75.2391 -10.4439 -0.248325 -0.968617 -0.00678629
-15.1145 75.3392 -11.7022 -0.253889 -0.967217 -0.00293063
-15.2279 75.3629 -12.8763 -0.254267 -0.967106 0.00735155
-15.1151 75.3193 -14.2607 -0.243204 -0.969869 0.0143251
-14.8252 75.2163 -15.7253 -0.246916 -0.968717 0.0249049
-14.4887 75.0948 -16.9088 -0.247341 -0.968299 0.0349006
-14.0491 74.9481 -17.889 -0.247576 -0.967941 0.0417366
-13.4353 74.7453 -18.7919 -0.247345 -0.967713 0.0484962
-12.5936 74.4775 -19.6348 -0.244978 -0.967459 0.063315
-11.9116 74.2539 -20.2099 -0.256202 -0.963754 0.0744281
-10.8313 73.8881 -21.1461 -0.241232 -0.96465 0.106099
-9.90963 73.569 -21.928 -0.244956 -0.963456 0.108394
-9.05727 73.2757 -22.5533 -0.24099 -0.962205 0.126832
-8.06453 72.9309 -23.1953 -0.241264 -0.956884 0.161757
-7.06196 72.5792 -23.755 -0.239863 -0.950755 0.196293
-5.96899 72.2292 -24.1936 -0.223503 -0.951115 0.211883
-4.94168 71.9054 -24.5186 -0.218398 -0.949025 0.227275
-3.75295 71.5947 -24.8538 -0.164022 -0.953287 0.253656
-2.85332 71.379 -25.0753 -0.162679 -0.938262 0.305286
-1.83118 71.1388 -25.3618 -0.115448 -0.941611 0.315927
-0.752762 70.9562 -25.6033 -0.0521489 -0.943389 0.326574
0.323121 70.8503 -25.8232 -0.0365715 -0.928836 0.365641
1.61871 70.8859 -25.9076 0.0874333 -0.921118 0.377198
2.87694 71.119 -25.754 0.16694 -0.923101 0.343755
3.84483 71.3786 -25.5838 0.215588 -0.926616 0.307107
4.88539 71.7312 -25.3372 0.25734 -0.921443 0.289965
5.78616 72.0524 -25.1882 0.286814 -0.934338 0.211543
6.76498 72.3809 -25.0812 0.316246 -0.92841 0.192806
7.71682 72.7498 -24.9496 0.335481 -0.926479 0.170555
8.56847 73.0765 -24.7698 0.333489 -0.929754 0.154924
9.62866 73.5147 -24.4328 0.339025 -0.930669 0.137538
10.4457 73.8529 -24.1009 0.341268 -0.93371 0.108264
11.2634 74.1879 -23.6921 0.344323 -0.934805 0.0870752
12.0958 74.5356 -23.1082 0.325482 -0.943324 0.0648113
12.7983 74.8242 -22.5646 0.336406 -0.940165 0.0526516
13.832 75.2196 -21.8088 0.333856 -0.941651 0.0425436
14.6145 75.5133 -21.1028 0.328332 -0.94423 0.0250382
15.3726 75.7858 -20.2975 0.324194 -0.945915 0.0103775
16.1191 76.0489 -19.397 0.320757 -0.947155 -0.00342587
16.7275 76.2524 -18.6025 0.317135 -0.948332 -0.0072136
17.1764 76.3953 -17.8028 0.327822 -0.944661 -0.0121736
17.5421 76.5003 -16.8474 0.321987 -0.946434 -0.0242214
17.7677 76.5405 -15.5392 0.320247 -0.946884 -0.0285042
17.7765 76.5134 -14.5638 0.319966 -0.946641 -0.0385995
17.6896 76.4345 -13.2926 0.309203 -0.950258 -0.0374444
17.5031 76.3341 -12.2243 0.314983 -0.948481 -0.0341251
17.2975 76.2316 -11.3263 0.310963 -0.949643 -0.038296
16.9184 76.0584 -10.2151 0.316156 -0.947918 -0.0386828
16.4374 75.8642 -9.32216 0.30701 -0.950841 -0.0405809
15.8515 75.628 -8.44786 0.305992 -0.950738 -0.0492661
15.3093 75.4165 -7.7432 0.305329 -0.950575 -0.0564087
14.6875 75.17 -6.99424 0.30673 -0.94941 -0.0668426
14.0974 74.9385 -6.32626 0.303241 -0.950113 -0.0725473
13.3513 74.6435 -5.63245 0.2911 -0.953006 -0.0838685
12.4569 74.2929 -4.7861 0.300174 -0.949425 -0.0914942
11.5183 73.9211 -3.98104 0.280652 -0.954137 -0.104197
10.4541 73.5195 -3.33767 0.278716 -0.952985 -0.118158
9.27982 73.1255 -2.90529 0.261502 -0.956351 -0.129744
8.43477 72.8644 -2.65294 0.25332 -0.955497 -0.151173
7.1199 72.4611 -2.15157 0.219027 -0.962252 -0.161508
6.1855 72.1744 -1.73409 0.202968 -0.964025 -0.170461
5.03063 71.8479 -1.16379 0.179589 -0.964158 -0.195314
4.04505 71.597 -0.627465 0.121673 -0.970074 -0.210125
2.78725 71.3638 -0.120659 0.0652716 -0.973596 -0.218741
1.41823 71.3007 -0.0302218 -0.0122944 -0.973747 -0.227302
0.218016 71.3629 -0.153695 -0.0440823 -0.979955 -0.19428
-0.923724 71.5222 -0.525297 -0.0968407 -0.974147 -0.204106
-1.85016 71.7173 -1.00317 -0.132276 -0.975402 -0.17565
-2.66938 71.9053 -1.40694 -0.161964 -0.972145 -0.168263
-4.03924 72.2494 -2.01554 -0.173512 -0.973511 -0.148896
-5.11644 72.5156 -2.42749 -0.195101 -0.970009 -0.144182
-5.33623 72.5736 -2.50391 -0.211584 -0.967492 -0.138474
-5.55888 72.4925 -1.58903 -0.208155 -0.968514 -0.136573
-6.40385 72.7172 -1.85722 -0.21501 -0.96647 -0.140378
-7.48515 73.026 -2.22765 -0.228804 -0.9661 -0.119577
-8.47492 73.3141 -2.71926 -0.237819 -0.965969 -0.100732
-9.40397 73.615 -3.41769 -0.235938 -0.968295 -0.082087
-10.1411 73.8429 -3.97233 -0.24319 -0.966359 -0.0837253
-10.9075 74.0721 -4.44846 -0.238826 -0.96914 -0.0610391
-11.7431 74.3115 -4.94441 -0.244746 -0.967888 -0.0570684
-12.5496 74.5463 -5.51604 -0.250808 -0.967305 -0.0376393
-13.3616 74.7878 -6.31019 -0.253546 -0.966715 -0.0342936
-14.1048 75.0096 -7.23322 -0.247654 -0.96843 -0.0284558
-14.8364 75.2275 -8.3372 -0.257051 -0.966262 -0.0162229
-15.307 75.3698 -9.21306 -0.265777 -0.963813 -0.0206771
-15.7355 75.496 -10.3359 -0.261759 -0.965133 -0.00102496
-16.1017 75.5954 -11.8349 -0.251363 -0.967892 0.00114421
-16.1456 75.5986 -13.409 -0.252413 -0.967573 0.00954585
-16.0358 75.5596 -14.3748 -0.252079 -0.967564 0.0160543
-15.8048 75.4774 -15.481 -0.251936 -0.967455 0.0232724
-15.6241 75.4056 -16.3601 -0.254943 -0.966614 0.0256718
-15.3625 75.3083 -17.2344 -0.260995 -0.964802 0.0322201
-15.0077 75.1862 -18.0539 -0.247585 -0.967938 0.0417362
-14.2848 74.9403 -19.2921 -0.260928 -0.964194 0.0468437
-13.6305 74.725 -19.9627 -0.262186 -0.963546 0.0532678
-12.5066 74.3461 -20.952 -0.252462 -0.963263 0.091581
-11.7237 74.073 -21.6405 -0.260716 -0.960467 0.0976259
-11.0488 73.8313 -22.216 -0.259772 -0.95986 0.105471
-10.3469 73.5738 -22.7716 -0.262295 -0.958106 0.115044
-9.37039 73.2215 -23.4859 -0.247094 -0.956888 0.152679
-8.4931 72.9044 -24.0502 -0.254424 -0.952192 0.168251
-7.65657 72.5856 -24.5215 -0.252752 -0.950463 0.180931
-6.87246 72.2981 -24.8673 -0.260198 -0.941426 0.214434
-5.80507 71.9343 -25.2274 -0.224491 -0.946894 0.2301
-4.97337 71.6644 -25.483 -0.226903 -0.931954 0.282802
-4.09571 71.3945 -25.702 -0.213362 -0.937238 0.275794
-3.12269 71.1475 -25.9308 -0.162206 -0.938436 0.305005
-2.26458 70.9273 -26.1522 -0.145613 -0.938217 0.313371
-1.07817 70.6676 -26.4427 -0.103302 -0.915875 0.387924
-0.0803128 70.4908 -26.6707 -0.0109465 -0.918109 0.39431
0.97824 70.4654 -26.7997 0.0378925 -0.920896 0.387626
2.42065 70.6707 -26.7254 0.144425 -0.892606 0.424366
3.81839 71.0511 -26.5017 0.223068 -0.898256 0.375555
4.69334 71.3883 -26.3038 0.275467 -0.921922 0.272355
5.99207 71.8527 -26.0752 0.316157 -0.91333 0.254101
6.85191 72.196 -26.007 0.341991 -0.910802 0.231238
7.99874 72.6728 -25.8705 0.360858 -0.911717 0.196148
8.90702 73.0637 -25.6789 0.34962 -0.921181 0.16865
9.73638 73.4161 -25.4165 0.35754 -0.925087 0.127982
10.7118 73.8351 -25.0365 0.353337 -0.928745 0.111178
11.937 74.3713 -24.3997 0.345033 -0.934747 0.0848571
12.9186 74.7959 -23.6585 0.343917 -0.937015 0.0610193
13.6778 75.1085 -23.0586 0.333858 -0.94165 0.0425433
14.6306 75.4828 -22.3566 0.332909 -0.942273 0.0347547
15.4258 75.7892 -21.6015 0.341117 -0.939867 0.0163068
16.1963 76.0702 -20.7703 0.332855 -0.942969 0.00406422
17.0275 76.3636 -19.7498 0.335202 -0.942124 -0.00652405
17.8327 76.6339 -18.5862 0.328708 -0.944326 -0.0141117
18.2167 76.7534 -17.7702 0.326089 -0.945045 -0.0231535
18.4639 76.8192 -16.8864 0.330196 -0.943654 -0.0220927
18.6601 76.8547 -15.751 0.326562 -0.944761 -0.0279935
18.6942 76.8262 -14.6431 0.319496 -0.946861 -0.0371044
18.6317 76.7677 -13.7309 0.321054 -0.946242 -0.0393645
18.5204 76.6915 -12.7567 0.319888 -0.94687 -0.0332978
18.3619 76.6064 -11.86 0.321535 -0.94639 -0.0308472
18.054 76.4535 -10.6093 0.315429 -0.948146 -0.0390203
17.6911 76.2949 -9.6768 0.316294 -0.947913 -0.0376785
17.0161 76.0143 -8.46102 0.316645 -0.947382 -0.0469429
16.2824 75.7218 -7.51063 0.319387 -0.946207 -0.0516343
15.5571 75.4291 -6.5771 0.310415 -0.948599 -0.0611287
14.8832 75.149 -5.79254 0.317971 -0.946204 -0.0592283
14.2206 74.8846 -5.15556 0.310044 -0.948079 -0.0708459
13.474 74.5767 -4.44547 0.30511 -0.948711 -0.0819142
12.7258 74.2672 -3.71393 0.306685 -0.946585 -0.0996098
12.0514 73.9883 -3.15313 0.313548 -0.942882 -0.112519
10.8325 73.519 -2.44409 0.289117 -0.948885 -0.126601
9.74786 73.139 -2.08334 0.27149 -0.952119 -0.140583
8.79215 72.829 -1.83051 0.262437 -0.953796 -0.145898
7.97215 72.5587 -1.51125 0.247088 -0.952155 -0.179854
7.10905 72.271 -1.14599 0.215332 -0.957647 -0.191167
6.20969 71.988 -0.731752 0.21343 -0.958542 -0.1888
5.27444 71.7072 -0.244678 0.17954 -0.964177 -0.195264
4.18336 71.394 0.374457 0.116452 -0.967677 -0.223695
3.26124 71.1985 0.783489 0.0860881 -0.974799 -0.205312
2.08583 71.0827 0.921463 0.0695814 -0.976726 -0.202848
1.06206 71.0891 0.909116 -0.0154487 -0.974528 -0.223732
0.166455 71.1505 0.7976 -0.0556633 -0.972037 -0.228133
-1.08808 71.3443 0.428303 -0.106656 -0.971701 -0.210287
-1.90071 71.5237 0.0265334 -0.156855 -0.965533 -0.207707
-2.87991 71.7811 -0.486433 -0.161958 -0.972145 -0.168271
-4.27988 72.1561 -1.12478 -0.177212 -0.970918 -0.160495
-5.06737 72.3633 -1.42237 -0.208159 -0.968513 -0.136571
-5.66234 72.3759 -0.652512 -0.208133 -0.966148 -0.152445
-6.92872 72.7371 -1.04551 -0.240232 -0.961272 -0.135076
-7.84407 73.0023 -1.34911 -0.240384 -0.96396 -0.113211
-8.69461 73.2666 -1.72339 -0.250928 -0.962174 -0.106089
-9.55098 73.5563 -2.33877 -0.25026 -0.962944 -0.100419
-10.3134 73.8072 -2.94672 -0.2603 -0.962746 -0.0732329
-11.0799 74.0491 -3.45764 -0.256561 -0.964164 -0.0675606
-11.9369 74.3065 -3.93688 -0.25044 -0.966279 -0.059451
-12.9475 74.6075 -4.60483 -0.254639 -0.965503 -0.0544258
-13.8041 74.8686 -5.41547 -0.261373 -0.964534 -0.0355392
-14.7094 75.1523 -6.47903 -0.263857 -0.964293 -0.0227902
-15.4097 75.3641 -7.49181 -0.256356 -0.966406 -0.0184802
-15.8861 75.5127 -8.2503 -0.275853 -0.961122 -0.0121572
-16.3569 75.6625 -9.30949 -0.279354 -0.960077 -0.0141215
-16.7943 75.7928 -10.6631 -0.275049 -0.961426 -0.00288805
-17.0065 75.8423 -11.6151 -0.266228 -0.963879 0.00595133
-17.1005 75.86 -12.8972 -0.259428 -0.965724 0.00865802
-17.0196 75.8255 -14.0023 -0.25585 -0.966568 0.0169332
-16.8057 75.7461 -15.2135 -0.257898 -0.965971 0.0197128
-16.5787 75.6626 -16.2435 -0.259824 -0.965339 0.0247282
-16.3519 75.5775 -17.1838 -0.25789 -0.965858 0.0246241
-15.9486 75.4301 -18.31 -0.260342 -0.964943 0.033271
-15.2824 75.1956 -19.5754 -0.261231 -0.964421 0.0405176
-14.4071 74.9024 -20.5803 -0.274072 -0.960032 0.0558816
-13.6026 74.6331 -21.2225 -0.271199 -0.959564 0.0750016
-12.7963 74.337 -21.9768 -0.276934 -0.957364 0.0821608
-11.8971 74.002 -22.7092 -0.267739 -0.957472 0.106956
-10.9839 73.6652 -23.4623 -0.263914 -0.955842 0.128552
-10.2204 73.3658 -24.0448 -0.263045 -0.954404 0.141111
-9.20266 72.9749 -24.7325 -0.267894 -0.948296 0.170172
-8.47293 72.6849 -25.1842 -0.275434 -0.943128 0.185467
-7.56847 72.3253 -25.6004 -0.273205 -0.939025 0.208458
-6.3061 71.8484 -26.0599 -0.265178 -0.929213 0.257377
-5.19892 71.4475 -26.3787 -0.244929 -0.931061 0.269503
-4.32447 71.1785 -26.5754 -0.214102 -0.923425 0.318507
-3.46269 70.9094 -26.7531 -0.195182 -0.918658 0.341659
-2.61031 70.6728 -26.9706 -0.167615 -0.918077 0.359221
-1.70904 70.4169 -27.2041 -0.137221 -0.9164 0.374463
-0.499697 70.1314 -27.4782 -0.0793142 -0.879827 0.467383
0.674824 70.0158 -27.6479 0.0480644 -0.883592 0.462809
1.5998 70.1093 -27.6597 0.0985589 -0.890632 0.443903
2.61133 70.3294 -27.5722 0.187495 -0.895675 0.403251
3.75409 70.6712 -27.4203 0.265549 -0.897332 0.352532
4.85135 71.1042 -27.1786 0.300456 -0.891897 0.336917
5.96448 71.5962 -26.9875 0.357016 -0.890182 0.281176
6.88721 71.9584 -26.9253 0.363137 -0.896957 0.250624
7.87455 72.4074 -26.861 0.378797 -0.898711 0.219424
8.87682 72.855 -26.6955 0.393302 -0.905413 0.159817
9.76146 73.278 -26.4292 0.356047 -0.924366 0.137034
10.9614 73.829 -25.9607 0.37619 -0.919355 0.114284
11.7736 74.1931 -25.594 0.37352 -0.921974 0.101968
12.522 74.5308 -25.1548 0.361411 -0.929283 0.0762607
13.3094 74.8811 -24.554 0.35204 -0.934121 0.058342
14.0608 75.2083 -23.9413 0.360165 -0.931226 0.0556741
14.8873 75.5484 -23.3498 0.348989 -0.936361 0.0367921
15.6901 75.8659 -22.6359 0.345749 -0.937887 0.0287306
16.5597 76.1941 -21.771 0.34108 -0.939989 0.009003
17.2847 76.4614 -20.9166 0.337882 -0.941173 -0.000905638
18.0915 76.7471 -19.8898 0.347062 -0.937755 -0.0120238
18.6541 76.9382 -19.0286 0.344712 -0.938538 -0.0178991
19.0763 77.0731 -18.1473 0.340718 -0.939926 -0.021222
19.3902 77.1461 -16.8156 0.338279 -0.940534 -0.0310264
19.5663 77.1616 -15.4915 0.329505 -0.943375 -0.0383414
19.577 77.1236 -14.4089 0.335593 -0.941472 -0.031761
19.4923 77.0486 -13.3299 0.337344 -0.940398 -0.0430239
19.3251 76.939 -11.977 0.323181 -0.945911 -0.0283969
19.0558 76.8037 -10.7495 0.327939 -0.943957 -0.0374457
18.7817 76.6747 -9.89364 0.325895 -0.94476 -0.0349344
18.25 76.4489 -8.71776 0.330285 -0.943168 -0.0362502
17.6872 76.209 -7.77536 0.33379 -0.941714 -0.0418979
16.8871 75.8862 -6.78392 0.319386 -0.946208 -0.0516344
16.2954 75.6436 -6.03218 0.32595 -0.944096 -0.0493081
15.6325 75.3748 -5.25488 0.327278 -0.942873 -0.0610649
14.8983 75.0573 -4.50203 0.321646 -0.944104 -0.0711365
14.1001 74.7209 -3.72026 0.313938 -0.945247 -0.0891713
13.3899 74.4094 -2.99898 0.313349 -0.94467 -0.096827
12.6645 74.0978 -2.36265 0.313192 -0.943021 -0.112352
11.9069 73.7882 -1.88089 0.313912 -0.942743 -0.112671
10.8183 73.3681 -1.42141 0.29595 -0.944475 -0.142761
9.80571 73.0053 -1.1488 0.287208 -0.945179 -0.1544
8.71484 72.6353 -0.821859 0.275331 -0.947346 -0.163489
7.68467 72.2755 -0.413674 0.250192 -0.95166 -0.178175
6.47091 71.8669 0.156648 0.211403 -0.957618 -0.195644
5.28484 71.4797 0.82179 0.175761 -0.96225 -0.207804
4.3591 71.1847 1.38678 0.137906 -0.965869 -0.215564
3.37788 71.0044 1.76442 0.107853 -0.968571 -0.223211
2.4018 70.9091 1.87858 0.0672763 -0.977575 -0.19955
1.35465 70.8804 1.88814 0.000268659 -0.978035 -0.208188
0.211411 70.9289 1.772 -0.0663693 -0.97413 -0.216022
-0.686818 71.0332 1.57831 -0.0880509 -0.971127 -0.220652
-1.6582 71.2381 1.20183 -0.12619 -0.970206 -0.206826
-2.44509 71.4498 0.796483 -0.160378 -0.965971 -0.202928
-3.60723 71.7939 0.189111 -0.195458 -0.959022 -0.205115
-4.41147 72.015 -0.1806 -0.226086 -0.959167 -0.169954
-5.034 72.2067 -0.437922 -0.208137 -0.966146 -0.152449
-5.12129 72.0572 0.511613 -0.222133 -0.95693 -0.186928
-4.25258 71.7749 0.899528 -0.213791 -0.956061 -0.199905
-3.45134 71.5273 1.29399 -0.201552 -0.956346 -0.211311
-2.53508 71.2433 1.80203 -0.154597 -0.962892 -0.221221
-1.69636 71.0133 2.21976 -0.1315 -0.962095 -0.238915
-0.643689 70.806 2.55554 -0.057447 -0.972819 -0.224327
0.3736 70.6976 2.76538 -0.0619026 -0.973476 -0.220169
1.31398 70.6617 2.84895 -0.00755392 -0.970275 -0.241885
2.38935 70.6819 2.82726 0.0556734 -0.966557 -0.250336
3.33586 70.7488 2.76515 0.0819933 -0.967068 -0.238524
4.64903 71.0163 2.32706 0.107862 -0.968571 -0.223208
5.80794 71.3949 1.60972 0.191684 -0.951388 -0.239844
6.65683 71.702 1.10601 0.203378 -0.953552 -0.222208
7.65316 72.0683 0.597724 0.245969 -0.945523 -0.213273
8.76129 72.4844 0.0861758 0.271016 -0.943484 -0.190757
10.0743 72.9573 -0.292403 0.301253 -0.941251 -0.152622
11.0244 73.3031 -0.506034 0.31803 -0.93722 -0.142631
12.2598 73.7812 -0.96008 0.321557 -0.938558 -0.124989
13.393 74.2663 -1.68639 0.321583 -0.93985 -0.115183
14.248 74.65 -2.53234 0.317796 -0.942636 -0.102193
15.1009 75.0314 -3.39147 0.336375 -0.937907 -0.0847491
15.9542 75.4111 -4.27705 0.330927 -0.940447 -0.0777571
16.6941 75.7311 -5.0633 0.336211 -0.94107 -0.0367374
17.2588 75.9625 -5.75817 0.331949 -0.942132 -0.0468807
17.8324 76.1998 -6.45737 0.332425 -0.941942 -0.0473058
18.4277 76.4457 -7.22444 0.333483 -0.941746 -0.04364
18.9173 76.6546 -7.98604 0.342857 -0.938769 -0.0333214
19.5055 76.9029 -9.20921 0.34099 -0.939525 -0.0315866
19.9338 77.1036 -10.4292 0.34484 -0.938087 -0.0328468
20.1913 77.2361 -11.6472 0.340244 -0.93986 -0.029873
20.336 77.3303 -12.8125 0.340253 -0.939465 -0.0404229
20.4131 77.3977 -13.7292 0.343157 -0.938365 -0.0412861
20.468 77.4634 -14.98 0.341353 -0.939331 -0.0336981
20.346 77.4743 -16.3288 0.342774 -0.938626 -0.0385582
20.0967 77.4358 -17.7957 0.34387 -0.93845 -0.0326306
19.6819 77.3211 -19.1074 0.353713 -0.935034 -0.0244607
19.1958 77.1554 -19.9516 0.358613 -0.93329 -0.0191407
18.5304 76.9206 -20.8648 0.349606 -0.936868 -0.00696007
17.9158 76.6956 -21.6275 0.352946 -0.935627 -0.00127268
17.151 76.4014 -22.4773 0.348223 -0.937347 0.00526483
16.4127 76.1147 -23.2178 0.346026 -0.937784 0.0287554
15.7767 75.8613 -23.8181 0.354417 -0.934222 0.0398542
14.7919 75.4584 -24.5442 0.363723 -0.930307 0.0453526
14.1016 75.1521 -25.1054 0.358992 -0.93145 0.0593759
13.3379 74.8035 -25.7412 0.370139 -0.926065 0.0734911
12.4615 74.3994 -26.3105 0.380301 -0.919689 0.0976606
11.5106 73.9515 -26.7634 0.390619 -0.912379 0.122284
10.2432 73.3504 -27.2573 0.390049 -0.910446 0.136819
9.44432 72.94 -27.5391 0.392923 -0.900444 0.186581
8.62526 72.5345 -27.7463 0.422821 -0.881078 0.211951
7.33796 71.9236 -27.8093 0.397567 -0.890239 0.222297
6.30113 71.4321 -27.8801 0.377763 -0.875919 0.300086
5.47523 71.0501 -27.9584 0.346729 -0.884938 0.309288
4.40346 70.5529 -28.1785 0.34497 -0.868284 0.35648
3.55629 70.2093 -28.315 0.299148 -0.855106 0.423443
2.30057 69.8029 -28.4365 0.171186 -0.85166 0.495093
1.24721 69.5791 -28.4894 0.0643186 -0.830715 0.55297
0.291742 69.544 -28.4439 -0.0149103 -0.827513 0.557356
-0.934415 69.7671 -28.2377 -0.0793054 -0.879825 0.467388
-1.99185 70.092 -28.0115 -0.194491 -0.876388 0.440588
-2.9246 70.3916 -27.78 -0.202692 -0.88863 0.410024
-3.81652 70.7032 -27.5795 -0.226767 -0.917737 0.326092
-4.71394 70.9826 -27.4052 -0.245359 -0.920296 0.302685
-5.66978 71.3309 -27.2132 -0.271678 -0.919514 0.283983
-6.50719 71.6462 -26.974 -0.276136 -0.921461 0.272955
-7.67127 72.1163 -26.5844 -0.289906 -0.926836 0.238599
-8.58073 72.4915 -26.2445 -0.287007 -0.932036 0.220147
-9.56151 72.9141 -25.6353 -0.288645 -0.938533 0.189309
-10.5588 73.3212 -24.9678 -0.282479 -0.947375 0.1506
-11.5188 73.7125 -24.2205 -0.279223 -0.951455 0.129495
-12.3603 74.0498 -23.5289 -0.276272 -0.954145 0.1144
-13.1514 74.3479 -22.9246 -0.287144 -0.952241 0.103853
-13.8814 74.6256 -22.2745 -0.279544 -0.956663 0.0815586
-14.5741 74.8807 -21.6386 -0.279928 -0.957931 0.0633146
-15.3161 75.1341 -21.0189 -0.273671 -0.960614 0.0479095
-15.8964 75.3363 -20.3494 -0.278981 -0.959101 0.0479059
-16.3959 75.5079 -19.5614 -0.270741 -0.962117 0.0321097
-16.991 75.7158 -18.2774 -0.270352 -0.962322 0.0281643
-17.316 75.8404 -17.1448 -0.262327 -0.964734 0.0217483
-17.5467 75.9315 -16.0751 -0.276811 -0.960742 0.0186916
-17.8118 76.03 -14.8685 -0.275232 -0.961238 0.0164114
-18.0021 76.1091 -13.3085 -0.274171 -0.961571 0.0145653
-17.9948 76.1195 -12.1539 -0.281008 -0.959612 0.0134112
-17.8153 76.0802 -10.968 -0.282466 -0.959232 0.00930672
-17.4976 75.9926 -9.80025 -0.283496 -0.958946 -0.000603378
-17.087 75.867 -8.6108 -0.286284 -0.958077 -0.00911735
-16.6644 75.7324 -7.72436 -0.293191 -0.956001 -0.0100391
-16.1505 75.5688 -6.89677 -0.278222 -0.960324 -0.0192204
-15.5177 75.3658 -5.97153 -0.27915 -0.960022 -0.0207994
-14.6897 75.101 -4.9652 -0.268808 -0.96251 -0.0362752
-14.0484 74.8977 -4.34031 -0.270656 -0.961867 -0.0394662
-13.2331 74.6406 -3.62769 -0.268109 -0.962325 -0.0449121
-12.0666 74.2763 -2.925 -0.270407 -0.961391 -0.0510566
-11.2411 74.0224 -2.47904 -0.259719 -0.962434 -0.0789528
-10.394 73.7364 -1.8214 -0.259139 -0.962122 -0.0846666
-9.59654 73.4496 -1.16206 -0.27005 -0.958034 -0.0961265
-8.75596 73.1646 -0.68765 -0.251591 -0.961111 -0.113876
-7.55573 72.7878 -0.257834 -0.263663 -0.95656 -0.124398
-6.49675 72.4733 0.0500072 -0.243589 -0.960053 -0.137705
-5.65871 72.2235 0.298519 -0.236833 -0.954524 -0.180355
-5.8653 72.1063 1.23977 -0.251534 -0.952119 -0.173782
-6.71755 72.3793 0.950635 -0.242639 -0.955753 -0.166319
-7.63379 72.6855 0.682713 -0.273569 -0.951412 -0.140256
-8.52444 72.9666 0.411404 -0.273041 -0.95384 -0.124601
-9.45047 73.281 0.0339254 -0.272988 -0.955904 -0.108284
-10.3621 73.6066 -0.535789 -0.28445 -0.954906 -0.0851042
-11.0485 73.8622 -1.10605 -0.282709 -0.956047 -0.0772846
-12.1357 74.2333 -1.88244 -0.274887 -0.959102 -0.0675316
-12.9171 74.4792 -2.31226 -0.276006 -0.959321 -0.058911
-13.9068 74.8021 -2.94546 -0.279537 -0.959245 -0.0413389
-14.7745 75.0794 -3.77316 -0.277589 -0.960067 -0.0342263
-15.607 75.3478 -4.54182 -0.278282 -0.959904 -0.0338195
-16.2617 75.5627 -5.29099 -0.276281 -0.960679 -0.0276349
-16.8602 75.7685 -6.18807 -0.29582 -0.954876 -0.0254478
-17.397 75.9512 -7.05541 -0.294037 -0.955755 -0.00867291
-17.768 76.0767 -7.96155 -0.302175 -0.953251 -0.00143031
-18.2465 76.2195 -9.15105 -0.291782 -0.956469 0.00348263
-18.6207 76.3279 -10.1946 -0.284651 -0.958559 0.0117732
-18.7994 76.3681 -11.3782 -0.29307 -0.955919 0.0164184
-18.9383 76.3863 -12.7386 -0.278103 -0.960454 0.0136707
-18.8767 76.3551 -13.6747 -0.278885 -0.96022 0.0141704
-18.7023 76.289 -14.9859 -0.285839 -0.958201 0.0105031
-18.5042 76.2146 -15.956 -0.28823 -0.957229 0.0233521
-18.254 76.1093 -17.0992 -0.279907 -0.959715 0.0244785
-18.0461 76.024 -17.9965 -0.273958 -0.96147 0.022867
-17.5921 75.8651 -19.2384 -0.274553 -0.961301 0.0228275
-17.0496 75.6779 -20.2626 -0.287633 -0.957471 0.0227382
-16.5373 75.4972 -21.0329 -0.289262 -0.956583 0.0356916
-15.9351 75.284 -21.797 -0.299034 -0.952489 0.0578156
-15.2327 75.0308 -22.3363 -0.296744 -0.952475 0.0680062
-14.4527 74.7319 -23.0465 -0.293298 -0.9516 0.0912424
-13.5959 74.3978 -23.7224 -0.289657 -0.951974 0.0992161
-12.4916 73.9531 -24.6099 -0.293527 -0.949426 0.111503
-11.7043 73.6205 -25.2645 -0.301235 -0.944615 0.130233
-10.9521 73.2983 -25.8616 -0.300084 -0.94367 0.139123
-10.0521 72.8869 -26.5196 -0.289769 -0.938127 0.189611
-9.23055 72.5217 -27.0117 -0.31292 -0.922056 0.227802
-8.25333 72.0984 -27.3584 -0.317837 -0.913848 0.252653
-7.48681 71.7389 -27.7208 -0.294833 -0.916925 0.268929
-6.67873 71.4222 -27.938 -0.285547 -0.921045 0.264837
-5.70956 71.0535 -28.1154 -0.275394 -0.913426 0.299685
-4.33467 70.5006 -28.3499 -0.274797 -0.887175 0.366581
-3.37084 70.139 -28.6174 -0.230864 -0.890652 0.391715
-2.53218 69.7979 -28.7704 -0.231706 -0.831735 0.502179
-0.966617 69.2269 -29.0039 -0.141364 -0.781208 0.599299
0.184281 68.9821 -29.2284 -0.011357 -0.760043 0.647954
1.61082 69.1032 -29.2734 0.165748 -0.786769 0.594528
2.54479 69.3435 -29.2054 0.228022 -0.790777 0.563345
3.73981 69.8185 -29.1092 0.266252 -0.814135 0.516037
4.57753 70.2567 -29.0224 0.362701 -0.829962 0.420143
5.39562 70.6415 -28.8722 0.393234 -0.839873 0.368605
6.51353 71.1825 -28.8867 0.407267 -0.865966 0.288559
7.52368 71.7402 -28.7528 0.461334 -0.853091 0.238847
8.42262 72.2147 -28.7152 0.431813 -0.883213 0.182954
9.60579 72.8395 -28.4931 0.426995 -0.888003 0.170025
10.6121 73.3509 -28.2189 0.39432 -0.906511 0.150827
11.4827 73.7984 -27.8207 0.414706 -0.901691 0.122059
12.5132 74.3092 -27.3701 0.39766 -0.911546 0.104422
13.3696 74.7234 -26.9088 0.391457 -0.915762 0.0902289
14.02 75.0291 -26.3878 0.372467 -0.925614 0.0671302
14.7866 75.3877 -25.7322 0.374888 -0.925906 0.0464465
15.4727 75.692 -25.2039 0.386723 -0.92109 0.0431758
16.4541 76.0972 -24.5138 0.359696 -0.932454 0.0338949
17.1477 76.379 -23.7669 0.361812 -0.931969 0.0205967
18.1101 76.7668 -22.8632 0.356819 -0.93417 0.00239326
18.919 77.0768 -21.9362 0.360603 -0.93268 -0.00857072
19.6928 77.3625 -20.9272 0.356046 -0.934388 -0.0122225
20.1518 77.5279 -20.1668 0.36734 -0.929671 -0.0276469
20.6639 77.7034 -19.2072 0.365907 -0.930312 -0.0251284
20.9951 77.7606 -17.7222 0.340605 -0.939336 -0.0399422
21.163 77.7842 -16.6854 0.343988 -0.938469 -0.0302205
21.2914 77.7885 -15.491 0.35354 -0.934552 -0.0402902
21.3468 77.7664 -14.4186 0.346407 -0.937599 -0.0301867
21.3083 77.7148 -13.4317 0.346069 -0.937262 -0.0421425
21.1637 77.6154 -12.3195 0.353291 -0.934935 -0.032807
21.0493 77.5379 -11.2659 0.356099 -0.934038 -0.0273067
20.8158 77.422 -10.1822 0.353366 -0.934897 -0.0315245
20.4909 77.2616 -9.14451 0.344067 -0.938299 -0.0348251
19.929 77.0142 -7.85194 0.338085 -0.940691 -0.0282733
19.3417 76.7687 -6.92504 0.347629 -0.936847 -0.0383698
18.6355 76.4697 -6.05319 0.346162 -0.93732 -0.0400159
17.9119 76.1654 -5.09772 0.338667 -0.940244 -0.034831
17.4245 75.9628 -4.31292 0.343595 -0.937257 -0.0554362
16.6097 75.601 -3.61513 0.348908 -0.933669 -0.0805008
15.8878 75.2595 -2.85898 0.341677 -0.935118 -0.0933429
15.2653 74.9568 -2.05606 0.332086 -0.938403 -0.0954944
14.4426 74.5968 -1.37245 0.334807 -0.937078 -0.0988205
13.5717 74.1991 -0.611864 0.336546 -0.935219 -0.109742
12.8532 73.8877 -0.151206 0.33007 -0.936827 -0.115798
11.49 73.324 0.331996 0.335364 -0.931137 -0.141718
10.2779 72.8747 0.619204 0.31327 -0.935003 -0.165195
9.40751 72.5286 0.834435 0.325291 -0.928754 -0.177768
8.52984 72.1921 1.18955 0.280717 -0.939104 -0.198198
7.67722 71.8413 1.59504 0.260546 -0.936009 -0.23513
6.6875 71.4289 2.2381 0.224468 -0.943128 -0.244937
5.77978 71.0887 2.85505 0.169089 -0.958305 -0.230341
4.79274 70.8024 3.32778 0.160343 -0.943164 -0.285092
3.59985 70.5264 3.72158 0.130939 -0.9555 -0.264338
2.35961 70.4252 3.80825 0.0610383 -0.960178 -0.271926
1.04553 70.409 3.76967 0.0122539 -0.959214 -0.282414
-0.506333 70.5284 3.56664 -0.0567407 -0.957139 -0.284016
-1.67164 70.7512 3.22444 -0.125523 -0.956431 -0.263596
-2.58506 70.9973 2.82311 -0.153589 -0.955765 -0.250844
-3.39675 71.2638 2.36099 -0.200895 -0.949517 -0.240837
-4.20796 71.5405 1.92291 -0.216255 -0.948107 -0.232325
-5.0075 71.8232 1.53605 -0.227328 -0.951862 -0.205624
-5.30486 71.9191 1.42109 -0.242842 -0.947352 -0.208049
-5.59298 72.0159 1.34117 -0.254945 -0.947481 -0.192128
