8.35816 76.3844 -26.0111 0.280724 -0.948998 0.143145
9.51691 76.8 -25.6043 0.282898 -0.950368 0.128716
10.2987 77.0833 -25.224 0.291764 -0.949457 0.115779
11.3335 77.4832 -24.4639 0.293108 -0.951204 0.0964293
12.1199 77.7865 -23.7828 0.280501 -0.95689 0.0753658
12.9619 78.0915 -23.0357 0.276018 -0.958777 0.0668744
13.7949 78.3858 -22.1915 0.282529 -0.957411 0.059511
14.4183 78.5974 -21.4361 0.281287 -0.95894 0.0362241
15.1037 78.8305 -20.4536 0.276666 -0.960549 0.0283196
15.57 78.9824 -19.6004 0.273945 -0.961658 0.0129558
15.9419 79.0952 -18.6154 0.271391 -0.962466 0.0026201
16.21 79.1701 -17.7587 0.270477 -0.96269 -0.00839862
16.4387 79.2156 -16.4747 0.266113 -0.963708 -0.0212364
16.553 79.2118 -15.2385 0.258346 -0.965458 -0.0338896
16.6756 79.2053 -14.1084 0.269394 -0.962137 -0.0413399
16.645 79.1552 -13.0926 0.266905 -0.962917 -0.0394043
16.5835 79.0786 -12.061 0.263285 -0.962678 -0.0627036
16.2641 78.9164 -10.8384 0.256876 -0.964596 -0.0597448
15.568 78.647 -9.58884 0.254268 -0.96437 -0.0730599
14.9919 78.4383 -8.83208 0.252267 -0.964541 -0.077414
14.3859 78.2146 -8.07055 0.251835 -0.964218 -0.08284
13.8314 78.0066 -7.35553 0.253681 -0.963616 -0.0841999
12.8974 77.6284 -6.08599 0.248359 -0.963308 -0.101762
12.277 77.3637 -5.21486 0.245335 -0.961946 -0.120298
11.6497 77.1084 -4.44527 0.229494 -0.964935 -0.127407
10.8848 76.8201 -3.68579 0.226839 -0.964082 -0.138164
9.84555 76.4639 -2.89532 0.20961 -0.965697 -0.153092
8.75106 76.1414 -2.36575 0.197827 -0.966003 -0.166126
7.63552 75.8319 -1.90424 0.18761 -0.967676 -0.168537
6.79094 75.5939 -1.40896 0.155519 -0.971947 -0.176387
6.00494 75.3815 -0.907026 0.149547 -0.970588 -0.188081
5.22504 75.1746 -0.399525 0.114054 -0.973997 -0.19576
4.20972 74.9338 0.247093 0.104531 -0.976793 -0.186944
3.1766 74.7336 0.790279 0.0646234 -0.975676 -0.209478
2.10864 74.6137 1.05182 0.0381066 -0.978212 -0.203488
0.898947 74.5837 1.09139 -0.00120589 -0.979868 -0.199518
-0.418492 74.6466 0.918367 -0.0431385 -0.979284 -0.197688
-1.51947 74.8467 0.270223 -0.0836967 -0.977363 -0.19431
-2.35288 75.0441 -0.37605 -0.0899405 -0.97962 -0.179585
-3.2242 75.2369 -0.972306 -0.109182 -0.977993 -0.177448
-4.1861 75.4622 -1.59693 -0.128172 -0.976917 -0.170493
-5.14108 75.6897 -2.19146 -0.130974 -0.978957 -0.156491
-6.14368 75.9441 -2.84568 -0.157534 -0.978131 -0.135235
-6.95566 76.1428 -3.38387 -0.160297 -0.979252 -0.123955
-7.77056 76.3504 -3.95135 -0.170398 -0.977921 -0.120615
-8.75913 76.6134 -4.68396 -0.181154 -0.978262 -0.100931
-9.55066 76.8255 -5.41037 -0.183247 -0.978524 -0.0939025
-10.1906 77.0077 -6.05548 -0.186118 -0.978942 -0.0838631
-10.8495 77.1912 -6.77569 -0.190441 -0.979356 -0.0670372
-11.498 77.3802 -7.61693 -0.196938 -0.978419 -0.0623797
-12.098 77.5501 -8.57274 -0.193414 -0.980022 -0.046342
-12.5338 77.674 -9.43117 -0.196998 -0.979861 -0.032614
-12.9206 77.7771 -10.2772 -0.193823 -0.980598 -0.0293118
-13.4452 77.9097 -11.6364 -0.196031 -0.98041 -0.0191735
-13.8092 77.9845 -12.8243 -0.193556 -0.981059 0.00526419
-13.9531 78.001 -13.8953 -0.192331 -0.981277 0.0101349
-13.8603 77.9589 -15.0651 -0.192038 -0.981137 0.0221578
-13.6827 77.8962 -15.9883 -0.192987 -0.980655 0.0327477
-13.4159 77.7881 -17.2739 -0.193636 -0.979688 0.052114
-13.0823 77.6558 -18.4038 -0.194336 -0.978567 0.0680862
-12.6886 77.5181 -19.2782 -0.193215 -0.978278 0.0747387
-12.1535 77.3369 -20.1807 -0.191108 -0.9782 0.0812588
-11.4843 77.1166 -21.0615 -0.20024 -0.974509 0.101178
-10.895 76.9158 -21.7817 -0.200179 -0.972209 0.121304
-10.1885 76.6684 -22.6328 -0.19663 -0.972031 0.128186
-9.51653 76.4383 -23.3023 -0.20038 -0.969609 0.140261
-8.6874 76.1566 -24.0201 -0.19138 -0.970277 0.147575
-7.85568 75.888 -24.6988 -0.18298 -0.965734 0.184056
-7.11426 75.6602 -25.1578 -0.182345 -0.965949 0.183558
-6.32756 75.4384 -25.5434 -0.170463 -0.967023 0.188782
-5.43963 75.246 -25.8603 -0.137398 -0.969273 0.202587
-4.54565 75.0587 -26.0895 -0.144166 -0.963583 0.225221
-3.63301 74.909 -26.2605 -0.109089 -0.969402 0.219907
-2.11284 74.7491 -26.4063 -0.0549217 -0.96786 0.245418
-0.583122 74.6739 -26.4464 -0.0253105 -0.971461 0.235846
0.769046 74.6937 -26.4861 0.0549392 -0.965637 0.253671
1.6759 74.7564 -26.4957 0.120326 -0.962421 0.243307
2.68598 74.8831 -26.522 0.145421 -0.959978 0.238455
3.81951 75.0761 -26.5404 0.169527 -0.957675 0.232635
5.10282 75.3756 -26.5121 0.236801 -0.951494 0.195271
6.48321 75.7738 -26.4007 0.249447 -0.951193 0.180997
7.3351 76.0424 -26.2618 0.282306 -0.946574 0.155886
8.08923 76.2961 -26.0868 0.276709 -0.948985 0.150988
8.16758 76.1581 -27.0119 0.293512 -0.941466 0.165224
9.62353 76.693 -26.5576 0.299244 -0.944194 0.137392
10.4233 77.0032 -26.218 0.300452 -0.945523 0.12456
11.602 77.4716 -25.4426 0.307858 -0.944776 0.112345
12.7464 77.9231 -24.4462 0.290124 -0.953585 0.0796362
13.4246 78.1674 -23.8591 0.290137 -0.954486 0.0689249
14.3566 78.5088 -22.9557 0.288048 -0.956148 0.0530098
15.0021 78.7416 -22.1896 0.283495 -0.958396 0.0332863
15.5224 78.9209 -21.4598 0.286224 -0.957568 0.0336449
16.0196 79.0901 -20.6854 0.28073 -0.959361 0.0285879
16.6087 79.2822 -19.4056 0.275667 -0.961203 0.00842471
16.9897 79.3948 -18.3666 0.272541 -0.962119 -0.00256596
17.2513 79.4616 -17.3594 0.278297 -0.960389 -0.0123376
17.3417 79.4697 -16.4588 0.275609 -0.96108 -0.0191127
17.4205 79.468 -15.5269 0.275205 -0.960909 -0.0302631
17.5322 79.4647 -14.5148 0.271732 -0.961678 -0.0365545
17.5548 79.4021 -12.957 0.277932 -0.959718 -0.0406123
17.4 79.2705 -11.4601 0.273942 -0.960093 -0.0563582
17.1675 79.1492 -10.5981 0.268615 -0.961454 -0.0584479
16.6372 78.934 -9.51597 0.263801 -0.962209 -0.0675519
16.108 78.7378 -8.80193 0.263313 -0.961465 -0.0790674
15.2934 78.4299 -7.75733 0.2623 -0.961817 -0.0781449
14.744 78.2186 -7.06849 0.26516 -0.959386 -0.0962084
13.9541 77.9 -6.03251 0.26297 -0.958941 -0.105712
13.4112 77.6591 -5.24545 0.258703 -0.959322 -0.113023
12.6629 77.3295 -4.19563 0.24239 -0.961304 -0.130924
11.9772 77.0516 -3.43376 0.244602 -0.960483 -0.132824
11.2146 76.7567 -2.72118 0.234534 -0.961863 -0.140758
10.2464 76.4115 -2.03873 0.227087 -0.960913 -0.157764
9.43281 76.163 -1.63643 0.220277 -0.961451 -0.16459
8.46313 75.8851 -1.28883 0.194112 -0.96573 -0.172123
7.69147 75.6592 -0.881482 0.185545 -0.963399 -0.193481
6.86466 75.4047 -0.382155 0.178311 -0.965639 -0.18907
5.86033 75.1236 0.277232 0.129596 -0.97326 -0.189656
5.02691 74.8963 0.820894 0.113101 -0.969388 -0.21755
4.15723 74.6907 1.35352 0.0825329 -0.97542 -0.204312
3.34616 74.543 1.73118 0.0817215 -0.972907 -0.215941
1.9583 74.4114 1.99379 0.0476114 -0.97568 -0.213914
1.04644 74.3942 2.00812 0.00602803 -0.97353 -0.228481
-0.134589 74.4201 1.98041 -0.0321305 -0.976736 -0.212026
-1.18727 74.5365 1.64838 -0.0693259 -0.975086 -0.210484
-2.00044 74.7257 1.08579 -0.0799754 -0.975221 -0.205909
-2.71276 74.909 0.512465 -0.105885 -0.975714 -0.191754
-3.5085 75.1062 -0.0773023 -0.109178 -0.977992 -0.177458
-4.29135 75.2988 -0.573214 -0.137557 -0.975395 -0.172282
-5.18942 75.5242 -1.12698 -0.147518 -0.974427 -0.1692
-5.98254 75.7301 -1.61305 -0.159693 -0.975701 -0.150017
-6.87966 75.9642 -2.19708 -0.156715 -0.976558 -0.147566
-7.85691 76.2377 -2.87146 -0.178722 -0.975528 -0.127562
-8.71817 76.4718 -3.50273 -0.18264 -0.976004 -0.118574
-9.4336 76.6711 -4.04178 -0.189309 -0.975181 -0.114551
-10.0988 76.8617 -4.65439 -0.19275 -0.976825 -0.0930601
-10.7423 77.0485 -5.30725 -0.195867 -0.977053 -0.0830948
-11.4016 77.2482 -6.02619 -0.201758 -0.976308 -0.0779848
-12.1346 77.4636 -6.91471 -0.199016 -0.977518 -0.0695262
-12.7919 77.6558 -7.89912 -0.205684 -0.977228 -0.0521365
-13.3306 77.8187 -8.99423 -0.203943 -0.978071 -0.0422134
-13.7738 77.9415 -9.95839 -0.204875 -0.978459 -0.0253661
-14.2391 78.0615 -11.1397 -0.202675 -0.979123 -0.0155538
-14.569 78.1348 -12.1257 -0.19837 -0.980123 0.00301147
-14.8951 78.1927 -13.4858 -0.19628 -0.980506 0.00908586
-14.8592 78.1628 -14.7831 -0.196633 -0.980164 0.0247689
-14.6033 78.074 -16.0952 -0.193531 -0.980563 0.0322791
-14.4195 78.0003 -17.0451 -0.196367 -0.979138 0.0522302
-14.1723 77.8923 -18.147 -0.195257 -0.978868 0.0601488
-13.6843 77.7115 -19.3687 -0.207287 -0.975847 0.0684485
-13.1359 77.5172 -20.3897 -0.204236 -0.976024 0.0752601
-12.4255 77.274 -21.3731 -0.203462 -0.973279 0.106253
-11.8333 77.0737 -22.1005 -0.201096 -0.972778 0.114876
-11.1971 76.8362 -22.9219 -0.207039 -0.970307 0.125005
-10.5165 76.6004 -23.5968 -0.203582 -0.970141 0.13164
-9.74693 76.3283 -24.3379 -0.198328 -0.967286 0.15819
-8.74285 75.9672 -25.2145 -0.199981 -0.964101 0.174562
-7.6625 75.6098 -25.9444 -0.190525 -0.962295 0.193751
-6.81444 75.3713 -26.3528 -0.183045 -0.961504 0.204521
-5.94173 75.1328 -26.6712 -0.162485 -0.962191 0.217863
-4.62064 74.8583 -26.9965 -0.152752 -0.959111 0.23766
-3.50795 74.6624 -27.1865 -0.120717 -0.960026 0.252543
-2.37619 74.5411 -27.3029 -0.0590259 -0.969244 0.238918
-1.31163 74.4688 -27.3358 -0.0310142 -0.961662 0.272391
-0.146251 74.4204 -27.3574 -0.0350752 -0.963047 0.26704
0.86162 74.4502 -27.385 0.0473074 -0.963918 0.261898
2.2327 74.5967 -27.3898 0.132216 -0.954104 0.266952
3.13117 74.7416 -27.4171 0.162095 -0.95354 0.253941
4.32284 74.9837 -27.4362 0.225329 -0.946501 0.231005
5.43925 75.2774 -27.4154 0.262002 -0.942075 0.209123
6.38667 75.5437 -27.3613 0.254342 -0.945696 0.202408
7.28024 75.8566 -27.2269 0.290577 -0.940095 0.177676
8.02486 76.1097 -27.0458 0.280389 -0.945037 0.168188
8.17065 75.9968 -27.95 0.31086 -0.937882 0.153799
9.00296 76.3091 -27.7389 0.315085 -0.937869 0.145336
9.89636 76.6602 -27.4407 0.321767 -0.937207 0.133751
10.9355 77.0647 -27.0039 0.318015 -0.940323 0.121042
11.8796 77.4484 -26.4164 0.310493 -0.944591 0.106498
12.9789 77.8992 -25.4619 0.302288 -0.949737 0.0813795
13.6592 78.1655 -24.8724 0.292166 -0.95333 0.07611
14.6688 78.5432 -23.9762 0.291558 -0.953721 0.0735604
15.696 78.9261 -22.7854 0.288797 -0.95562 0.0581738
16.4535 79.1923 -21.7351 0.286768 -0.957558 0.0284568
17.0383 79.3884 -20.7044 0.278801 -0.960177 0.0174775
17.4835 79.5309 -19.657 0.275669 -0.961203 0.00843075
17.7961 79.6273 -18.8179 0.284254 -0.958727 0.006545
18.095 79.7116 -17.8388 0.281674 -0.959487 -0.00655018
18.2201 79.7282 -16.7934 0.275579 -0.96109 -0.019026
18.3235 79.7255 -15.4618 0.281124 -0.959304 -0.026372
18.4458 79.7242 -14.4393 0.282747 -0.958515 -0.0360973
18.4998 79.6958 -13.3015 0.280794 -0.958603 -0.0464004
18.4256 79.6083 -12.1786 0.278391 -0.958697 -0.0582971
18.2779 79.5097 -11.2756 0.279472 -0.95811 -0.0624833
18.0691 79.3951 -10.406 0.276219 -0.959212 -0.060126
17.748 79.2438 -9.5677 0.271146 -0.960076 -0.068579
17.0642 78.984 -8.56026 0.2693 -0.960363 -0.0718419
16.4006 78.731 -7.72867 0.272455 -0.959259 -0.0747693
15.6498 78.4415 -6.76366 0.264733 -0.96006 -0.0902406
15.0567 78.1957 -5.97364 0.270388 -0.958126 -0.0942008
14.301 77.8698 -4.96992 0.277699 -0.954444 -0.109053
13.705 77.5862 -4.02159 0.257702 -0.958396 -0.122729
13.0622 77.3034 -3.22453 0.25366 -0.957328 -0.13849
12.3183 76.9972 -2.46224 0.252617 -0.957728 -0.137632
11.5765 76.709 -1.81689 0.24069 -0.957993 -0.155937
10.2513 76.2381 -0.969186 0.246235 -0.95441 -0.168133
8.96905 75.8419 -0.47483 0.221123 -0.956837 -0.188593
7.88043 75.5107 0.038857 0.195742 -0.96253 -0.187291
6.92351 75.2049 0.659226 0.175704 -0.962949 -0.204588
5.99963 74.9242 1.26552 0.126301 -0.968502 -0.214594
5.09711 74.6758 1.86296 0.127579 -0.96818 -0.215266
4.10523 74.4457 2.41623 0.0733221 -0.97281 -0.219396
2.90826 74.2756 2.82883 0.0584868 -0.975048 -0.214012
1.72819 74.1995 2.92609 0.0439868 -0.97649 -0.211029
0.421998 74.1909 2.94395 -0.0336038 -0.976392 -0.213377
-0.534926 74.2262 2.92294 -0.0383856 -0.971028 -0.235491
-1.48379 74.3589 2.5915 -0.058014 -0.973669 -0.219794
-2.49125 74.5905 1.91462 -0.107315 -0.971545 -0.211147
-3.54871 74.889 1.04086 -0.120521 -0.972494 -0.198318
-4.29504 75.1045 0.500941 -0.133403 -0.973792 -0.18421
-5.25935 75.3634 -0.115295 -0.155534 -0.971806 -0.176832
-6.2197 75.6118 -0.668172 -0.167016 -0.972891 -0.159504
-7.25316 75.9028 -1.31669 -0.176458 -0.972339 -0.153034
-8.34888 76.2161 -2.08657 -0.189289 -0.972779 -0.133143
-9.2219 76.4801 -2.73348 -0.197568 -0.973021 -0.118844
-9.92865 76.6825 -3.26325 -0.196927 -0.97412 -0.110947
-10.8444 76.9522 -4.07981 -0.201026 -0.97485 -0.0957081
-11.4835 77.1588 -4.7671 -0.207966 -0.973986 -0.0896915
-12.321 77.4142 -5.67785 -0.207971 -0.974577 -0.0833573
-13.0701 77.6374 -6.57643 -0.206658 -0.975927 -0.0697097
-13.6217 77.8083 -7.49322 -0.204767 -0.977461 -0.0513787
-14.2449 77.9993 -8.78567 -0.202654 -0.978388 -0.0410776
-14.7595 78.1478 -9.96096 -0.211893 -0.977077 -0.0205428
-15.1392 78.2442 -10.9514 -0.20609 -0.978499 -0.00812283
-15.5573 78.3363 -12.1749 -0.202814 -0.979217 0.000828909
-15.8557 78.3891 -13.4672 -0.202254 -0.979251 0.0126502
-15.8362 78.3655 -14.5413 -0.200685 -0.979317 0.0255412
-15.6422 78.2976 -15.6269 -0.197448 -0.979717 0.0341865
-15.4191 78.2138 -16.7407 -0.195493 -0.980139 0.0332294
-15.1493 78.0968 -18.0328 -0.200336 -0.978529 0.0484467
-14.734 77.9411 -19.2514 -0.204351 -0.977103 0.0591875
-14.1477 77.7168 -20.5365 -0.203389 -0.975213 0.0869559
-13.4673 77.4773 -21.572 -0.204881 -0.973745 0.0989211
-12.6615 77.1871 -22.5731 -0.201818 -0.971496 0.124352
-11.9701 76.9318 -23.4554 -0.202987 -0.971434 0.122921
-11.0962 76.6113 -24.3601 -0.20544 -0.967166 0.149612
-10.246 76.2961 -25.1603 -0.204342 -0.966111 0.157596
-9.58386 76.0492 -25.753 -0.206128 -0.962518 0.176269
-8.52766 75.676 -26.511 -0.199192 -0.959225 0.200524
-7.35235 75.2995 -27.137 -0.193422 -0.958388 0.209952
-6.2939 75.0087 -27.5291 -0.179617 -0.960481 0.212635
-5.17556 74.7309 -27.8309 -0.160147 -0.954323 0.25223
-4.15432 74.5287 -28.0193 -0.123751 -0.960744 0.248309
-3.26544 74.3802 -28.1271 -0.113009 -0.958159 0.262351
-1.8861 74.2313 -28.2127 -0.051527 -0.956859 0.284782
-0.645903 74.1863 -28.248 -0.0307128 -0.954251 0.296734
0.457867 74.2046 -28.2518 0.056274 -0.952657 0.294897
1.46373 74.2561 -28.2494 0.0774609 -0.960194 0.266251
2.51536 74.4114 -28.2732 0.158432 -0.954936 0.250993
3.90937 74.6692 -28.3342 0.221609 -0.948124 0.227927
5.42409 75.0658 -28.3164 0.269658 -0.938456 0.215834
7.0351 75.5762 -28.2262 0.297315 -0.932191 0.206453
7.96763 75.923 -27.9996 0.290577 -0.940095 0.177676
8.00707 75.9364 -27.99 0.293512 -0.941466 0.165225
8.32434 75.8795 -28.8631 0.328507 -0.926986 0.181051
9.34353 76.288 -28.6136 0.321272 -0.93265 0.163005
10.1851 76.6238 -28.3184 0.328019 -0.933226 0.146602
11.0192 76.9653 -27.9956 0.31801 -0.940326 0.121033
11.991 77.359 -27.5137 0.315014 -0.941683 0.118133
12.7034 77.6579 -26.9548 0.309856 -0.944772 0.106746
13.378 77.9421 -26.3687 0.306018 -0.946357 0.103735
14.1701 78.2579 -25.6554 0.292811 -0.952928 0.0786706
14.975 78.5595 -24.9784 0.291551 -0.953722 0.073568
15.7256 78.8511 -24.1736 0.289435 -0.954906 0.0656669
16.461 79.1287 -23.2724 0.290299 -0.955141 0.0585898
17.2173 79.4012 -22.1973 0.281132 -0.958902 0.0383646
17.8385 79.6128 -21.1102 0.279056 -0.959969 0.0241134
18.3791 79.793 -19.8652 0.285807 -0.958176 0.0146168
18.744 79.9083 -18.8191 0.292316 -0.956239 0.00901966
19.0894 80.0004 -17.603 0.281507 -0.959438 -0.0141379
19.1466 79.9926 -16.4853 0.281364 -0.959358 -0.021614
19.2887 80.001 -15.2583 0.280043 -0.959545 -0.0291526
19.3836 79.992 -14.2061 0.288826 -0.956759 -0.0338712
19.4192 79.9609 -13.1955 0.289663 -0.955814 -0.0501423
19.3418 79.8821 -12.2097 0.287817 -0.955999 -0.0568068
19.1702 79.7674 -11.188 0.282721 -0.957008 -0.0648374
18.9614 79.6435 -10.2698 0.279467 -0.958111 -0.0624904
18.5978 79.46 -9.18568 0.275889 -0.958549 -0.0711942
17.9583 79.2088 -8.22081 0.274501 -0.959336 -0.0657473
17.2467 78.9442 -7.38343 0.272418 -0.959248 -0.0750406
16.6721 78.7202 -6.62552 0.275571 -0.957468 -0.0852027
16.1181 78.4887 -5.88196 0.273867 -0.957337 -0.0921963
15.4449 78.2061 -5.02836 0.276293 -0.955353 -0.104706
14.9306 77.9706 -4.26395 0.2777 -0.953089 -0.120228
14.453 77.7285 -3.48185 0.275351 -0.952941 -0.126826
13.9234 77.4796 -2.7914 0.278636 -0.951497 -0.13044
13.0038 77.0826 -1.82391 0.250428 -0.956942 -0.14679
12.0037 76.6778 -0.936321 0.255276 -0.954495 -0.154188
11.0457 76.3193 -0.291305 0.25148 -0.950821 -0.180826
10.1227 76.0087 0.0899496 0.236819 -0.955235 -0.17732
9.20581 75.7217 0.412905 0.211446 -0.957473 -0.19623
8.24191 75.4176 0.870698 0.201258 -0.959612 -0.196445
7.29611 75.0926 1.48875 0.182652 -0.959148 -0.215518
6.35526 74.7926 2.10835 0.165638 -0.963428 -0.210642
5.57106 74.5593 2.66058 0.126165 -0.963956 -0.233683
4.36614 74.2626 3.29216 0.0822111 -0.970493 -0.225659
3.50591 74.1246 3.63368 0.0626256 -0.970109 -0.234448
2.61862 74.0226 3.81857 0.0626566 -0.970099 -0.234482
1.70358 73.9759 3.84588 0.0361394 -0.968114 -0.247888
0.446465 73.9699 3.86841 -0.0254412 -0.971097 -0.237326
-0.779159 74.0171 3.84448 -0.0515279 -0.970877 -0.23397
-1.86293 74.17 3.47626 -0.0709587 -0.971027 -0.22819
-2.71682 74.3763 2.95355 -0.107897 -0.965409 -0.237367
-3.4164 74.5814 2.38687 -0.115576 -0.968102 -0.221768
-4.14285 74.8202 1.76652 -0.130252 -0.967025 -0.218855
-5.03206 75.0973 1.07125 -0.135289 -0.968727 -0.207632
-6.24203 75.4347 0.382558 -0.170532 -0.969545 -0.17579
-7.39948 75.7676 -0.289656 -0.176446 -0.970089 -0.166242
-8.33527 76.0556 -0.963102 -0.197359 -0.96993 -0.142423
-9.26316 76.3428 -1.61931 -0.199438 -0.971611 -0.127263
-10.2479 76.6461 -2.36683 -0.213477 -0.97031 -0.113648
-11.0502 76.8864 -2.99579 -0.209986 -0.97248 -0.100942
-11.9782 77.1901 -3.94572 -0.218928 -0.971814 -0.0874522
-12.6251 77.3998 -4.66625 -0.220296 -0.972802 -0.0715903
-13.5888 77.6942 -5.71458 -0.219531 -0.973302 -0.066869
-14.3589 77.9417 -6.90717 -0.216223 -0.974511 -0.0598048
-14.928 78.1232 -8.09677 -0.215146 -0.97563 -0.0431137
-15.3626 78.2539 -9.08501 -0.208843 -0.977515 -0.0291517
-15.7167 78.3546 -9.9236 -0.210368 -0.977296 -0.0248473
-16.273 78.4901 -11.4367 -0.210132 -0.977628 -0.00937388
-16.6037 78.5556 -12.4095 -0.209937 -0.977701 0.00512959
-16.8131 78.5891 -13.4177 -0.207474 -0.978144 0.0132081
-16.7985 78.563 -14.6352 -0.205288 -0.978357 0.0258818
-16.552 78.4777 -15.7799 -0.203687 -0.97847 0.0332132
-16.3535 78.4051 -16.7576 -0.200808 -0.978912 0.0371228
-16.2003 78.334 -17.6753 -0.203042 -0.978104 0.0454564
-15.8157 78.1793 -18.9697 -0.203317 -0.977146 0.0620275
-15.4627 78.0455 -19.8561 -0.20131 -0.97614 0.0813943
-15.0715 77.892 -20.7297 -0.20175 -0.976042 0.0814824
-14.3514 77.6227 -21.9451 -0.200503 -0.974805 0.0977422
-13.5209 77.3091 -23.0148 -0.206104 -0.97056 0.124574
-12.7888 77.0295 -23.9406 -0.195281 -0.970792 0.139386
-12.0372 76.7461 -24.7724 -0.199732 -0.967624 0.154252
-11.0446 76.3673 -25.7273 -0.205102 -0.963391 0.172659
-10.247 76.0691 -26.4197 -0.206697 -0.962399 0.176253
-9.44517 75.7711 -27.0097 -0.218628 -0.954715 0.201795
-8.53585 75.4494 -27.5774 -0.205348 -0.955424 0.212127
-7.61401 75.1571 -28.0115 -0.197083 -0.954688 0.223
-6.70163 74.8904 -28.3437 -0.198239 -0.954322 0.22354
-5.65289 74.6167 -28.6422 -0.179321 -0.953577 0.241809
-4.43883 74.3355 -28.8778 -0.145836 -0.956715 0.251123
-3.34005 74.1467 -29.0181 -0.124035 -0.957652 0.259732
-2.09914 73.9904 -29.0919 -0.0988459 -0.95523 0.278864
-1.19079 73.9121 -29.1311 -0.0521938 -0.953515 0.295526
-0.16701 73.8825 -29.1559 0.00801921 -0.953488 0.301324
1.149 73.9388 -29.1141 0.103527 -0.94191 0.316067
2.05376 74.0724 -29.1259 0.143443 -0.945616 0.291948
2.97232 74.2157 -29.1759 0.2208 -0.938531 0.265342
3.9091 74.4193 -29.2351 0.219798 -0.93898 0.264582
5.0477 74.7322 -29.2197 0.278493 -0.930311 0.238669
6.02242 75.0288 -29.207 0.305272 -0.928542 0.21123
7.24219 75.4443 -29.1203 0.313433 -0.929366 0.193944
8.24477 75.8468 -28.8855 0.329551 -0.926541 0.181435
8.6661 75.8371 -29.7124 0.354362 -0.918156 0.177074
7.39824 75.3093 -30.0156 0.328276 -0.920959 0.209929
6.55649 74.9863 -30.0901 0.318062 -0.920277 0.226861
5.36784 74.5875 -30.1061 0.296072 -0.920573 0.253782
4.02125 74.1595 -30.1345 0.256795 -0.91719 0.300598
2.8926 73.9225 -30.068 0.229059 -0.911963 0.339406
1.97177 73.7459 -30.0201 0.154287 -0.912308 0.379328
0.804055 73.575 -30.0095 0.0562934 -0.927505 0.365824
-0.12195 73.5671 -30.0169 -0.0108912 -0.932743 0.359621
-1.50933 73.6525 -29.9951 -0.0749388 -0.932639 0.352944
-2.58779 73.7888 -29.9643 -0.118816 -0.94708 0.298199
-3.53603 73.9269 -29.9036 -0.122848 -0.948206 0.29286
-4.61438 74.1281 -29.8254 -0.160958 -0.957483 0.239413
-5.94619 74.4444 -29.5109 -0.179944 -0.951515 0.249479
-6.8186 74.7045 -29.2179 -0.197444 -0.952244 0.232911
-7.9643 75.0326 -28.8608 -0.201238 -0.952951 0.226612
-8.92384 75.3436 -28.3875 -0.200841 -0.954102 0.222156
-9.76809 75.6572 -27.885 -0.220814 -0.951911 0.212204
-10.8027 76.0485 -27.1741 -0.214711 -0.95732 0.192769
-11.5775 76.3274 -26.5675 -0.213852 -0.960373 0.178558
-12.2892 76.6028 -25.8975 -0.206564 -0.963116 0.172447
-13.0123 76.875 -25.2076 -0.198447 -0.96728 0.158075
-13.575 77.1132 -24.4439 -0.194595 -0.96554 0.172174
-14.1857 77.3494 -23.7652 -0.211468 -0.967852 0.136174
-14.7677 77.5766 -23.0064 -0.207079 -0.969805 0.128828
-15.4073 77.8452 -21.9734 -0.220747 -0.970974 0.0919691
-16.0584 78.0862 -21.0137 -0.215576 -0.972799 0.0838856
-16.4986 78.2875 -19.6676 -0.222452 -0.972696 0.0651554
-16.8431 78.4183 -18.7182 -0.211974 -0.975934 0.050145
-17.2175 78.5561 -17.3665 -0.202818 -0.978343 0.0413429
-17.4298 78.6548 -16.0329 -0.214731 -0.976145 0.0321197
-17.6856 78.7396 -15.0622 -0.20592 -0.978286 0.0234863
-17.7811 78.7973 -13.4449 -0.207703 -0.978016 0.0180793
-17.6364 78.7788 -12.3425 -0.210981 -0.977479 0.00468409
-17.2069 78.6926 -11.3561 -0.217998 -0.975879 0.0116425
-16.7327 78.5903 -10.1298 -0.229117 -0.973382 0.00578351
-16.1301 78.4145 -8.59967 -0.226054 -0.973832 -0.0234846
-15.6026 78.2458 -7.35343 -0.228379 -0.972806 -0.0386123
-14.987 78.0404 -6.14647 -0.228494 -0.972132 -0.052434
-14.3982 77.8533 -5.27125 -0.240159 -0.969099 -0.0563084
-13.7323 77.643 -4.49272 -0.236706 -0.969216 -0.0668463
-13.0625 77.4248 -3.75801 -0.234744 -0.969225 -0.0741486
-12.2696 77.1594 -2.88569 -0.236896 -0.967273 -0.0908764
-11.6285 76.9472 -2.28096 -0.237804 -0.966268 -0.0985087
-10.9579 76.7254 -1.71831 -0.210725 -0.971105 -0.112023
-10.198 76.4971 -1.20691 -0.216219 -0.969515 -0.115286
-9.46121 76.2537 -0.675508 -0.216041 -0.966646 -0.137475
-8.599 75.9532 0.0289814 -0.210666 -0.96367 -0.163346
-7.83493 75.7018 0.601028 -0.195087 -0.966747 -0.165354
-6.73996 75.3852 1.12799 -0.198315 -0.960984 -0.192777
-5.91845 75.1206 1.66504 -0.166605 -0.963392 -0.210044
-5.14172 74.8741 2.19573 -0.162881 -0.964676 -0.207051
-4.14168 74.5336 3.0076 -0.121311 -0.964156 -0.235981
-3.28896 74.2577 3.68629 -0.114781 -0.963711 -0.240803
-2.23996 73.9868 4.33624 -0.0844708 -0.967416 -0.238336
-1.32431 73.8435 4.67776 -0.0505425 -0.970511 -0.2357
-0.380851 73.7534 4.83399 -0.0385305 -0.969717 -0.240701
0.663002 73.7324 4.81703 -0.0244374 -0.970686 -0.239097
1.79177 73.7424 4.79023 0.0120801 -0.966727 -0.255284
3.39766 73.8678 4.58608 0.0552614 -0.959238 -0.277143
4.91519 74.1434 4.08375 0.101204 -0.96366 -0.245458
5.97132 74.3335 3.72833 0.112365 -0.965741 -0.233069
6.82412 74.6981 2.82684 0.154843 -0.955783 -0.249919
7.88678 75.061 2.15747 0.193083 -0.952069 -0.236722
8.7237 75.3504 1.63913 0.213425 -0.947984 -0.234807
9.79127 75.6708 1.32066 0.22685 -0.953533 -0.197858
10.9696 76.1062 0.777979 0.270945 -0.946414 -0.175134
12.2719 76.6017 0.0101324 0.263919 -0.951947 -0.155058
13.0523 76.9097 -0.614389 0.258244 -0.954925 -0.146376
13.8446 77.2426 -1.35763 0.258347 -0.952948 -0.158576
14.6026 77.5847 -2.16829 0.279482 -0.949937 -0.139676
15.3604 77.961 -3.16191 0.292743 -0.947009 -0.131361
15.8248 78.2022 -3.93242 0.297337 -0.947539 -0.117306
16.3281 78.4309 -4.67033 0.286507 -0.953424 -0.0943218
16.855 78.6619 -5.39668 0.287697 -0.95355 -0.0891217
17.8226 79.0673 -6.69386 0.288576 -0.954474 -0.0750251
18.4409 79.2973 -7.3615 0.277634 -0.959276 -0.052052
19.0804 79.5257 -8.17014 0.272508 -0.95969 -0.0688107
19.538 79.7125 -8.95715 0.273078 -0.959434 -0.0701
19.8807 79.9211 -10.3014 0.281892 -0.955459 -0.0873838
20.0848 80.0495 -11.259 0.292453 -0.954324 -0.0611289
20.2074 80.1436 -12.1911 0.291434 -0.954974 -0.0555883
20.3655 80.2536 -13.2759 0.291025 -0.955265 -0.0526566
20.3242 80.2867 -14.3327 0.288992 -0.957027 -0.0204012
20.2109 80.2782 -15.5634 0.277889 -0.960158 -0.0295703
20.0951 80.2778 -16.5315 0.29404 -0.955479 -0.0245145
19.9236 80.2664 -18.0225 0.298678 -0.953997 -0.0258307
19.6913 80.2048 -18.9699 0.300377 -0.953751 0.0114962
19.2619 80.0541 -20.0179 0.286972 -0.957691 0.0211304
18.8585 79.9154 -21.1501 0.28503 -0.958392 0.0155503
18.3559 79.7428 -22.0436 0.287965 -0.957201 0.0288084
17.6728 79.5022 -23.098 0.287565 -0.957208 0.0325523
17.1137 79.2938 -23.8976 0.297243 -0.953403 0.0516618
16.3289 78.9862 -24.8652 0.298811 -0.951748 0.0698421
15.248 78.5646 -25.9769 0.296198 -0.952047 0.0766209
14.4217 78.2485 -26.7031 0.305074 -0.947854 0.0915252
13.7756 77.9735 -27.286 0.312664 -0.94518 0.0940734
12.9814 77.6289 -27.9646 0.309603 -0.943886 0.115
11.9837 77.222 -28.5558 0.324198 -0.936909 0.130357
11.2023 76.897 -28.8955 0.329792 -0.933646 0.139782
10.0207 76.3974 -29.3817 0.340722 -0.927383 0.154465
9.36341 76.1169 -29.6004 0.34341 -0.92621 0.155578
8.9366 75.9453 -29.6804 0.345603 -0.923732 0.164865
