1.7915 52.2827 -37.7391 -0.0401601 -0.17338 0.982171
1.19876 52.7963 -37.6349 -0.030318 -0.232292 0.972173
1.83987 53.3525 -37.5149 0.0200067 -0.189206 0.981734
1.98183 52.4828 -37.6854 -0.00515871 -0.210746 0.976954
2.66445 52.058 -37.7733 0.020072 -0.162084 0.986573
2.80207 52.9772 -37.6076 0.0219581 -0.189968 0.981545
2.29417 54.0455 -37.422 0.00708155 -0.135418 0.990763
1.4747 54.4808 -37.3596 -0.0688786 -0.165705 0.983006
0.705048 53.9687 -37.4968 -0.113338 -0.0833702 0.990052
0.415132 52.9449 -37.7021 -0.148888 -0.202468 0.967904
0.553845 52.0365 -37.8749 -0.168477 -0.182846 0.968067
1.1658 51.2719 -37.919 -0.103402 -0.168293 0.980299
2.13317 51.3417 -37.873 0.0349709 -0.154832 0.987322
2.53364 51.7233 -37.8256 0.0200722 -0.162087 0.986572
3.29259 51.4534 -37.9304 0.156725 -0.25401 0.954419
3.60037 52.3302 -37.7476 0.0883994 -0.208047 0.970496
3.49285 53.4596 -37.5428 0.0385017 -0.174828 0.983846
2.99885 54.4633 -37.37 0.0193149 -0.140422 0.989815
2.22275 55.1079 -37.267 0.0107246 -0.15267 0.988219
1.20619 55.3779 -37.2491 -0.0455381 -0.135595 0.989717
0.291904 54.811 -37.4051 -0.118345 -0.188361 0.974563
-0.251694 53.7849 -37.6684 -0.154036 -0.15365 0.976045
-0.346118 52.3968 -37.9456 -0.235082 -0.196799 0.951844
0.020024 51.3559 -38.0804 -0.215709 -0.199429 0.95388
0.626881 50.6472 -38.114 -0.125381 -0.293485 0.942566
1.55532 50.3833 -38.1693 -0.0296975 -0.300919 0.953177
2.43077 50.611 -38.0841 -0.0176379 -0.287605 0.957587
3.02196 51.0713 -37.9877 0.15686 -0.253003 0.954664
3.52038 50.4827 -38.225 0.156997 -0.251996 0.954908
2.72921 49.8726 -38.3003 -0.0170963 -0.286403 0.957956
1.83479 49.6103 -38.3938 -0.0165482 -0.285203 0.958324
0.707706 49.7192 -38.4006 -0.0319234 -0.290515 0.956303
-0.205608 50.3603 -38.4029 -0.237619 -0.267852 0.933326
-0.839721 51.3644 -38.3295 -0.292166 -0.243696 0.924798
-1.11262 52.284 -38.1583 -0.259389 -0.227393 0.937701
-1.12358 53.3116 -37.9224 -0.219156 -0.234938 0.946982
-0.892271 54.3453 -37.6697 -0.146714 -0.183281 0.972051
-0.440696 55.194 -37.4427 -0.149161 -0.143989 0.977553
0.43719 56.0277 -37.254 -0.101432 -0.056415 0.993242
1.36267 56.2651 -37.177 -0.0550514 -0.0629506 0.996497
2.63765 55.8677 -37.197 0.0396032 -0.0861316 0.995496
3.74325 54.8807 -37.3659 0.078835 -0.106934 0.991136
4.3173 53.6131 -37.6065 0.159343 -0.192149 0.968341
4.41495 52.3049 -37.8962 0.175702 -0.215782 0.960503
4.0332 51.1835 -38.1239 0.158137 -0.253571 0.954302
3.92855 50.9892 -38.1584 0.15686 -0.253001 0.954665
4.37679 50.2937 -38.4003 0.160153 -0.230636 0.959556
5.05266 51.4911 -38.2242 0.177496 -0.265731 0.947566
5.26419 52.7333 -37.9542 0.172547 -0.215613 0.961113
5.09061 53.8636 -37.6827 0.148334 -0.192443 0.969979
4.91655 54.7871 -37.4692 0.118479 -0.150166 0.979683
4.32368 55.4679 -37.3485 0.0789364 -0.10753 0.991063
3.67534 56.0825 -37.2156 0.0451296 -0.135166 0.989318
2.79653 56.7467 -37.1189 0.0265349 -0.105822 0.994031
1.85459 57.0473 -37.0946 -0.0381155 -0.0647938 0.996971
0.963506 57.0907 -37.1378 -0.0521197 -0.078896 0.995519
0.116058 56.7869 -37.2128 -0.0806479 -0.115443 0.990035
-0.722146 56.1682 -37.3631 -0.109481 -0.125094 0.986065
-1.41045 55.1432 -37.613 -0.175252 -0.170777 0.969593
-1.83997 53.6988 -38.0068 -0.244299 -0.227399 0.942654
-1.90581 52.3779 -38.3838 -0.292119 -0.27097 0.917063
-1.69104 51.3935 -38.5894 -0.306578 -0.267236 0.913452
-1.28181 50.5275 -38.6845 -0.284984 -0.235387 0.929181
-0.326464 49.4377 -38.6869 -0.239393 -0.255322 0.936055
0.401281 48.9788 -38.694 -0.0785376 -0.347124 0.934525
1.57461 48.8191 -38.627 -0.0569238 -0.251923 0.964354
3.03783 49.1508 -38.5156 -0.0120381 -0.293263 0.955956
3.7711 49.6674 -38.4667 0.139951 -0.248982 0.958284
3.81941 49.7075 -38.4639 0.141607 -0.238749 0.960701
4.3577 50.2698 -38.4035 0.141607 -0.238749 0.960701
