-9.11097 80.3521 -5.05712 -0.116736 -0.984772 -0.128813
-8.03387 80.1042 -4.11524 -0.116421 -0.983342 -0.13913
-7.16416 79.9004 -3.36618 -0.096534 -0.984296 -0.147791
-6.45075 79.7451 -2.78208 -0.0931272 -0.985059 -0.144865
-5.74245 79.5888 -2.21148 -0.084307 -0.984238 -0.15546
-4.80711 79.3903 -1.44142 -0.0705046 -0.983932 -0.164036
-3.79921 79.1577 -0.530618 -0.0617055 -0.98238 -0.176414
-3.05872 78.9867 0.162232 -0.0625714 -0.980364 -0.186708
-2.39409 78.8236 0.867901 -0.0343205 -0.980466 -0.193671
-1.14214 78.6337 1.62908 -0.0220325 -0.979581 -0.199804
0.256683 78.5783 1.80999 -0.000912762 -0.980605 -0.195994
1.48633 78.5898 1.7693 0.0145241 -0.978396 -0.206154
2.60468 78.6354 1.65033 0.0382524 -0.978 -0.205067
3.53372 78.7074 1.48019 0.037129 -0.978372 -0.203484
4.52528 78.8548 1.01481 0.0618575 -0.975647 -0.210012
5.3436 79.0554 0.341827 0.0746072 -0.977133 -0.199113
6.16159 79.2596 -0.306482 0.0820849 -0.977615 -0.193435
7.13842 79.4978 -1.03374 0.104105 -0.976885 -0.186703
7.87547 79.6742 -1.54924 0.103402 -0.977112 -0.185902
9.01939 79.9708 -2.3403 0.130996 -0.975226 -0.178123
10.1638 80.3013 -3.28721 0.144781 -0.974544 -0.170782
11.1064 80.6303 -4.28674 0.16245 -0.971383 -0.173277
11.7728 80.8843 -5.1637 0.165608 -0.973128 -0.1599
12.3373 81.1025 -5.9708 0.170682 -0.975953 -0.13542
12.9767 81.3347 -6.87201 0.178008 -0.976359 -0.122431
13.5095 81.5284 -7.60858 0.184646 -0.975096 -0.122859
14.0719 81.7146 -8.3464 0.182651 -0.977507 -0.105348
14.6541 81.9056 -9.0873 0.185611 -0.977366 -0.101513
15.3179 82.1329 -10.0615 0.188084 -0.976904 -0.101377
15.6696 82.2788 -11.0717 0.182677 -0.980351 -0.0744452
15.8232 82.4112 -12.4561 0.190894 -0.979319 -0.0669046
15.9776 82.5215 -13.7773 0.190085 -0.98045 -0.0507887
16.0741 82.5953 -14.9981 0.190009 -0.981153 -0.0348909
15.9875 82.6044 -16.1661 0.191492 -0.981409 -0.0129062
15.8166 82.5803 -17.0654 0.195121 -0.98075 -0.00646817
15.5925 82.544 -18.1018 0.200353 -0.979631 0.00414315
15.2361 82.4536 -19.1671 0.19743 -0.980196 0.0153871
14.8021 82.3429 -20.2397 0.20084 -0.979348 0.0232589
14.1787 82.1639 -21.5443 0.204027 -0.977732 0.0488582
13.437 81.9413 -22.7182 0.2116 -0.975175 0.0652657
12.602 81.6839 -23.7118 0.211823 -0.974049 0.079416
11.8035 81.4452 -24.5143 0.211874 -0.973479 0.0862997
10.5922 81.0841 -25.3892 0.222831 -0.969177 0.105079
9.62934 80.8152 -25.9023 0.210022 -0.970627 0.116983
8.73409 80.5625 -26.3302 0.210696 -0.969565 0.124669
7.62671 80.2679 -26.7489 0.209435 -0.96765 0.140677
6.40697 79.9818 -26.9991 0.19338 -0.969803 0.148611
5.28566 79.749 -27.094 0.178127 -0.972356 0.150976
4.27139 79.5633 -27.162 0.15298 -0.973702 0.168581
3.13296 79.3911 -27.1788 0.132511 -0.975816 0.173179
1.89586 79.2461 -27.0897 0.130816 -0.972833 0.191005
0.451629 79.124 -27.106 0.0710923 -0.977146 0.200331
-0.645768 79.0914 -27.1047 0.0286889 -0.979799 0.197917
-1.6463 79.0915 -27.0825 -0.00139047 -0.983231 0.182359
-2.88085 79.1107 -27.0663 -0.0252089 -0.983397 0.179709
-4.06827 79.1676 -27.0104 -0.053195 -0.981043 0.186346
-5.27058 79.2729 -26.86 -0.0785794 -0.981088 0.176869
-6.20648 79.3755 -26.6989 -0.0891913 -0.980928 0.172306
-7.3601 79.567 -26.2842 -0.102193 -0.97985 0.17161
-8.29352 79.7598 -25.7706 -0.11255 -0.981209 0.156607
-9.01714 79.9251 -25.23 -0.116049 -0.981533 0.152004
-9.94968 80.1867 -24.2121 -0.116098 -0.983855 0.136198
-10.5186 80.3722 -23.3812 -0.12451 -0.983576 0.130572
-11.044 80.5345 -22.6389 -0.125736 -0.984123 0.12527
-11.6992 80.7467 -21.5486 -0.130964 -0.985694 0.106067
-12.0898 80.8912 -20.7047 -0.13279 -0.986563 0.0942733
-12.5352 81.0512 -19.4872 -0.132054 -0.988375 0.0750835
-12.8535 81.1706 -18.4088 -0.121888 -0.990472 0.0628775
-13.1763 81.2738 -17.2193 -0.125879 -0.990857 0.0482456
-13.5007 81.3637 -16.0663 -0.122294 -0.991921 0.032442
-13.7197 81.4115 -15.1715 -0.124069 -0.991952 0.0246904
-13.8744 81.4485 -14.1226 -0.12269 -0.992377 0.011584
-13.6022 81.4203 -12.9342 -0.122377 -0.992432 -0.0090585
-13.1796 81.3556 -12.0199 -0.125848 -0.991774 -0.0214009
-12.6804 81.2636 -11.01 -0.121171 -0.992232 -0.0281532
-12.2177 81.1638 -10.0568 -0.122359 -0.991397 -0.0462718
-11.7818 81.0635 -9.15755 -0.123493 -0.990856 -0.0543566
-11.3907 80.9615 -8.33481 -0.138212 -0.987117 -0.0806132
-10.9037 80.819 -7.37112 -0.117246 -0.989515 -0.0840695
-10.1265 80.6008 -6.17987 -0.117542 -0.987724 -0.102832
-9.20568 80.3765 -5.15598 -0.116323 -0.985604 -0.12246
-9.97496 80.3939 -4.58301 -0.11876 -0.984438 -0.129526
-10.6198 80.5554 -5.27512 -0.123571 -0.985236 -0.118491
-11.3735 80.7607 -6.26764 -0.129428 -0.985586 -0.108388
-11.8136 80.9094 -7.06241 -0.130412 -0.987275 -0.0909996
-12.2917 81.0653 -8.06941 -0.131935 -0.987043 -0.0913117
-12.8659 81.2108 -9.26699 -0.133275 -0.989578 -0.0545264
-13.4472 81.342 -10.503 -0.127412 -0.990802 -0.0455583
-13.888 81.4253 -11.3671 -0.125882 -0.991568 -0.0307807
-14.5375 81.5306 -12.643 -0.12684 -0.991881 -0.00418687
-14.8654 81.5773 -13.5781 -0.133179 -0.991089 -0.000641945
-14.8269 81.5611 -14.6736 -0.12376 -0.992257 0.010443
-14.5553 81.5051 -15.7723 -0.129363 -0.991271 0.0254528
-14.2079 81.4116 -16.9962 -0.118636 -0.992042 0.042156
-13.9063 81.3171 -18.125 -0.122127 -0.990726 0.0595563
-13.6053 81.2138 -19.1628 -0.124393 -0.989973 0.0669363
-13.3003 81.1011 -20.1245 -0.12821 -0.988172 0.0841352
-12.8749 80.9341 -21.2396 -0.121294 -0.986001 0.114406
-12.3195 80.734 -22.3479 -0.122082 -0.98476 0.123825
-11.5425 80.4737 -23.5748 -0.124967 -0.982854 0.135576
-10.9187 80.265 -24.5121 -0.123785 -0.98269 0.137834
-10.3719 80.092 -25.2276 -0.122996 -0.980534 0.153037
-9.52372 79.8612 -26.0384 -0.122472 -0.97988 0.157512
-8.80369 79.6892 -26.5554 -0.114516 -0.980263 0.161153
-7.98983 79.5147 -27.0149 -0.115607 -0.978362 0.171591
-7.04132 79.3327 -27.4271 -0.106024 -0.979428 0.17156
-5.96874 79.1789 -27.6965 -0.0935144 -0.980917 0.170462
-4.88542 79.0618 -27.8655 -0.06837 -0.982012 0.176005
-3.83541 78.9709 -27.9794 -0.0398345 -0.982386 0.182024
-2.29594 78.9208 -27.9851 -0.0225424 -0.978091 0.206573
-1.27998 78.9111 -27.9977 -0.00514172 -0.978365 0.206822
-0.174629 78.9224 -28.0207 0.0314085 -0.980539 0.193796
0.74509 78.9674 -28.0121 0.0665682 -0.9794 0.190643
1.95204 79.07 -28.0155 0.124808 -0.973805 0.189921
2.86983 79.1797 -28.0825 0.13723 -0.971543 0.193059
3.81661 79.3104 -28.1119 0.156891 -0.969086 0.189865
4.83611 79.4985 -28.0712 0.191657 -0.963395 0.187448
5.93512 79.7301 -27.9816 0.187559 -0.970321 0.15233
7.11113 79.989 -27.8848 0.206412 -0.967475 0.146172
8.1656 80.2629 -27.5855 0.209436 -0.96765 0.140677
9.20544 80.5569 -27.1857 0.220521 -0.966918 0.127987
10.4584 80.9214 -26.5613 0.225397 -0.967149 0.117469
11.3713 81.1927 -26.0393 0.222516 -0.968707 0.109864
12.1673 81.4329 -25.4465 0.224253 -0.970148 0.0923202
13.0739 81.7182 -24.5897 0.216308 -0.972463 0.0867505
13.6803 81.9084 -23.9369 0.214548 -0.973955 0.0730707
14.2545 82.0846 -23.2004 0.213033 -0.974667 0.0681285
14.853 82.2727 -22.2357 0.204617 -0.977212 0.0564682
15.541 82.4711 -20.8689 0.202941 -0.978671 0.0309089
15.9787 82.5961 -19.834 0.209502 -0.977567 0.02011
16.3368 82.6854 -18.8284 0.206251 -0.978382 0.0143908
16.6672 82.7565 -17.5316 0.198379 -0.980088 -0.00850969
16.866 82.7855 -16.4852 0.19832 -0.980009 -0.0158357
16.9914 82.7903 -15.4639 0.191265 -0.981002 -0.0311184
16.9553 82.7393 -14.3819 0.187346 -0.981302 -0.0437232
16.8594 82.6731 -13.4213 0.189656 -0.980656 -0.0484109
16.7776 82.5978 -12.5094 0.190002 -0.979212 -0.0710181
16.6874 82.4988 -11.4154 0.18684 -0.979219 -0.0788725
16.4224 82.3354 -10.0392 0.179435 -0.980032 -0.0856741
15.919 82.1615 -9.2059 0.189302 -0.976513 -0.102872
15.2954 81.9524 -8.41277 0.184241 -0.975724 -0.118105
14.7316 81.7658 -7.70543 0.176163 -0.97733 -0.117439
14.1737 81.5689 -6.97027 0.178802 -0.97532 -0.129539
13.6304 81.3662 -6.20587 0.180746 -0.97349 -0.14017
13.0082 81.1248 -5.33139 0.173558 -0.974745 -0.140343
12.4965 80.9191 -4.60297 0.174036 -0.972142 -0.157009
11.8282 80.6411 -3.66723 0.165953 -0.971136 -0.171333
11.2116 80.4233 -3.02176 0.15276 -0.972156 -0.17746
10.4428 80.1579 -2.25286 0.147561 -0.971777 -0.184032
9.56775 79.9068 -1.58096 0.134677 -0.973983 -0.18226
8.58712 79.6431 -0.914945 0.122548 -0.973635 -0.192398
7.83644 79.4456 -0.402303 0.105581 -0.972843 -0.205819
7.0272 79.2343 0.201324 0.0980781 -0.972958 -0.209124
6.12644 79.0039 0.912283 0.0870594 -0.973476 -0.211312
5.41636 78.807 1.53907 0.0750399 -0.973838 -0.214495
4.38534 78.5939 2.198 0.0562827 -0.973795 -0.220354
3.15171 78.463 2.53966 0.0312114 -0.97624 -0.214433
1.96625 78.404 2.67014 0.01479 -0.976663 -0.214224
0.358757 78.3736 2.76456 -0.00590909 -0.977221 -0.212115
-0.966287 78.4144 2.65294 -0.025203 -0.975955 -0.216508
-1.92938 78.4861 2.41811 -0.0289691 -0.978447 -0.20424
-3.00833 78.7 1.6021 -0.0362855 -0.979161 -0.199713
-3.65139 78.8752 0.908369 -0.0623176 -0.978671 -0.195753
-4.31788 79.0448 0.279521 -0.0625715 -0.980364 -0.186708
-5.08682 79.2378 -0.461134 -0.0774606 -0.979779 -0.184478
-5.85854 79.4223 -1.14461 -0.0868818 -0.981493 -0.170656
-6.68062 79.607 -1.8006 -0.0948732 -0.982628 -0.159488
-7.41553 79.7738 -2.38511 -0.10163 -0.98161 -0.161496
-8.4068 80.009 -3.19976 -0.112822 -0.982714 -0.146635
-9.29662 80.223 -3.8986 -0.116422 -0.983341 -0.139136
-9.76633 80.3402 -4.36586 -0.11876 -0.984438 -0.129526
-10.2901 80.2878 -3.54773 -0.112119 -0.983964 -0.138726
-9.35102 80.0424 -2.70102 -0.113084 -0.981522 -0.154356
-8.55816 79.8563 -2.1341 -0.109439 -0.980545 -0.162953
-7.77647 79.6678 -1.50746 -0.0968526 -0.98106 -0.167499
-6.92621 79.4634 -0.839704 -0.091695 -0.980492 -0.173762
-6.17179 79.2802 -0.212802 -0.0890477 -0.977918 -0.189066
-5.45748 79.0979 0.441731 -0.0799245 -0.978057 -0.192189
-4.76219 78.9025 1.14448 -0.0692452 -0.978705 -0.193239
-4.05801 78.7053 1.85719 -0.0578098 -0.977041 -0.205061
-3.40973 78.52 2.53172 -0.0493681 -0.976667 -0.208683
-2.41362 78.3121 3.2926 -0.040513 -0.973599 -0.224641
-1.24872 78.2169 3.56717 -0.0204814 -0.974519 -0.22337
-0.253968 78.1782 3.66412 -0.00601589 -0.974791 -0.222872
0.936013 78.1661 3.67286 -0.00310262 -0.973481 -0.22868
1.88233 78.1955 3.60063 0.0147067 -0.974344 -0.224458
3.28799 78.2589 3.4642 0.0346512 -0.974577 -0.221356
4.33972 78.356 3.2278 0.0532017 -0.972417 -0.227085
5.20062 78.4788 2.89597 0.0521591 -0.973048 -0.224626
6.1602 78.7233 2.17935 0.0753125 -0.971658 -0.223865
6.89262 78.9364 1.50491 0.0857532 -0.971362 -0.221591
7.89949 79.2217 0.708401 0.111254 -0.97053 -0.21346
8.76947 79.4579 0.0892698 0.126077 -0.969921 -0.208226
9.84937 79.7637 -0.660835 0.148305 -0.970034 -0.192459
10.5798 79.9742 -1.17127 0.143214 -0.971579 -0.18848
11.5948 80.2976 -2.02308 0.164699 -0.969158 -0.183322
12.2456 80.5379 -2.71067 0.164142 -0.969367 -0.182716
12.8105 80.7736 -3.42477 0.176626 -0.968069 -0.177894
13.5019 81.0723 -4.42665 0.178514 -0.971199 -0.157811
14.261 81.3783 -5.50234 0.17641 -0.97355 -0.145187
14.8661 81.6145 -6.36015 0.177749 -0.97526 -0.131426
15.4262 81.8183 -7.11536 0.18487 -0.973852 -0.131845
16.4132 82.1623 -8.32479 0.190183 -0.97535 -0.111654
17.2183 82.4324 -9.42242 0.185117 -0.978159 -0.0939836
17.5363 82.5765 -10.3569 0.189501 -0.977974 -0.0875009
17.6268 82.6685 -11.2672 0.190442 -0.978618 -0.0777077
17.6886 82.7535 -12.2126 0.191315 -0.979003 -0.0703723
17.7561 82.8312 -13.1096 0.19271 -0.979173 -0.0634604
17.9061 82.9282 -14.3365 0.198208 -0.978718 -0.0531441
17.9107 82.9776 -15.6384 0.202121 -0.978934 -0.0282364
17.7824 82.9726 -16.5545 0.203216 -0.978921 -0.0199398
17.5951 82.9446 -17.6007 0.197873 -0.980193 -0.00822667
17.2537 82.8768 -19.0496 0.199823 -0.979803 0.0074906
16.8266 82.7654 -20.2495 0.208915 -0.977525 0.0282581
16.2783 82.6106 -21.5096 0.20757 -0.977394 0.0389512
15.7969 82.4627 -22.4301 0.211679 -0.975748 0.0557536
15.268 82.2946 -23.3639 0.210394 -0.975777 0.059796
14.6066 82.0841 -24.3072 0.212892 -0.974681 0.0683638
13.7132 81.8019 -25.2617 0.221277 -0.971562 0.0842819
12.727 81.4867 -26.2003 0.222245 -0.969586 0.102517
11.6849 81.1553 -26.9894 0.231945 -0.966398 0.110799
10.473 80.789 -27.6529 0.228595 -0.966062 0.120285
9.64298 80.5382 -28.0619 0.23211 -0.963247 0.135056
8.80131 80.2915 -28.4064 0.22641 -0.964269 0.137564
7.46369 79.9299 -28.7868 0.225122 -0.963322 0.145628
6.36136 79.663 -28.9045 0.212976 -0.962107 0.17027
5.19296 79.398 -28.9846 0.207986 -0.962524 0.173938
4.19729 79.2016 -29.015 0.172913 -0.965906 0.192684
3.27145 79.0562 -29.0035 0.144256 -0.969512 0.197782
2.15264 78.9126 -28.9623 0.109384 -0.972347 0.206338
1.01683 78.8052 -28.9346 0.0662617 -0.979036 0.192605
-0.279775 78.7366 -28.9319 0.0269556 -0.978237 0.205734
-1.24995 78.7176 -28.9125 -0.00793769 -0.978804 0.204615
-2.19425 78.7287 -28.909 -0.0107473 -0.97924 0.202417
-3.1686 78.7496 -28.9209 -0.0475096 -0.978691 0.19898
-4.18568 78.8209 -28.8771 -0.0606817 -0.98044 0.187231
-5.64271 78.9673 -28.6815 -0.0851809 -0.978474 0.187839
-6.64126 79.0947 -28.5067 -0.10267 -0.976822 0.187432
-7.62528 79.2621 -28.2061 -0.109295 -0.977745 0.179078
-8.68279 79.4786 -27.6993 -0.118735 -0.978147 0.170678
-9.4764 79.6567 -27.2344 -0.124507 -0.978088 0.166826
-10.5184 79.9222 -26.4313 -0.123496 -0.978831 0.163211
-11.408 80.1852 -25.4774 -0.122823 -0.98131 0.148025
-11.9621 80.3761 -24.6419 -0.124483 -0.981849 0.143095
-12.5142 80.5672 -23.7853 -0.122621 -0.982714 0.1387
-13.0546 80.7527 -22.9175 -0.125569 -0.984931 0.118727
-13.7218 80.9955 -21.6102 -0.128698 -0.985319 0.112077
-14.1989 81.2022 -20.3074 -0.12394 -0.987278 0.0984665
-14.627 81.3545 -18.9772 -0.122819 -0.990205 0.066043
-14.8828 81.4372 -18.1168 -0.120862 -0.990901 0.0592207
-15.1222 81.5138 -17.1488 -0.118761 -0.991953 0.043859
-15.4568 81.6038 -16.003 -0.120308 -0.991856 0.0418064
-15.8004 81.6873 -14.771 -0.117407 -0.992714 0.027105
-15.8549 81.7087 -13.5199 -0.131617 -0.9913 0.000971407
-15.5742 81.6711 -12.4669 -0.132198 -0.991157 -0.00898416
-15.0637 81.5909 -11.6143 -0.130965 -0.991221 -0.0179716
-14.5939 81.5067 -10.6488 -0.13827 -0.989877 -0.0309012
-14.1466 81.4081 -9.76495 -0.14205 -0.988832 -0.0450838
-13.7097 81.3007 -8.85005 -0.136486 -0.98824 -0.0686959
-13.2396 81.1665 -7.81681 -0.123287 -0.989877 -0.070314
-12.6241 80.9664 -6.52005 -0.131934 -0.987043 -0.0913116
-12.175 80.8132 -5.74159 -0.134936 -0.983935 -0.116895
-11.55 80.6228 -4.88641 -0.119645 -0.985225 -0.122545
-10.8016 80.4215 -4.0822 -0.120761 -0.98258 -0.140969
-10.7029 80.3956 -3.97843 -0.112119 -0.983964 -0.138726
-11.5308 80.4271 -3.46461 -0.127107 -0.981097 -0.145919
-10.8119 80.2205 -2.71972 -0.12315 -0.980452 -0.153451
-9.78014 79.9497 -1.84723 -0.114611 -0.979066 -0.168207
-8.81114 79.7201 -1.16804 -0.110616 -0.97793 -0.177246
-7.88444 79.4901 -0.446259 -0.100557 -0.979679 -0.173544
-6.92552 79.2411 0.354038 -0.0941641 -0.978119 -0.185515
-6.12719 79.0235 1.0797 -0.0869 -0.97681 -0.195681
-5.2694 78.7672 1.95859 -0.069692 -0.974411 -0.213698
-4.6301 78.5736 2.61649 -0.0639831 -0.973011 -0.221481
-3.72091 78.3064 3.56082 -0.0498137 -0.973159 -0.224561
-2.85852 78.1267 4.17281 -0.0392288 -0.973183 -0.226597
-1.84185 78.0323 4.42691 -0.0353793 -0.973973 -0.223872
-0.744576 77.9712 4.57512 -0.0233472 -0.973265 -0.228495
0.434272 77.9326 4.67407 -0.00977318 -0.97328 -0.229401
1.52441 77.9662 4.5384 0.00964787 -0.973386 -0.228824
2.51116 77.9978 4.47598 0.0155267 -0.972357 -0.232981
3.56414 78.0602 4.34696 0.0311297 -0.972359 -0.231385
4.64522 78.1672 4.09923 0.0542392 -0.971783 -0.229554
5.61818 78.3026 3.75606 0.0531961 -0.972415 -0.227093
6.81929 78.6105 2.86774 0.0780126 -0.969643 -0.231747
7.5228 78.8406 2.20638 0.0949845 -0.965609 -0.242028
8.40174 79.0944 1.50249 0.120983 -0.967445 -0.221973
9.11294 79.3099 0.983284 0.132536 -0.966562 -0.219525
9.83988 79.5191 0.478111 0.150469 -0.965283 -0.213514
10.7352 79.7988 -0.155298 0.149378 -0.967659 -0.202988
11.6797 80.0897 -0.867506 0.161883 -0.969107 -0.186078
12.3955 80.3308 -1.49023 0.172681 -0.967034 -0.187156
13.1391 80.6251 -2.31409 0.174457 -0.966094 -0.190334
13.74 80.8927 -3.14673 0.178123 -0.967753 -0.178121
14.4145 81.183 -4.10607 0.178881 -0.970098 -0.163941
14.9428 81.4073 -4.86041 0.17811 -0.972358 -0.150988
15.5391 81.6507 -5.72498 0.186171 -0.970864 -0.150653
16.155 81.8889 -6.57674 0.191999 -0.97244 -0.132273
16.7227 82.0935 -7.29068 0.186194 -0.974987 -0.121333
17.4381 82.3286 -8.106 0.181924 -0.976606 -0.114471
18.1748 82.5888 -9.17946 0.188192 -0.975916 -0.110327
18.5447 82.8006 -10.6599 0.193406 -0.977474 -0.0841371
18.6101 82.8996 -11.7602 0.192487 -0.978256 -0.0772056
18.7181 83.013 -13.0164 0.191935 -0.978844 -0.0708935
18.8339 83.1057 -14.1865 0.19549 -0.979027 -0.057311
18.8558 83.1601 -15.3061 0.204555 -0.978274 -0.0337207
18.7485 83.1709 -16.5602 0.204507 -0.978758 -0.0144927
18.5186 83.1365 -17.7506 0.203863 -0.978982 -0.00579463
18.2835 83.0893 -18.8251 0.202494 -0.979261 0.00659793
18.0138 83.0282 -19.7022 0.201191 -0.979433 0.0134378
17.4801 82.8806 -21.1265 0.2078 -0.977475 0.0359075
17.1048 82.7642 -21.939 0.208968 -0.976763 0.0476117
16.5672 82.6002 -22.9433 0.208292 -0.976835 0.0490438
16.1167 82.4512 -23.7494 0.209096 -0.975809 0.0638469
15.3913 82.2183 -24.8282 0.21863 -0.97297 0.074095
14.6805 81.9931 -25.5988 0.223592 -0.971524 0.0784044
14.0011 81.7772 -26.28 0.220904 -0.971364 0.0874835
13.3029 81.547 -26.9504 0.233497 -0.967493 0.0971426
12.5088 81.2853 -27.5901 0.235999 -0.965762 0.107681
11.7517 81.0495 -28.0538 0.242319 -0.962747 0.120001
10.4782 80.6528 -28.7286 0.232754 -0.964057 0.127945
9.15242 80.2471 -29.2954 0.232114 -0.963246 0.135054
8.01813 79.9245 -29.6317 0.228337 -0.961002 0.156002
7.12895 79.693 -29.772 0.223799 -0.962245 0.154916
5.69145 79.3359 -29.9021 0.213483 -0.961254 0.174303
4.54943 79.0935 -29.9429 0.188764 -0.96343 0.189575
3.24469 78.8598 -29.9071 0.151336 -0.967299 0.203542
2.05725 78.7069 -29.8642 0.114789 -0.969642 0.215913
0.630414 78.588 -29.8707 0.0529301 -0.974975 0.215923
-0.391413 78.5411 -29.8468 0.0270614 -0.978214 0.205829
-1.38323 78.5234 -29.8 0.0271666 -0.978191 0.205924
-2.31264 78.5254 -29.8309 -0.0289331 -0.976741 0.211569
-3.21918 78.5645 -29.8542 -0.0633913 -0.97622 0.207308
-4.28916 78.6486 -29.7852 -0.0659906 -0.976609 0.204613
-5.37758 78.7604 -29.664 -0.0808604 -0.974872 0.20757
-6.32386 78.8703 -29.5021 -0.102673 -0.97682 0.18744
-7.66293 79.0821 -29.2061 -0.119232 -0.975099 0.186847
-8.93442 79.3496 -28.6133 -0.120848 -0.977485 0.172943
-9.94175 79.5775 -28.0375 -0.126143 -0.977424 0.169501
-10.8816 79.8165 -27.3401 -0.126619 -0.978256 0.164262
-11.7474 80.0579 -26.5454 -0.126648 -0.979431 0.157028
-12.3262 80.246 -25.852 -0.124578 -0.981858 0.142951
-12.8606 80.4355 -25.0162 -0.126622 -0.981587 0.143001
-13.5304 80.6756 -23.9462 -0.129304 -0.981928 0.138198
-14.0991 80.8773 -23.0041 -0.125204 -0.983204 0.132792
-14.5781 81.0726 -21.902 -0.125699 -0.986119 0.108486
-15.0048 81.2565 -20.7301 -0.119547 -0.987557 0.101647
-15.3727 81.3953 -19.7051 -0.119582 -0.989298 0.082803
-15.6967 81.4984 -18.7498 -0.119563 -0.991064 0.05912
-15.9607 81.5905 -17.6832 -0.118137 -0.991956 0.0454722
-16.214 81.6686 -16.6395 -0.118776 -0.992002 0.0426019
-16.6711 81.7741 -15.3659 -0.117516 -0.992481 0.0335929
-16.8323 81.8243 -14.2489 -0.118803 -0.992533 0.0276519
-16.7264 81.8181 -12.7333 -0.122739 -0.992432 -0.00318154
-16.3717 81.7675 -11.9098 -0.131394 -0.991206 -0.0156672
-15.8551 81.6868 -11.1474 -0.130844 -0.990954 -0.029094
-15.4333 81.6051 -10.3177 -0.125944 -0.991471 -0.0335043
-14.9813 81.504 -9.30296 -0.13597 -0.989154 -0.0542269
-14.5111 81.3794 -8.3903 -0.136496 -0.988239 -0.0686911
-14.0528 81.2366 -7.33687 -0.14212 -0.986356 -0.0822269
-13.6267 81.0894 -6.43944 -0.128742 -0.986743 -0.0988113
-13.1315 80.9203 -5.53001 -0.138541 -0.98334 -0.117682
-12.4763 80.704 -4.5316 -0.139579 -0.981975 -0.127448
-11.6111 80.4487 -3.53963 -0.12711 -0.981096 -0.145924
-12.082 80.3751 -2.63376 -0.146181 -0.976924 -0.155459
-11.1609 80.0901 -1.66595 -0.126812 -0.976822 -0.172447
-10.1233 79.8392 -0.970052 -0.114607 -0.979066 -0.16821
-9.10697 79.5887 -0.251328 -0.112584 -0.978001 -0.175608
-8.39369 79.4072 0.272489 -0.10762 -0.976657 -0.185899
-7.69426 79.2025 0.920218 -0.102954 -0.974296 -0.200162
-6.88385 78.9561 1.75216 -0.0888129 -0.974435 -0.206086
-5.90061 78.6586 2.6759 -0.0870466 -0.970769 -0.22353
-5.23701 78.4266 3.43861 -0.063519 -0.969615 -0.236247
-4.55771 78.2346 4.07445 -0.0550731 -0.971961 -0.2286
-3.76616 78.0316 4.73685 -0.0377894 -0.970882 -0.23656
-2.67026 77.8644 5.24773 -0.0379097 -0.970821 -0.236792
-1.72788 77.7809 5.45976 -0.0189135 -0.97195 -0.234426
-0.732714 77.7521 5.49461 -0.0169229 -0.971054 -0.238186
0.458203 77.7074 5.61502 -0.0139296 -0.972499 -0.23249
1.38009 77.7379 5.48507 0.00510613 -0.971221 -0.238125
2.3234 77.7673 5.41303 0.0170287 -0.970464 -0.240645
3.33956 77.8151 5.30433 0.0251954 -0.967932 -0.249946
4.6004 77.919 5.0748 0.0436171 -0.967932 -0.247395
5.48731 78.0145 4.86026 0.0545721 -0.967604 -0.246279
6.30661 78.1622 4.49345 0.0649769 -0.967458 -0.244548
7.39568 78.4578 3.67943 0.0770632 -0.964752 -0.2516
8.33248 78.7887 2.73688 0.0980981 -0.965753 -0.240206
9.47424 79.1454 1.88322 0.120929 -0.963222 -0.239956
10.329 79.4239 1.26913 0.15796 -0.962981 -0.218181
11.2219 79.71 0.6171 0.157509 -0.965401 -0.207826
12.3075 80.0716 -0.207828 0.165046 -0.969585 -0.180732
13.032 80.3139 -0.856033 0.16244 -0.966039 -0.200955
13.8021 80.6124 -1.62044 0.182467 -0.962617 -0.19987
14.3954 80.8675 -2.36904 0.176204 -0.96763 -0.180679
14.9603 81.1443 -3.25745 0.186258 -0.969017 -0.162214
15.5102 81.383 -4.05174 0.18849 -0.968619 -0.162001
16.0528 81.6125 -4.81469 0.19423 -0.969368 -0.150337
16.7319 81.9002 -5.84555 0.189142 -0.972529 -0.135693
17.3921 82.1482 -6.72793 0.182355 -0.974755 -0.12867
18.0239 82.3523 -7.41945 0.191438 -0.973498 -0.124662
18.9322 82.6692 -8.53928 0.197517 -0.974827 -0.103439
19.2994 82.8492 -9.54383 0.203343 -0.975223 -0.0871268
19.4772 82.9729 -10.5138 0.20372 -0.97513 -0.0872908
19.6282 83.1136 -11.8598 0.198538 -0.976913 -0.0788895
19.681 83.1999 -12.9357 0.20031 -0.977468 -0.0665719
19.8044 83.2906 -14.0035 0.197505 -0.97855 -0.0585775
19.8412 83.355 -15.1072 0.200044 -0.979099 -0.0367202
19.7204 83.3682 -16.0704 0.209691 -0.977084 -0.0356827
19.5643 83.3603 -17.2009 0.220476 -0.975142 -0.0221049
19.4207 83.324 -18.1266 0.201573 -0.979465 -0.0041481
19.2293 83.2842 -19.0375 0.203392 -0.979073 0.00696581
18.9041 83.2084 -19.9377 0.204057 -0.97884 0.0145192
18.4664 83.0883 -21.1199 0.203819 -0.978198 0.039526
18.0013 82.9415 -22.2097 0.211561 -0.976677 0.0352266
17.5356 82.7948 -23.1609 0.207616 -0.976907 0.0504759
16.9825 82.6209 -24.1286 0.220472 -0.973497 0.060793
16.4159 82.4383 -24.9082 0.218306 -0.973342 0.0703039
15.7037 82.2023 -25.917 0.221389 -0.971941 0.0794607
14.9704 81.9672 -26.6967 0.228804 -0.969879 0.0835641
14.3088 81.7595 -27.2699 0.233891 -0.967796 0.0929004
13.6582 81.5367 -27.893 0.23862 -0.966195 0.0976
12.9359 81.2995 -28.4385 0.242889 -0.964919 0.0996851
12.0868 81.0187 -28.971 0.241304 -0.962759 0.121932
11.0714 80.7032 -29.4565 0.250686 -0.959627 0.126923
9.89897 80.3222 -30.0279 0.236421 -0.961008 0.143416
9.06674 80.0703 -30.3252 0.234089 -0.961125 0.14643
7.77546 79.7007 -30.6246 0.238198 -0.956758 0.166876
6.55787 79.3813 -30.7576 0.234926 -0.956866 0.170866
5.40258 79.0967 -30.8254 0.222799 -0.954853 0.196512
4.49646 78.8894 -30.8295 0.194921 -0.956368 0.217638
3.49442 78.688 -30.8366 0.175605 -0.958664 0.223596
2.51313 78.5358 -30.8311 0.108387 -0.967951 0.226547
1.46283 78.4329 -30.7253 0.0923729 -0.952856 0.283395
-0.0798343 78.3387 -30.7456 0.0603985 -0.968763 0.240519
-1.41721 78.3083 -30.7443 0.0200834 -0.970541 0.240098
-2.65977 78.3362 -30.7906 -0.0477566 -0.97146 0.232348
-3.77117 78.4114 -30.757 -0.0777218 -0.970412 0.226949
-5.11465 78.5006 -30.7817 -0.0747251 -0.975935 0.204744
-6.52954 78.7144 -30.3801 -0.107694 -0.97332 0.202331
-7.64042 78.8869 -30.2141 -0.128455 -0.97278 0.192792
-8.50626 79.0579 -29.9071 -0.124461 -0.974929 0.184395
-9.28285 79.2366 -29.4685 -0.127875 -0.975107 0.181074
-10.6225 79.5502 -28.708 -0.126993 -0.977551 0.168127
-11.7528 79.8489 -27.8112 -0.125304 -0.978134 0.165993
-12.7665 80.1469 -26.8541 -0.134171 -0.979064 0.153076
-13.3963 80.3598 -26.0043 -0.122687 -0.98094 0.150683
-13.9305 80.558 -25.1345 -0.127682 -0.981697 0.141307
-14.6728 80.8391 -23.8696 -0.134622 -0.981528 0.135673
-15.0636 81.0021 -23.0391 -0.137808 -0.982174 0.127842
-15.4261 81.1605 -22.1586 -0.135552 -0.984358 0.112046
-15.7761 81.3054 -21.2459 -0.133565 -0.986605 0.0929007
-16.2888 81.4909 -19.8715 -0.12399 -0.988257 0.0893011
-16.5858 81.5949 -19.0061 -0.130048 -0.990115 0.0525403
-16.8731 81.6801 -18.1121 -0.123593 -0.991173 0.0472194
-17.0523 81.7469 -17.1186 -0.116567 -0.992078 0.0467639
-17.4966 81.8513 -15.9998 -0.126739 -0.991039 0.0421748
-17.7328 81.915 -15.0899 -0.127222 -0.991627 0.0221594
-17.7972 81.9471 -13.993 -0.124529 -0.99205 0.0179474
-17.7602 81.9502 -13.0837 -0.134313 -0.990907 0.00795752
-17.4175 81.8989 -11.8371 -0.12231 -0.99248 -0.00487098
-16.9307 81.821 -11.0034 -0.126851 -0.991634 -0.0238879
-16.3857 81.7249 -10.1616 -0.134835 -0.990274 -0.0343121
-16.0417 81.6398 -9.28202 -0.129989 -0.990459 -0.0457062
-15.5512 81.5174 -8.21023 -0.144374 -0.98724 -0.0670621
-14.9617 81.3242 -6.892 -0.141011 -0.985523 -0.0941256
-14.5247 81.1836 -6.09364 -0.144824 -0.984645 -0.0974665
-13.9944 81.0094 -5.22352 -0.144303 -0.983096 -0.11269
-13.1937 80.7286 -3.96083 -0.143173 -0.980909 -0.131449
-12.7122 80.5596 -3.22514 -0.148644 -0.977949 -0.1467
-12.4827 80.489 -2.98696 -0.148648 -0.977948 -0.146706
