2.35991 50.2847 -47.5835 -0.0518025 -0.516659 0.854623
2.56829 51.0299 -47.0941 -0.0637387 -0.55544 0.829111
2.91967 50.4884 -47.4142 -0.0721833 -0.539303 0.839013
2.59813 49.9182 -47.7906 -0.0517979 -0.516659 0.854623
2.01793 49.7673 -47.917 -0.090708 -0.514595 0.851726
2.89475 49.2735 -48.1197 -0.0777003 -0.470229 0.879117
3.55556 49.793 -47.8207 -0.00181169 -0.486728 0.873202
3.499 50.7045 -47.2504 0.00844202 -0.545659 0.837965
2.98143 51.6697 -46.6408 -0.0517629 -0.541816 0.838901
2.05674 51.3692 -46.9061 -0.0774577 -0.554367 0.828546
1.84948 50.2599 -47.6452 -0.129614 -0.512531 0.84883
1.86406 50.1012 -47.7389 -0.129614 -0.512531 0.84883
1.33492 49.9733 -47.8969 -0.133469 -0.517237 0.845342
1.96172 48.9477 -48.3946 -0.127465 -0.484509 0.864707
2.82184 48.6551 -48.4684 -0.10291 -0.466921 0.877875
3.79575 49.077 -48.2034 0.0112204 -0.468399 0.883446
4.20598 50.1213 -47.6173 -0.0148469 -0.505057 0.862958
4.02231 50.9251 -47.1157 0.0282745 -0.514756 0.85687
3.68851 51.635 -46.6609 0.0533294 -0.554617 0.830395
3.14803 52.3157 -46.2133 -0.0397747 -0.563927 0.824354
2.22189 52.4033 -46.1816 -0.0413179 -0.583098 0.811231
1.64673 51.8037 -46.661 -0.0810245 -0.572697 0.815361
1.28563 50.6264 -47.5021 -0.102922 -0.565518 0.818288
1.28011 50.5341 -47.5666 -0.116271 -0.539025 0.833558
0.726212 50.3654 -47.753 -0.178188 -0.57477 0.797966
1.09946 49.1624 -48.4381 -0.150105 -0.500854 0.851999
1.87681 48.3234 -48.7575 -0.185113 -0.430742 0.881739
3.07079 48.0696 -48.7295 -0.0583021 -0.45586 0.886331
3.90751 48.4393 -48.5315 0.00115514 -0.461236 0.887243
4.57143 49.233 -48.1333 0.0660977 -0.456153 0.887186
4.79131 50.0515 -47.684 0.121815 -0.507964 0.852721
4.59449 50.9893 -47.0961 0.0659838 -0.512933 0.855054
4.12298 52.0654 -46.4014 0.0522528 -0.555834 0.829648
3.55802 52.708 -45.9229 0.0265186 -0.577915 0.814649
2.60635 53.0806 -45.6783 -0.0206835 -0.579425 0.814691
1.7818 52.8098 -45.9211 -0.0548454 -0.580157 0.812656
1.22475 52.2011 -46.4051 -0.0708668 -0.592107 0.802737
0.896122 51.5373 -46.9216 -0.0970499 -0.559405 0.823136
0.760345 50.9523 -47.3453 -0.155095 -0.557539 0.815534
0.177324 50.8616 -47.5182 -0.178193 -0.574769 0.797965
0.222322 50.0416 -48.1007 -0.230314 -0.52249 0.82095
0.631446 48.952 -48.6666 -0.22576 -0.481386 0.846437
1.20115 48.1496 -48.9729 -0.155389 -0.471494 0.868071
2.2566 47.52 -49.0968 -0.105398 -0.431277 0.896042
3.42955 47.5911 -48.9424 -0.047675 -0.378953 0.924059
4.68576 48.4228 -48.5739 0.0456948 -0.427613 0.901475
5.32888 49.5954 -48.0219 0.0795543 -0.441002 0.893973
5.41262 50.4243 -47.5476 0.114527 -0.520085 0.846401
5.14927 51.2069 -47.0331 0.103691 -0.511106 0.85324
4.68142 52.2975 -46.2799 0.0689178 -0.55886 0.826197
4.20897 52.9393 -45.81 0.0666197 -0.583019 0.809723
3.16192 53.5579 -45.3355 -0.0136212 -0.572751 0.819616
1.96843 53.5814 -45.3523 -0.0432292 -0.578228 0.814635
1.04745 52.889 -45.9216 -0.100632 -0.581657 0.807141
0.469536 52.0074 -46.6388 -0.108303 -0.583251 0.805039
0.277086 51.4325 -47.108 -0.136003 -0.599315 0.788876
0.272916 51.4192 -47.1188 -0.145549 -0.578426 0.802205
