4.81471 45.8687 -55.9201 -0.0901939 -0.0936814 0.991349
4.65223 44.847 -56.0028 -0.0682865 -0.0277901 0.997279
4.34013 45.646 -55.9883 -0.111025 -0.0833292 0.99029
4.71962 46.0025 -55.919 -0.103736 -0.082149 0.991206
4.97476 46.057 -55.8878 -0.0901939 -0.0936814 0.991349
5.00464 45.1041 -55.9715 -0.0682865 -0.0277901 0.997279
4.32021 44.6418 -56.0447 -0.111226 -0.0420511 0.992905
4.16523 45.8136 -55.9949 -0.11831 -0.0845087 0.989374
4.66436 46.507 -55.8748 -0.117865 -0.134999 0.983811
4.78597 46.3226 -55.8855 -0.110797 -0.108574 0.987509
5.12263 46.2707 -55.8523 -0.100368 -0.135846 0.985476
5.3032 45.3532 -55.9371 -0.0766557 -0.105214 0.991491
4.93478 44.3409 -55.9976 -0.0682122 -0.0278923 0.997281
4.10682 44.5168 -56.0739 -0.111226 -0.0420511 0.992905
3.8735 45.4074 -56.0644 -0.116561 -0.060196 0.991056
4.05235 46.3582 -55.9618 -0.135796 -0.0645819 0.988273
4.67941 46.9374 -55.8139 -0.117865 -0.134999 0.983811
4.88615 46.6694 -55.8259 -0.117862 -0.134999 0.983811
5.13965 46.7577 -55.7834 -0.100368 -0.135846 0.985476
5.45105 45.8661 -55.8712 -0.0846182 -0.112395 0.989995
5.48156 44.7397 -55.949 -0.0682122 -0.0278923 0.997281
4.90948 43.959 -55.9929 -0.0493802 0.0474326 0.997587
4.00169 44.3004 -56.0831 -0.0841709 0.0724687 0.993813
3.62642 45.3637 -56.0946 -0.114818 -0.0358837 0.992738
3.84479 46.4418 -55.9903 -0.148576 -0.0789382 0.985136
4.36605 47.1498 -55.8315 -0.146553 -0.113828 0.982632
5.05478 46.9008 -55.774 -0.117862 -0.134999 0.983811
5.30021 47.1141 -55.7206 -0.0828743 -0.136692 0.987141
4.55612 47.7051 -55.7389 -0.146551 -0.113828 0.982632
3.77143 47.1061 -55.9245 -0.143871 -0.113222 0.983098
3.47583 46.2518 -56.0562 -0.153282 -0.0446546 0.987173
3.26222 45.1502 -56.1444 -0.114818 -0.0358837 0.992738
3.58511 44.1312 -56.1061 -0.0841709 0.0724687 0.993813
4.33095 43.7039 -56.0167 -0.0594746 0.0419869 0.997346
5.22417 43.8894 -55.9768 -0.0392851 0.0528873 0.997827
5.8488 44.5458 -55.9294 -0.0681398 -0.0279918 0.997283
5.84174 45.4361 -55.8866 -0.0846182 -0.112395 0.989995
5.49547 46.3511 -55.8084 -0.0925774 -0.119572 0.9885
5.4786 46.4273 -55.8007 -0.0877192 -0.128131 0.987821
5.44679 46.4945 -55.7941 -0.0828693 -0.136693 0.987141
