12.2781 95.9085 -28.6845 -0.0382646 -0.987412 0.152933
11.1817 95.873 -29.1098 -0.0271973 -0.98846 0.14901
10.0026 95.8551 -29.4319 -0.0250093 -0.988315 0.15035
8.84164 95.8347 -29.6138 -0.00372019 -0.989822 0.142265
7.92448 95.8263 -29.7076 0.00239877 -0.990285 0.138766
6.83532 95.8086 -29.7512 0.0111358 -0.990523 0.136892
5.71874 95.8065 -29.6628 0.0125318 -0.990052 0.140146
4.48871 95.8019 -29.5653 0.0181388 -0.990162 0.138744
3.53947 95.7861 -29.5449 0.019688 -0.989978 0.139841
2.46653 95.7571 -29.5609 0.0291032 -0.989727 0.139976
1.42816 95.7254 -29.5636 0.0294711 -0.99036 0.135284
0.0901788 95.7056 -29.4531 0.0262284 -0.990764 0.133032
-1.41421 95.6629 -29.2904 0.0434682 -0.990245 0.132382
-2.82398 95.6251 -29.1579 0.0431743 -0.98933 0.138918
-4.26074 95.5826 -28.9552 0.0481517 -0.990162 0.131378
-5.2074 95.5483 -28.8692 0.0476432 -0.990198 0.131297
-6.17502 95.5082 -28.786 0.0539081 -0.990322 0.12788
-7.57901 95.46 -28.5666 0.0526373 -0.990098 0.130137
-8.72639 95.4386 -28.2305 0.0595165 -0.989206 0.133885
-9.86288 95.428 -27.7636 0.0680945 -0.989092 0.130601
-10.9835 95.4261 -27.2145 0.062859 -0.988932 0.134397
-11.9501 95.4451 -26.5935 0.067098 -0.98942 0.128629
-12.9219 95.4764 -25.7382 0.0924083 -0.988068 0.123215
-13.7107 95.4919 -24.9609 0.0939512 -0.989493 0.109777
-14.4803 95.5046 -24.2299 0.0891863 -0.99013 0.108075
-15.2415 95.5143 -23.482 0.0907485 -0.99037 0.104556
-16.0799 95.5138 -22.3901 0.126979 -0.98995 0.0622472
-16.6706 95.5127 -21.3706 0.131968 -0.98783 0.0815658
-17.2492 95.5091 -20.3301 0.131683 -0.989748 0.0466688
-17.6952 95.4757 -19.3958 0.174258 -0.983839 0.0411794
-18.0231 95.4438 -18.4842 0.184206 -0.982708 0.0133785
-18.2392 95.3884 -17.5662 0.14641 -0.987076 -0.0651503
-18.4433 95.3066 -16.6058 0.1395 -0.989174 -0.0455398
-18.574 95.228 -15.5907 0.14936 -0.986002 -0.0737661
-18.5234 95.1372 -14.3036 0.155709 -0.984361 -0.0823372
-18.4054 95.0566 -13.2337 0.154567 -0.982817 -0.100895
-18.2371 94.9691 -12.1038 0.1619 -0.981483 -0.102373
-18.0161 94.8777 -10.9432 0.156418 -0.981461 -0.110723
-17.8138 94.793 -9.89688 0.158815 -0.981524 -0.106718
-17.5018 94.6788 -8.35981 0.159381 -0.981795 -0.103329
-17.2935 94.6148 -7.42723 0.163421 -0.981511 -0.0996496
-17.1311 94.5296 -6.32083 0.163488 -0.981337 -0.101221
-16.8903 94.4395 -5.12341 0.135359 -0.984745 -0.109315
-16.661 94.3642 -4.10026 0.127419 -0.986863 -0.0993295
-16.4407 94.3026 -3.19039 0.127651 -0.987043 -0.0972197
-16.1187 94.217 -2.02121 0.110844 -0.987566 -0.111397
-15.7515 94.1052 -0.708091 0.104222 -0.98712 -0.121373
-15.3082 93.9429 0.863391 0.0896818 -0.986478 -0.137181
-14.8991 93.8246 1.94198 0.0795042 -0.985749 -0.148248
-14.3701 93.7153 2.95708 0.0789714 -0.985939 -0.147269
-13.7878 93.6061 3.89419 0.0758259 -0.984274 -0.159476
-13.1934 93.5235 4.67199 0.0766483 -0.983043 -0.166589
-12.2801 93.4352 5.681 0.089509 -0.983753 -0.155624
-11.2231 93.3771 6.69687 0.0955836 -0.983985 -0.150455
-9.90584 93.3634 7.65784 0.105865 -0.982244 -0.154886
-9.01431 93.3987 8.06836 0.126465 -0.980044 -0.15336
-7.92891 93.4914 8.37776 0.12817 -0.97991 -0.1528
-7.00291 93.586 8.59065 0.137747 -0.979312 -0.148236
-5.94736 93.7178 8.67373 0.127816 -0.980787 -0.147376
-5.05784 93.8513 8.55603 0.119903 -0.982703 -0.140893
-3.91211 94.0446 8.14911 0.12006 -0.984165 -0.130403
-3.01797 94.1742 7.78743 0.089044 -0.987713 -0.128292
-1.66781 94.3554 7.26773 0.0730651 -0.988625 -0.131459
-0.0651525 94.4729 6.94166 0.0261712 -0.993424 -0.11146
0.852561 94.501 6.90605 0.0132014 -0.994201 -0.105778
1.94671 94.4812 7.03016 -0.00723698 -0.993921 -0.109859
3.1964 94.4076 7.27943 -0.0608301 -0.988965 -0.135087
4.23093 94.2977 7.61777 -0.0714813 -0.989043 -0.128566
5.22325 94.1533 8.05097 -0.0936844 -0.988877 -0.115525
6.45785 93.9435 8.61789 -0.14276 -0.9812 -0.12987
7.53883 93.7325 8.98597 -0.151164 -0.979785 -0.131039
8.53509 93.5459 9.18476 -0.160122 -0.9774 -0.13802
9.44222 93.4096 9.17544 -0.13903 -0.978924 -0.149574
10.4128 93.3037 8.9652 -0.145205 -0.978326 -0.147411
11.4625 93.1969 8.66342 -0.143451 -0.974274 -0.173814
12.3767 93.1642 8.2352 -0.101053 -0.979866 -0.172197
13.5418 93.2081 7.33312 -0.0724177 -0.983692 -0.164631
14.2736 93.2777 6.60233 -0.0718771 -0.983558 -0.165672
14.8972 93.3535 5.87581 -0.0635579 -0.985078 -0.159944
15.6245 93.4731 4.91173 -0.0561145 -0.982199 -0.179184
16.4143 93.6395 3.76798 -0.0593204 -0.981502 -0.182031
16.9569 93.8013 2.73836 -0.0677739 -0.979961 -0.187303
17.3687 93.9266 1.93255 -0.0704514 -0.981941 -0.175565
17.8133 94.048 1.0785 -0.0680686 -0.982199 -0.175078
18.2181 94.1668 0.216706 -0.0779781 -0.982922 -0.166673
18.6067 94.2814 -0.632759 -0.0786451 -0.982567 -0.168452
19.1061 94.4223 -1.76084 -0.0845095 -0.983663 -0.158951
19.5642 94.5824 -3.07876 -0.0971203 -0.984244 -0.147732
19.742 94.6964 -3.95633 -0.100252 -0.983766 -0.148842
19.9782 94.8654 -5.30905 -0.107058 -0.984524 -0.138687
20.1022 94.9907 -6.32395 -0.112375 -0.983622 -0.14076
20.2302 95.1336 -7.3984 -0.117498 -0.98284 -0.142197
20.3029 95.2498 -8.30736 -0.128104 -0.983436 -0.128071
20.328 95.3753 -9.31291 -0.125503 -0.984788 -0.120009
20.3593 95.49 -10.3277 -0.12996 -0.984663 -0.116397
20.4642 95.6276 -11.6085 -0.129422 -0.986017 -0.104351
20.5828 95.7042 -12.5803 -0.126366 -0.987572 -0.0934466
20.629 95.7867 -13.5179 -0.126129 -0.987652 -0.0929278
20.6079 95.8922 -14.6609 -0.125105 -0.988634 -0.0832062
20.5379 95.9883 -15.8965 -0.132966 -0.989554 -0.0556799
20.4166 96.0597 -16.8981 -0.135574 -0.989953 -0.0401712
20.2549 96.122 -17.8873 -0.118801 -0.992241 -0.0312923
19.9892 96.1711 -18.8939 -0.101955 -0.994562 -0.0212633
19.6511 96.2207 -19.766 -0.129776 -0.990199 0.0497086
19.1645 96.2251 -20.9321 -0.0983093 -0.994408 0.0385842
18.7278 96.2256 -21.819 -0.0915211 -0.994615 0.0486309
18.2157 96.2151 -22.7183 -0.0998253 -0.991725 0.0801994
17.7771 96.1976 -23.5322 -0.10829 -0.990777 0.0814301
17.2676 96.1813 -24.3934 -0.0945361 -0.990905 0.0940594
16.6308 96.146 -25.1854 -0.0581673 -0.993854 0.0940432
15.8514 96.072 -26.0572 -0.0610842 -0.98925 0.132595
15.0685 96.028 -26.8793 -0.0715167 -0.990674 0.115976
14.1161 95.9742 -27.6967 -0.0471867 -0.987317 0.151502
13.1446 95.9295 -28.2363 -0.0420382 -0.989923 0.134016
12.29 95.9088 -28.6786 -0.0510502 -0.987117 0.151637
12.7264 95.7618 -29.519 -0.040795 -0.98807 0.14843
13.8945 95.7938 -28.9426 -0.0456373 -0.988553 0.143808
14.7083 95.8271 -28.4589 -0.0592357 -0.986037 0.155373
15.4129 95.8706 -27.9009 -0.0732393 -0.984523 0.15906
16.1762 95.9092 -27.1348 -0.0878182 -0.98816 0.12581
16.8135 95.9473 -26.4346 -0.0804527 -0.985322 0.150561
17.612 96.0143 -25.535 -0.0874722 -0.985529 0.145193
18.2932 96.0516 -24.58 -0.12602 -0.988475 0.083878
18.9131 96.0868 -23.5165 -0.0963831 -0.990533 0.0962499
19.5188 96.1081 -22.4426 -0.100305 -0.99288 0.0642551
20.0339 96.1004 -21.3882 -0.138751 -0.98966 0.0360852
20.4232 96.0886 -20.4213 -0.119538 -0.991073 0.0590425
20.9284 96.0661 -19.1907 -0.119164 -0.992744 -0.0157047
21.1926 96.015 -18.1289 -0.121643 -0.991955 -0.0318713
21.416 95.9202 -16.6744 -0.11905 -0.991447 -0.0529912
21.5499 95.8234 -15.3413 -0.124792 -0.990494 -0.0574224
21.5709 95.72 -14.2065 -0.141067 -0.986068 -0.0881439
21.5608 95.6346 -13.2059 -0.145482 -0.985433 -0.0879492
21.4577 95.5285 -11.9516 -0.147525 -0.984216 -0.0977387
21.3452 95.4364 -11.0015 -0.137338 -0.983649 -0.116507
21.2843 95.3284 -10.0273 -0.138631 -0.983333 -0.117636
21.2596 95.1715 -8.71435 -0.140366 -0.982504 -0.122406
21.1885 95.0127 -7.4532 -0.134982 -0.981669 -0.134555
21.0843 94.8904 -6.36968 -0.109453 -0.985653 -0.128214
20.9404 94.7467 -5.20579 -0.103446 -0.985673 -0.133211
20.7641 94.6251 -4.198 -0.098155 -0.985364 -0.13937
20.5495 94.5029 -3.19951 -0.0906956 -0.98519 -0.145515
20.2086 94.3544 -1.98917 -0.0950036 -0.984323 -0.148602
19.841 94.2462 -1.07287 -0.0875434 -0.983361 -0.159177
19.4676 94.1438 -0.231763 -0.0789868 -0.985184 -0.152231
18.7735 93.934 1.34475 -0.0726908 -0.982737 -0.169988
18.228 93.7958 2.35229 -0.0662776 -0.983165 -0.170275
17.8142 93.6752 3.14271 -0.0527397 -0.982855 -0.176505
17.2006 93.4986 4.3233 -0.0411432 -0.984261 -0.171788
16.6852 93.389 5.08776 -0.0385727 -0.985023 -0.168051
16.1349 93.2889 5.80109 -0.0349147 -0.986918 -0.156951
15.3655 93.1586 6.82171 -0.0724834 -0.982693 -0.170391
14.523 93.0704 7.7256 -0.0733806 -0.983443 -0.165686
13.846 93.0181 8.3454 -0.0700382 -0.985082 -0.15719
12.8803 92.988 9.04667 -0.0858295 -0.987962 -0.128665
11.5178 93.0213 9.7158 -0.120829 -0.983251 -0.132172
10.625 93.1169 9.9807 -0.138203 -0.978812 -0.151086
9.50052 93.2458 10.1779 -0.150837 -0.977721 -0.145447
8.42941 93.4247 10.1653 -0.160852 -0.9772 -0.138587
7.53736 93.5915 9.99589 -0.15629 -0.978069 -0.137676
6.57909 93.7879 9.69501 -0.155203 -0.979507 -0.127941
5.27272 94.0291 9.14025 -0.108798 -0.986802 -0.119935
4.45775 94.1539 8.73159 -0.0839219 -0.990654 -0.107521
3.58968 94.2663 8.36235 -0.0723092 -0.993311 -0.0900212
2.66991 94.3581 8.08827 -0.04816 -0.993707 -0.0978874
1.73651 94.3966 7.93858 -0.0180455 -0.994997 -0.0977445
0.786822 94.3877 7.84479 0.0289213 -0.992505 -0.118732
-0.271949 94.3514 7.90002 0.0307281 -0.991629 -0.125411
-1.22678 94.2802 8.11314 0.0771533 -0.989045 -0.125843
-2.26652 94.1552 8.50392 0.0822442 -0.990133 -0.112901
-3.46655 93.9834 9.01075 0.0983222 -0.986623 -0.129057
-4.54727 93.79 9.43212 0.122391 -0.982561 -0.139977
-5.49063 93.6337 9.64758 0.132378 -0.980844 -0.142905
-6.49291 93.5 9.63325 0.136998 -0.979597 -0.147032
-7.43749 93.391 9.48304 0.136244 -0.979882 -0.145841
-8.40738 93.2982 9.25357 0.124042 -0.981489 -0.145922
-9.80539 93.1876 8.81013 0.123265 -0.981664 -0.145398
-10.7158 93.1652 8.31646 0.0982714 -0.981922 -0.161777
-11.4588 93.1834 7.75534 0.0978769 -0.981899 -0.162156
-12.3151 93.2195 7.01981 0.0923242 -0.982758 -0.160082
-13.0075 93.2755 6.30728 0.0793573 -0.984859 -0.154129
-13.7736 93.3515 5.45047 0.0689198 -0.984347 -0.16214
-14.4132 93.4383 4.66881 0.0643629 -0.984687 -0.162018
-15.0399 93.5435 3.72989 0.0614223 -0.98583 -0.155945
-15.5169 93.6347 2.91402 0.0675883 -0.986956 -0.146119
-16.1389 93.794 1.46683 0.0774076 -0.987857 -0.134711
-16.4535 93.9082 0.383877 0.0957624 -0.989371 -0.109431
-16.7501 94.0052 -0.75247 0.0999842 -0.988246 -0.115405
-17.0261 94.0816 -1.72113 0.118601 -0.987376 -0.104992
-17.3197 94.154 -2.76954 0.118185 -0.98893 -0.0897189
-17.5822 94.2128 -3.77943 0.130826 -0.988024 -0.0816862
-17.8266 94.2825 -4.94116 0.148679 -0.984563 -0.0923645
-18.0445 94.3564 -6.08119 0.162214 -0.982901 -0.0858175
-18.2289 94.4315 -7.15422 0.163293 -0.981524 -0.0997264
-18.4412 94.5037 -8.17387 0.162549 -0.980961 -0.106269
-18.7103 94.6071 -9.52394 0.160778 -0.981073 -0.107916
-18.9161 94.6889 -10.5672 0.16158 -0.980659 -0.110407
-19.1214 94.7724 -11.6298 0.16419 -0.980414 -0.10877
-19.3298 94.8734 -12.8942 0.16021 -0.98136 -0.106143
-19.4787 94.9729 -14.11 0.140402 -0.985867 -0.0913921
-19.5431 95.0649 -15.2969 0.142913 -0.986778 -0.0764551
-19.4267 95.1574 -16.548 0.156817 -0.986694 -0.0429329
-19.206 95.2321 -17.5959 0.154191 -0.98784 -0.0137171
-18.8518 95.2871 -19.0321 0.151992 -0.988256 0.00928416
-18.5114 95.3215 -19.9558 0.156986 -0.987366 0.0215266
-18.0775 95.3552 -20.9066 0.131677 -0.988629 0.0726214
-17.3789 95.3594 -22.067 0.139923 -0.987327 0.0744013
-16.6803 95.3762 -23.2447 0.128297 -0.987472 0.0893082
-15.7406 95.3614 -24.3443 0.107398 -0.98732 0.116895
-14.6037 95.3512 -25.4277 0.100425 -0.987681 0.120008
-13.7388 95.3301 -26.2476 0.0890564 -0.987314 0.131454
-13.0812 95.3048 -26.8912 0.0925034 -0.985833 0.139751
-12.3006 95.2903 -27.5097 0.086172 -0.987806 0.129667
-11.5166 95.2766 -28.0414 0.073095 -0.987493 0.139698
-10.6305 95.2793 -28.4751 0.0690473 -0.988467 0.134739
-9.65488 95.2868 -28.9069 0.0667088 -0.98811 0.138505
-8.5339 95.2981 -29.3373 0.06019 -0.98894 0.135553
-7.35081 95.3347 -29.6036 0.0604772 -0.988907 0.135666
-6.00766 95.3894 -29.7658 0.0521725 -0.989296 0.136197
-5.00926 95.429 -29.8358 0.0491853 -0.989034 0.139257
-3.50533 95.4709 -30.0185 0.0399967 -0.988603 0.145137
-2.36144 95.5006 -30.1544 0.0474912 -0.988205 0.145583
-1.44003 95.5276 -30.2495 0.0374481 -0.985976 0.162603
-0.229744 95.546 -30.3847 0.032675 -0.986365 0.161297
0.696078 95.5681 -30.5044 0.0362197 -0.987555 0.152638
1.69432 95.5918 -30.5279 0.0267693 -0.988857 0.14644
3.17007 95.6385 -30.4872 0.022675 -0.987928 0.153242
4.50538 95.6674 -30.4916 0.0195771 -0.987571 0.155905
5.56365 95.6727 -30.5887 0.0187813 -0.987714 0.155141
6.46715 95.6777 -30.663 0.0127298 -0.990421 0.137491
7.58477 95.6811 -30.6927 0.00829815 -0.986554 0.163218
8.53146 95.6872 -30.6395 -0.00701729 -0.988722 0.149596
9.51887 95.6957 -30.5089 -0.0132429 -0.988184 0.152697
10.6322 95.71 -30.2763 -0.024327 -0.988139 0.151625
11.8014 95.733 -29.9121 -0.0315769 -0.98768 0.153266
12.3807 95.7511 -29.6762 -0.0351172 -0.987618 0.152854
12.7844 95.6031 -30.5323 -0.0438703 -0.986262 0.159029
13.8417 95.6289 -30.0285 -0.0706305 -0.984059 0.163217
14.6611 95.6361 -29.6299 -0.0680525 -0.984132 0.163845
15.5508 95.6717 -29.0634 -0.0659117 -0.984485 0.162604
16.4353 95.7323 -28.2456 -0.0890366 -0.982149 0.165261
17.255 95.781 -27.3863 -0.12341 -0.979342 0.160182
17.9523 95.8201 -26.6114 -0.120935 -0.980114 0.157088
18.5432 95.8586 -25.8935 -0.117504 -0.981779 0.149338
19.3218 95.9061 -24.7501 -0.131298 -0.985487 0.105271
19.9875 95.9507 -23.5691 -0.16115 -0.979319 0.122246
20.6172 95.9848 -22.4112 -0.140014 -0.985274 0.0903837
21.0539 95.9491 -21.3643 -0.162093 -0.984835 0.0560153
21.4956 95.9524 -20.3612 -0.141055 -0.987985 0.0631525
21.8598 95.9291 -19.5155 -0.167481 -0.985546 0.0160793
22.1718 95.8845 -18.1019 -0.140739 -0.989701 -0.0117115
22.3685 95.8089 -16.7575 -0.130049 -0.990612 -0.0405044
22.5019 95.724 -15.7896 -0.139333 -0.987354 -0.0756146
22.5237 95.6064 -14.4158 -0.13459 -0.986743 -0.0906864
22.5095 95.5152 -13.4223 -0.132632 -0.98651 -0.0959565
22.4 95.3774 -11.8611 -0.148281 -0.983969 -0.0990848
22.2357 95.2394 -10.3988 -0.138045 -0.983316 -0.11846
22.2241 95.0897 -9.16194 -0.139558 -0.982644 -0.122203
22.2 94.9756 -8.15947 -0.127726 -0.985805 -0.108817
22.0917 94.841 -6.91999 -0.114954 -0.98584 -0.122084
22.0036 94.7181 -5.84372 -0.106164 -0.987166 -0.118935
21.8572 94.6152 -4.93378 -0.0916938 -0.987247 -0.130139
21.6167 94.4634 -3.64161 -0.0865998 -0.987005 -0.135358
21.3308 94.3163 -2.41932 -0.0902693 -0.985395 -0.144392
21.0211 94.1994 -1.44155 -0.0866484 -0.985155 -0.148196
20.6451 94.0961 -0.534605 -0.0828262 -0.985187 -0.150095
20.1967 93.9715 0.503261 -0.0789665 -0.985146 -0.152487
19.7581 93.8332 1.55497 -0.0648602 -0.984327 -0.16399
19.2456 93.7108 2.47268 -0.0515152 -0.985935 -0.158434
18.6524 93.5649 3.59517 -0.0366423 -0.987175 -0.155318
18.2124 93.4313 4.51642 -0.0288215 -0.98569 -0.166084
17.6733 93.3023 5.39337 -0.0142389 -0.989571 -0.14333
17.0764 93.2022 6.18708 -0.0312566 -0.988813 -0.14585
16.5213 93.1044 6.90706 -0.0171369 -0.989124 -0.145328
15.9519 93.0181 7.631 -0.0274059 -0.991592 -0.125848
15.1443 92.9326 8.46637 -0.0359739 -0.987965 -0.150439
14.1712 92.8416 9.30659 -0.0535271 -0.986565 -0.153414
12.9354 92.8438 10.1275 -0.0795588 -0.988658 -0.127038
11.9229 92.872 10.5935 -0.0951853 -0.985807 -0.138293
10.879 92.9465 10.8966 -0.130161 -0.983367 -0.126086
9.88485 93.0574 11.1174 -0.139213 -0.981146 -0.134059
8.88613 93.2053 11.1605 -0.156291 -0.97825 -0.13617
7.68091 93.4199 11.0393 -0.158652 -0.977041 -0.142195
6.67891 93.6207 10.7672 -0.160414 -0.977652 -0.135854
5.78947 93.8137 10.4376 -0.162453 -0.977575 -0.133997
4.84881 93.9808 9.99662 -0.0992448 -0.989173 -0.106622
3.92407 94.1105 9.53316 -0.0820638 -0.990243 -0.112626
3.02909 94.2283 9.14883 -0.047196 -0.990226 -0.125838
1.84456 94.2734 8.88115 -0.00561014 -0.990983 -0.133868
0.915826 94.2761 8.7624 0.0272478 -0.991444 -0.127653
-0.320863 94.2369 8.84332 0.0368363 -0.993482 -0.107874
-1.38915 94.1415 9.14669 0.0546883 -0.988958 -0.137736
-2.20478 94.0418 9.51661 0.0999162 -0.984033 -0.14722
-3.26621 93.8603 9.99565 0.109044 -0.983331 -0.145372
-4.45406 93.6562 10.4586 0.123294 -0.982684 -0.137799
-5.63954 93.4645 10.6694 0.134715 -0.980261 -0.14468
-7.08922 93.2798 10.5534 0.135982 -0.979828 -0.146448
-8.43383 93.147 10.2493 0.123784 -0.981589 -0.145468
-9.58268 93.049 9.9287 0.124563 -0.981371 -0.146267
-10.4965 92.9945 9.56329 0.089484 -0.986012 -0.140618
-11.4026 92.9906 9.01586 0.0891671 -0.985993 -0.140949
-12.3433 93.0115 8.29922 0.0853028 -0.984836 -0.15089
-13.0661 93.0604 7.64102 0.0663203 -0.983779 -0.166675
-13.8258 93.1358 6.82898 0.0655969 -0.986895 -0.147184
-14.8213 93.2495 5.69471 0.0561599 -0.987136 -0.149694
-15.6046 93.3667 4.65293 0.0477829 -0.987975 -0.147043
-16.2275 93.4837 3.63625 0.0564296 -0.988438 -0.140485
-16.7607 93.604 2.55825 0.0588837 -0.989876 -0.129143
-17.085 93.6949 1.7123 0.0588169 -0.989912 -0.1289
-17.3809 93.7957 0.653011 0.0806368 -0.991002 -0.106803
-17.6069 93.8754 -0.245111 0.0818939 -0.990708 -0.10859
-17.8534 93.9364 -1.17863 0.101287 -0.990609 -0.091655
-18.2369 94.0168 -2.51575 0.128888 -0.988146 -0.0833919
-18.5521 94.0787 -3.71133 0.130815 -0.988026 -0.0816834
-18.7943 94.1327 -4.95906 0.172694 -0.982345 -0.071811
-19.0001 94.1932 -6.17908 0.174008 -0.980294 -0.0925693
-19.2406 94.2845 -7.45125 0.178551 -0.977603 -0.110968
-19.5319 94.3896 -8.77022 0.160851 -0.981116 -0.107414
-19.8243 94.5135 -10.274 0.152429 -0.981949 -0.111991
-20.0122 94.5816 -11.1875 0.152066 -0.982911 -0.103736
-20.2719 94.6993 -12.5897 0.140656 -0.983931 -0.109968
-20.4258 94.8062 -13.7973 0.143715 -0.985159 -0.0938551
-20.5075 94.8957 -15.0692 0.159427 -0.98528 -0.0614336
-20.4644 94.9643 -16.07 0.166023 -0.98478 -0.0514162
-20.2081 95.0651 -17.5177 0.162396 -0.986396 -0.0254936
-19.9018 95.1216 -18.9104 0.158007 -0.987225 0.0205109
-19.4958 95.1615 -20.0929 0.157641 -0.987264 0.021437
-19.1058 95.1921 -21.0411 0.203174 -0.976314 0.0741793
-18.6704 95.1973 -21.867 0.183157 -0.978433 0.0955071
-18.0057 95.2098 -22.9134 0.152701 -0.98443 0.08486
-17.4785 95.2074 -23.7641 0.149828 -0.982267 0.111774
-16.613 95.192 -24.8181 0.139177 -0.980444 0.139137
-15.7939 95.1961 -25.6142 0.139812 -0.981092 0.133739
-15.1184 95.1941 -26.2661 0.100143 -0.987181 0.124281
-14.3928 95.1783 -26.9449 0.0890865 -0.987033 0.133513
-13.6899 95.1544 -27.5809 0.0891161 -0.986752 0.135571
-12.4822 95.1297 -28.5694 0.091289 -0.986251 0.137752
-11.2958 95.1249 -29.2559 0.0746889 -0.988159 0.134029
-10.0056 95.1364 -29.8101 0.0674831 -0.988264 0.137034
-8.94752 95.1481 -30.2473 0.0658541 -0.988947 0.132846
-7.99891 95.1747 -30.4793 0.0606119 -0.988971 0.135136
-6.88107 95.2192 -30.6516 0.0597422 -0.988817 0.136639
-5.93358 95.26 -30.713 0.0482843 -0.989128 0.138902
-4.68986 95.3038 -30.8057 0.0405064 -0.988046 0.148745
-3.38084 95.3313 -30.9851 0.0395754 -0.987506 0.152471
-2.33027 95.35 -31.1128 0.0353323 -0.987142 0.155893
-1.04245 95.3761 -31.2501 0.034319 -0.986039 0.162938
0.0127016 95.3906 -31.3685 0.0345944 -0.983748 0.176111
1.26104 95.418 -31.4785 0.0371694 -0.982877 0.180475
2.51681 95.4622 -31.4631 0.029725 -0.981952 0.18678
3.62272 95.4999 -31.4367 0.0216791 -0.984685 0.172378
4.62025 95.5194 -31.4244 0.0200902 -0.98719 0.158255
5.69612 95.5249 -31.5455 0.0208233 -0.987463 0.15645
7.04709 95.5202 -31.6385 0.00642737 -0.98647 0.163817
7.9859 95.5269 -31.6532 0.0099317 -0.98666 0.162491
9.14385 95.5434 -31.5438 -0.0151195 -0.988322 0.151623
10.13 95.5507 -31.394 -0.0167201 -0.988149 0.152582
11.4076 95.5766 -31.0633 -0.0287955 -0.989045 0.144516
12.4135 95.5908 -30.7028 -0.0344273 -0.98836 0.148064
12.4936 95.5933 -30.6701 -0.0351173 -0.987618 0.152854
12.7556 95.4332 -31.5922 -0.0566368 -0.986198 0.155584
11.6881 95.4188 -31.9996 -0.0417124 -0.985807 0.162617
10.2699 95.397 -32.3733 -0.0215031 -0.987243 0.157629
8.94795 95.3804 -32.5613 -0.0103923 -0.98611 0.165769
7.99164 95.364 -32.6306 0.00794758 -0.985974 0.166687
6.87715 95.3585 -32.5858 0.0131675 -0.986065 0.16584
5.90329 95.3593 -32.4911 0.0238793 -0.983272 0.180573
4.89873 95.3543 -32.3916 0.0246792 -0.982726 0.18338
3.68435 95.3271 -32.3576 0.0277545 -0.982063 0.186488
2.52798 95.2812 -32.4166 0.0295919 -0.981936 0.186883
1.56806 95.2467 -32.4396 0.0292601 -0.982793 0.18238
0.23704 95.2231 -32.3697 0.0280221 -0.983768 0.177126
-0.963152 95.2088 -32.2316 0.0325912 -0.984434 0.172699
-1.85932 95.2003 -32.106 0.0305155 -0.984084 0.175065
-2.88895 95.191 -31.987 0.0318632 -0.985739 0.164972
-4.45063 95.1694 -31.7737 0.0356114 -0.987831 0.151259
-5.90167 95.1281 -31.6543 0.0405423 -0.988381 0.146488
-6.904 95.0844 -31.6117 0.0581152 -0.989013 0.13591
-7.8782 95.043 -31.5058 0.0566616 -0.989307 0.13439
-8.93556 95.0072 -31.2937 0.05895 -0.989495 0.131986
-10.1193 94.9891 -30.8627 0.0638836 -0.989259 0.131471
-11.3651 94.979 -30.2929 0.0678195 -0.989266 0.12943
-12.4277 94.9703 -29.7656 0.0745153 -0.988193 0.133875
-13.6136 94.9827 -28.8854 0.0891969 -0.986853 0.13478
-14.494 94.9936 -28.1218 0.108284 -0.984446 0.137721
-15.2078 95.0117 -27.4746 0.124894 -0.98221 0.14023
-16.1374 95.0191 -26.5911 0.132369 -0.98211 0.133632
-17.089 95.0058 -25.6584 0.145568 -0.980445 0.13225
-17.7558 95.0049 -24.9916 0.14378 -0.979168 0.143381
-18.5781 95.0148 -23.8046 0.179157 -0.978103 0.10591
-19.3482 94.9967 -22.6143 0.184094 -0.978026 0.0978488
-19.9025 94.9797 -21.6148 0.202852 -0.975973 0.0795427
-20.3889 94.9646 -20.4755 0.208716 -0.975651 0.067163
-20.7744 94.9456 -19.3507 0.21027 -0.976885 0.034697
-21.0579 94.9102 -18.0437 0.204762 -0.97871 0.0141286
-21.2446 94.8655 -17.1629 0.178336 -0.983952 -0.00593862
-21.4177 94.814 -16.2565 0.159477 -0.986073 -0.0465528
-21.4685 94.7506 -15.1628 0.154222 -0.986295 -0.0586288
-21.3935 94.6767 -13.9816 0.135216 -0.98774 -0.0780169
-21.3139 94.5977 -12.9939 0.134995 -0.984662 -0.110532
-21.1581 94.5051 -11.9725 0.139602 -0.98414 -0.109453
-20.9635 94.4278 -11.0108 0.125055 -0.986859 -0.10233
-20.7345 94.3381 -9.97335 0.139615 -0.982962 -0.118706
-20.5542 94.2609 -9.05091 0.151996 -0.982035 -0.111824
-20.2632 94.1363 -7.72719 0.168073 -0.978154 -0.122333
-20.0437 94.0464 -6.67643 0.212198 -0.969986 -0.118738
-19.8329 93.9859 -5.48898 0.216818 -0.974495 -0.0578729
-19.6647 93.9406 -4.40388 0.167686 -0.983953 -0.0602093
-19.4556 93.9239 -3.45056 0.156525 -0.98531 -0.0666619
-19.1751 93.8805 -2.34224 0.132492 -0.988462 -0.0726999
-18.8131 93.8324 -1.08742 0.108487 -0.991233 -0.0737767
-18.5561 93.7729 -0.105401 0.0996497 -0.991111 -0.0881062
-18.2341 93.668 1.2071 0.0897824 -0.990499 -0.104155
-17.9407 93.5705 2.22315 0.0737655 -0.990309 -0.117671
-17.5289 93.4757 3.19417 0.0570107 -0.990037 -0.128748
-17.0996 93.3777 4.07105 0.0508973 -0.988297 -0.143802
-16.4965 93.2602 5.07684 0.0494007 -0.987926 -0.146837
-15.728 93.1406 6.11717 0.0460945 -0.987583 -0.150182
-15.0967 93.0596 6.84904 0.0508125 -0.987868 -0.146643
-14.4893 92.9937 7.52706 0.0563306 -0.987607 -0.146492
-13.5412 92.8899 8.53917 0.0569599 -0.987607 -0.146076
-12.7819 92.8436 9.1949 0.0723161 -0.987155 -0.14198
-11.9373 92.8295 9.81222 0.0875916 -0.986065 -0.141434
-11.0322 92.8356 10.3661 0.090356 -0.986986 -0.132934
-9.72724 92.892 10.8937 0.10219 -0.987119 -0.123099
-8.46081 92.9987 11.2439 0.127916 -0.982008 -0.138915
-7.20655 93.1237 11.5263 0.129936 -0.98152 -0.140469
-6.23544 93.2427 11.6118 0.138112 -0.980427 -0.140316
-4.73364 93.458 11.569 0.134535 -0.98081 -0.141111
-3.69394 93.6355 11.2441 0.115413 -0.98451 -0.131917
-2.51324 93.8293 10.7165 0.0866277 -0.989121 -0.118891
-1.7013 93.9572 10.3268 0.0568112 -0.988256 -0.141854
-0.761187 94.0688 9.91845 0.0550006 -0.988935 -0.137774
0.294659 94.1521 9.70848 0.0267308 -0.988914 -0.144863
1.22601 94.1559 9.73931 0.00549529 -0.989954 -0.14124
2.38352 94.1276 9.92325 -0.00925723 -0.990452 -0.137505
3.49187 94.0511 10.3699 -0.0471959 -0.990226 -0.125838
4.35922 93.9275 10.8208 -0.0813895 -0.989003 -0.123067
5.40508 93.7504 11.3379 -0.144934 -0.977616 -0.151374
6.31194 93.5497 11.6843 -0.163212 -0.975926 -0.144652
7.78123 93.2505 12.058 -0.155876 -0.976753 -0.147154
8.72828 93.0902 12.1313 -0.147199 -0.978014 -0.14772
9.75141 92.9425 12.0899 -0.140109 -0.98024 -0.139178
10.6446 92.846 11.9722 -0.118606 -0.983895 -0.133731
11.7828 92.7483 11.6777 -0.109622 -0.986879 -0.118542
13.1621 92.6945 11.0986 -0.074211 -0.988112 -0.134641
14.0693 92.6954 10.5508 -0.0596691 -0.990898 -0.117973
14.9503 92.7409 9.90229 -0.0315295 -0.992112 -0.121197
15.8547 92.813 9.12607 -0.027112 -0.990614 -0.133721
16.7819 92.9289 8.15505 -0.0246822 -0.989839 -0.140027
17.6097 93.0645 7.05842 -0.0162197 -0.989808 -0.141475
18.5132 93.2172 5.8973 -0.0142331 -0.989572 -0.14332
19.0425 93.3326 5.02812 -0.032505 -0.989026 -0.144123
19.5176 93.4619 4.03768 -0.0322441 -0.988905 -0.145006
20.0733 93.602 2.95074 -0.0453652 -0.988034 -0.147413
20.5729 93.7098 2.08769 -0.0567153 -0.98742 -0.146967
20.937 93.8072 1.23115 -0.0691227 -0.987027 -0.144879
21.5252 93.9622 -0.127877 -0.0800261 -0.986556 -0.142491
22.0919 94.1334 -1.62185 -0.0845383 -0.986065 -0.143277
22.3247 94.248 -2.55206 -0.0883827 -0.986131 -0.140477
22.5639 94.3838 -3.66735 -0.0889146 -0.987221 -0.13219
22.7674 94.5061 -4.74741 -0.0914619 -0.987341 -0.129581
22.9857 94.6414 -6.01514 -0.0980512 -0.988185 -0.117783
23.0765 94.7409 -6.99787 -0.107195 -0.988386 -0.107717
23.1623 94.8383 -8.04808 -0.116493 -0.987313 -0.107072
23.2131 94.9372 -9.07055 -0.147008 -0.982886 -0.110609
23.1783 95.0672 -10.1099 -0.142592 -0.982639 -0.11869
23.2992 95.2019 -11.3921 -0.145617 -0.982651 -0.114857
23.4209 95.3048 -12.5428 -0.13494 -0.985953 -0.0984242
23.4647 95.3889 -13.4426 -0.118777 -0.98846 -0.0936035
23.4868 95.4924 -14.585 -0.130735 -0.987133 -0.0920667
23.5089 95.5657 -15.4988 -0.132625 -0.988007 -0.0790553
23.3701 95.6593 -16.6549 -0.146442 -0.987699 -0.0548172
23.1677 95.7354 -17.8826 -0.151284 -0.988039 -0.0265675
22.9816 95.7493 -19.1129 -0.160975 -0.986768 0.0194008
22.6838 95.7738 -20.03 -0.143299 -0.989094 0.0340332
22.2679 95.8091 -20.8781 -0.156094 -0.986297 0.0493123
21.8897 95.8005 -21.7592 -0.141544 -0.9873 0.0721361
21.4831 95.7839 -22.8003 -0.177658 -0.977793 0.111167
20.8845 95.7572 -23.916 -0.164894 -0.979031 0.119619
20.4144 95.7341 -24.7302 -0.157571 -0.981485 0.107488
19.7619 95.7114 -25.8377 -0.130794 -0.981122 0.141363
19.1445 95.6536 -26.7003 -0.127866 -0.977977 0.164918
18.4936 95.6115 -27.4512 -0.12808 -0.978892 0.159267
17.6845 95.573 -28.3276 -0.121815 -0.97893 0.163833
16.9822 95.5363 -29.0457 -0.109107 -0.979273 0.170261
16.1365 95.4939 -29.812 -0.102058 -0.981888 0.159628
15.3234 95.4697 -30.3441 -0.0714248 -0.983393 0.166838
14.4645 95.4609 -30.7717 -0.0715071 -0.983852 0.164076
13.2978 95.4428 -31.3337 -0.0528524 -0.985584 0.160598
13.1012 95.4385 -31.4328 -0.0566413 -0.986198 0.155579
13.3762 95.2809 -32.3456 -0.0589684 -0.986361 0.153626
12.103 95.2539 -32.9111 -0.0369685 -0.986839 0.157424
11.2164 95.2397 -33.1935 -0.0215701 -0.988219 0.151291
10.2422 95.2116 -33.5429 -0.0155711 -0.987367 0.157212
9.27998 95.211 -33.5675 -0.00841884 -0.988563 0.150313
8.38311 95.1969 -33.6167 0.00628734 -0.98534 0.170489
6.89289 95.1888 -33.51 0.0238629 -0.983199 0.180821
5.86642 95.182 -33.4311 0.0234245 -0.982308 0.185801
4.82194 95.1768 -33.3035 0.0291616 -0.981134 0.191108
3.59255 95.1383 -33.3132 0.0307518 -0.980499 0.1941
2.6782 95.1019 -33.357 0.029471 -0.980484 0.194378
1.32123 95.0597 -33.3801 0.0244364 -0.980125 0.196871
0.357921 95.0454 -33.3216 0.0287143 -0.980144 0.196199
-0.829082 95.0398 -33.1897 0.0289955 -0.981525 0.188987
-1.92218 95.0291 -33.0436 0.0312784 -0.982705 0.182486
-3.02398 95.0266 -32.8928 0.0263794 -0.982832 0.182607
-4.17679 95.0241 -32.7446 0.0316599 -0.987025 0.157413
-5.34407 95.019 -32.622 0.0186279 -0.990249 0.13625
-6.30079 94.9895 -32.5839 0.0468592 -0.990784 0.126478
-7.67023 94.9158 -32.5379 0.0571942 -0.989623 0.131816
-8.70111 94.8742 -32.4027 0.0572115 -0.989662 0.131513
-9.73461 94.8301 -32.2825 0.0612131 -0.989748 0.128971
-10.7535 94.8407 -31.6738 0.067793 -0.989466 0.127908
-11.6926 94.8131 -31.3939 0.0714562 -0.98918 0.128054
-12.8396 94.8221 -30.6184 0.0842892 -0.988202 0.127855
-13.5745 94.8248 -30.0958 0.0916997 -0.987712 0.126413
-14.4493 94.8277 -29.4229 0.0956583 -0.986596 0.132204
-15.2058 94.83 -28.7736 0.118491 -0.983921 0.133639
-15.9863 94.8285 -28.0408 0.131476 -0.981892 0.136109
-16.6351 94.8386 -27.385 0.141058 -0.980212 0.138363
-17.4299 94.8154 -26.6521 0.151273 -0.979125 0.13576
-18.1225 94.8024 -26.006 0.143782 -0.979164 0.143407
-18.7275 94.7931 -25.3135 0.182085 -0.973854 0.135843
-19.4273 94.7925 -24.3027 0.188758 -0.974119 0.12435
-20.0855 94.785 -23.2524 0.206813 -0.97295 0.102851
-20.7268 94.7433 -22.3377 0.206319 -0.974173 0.0914152
-21.1198 94.7653 -21.1227 0.205713 -0.975841 0.0724423
-21.585 94.7368 -19.9858 0.202253 -0.977825 0.0538847
-21.8825 94.7338 -18.6825 0.199296 -0.97953 0.0248206
-22.1712 94.6998 -17.3148 0.182465 -0.983068 0.00747958
-22.3712 94.6488 -16.2534 0.18095 -0.983165 -0.0253646
-22.4104 94.6185 -15.3084 0.142356 -0.988397 -0.0529769
-22.373 94.5455 -14.1014 0.146525 -0.986568 -0.0722129
-22.3004 94.4861 -13.088 0.103425 -0.991471 -0.0782623
-22.2442 94.4096 -12.1199 0.0918648 -0.992245 -0.083728
-22.0455 94.3296 -11.2123 0.0883884 -0.989416 -0.11508
-21.707 94.2113 -9.88829 0.0777106 -0.99135 -0.105769
-21.4216 94.0872 -8.70725 0.106316 -0.984461 -0.138114
-21.207 93.9957 -7.79268 0.12519 -0.980462 -0.150045
-21.0212 93.8535 -6.76482 0.185261 -0.971171 -0.150019
-20.7585 93.773 -5.37239 0.216815 -0.974496 -0.057874
-20.5885 93.8064 -4.41589 0.134198 -0.989563 -0.0524908
-20.3084 93.7637 -3.05824 0.14956 -0.986328 -0.069146
-20.0753 93.7347 -2.10301 0.139088 -0.988892 -0.0469736
-19.7856 93.7181 -1.04065 0.0968406 -0.993641 -0.0574427
-19.53 93.6733 -0.061479 0.0825002 -0.992882 -0.0858969
-19.2656 93.5871 1.13206 0.0700431 -0.992659 -0.0986037
-19.0191 93.5088 2.09427 0.0638175 -0.992338 -0.105402
-18.5029 93.3962 3.35808 0.0528585 -0.993045 -0.10487
-18.1443 93.3097 4.18681 0.0337704 -0.991565 -0.125133
-17.5001 93.1815 5.28974 0.0367021 -0.988805 -0.144388
-16.5705 93.0277 6.61602 0.0433748 -0.987996 -0.148259
-15.9506 92.9299 7.45881 0.0452884 -0.98813 -0.146795
-15.253 92.8608 8.12878 0.0500945 -0.986391 -0.156578
-14.5227 92.7821 8.88819 0.0547093 -0.986512 -0.154277
-13.865 92.7273 9.53826 0.0614808 -0.988036 -0.141436
-12.8132 92.6785 10.3945 0.0688976 -0.988755 -0.132729
-12.0087 92.6681 10.8907 0.0914452 -0.98499 -0.146133
-11.0842 92.6862 11.3789 0.0988308 -0.983623 -0.150724
-10.0934 92.7411 11.763 0.102811 -0.986021 -0.131123
-8.86424 92.8225 12.1109 0.115219 -0.983916 -0.135793
-7.52955 92.9419 12.495 0.127972 -0.981791 -0.140391
-6.25056 93.0975 12.6104 0.137432 -0.980261 -0.142131
-5.15814 93.2508 12.6251 0.139312 -0.980599 -0.137856
-4.21772 93.4058 12.451 0.13045 -0.98194 -0.136871
-3.00509 93.6146 12.0273 0.118569 -0.984115 -0.132134
-1.95891 93.7813 11.4897 0.0806749 -0.988698 -0.126367
-1.09974 93.8897 11.0575 0.0597794 -0.988707 -0.137421
-0.0708263 93.9869 10.6899 0.0360601 -0.989652 -0.138129
0.892375 94.0104 10.7455 0.00549831 -0.989954 -0.141247
2.18662 94.0192 10.8071 0.000875837 -0.99349 -0.111952
3.7125 93.9126 11.5073 -0.0690421 -0.991036 -0.102339
4.47795 93.7738 11.977 -0.125669 -0.986375 -0.10561
5.2888 93.6165 12.3461 -0.142222 -0.983395 -0.11273
6.56158 93.3379 12.7988 -0.163793 -0.974839 -0.151199
7.42516 93.1616 12.9921 -0.15127 -0.975771 -0.158075
8.43643 92.9899 13.084 -0.144981 -0.978565 -0.145561
9.54441 92.8369 13.0948 -0.133004 -0.982467 -0.130647
10.7493 92.6916 13.015 -0.109467 -0.985496 -0.129259
12.0732 92.6091 12.6036 -0.104006 -0.987346 -0.119542
13.1569 92.5608 12.2305 -0.0798086 -0.991262 -0.105029
13.9586 92.5616 11.7314 -0.0686295 -0.990557 -0.118684
14.7759 92.5812 11.1854 -0.046207 -0.989334 -0.138145
15.8815 92.6567 10.3744 -0.0212 -0.991134 -0.130704
16.6148 92.7151 9.73965 -0.0149938 -0.992388 -0.121776
17.4212 92.8177 8.88745 -0.00419873 -0.99227 -0.124029
18.0545 92.9116 8.11259 -0.00606902 -0.991686 -0.128535
18.8037 93.0384 7.1657 0.0129322 -0.990839 -0.134431
19.4624 93.1611 6.18223 -0.018746 -0.991864 -0.125824
20.0928 93.2854 5.15117 -0.0216414 -0.99128 -0.129929
20.6782 93.4278 3.99928 -0.0348526 -0.988866 -0.144672
21.2829 93.5749 2.74447 -0.0558845 -0.989575 -0.132726
21.6874 93.6623 1.92917 -0.0632344 -0.98924 -0.131688
22.063 93.7601 0.997276 -0.0710771 -0.987739 -0.138997
22.7867 93.8848 -0.335184 -0.0866657 -0.98749 -0.131727
22.948 93.9989 -1.21862 -0.089161 -0.985478 -0.144511
23.1784 94.1278 -2.19261 -0.0743637 -0.987581 -0.138399
23.4839 94.3013 -3.70069 -0.0930331 -0.987614 -0.126301
23.7834 94.4863 -5.27944 -0.084105 -0.98818 -0.127723
24.0157 94.6048 -6.56477 -0.0844913 -0.992007 -0.0937231
24.0879 94.6821 -7.61607 -0.0941972 -0.993037 -0.054549
24.2343 94.7445 -8.68344 -0.140407 -0.986015 -0.0885933
24.1439 94.8738 -9.68987 -0.146688 -0.981872 -0.12004
24.1799 94.9926 -10.655 -0.136363 -0.982538 -0.125897
24.2636 95.0875 -11.5548 -0.128299 -0.984959 -0.115742
24.3635 95.1831 -12.4735 -0.116254 -0.987964 -0.102037
24.4694 95.2657 -13.4425 -0.121298 -0.988955 -0.0851753
24.4198 95.3679 -14.5459 -0.115365 -0.990251 -0.0770807
24.5086 95.4431 -15.6887 -0.137171 -0.987419 -0.0786609
24.3509 95.5171 -16.6044 -0.147993 -0.988063 -0.0373718
24.1619 95.5685 -17.6356 -0.159174 -0.987095 -0.0175312
23.9899 95.5941 -18.6936 -0.151862 -0.988295 0.0145581
23.7792 95.6049 -19.754 -0.165408 -0.986 0.021072
23.4398 95.6191 -20.7068 -0.170027 -0.982048 0.0813139
22.9185 95.6248 -21.7174 -0.175293 -0.980334 0.090414
22.3348 95.5789 -23.2268 -0.17966 -0.977322 0.112086
21.7282 95.5653 -24.292 -0.174023 -0.977371 0.120172
21.1843 95.5355 -25.303 -0.179716 -0.977291 0.111784
20.6234 95.5011 -26.3115 -0.171482 -0.972135 0.159834
19.8922 95.4485 -27.321 -0.131168 -0.977586 0.164683
19.1751 95.411 -28.1291 -0.131775 -0.978213 0.1604
18.2313 95.3716 -29.1174 -0.123217 -0.978532 0.165147
17.2108 95.3269 -30.1208 -0.11385 -0.979697 0.164898
15.8848 95.2988 -31.1185 -0.0882205 -0.981617 0.168384
14.8714 95.2818 -31.6614 -0.0724157 -0.98366 0.164828
14.5058 95.283 -31.8151 -0.0743682 -0.984827 0.156559
13.9028 95.2995 -32.0159 -0.0693626 -0.985951 0.151751
