-3.20232 104.483 -33.4252 0.0281218 -0.993206 0.112917
-4.56258 104.479 -33.1186 0.0301973 -0.993305 0.111482
-5.43848 104.476 -32.8699 0.034763 -0.99321 0.111024
-6.6939 104.475 -32.4761 0.0363843 -0.993151 0.111028
-7.92672 104.478 -31.9889 0.0448396 -0.993527 0.104371
-9.16234 104.472 -31.4851 0.0482835 -0.992538 0.111972
-10.0943 104.474 -31.0614 0.0494158 -0.993925 0.0982754
-11.4554 104.477 -30.2452 0.0566293 -0.993523 0.0985184
-12.6886 104.466 -29.5607 0.0622241 -0.993474 0.0955896
-13.446 104.472 -29.0316 0.0656957 -0.992285 0.105141
-14.468 104.47 -28.1841 0.0825099 -0.992596 0.0891338
-15.4419 104.479 -27.2586 0.0787877 -0.993471 0.0822202
-16.2597 104.473 -26.4578 0.0804013 -0.993833 0.0763649
-17.1257 104.462 -25.5823 0.0943463 -0.992995 0.071129
-18.0195 104.442 -24.4159 0.118696 -0.99121 0.0584288
-18.4302 104.442 -23.5683 0.11616 -0.991449 0.0594666
-18.9261 104.458 -22.1155 0.117757 -0.992164 0.041771
-19.1966 104.467 -20.7932 0.116669 -0.993019 0.0173371
-19.3849 104.46 -19.5374 0.119934 -0.992755 0.00727875
-19.6759 104.437 -18.3396 0.117878 -0.99295 0.012265
-20.1635 104.396 -17.1004 0.102998 -0.994195 -0.0124158
-20.5835 104.322 -16.239 0.105779 -0.993025 -0.0520709
-21.252 104.183 -15.0721 0.102943 -0.992897 -0.0595446
-22.1474 103.972 -13.905 0.109817 -0.984248 -0.138534
-23.0682 103.707 -12.9084 0.118327 -0.976387 -0.180737
-24.11 103.341 -11.8417 0.137123 -0.961015 -0.240098
-24.7593 103.097 -11.1915 0.13368 -0.92912 -0.344768
-25.3652 102.77 -10.5452 0.17394 -0.919583 -0.34982
-25.9066 102.329 -9.81271 0.230156 -0.887119 -0.400061
-26.1649 101.829 -8.78194 0.356183 -0.852337 -0.381766
-26.154 101.356 -7.67102 0.382534 -0.842056 -0.380277
-25.9253 101.002 -6.46612 0.400125 -0.863781 -0.306241
-25.4306 100.835 -5.16823 0.426762 -0.863587 -0.2685
-25.0612 100.792 -4.31913 0.439611 -0.87732 -0.192491
-24.5942 100.823 -3.21488 0.469611 -0.872212 -0.136793
-24.1077 100.945 -2.19339 0.466479 -0.878328 -0.104581
-23.3111 101.231 -0.956716 0.401906 -0.914974 -0.0359803
-22.6411 101.476 -0.175681 0.367836 -0.927435 -0.0675404
-21.7695 101.764 0.563529 0.307458 -0.951188 -0.0211127
-20.631 102.102 1.34882 0.292288 -0.955422 -0.039568
-19.7453 102.324 1.95748 0.214886 -0.975667 -0.0435591
-18.986 102.452 2.59369 0.202405 -0.97693 -0.0681207
-18.2748 102.547 3.3781 0.206304 -0.976912 -0.0555128
-17.6177 102.622 4.25788 0.1746 -0.981812 -0.0738883
-17.0991 102.644 5.07178 0.164158 -0.982518 -0.0873502
-16.4875 102.67 5.94353 0.147891 -0.985154 -0.0865084
-15.6044 102.702 6.94554 0.139572 -0.986111 -0.0900282
-14.5867 102.767 7.70648 0.118326 -0.987487 -0.1032
-13.7732 102.808 8.13024 0.101981 -0.989041 -0.106708
-12.6455 102.867 8.57417 0.0928032 -0.989681 -0.109177
-11.5893 102.912 8.93194 0.0633875 -0.991033 -0.117625
-10.5421 102.946 9.20337 0.053678 -0.991423 -0.118882
-9.35467 102.991 9.29222 0.0436759 -0.991616 -0.121552
-8.3999 103.034 9.24294 0.0376525 -0.991376 -0.12552
-7.04307 103.111 8.94846 0.0241716 -0.991387 -0.128715
-6.02214 103.173 8.67351 0.0227718 -0.989696 -0.141352
-4.71866 103.218 8.47187 0.010934 -0.988919 -0.14805
-3.78715 103.247 8.30979 0.00313599 -0.989082 -0.14733
-2.42572 103.277 8.14261 0.00189273 -0.987891 -0.155137
-1.39797 103.299 8.02456 0.00527575 -0.987648 -0.156596
-0.207832 103.327 7.88148 0.00345543 -0.987573 -0.157126
0.721058 103.35 7.76247 0.00794402 -0.987905 -0.154859
1.82751 103.375 7.65318 0.00637123 -0.988562 -0.150679
3.0044 103.379 7.67127 0.00719354 -0.988795 -0.149087
4.20795 103.365 7.84369 0.00598563 -0.98932 -0.145579
5.19931 103.335 8.09332 0.00707074 -0.990989 -0.133759
6.23594 103.307 8.38371 0.00640086 -0.992043 -0.12545
7.69301 103.238 8.9101 0.00282031 -0.993254 -0.115483
8.53963 103.196 9.26185 -0.00700458 -0.99413 -0.107967
9.84736 103.123 9.79007 -0.0205672 -0.995135 -0.0963456
10.798 103.068 10.0988 -0.0352588 -0.994352 -0.100105
11.8441 103.011 10.3171 -0.0462519 -0.995625 -0.0811313
12.8664 102.957 10.3792 -0.0519759 -0.995359 -0.0808988
13.8556 102.904 10.2802 -0.0708364 -0.994975 -0.0707551
14.878 102.848 10.0468 -0.0698231 -0.99507 -0.0704369
15.7403 102.793 9.74115 -0.111566 -0.991312 -0.069674
17.0471 102.685 9.07358 -0.120865 -0.990646 -0.0633393
17.8743 102.612 8.49507 -0.145145 -0.987262 -0.0651611
18.6848 102.543 7.71896 -0.148242 -0.98696 -0.0627252
19.4879 102.485 6.64705 -0.163475 -0.984904 -0.056898
20.166 102.417 5.75855 -0.178301 -0.982651 -0.0508448
20.7526 102.352 5.02442 -0.193675 -0.979876 -0.0442186
21.3691 102.262 4.24898 -0.212998 -0.975 -0.0632963
21.9258 102.157 3.51569 -0.237416 -0.970216 -0.0472552
22.4647 102.063 2.71677 -0.246143 -0.9681 -0.0468533
23.0444 101.941 1.79363 -0.298635 -0.951917 -0.0662502
23.5394 101.855 0.950927 -0.299683 -0.949974 -0.0876501
24.1251 101.748 0.194105 -0.324176 -0.940702 -0.0950317
24.6041 101.682 -0.626925 -0.33274 -0.934475 -0.126539
25.1484 101.619 -1.61935 -0.353871 -0.923496 -0.14681
25.703 101.613 -2.68616 -0.355192 -0.915438 -0.189239
26.206 101.68 -3.76375 -0.321158 -0.91901 -0.228644
26.6417 101.839 -4.93715 -0.302605 -0.915548 -0.264234
26.9187 101.994 -5.83342 -0.273842 -0.918959 -0.281484
27.1615 102.247 -6.77187 -0.245091 -0.924825 -0.289592
27.0239 102.63 -7.814 -0.182339 -0.924213 -0.335532
26.425 102.976 -8.73579 -0.167574 -0.95725 -0.234676
25.8425 103.216 -9.39552 -0.144774 -0.970288 -0.193859
25.3133 103.447 -10.1559 -0.145579 -0.9723 -0.1825
24.9141 103.615 -10.9453 -0.112446 -0.984909 -0.131565
24.4731 103.802 -11.9695 -0.119806 -0.98568 -0.118666
24.116 103.957 -12.8895 -0.119551 -0.985652 -0.119156
23.8239 104.106 -14.2752 -0.109805 -0.990302 -0.0848512
23.6073 104.193 -15.2958 -0.106143 -0.992602 -0.0589473
23.4392 104.271 -16.3786 -0.104211 -0.99317 -0.0524439
23.3875 104.32 -17.4519 -0.101112 -0.994722 -0.0174741
23.3033 104.34 -18.4163 -0.106379 -0.994324 -0.00163209
22.8845 104.391 -19.6799 -0.113324 -0.993515 0.000776361
22.507 104.426 -20.5235 -0.113068 -0.993516 0.0118882
22.0302 104.47 -21.3378 -0.114773 -0.993129 0.0209287
21.1877 104.522 -22.634 -0.108383 -0.993555 0.0331802
20.4494 104.55 -23.609 -0.108196 -0.992878 0.0498666
19.5941 104.588 -24.7076 -0.108569 -0.992802 0.0505711
19.019 104.584 -25.4786 -0.0895365 -0.993195 0.0744836
18.2231 104.579 -26.5345 -0.0941908 -0.99278 0.0742658
17.4822 104.575 -27.4806 -0.0853497 -0.993201 0.0791207
16.8402 104.561 -28.3159 -0.0878082 -0.992252 0.087605
15.9007 104.53 -29.2752 -0.065306 -0.993456 0.0933926
14.974 104.507 -30.2316 -0.0728813 -0.992692 0.0961851
13.9394 104.49 -31.0136 -0.062176 -0.992342 0.106733
12.7531 104.489 -31.602 -0.0532718 -0.990682 0.125342
11.7246 104.49 -32.0326 -0.0530499 -0.990685 0.125415
10.8778 104.494 -32.3444 -0.0476727 -0.99205 0.116271
9.87073 104.494 -32.6193 -0.0239854 -0.991615 0.126978
8.54871 104.488 -32.9959 -0.0358151 -0.992125 0.12002
7.22163 104.487 -33.3315 -0.0222919 -0.991063 0.13152
6.13906 104.491 -33.4725 -0.0149746 -0.991081 0.132354
5.23983 104.492 -33.5429 -0.0116833 -0.990792 0.134884
4.14603 104.499 -33.6421 -0.0216367 -0.990007 0.139347
2.68931 104.503 -33.7436 -0.00250567 -0.991637 0.129033
1.58579 104.496 -33.8245 -0.000349279 -0.991974 0.126386
0.501509 104.483 -33.8652 0.0128502 -0.991918 0.126226
-0.491039 104.475 -33.8309 0.0133937 -0.992238 0.123617
-1.62235 104.477 -33.6945 0.0120146 -0.991527 0.129344
-2.51639 104.481 -33.5546 0.017672 -0.991424 0.129488
-2.98346 104.484 -33.467 0.0226441 -0.992327 0.121155
-3.14949 104.352 -34.3873 0.0243078 -0.98971 0.141006
-4.43678 104.352 -34.1177 0.0353653 -0.990694 0.13142
-5.32393 104.352 -33.8722 0.0382001 -0.990659 0.130898
-6.53891 104.354 -33.5137 0.0320753 -0.991117 0.12907
-7.38094 104.362 -33.1968 0.0509809 -0.990096 0.130811
-8.32955 104.362 -32.8231 0.0525546 -0.990135 0.129891
-9.25306 104.357 -32.4619 0.0503229 -0.992592 0.110552
-10.2785 104.362 -31.9845 0.0461639 -0.992758 0.110906
-11.3052 104.367 -31.4248 0.0568234 -0.99305 0.103064
-12.6118 104.364 -30.6707 0.0627635 -0.993413 0.09587
-13.6117 104.361 -30.0344 0.0655588 -0.993436 0.0937342
-14.3532 104.361 -29.5107 0.0854074 -0.99186 0.0942658
-15.0553 104.356 -28.9088 0.0828912 -0.992561 0.0891725
-15.7384 104.361 -28.2646 0.0817084 -0.992031 0.0958583
-16.6993 104.366 -27.3218 0.0880638 -0.992064 0.0897408
-17.4943 104.354 -26.5385 0.106055 -0.990848 0.0835052
-18.2266 104.336 -25.7666 0.122625 -0.989943 0.0699875
-18.9102 104.311 -24.7829 0.129462 -0.98983 0.0585911
-19.3171 104.314 -23.8887 0.134566 -0.98834 0.0712509
-19.6632 104.336 -22.9289 0.142562 -0.987461 0.0671957
-19.9412 104.327 -21.9243 0.144443 -0.989029 0.0309405
-20.1094 104.337 -20.9158 0.143926 -0.988937 0.0358997
-20.2375 104.347 -19.9406 0.133736 -0.990994 0.00681593
-20.5297 104.331 -18.6465 0.123925 -0.991998 0.0241391
-20.9298 104.3 -17.6319 0.111233 -0.993692 0.0135971
-21.3819 104.252 -16.6817 0.122457 -0.991692 -0.0393824
-21.8571 104.162 -15.8244 0.109861 -0.993047 -0.0415453
-22.5749 104.031 -14.7916 0.100532 -0.993904 -0.0435273
-23.1995 103.885 -14.1002 0.106433 -0.984609 -0.138628
-23.8219 103.715 -13.4552 0.122798 -0.976468 -0.177287
-24.613 103.484 -12.6474 0.0864103 -0.974058 -0.205578
-25.5784 103.147 -11.6913 0.167792 -0.953213 -0.241502
-26.1953 102.781 -11.0826 0.254417 -0.916076 -0.309962
-26.8917 102.102 -10.0472 0.445609 -0.800077 -0.401634
-27.0468 101.52 -9.00241 0.455297 -0.813611 -0.361583
-27.0476 101.099 -8.0961 0.46864 -0.79961 -0.3755
-26.9227 100.682 -7.02725 0.4788 -0.808997 -0.3401
-26.5493 100.425 -5.7508 0.486984 -0.825713 -0.284659
-26.1813 100.333 -4.86644 0.4826 -0.830981 -0.276438
-25.7485 100.307 -3.84256 0.52131 -0.826767 -0.211403
-25.2832 100.383 -2.73029 0.548655 -0.825754 -0.130798
-24.6933 100.569 -1.49951 0.456638 -0.887385 -0.0634743
-23.9381 100.894 -0.306445 0.469498 -0.881813 -0.0444738
-22.8818 101.351 0.839169 0.368622 -0.929459 0.0149453
-22.1122 101.649 1.44626 0.294064 -0.955564 -0.0185966
-21.0901 101.941 2.13119 0.290717 -0.956427 -0.0270027
-20.1028 102.201 2.8239 0.242365 -0.96794 -0.0527013
-19.3659 102.308 3.50328 0.214141 -0.974293 -0.0694075
-18.7211 102.399 4.27743 0.211261 -0.975471 -0.0618412
-18.1555 102.45 5.11203 0.189108 -0.977936 -0.0878746
-17.5236 102.478 6.08014 0.178449 -0.980067 -0.0873157
-16.9464 102.512 6.88561 0.149144 -0.984187 -0.095557
-16.2668 102.544 7.61452 0.148462 -0.984913 -0.0886412
-15.5175 102.59 8.24234 0.121547 -0.988777 -0.0868644
-14.6266 102.653 8.7614 0.105545 -0.989818 -0.0945779
-13.6643 102.703 9.17784 0.096339 -0.990009 -0.102649
-12.5736 102.758 9.56634 0.0858283 -0.98916 -0.11915
-11.4332 102.801 9.94369 0.0615581 -0.99117 -0.117422
-10.2659 102.841 10.1921 0.0466729 -0.991337 -0.12273
-9.26324 102.877 10.2552 0.0351337 -0.991991 -0.121321
-8.19754 102.92 10.1996 0.026914 -0.991154 -0.129931
-7.09749 102.98 9.94538 0.0242138 -0.991382 -0.128744
-5.88658 103.041 9.63057 0.00847324 -0.990334 -0.138443
-4.54121 103.083 9.39132 0.00857052 -0.989672 -0.142984
-3.2376 103.118 9.16974 -0.000478729 -0.988495 -0.15125
-1.97989 103.132 9.07494 0.000431887 -0.987903 -0.155062
-0.958731 103.16 8.90545 0.00477502 -0.987422 -0.158035
0.126055 103.188 8.76013 0.00337156 -0.987539 -0.157337
1.26422 103.22 8.62367 0.0081641 -0.988057 -0.15387
2.24168 103.241 8.5439 0.00986282 -0.988564 -0.150427
3.28788 103.241 8.62134 0.00980117 -0.989444 -0.144587
4.60512 103.218 8.89739 0.0164844 -0.989804 -0.141476
5.77268 103.196 9.20014 0.0147962 -0.991849 -0.126556
7.10051 103.153 9.65682 0.00763534 -0.99427 -0.106623
8.25027 103.103 10.1377 -0.00423604 -0.994689 -0.102668
9.09129 103.066 10.5033 -0.00975682 -0.995064 -0.0984038
10.2824 103.009 10.9323 -0.0160546 -0.996639 -0.079848
11.3195 102.962 11.1871 -0.0357862 -0.9961 -0.0801925
12.4184 102.904 11.3161 -0.0433686 -0.996391 -0.0729665
13.3955 102.854 11.3077 -0.0527916 -0.996339 -0.0672381
14.5718 102.795 11.1181 -0.0690085 -0.995314 -0.0677295
15.5941 102.739 10.8255 -0.0962229 -0.993366 -0.0607538
16.6466 102.647 10.3579 -0.110408 -0.992021 -0.0600918
17.6497 102.552 9.83909 -0.140492 -0.987692 -0.0687506
18.676 102.458 9.0505 -0.145103 -0.987305 -0.0646076
19.3604 102.396 8.33996 -0.16531 -0.984088 -0.0650631
20.17 102.333 7.2689 -0.16654 -0.983734 -0.0673192
20.8027 102.27 6.41757 -0.178645 -0.982823 -0.0463219
21.6605 102.147 5.34017 -0.212586 -0.976525 -0.0347342
22.2194 102.042 4.63008 -0.233274 -0.971958 -0.0280233
22.8005 101.932 3.8584 -0.256059 -0.966028 -0.0158787
23.5706 101.733 2.68016 -0.29139 -0.955146 -0.0527453
24.0353 101.632 1.89662 -0.326872 -0.943065 -0.0498937
24.5632 101.498 1.01151 -0.345291 -0.934551 -0.0859515
25.284 101.352 -0.109411 -0.365756 -0.922675 -0.122039
25.9201 101.262 -1.18493 -0.38134 -0.907549 -0.169466
26.5076 101.213 -2.32902 -0.409959 -0.892529 -0.187276
26.9585 101.276 -3.28654 -0.386331 -0.882024 -0.269781
27.3028 101.382 -4.19326 -0.326319 -0.910481 -0.252427
27.7349 101.614 -5.47375 -0.327756 -0.89341 -0.305146
27.995 101.832 -6.32152 -0.294439 -0.90434 -0.308989
28.1737 102.147 -7.30391 -0.271584 -0.896395 -0.350291
27.9699 102.558 -8.18775 -0.243484 -0.911327 -0.329192
27.4615 102.873 -8.95929 -0.137698 -0.954523 -0.264432
26.7787 103.132 -9.72102 -0.140857 -0.965773 -0.216194
26.2015 103.37 -10.4806 -0.146384 -0.97431 -0.171147
25.765 103.565 -11.3006 -0.112369 -0.984899 -0.131709
25.3571 103.731 -12.2036 -0.105867 -0.987187 -0.119393
25.0046 103.884 -13.1545 -0.109314 -0.987452 -0.113778
24.7895 103.987 -14.0668 -0.103897 -0.991162 -0.0824772
24.5695 104.083 -15.143 -0.0998372 -0.993432 -0.0559132
24.3519 104.175 -16.4461 -0.118616 -0.991867 -0.0461603
24.3122 104.217 -17.4693 -0.117108 -0.992996 -0.0156574
24.2961 104.233 -18.4015 -0.108468 -0.994058 -0.00712927
23.9345 104.268 -19.6017 -0.119098 -0.992834 0.00967174
23.5124 104.307 -20.6606 -0.119758 -0.992747 0.0105673
23.074 104.344 -21.4865 -0.117077 -0.992666 0.0301018
22.5462 104.381 -22.3042 -0.114854 -0.992879 0.0315317
21.8907 104.415 -23.2596 -0.113751 -0.991848 0.0571894
20.9302 104.453 -24.4782 -0.110201 -0.992603 0.050934
20.3829 104.472 -25.1972 -0.101216 -0.992074 0.0744571
19.5709 104.469 -26.2895 -0.0945025 -0.992639 0.0757262
18.6183 104.463 -27.5748 -0.0945196 -0.992736 0.0744418
17.9112 104.45 -28.4577 -0.0836502 -0.992249 0.0918896
17.1154 104.43 -29.3692 -0.077446 -0.991031 0.108893
16.4856 104.404 -30.0478 -0.0825771 -0.9909 0.106102
15.6631 104.386 -30.9086 -0.0798598 -0.990615 0.110659
14.7636 104.367 -31.6489 -0.0639092 -0.99103 0.116988
13.8799 104.358 -32.1509 -0.0602411 -0.990635 0.12253
13.0515 104.358 -32.5145 -0.0530448 -0.990711 0.125211
11.8095 104.366 -32.9834 -0.05417 -0.990878 0.123396
10.4453 104.373 -33.4093 -0.0327507 -0.990463 0.13383
9.52004 104.367 -33.6735 -0.035024 -0.989807 0.138039
8.47986 104.359 -33.9992 -0.0357059 -0.989728 0.138434
7.5951 104.356 -34.2294 -0.0331546 -0.989595 0.140006
6.68155 104.358 -34.3659 -0.0133806 -0.989971 0.140635
5.2072 104.363 -34.4709 -0.0129755 -0.990001 0.140462
4.12931 104.362 -34.5752 -0.0251227 -0.987862 0.153289
3.16786 104.377 -34.6356 -0.0215756 -0.987456 0.15634
2.18996 104.369 -34.718 -0.00234954 -0.987489 0.157671
1.28638 104.362 -34.7766 -0.00181226 -0.987454 0.157894
0.242242 104.362 -34.781 -0.000549749 -0.987477 0.157762
-1.08927 104.358 -34.6935 0.0225364 -0.990079 0.137753
-2.1938 104.351 -34.5532 0.0204652 -0.989005 0.146314
-3.10152 104.352 -34.3962 0.0242107 -0.989713 0.141003
-3.2511 104.213 -35.3152 0.0291046 -0.987637 0.154032
-4.27612 104.214 -35.1137 0.0325248 -0.987503 0.154172
-5.39395 104.214 -34.8382 0.0392243 -0.987687 0.151445
-6.59394 104.223 -34.4674 0.0399033 -0.989194 0.141079
-7.76572 104.231 -34.0278 0.0507112 -0.989282 0.13693
-8.91808 104.235 -33.583 0.0421103 -0.991702 0.121462
-10.0747 104.237 -33.123 0.0504128 -0.9915 0.119946
-10.893 104.244 -32.7074 0.0656122 -0.990281 0.122635
-12.0326 104.245 -32.0689 0.0696884 -0.990964 0.114597
-12.9642 104.24 -31.535 0.070298 -0.990762 0.115954
-14.0386 104.241 -30.8548 0.0759451 -0.990112 0.117947
-15.1227 104.233 -30.0921 0.0854073 -0.990805 0.104937
-15.8194 104.234 -29.4804 0.0867184 -0.991257 0.0994497
-16.6888 104.243 -28.6245 0.0866612 -0.991249 0.0995768
-17.5438 104.238 -27.8052 0.106005 -0.990131 0.0916014
-18.3061 104.223 -27.0597 0.113931 -0.990136 0.0811347
-19.3473 104.187 -25.8953 0.123632 -0.989094 0.0800236
-19.8415 104.169 -25.0462 0.135472 -0.989199 0.0559755
-20.231 104.175 -24.0862 0.142557 -0.987462 0.0671983
-20.6599 104.187 -22.8713 0.150127 -0.987368 0.0484736
-20.9192 104.18 -21.8405 0.160308 -0.986638 0.0290933
-21.0784 104.202 -20.6301 0.160856 -0.985984 0.0442731
-21.3626 104.217 -19.0618 0.122712 -0.992145 0.024301
-21.8762 104.19 -17.7357 0.120536 -0.992236 0.0306508
-22.466 104.122 -16.5822 0.108304 -0.993544 -0.0337793
-23.0339 104.022 -15.6575 0.100532 -0.993904 -0.0435273
-23.7541 103.926 -14.8574 0.119712 -0.989378 -0.0705308
-24.5303 103.726 -14.0481 0.137313 -0.984996 -0.10428
-25.5795 103.471 -12.9895 0.0864007 -0.974058 -0.205582
-26.3304 103.105 -12.2638 0.236757 -0.940946 -0.242006
-26.9608 102.762 -11.6538 0.354229 -0.871904 -0.319835
-27.4924 102.241 -11.0782 0.454037 -0.827729 -0.32972
-27.8355 101.647 -10.1878 0.463543 -0.787082 -0.40635
-27.8994 100.996 -8.95985 0.493792 -0.792504 -0.357921
-27.897 100.622 -8.1405 0.469347 -0.799883 -0.374029
-27.8216 100.28 -7.28886 0.584931 -0.719317 -0.374751
-27.5983 100.009 -6.40751 0.595784 -0.734732 -0.323876
-27.1799 99.8537 -5.22761 0.608777 -0.739808 -0.285126
-26.6123 99.7729 -3.88605 0.577065 -0.773927 -0.258149
-26.0768 99.8339 -2.59552 0.531198 -0.832945 -0.152349
-25.701 99.9711 -1.73207 0.540114 -0.836281 -0.0944002
-25.3168 100.151 -0.930847 0.55666 -0.827726 -0.0707074
-24.8802 100.398 -0.151759 0.510204 -0.857297 -0.0166638
-24.2405 100.715 0.756158 0.45934 -0.888112 0.00519596
-23.5562 101.09 1.46536 0.418219 -0.906721 0.0155613
-22.5195 101.479 2.26343 0.356383 -0.93365 -0.0358895
-21.6223 101.753 2.86052 0.296132 -0.954648 -0.0308841
-20.6658 102.022 3.52248 0.242365 -0.967941 -0.0526884
-19.8392 102.154 4.29564 0.215675 -0.974583 -0.0605919
-19.1102 102.234 5.3342 0.194437 -0.977758 -0.0778339
-18.5589 102.28 6.17505 0.187012 -0.97982 -0.0705508
-18.002 102.317 7.02569 0.176414 -0.981367 -0.0761413
-17.3644 102.36 7.84949 0.153376 -0.984537 -0.084394
-16.4706 102.418 8.73299 0.143404 -0.985859 -0.0867063
-15.3183 102.504 9.46483 0.118709 -0.988524 -0.0934314
-14.3635 102.565 9.92885 0.0907905 -0.990953 -0.0987784
-13.4106 102.617 10.2595 0.0892037 -0.990795 -0.101823
-12.5386 102.656 10.5627 0.0729845 -0.991259 -0.109438
-11.4725 102.685 10.9207 0.0637857 -0.991192 -0.11603
-10.4892 102.715 11.1055 0.0507366 -0.992284 -0.113129
-9.39832 102.755 11.198 0.0309876 -0.99151 -0.126242
-8.01824 102.803 11.1311 0.0269141 -0.991154 -0.129931
-6.78644 102.867 10.8463 0.0131577 -0.991087 -0.132394
-5.62901 102.912 10.5686 0.00749185 -0.990835 -0.134814
-4.3757 102.953 10.3006 0.0012909 -0.98976 -0.142733
-3.28114 102.972 10.1241 -0.00341744 -0.989193 -0.146468
-2.24647 102.981 10.0438 -0.00548869 -0.987965 -0.154577
-1.23596 103.002 9.89406 -7.12877e-05 -0.987813 -0.155645
-0.0696947 103.035 9.7159 0.00657261 -0.987572 -0.15702
0.858837 103.065 9.58587 0.00990345 -0.987447 -0.157643
1.78846 103.095 9.48615 0.0117161 -0.989069 -0.146986
2.70917 103.105 9.49801 0.0123378 -0.989077 -0.146883
3.65915 103.097 9.64011 0.0206434 -0.990789 -0.133796
5.03793 103.088 9.94116 0.0184835 -0.991495 -0.1288
6.364 103.073 10.3492 0.0265506 -0.993939 -0.106676
7.69035 103.032 10.9023 0.00583063 -0.99573 -0.0915173
8.7568 102.983 11.3761 -0.00394688 -0.995833 -0.0911007
9.87224 102.945 11.786 -0.00395152 -0.996427 -0.0841282
10.8139 102.908 12.0381 -0.0230529 -0.996698 -0.0778543
11.8454 102.864 12.207 -0.043372 -0.996391 -0.0729577
13.2488 102.797 12.2779 -0.0483954 -0.996337 -0.0703007
14.1946 102.744 12.1856 -0.0636469 -0.995373 -0.0719783
15.5342 102.672 11.8427 -0.0831996 -0.994 -0.0710085
16.7133 102.587 11.3971 -0.109209 -0.992736 -0.0504819
17.7857 102.478 10.9029 -0.134661 -0.989899 -0.044352
18.7591 102.376 10.212 -0.154044 -0.986817 -0.0496292
19.6256 102.281 9.42668 -0.155405 -0.985999 -0.0597114
20.5223 102.201 8.32775 -0.169537 -0.983205 -0.0674713
21.1069 102.158 7.51159 -0.166952 -0.983655 -0.0674471
21.8146 102.066 6.59081 -0.202218 -0.978192 -0.0455769
22.4958 101.95 5.75757 -0.212672 -0.976443 -0.0364229
23.181 101.808 4.8603 -0.237607 -0.971107 -0.0212692
23.8043 101.63 3.98038 -0.334199 -0.942218 -0.023141
24.3261 101.45 3.1338 -0.377156 -0.925144 -0.0289004
25.0673 101.234 1.85025 -0.353069 -0.932942 -0.0675143
25.7559 101.041 0.699313 -0.40008 -0.913304 -0.0762307
26.3092 100.913 -0.137848 -0.413256 -0.901763 -0.126658
26.8271 100.808 -1.07564 -0.418164 -0.894964 -0.153011
27.2764 100.779 -1.89576 -0.396845 -0.896892 -0.195188
27.7965 100.832 -3.03687 -0.399935 -0.877451 -0.26438
28.1222 100.954 -3.96653 -0.402028 -0.866062 -0.294711
28.4978 101.175 -4.98474 -0.366365 -0.879187 -0.301662
28.808 101.408 -5.94699 -0.343177 -0.878634 -0.332012
29.0417 101.688 -6.84121 -0.309156 -0.877087 -0.366697
29.0745 102.184 -8.05798 -0.284598 -0.878062 -0.384723
28.7095 102.613 -8.95462 -0.232586 -0.92793 -0.291289
28.1637 102.931 -9.59658 -0.16391 -0.968641 -0.18446
27.5281 103.14 -10.2479 -0.135791 -0.974263 -0.179921
26.7352 103.47 -11.4344 -0.123576 -0.979589 -0.156338
26.2733 103.65 -12.374 -0.119975 -0.984882 -0.124635
25.9413 103.789 -13.2641 -0.11275 -0.987718 -0.108165
25.6565 103.921 -14.385 -0.112089 -0.99167 -0.0634584
25.4044 104.022 -15.5934 -0.104764 -0.993367 -0.0467308
25.2339 104.095 -16.9904 -0.112454 -0.992719 -0.0425596
25.2489 104.111 -17.8989 -0.121115 -0.992561 -0.0123927
25.12 104.132 -18.9446 -0.115931 -0.993209 0.00981318
24.6544 104.173 -20.3822 -0.118877 -0.992847 0.0110987
24.1235 104.214 -21.5838 -0.1208 -0.992284 0.0279206
23.598 104.252 -22.4417 -0.121087 -0.991484 0.0453452
23.0625 104.272 -23.2355 -0.127164 -0.990201 0.057721
22.3425 104.311 -24.1489 -0.122825 -0.990818 0.056321
21.6868 104.338 -25.0155 -0.119507 -0.990979 0.0606511
21.0657 104.355 -25.8248 -0.100786 -0.992145 0.0741024
20.3609 104.348 -26.7843 -0.106405 -0.990387 0.0880372
19.6927 104.345 -27.712 -0.11348 -0.989367 0.0907546
19.043 104.339 -28.5812 -0.106496 -0.990218 0.0891527
18.4394 104.322 -29.3024 -0.090033 -0.989005 0.117314
17.5836 104.29 -30.252 -0.0920986 -0.98917 0.114285
16.8736 104.27 -30.9944 -0.08566 -0.990626 0.106386
16.0924 104.252 -31.8021 -0.0808578 -0.990293 0.112731
15.3748 104.241 -32.359 -0.0759533 -0.990229 0.116861
14.6074 104.231 -32.8356 -0.0590647 -0.989536 0.131643
13.4451 104.231 -33.3653 -0.0535114 -0.991215 0.120955
12.2423 104.234 -33.8099 -0.0422119 -0.990992 0.127092
10.8874 104.241 -34.2318 -0.0423854 -0.988664 0.144036
9.75788 104.233 -34.5785 -0.0343466 -0.989887 0.137637
8.85119 104.226 -34.8531 -0.0337155 -0.98862 0.146606
7.77538 104.218 -35.1496 -0.033452 -0.988484 0.147579
6.57596 104.22 -35.3106 -0.0206516 -0.986357 0.163319
5.54322 104.232 -35.362 -0.0131781 -0.989986 0.140548
3.99971 104.217 -35.5291 -0.0154514 -0.988651 0.14906
2.85956 104.23 -35.5828 -0.0100466 -0.987291 0.158401
1.82089 104.216 -35.6822 -0.00221898 -0.987509 0.157544
0.463283 104.215 -35.699 -0.000904082 -0.987447 0.157947
-0.574419 104.218 -35.6451 0.00834573 -0.985976 0.166677
-1.58744 104.211 -35.5515 0.0268242 -0.98718 0.157223
-3.01492 104.213 -35.3589 0.0232233 -0.987827 0.15371
-3.3859 104.065 -36.2408 0.028917 -0.987612 0.154229
-2.31011 104.064 -36.3841 0.00890964 -0.986545 0.163246
-1.28993 104.063 -36.4831 0.0251596 -0.985901 0.165428
-0.0614366 104.054 -36.5996 0.00944914 -0.984467 0.175279
1.10955 104.061 -36.6187 -0.00457264 -0.985851 0.167526
2.38582 104.066 -36.5575 -0.00472624 -0.984447 0.175485
3.49694 104.061 -36.4883 -0.0166622 -0.985282 0.169956
4.40311 104.064 -36.4166 -0.00900522 -0.985918 0.166986
5.49811 104.077 -36.3018 -0.00436702 -0.98626 0.165144
6.77215 104.066 -36.2149 -0.0206059 -0.986347 0.163388
8.05462 104.069 -36.042 -0.0241547 -0.984925 0.171263
9.2595 104.086 -35.7002 -0.0337247 -0.988618 0.146612
10.2215 104.096 -35.4049 -0.0350206 -0.988608 0.146381
11.467 104.105 -35.0092 -0.0418129 -0.989075 0.141361
12.3592 104.106 -34.7342 -0.0442419 -0.989417 0.138192
13.4112 104.106 -34.3749 -0.0589049 -0.989061 0.134969
14.5289 104.092 -33.9319 -0.0622429 -0.989844 0.127804
15.4677 104.097 -33.4202 -0.0737196 -0.988572 0.131492
16.2457 104.107 -32.8896 -0.0782659 -0.98964 0.120357
17.0585 104.125 -32.2245 -0.0808607 -0.990293 0.112725
17.714 104.143 -31.5028 -0.0883759 -0.990562 0.104766
18.3499 104.155 -30.8355 -0.0892966 -0.990589 0.103733
18.9672 104.179 -30.1059 -0.103402 -0.987743 0.116148
19.8211 104.2 -29.0526 -0.117766 -0.987466 0.104557
20.4063 104.206 -28.2921 -0.113548 -0.988794 0.0969232
21.1854 104.22 -27.2265 -0.117641 -0.988218 0.0979039
21.9144 104.223 -26.2472 -0.126115 -0.987936 0.0898743
22.6965 104.197 -25.2593 -0.128644 -0.989824 0.060822
23.5196 104.155 -24.2175 -0.128357 -0.989838 0.061204
24.2111 104.127 -23.2476 -0.121542 -0.990763 0.0601377
24.7452 104.1 -22.4021 -0.1407 -0.9892 0.041064
25.3124 104.056 -21.3517 -0.140059 -0.989584 0.0332779
25.6086 104.04 -20.4325 -0.124452 -0.991704 0.0321803
26.0156 104.017 -19.2779 -0.125496 -0.991999 0.0137161
26.1853 104.009 -18.3073 -0.119193 -0.99277 0.000846918
26.1289 103.994 -16.9865 -0.117013 -0.99295 -0.0189508
26.2606 103.943 -15.9713 -0.108992 -0.993382 -0.0361731
26.4513 103.876 -15.0522 -0.110559 -0.991926 -0.0620896
26.6355 103.796 -14.1557 -0.126531 -0.987226 -0.09682
27.0175 103.625 -12.9529 -0.122587 -0.986054 -0.112427
27.6105 103.414 -11.7757 -0.124043 -0.980321 -0.149454
28.2663 103.133 -10.7675 -0.136292 -0.973975 -0.181097
29.1075 102.81 -9.93736 -0.21554 -0.94615 -0.235294
29.6825 102.464 -9.21272 -0.184286 -0.939842 -0.28764
29.9711 102.058 -8.45323 -0.285544 -0.868132 -0.40597
30.0007 101.491 -7.21141 -0.322302 -0.861274 -0.392689
29.8007 101.148 -6.26792 -0.325578 -0.864356 -0.383256
29.4415 100.779 -5.11123 -0.392672 -0.832122 -0.39164
28.9719 100.526 -3.86381 -0.42947 -0.8374 -0.33722
28.5644 100.33 -2.63522 -0.432522 -0.858042 -0.276925
27.8835 100.315 -1.30746 -0.456294 -0.865615 -0.204238
27.1655 100.436 0.0727429 -0.48082 -0.863389 -0.15288
26.6742 100.587 0.831073 -0.482101 -0.86906 -0.109021
25.979 100.817 1.95414 -0.421184 -0.901651 -0.0981287
25.5596 100.968 2.74691 -0.43452 -0.899459 -0.0465394
24.9827 101.178 3.76139 -0.384786 -0.923003 0.00214923
24.2891 101.467 4.8388 -0.328832 -0.943499 0.0409826
23.7284 101.652 5.62917 -0.241634 -0.970209 -0.00965411
23.1352 101.803 6.41682 -0.215357 -0.976029 -0.0105301
22.2857 101.928 7.42272 -0.195397 -0.979358 -0.0515092
21.5376 102.015 8.50139 -0.182814 -0.980477 -0.0706865
20.8724 102.07 9.44137 -0.169216 -0.984397 -0.0482584
20.1376 102.153 10.2492 -0.161758 -0.98533 -0.0543964
19.4314 102.237 10.8968 -0.153022 -0.987045 -0.0482423
18.6414 102.33 11.5671 -0.146385 -0.988238 -0.0430878
17.4745 102.466 12.1105 -0.135961 -0.989659 -0.0456817
16.3459 102.564 12.566 -0.0924871 -0.993962 -0.0570428
15.1578 102.635 12.9346 -0.0779665 -0.995228 -0.0586766
14.2336 102.684 13.1608 -0.0642872 -0.996154 -0.0594766
13.204 102.736 13.2399 -0.050855 -0.99658 -0.0651249
12.281 102.779 13.2033 -0.0391377 -0.997033 -0.0660671
11.1255 102.821 13.0528 -0.0151988 -0.997414 -0.0702499
10.045 102.857 12.8149 0.00294154 -0.996449 -0.0841433
8.91753 102.886 12.4443 -0.00185788 -0.995975 -0.0896047
7.75004 102.935 11.9421 -0.00395531 -0.995833 -0.0910964
6.31287 102.977 11.3149 0.0188455 -0.997259 -0.0695578
5.02917 102.984 10.8684 0.0240231 -0.994434 -0.10259
4.01301 102.967 10.668 0.0310216 -0.992539 -0.116455
3.00034 102.976 10.4466 0.017628 -0.990791 -0.134251
1.64152 102.947 10.4177 0.0264259 -0.989388 -0.142874
0.346929 102.9 10.5887 0.00844276 -0.987631 -0.156571
-0.961294 102.863 10.7825 0.000819413 -0.987874 -0.155255
-2.27767 102.84 10.9489 -0.00710582 -0.988479 -0.151188
-3.50965 102.831 11.0929 -0.0136606 -0.988634 -0.14972
-4.72268 102.809 11.3175 -0.00360534 -0.991176 -0.132501
-5.96366 102.772 11.5982 0.00263151 -0.990961 -0.134127
-6.91009 102.733 11.8218 0.0188352 -0.991149 -0.131388
-7.86265 102.691 12.0153 0.0178914 -0.991463 -0.129152
-9.16609 102.641 12.1461 0.0309876 -0.99151 -0.126242
-10.4442 102.61 12.0433 0.0423988 -0.991802 -0.120053
-11.7257 102.572 11.7975 0.0522182 -0.992092 -0.114135
-13.2087 102.527 11.2802 0.0665918 -0.991652 -0.110217
-14.1198 102.474 11.0158 0.0915115 -0.990296 -0.104593
-15.3956 102.4 10.4917 0.111145 -0.98887 -0.0989041
-16.538 102.31 9.86154 0.139469 -0.986326 -0.0878008
-17.662 102.219 8.90507 0.160232 -0.98364 -0.0823311
-18.2946 102.171 8.21036 0.176356 -0.981249 -0.0777807
-19.1133 102.114 7.00207 0.186495 -0.979822 -0.0718862
-19.7341 102.061 6.09518 0.200879 -0.977234 -0.0668633
-20.2526 102.005 5.21808 0.214952 -0.974617 -0.0625495
-20.9415 101.9 4.44501 0.241992 -0.968244 -0.0565079
-22.2022 101.563 3.58885 0.285038 -0.958448 -0.011404
-23.0825 101.289 2.98537 0.312053 -0.949391 0.0357661
-24.0621 100.837 2.20924 0.469598 -0.882671 0.0187328
-24.6769 100.501 1.60442 0.504186 -0.862508 0.00874216
-25.3291 100.067 0.704031 0.547948 -0.836373 0.0152896
-25.9197 99.709 -0.350071 0.573832 -0.816607 -0.0553237
-26.3477 99.4503 -1.30417 0.597501 -0.796875 -0.0831329
-26.89 99.236 -2.54507 0.587904 -0.79897 -0.126552
-27.2533 99.1823 -3.46021 0.576353 -0.78621 -0.222913
-27.6342 99.2167 -4.45448 0.593808 -0.755356 -0.276105
-27.9977 99.2501 -5.40746 0.608783 -0.739802 -0.285128
-28.3334 99.4179 -6.38579 0.583848 -0.73892 -0.336332
-28.5935 99.7522 -7.50146 0.612393 -0.708862 -0.349984
-28.7196 100.353 -8.78882 0.597909 -0.685485 -0.415469
-28.7174 100.865 -9.74908 0.47792 -0.774683 -0.41405
-28.6873 101.397 -10.7042 0.474466 -0.775264 -0.416951
-28.4861 101.949 -11.4505 0.420689 -0.800931 -0.421249
-27.9909 102.441 -12.0385 0.388422 -0.858709 -0.334287
-27.2308 102.959 -12.7116 0.282194 -0.936738 -0.207093
-26.4683 103.334 -13.4264 0.237617 -0.956403 -0.160117
-25.7486 103.572 -14.1178 0.172543 -0.978211 -0.107085
-24.9442 103.763 -14.9166 0.130106 -0.986066 -0.103664
-24.1446 103.922 -15.7578 0.0971142 -0.994778 -0.0308741
-23.3641 104.022 -16.8669 0.0902873 -0.995788 -0.0159258
-22.8351 104.08 -17.8549 0.102799 -0.994119 0.0340547
-22.446 104.086 -18.7438 0.135471 -0.989188 0.0543679
-22.1331 104.078 -19.8137 0.148908 -0.987564 0.0504425
-21.9642 104.029 -21.2946 0.166185 -0.983927 0.0617904
-21.6765 104.023 -22.734 0.173061 -0.984225 0.0367521
-21.2015 104.027 -24.1117 0.145785 -0.987654 0.0570668
-20.7034 104.029 -25.3769 0.14071 -0.988396 0.0572191
-20.1732 104.039 -26.3569 0.133558 -0.987947 0.0782543
-19.3583 104.066 -27.3586 0.125565 -0.988885 0.0796092
-18.5171 104.093 -28.2028 0.109182 -0.989508 0.0946172
-17.7448 104.109 -28.9068 0.106717 -0.989567 0.0967876
-16.7065 104.112 -29.9101 0.0882685 -0.990824 0.102353
-15.7987 104.104 -30.7516 0.0864927 -0.99056 0.106348
-14.639 104.116 -31.5513 0.0778592 -0.990733 0.111128
-13.843 104.114 -32.0782 0.0699641 -0.990886 0.115108
-12.814 104.117 -32.6883 0.0715011 -0.990768 0.115183
-12.0112 104.117 -33.1335 0.0656512 -0.99027 0.122701
-10.6804 104.111 -33.8553 0.0587515 -0.989644 0.130927
-9.34882 104.106 -34.4107 0.0458454 -0.989366 0.137971
-8.16974 104.098 -34.8594 0.0467545 -0.989894 0.133883
-7.1343 104.085 -35.285 0.0422573 -0.988849 0.142765
-6.10131 104.074 -35.6141 0.0262161 -0.988745 0.147293
-4.81279 104.063 -35.9542 0.0357577 -0.987344 0.154509
-3.54315 104.065 -36.2118 0.0289166 -0.987612 0.15423
-3.71796 103.905 -37.1329 0.0332671 -0.9854 0.166972
-4.67406 103.899 -36.987 0.0287602 -0.985508 0.167173
-5.62172 103.904 -36.769 0.0344497 -0.987015 0.156893
-6.51935 103.93 -36.4411 0.0264755 -0.98619 0.163487
-7.43357 103.94 -36.1787 0.0444787 -0.98845 0.144872
-8.26376 103.947 -35.8761 0.0456094 -0.988459 0.144461
-9.12613 103.975 -35.4312 0.0421723 -0.989744 0.13623
-10.3025 103.972 -35.0227 0.0491137 -0.989244 0.137786
-11.2974 103.98 -34.566 0.0597205 -0.99013 0.126789
-12.3494 103.987 -33.9994 0.0664104 -0.989943 0.124891
-13.1973 103.988 -33.5257 0.0687551 -0.990028 0.122948
-14.2809 103.987 -32.8902 0.0722857 -0.990249 0.119091
-15.1395 103.988 -32.3103 0.0836122 -0.990303 0.110947
-16.0486 103.98 -31.6965 0.0858858 -0.990291 0.109278
-17.0509 103.977 -30.9073 0.0896417 -0.990065 0.108303
-17.9516 103.976 -30.0583 0.0999061 -0.989691 0.102614
-18.9307 103.961 -29.119 0.108343 -0.989796 0.092545
-19.674 103.943 -28.4157 0.122205 -0.988959 0.0835573
-20.4293 103.909 -27.618 0.12689 -0.989034 0.0755615
-21.2727 103.896 -26.246 0.14156 -0.987788 0.0647938
-21.8442 103.884 -25.0011 0.154649 -0.986488 0.054087
-22.1497 103.883 -24.1488 0.158934 -0.986026 0.0494969
-22.5182 103.864 -23.1148 0.160842 -0.986323 0.0360206
-22.7624 103.842 -22.2381 0.181662 -0.982996 0.0254237
-22.9626 103.853 -21.1454 0.18337 -0.98027 0.0737944
-22.9992 103.934 -20.0481 0.159246 -0.98286 0.092725
-23.3384 103.957 -19.0615 0.122023 -0.990815 0.0582813
-23.6386 103.967 -18.222 0.122737 -0.990983 0.0537383
-24.398 103.933 -17.1723 0.0947966 -0.995258 -0.0207655
-25.2256 103.833 -15.8736 0.0964538 -0.991679 -0.0677455
-26.3341 103.607 -14.8043 0.08559 -0.978788 -0.172792
-26.9987 103.383 -14.2004 0.154409 -0.957419 -0.23976
-27.8335 102.98 -13.4876 0.227661 -0.924882 -0.304573
-28.7154 102.413 -12.7462 0.343039 -0.867318 -0.360672
-29.319 101.656 -11.9144 0.510951 -0.731911 -0.44776
-29.5359 101.077 -11.1082 0.561645 -0.708572 -0.422283
-29.5266 100.514 -10.2365 0.61874 -0.66192 -0.42311
-29.4791 99.8918 -9.1975 0.627753 -0.662014 -0.409031
-29.3599 99.2638 -7.93756 0.648179 -0.663854 -0.372457
-29.0103 98.797 -6.38109 0.656338 -0.672292 -0.342383
-28.5526 98.5824 -4.94481 0.657896 -0.703225 -0.269521
-28.1511 98.557 -3.85271 0.656952 -0.714803 -0.239589
-27.6897 98.5792 -2.56228 0.656526 -0.735298 -0.167203
-27.2886 98.7379 -1.56806 0.667053 -0.728951 -0.153847
-26.91 98.9274 -0.653457 0.663605 -0.738742 -0.117852
-26.1693 99.4427 0.786206 0.653439 -0.756324 -0.0295747
-25.6959 99.8052 1.64807 0.643955 -0.764068 0.00466694
-25.0428 100.288 2.49006 0.514821 -0.856282 0.041713
-24.383 100.728 3.11664 0.419341 -0.902436 0.0988046
-23.4741 101.172 3.82438 0.331483 -0.942372 -0.0076432
-22.5869 101.438 4.44999 0.28725 -0.95774 -0.0124377
-21.7554 101.652 4.94848 0.228404 -0.973475 -0.0133768
-21.0602 101.799 5.65199 0.214802 -0.974708 -0.0615555
-20.3131 101.887 6.82647 0.211072 -0.975574 -0.0608645
-19.7581 101.938 7.74272 0.185714 -0.98004 -0.0709315
-19.1251 101.985 8.63837 0.179782 -0.980527 -0.0790326
-18.33 102.066 9.55522 0.159289 -0.984919 -0.0664692
-17.6414 102.121 10.2528 0.146763 -0.986794 -0.068533
-16.53 102.225 10.9658 0.12666 -0.989547 -0.0689433
-15.6711 102.283 11.4302 0.101231 -0.991343 -0.0836164
-14.7989 102.336 11.8111 0.0921392 -0.99189 -0.0875479
-13.4175 102.418 12.2253 0.0831768 -0.991684 -0.0982102
-12.5737 102.441 12.5402 0.0590268 -0.992621 -0.105641
-11.2313 102.48 12.8335 0.0522438 -0.992408 -0.111338
-9.68401 102.517 13.0514 0.0322262 -0.993044 -0.113252
-8.76404 102.537 13.048 0.0212886 -0.991948 -0.124827
-7.53802 102.58 12.9278 0.0216648 -0.991914 -0.125045
-6.14583 102.648 12.5712 0.00641515 -0.992252 -0.124004
-4.73423 102.683 12.2386 -0.0117266 -0.990955 -0.13352
-3.80185 102.692 12.0987 -0.0181664 -0.990276 -0.137924
-2.6691 102.699 11.891 -0.0164502 -0.988553 -0.149683
-1.48833 102.701 11.8197 -0.00740888 -0.988426 -0.151525
-0.620857 102.729 11.6302 -0.00349576 -0.987552 -0.157188
0.764975 102.76 11.4382 0.00597249 -0.985517 -0.169472
2.22333 102.815 11.4409 0.0251716 -0.989407 -0.142963
3.15596 102.841 11.4507 0.0445913 -0.991416 -0.122762
4.4676 102.881 11.6598 0.0551587 -0.99332 -0.0990529
5.4249 102.901 11.9745 0.0354011 -0.997139 -0.0667899
6.8051 102.892 12.4934 0.00228985 -0.997378 -0.0723258
7.62555 102.859 12.8714 -0.00823187 -0.996702 -0.0807301
9.08502 102.797 13.479 -0.00281258 -0.996525 -0.0830164
9.98473 102.775 13.7729 0.00365089 -0.996452 -0.0840789
11.1575 102.75 14.0351 -0.0127564 -0.997043 -0.0757792
12.1395 102.723 14.1601 -0.0318545 -0.998174 -0.0513171
13.2594 102.68 14.1872 -0.0452976 -0.997611 -0.0520771
14.6142 102.607 14.0679 -0.0685496 -0.996319 -0.0514783
15.5876 102.553 13.8151 -0.0660697 -0.995791 -0.0617541
16.4555 102.504 13.5539 -0.0709065 -0.996344 -0.0476602
17.5152 102.433 13.1121 -0.0880449 -0.995646 -0.0306138
18.4037 102.307 12.8202 -0.151098 -0.988269 -0.0222312
19.3857 102.184 12.2916 -0.155493 -0.98706 -0.0391784
20.0588 102.103 11.6521 -0.159756 -0.986399 -0.0386075
20.8528 102.007 10.8779 -0.172544 -0.984142 -0.0390193
21.8132 101.884 9.69769 -0.186473 -0.980692 -0.0589114
22.609 101.801 8.54639 -0.188251 -0.980261 -0.0604191
23.3394 101.717 7.56561 -0.186733 -0.981128 -0.0501767
24.0664 101.592 6.67437 -0.20482 -0.978502 0.0241548
24.8976 101.236 5.46619 -0.374287 -0.922393 0.0752867
25.5509 100.951 4.50331 -0.378337 -0.925619 0.00948308
26.0257 100.692 3.5921 -0.450908 -0.891481 -0.0132391
26.5334 100.492 2.74803 -0.475353 -0.877775 -0.045497
27.0194 100.283 1.84503 -0.49256 -0.865466 -0.091393
27.7377 100.001 0.770855 -0.52408 -0.839175 -0.145345
28.2392 99.88 -0.255236 -0.5106 -0.838975 -0.187191
28.6656 99.8171 -1.06661 -0.507393 -0.835205 -0.211896
29.2128 99.7857 -2.00567 -0.491771 -0.823261 -0.283553
29.5987 99.9196 -3.07897 -0.476138 -0.840725 -0.257823
30.0536 100.089 -4.20355 -0.443314 -0.824158 -0.352471
30.3503 100.361 -5.16984 -0.438198 -0.801504 -0.40542
30.6757 100.675 -6.16488 -0.396578 -0.802696 -0.445428
30.8722 101.083 -7.0853 -0.409471 -0.814531 -0.409868
30.9318 101.671 -8.31229 -0.312395 -0.843516 -0.434977
30.649 102.295 -9.4437 -0.243657 -0.850302 -0.459674
30.0811 102.707 -10.2711 -0.186783 -0.941049 -0.282028
29.1503 103.101 -11.1061 -0.109881 -0.969817 -0.211426
28.5332 103.357 -12.1726 -0.12405 -0.980321 -0.14945
27.7663 103.59 -13.3988 -0.10375 -0.98838 -0.110537
27.5311 103.702 -14.2622 -0.10538 -0.990402 -0.0881274
27.3523 103.789 -15.2673 -0.103188 -0.992799 -0.0608409
27.1779 103.854 -16.2286 -0.101268 -0.994177 -0.0368304
27.0764 103.899 -17.4658 -0.097424 -0.995017 -0.0212039
27.1161 103.901 -18.3926 -0.109125 -0.993988 0.00412225
26.9369 103.908 -19.4584 -0.115833 -0.992642 0.028238
26.5741 103.913 -20.4587 -0.135774 -0.990033 0.0374155
26.2048 103.918 -21.6905 -0.137533 -0.989917 0.033859
25.6029 103.96 -22.7914 -0.140912 -0.988976 0.0452576
25.1253 103.988 -23.6149 -0.132698 -0.9889 0.0663221
24.6373 104.001 -24.354 -0.129174 -0.989724 0.0613289
23.7998 104.05 -25.2975 -0.12771 -0.989132 0.0725722
23.1398 104.061 -26.2805 -0.136401 -0.987505 0.0789208
22.5573 104.076 -26.9771 -0.123894 -0.988241 0.0896103
21.8127 104.074 -27.9748 -0.116152 -0.98891 0.0925496
21.0296 104.072 -28.9512 -0.111724 -0.989088 0.096038
20.4315 104.061 -29.7193 -0.108716 -0.988707 0.103091
19.4773 104.035 -30.9387 -0.102596 -0.989157 0.105003
18.7322 104.011 -31.853 -0.0999531 -0.988744 0.111268
18.0388 103.99 -32.5926 -0.0917367 -0.988767 0.118
17.3129 103.974 -33.2541 -0.0815633 -0.988885 0.124315
16.4587 103.969 -33.8605 -0.0759763 -0.989267 0.124666
15.0367 103.96 -34.709 -0.0654422 -0.989624 0.127867
13.7438 103.97 -35.2245 -0.0518882 -0.98964 0.133826
12.8498 103.968 -35.5619 -0.0459749 -0.989607 0.13619
11.8412 103.969 -35.8572 -0.0396116 -0.989747 0.13723
10.6199 103.954 -36.2596 -0.035406 -0.98821 0.148954
9.13462 103.938 -36.657 -0.0227758 -0.98703 0.158901
8.11789 103.914 -36.9458 -0.0170208 -0.986754 0.161235
7.00202 103.896 -37.1618 -0.0206992 -0.984753 0.172724
6.0358 103.911 -37.2173 -0.0168939 -0.983117 0.181797
4.98418 103.905 -37.2778 -0.00325251 -0.982065 0.188517
3.68894 103.894 -37.3948 -0.0119745 -0.981545 0.190856
2.76071 103.891 -37.4442 -0.0120975 -0.979823 0.199502
1.50534 103.891 -37.501 -0.00359171 -0.979973 0.199072
0.208538 103.886 -37.5022 0.00926093 -0.980793 0.194832
-0.83302 103.897 -37.4279 0.0099707 -0.983593 0.180128
-1.93022 103.903 -37.3324 0.0116457 -0.983743 0.179198
-3.52868 103.907 -37.1553 0.0271309 -0.984404 0.173583
-3.56069 103.907 -37.1501 0.0332675 -0.9854 0.166972
