-19.6181 107.142 -20.3956 0.0753314 -0.997158 -0.000486692
-20.0163 107.102 -19.1316 0.102555 -0.994651 -0.0123532
-20.5574 107.026 -17.6634 0.0939978 -0.995412 -0.0178976
-21.156 106.924 -16.4146 0.121237 -0.991727 -0.0421688
-21.765 106.792 -15.4556 0.140312 -0.987589 -0.0705703
-22.7268 106.559 -14.2579 0.116326 -0.986793 -0.112729
-23.6649 106.318 -13.3432 0.152815 -0.978258 -0.140208
-24.4527 106.087 -12.7328 0.203971 -0.965573 -0.161013
-25.4773 105.73 -12.0227 0.222462 -0.958174 -0.180036
-26.3026 105.418 -11.5082 0.249146 -0.931388 -0.265412
-27.0658 105.073 -11.0538 0.280759 -0.917841 -0.280167
-27.8344 104.693 -10.6212 0.302463 -0.906182 -0.295047
-28.7298 104.173 -10.0972 0.340228 -0.873574 -0.348014
-29.4251 103.664 -9.56561 0.371085 -0.859786 -0.350806
-29.8995 103.128 -8.94789 0.482619 -0.766947 -0.422932
-30.1504 102.351 -7.8767 0.490543 -0.743955 -0.453759
-30.0378 101.88 -6.84498 0.539938 -0.737279 -0.405575
-29.7841 101.58 -5.89447 0.57167 -0.737444 -0.359679
-29.5391 101.354 -5.00278 0.579397 -0.754478 -0.308322
-29.2751 101.18 -4.07008 0.599696 -0.750101 -0.278527
-28.8493 101.134 -2.98655 0.59196 -0.757749 -0.274372
-28.2935 101.256 -1.85852 0.611462 -0.769941 -0.180172
-27.8309 101.472 -1.00915 0.634185 -0.762233 -0.129015
-27.2137 101.817 -0.217045 0.571114 -0.813926 -0.103495
-26.3612 102.382 0.294928 0.552436 -0.829063 -0.0769487
-25.5352 102.873 0.518194 0.52326 -0.849594 -0.066247
-24.7381 103.301 0.72443 0.442999 -0.894991 -0.0519472
-23.8183 103.733 1.02024 0.439476 -0.896415 -0.0574507
-23.0132 104.046 1.3423 0.374531 -0.925376 -0.0580399
-21.7645 104.482 1.89597 0.314385 -0.947283 -0.0596459
-20.7724 104.762 2.37742 0.288119 -0.955511 -0.0608228
-19.7108 105.006 3.00492 0.245143 -0.967558 -0.0611258
-19.0013 105.145 3.54621 0.23428 -0.968211 -0.0861986
-18.1756 105.267 4.23319 0.219437 -0.971186 -0.0929671
-17.2672 105.359 5.17838 0.195162 -0.974933 -0.106854
-16.4229 105.433 6.08537 0.17995 -0.979168 -0.094067
-15.4811 105.505 6.87488 0.133855 -0.984653 -0.11199
-14.7261 105.553 7.37664 0.120624 -0.987174 -0.102857
-13.8986 105.598 7.77407 0.0969665 -0.989533 -0.106594
-12.6388 105.674 8.11993 0.0883111 -0.989788 -0.111901
-11.2855 105.759 8.20525 0.0547895 -0.991421 -0.118668
-10.3712 105.812 8.19104 0.0528271 -0.990208 -0.129092
-9.18816 105.857 8.21461 0.0390972 -0.988002 -0.149412
-7.97082 105.874 8.19767 0.00177398 -0.989207 -0.146517
-6.92525 105.871 8.15956 -0.0128904 -0.988312 -0.151896
-5.66551 105.855 8.1269 -0.0272528 -0.985182 -0.169333
-4.56823 105.824 8.12956 -0.024187 -0.984426 -0.174033
-3.41081 105.772 8.21902 -0.0364632 -0.979347 -0.198872
-2.47064 105.708 8.35898 -0.0271937 -0.97892 -0.202186
-1.30327 105.646 8.51488 -0.0261978 -0.976538 -0.213743
-0.252759 105.617 8.58307 -0.00686078 -0.97524 -0.221043
0.747311 105.623 8.54295 0.00558654 -0.973897 -0.226922
1.71496 105.663 8.41043 0.0140103 -0.974506 -0.223923
2.9112 105.738 8.20952 0.0239388 -0.976331 -0.214765
3.98551 105.796 8.02472 0.0280983 -0.979458 -0.199185
5.29497 105.879 7.85943 0.0337981 -0.981268 -0.189658
6.58166 105.948 7.80802 0.0369509 -0.984512 -0.171379
7.59941 105.992 7.88783 0.032867 -0.987837 -0.149113
8.59429 105.988 8.00471 0.0148746 -0.991111 -0.132206
9.76836 105.977 8.20761 0.00824596 -0.993715 -0.111631
10.7054 105.957 8.44372 0.00433366 -0.993561 -0.113216
11.961 105.9 8.82108 -0.022812 -0.995029 -0.0969371
13.2238 105.815 9.1871 -0.068715 -0.994362 -0.0807575
14.5012 105.71 9.2575 -0.0853913 -0.992832 -0.0836089
15.4215 105.637 9.11569 -0.101538 -0.991553 -0.0807005
16.5798 105.527 8.86003 -0.128067 -0.989312 -0.069712
17.4982 105.422 8.58231 -0.151446 -0.985753 -0.0730893
18.6075 105.293 7.94392 -0.157903 -0.985368 -0.0639821
19.6941 105.158 7.11833 -0.187744 -0.979742 -0.0693442
20.6019 105.039 6.26948 -0.192798 -0.978636 -0.0714169
21.3412 104.934 5.60916 -0.202849 -0.977953 -0.0495982
22.3563 104.759 4.88365 -0.20918 -0.976907 -0.0430644
23.5548 104.513 4.24218 -0.22727 -0.973151 -0.0364084
24.6833 104.179 3.79147 -0.328348 -0.944555 -0.00167328
25.5819 103.814 3.38889 -0.395286 -0.91783 0.0181256
26.366 103.431 2.96816 -0.450458 -0.885919 -0.110612
27.4259 102.944 2.1898 -0.497992 -0.862227 -0.0925646
28.1701 102.643 1.45285 -0.496541 -0.854176 -0.154372
28.884 102.42 0.549737 -0.474183 -0.857661 -0.198919
29.4192 102.3 -0.250471 -0.522711 -0.807357 -0.273751
29.9693 102.27 -1.20403 -0.522898 -0.806322 -0.276446
30.4787 102.317 -2.11168 -0.463049 -0.808305 -0.362167
30.8847 102.475 -2.91244 -0.453164 -0.794985 -0.403002
31.2326 102.745 -3.90472 -0.421308 -0.833411 -0.357668
31.3135 103.114 -4.84541 -0.40536 -0.842941 -0.353741
30.998 103.689 -5.82509 -0.325045 -0.87469 -0.348236
30.1639 104.251 -6.81092 -0.246494 -0.922969 -0.295155
29.3647 104.678 -7.50007 -0.195979 -0.93126 -0.304306
28.3722 105.07 -8.20342 -0.16682 -0.955607 -0.239907
27.3558 105.399 -9.00612 -0.162997 -0.964924 -0.205097
26.4625 105.705 -9.86119 -0.157726 -0.970474 -0.182492
25.7787 105.924 -10.7563 -0.119561 -0.983617 -0.134882
25.2635 106.094 -11.5565 -0.113256 -0.985563 -0.125512
24.6693 106.312 -12.868 -0.0983491 -0.989268 -0.107762
24.207 106.503 -14.3047 -0.0949514 -0.990947 -0.0947415
23.9763 106.643 -15.6675 -0.0792302 -0.994086 -0.0733159
23.904 106.723 -16.858 -0.0767024 -0.995396 -0.0572128
23.8416 106.776 -17.7597 -0.0792673 -0.995399 -0.0538257
23.718 106.828 -18.726 -0.0822614 -0.995868 -0.038473
23.3637 106.893 -19.8908 -0.0795745 -0.996669 -0.0171441
22.5713 106.955 -21.2781 -0.0760019 -0.997044 0.0110534
21.7691 107.011 -22.371 -0.0810332 -0.996704 0.00377062
20.9135 107.055 -23.4564 -0.0760777 -0.996503 0.0345425
20.1103 107.086 -24.5395 -0.0815142 -0.996349 0.0253658
19.4776 107.103 -25.4392 -0.068846 -0.996676 0.0435528
18.9285 107.105 -26.2662 -0.07373 -0.996214 0.0452008
18.3989 107.102 -27.0842 -0.0612904 -0.996844 0.0500452
17.8283 107.086 -27.9494 -0.064974 -0.995925 0.0623578
17.2602 107.078 -28.7363 -0.0685199 -0.995694 0.0623698
16.4759 107.062 -29.6301 -0.0540082 -0.996054 0.0704244
15.5072 107.054 -30.5193 -0.0583707 -0.995898 0.069129
14.3319 107.058 -31.3206 -0.045241 -0.995794 0.0796087
13.3383 107.059 -31.8454 -0.0410555 -0.995721 0.0827255
12.3493 107.06 -32.2902 -0.0384025 -0.995923 0.0816218
11.2712 107.073 -32.6305 -0.0368414 -0.996048 0.0808133
10.3868 107.078 -32.884 -0.0231111 -0.996063 0.0854389
9.18033 107.078 -33.1581 -0.0193345 -0.996403 0.0825075
8.14512 107.081 -33.3449 -0.0200904 -0.995989 0.0871449
7.14371 107.089 -33.5166 -0.0225441 -0.995993 0.0865418
5.89935 107.089 -33.7271 -0.00971546 -0.996122 0.0874455
4.77592 107.082 -33.9173 -0.0082981 -0.996104 0.0877953
3.58535 107.083 -34.0581 -0.00881807 -0.995553 0.0936618
2.59248 107.085 -34.0871 -0.00228909 -0.995489 0.0948104
1.50297 107.084 -34.1156 -0.00707536 -0.995875 0.0904591
0.324094 107.085 -34.1667 -0.000326961 -0.9964 0.0847727
-0.968003 107.083 -34.1887 -0.000154566 -0.996323 0.0856682
-2.03978 107.082 -34.0879 0.00949383 -0.996279 0.0856171
-3.21608 107.085 -33.9037 0.0127224 -0.996294 0.0850721
-4.35031 107.089 -33.6763 0.0175783 -0.996155 0.0857495
-5.64223 107.092 -33.3492 0.0185678 -0.995878 0.088784
-6.79218 107.104 -32.9574 0.0199882 -0.996367 0.082785
-7.67893 107.11 -32.6363 0.024933 -0.996847 0.0753091
-9.00279 107.113 -32.1557 0.0283192 -0.996263 0.0815949
-9.96373 107.122 -31.6669 0.0301656 -0.996791 0.0741417
-11.0792 107.136 -30.997 0.0350419 -0.996646 0.073868
-11.8725 107.143 -30.4956 0.038201 -0.99655 0.0736744
-12.736 107.159 -29.8009 0.0417371 -0.996483 0.0726362
-13.6831 107.17 -29.0582 0.0449918 -0.996464 0.0709605
-14.4999 107.177 -28.4344 0.0431263 -0.99684 0.0666643
-15.2918 107.183 -27.8141 0.0512693 -0.996542 0.0650249
-15.9659 107.181 -27.2118 0.0575025 -0.996494 0.0607718
-16.8241 107.18 -26.3764 0.0610055 -0.996372 0.0593392
-17.6093 107.175 -25.4617 0.069789 -0.996589 0.0440447
-18.3181 107.175 -24.187 0.0716938 -0.996826 0.0346169
-18.7173 107.176 -23.2576 0.0701211 -0.997409 0.0160915
-19.1458 107.167 -22.0292 0.08084 -0.996575 0.0174276
-19.4141 107.158 -21.1396 0.0749049 -0.99719 -5.57546e-05
-19.5697 107.146 -20.559 0.0753314 -0.997158 -0.000486692
-20.424 107.057 -20.9782 0.105952 -0.994341 0.00778066
-20.7845 107.031 -19.7678 0.103067 -0.994599 0.0122318
-21.1093 106.993 -18.7674 0.0950196 -0.995313 -0.0179648
-21.4707 106.942 -17.8436 0.108862 -0.993519 -0.0277842
-22.1604 106.805 -16.5074 0.121913 -0.991727 -0.0401152
-22.722 106.685 -15.6851 0.109826 -0.991555 -0.0689704
-23.3336 106.567 -14.9585 0.113081 -0.989174 -0.0908434
-24.0918 106.365 -14.1905 0.143462 -0.981611 -0.12573
-24.8023 106.154 -13.6137 0.187367 -0.968072 -0.166523
-25.5369 105.93 -13.099 0.171933 -0.965924 -0.191767
-26.5094 105.602 -12.4674 0.19123 -0.960599 -0.201361
-27.3779 105.235 -11.9364 0.28079 -0.924043 -0.259261
-28.5563 104.661 -11.2932 0.309809 -0.899592 -0.30782
-29.3699 104.193 -10.8344 0.393263 -0.862888 -0.317347
-30.1775 103.583 -10.1998 0.429823 -0.841196 -0.325731
-30.6465 103.016 -9.60218 0.486543 -0.766634 -0.418985
-30.9379 102.418 -8.84624 0.484577 -0.766792 -0.42096
-31.0003 101.789 -7.91527 0.540195 -0.709292 -0.452874
-30.8668 101.338 -6.99643 0.54403 -0.72669 -0.419468
-30.5916 101.031 -6.03916 0.582507 -0.721093 -0.374155
-30.2446 100.711 -4.86099 0.613774 -0.713884 -0.337122
-29.9814 100.542 -3.98212 0.622146 -0.724376 -0.297009
-29.6283 100.472 -3.04439 0.638916 -0.726444 -0.251142
-29.2845 100.516 -2.19353 0.642702 -0.734242 -0.218655
-28.7375 100.698 -1.09735 0.665631 -0.726875 -0.166201
-28.304 100.957 -0.305467 0.668748 -0.731253 -0.131212
-27.5226 101.478 0.692957 0.667109 -0.738079 -0.101023
-26.8553 101.94 1.13692 0.61998 -0.783354 -0.0445144
-25.7386 102.699 1.42969 0.531301 -0.846239 -0.00781424
-24.8745 103.218 1.64528 0.39546 -0.918287 0.0189627
-23.7797 103.697 1.97574 0.383889 -0.922405 -0.0175997
-22.7513 104.086 2.47063 0.361171 -0.932283 -0.0200902
-21.7357 104.419 2.92744 0.300406 -0.951714 -0.0632197
-20.5767 104.749 3.5185 0.270059 -0.960037 -0.0643394
-19.3084 104.99 4.45345 0.235433 -0.968825 -0.0769061
-18.2241 105.134 5.48583 0.207149 -0.973026 -0.100616
-17.6035 105.192 6.22406 0.196889 -0.976786 -0.0844047
-16.7006 105.279 7.11486 0.178211 -0.97858 -0.103065
-15.8639 105.349 7.78438 0.136567 -0.984666 -0.108457
-14.7135 105.438 8.48343 0.132535 -0.985726 -0.103535
-13.3477 105.516 8.95967 0.0889504 -0.990077 -0.108775
-12.4107 105.566 9.14784 0.078305 -0.989161 -0.124213
-11.1643 105.646 9.20051 0.0475144 -0.990979 -0.124938
-10.0713 105.695 9.16369 0.0402392 -0.990538 -0.13121
-8.99016 105.723 9.14853 0.013041 -0.990787 -0.134798
-7.80098 105.737 9.09316 -0.0199947 -0.98773 -0.154768
-6.87039 105.721 9.06987 -0.0168016 -0.985637 -0.168041
-5.80143 105.696 9.03671 -0.0352452 -0.984298 -0.172959
-4.8246 105.671 9.01835 -0.0372066 -0.981562 -0.18709
-3.90003 105.619 9.06166 -0.0415555 -0.979501 -0.197021
-2.9666 105.553 9.20959 -0.0452693 -0.976702 -0.209772
-1.41762 105.443 9.44738 -0.029725 -0.974745 -0.221239
-0.440176 105.398 9.51444 -0.00542647 -0.971366 -0.237525
0.984033 105.408 9.46295 0.0084276 -0.972702 -0.231868
1.93636 105.461 9.29255 0.0192602 -0.972831 -0.230565
3.09887 105.541 9.08896 0.0271878 -0.973398 -0.227501
4.15001 105.618 8.93749 0.0393227 -0.977104 -0.209095
5.12558 105.689 8.81305 0.0588726 -0.978817 -0.196049
6.33001 105.78 8.69544 0.0693528 -0.980672 -0.181936
7.47778 105.841 8.7986 0.0624404 -0.987002 -0.148083
8.75766 105.865 8.96581 0.0207032 -0.991823 -0.125796
9.93758 105.867 9.20152 0.0170712 -0.992874 -0.11746
10.9397 105.842 9.4966 0.00580914 -0.994678 -0.102867
12.1984 105.784 9.93116 -0.0280453 -0.994402 -0.101724
13.444 105.71 10.2416 -0.0293532 -0.99569 -0.0860309
14.5564 105.626 10.2532 -0.0793308 -0.994566 -0.067418
15.9064 105.516 9.98079 -0.107744 -0.992321 -0.0607471
16.8975 105.425 9.7209 -0.138385 -0.987656 -0.0725828
18.1467 105.265 9.3528 -0.151441 -0.985753 -0.0730929
19.174 105.134 8.73066 -0.176047 -0.981266 -0.0782597
19.9841 105.03 8.10889 -0.181836 -0.980612 -0.07305
20.656 104.942 7.50161 -0.193648 -0.978866 -0.0657341
21.6183 104.811 6.5705 -0.213757 -0.973069 -0.0862827
22.5848 104.659 5.81448 -0.219561 -0.973401 -0.0654415
23.3488 104.51 5.36281 -0.241231 -0.968528 -0.0612947
24.2427 104.315 4.95101 -0.217956 -0.973289 -0.0682374
25.0863 104.073 4.64103 -0.321295 -0.943696 0.0746197
25.9324 103.653 4.24026 -0.421686 -0.902862 0.0600981
26.7613 103.206 3.80033 -0.51286 -0.858203 -0.021506
27.6582 102.679 3.14464 -0.530404 -0.837333 -0.132456
28.5608 102.207 2.23271 -0.572004 -0.801203 -0.165924
29.402 101.899 1.18647 -0.571682 -0.792416 -0.212736
30.0485 101.737 0.214011 -0.522523 -0.808394 -0.271051
30.6358 101.708 -0.824584 -0.492748 -0.814089 -0.304473
31.4622 101.854 -2.33752 -0.463043 -0.808307 -0.362169
31.8361 102.05 -3.14121 -0.505164 -0.755294 -0.417541
32.1897 102.406 -4.29957 -0.527819 -0.764521 -0.370021
32.2196 102.863 -5.28674 -0.471174 -0.798437 -0.368964
32.0289 103.348 -6.12901 -0.390792 -0.832822 -0.392031
31.3723 103.975 -7.00538 -0.257684 -0.913757 -0.31392
30.7543 104.36 -7.60106 -0.252565 -0.912599 -0.32149
29.9673 104.773 -8.2321 -0.20732 -0.953099 -0.219979
29.1742 105.056 -8.76449 -0.182581 -0.9608 -0.207892
28.0919 105.4 -9.56694 -0.145288 -0.970283 -0.193297
27.0906 105.725 -10.5099 -0.143129 -0.973131 -0.180226
26.5363 105.9 -11.2614 -0.122279 -0.98315 -0.135885
25.944 106.1 -12.2379 -0.108432 -0.986992 -0.118685
25.5549 106.257 -13.1847 -0.102818 -0.988496 -0.110389
25.2602 106.376 -14.0662 -0.097466 -0.990163 -0.100383
25.0466 106.482 -14.948 -0.0955115 -0.99161 -0.0870548
24.9049 106.572 -15.8362 -0.0960012 -0.992258 -0.0785213
24.8488 106.643 -16.7494 -0.085378 -0.99401 -0.0674551
24.7719 106.71 -17.9082 -0.0879351 -0.995219 -0.0414008
24.6027 106.774 -19.2726 -0.0949248 -0.994984 -0.0312615
24.315 106.818 -20.1634 -0.085924 -0.996124 -0.0188425
23.6326 106.871 -21.4261 -0.0871287 -0.995991 0.020253
23.1129 106.901 -22.1916 -0.0874514 -0.995829 0.0254877
22.5579 106.936 -22.9052 -0.0870678 -0.996025 0.0187924
21.9399 106.972 -23.6572 -0.0739022 -0.99667 0.0344656
21.3062 106.99 -24.4946 -0.0754792 -0.99642 0.037899
20.6523 107.011 -25.4038 -0.0890532 -0.995248 0.0393742
20.0656 107.016 -26.2386 -0.0779299 -0.995505 0.0538055
19.4973 107.019 -27.1109 -0.0847081 -0.995129 0.0501671
18.8507 107.011 -28.0984 -0.0752023 -0.994804 0.0686281
18.3094 106.996 -28.8833 -0.06852 -0.995694 0.0623699
17.3913 106.981 -30.0717 -0.0610609 -0.995802 0.0677728
16.7164 106.969 -30.7416 -0.0537029 -0.995946 0.0721663
15.9629 106.964 -31.4195 -0.0588975 -0.995639 0.0722885
14.9586 106.965 -32.0982 -0.0453736 -0.995527 0.0828631
13.8834 106.965 -32.6691 -0.0441815 -0.995544 0.0833052
12.4245 106.975 -33.292 -0.0415966 -0.995289 0.0875804
11.2561 106.99 -33.6004 -0.0273785 -0.995363 0.0921301
10.0416 106.989 -33.9577 -0.0259572 -0.994943 0.0970148
9.07365 106.992 -34.1631 -0.0227169 -0.99496 0.0976624
8.12441 106.995 -34.3226 -0.0200851 -0.99599 0.0871357
6.91903 106.996 -34.5199 -0.0147277 -0.994538 0.103332
5.50508 107.003 -34.7519 -0.0159671 -0.995292 0.0950792
4.4938 106.989 -34.9461 -0.00576356 -0.994188 0.107502
3.28779 106.99 -35.0294 -0.00510781 -0.995129 0.0984484
2.12943 106.998 -35.0095 -0.00213319 -0.994779 0.101925
0.698955 107 -35.0946 -0.00654877 -0.99569 0.0925168
-0.522326 107.001 -35.1297 -0.00171859 -0.995966 0.089646
-1.75398 106.998 -35.0747 0.00864784 -0.995979 0.0891602
-2.83587 106.994 -34.931 0.0172658 -0.995573 0.0923965
-4.37312 107.002 -34.6381 0.0168365 -0.995407 0.0941498
-5.46113 107.003 -34.3868 0.0192218 -0.995625 0.0914333
-6.42792 107.011 -34.1017 0.0175512 -0.995945 0.0882359
-7.3784 107.023 -33.7558 0.0246852 -0.995738 0.0887169
-8.5018 107.029 -33.3441 0.0268297 -0.995348 0.0925325
-9.77489 107.034 -32.8523 0.0276738 -0.996262 0.0818339
-10.8322 107.047 -32.2623 0.0405971 -0.995826 0.0817425
-11.7656 107.059 -31.6803 0.0348018 -0.995903 0.0834614
-12.8001 107.072 -30.9666 0.0399448 -0.996656 0.0712765
-13.8002 107.085 -30.1893 0.0433032 -0.996228 0.0750224
-14.6386 107.093 -29.558 0.0437592 -0.996586 0.0700067
-15.6284 107.103 -28.7708 0.049847 -0.996208 0.0711258
-16.4599 107.101 -28.0384 0.0589175 -0.996266 0.0631138
-17.2362 107.101 -27.3057 0.0590133 -0.996578 0.057882
-18.2445 107.1 -26.2686 0.0625198 -0.996852 0.0478829
-18.748 107.098 -25.4895 0.0663658 -0.997072 0.0379041
-19.1608 107.102 -24.6545 0.0680965 -0.996813 0.0415518
-19.532 107.11 -23.8209 0.0801881 -0.99664 0.0128848
-19.9362 107.084 -22.6987 0.090263 -0.995871 0.00969958
-20.4032 107.058 -21.0601 0.105789 -0.994362 0.00726341
-21.2858 106.962 -21.4803 0.102516 -0.994711 0.0063243
-21.0148 106.984 -22.3928 0.10259 -0.994703 0.0065013
-20.7471 107.006 -23.3164 0.0885933 -0.996033 0.00832116
-20.3735 107.025 -24.276 0.0847147 -0.995845 0.0334122
-19.985 107.026 -25.1422 0.0684219 -0.996881 0.0392555
-19.3446 107.02 -26.4238 0.0753363 -0.99616 0.0445772
-18.712 107.019 -27.1974 0.0582002 -0.99682 0.0544328
-17.735 107.021 -28.1202 0.0551221 -0.996643 0.0605281
-16.7271 107.019 -29.0498 0.0588333 -0.995831 0.0697071
-15.7762 107.016 -29.8442 0.0545483 -0.995844 0.0729388
-15.0752 107.009 -30.4335 0.0513961 -0.995015 0.0854631
-14.3298 106.994 -31.035 0.0428308 -0.995871 0.0800368
-13.3394 106.982 -31.7837 0.0513801 -0.995493 0.0796372
-12.3691 106.974 -32.4223 0.038664 -0.99546 0.0869737
-11.5714 106.963 -32.9137 0.0405217 -0.995529 0.0853124
-10.6872 106.954 -33.4425 0.0363848 -0.995742 0.084607
-9.79452 106.943 -33.8709 0.0314286 -0.995003 0.0947627
-8.89992 106.937 -34.2148 0.0288211 -0.995166 0.0938566
-7.93966 106.932 -34.5674 0.0288834 -0.99475 0.0981783
-6.77935 106.924 -34.9848 0.0279383 -0.994712 0.0988305
-5.6618 106.915 -35.3137 0.0180014 -0.995713 0.0907257
-4.20876 106.906 -35.6369 0.0127508 -0.994371 0.105187
-3.01259 106.902 -35.8593 0.019003 -0.99492 0.0988196
-1.6108 106.901 -36.0196 0.00294109 -0.994492 0.104775
-0.272947 106.905 -36.0401 0.00581019 -0.994163 0.107731
0.793169 106.906 -36.0422 -0.0118817 -0.99343 0.113627
1.88723 106.893 -35.997 -0.00758474 -0.994208 0.106866
3.30803 106.893 -36.0074 -0.00213319 -0.994779 0.101925
4.57268 106.883 -35.9115 -0.0126348 -0.993355 0.114237
5.55258 106.893 -35.7486 -0.0139904 -0.993887 0.109388
6.77625 106.895 -35.5142 -0.0189207 -0.993926 0.108409
7.97456 106.897 -35.3235 -0.0153541 -0.994436 0.104214
9.07997 106.896 -35.1417 -0.0206163 -0.994662 0.101025
10.1452 106.89 -34.9387 -0.0243752 -0.99488 0.0980806
11.3004 106.893 -34.6011 -0.0257274 -0.995167 0.0947719
12.3834 106.886 -34.3052 -0.0389718 -0.99503 0.0916356
13.3223 106.874 -34.0242 -0.0380714 -0.995476 0.0870493
14.3398 106.875 -33.5245 -0.044016 -0.995665 0.0819353
15.1695 106.873 -33.0924 -0.0453859 -0.99562 0.0817407
16.0917 106.871 -32.5517 -0.0602108 -0.9953 0.0758239
16.848 106.871 -31.9425 -0.0632531 -0.995115 0.0757738
17.8027 106.881 -31.0164 -0.0688646 -0.994655 0.0767888
18.489 106.885 -30.2958 -0.0735183 -0.994648 0.0725617
19.1165 106.898 -29.4073 -0.0793567 -0.994411 0.06963
19.7963 106.918 -28.4133 -0.0760048 -0.994591 0.0707562
20.3808 106.923 -27.4746 -0.082762 -0.995081 0.0544486
20.9283 106.925 -26.6343 -0.0809243 -0.995101 0.0567892
21.6726 106.917 -25.5834 -0.0782291 -0.996145 0.0396928
22.2153 106.905 -24.8346 -0.0770548 -0.996169 0.0413412
22.784 106.887 -24.0913 -0.100738 -0.994121 0.039572
23.6582 106.825 -23.1 -0.093422 -0.995263 0.0258564
24.358 106.794 -22.1096 -0.0874513 -0.995829 0.0254878
24.8536 106.764 -21.2712 -0.0933754 -0.995505 0.0158145
25.2898 106.737 -20.3713 -0.0896475 -0.995815 -0.00151216
25.6274 106.67 -19.0461 -0.0949356 -0.994983 -0.0312639
25.7134 106.627 -17.9916 -0.0903622 -0.995392 -0.0320882
25.75 106.574 -17.0027 -0.0961949 -0.992907 -0.0698735
25.8209 106.503 -16.0866 -0.0878317 -0.993785 -0.0678413
25.9835 106.406 -15.0792 -0.0855714 -0.993021 -0.0811637
26.2602 106.266 -13.9625 -0.0965077 -0.989977 -0.103065
26.6254 106.118 -12.9741 -0.0903825 -0.989057 -0.116611
27.092 105.962 -12.1111 -0.106037 -0.984927 -0.136656
27.6064 105.79 -11.3731 -0.136007 -0.978681 -0.153899
28.3322 105.553 -10.5871 -0.146194 -0.973831 -0.174013
29.1305 105.304 -9.9145 -0.161256 -0.961917 -0.22071
29.8868 105.057 -9.3892 -0.160239 -0.962037 -0.220925
30.6326 104.776 -8.91342 -0.193742 -0.944903 -0.263862
31.3642 104.448 -8.33279 -0.268072 -0.909188 -0.318342
32.1388 103.975 -7.65318 -0.280071 -0.907419 -0.31329
32.6972 103.492 -7.05559 -0.373741 -0.844952 -0.382589
33.1026 102.824 -6.09435 -0.432454 -0.788712 -0.436941
33.1244 102.28 -5.14828 -0.430438 -0.78029 -0.453729
33.0123 101.784 -4.18875 -0.479128 -0.772406 -0.411875
32.6507 101.509 -3.1828 -0.607918 -0.678487 -0.412353
32.2107 101.234 -2.17982 -0.544243 -0.748345 -0.379182
31.7284 101.087 -1.16433 -0.565804 -0.735495 -0.372442
31.1457 101.079 -0.203521 -0.620598 -0.735107 -0.272901
30.6366 101.126 0.722269 -0.578154 -0.758803 -0.299917
29.8985 101.342 1.81899 -0.63897 -0.732392 -0.2352
28.961 101.804 3.05211 -0.584929 -0.803656 -0.109524
28.2852 102.189 3.7303 -0.549686 -0.829841 -0.0684157
27.312 102.858 4.53466 -0.540913 -0.840276 -0.0129364
26.4247 103.393 5.01373 -0.542089 -0.839717 0.00941094
25.7271 103.863 5.34772 -0.556838 -0.824229 -0.102806
24.9558 104.149 5.66584 -0.122113 -0.992516 -0.000440812
23.8627 104.335 6.11016 -0.253447 -0.963662 -0.0843785
22.9073 104.518 6.69014 -0.212792 -0.973239 -0.0867542
22.0334 104.651 7.43764 -0.217645 -0.974032 -0.0623888
21.2435 104.768 8.22115 -0.200537 -0.976764 -0.0754996
20.468 104.87 8.91725 -0.198264 -0.976816 -0.0807539
19.5818 104.997 9.61245 -0.186947 -0.980346 -0.0613227
18.7179 105.116 10.1782 -0.167074 -0.98395 -0.0626779
17.5935 105.273 10.5597 -0.152784 -0.987227 -0.0451725
16.4971 105.399 10.8407 -0.108913 -0.992151 -0.0614341
15.3481 105.495 11.1451 -0.0891978 -0.993477 -0.0710459
14.3975 105.57 11.2687 -0.0717449 -0.994661 -0.0735308
13.464 105.634 11.2283 -0.0641549 -0.994757 -0.079647
12.5286 105.679 11.0415 -0.0257469 -0.99735 -0.0680469
11.5949 105.711 10.7298 0.00566964 -0.996054 -0.0869766
10.6386 105.748 10.39 0.0118439 -0.994953 -0.0985261
9.6521 105.758 10.094 0.0242043 -0.993313 -0.112831
8.30621 105.731 9.83022 0.0585338 -0.987676 -0.145071
6.94146 105.659 9.69954 0.0856484 -0.982588 -0.164792
5.885 105.572 9.68546 0.0836046 -0.982064 -0.169002
4.91298 105.481 9.78041 0.0622138 -0.977874 -0.199731
3.7439 105.381 9.92243 0.0542199 -0.97447 -0.217872
2.28554 105.27 10.1511 0.0267105 -0.973503 -0.227111
0.838321 105.168 10.4426 0.00334961 -0.963494 -0.267708
-0.25493 105.167 10.4511 -0.028167 -0.969639 -0.242803
-1.69598 105.233 10.3752 -0.0313648 -0.9714 -0.235368
-3.20388 105.372 10.0909 -0.0443127 -0.975273 -0.216518
-4.25765 105.463 9.93425 -0.0468917 -0.980147 -0.192647
-5.59372 105.531 9.93583 -0.0450465 -0.982541 -0.180042
-6.77148 105.566 9.98428 -0.0382612 -0.984579 -0.170705
-7.97059 105.59 10.0373 -0.0157872 -0.988273 -0.151807
-9.00723 105.596 10.0575 0.00894123 -0.988334 -0.152042
-10.5554 105.549 10.1444 0.0377068 -0.992037 -0.120172
-11.7648 105.498 10.1788 0.0558229 -0.991732 -0.114174
-13.1532 105.419 9.97816 0.0796079 -0.990702 -0.110023
-14.2889 105.354 9.65704 0.0889503 -0.990077 -0.108775
-15.4665 105.263 9.1846 0.132535 -0.985726 -0.103535
-16.4358 105.185 8.56324 0.162707 -0.982049 -0.0937179
-17.6372 105.062 7.58503 0.175843 -0.979259 -0.100656
-18.6493 104.955 6.41324 0.211447 -0.97321 -0.0901464
-19.6545 104.831 5.33204 0.224895 -0.970444 -0.0868885
-20.5325 104.676 4.65363 0.235424 -0.968827 -0.076905
-21.3557 104.462 4.14445 0.303681 -0.951031 -0.0576058
-22.4943 104.123 3.60077 0.31939 -0.945753 -0.0595088
-23.5232 103.749 3.15995 0.399141 -0.915832 -0.044033
-24.5862 103.329 2.71751 0.372306 -0.926528 -0.0541596
-25.7484 102.717 2.38597 0.555287 -0.831617 0.00836754
-26.6591 102.089 2.21015 0.585295 -0.810719 0.0128672
-27.3712 101.522 1.93625 0.726812 -0.686824 0.00403452
-28.0685 100.899 1.33844 0.665457 -0.740362 -0.0950261
-28.7586 100.403 0.325935 0.705293 -0.693921 -0.145035
-29.1722 100.156 -0.446162 0.678505 -0.707375 -0.19237
-29.5904 99.9429 -1.21729 0.711384 -0.673958 -0.199283
-29.9697 99.8307 -2.08004 0.692975 -0.680054 -0.239398
-30.4164 99.8229 -3.20715 0.64797 -0.703674 -0.291509
-30.7832 99.9314 -4.22284 0.622488 -0.701283 -0.347436
-31.0474 100.156 -5.14984 0.634021 -0.692438 -0.343983
-31.4018 100.448 -6.26923 0.615794 -0.692197 -0.37638
-31.7987 101.082 -7.76094 0.566466 -0.699687 -0.433726
-31.8228 101.76 -8.81024 0.520283 -0.71188 -0.471733
-31.643 102.463 -9.78008 0.514595 -0.746825 -0.421242
-30.9494 103.389 -10.8074 0.464474 -0.822838 -0.327416
-30.028 104.151 -11.5463 0.37237 -0.864934 -0.335068
-29.2614 104.655 -11.9842 0.35058 -0.882904 -0.309242
-28.368 105.066 -12.4447 0.287904 -0.92393 -0.251921
-27.4298 105.485 -12.9811 0.256178 -0.94607 -0.198306
-26.6842 105.787 -13.4605 0.22128 -0.952716 -0.205083
-25.9083 106.024 -13.9701 0.157468 -0.972487 -0.171677
-25.1283 106.247 -14.5201 0.17242 -0.970279 -0.1691
-24.3809 106.436 -15.173 0.144959 -0.987523 -0.0615202
-23.7516 106.571 -15.8555 0.13403 -0.989128 -0.0594601
-23.1655 106.688 -16.6155 0.123062 -0.990898 -0.0545571
-22.3606 106.854 -18.062 0.103954 -0.994028 -0.0267873
-21.9971 106.899 -19.0059 0.108582 -0.994046 -0.0084083
-21.6651 106.933 -20.0688 0.108476 -0.994028 0.0118568
-21.3946 106.954 -21.0505 0.109234 -0.99398 0.00132462
-22.3469 106.844 -21.3308 0.11595 -0.993248 -0.00367993
-22.5499 106.824 -20.4386 0.116396 -0.993054 0.0171491
-22.793 106.811 -19.4615 0.117393 -0.992944 0.016747
-23.1317 106.771 -18.5432 0.116453 -0.993196 -0.00118331
-23.8345 106.642 -17.2349 0.114055 -0.991661 -0.0599917
-24.4989 106.518 -16.3775 0.10127 -0.990373 -0.0943693
-25.6992 106.262 -15.2381 0.14146 -0.98536 -0.0951567
-26.4654 106.049 -14.708 0.163477 -0.974538 -0.153306
-27.493 105.727 -14.0489 0.225523 -0.94135 -0.250997
-28.344 105.374 -13.4979 0.25137 -0.932123 -0.259617
-29.4578 104.882 -12.9338 0.300426 -0.912472 -0.275918
-30.2818 104.448 -12.5084 0.341693 -0.882613 -0.319614
-31.1153 103.868 -11.9376 0.355083 -0.862904 -0.3596
-31.7689 103.279 -11.3502 0.399365 -0.809806 -0.429793
-32.3289 102.491 -10.6028 0.479612 -0.711041 -0.514191
-32.5693 101.909 -9.89906 0.539188 -0.710431 -0.448452
-32.6317 101.212 -8.99164 0.57965 -0.658539 -0.479929
-32.5664 100.599 -8.05404 0.591513 -0.653616 -0.472122
-32.3539 100.024 -6.94447 0.613815 -0.65854 -0.43538
-31.9767 99.6591 -5.7942 0.62774 -0.674629 -0.388353
-31.5746 99.3153 -4.46121 0.649994 -0.675626 -0.347712
-31.2786 99.1565 -3.61682 0.672709 -0.664537 -0.323279
-30.6849 99.1387 -2.16973 0.695053 -0.653319 -0.299877
-30.2713 99.2081 -1.14592 0.72439 -0.645581 -0.241835
-29.8599 99.3845 -0.319206 0.713571 -0.668259 -0.210347
-29.3405 99.7133 0.699446 0.750177 -0.648363 -0.129847
-28.7704 100.145 1.70416 0.726309 -0.680756 -0.0951126
-28.2749 100.588 2.31209 0.695883 -0.71056 -0.0950681
-27.4497 101.447 2.97026 0.726772 -0.686835 0.00777015
-26.6076 102.121 3.19213 0.638339 -0.767397 -0.00380441
-25.5876 102.787 3.3975 0.534786 -0.843602 -0.0483815
-24.5444 103.265 3.73767 0.421747 -0.904087 -0.0610117
-23.7502 103.607 4.07523 0.399085 -0.915929 -0.0424919
-22.9417 103.92 4.4217 0.31929 -0.945774 -0.0597108
-22.0958 104.182 4.79313 0.312792 -0.947842 -0.0609117
-21.1161 104.454 5.37295 0.302163 -0.950537 -0.0719464
-20.2369 104.624 6.03798 0.248823 -0.965016 -0.0821017
-19.5456 104.722 6.77595 0.217726 -0.971917 -0.0892931
-18.9445 104.782 7.66772 0.199506 -0.976915 -0.0763773
-18.229 104.875 8.33926 0.198698 -0.977415 -0.0718198
-17.5431 104.947 8.97781 0.172869 -0.981695 -0.0799489
-16.7251 105.04 9.54773 0.146869 -0.98395 -0.101354
-15.7247 105.135 10.0816 0.136126 -0.985283 -0.102779
-14.5915 105.226 10.5281 0.121533 -0.986257 -0.111925
-13.0991 105.314 10.9518 0.0853944 -0.990043 -0.111907
-11.9813 105.376 11.1315 0.0524141 -0.992041 -0.113189
-10.9724 105.412 11.1457 0.0385018 -0.991969 -0.120473
-9.85348 105.452 11.0574 0.023885 -0.990694 -0.133999
-8.54384 105.456 11.0037 -0.00365899 -0.991649 -0.128877
-7.59026 105.443 10.9393 -0.0244566 -0.98749 -0.155773
-6.54007 105.407 10.8813 -0.0509843 -0.985975 -0.158637
-5.42424 105.346 10.851 -0.0575378 -0.982471 -0.176915
-4.28808 105.289 10.8257 -0.0568919 -0.978434 -0.198231
-3.01075 105.142 11.104 -0.0662824 -0.975839 -0.208188
-1.74603 105.001 11.3391 -0.0595855 -0.971259 -0.229705
-0.35964 104.93 11.4103 -0.0281671 -0.969639 -0.242803
0.902551 104.897 11.427 0.00617612 -0.966085 -0.256175
2.10227 105.019 11.1318 0.0308398 -0.968513 -0.246963
3.39973 105.137 10.8962 0.0600664 -0.97174 -0.228282
4.33999 105.222 10.788 0.0803234 -0.973401 -0.214566
5.23548 105.318 10.6753 0.0791607 -0.977147 -0.196515
6.31256 105.449 10.5967 0.101308 -0.979534 -0.173771
7.71851 105.569 10.6787 0.0914507 -0.981623 -0.167327
8.96237 105.631 10.9025 0.0675652 -0.992626 -0.100639
9.89293 105.653 11.1395 0.0404456 -0.992973 -0.111213
11.0425 105.643 11.5664 0.014027 -0.997268 -0.0725288
12.1974 105.614 11.9522 -0.0139205 -0.996813 -0.0785552
13.3625 105.572 12.19 -0.0452264 -0.996205 -0.0721773
14.296 105.514 12.2228 -0.066057 -0.995792 -0.0635258
15.7032 105.416 12.0541 -0.0900795 -0.994789 -0.0477004
16.8443 105.309 11.7474 -0.115857 -0.992567 -0.037254
18.0139 105.166 11.4384 -0.15756 -0.986346 -0.047914
19.0353 105.016 11.1023 -0.179069 -0.982571 -0.0472078
19.8613 104.877 10.6014 -0.197978 -0.97904 -0.0478006
20.6036 104.76 10.0232 -0.198494 -0.97767 -0.0689573
21.2836 104.659 9.43168 -0.214303 -0.974115 -0.0719288
21.953 104.567 8.80992 -0.210726 -0.973357 -0.090392
22.9515 104.413 7.82731 -0.226191 -0.971584 -0.0697339
23.6601 104.274 7.28589 -0.237011 -0.967678 -0.0835345
24.6993 104.031 6.70938 -0.330404 -0.939681 -0.0884995
25.6261 103.742 6.31512 -0.243685 -0.908683 -0.270651
26.7458 103.124 5.84537 -0.547301 -0.831265 -0.0972671
27.4736 102.653 5.47313 -0.603431 -0.793694 -0.076944
28.1597 102.177 5.00519 -0.639161 -0.762393 -0.0884691
28.7232 101.733 4.44946 -0.671463 -0.73397 -0.10211
29.5723 101.152 3.50418 -0.667189 -0.721291 -0.184893
30.0597 100.86 2.80543 -0.662279 -0.715067 -0.219252
30.7097 100.602 1.91108 -0.67167 -0.691701 -0.262008
31.3139 100.45 0.961542 -0.656462 -0.686545 -0.312592
31.8852 100.42 -0.11082 -0.633848 -0.7117 -0.300399
32.4894 100.417 -1.10883 -0.619479 -0.688738 -0.376677
32.9467 100.605 -2.15011 -0.610802 -0.675971 -0.412194
33.3171 100.86 -3.09641 -0.607913 -0.678492 -0.412353
33.7138 101.128 -3.98315 -0.524822 -0.708351 -0.472018
33.9478 101.535 -4.8448 -0.52667 -0.704204 -0.476128
34.0386 102.235 -5.97076 -0.484123 -0.742017 -0.458856
33.9484 102.722 -6.7626 -0.440389 -0.785332 -0.435099
33.3845 103.549 -7.85943 -0.379457 -0.843424 -0.380327
32.4303 104.241 -8.70291 -0.282909 -0.910807 -0.300654
31.3937 104.79 -9.56493 -0.236864 -0.937536 -0.254797
30.3986 105.148 -10.1558 -0.159228 -0.962156 -0.22114
29.6596 105.382 -10.6414 -0.160239 -0.962037 -0.220925
28.9068 105.603 -11.2956 -0.127983 -0.976073 -0.175789
28.0725 105.876 -12.2877 -0.122324 -0.981127 -0.148943
27.5969 106.043 -13.0926 -0.10171 -0.986506 -0.127323
27.1933 106.212 -14.2622 -0.0865346 -0.990813 -0.103925
26.9214 106.338 -15.2247 -0.0900716 -0.991462 -0.0933723
26.7492 106.429 -16.1498 -0.0848858 -0.993001 -0.0821127
26.6882 106.498 -17.0612 -0.0851394 -0.994538 -0.0598042
26.6574 106.551 -18.1427 -0.0864241 -0.995569 -0.0367961
26.5873 106.585 -19.0408 -0.0857774 -0.996133 -0.0189943
26.3517 106.633 -20.2421 -0.0975697 -0.995031 -0.0102249
26.0056 106.661 -21.1635 -0.0946651 -0.995431 0.0107338
25.5403 106.689 -21.9962 -0.0927215 -0.99543 0.0228442
24.6897 106.724 -23.3989 -0.0892924 -0.995506 0.0315288
23.9335 106.761 -24.2853 -0.101321 -0.994161 0.0370978
23.1784 106.805 -25.1151 -0.0987203 -0.994236 0.0418172
22.5253 106.824 -25.9939 -0.0927116 -0.993991 0.0579577
21.9282 106.829 -26.8183 -0.0884815 -0.994495 0.0561364
21.2802 106.833 -27.7543 -0.0818423 -0.995091 0.0556164
20.6406 106.822 -28.7662 -0.0868598 -0.993913 0.0677677
19.9889 106.802 -29.7795 -0.0805442 -0.994103 0.0726003
19.3484 106.787 -30.7027 -0.079975 -0.994245 0.0712824
18.73 106.781 -31.4205 -0.074431 -0.994362 0.0755206
17.967 106.778 -32.19 -0.0730296 -0.994186 0.0791206
17.2776 106.774 -32.855 -0.0632479 -0.995115 0.0757764
16.4827 106.773 -33.4636 -0.0610806 -0.994662 0.0831619
15.5843 106.781 -33.9734 -0.0510483 -0.995176 0.0835619
14.7418 106.782 -34.4081 -0.0447697 -0.994916 0.090214
13.8333 106.779 -34.85 -0.0391789 -0.994887 0.0930842
12.9492 106.788 -35.1313 -0.0397413 -0.994938 0.0922941
12.0416 106.803 -35.3435 -0.0280232 -0.99506 0.0951986
11.0526 106.8 -35.6564 -0.0241372 -0.995272 0.0940585
10.0917 106.794 -35.942 -0.0193232 -0.994708 0.100686
8.68335 106.792 -36.1936 -0.0196211 -0.994161 0.106107
7.44771 106.789 -36.4069 -0.012847 -0.994016 0.108477
6.54814 106.784 -36.5778 -0.0186749 -0.993964 0.108104
5.63217 106.779 -36.7386 -0.0109903 -0.992299 0.12337
4.49861 106.774 -36.8731 -0.0126349 -0.993355 0.114236
3.39902 106.779 -36.953 -0.0120863 -0.992536 0.121352
2.48041 106.786 -36.9481 -0.00531562 -0.992749 0.120085
1.11632 106.794 -36.9533 -0.00845976 -0.992553 0.121493
0.161758 106.802 -36.9544 -0.00186221 -0.993127 0.116862
-1.24657 106.795 -36.9499 0.00527098 -0.993217 0.116159
-2.17009 106.797 -36.9218 0.00221337 -0.992804 0.119714
-3.15026 106.801 -36.8031 0.0198651 -0.993506 0.112034
-4.06061 106.802 -36.6346 0.0169629 -0.994552 0.102734
-5.3087 106.813 -36.365 0.0158835 -0.994331 0.105121
-6.44692 106.82 -36.0782 0.0220812 -0.994009 0.107045
-7.53458 106.831 -35.7067 0.027435 -0.994422 0.1018
-8.51797 106.839 -35.3492 0.0261117 -0.994978 0.096628
-9.38044 106.846 -35.0338 0.0308611 -0.995238 0.0924557
-10.341 106.851 -34.6496 0.0322702 -0.995214 0.0922291
-11.4606 106.867 -34.0866 0.0377021 -0.995196 0.0901247
-12.3251 106.879 -33.5363 0.0393466 -0.995569 0.0854059
-13.2648 106.886 -32.9815 0.0501389 -0.995335 0.082414
-14.1876 106.892 -32.3556 0.0500025 -0.995431 0.081331
-15.4018 106.909 -31.4103 0.051396 -0.995015 0.0854632
-16.1784 106.927 -30.7208 0.0539308 -0.995292 0.0803593
-17.1002 106.938 -29.9284 0.0523375 -0.995737 0.0759561
-17.8259 106.941 -29.3116 0.0543049 -0.996367 0.0656051
-18.5748 106.946 -28.5962 0.0562093 -0.996611 0.0600447
-19.4852 106.942 -27.7839 0.0577396 -0.9967 0.0569957
-20.1693 106.934 -26.9492 0.0752004 -0.996091 0.0463479
-20.5928 106.939 -26.1092 0.0830838 -0.995729 0.0393927
-20.9826 106.937 -25.2066 0.0906827 -0.995229 0.0359857
-21.4428 106.923 -24.1993 0.112039 -0.99349 0.0206238
-21.8159 106.897 -23.112 0.102898 -0.994672 0.00621643
-22.0896 106.875 -22.2214 0.115724 -0.99318 0.00511261
-22.3394 106.845 -21.3615 0.11595 -0.993248 -0.00368
-23.33 106.705 -21.4482 0.153871 -0.988075 -0.00559311
-22.9742 106.762 -22.5606 0.11336 -0.993525 -0.00759878
-22.6389 106.808 -23.8672 0.101584 -0.994683 0.00506977
-22.1504 106.835 -25.0037 0.0878956 -0.996046 0.0126858
-21.7397 106.851 -25.8774 0.0746668 -0.996905 0.024618
-21.0866 106.858 -27.272 0.0700489 -0.996823 0.0376798
-20.0119 106.873 -28.591 0.0564698 -0.997223 0.0477343
-19.0722 106.859 -29.4207 0.0463995 -0.995104 0.0850882
-17.8856 106.858 -30.4492 0.0565435 -0.995773 0.0720879
-16.8138 106.834 -31.4022 0.0497769 -0.994822 0.0885047
-15.7827 106.809 -32.3414 0.0542751 -0.995036 0.0834118
-14.7329 106.798 -33.1533 0.0539329 -0.995394 0.0791378
-13.9995 106.789 -33.7035 0.0495726 -0.995123 0.0852755
-13.0209 106.789 -34.2271 0.0417226 -0.995105 0.0895815
-11.5468 106.769 -35.1088 0.0364253 -0.995072 0.0921581
-10.6296 106.755 -35.5903 0.0314547 -0.995184 0.0928416
-9.60588 106.75 -35.96 0.0281383 -0.994756 0.0983127
-8.73102 106.746 -36.2317 0.0264394 -0.994819 0.0981631
-7.43986 106.728 -36.7431 0.0220844 -0.994909 0.0983285
-6.41277 106.716 -37.0587 0.0220105 -0.994141 0.105824
-5.27947 106.706 -37.3505 0.0145479 -0.993804 0.110188
-4.39342 106.69 -37.6128 0.0158808 -0.993929 0.108873
-3.44414 106.689 -37.7569 0.0156497 -0.993849 0.109632
-2.174 106.686 -37.855 0.00470646 -0.993509 0.113657
-1.06565 106.686 -37.854 0.00404126 -0.99213 0.125149
0.534455 106.686 -37.8653 -0.00598101 -0.991944 0.12647
1.84605 106.668 -37.9285 -0.00405069 -0.992489 0.122269
3.04302 106.671 -37.8457 -0.00906969 -0.991069 0.13304
4.44397 106.657 -37.8201 -0.0135696 -0.991947 0.125923
5.60563 106.637 -37.8778 -0.0109903 -0.992299 0.12337
6.99137 106.676 -37.4687 -0.0105483 -0.992574 0.121152
7.97662 106.661 -37.4451 -0.0169046 -0.993255 0.114699
8.92129 106.679 -37.1653 -0.00984211 -0.99397 0.108908
9.95511 106.691 -36.9307 -0.0154937 -0.994185 0.106566
10.9634 106.703 -36.6385 -0.0220317 -0.994321 0.104115
11.9202 106.705 -36.3874 -0.0299889 -0.994813 0.0972
12.7935 106.698 -36.1327 -0.0390916 -0.994576 0.0963892
13.7624 106.689 -35.8594 -0.039005 -0.995306 0.0885733
14.7428 106.682 -35.506 -0.0373162 -0.995484 0.0872561
15.8308 106.678 -34.9977 -0.0470445 -0.994692 0.091516
17.0601 106.671 -34.2391 -0.0640989 -0.994186 0.0865096
17.8254 106.664 -33.7106 -0.0735846 -0.993897 0.08218
18.5623 106.674 -32.9382 -0.0681339 -0.99445 0.0799557
19.2171 106.677 -32.3003 -0.0715374 -0.994511 0.0763585
20.1309 106.684 -31.2568 -0.0804302 -0.994222 0.0710865
20.8011 106.696 -30.3449 -0.0801344 -0.994198 0.0717607
21.334 106.718 -29.3772 -0.0900726 -0.993488 0.0697687
22.1776 106.738 -27.9723 -0.0929993 -0.993564 0.0645711
23.1857 106.716 -26.7291 -0.09807 -0.993453 0.0585984
23.8571 106.698 -25.8477 -0.102045 -0.993415 0.0520936
24.598 106.666 -24.9658 -0.104442 -0.993497 0.0453463
25.2328 106.636 -24.2366 -0.101484 -0.993478 0.0519895
25.8423 106.613 -23.4332 -0.105933 -0.993291 0.0462399
26.3534 106.598 -22.5551 -0.102872 -0.993992 0.0358622
26.9309 106.569 -21.4724 -0.0958529 -0.995143 0.0181442
27.3676 106.538 -20.0819 -0.0877153 -0.99603 -0.00512097
27.5247 106.507 -19.1763 -0.0839053 -0.996309 -0.0180343
27.6135 106.468 -18.1058 -0.073951 -0.996295 -0.0439146
27.6438 106.42 -17.1959 -0.0826549 -0.995218 -0.0520507
27.6959 106.356 -16.2092 -0.0783705 -0.993636 -0.0809021
28.008 106.203 -14.8588 -0.0884054 -0.991021 -0.100306
28.3542 106.068 -13.8925 -0.10171 -0.986506 -0.127322
28.8302 105.841 -12.6625 -0.116217 -0.981957 -0.148742
29.6489 105.605 -11.8546 -0.130941 -0.977006 -0.168133
30.5648 105.334 -11.1486 -0.166544 -0.964903 -0.203041
31.4413 105.089 -10.5973 -0.168639 -0.9484 -0.260061
32.3522 104.694 -10.0319 -0.212363 -0.928184 -0.305574
33.1027 104.3 -9.43994 -0.245373 -0.91688 -0.314839
33.8205 103.855 -8.89878 -0.368317 -0.833705 -0.411435
34.4566 103.245 -8.1708 -0.249535 -0.820941 -0.498265
34.8173 102.516 -7.22915 -0.397786 -0.800328 -0.448599
34.9162 101.934 -6.47017 -0.497596 -0.701803 -0.50958
34.8408 101.362 -5.58429 -0.514807 -0.685024 -0.514724
34.6666 100.812 -4.63284 -0.575371 -0.65911 -0.484274
34.3549 100.43 -3.78221 -0.584345 -0.641229 -0.497192
33.8831 100.129 -2.7972 -0.621842 -0.648388 -0.438349
33.4202 99.8236 -1.61723 -0.65149 -0.64153 -0.404439
32.8945 99.6693 -0.45461 -0.647054 -0.653556 -0.391876
32.4421 99.6492 0.336889 -0.66951 -0.668633 -0.323553
31.9302 99.7436 1.17344 -0.688539 -0.636988 -0.34525
31.3826 99.8277 2.15354 -0.658506 -0.680018 -0.322406
30.8031 100.078 2.97131 -0.702018 -0.666102 -0.251537
30.0742 100.5 3.97903 -0.713984 -0.660775 -0.231525
29.4899 100.944 4.74773 -0.709568 -0.687463 -0.154618
28.7292 101.594 5.58645 -0.703641 -0.70454 -0.0786932
28.1488 102.058 6.10703 -0.61202 -0.785088 -0.0952302
27.2097 102.848 6.6248 -0.590203 -0.799971 0.0541592
26.4866 103.306 6.94447 -0.502363 -0.863305 0.0412104
25.0438 103.917 7.57803 -0.26561 -0.963593 0.0306524
23.9304 104.139 8.24215 -0.251411 -0.964968 -0.0750256
23.2256 104.266 8.84064 -0.234522 -0.967348 -0.0961124
22.323 104.405 9.71585 -0.227016 -0.970568 -0.0801065
21.6027 104.515 10.3504 -0.223623 -0.972394 -0.0640765
20.6387 104.685 11.2286 -0.205451 -0.977203 -0.0535103
19.8862 104.82 11.7482 -0.190502 -0.9811 -0.0339416
18.7741 105.022 12.2289 -0.173708 -0.984224 -0.0269966
17.5486 105.204 12.5272 -0.129993 -0.990911 -0.0277394
16.4987 105.303 12.8307 -0.0914547 -0.99444 -0.052184
15.2087 105.405 13.0941 -0.0755372 -0.995746 -0.0510976
14.1805 105.469 13.1604 -0.0535338 -0.997076 -0.0528866
13.0372 105.514 13.0898 -0.0313444 -0.998173 -0.0516613
11.9766 105.551 12.8598 -0.0176844 -0.99766 -0.0660449
10.8208 105.562 12.5011 0.028952 -0.997053 -0.0691138
9.84202 105.56 12.1823 0.0509333 -0.996187 -0.0708371
8.76444 105.518 11.842 0.0882533 -0.991582 -0.0913974
7.73718 105.454 11.6777 0.102395 -0.988037 -0.113082
6.48221 105.311 11.5406 0.133593 -0.9826 -0.127647
5.21485 105.107 11.6464 0.130551 -0.96851 -0.212003
3.77469 104.943 11.7848 0.0744939 -0.967937 -0.239173
2.78848 104.854 11.9115 0.0565199 -0.968101 -0.244104
1.87032 104.74 12.1515 0.0467712 -0.966658 -0.251486
1.00621 104.623 12.463 0.00617566 -0.966083 -0.256183
-0.481087 104.683 12.3412 -0.0362942 -0.961283 -0.271999
-1.53796 104.75 12.3436 -0.0793129 -0.963153 -0.255582
-2.78497 104.891 12.1676 -0.0895557 -0.971511 -0.218842
-4.07789 105.091 11.7491 -0.0838067 -0.979671 -0.182267
-5.03671 105.168 11.7519 -0.0774983 -0.979839 -0.184147
-6.01452 105.212 11.8628 -0.0583385 -0.984424 -0.165839
-7.5129 105.324 11.8276 -0.0621652 -0.990415 -0.121303
-8.45905 105.337 11.9379 -0.00186124 -0.991982 -0.126367
-9.59289 105.338 11.9794 -0.0006383 -0.993918 -0.109735
-10.7045 105.306 12.1598 0.0120603 -0.994189 -0.106974
-11.9583 105.269 12.108 0.0528005 -0.993232 -0.102605
-13.3584 105.199 11.8419 0.0765175 -0.992398 -0.0962959
-14.2926 105.149 11.5841 0.0911946 -0.991215 -0.0950008
-15.6473 105.047 11.1005 0.110042 -0.990252 -0.0853966
-16.5346 104.964 10.7214 0.13258 -0.987803 -0.0816544
-17.6857 104.831 10.1449 0.174328 -0.982161 -0.0704966
-18.6336 104.715 9.36776 0.19075 -0.978482 -0.0786575
-19.3629 104.626 8.62107 0.19789 -0.977914 -0.0672623
-19.9527 104.535 7.9394 0.228438 -0.971507 -0.0631723
-20.647 104.446 6.98979 0.250937 -0.965264 -0.0727804
-21.4774 104.274 6.29512 0.285917 -0.956559 -0.0569543
-22.2753 104.068 5.73776 0.293657 -0.954403 -0.0530458
-23.1763 103.801 5.26899 0.30725 -0.950761 -0.0406376
-23.9694 103.47 4.98352 0.398739 -0.9161 -0.0420436
-24.8734 103.076 4.65946 0.431085 -0.901801 -0.0303435
-25.9312 102.553 4.30483 0.503522 -0.863708 0.0140542
-26.714 102.105 4.26055 0.574983 -0.811651 0.0262757
-27.3657 101.524 4.01376 0.684792 -0.726319 0.0162118
-28.0973 100.711 3.64203 0.761209 -0.647523 -0.0356958
-28.8109 99.886 2.92455 0.777058 -0.628945 -0.0246636
-29.2795 99.4848 2.24396 0.763355 -0.634131 -0.117428
-29.661 99.1442 1.45378 0.774733 -0.610384 -0.164988
-30.1737 98.7864 0.384497 0.763245 -0.614309 -0.197781
-30.7998 98.486 -0.84496 0.742254 -0.626799 -0.237025
-31.2889 98.3819 -1.95545 0.699138 -0.645203 -0.308088
-31.6885 98.4297 -2.9624 0.708705 -0.635346 -0.306398
-32.1312 98.5251 -4.04506 0.686097 -0.637197 -0.351071
-32.4768 98.7881 -5.16206 0.666888 -0.630136 -0.397552
-32.8483 99.1118 -6.26435 0.644661 -0.63457 -0.425277
-33.2378 99.5792 -7.48619 0.59831 -0.666794 -0.444309
-33.3576 100.404 -8.76828 0.587936 -0.650886 -0.480285
-33.4095 100.95 -9.57675 0.575547 -0.651075 -0.494424
-33.3286 101.635 -10.4145 0.537876 -0.684616 -0.491925
-33.1561 102.287 -11.0819 0.468949 -0.713311 -0.520839
-32.6829 103.042 -11.7889 0.449836 -0.797254 -0.401279
-31.9135 103.771 -12.5122 0.385523 -0.851038 -0.355503
-30.75 104.547 -13.3138 0.32991 -0.892681 -0.306345
-30.0289 104.931 -13.7092 0.31242 -0.897648 -0.310799
-29.2443 105.306 -14.1205 0.237942 -0.92247 -0.304028
-28.4703 105.628 -14.5416 0.217086 -0.933808 -0.284387
-27.4848 105.985 -15.1406 0.144167 -0.965448 -0.213815
-26.6176 106.212 -15.7058 0.0833411 -0.977728 -0.187316
-25.6905 106.4 -16.4545 0.0917772 -0.984747 -0.14782
-24.9006 106.544 -17.3021 0.0771618 -0.994379 -0.0724992
-24.2088 106.651 -18.3653 0.0827895 -0.996456 -0.012716
-23.7273 106.71 -19.431 0.0903549 -0.994936 0.0232254
-23.4923 106.686 -20.5983 0.149927 -0.988089 0.0346659
-23.4836 106.678 -20.8518 0.151899 -0.988082 0.0145363
-23.4273 106.688 -21.0317 0.153871 -0.988075 -0.00559336
