-6.33362 109.138 8.41977 -0.0282479 -0.976366 -0.21422
-7.54982 109.262 8.05513 -0.0406717 -0.978522 -0.202089
-8.70631 109.347 7.67196 -0.014003 -0.983613 -0.179368
-9.67404 109.384 7.38897 0.0236584 -0.988644 -0.148402
-11.0558 109.378 7.08631 0.0533271 -0.987978 -0.145082
-12.4383 109.323 6.77053 0.0869317 -0.986117 -0.141478
-13.6737 109.241 6.3989 0.120398 -0.984836 -0.124907
-14.8751 109.142 6.01774 0.127251 -0.986604 -0.102077
-15.9653 109.025 5.56662 0.162399 -0.982384 -0.0924602
-16.8062 108.917 5.1307 0.182834 -0.979508 -0.084472
-17.7464 108.791 4.57689 0.207578 -0.973797 -0.0886821
-18.9405 108.559 3.82838 0.248054 -0.965788 -0.0756509
-19.8268 108.352 3.36198 0.273847 -0.959704 -0.0630506
-20.9337 108.058 2.89531 0.289583 -0.955025 -0.0637904
-22.038 107.716 2.53972 0.327041 -0.943944 -0.0448763
-22.9251 107.394 2.23392 0.388577 -0.917938 -0.0799175
-24.1419 106.899 1.81111 0.419359 -0.90465 -0.0746992
-25.0197 106.5 1.58243 0.434141 -0.897347 -0.0793107
-26.2088 105.901 1.45534 0.482502 -0.869521 -0.10546
-27.0616 105.419 1.4447 0.517295 -0.847142 -0.121475
-27.8492 104.925 1.47229 0.55195 -0.82727 -0.103225
-28.8856 104.202 1.57005 0.580055 -0.809794 -0.0844058
-29.6008 103.656 1.6597 0.593708 -0.798556 -0.0990912
-30.3646 103.035 1.73197 0.636194 -0.760801 -0.128214
-31.3441 102.231 1.64908 0.637771 -0.758799 -0.132094
-32.0348 101.762 1.11662 0.646081 -0.73643 -0.200624
-32.4591 101.622 0.266066 0.633111 -0.744938 -0.209565
-32.8402 101.662 -0.755885 0.611813 -0.741381 -0.275752
-33.2069 101.72 -1.72475 0.562824 -0.760832 -0.322076
-33.7586 101.931 -3.09264 0.544653 -0.76715 -0.338871
-33.9519 102.28 -3.9805 0.456885 -0.789301 -0.410196
-34.0398 102.684 -4.85838 0.438148 -0.79147 -0.425369
-33.9738 103.246 -5.80275 0.419164 -0.792898 -0.442283
-33.7086 103.817 -6.57424 0.412567 -0.790668 -0.452201
-33.0655 104.672 -7.60216 0.400136 -0.812857 -0.423266
-32.261 105.483 -8.53216 0.366742 -0.849679 -0.378104
-31.561 106.033 -9.1518 0.356679 -0.862855 -0.358119
-30.5876 106.681 -9.89019 0.326506 -0.896415 -0.299723
-29.8045 107.117 -10.3551 0.318036 -0.905252 -0.28173
-28.7164 107.634 -10.8362 0.297688 -0.912296 -0.281245
-27.4584 108.141 -11.3462 0.258351 -0.939853 -0.223454
-26.2681 108.593 -11.9216 0.229096 -0.949554 -0.213606
-25.3786 108.906 -12.4509 0.192194 -0.963692 -0.18536
-24.5861 109.17 -12.9871 0.194693 -0.965677 -0.171352
-23.3829 109.532 -13.9598 0.144768 -0.979237 -0.141553
-22.3689 109.822 -15.1668 0.121747 -0.985443 -0.118657
-21.8095 109.99 -16.1085 0.11343 -0.989184 -0.0929969
-21.3928 110.125 -17.036 0.103619 -0.991123 -0.0821072
-20.9935 110.24 -18.1782 0.0842295 -0.995139 -0.0495234
-20.7237 110.302 -19.0779 0.0740367 -0.995813 -0.0536152
-20.4987 110.372 -20.1512 0.0503333 -0.998126 -0.034647
-20.2362 110.429 -21.5031 0.0460169 -0.998504 -0.029099
-19.9274 110.463 -22.5019 0.041985 -0.998902 -0.0207851
-19.1762 110.509 -23.8995 0.0269228 -0.999599 -0.00872853
-18.5595 110.53 -24.9011 0.0210709 -0.999775 0.00240266
-18.0244 110.539 -25.6421 0.020363 -0.99979 0.00242887
-17.2124 110.541 -26.4973 0.0129451 -0.999802 0.0149822
-16.3769 110.537 -27.2503 0.00788881 -0.999789 0.0189632
-15.5897 110.529 -27.9844 0.00888604 -0.999756 0.0201968
-14.9057 110.523 -28.6226 0.008634 -0.999778 0.0191751
-14.1523 110.516 -29.3292 0.0078869 -0.999803 0.0182075
-12.915 110.503 -30.3462 0.00134333 -0.99983 0.0183946
-11.9228 110.491 -31.0454 0.000778092 -0.999819 0.0189938
-11.1101 110.481 -31.5487 -0.00331924 -0.999798 0.0197253
-9.89708 110.463 -32.1299 -0.00364564 -0.999756 0.0217455
-8.62047 110.447 -32.6822 -0.00195851 -0.999635 0.0269433
-7.72469 110.434 -33.0118 -0.00635103 -0.999669 0.0249271
-6.83779 110.422 -33.3349 -0.00421104 -0.999694 0.0243808
-5.76259 110.408 -33.6862 -0.00319541 -0.99965 0.026226
-4.78628 110.397 -33.9428 -0.00378488 -0.999677 0.0251374
-3.33456 110.387 -34.1851 -0.00309256 -0.999683 0.0249875
-2.1619 110.381 -34.2657 -0.00320324 -0.999678 0.0251622
-0.89553 110.376 -34.2943 -0.00283187 -0.999699 0.0243668
0.262361 110.373 -34.3126 -0.00275607 -0.999753 0.0220187
1.5705 110.367 -34.3469 -0.00453452 -0.999761 0.0213624
2.79026 110.361 -34.3608 -0.00309651 -0.999757 0.0218089
4.08552 110.36 -34.3083 -0.000972448 -0.999767 0.0215436
5.12199 110.362 -34.1675 -8.63242e-05 -0.999768 0.0215424
6.68317 110.366 -33.97 -0.000464481 -0.999689 0.0248299
7.93501 110.374 -33.6751 -0.00243414 -0.99969 0.0245849
8.85916 110.377 -33.385 -0.0028899 -0.999749 0.022174
9.80505 110.381 -33.0833 -0.00298763 -0.999825 0.018449
10.9639 110.384 -32.7542 -0.0030498 -0.999825 0.0184573
12.0024 110.385 -32.4407 -0.00535896 -0.999849 0.0165419
13.0761 110.385 -32.0229 -0.00973013 -0.99987 0.0124641
14.3047 110.376 -31.3914 -0.0154705 -0.999787 0.013637
15.4339 110.369 -30.6806 -0.0151393 -0.999767 0.0153571
16.268 110.362 -29.983 -0.0198178 -0.999734 0.0117981
17.0427 110.349 -29.2352 -0.0287246 -0.999494 0.0128127
17.962 110.338 -28.2411 -0.0325884 -0.999351 0.0153341
18.7825 110.325 -27.2524 -0.0365544 -0.999245 0.0131821
19.4198 110.313 -26.4556 -0.0318399 -0.99934 0.0175055
20.1313 110.305 -25.4823 -0.029836 -0.99949 0.0111752
20.7227 110.299 -24.6223 -0.0274492 -0.999548 -0.000208061
21.4141 110.274 -23.6301 -0.0205094 -0.999751 -0.00877398
22.2165 110.24 -22.6571 -0.0204517 -0.999585 -0.0202921
22.9095 110.205 -21.8355 -0.0293436 -0.999027 -0.0290174
23.5487 110.145 -20.9157 -0.0327886 -0.998338 -0.0471438
24.0003 110.064 -19.8298 -0.0381471 -0.997174 -0.0647193
24.2564 109.981 -18.8521 -0.0412924 -0.994341 -0.0978662
24.4494 109.877 -17.8708 -0.0425858 -0.993744 -0.10306
24.5855 109.717 -16.6633 -0.0698831 -0.989039 -0.130071
24.6624 109.586 -15.7444 -0.0807148 -0.986609 -0.141728
24.7527 109.446 -14.8126 -0.0878268 -0.985293 -0.146299
24.9177 109.28 -13.8718 -0.109549 -0.9829 -0.148008
25.2156 109.088 -12.846 -0.11559 -0.980299 -0.160163
25.709 108.838 -11.6676 -0.13721 -0.977199 -0.162034
26.3452 108.569 -10.6126 -0.150181 -0.976878 -0.151561
27.2485 108.267 -9.60399 -0.174745 -0.97285 -0.151747
27.9514 108.053 -9.03204 -0.16882 -0.971292 -0.167561
28.8536 107.788 -8.42046 -0.168708 -0.970649 -0.171403
29.6133 107.561 -7.94082 -0.184222 -0.964472 -0.189355
30.41 107.323 -7.50717 -0.189804 -0.961014 -0.200871
31.2128 107.054 -7.0561 -0.208169 -0.957126 -0.201435
32.4052 106.601 -6.40272 -0.223015 -0.944553 -0.240036
33.4348 106.18 -5.94691 -0.242738 -0.917028 -0.316447
34.4547 105.652 -5.25074 -0.245604 -0.893207 -0.376642
34.9783 105.212 -4.5419 -0.290192 -0.883517 -0.3658
35.4885 104.636 -3.6383 -0.279336 -0.874007 -0.397598
35.7215 104.043 -2.6933 -0.337266 -0.831608 -0.440761
35.6188 103.577 -1.77936 -0.36936 -0.823876 -0.428221
35.3524 103.2 -0.821284 -0.419247 -0.791571 -0.444575
34.8059 102.975 0.22646 -0.447026 -0.806194 -0.387549
34.2269 102.875 1.24422 -0.481159 -0.805031 -0.347003
33.7803 102.848 2.03746 -0.504691 -0.807501 -0.305326
33.307 102.899 2.80532 -0.533847 -0.806578 -0.253851
32.7728 103.003 3.63783 -0.601834 -0.77056 -0.207027
32.0976 103.244 4.64339 -0.568987 -0.796707 -0.203434
31.0592 103.883 5.08162 -0.585788 -0.798052 -0.14069
30.2834 104.431 4.98022 -0.540708 -0.833182 -0.115942
29.5268 104.948 4.82971 -0.514729 -0.846648 -0.130478
28.3489 105.639 4.6492 -0.489658 -0.863809 -0.11861
27.3534 106.146 4.61869 -0.448153 -0.889644 -0.0877034
26.4819 106.545 4.69528 -0.381978 -0.920719 -0.079805
25.6488 106.873 4.82829 -0.358009 -0.929696 -0.0856981
24.7788 107.179 5.02497 -0.348305 -0.933893 -0.0807799
23.7203 107.52 5.37441 -0.306565 -0.94976 -0.0630365
22.8013 107.781 5.72988 -0.269501 -0.96083 -0.0646117
21.9031 108.007 6.11401 -0.270791 -0.960049 -0.0704849
21.0775 108.211 6.47791 -0.262212 -0.963247 -0.0583084
20.1888 108.406 6.82491 -0.224465 -0.972036 -0.0690045
19.0698 108.647 7.13399 -0.210854 -0.976202 -0.0506092
18.162 108.825 7.33827 -0.170028 -0.98344 -0.062742
17.2179 108.978 7.50293 -0.166252 -0.983284 -0.0733849
15.8426 109.151 7.75476 -0.138141 -0.986535 -0.0875586
14.8555 109.265 7.87399 -0.109927 -0.990897 -0.0746709
13.6478 109.342 7.95996 -0.0761894 -0.994014 -0.0774887
12.388 109.406 8.07518 -0.0436543 -0.992215 -0.115026
10.8813 109.389 8.16804 0.00904259 -0.992803 -0.119408
9.67474 109.315 8.41033 0.0348332 -0.986883 -0.157637
8.58781 109.213 8.74481 0.072554 -0.975436 -0.207921
7.51079 109.07 9.01286 0.0894836 -0.971531 -0.218682
6.47992 108.895 9.24646 0.0935385 -0.955483 -0.279827
5.36874 108.724 9.38379 0.11529 -0.953704 -0.27777
4.44746 108.593 9.53469 0.0815657 -0.944954 -0.31687
3.54066 108.447 9.72165 0.0690278 -0.921107 -0.383142
2.35359 108.257 10.0218 0.0351715 -0.924545 -0.379446
1.12841 108.172 10.1849 -0.015221 -0.921804 -0.386552
0.114018 108.19 10.1511 -0.0344625 -0.929035 -0.367164
-1.2348 108.335 10.0229 -0.0510085 -0.934551 -0.351411
-2.75501 108.61 9.59989 -0.0729749 -0.947799 -0.30967
-3.79684 108.803 9.20692 -0.0679759 -0.956172 -0.284801
-4.93012 108.981 8.80116 -0.047965 -0.96933 -0.24101
-6.23676 109.129 8.44711 -0.0385556 -0.972819 -0.227893
-6.37997 108.927 9.38627 -0.0734276 -0.973863 -0.21494
-5.10382 108.762 9.7109 -0.0874554 -0.963972 -0.251036
-4.16564 108.586 10.0209 -0.0816482 -0.959524 -0.26861
-3.04814 108.352 10.4376 -0.0905161 -0.942303 -0.322292
-2.07412 108.13 10.7754 -0.123113 -0.917561 -0.378054
-1.18253 107.958 10.9363 -0.0594522 -0.92325 -0.379571
0.0959336 107.816 11.0522 -0.0517091 -0.913858 -0.40203
1.05752 107.772 11.0858 -0.0269665 -0.913785 -0.405294
2.19275 107.841 10.9757 0.0490143 -0.915734 -0.398783
3.10748 107.987 10.7494 0.0520998 -0.922826 -0.381294
4.36991 108.256 10.4662 0.123742 -0.930786 -0.343984
5.44521 108.439 10.2952 0.128973 -0.94244 -0.3085
6.40071 108.62 10.1832 0.162693 -0.949991 -0.266546
7.30332 108.81 10.0137 0.125117 -0.96534 -0.227771
8.32558 108.973 9.77707 0.0894696 -0.971532 -0.218685
9.46375 109.14 9.41946 0.0801114 -0.98183 -0.171676
10.7041 109.246 9.14188 0.0438369 -0.988856 -0.142278
11.9654 109.296 9.0286 -0.00988952 -0.992303 -0.122013
13.0439 109.274 8.96384 -0.0436544 -0.992215 -0.115026
14.0149 109.213 8.86698 -0.0777374 -0.990957 -0.109367
15.2942 109.112 8.76571 -0.0915835 -0.992553 -0.0803183
16.5177 108.981 8.60925 -0.139837 -0.986702 -0.0827088
17.7036 108.822 8.38398 -0.162494 -0.983125 -0.0840328
19.1244 108.582 8.13608 -0.211735 -0.975643 -0.0571241
20.2685 108.336 7.84926 -0.239009 -0.969484 -0.0535927
21.4928 108.038 7.32513 -0.277897 -0.959271 -0.0507148
22.565 107.769 6.83352 -0.274684 -0.958509 -0.0757441
23.5873 107.49 6.40992 -0.301912 -0.950844 -0.068878
24.5734 107.171 6.05008 -0.347187 -0.935997 -0.0580632
25.5214 106.83 5.79766 -0.368068 -0.926332 -0.079535
26.5517 106.436 5.62376 -0.375325 -0.92296 -0.0848648
27.3592 106.045 5.5456 -0.445834 -0.889553 -0.0996411
28.3352 105.527 5.58371 -0.486499 -0.867426 -0.10428
29.1391 105.057 5.72565 -0.488925 -0.866432 -0.101228
29.8898 104.56 5.88615 -0.541052 -0.833019 -0.115506
30.8495 103.877 6.0565 -0.594836 -0.794211 -0.123697
31.5779 103.324 6.03149 -0.624434 -0.764706 -0.154675
32.3051 102.842 5.65636 -0.62111 -0.761706 -0.183723
32.8431 102.56 4.9639 -0.626371 -0.748765 -0.216821
33.594 102.336 3.78369 -0.574739 -0.77694 -0.25698
34.3233 102.248 2.62904 -0.542171 -0.78252 -0.306126
34.7899 102.287 1.82134 -0.520954 -0.78061 -0.345298
35.3456 102.39 0.835555 -0.472587 -0.80933 -0.34878
35.9136 102.556 -0.170393 -0.433885 -0.807659 -0.399012
36.4494 102.982 -1.42231 -0.392113 -0.800556 -0.453164
36.6396 103.509 -2.4065 -0.331879 -0.826194 -0.455257
36.6207 104.045 -3.30298 -0.294396 -0.825449 -0.481103
36.2561 104.739 -4.37475 -0.275568 -0.864306 -0.420598
35.8534 105.205 -5.10041 -0.244725 -0.893473 -0.376583
35.2452 105.707 -5.8966 -0.245167 -0.893337 -0.376618
34.1989 106.226 -6.65237 -0.212596 -0.919174 -0.330946
33.3688 106.542 -7.0374 -0.229787 -0.93838 -0.258151
32.3732 106.901 -7.4936 -0.206261 -0.945053 -0.253637
31.5606 107.172 -7.90828 -0.198625 -0.953656 -0.225997
30.6052 107.476 -8.4494 -0.171574 -0.966105 -0.192882
29.7257 107.735 -8.99157 -0.171203 -0.969864 -0.173357
28.8677 107.977 -9.52752 -0.166146 -0.972155 -0.165229
28.054 108.218 -10.1419 -0.162983 -0.973152 -0.162493
27.1868 108.516 -11.0531 -0.160393 -0.973648 -0.162122
26.5738 108.774 -12.0217 -0.132942 -0.97503 -0.177882
26.1353 109.009 -13.0476 -0.125158 -0.979102 -0.160295
25.8507 109.223 -14.109 -0.0969687 -0.98131 -0.166215
25.6821 109.389 -15.0215 -0.0947038 -0.98385 -0.151889
25.5736 109.55 -15.9882 -0.069681 -0.987087 -0.144235
25.4775 109.722 -17.1225 -0.0531308 -0.989177 -0.136769
25.3378 109.896 -18.4378 -0.0484645 -0.992944 -0.107492
24.9998 110.028 -19.8752 -0.0399139 -0.997034 -0.0658025
24.5284 110.121 -21.1545 -0.0368566 -0.998082 -0.0497338
23.908 110.178 -22.0888 -0.029522 -0.999469 -0.0137744
23.1678 110.214 -22.9623 -0.0363505 -0.999246 -0.0125527
22.2476 110.248 -24.0773 -0.0356381 -0.999314 0.00901554
21.4925 110.269 -25.1717 -0.0401489 -0.999159 0.00832108
20.6843 110.273 -26.3395 -0.0297288 -0.999289 0.0231905
19.8594 110.279 -27.4421 -0.0402613 -0.998965 0.0204926
19.0674 110.297 -28.422 -0.0446841 -0.998853 0.017213
18.4811 110.307 -29.121 -0.0378109 -0.999084 0.0200486
17.5859 110.326 -30.042 -0.0298307 -0.999523 0.00797994
16.8853 110.341 -30.7185 -0.0238309 -0.99962 0.0130288
15.9742 110.347 -31.4821 -0.0195975 -0.999723 0.0130141
15.0939 110.355 -32.0395 -0.015423 -0.99979 0.0134789
14.1063 110.361 -32.5828 -0.0149132 -0.999717 0.0185444
13.0318 110.367 -33.1024 -0.013215 -0.999717 0.0198045
11.5981 110.368 -33.5502 -0.00470731 -0.999821 0.0182241
10.6164 110.366 -33.808 -0.00152749 -0.999799 0.0198784
9.69501 110.36 -34.0833 -0.00108053 -0.999764 0.0216862
8.75924 110.355 -34.3664 -0.0028899 -0.999749 0.022174
7.81233 110.348 -34.6819 6.77888e-05 -0.999726 0.0234204
6.4308 110.342 -34.9669 -0.00237674 -0.999691 0.0247269
5.33058 110.343 -35.0804 -0.0025678 -0.999756 0.021812
4.1204 110.34 -35.2506 -0.000568795 -0.999762 0.0218302
2.95379 110.342 -35.3153 -0.00146217 -0.999817 0.0190652
1.94376 110.345 -35.318 -0.00413751 -0.999813 0.0188902
0.918385 110.35 -35.2643 -0.00275607 -0.999753 0.0220187
-0.621658 110.353 -35.244 -0.00202248 -0.999728 0.0232128
-2.08794 110.357 -35.2241 -0.00218661 -0.999707 0.0240969
-3.07486 110.361 -35.1797 -0.00312909 -0.99969 0.024681
-4.14899 110.368 -35.0482 -0.00313452 -0.999685 0.0248979
-5.10121 110.375 -34.863 -0.00184527 -0.999667 0.0257087
-5.98503 110.383 -34.6233 -0.00194038 -0.999625 0.0273001
-6.93406 110.395 -34.3107 -0.00549897 -0.999596 0.0278719
-7.94619 110.412 -33.9252 -0.00471972 -0.999653 0.0257893
-9.19265 110.427 -33.4468 -0.0019705 -0.999635 0.0269366
-10.3165 110.445 -32.9947 -0.00637048 -0.999687 0.0241737
-11.1735 110.458 -32.5963 -0.00318862 -0.999731 0.0229509
-11.9646 110.47 -32.1429 0.00106986 -0.999799 0.0200178
-12.8149 110.48 -31.59 -0.000398231 -0.999808 0.0195048
-13.8058 110.493 -30.8634 0.000401667 -0.999838 0.0179905
-14.5524 110.495 -30.2705 0.0110924 -0.999869 0.0117869
-15.4059 110.501 -29.4578 0.00978632 -0.999733 0.0209422
-16.0602 110.508 -28.8271 0.00918392 -0.999707 0.0223647
-16.8114 110.516 -28.1302 0.00902718 -0.999734 0.0212117
-17.5224 110.525 -27.4628 0.00713029 -0.999721 0.0224972
-18.3249 110.526 -26.7158 0.0110836 -0.999924 0.0054176
-19.2717 110.513 -25.6093 0.0190886 -0.999815 -0.00232788
-19.8738 110.497 -24.625 0.0282488 -0.99956 -0.00899401
-20.351 110.475 -23.7801 0.0295808 -0.999519 -0.00926076
-20.8323 110.436 -22.8515 0.0424087 -0.998643 -0.0297522
-21.1249 110.398 -21.9378 0.046634 -0.99862 -0.0241666
-21.3423 110.344 -20.753 0.0716192 -0.996235 -0.0488553
-21.5816 110.265 -19.562 0.0718352 -0.995899 -0.055006
-21.8449 110.183 -18.5326 0.0716887 -0.995012 -0.069368
-22.3037 110.036 -17.2063 0.113559 -0.98928 -0.0918148
-22.9396 109.838 -15.97 0.124141 -0.986959 -0.102478
-23.8161 109.587 -14.8499 0.148716 -0.980533 -0.128214
-24.7131 109.324 -14.0476 0.180853 -0.970742 -0.157614
-25.5303 109.066 -13.4658 0.195109 -0.964783 -0.176423
-26.6842 108.671 -12.772 0.250215 -0.949405 -0.189798
-28.0152 108.174 -12.1322 0.259272 -0.939713 -0.222976
-28.9966 107.786 -11.7284 0.286218 -0.924745 -0.250472
-29.7728 107.464 -11.4056 0.30891 -0.904191 -0.294979
-30.8197 106.944 -10.8693 0.289392 -0.909247 -0.299203
-31.5201 106.522 -10.3769 0.314691 -0.891034 -0.327111
-32.3051 106.007 -9.81099 0.346208 -0.861543 -0.371326
-33.1515 105.307 -8.98739 0.36387 -0.844406 -0.39233
-33.6971 104.746 -8.35015 0.355566 -0.838901 -0.411669
-34.1443 104.236 -7.7499 0.362676 -0.816274 -0.449624
-34.6453 103.47 -6.80557 0.405981 -0.788438 -0.46211
-34.8802 102.903 -6.04185 0.375797 -0.787785 -0.487398
-34.8948 102.215 -4.87905 0.455555 -0.769734 -0.44719
-34.7823 101.795 -4.05702 0.456198 -0.764053 -0.456187
-34.5819 101.397 -3.08383 0.498667 -0.7753 -0.38761
-34.1231 101.112 -1.87461 0.563206 -0.735004 -0.377582
-33.6094 101.038 -0.775404 0.601075 -0.747925 -0.281634
-33.1639 100.979 0.480595 0.620136 -0.75345 -0.218503
-32.8205 101.011 1.32614 0.685907 -0.70009 -0.198137
-32.284 101.301 2.13783 0.646069 -0.744365 -0.168868
-31.5284 101.862 2.70229 0.674415 -0.724607 -0.141804
-30.7849 102.511 2.72701 0.647505 -0.752162 -0.121271
-30.0634 103.132 2.67106 0.638665 -0.759644 -0.122671
-29.1422 103.891 2.545 0.606188 -0.786367 -0.119011
-28.1299 104.626 2.43229 0.546637 -0.83167 -0.0975409
-27.0583 105.3 2.40591 0.508322 -0.856892 -0.0857055
-26.0002 105.901 2.41695 0.480958 -0.87181 -0.091929
-25.1149 106.373 2.50328 0.431637 -0.898453 -0.0803924
-23.9118 106.917 2.87955 0.410472 -0.908206 -0.0782661
-22.8189 107.343 3.28662 0.380766 -0.920697 -0.0852622
-21.7481 107.748 3.6274 0.345258 -0.933987 -0.0853263
-20.4026 108.142 4.06311 0.281824 -0.957363 -0.0629436
-19.4979 108.351 4.56278 0.260024 -0.962709 -0.0746044
-18.5776 108.541 5.15362 0.229901 -0.970243 -0.0759816
-17.6117 108.7 5.75158 0.195927 -0.974765 -0.106898
-16.5719 108.84 6.30996 0.185899 -0.976158 -0.112059
-15.3031 108.989 6.88205 0.156235 -0.980606 -0.118329
-14.4401 109.07 7.17742 0.106019 -0.987764 -0.114314
-13.4411 109.142 7.46458 0.0931206 -0.987764 -0.124345
-12.1849 109.198 7.83815 0.082874 -0.987704 -0.132561
-11.0759 109.238 8.04579 0.0431585 -0.990426 -0.131127
-9.85227 109.235 8.31007 0.0170256 -0.986809 -0.160993
-8.89337 109.188 8.59857 -0.0237388 -0.984646 -0.172941
-7.88247 109.097 8.93519 -0.0395145 -0.980625 -0.191869
-6.94517 109.006 9.20822 -0.0396278 -0.980631 -0.191815
-6.85167 108.996 9.23505 -0.0734338 -0.973863 -0.214939
-7.27612 108.836 10.0925 -0.0735111 -0.970665 -0.22892
-6.35391 108.702 10.3679 -0.0819568 -0.968965 -0.232996
-5.48728 108.567 10.5854 -0.0846947 -0.966247 -0.243122
-4.18921 108.298 10.9945 -0.114296 -0.947542 -0.298498
-3.2482 108.084 11.331 -0.129499 -0.93638 -0.32422
-2.07947 107.764 11.6974 -0.138328 -0.925992 -0.351288
-0.713362 107.512 11.895 -0.0725029 -0.909698 -0.408893
0.254565 107.415 11.9523 -0.0344508 -0.909698 -0.41363
1.33166 107.356 11.9726 -0.00757033 -0.908451 -0.416514
2.6233 107.477 11.8053 0.0902875 -0.910708 -0.399283
3.51254 107.707 11.5786 0.14031 -0.915609 -0.376794
4.42699 107.915 11.3689 0.123457 -0.92193 -0.367155
5.72219 108.214 11.1835 0.169489 -0.933354 -0.316423
6.59873 108.405 11.0712 0.162693 -0.949991 -0.266546
7.7715 108.66 10.8463 0.126975 -0.958525 -0.252747
8.65844 108.825 10.63 0.136568 -0.965943 -0.219779
9.89223 109.02 10.2651 0.0693754 -0.982346 -0.173735
11.1635 109.14 10.0183 0.0420971 -0.990335 -0.132154
12.2556 109.178 9.95252 -0.00776467 -0.991799 -0.125528
13.3643 109.15 9.87465 -0.052304 -0.991443 -0.119601
14.5308 109.086 9.76102 -0.0786561 -0.992256 -0.0960429
15.7648 108.991 9.68206 -0.0778123 -0.993143 -0.0865093
16.928 108.857 9.48923 -0.135159 -0.988721 -0.0645222
17.9551 108.712 9.31572 -0.155666 -0.985438 -0.0682575
19.3121 108.48 9.09394 -0.220009 -0.972946 -0.0694016
20.3399 108.252 8.84808 -0.244387 -0.967174 -0.0696411
21.2572 108.043 8.51292 -0.262201 -0.963275 -0.0553849
22.0859 107.815 8.08483 -0.303302 -0.950281 -0.0705345
22.9535 107.586 7.65193 -0.281466 -0.956158 -0.0808599
24.0466 107.274 7.21114 -0.32133 -0.943888 -0.0763033
25.2011 106.882 6.81817 -0.369509 -0.926767 -0.0675751
26.2148 106.495 6.59363 -0.404632 -0.909279 -0.0864467
27.0273 106.103 6.5029 -0.441791 -0.891099 -0.103747
28.2553 105.453 6.54818 -0.484075 -0.868418 -0.107342
29.0887 104.975 6.69285 -0.514301 -0.851402 -0.0949657
29.8312 104.47 6.85105 -0.540431 -0.834438 -0.107922
30.7482 103.808 7.01943 -0.586285 -0.800608 -0.123682
31.7721 103.005 6.98691 -0.642412 -0.755326 -0.129574
32.5166 102.434 6.57375 -0.660245 -0.724271 -0.198147
33.165 102.051 5.86854 -0.658177 -0.721953 -0.213513
33.9774 101.783 4.56908 -0.599749 -0.753835 -0.268393
34.5894 101.659 3.61768 -0.565289 -0.763103 -0.313141
35.2503 101.648 2.57131 -0.523293 -0.769246 -0.366639
35.8383 101.767 1.51449 -0.481252 -0.785362 -0.389193
36.4519 101.964 0.458494 -0.444238 -0.77913 -0.442277
37.0115 102.22 -0.558193 -0.390949 -0.802391 -0.450919
37.4194 102.72 -1.68202 -0.321963 -0.793249 -0.516814
37.5839 103.249 -2.58261 -0.297907 -0.803431 -0.514833
37.5028 103.977 -3.73824 -0.298074 -0.816001 -0.495183
37.253 104.471 -4.50465 -0.246939 -0.85812 -0.447777
36.7996 105.091 -5.42788 -0.207131 -0.871272 -0.443767
36.245 105.598 -6.25837 -0.237329 -0.889562 -0.390327
35.4549 106.089 -7.02003 -0.205988 -0.921777 -0.327843
34.3595 106.522 -7.62762 -0.188074 -0.93328 -0.305898
33.08 106.932 -8.17411 -0.174602 -0.955374 -0.237833
32.0909 107.242 -8.66825 -0.197245 -0.95492 -0.221862
31.263 107.49 -9.12693 -0.173267 -0.967216 -0.185664
30.359 107.755 -9.70523 -0.162304 -0.970998 -0.175556
29.4023 108.021 -10.2855 -0.161382 -0.969985 -0.181894
28.5445 108.28 -10.946 -0.148103 -0.973599 -0.173696
27.8819 108.523 -11.6853 -0.145408 -0.971056 -0.189491
27.3183 108.78 -12.6256 -0.134113 -0.973055 -0.187221
26.9877 108.984 -13.4539 -0.115983 -0.975668 -0.185925
26.7522 109.17 -14.3324 -0.0858221 -0.979338 -0.183114
26.5966 109.351 -15.2562 -0.0860892 -0.981279 -0.172282
26.4491 109.597 -16.7009 -0.0667237 -0.986178 -0.151659
26.3339 109.823 -18.2622 -0.0272031 -0.992166 -0.121928
26.1706 109.943 -19.2002 -0.0143523 -0.994801 -0.0963623
25.8106 110.053 -20.5418 -0.0219438 -0.996697 -0.0781932
25.4279 110.11 -21.5221 -0.023169 -0.998533 -0.0475963
24.7823 110.159 -22.5076 -0.0274806 -0.999533 -0.0133727
24.0933 110.187 -23.2946 -0.0274428 -0.999606 -0.0058477
23.4803 110.21 -24.0104 -0.0348423 -0.999347 0.000975256
22.6865 110.222 -25.0919 -0.0353084 -0.999235 0.0167713
22.008 110.232 -26.0865 -0.0438403 -0.99877 0.0224433
21.2814 110.233 -27.1351 -0.0409562 -0.998821 0.0260473
20.6814 110.238 -27.9521 -0.0387777 -0.998946 0.0243663
19.9206 110.251 -28.8935 -0.0446852 -0.998859 0.016839
19.2299 110.266 -29.7406 -0.0394599 -0.999116 0.0117349
18.3703 110.298 -30.615 -0.0354627 -0.999336 0.0056909
17.584 110.313 -31.3718 -0.0284165 -0.999525 0.0119474
16.6105 110.326 -32.225 -0.0199627 -0.999729 0.0119415
15.5135 110.336 -32.9056 -0.0145259 -0.999757 0.0165618
14.512 110.341 -33.4408 -0.012946 -0.999771 0.0170403
13.4529 110.345 -33.9714 -0.0118783 -0.999786 0.0169287
12.3492 110.348 -34.3206 -0.00702709 -0.999787 0.0194059
10.8905 110.346 -34.7017 -0.000150711 -0.999766 0.021638
9.88015 110.34 -35.0046 -0.000197157 -0.999724 0.0234253
8.95072 110.332 -35.2929 -0.000487846 -0.999689 0.0248985
7.89702 110.325 -35.6587 -0.000798162 -0.999711 0.0240241
6.37975 110.318 -35.9442 -0.00115317 -0.999709 0.0240745
5.13026 110.322 -36.0773 -0.00256873 -0.999756 0.0218022
3.80498 110.32 -36.198 -0.00538031 -0.999647 0.0260034
2.59111 110.324 -36.2723 -0.00342942 -0.999632 0.0269052
1.50524 110.326 -36.2563 0.000970865 -0.999667 0.0257798
0.228872 110.329 -36.2064 -0.00347798 -0.999648 0.0263132
-1.44043 110.333 -36.1772 -0.00185773 -0.999732 0.0230683
-2.73951 110.334 -36.1744 -0.00165725 -0.999543 0.030094
-3.6751 110.339 -36.108 -0.00301874 -0.999493 0.0316959
-4.84453 110.348 -35.9015 -0.000552788 -0.999616 0.0276961
-6.05224 110.356 -35.5935 -0.00124629 -0.999631 0.0271068
-7.04358 110.369 -35.2827 -0.00544717 -0.999617 0.0271315
-8.10329 110.387 -34.8786 -0.0064163 -0.9996 0.0275437
-8.97598 110.401 -34.5113 -0.00290144 -0.999706 0.0240627
-10.2663 110.419 -34.0116 -0.00625035 -0.99962 0.0268555
-11.2234 110.434 -33.6397 -0.0040648 -0.999717 0.0233227
-12.4188 110.452 -32.9914 -0.00229219 -0.999772 0.0212087
-13.5919 110.47 -32.2012 -0.000792522 -0.999836 0.0180443
-14.5047 110.477 -31.5509 0.0133081 -0.999681 0.021143
-15.4538 110.475 -30.7483 0.0165805 -0.999738 0.0157941
-16.2302 110.48 -29.9769 0.0113952 -0.999724 0.0204695
-16.9258 110.488 -29.3097 0.00932983 -0.99968 0.023511
-17.5992 110.496 -28.7001 0.0108337 -0.999643 0.0244313
-18.4141 110.505 -27.9473 0.0108579 -0.999651 0.024089
-19.4699 110.512 -26.9774 0.0123241 -0.999797 0.0135052
-20.1717 110.494 -25.9853 0.0256173 -0.999672 -0.000520903
-20.6813 110.476 -25.164 0.0320753 -0.999457 -0.00749068
-21.1515 110.455 -24.3295 0.0439718 -0.998898 -0.0107761
-21.6871 110.404 -23.265 0.0579364 -0.998065 -0.0225715
-22.0692 110.347 -22.0435 0.0668116 -0.997269 -0.0314863
-22.2702 110.286 -20.8847 0.068216 -0.996374 -0.0508477
-22.5133 110.208 -19.7522 0.0763126 -0.995758 -0.051411
-22.7333 110.141 -18.8442 0.0854048 -0.993215 -0.0773045
-23.0577 110.019 -17.799 0.0992315 -0.990771 -0.0920809
-23.56 109.852 -16.7378 0.111243 -0.987955 -0.107564
-24.1247 109.685 -15.9171 0.148425 -0.979632 -0.135243
-24.7746 109.49 -15.217 0.165246 -0.97639 -0.137747
-25.5191 109.264 -14.6125 0.168341 -0.973493 -0.15483
-26.2491 109.023 -14.1003 0.211451 -0.960964 -0.178428
-27.3297 108.662 -13.4861 0.208051 -0.955048 -0.211182
-28.2996 108.322 -13.0325 0.252635 -0.93753 -0.239171
-29.1003 108.022 -12.6922 0.249742 -0.937889 -0.240819
-30.5259 107.442 -12.0918 0.274186 -0.918433 -0.284085
-31.2931 107.064 -11.6871 0.303102 -0.904439 -0.299753
-32.1868 106.535 -11.0677 0.327256 -0.886187 -0.327861
-33.0978 105.955 -10.433 0.31629 -0.878737 -0.357253
-33.965 105.193 -9.49645 0.327908 -0.861101 -0.388452
-34.6235 104.557 -8.72211 0.342713 -0.836943 -0.42628
-35.0998 103.967 -8.0181 0.351201 -0.819803 -0.452306
-35.4624 103.423 -7.35187 0.361227 -0.805525 -0.469635
-35.7772 102.652 -6.36082 0.393524 -0.773358 -0.497048
-35.8049 102.115 -5.54812 0.393456 -0.773069 -0.49755
-35.6506 101.42 -4.31651 0.478116 -0.747894 -0.460499
-35.4021 100.903 -3.20823 0.478451 -0.753598 -0.45075
-34.9951 100.533 -2.00924 0.544959 -0.744348 -0.385961
-34.5663 100.405 -1.1548 0.594437 -0.728429 -0.337707
-34.2169 100.345 -0.315075 0.627558 -0.713381 -0.311863
-33.7551 100.264 0.859677 0.654489 -0.701155 -0.281399
-33.2271 100.407 2.05078 0.685904 -0.700095 -0.198131
-32.6456 100.738 3.00322 0.688314 -0.704493 -0.172953
-31.8029 101.445 3.67651 0.68712 -0.71632 -0.121456
-30.8079 102.35 3.69476 0.659288 -0.743249 -0.11367
-30.0035 103.045 3.61695 0.630346 -0.76905 -0.105955
-28.9945 103.87 3.47848 0.612054 -0.783208 -0.109432
-27.921 104.652 3.37613 0.546986 -0.83131 -0.0986453
-27.0913 105.182 3.38131 0.503657 -0.860602 -0.0743109
-25.8485 105.893 3.41587 0.478927 -0.87436 -0.0782373
-24.9938 106.34 3.54108 0.440075 -0.894357 -0.0803672
-24.118 106.744 3.81242 0.410472 -0.908207 -0.0782671
-23.3169 107.064 4.10811 0.394822 -0.916429 -0.0653776
-22.4873 107.383 4.40955 0.370331 -0.926164 -0.0712374
-21.5048 107.722 4.7033 0.319244 -0.944418 -0.0762214
-20.6245 108.006 4.9961 0.300102 -0.951067 -0.0682461
-19.6908 108.226 5.54786 0.254917 -0.964027 -0.075046
-18.8249 108.405 6.10784 0.253735 -0.963206 -0.0880765
-17.6173 108.584 6.81201 0.195993 -0.975753 -0.0974327
-16.7472 108.704 7.26586 0.180057 -0.979163 -0.0939068
-15.8718 108.802 7.66379 0.153229 -0.980692 -0.121442
-14.9942 108.893 8.00543 0.130392 -0.981911 -0.137287
-14.0302 108.981 8.28848 0.117839 -0.984661 -0.127665
-12.8913 109.029 8.6545 0.0804891 -0.987826 -0.13312
-11.92 109.08 8.86956 0.0665128 -0.986107 -0.150413
-10.7552 109.099 9.06198 0.0247474 -0.987378 -0.156131
-9.61014 109.066 9.34864 -0.0030415 -0.982804 -0.184011
-8.54721 108.97 9.72415 -0.0332484 -0.981395 -0.188971
-7.44963 108.861 10.0441 -0.0590007 -0.973646 -0.219564
-7.5984 108.656 10.9597 -0.0743038 -0.970682 -0.228595
-8.47859 108.758 10.7344 -0.050359 -0.977133 -0.206432
-9.54987 108.86 10.4038 -0.0129346 -0.984327 -0.175878
-10.5451 108.921 10.1065 0.00708392 -0.98455 -0.174931
-11.4508 108.941 9.88451 0.0518312 -0.988183 -0.144253
-12.5157 108.911 9.71225 0.0442178 -0.98944 -0.137662
-13.4834 108.86 9.50717 0.0882889 -0.985947 -0.14182
-14.606 108.794 9.13678 0.130488 -0.983281 -0.127006
-15.66 108.705 8.77925 0.134513 -0.984449 -0.111835
-16.9102 108.575 8.22317 0.148936 -0.982528 -0.111303
-17.9007 108.438 7.70749 0.195887 -0.975763 -0.0975426
-18.8841 108.281 7.14212 0.253301 -0.962006 -0.101894
-19.8172 108.098 6.52047 0.26261 -0.959994 -0.0970256
-20.6435 107.917 6.02838 0.271882 -0.958288 -0.0875381
-21.5496 107.643 5.68035 0.343499 -0.93625 -0.0737878
-22.6407 107.25 5.351 0.370993 -0.926064 -0.0690611
-23.7112 106.828 4.95991 0.408106 -0.909615 -0.0777824
-24.7285 106.378 4.59965 0.444282 -0.893022 -0.0715831
-25.7064 105.886 4.41192 0.47221 -0.879123 -0.0644965
-26.5812 105.408 4.32895 0.494683 -0.866456 -0.0673952
-27.412 104.896 4.29678 0.559987 -0.824318 -0.0831469
-28.2727 104.308 4.32611 0.553487 -0.827814 -0.0908958
-29.2118 103.588 4.44376 0.60196 -0.793577 -0.088767
-30.043 102.908 4.55536 0.645859 -0.75839 -0.0878173
-30.9364 102.11 4.67382 0.669935 -0.738175 -0.0792803
-31.5895 101.482 4.72927 0.702531 -0.706596 -0.0846915
-32.4985 100.631 4.41494 0.723274 -0.677624 -0.130976
-33.0537 100.155 3.77358 0.731128 -0.66642 -0.145973
-33.566 99.8396 2.90959 0.70647 -0.685888 -0.174522
-34.1433 99.581 1.77983 0.690983 -0.69303 -0.205535
-34.6149 99.6 0.606079 0.640498 -0.698344 -0.319497
-34.9359 99.6908 -0.264695 0.594435 -0.728433 -0.337699
-35.4791 99.809 -1.34519 0.558979 -0.737167 -0.379255
-35.9249 100.067 -2.40075 0.516358 -0.745859 -0.420796
-36.2017 100.391 -3.21954 0.506368 -0.724448 -0.467725
-36.4026 100.771 -4.04423 0.451672 -0.74908 -0.483371
-36.576 101.263 -4.91924 0.425227 -0.750265 -0.506245
-36.6902 101.782 -5.78497 0.398607 -0.748399 -0.528918
-36.6762 102.484 -6.7484 0.358613 -0.769464 -0.528216
-36.2641 103.393 -7.87311 0.350522 -0.796121 -0.493281
-35.7664 104.113 -8.78512 0.317133 -0.832614 -0.453941
-35.1128 104.807 -9.60536 0.342718 -0.83694 -0.426282
-34.527 105.332 -10.271 0.319597 -0.864914 -0.387016
-33.8687 105.907 -11.0183 0.327414 -0.873882 -0.359347
-33.1171 106.433 -11.6371 0.300399 -0.891216 -0.339359
-32.4244 106.822 -12.0854 0.287856 -0.901725 -0.322539
-31.4588 107.342 -12.6797 0.287442 -0.90409 -0.316152
-30.5487 107.735 -13.1313 0.258947 -0.927007 -0.271303
-29.7325 108.057 -13.4515 0.245878 -0.93304 -0.262083
-28.495 108.509 -13.9563 0.248951 -0.937437 -0.243382
-27.6894 108.773 -14.3437 0.206504 -0.955193 -0.212035
-26.9223 109.022 -14.7784 0.177912 -0.964648 -0.194424
-26.1975 109.253 -15.2637 0.156291 -0.970527 -0.181705
-25.4783 109.465 -15.8361 0.168401 -0.973615 -0.153996
-24.8565 109.657 -16.4966 0.14336 -0.980701 -0.132844
-24.1553 109.877 -17.5842 0.112452 -0.987889 -0.106914
-23.8112 109.993 -18.426 0.105295 -0.991099 -0.081465
-23.5127 110.118 -19.708 0.10496 -0.992469 -0.0631558
-23.217 110.217 -20.9659 0.0811028 -0.995416 -0.0506839
-23.0625 110.271 -21.8634 0.0783527 -0.996277 -0.0359712
-22.8789 110.317 -22.8299 0.0668482 -0.997356 -0.0283613
-22.395 110.379 -23.9894 0.0617709 -0.997659 -0.0288016
-21.9292 110.422 -24.9137 0.0469914 -0.998681 -0.0206722
-21.3071 110.459 -25.9659 0.0357101 -0.999359 -0.00247173
-20.4977 110.48 -27.2089 0.0287547 -0.999469 0.0153073
-19.8743 110.484 -27.8764 0.0200908 -0.999538 0.0228228
-19.1162 110.483 -28.5585 0.0124337 -0.999658 0.0229203
-18.3746 110.475 -29.237 0.0108424 -0.999643 0.0244135
-17.6916 110.466 -29.8725 0.0105763 -0.999718 0.020997
-17.0261 110.462 -30.5023 0.0100785 -0.999792 0.0177119
-16.3631 110.457 -31.1832 0.00966347 -0.999823 0.0160757
-15.7178 110.454 -31.8169 0.00931692 -0.999853 0.0144259
-14.9612 110.452 -32.4358 0.0133032 -0.999681 0.0211456
-14.0692 110.45 -33.0084 0.0104582 -0.999756 0.0194643
-13.1224 110.438 -33.692 -0.00161666 -0.999774 0.0212063
-12.3389 110.426 -34.2138 -0.00407256 -0.999717 0.0233183
-11.0557 110.406 -34.7135 -0.00638607 -0.999651 0.0255965
-10.1379 110.389 -35.0256 -0.00978081 -0.999501 0.0300238
-8.90595 110.367 -35.5345 -0.00622157 -0.999289 0.0371907
-7.84651 110.347 -36.0059 -0.00121629 -0.999371 0.0354538
-6.71344 110.334 -36.3936 0.00101913 -0.99958 0.0289764
-5.79991 110.325 -36.6829 -7.7917e-05 -0.999569 0.0293497
-4.47109 110.315 -36.9595 -0.00404866 -0.999512 0.0309764
-3.57619 110.307 -37.1223 -0.00183197 -0.999645 0.0265218
-2.04374 110.306 -37.1417 -0.000221702 -0.999593 0.0285141
-0.595083 110.306 -37.1384 0.000138048 -0.999606 0.0280699
0.68362 110.302 -37.1607 -0.0034848 -0.999572 0.029012
1.58469 110.3 -37.2022 -0.000307924 -0.99962 0.0275653
2.96671 110.298 -37.1827 -0.00376176 -0.999626 0.0271002
4.08419 110.295 -37.1032 -0.00172401 -0.999669 0.0253896
5.29067 110.296 -37.0034 -0.00300708 -0.999565 0.0293384
6.2169 110.296 -36.9024 0.00288922 -0.999734 0.0228955
7.32361 110.302 -36.7384 0.000773747 -0.99978 0.0209661
8.65419 110.308 -36.4187 -0.00235079 -0.999814 0.0191419
9.6256 110.316 -36.0762 0.0045122 -0.999792 0.0199052
10.7569 110.326 -35.7047 0.00102169 -0.999796 0.0201704
11.6529 110.33 -35.4533 -0.00593705 -0.999765 0.0208428
12.769 110.329 -35.1757 -0.00850483 -0.999771 0.0195559
13.7356 110.325 -34.8792 -0.00861549 -0.999809 0.0173382
14.6183 110.322 -34.4745 -0.0131981 -0.999767 0.0170873
15.5864 110.318 -33.9418 -0.0144002 -0.999756 0.0167261
16.8261 110.312 -33.2637 -0.0122593 -0.999783 0.0168312
17.5497 110.306 -32.6868 -0.0210411 -0.99976 0.00610261
18.5044 110.289 -31.8095 -0.0228325 -0.999737 0.00229547
19.2992 110.254 -31.093 -0.0471239 -0.998866 0.00122091
20.2771 110.213 -30.0041 -0.0526055 -0.998602 0.00514792
21.1249 110.19 -28.9475 -0.0523679 -0.99843 0.0198788
21.8933 110.188 -27.9037 -0.04293 -0.998667 0.0284716
22.5396 110.187 -26.9243 -0.0437246 -0.998665 0.0275074
23.1269 110.186 -26.0964 -0.0418323 -0.998691 0.0294419
23.6491 110.183 -25.3433 -0.0421761 -0.998961 0.0159565
24.1895 110.169 -24.6052 -0.0487135 -0.998688 0.0157955
24.784 110.152 -23.8967 -0.042138 -0.998965 0.0171379
25.6289 110.126 -22.9373 -0.0468178 -0.998893 0.00447532
26.2035 110.106 -22.0855 -0.0418941 -0.999109 -0.00505724
26.6587 110.073 -21.0322 -0.0174101 -0.997847 -0.0605266
26.9781 109.99 -19.9109 -0.00208854 -0.997578 -0.069527
27.2033 109.885 -18.956 -0.0266118 -0.992025 -0.123199
27.3128 109.735 -17.8401 -0.043059 -0.988582 -0.144398
27.3984 109.539 -16.5842 -0.0459021 -0.98426 -0.170108
27.5429 109.291 -15.3444 -0.0514526 -0.978053 -0.201904
27.7278 109.046 -14.1884 -0.111534 -0.971425 -0.209508
28.013 108.827 -13.313 -0.125655 -0.973452 -0.191216
28.5489 108.553 -12.3492 -0.148147 -0.969401 -0.195737
29.338 108.255 -11.4669 -0.160844 -0.967587 -0.194242
30.1668 108.013 -10.9103 -0.159037 -0.970172 -0.182956
30.9575 107.79 -10.4272 -0.161491 -0.969364 -0.185078
31.8717 107.523 -9.84053 -0.165979 -0.969762 -0.178919
33.0992 107.178 -9.21801 -0.163714 -0.959512 -0.229205
34.1396 106.876 -8.75554 -0.172574 -0.95215 -0.251856
35.263 106.523 -8.23749 -0.196614 -0.940361 -0.277604
36.1794 106.142 -7.64589 -0.166669 -0.928225 -0.332596
37.0963 105.67 -6.85126 -0.191432 -0.907031 -0.373821
37.5618 105.253 -6.15286 -0.206395 -0.886138 -0.414923
38.0872 104.611 -5.12424 -0.218188 -0.851964 -0.47583
38.3653 104.094 -4.34183 -0.237239 -0.8277 -0.507309
38.5256 103.313 -3.23855 -0.267602 -0.81348 -0.515497
38.4659 102.831 -2.47257 -0.306572 -0.787786 -0.534235
38.2868 102.333 -1.6277 -0.323101 -0.789633 -0.521583
37.938 101.838 -0.674024 -0.355662 -0.795006 -0.488874
37.5568 101.588 0.102392 -0.38538 -0.806562 -0.448264
37.0862 101.369 0.869529 -0.411984 -0.790167 -0.452371
36.5789 101.196 1.77508 -0.471622 -0.790088 -0.391579
35.8833 101.04 2.98273 -0.490246 -0.791528 -0.364886
35.2943 101.028 3.89513 -0.56965 -0.762565 -0.306543
34.7 101.121 4.81354 -0.600126 -0.74758 -0.284057
34.164 101.229 5.61962 -0.624717 -0.735611 -0.257259
33.519 101.488 6.66707 -0.671058 -0.707835 -0.21895
32.6972 102.036 7.50356 -0.680526 -0.712599 -0.168378
31.9188 102.714 7.95839 -0.670579 -0.726964 -0.141777
31.2243 103.315 8.03157 -0.66487 -0.738902 -0.109417
30.466 103.913 7.94389 -0.562389 -0.821793 -0.0915109
29.5129 104.568 7.78446 -0.546796 -0.832316 -0.0909081
28.5835 105.161 7.5688 -0.493239 -0.866825 -0.0671466
27.7104 105.681 7.43228 -0.485076 -0.872807 -0.0479965
26.4159 106.331 7.50702 -0.442039 -0.896401 -0.0326538
25.1669 106.831 7.76979 -0.352326 -0.93255 -0.0755498
24.0012 107.202 8.18377 -0.31695 -0.944211 -0.0892379
22.9691 107.496 8.65212 -0.296574 -0.950882 -0.0870231
22.1837 107.711 9.08279 -0.30406 -0.950349 -0.0662132
21.4002 107.925 9.47716 -0.263144 -0.961146 -0.0833885
20.5114 108.14 9.79806 -0.265098 -0.961833 -0.0653467
19.4997 108.365 10.0409 -0.230075 -0.971153 -0.0626641
18.1185 108.626 10.2482 -0.155364 -0.986102 -0.0588563
17.1218 108.771 10.406 -0.13135 -0.988839 -0.0700032
15.9627 108.906 10.5971 -0.100224 -0.991682 -0.0759371
15.0584 108.968 10.6591 -0.0739174 -0.994606 -0.072762
13.9126 109.024 10.7615 -0.0464424 -0.994869 -0.089881
12.7336 109.06 10.886 6.28341e-05 -0.993902 -0.107564
11.5306 109.036 10.9122 0.0261563 -0.990264 -0.135742
10.6033 108.957 11.0473 0.0663394 -0.986276 -0.15119
9.67071 108.836 11.2918 0.13067 -0.972589 -0.192341
8.43439 108.591 11.6382 0.173526 -0.962591 -0.205597
7.10854 108.278 11.8925 0.189375 -0.945449 -0.262181
6.04056 107.972 12.0674 0.195121 -0.933481 -0.299317
4.95419 107.711 12.2224 0.183968 -0.928669 -0.32207
3.71863 107.36 12.4636 0.160006 -0.905756 -0.391339
2.86921 107.135 12.674 0.137167 -0.902046 -0.409266
1.94748 107.014 12.8494 0.0400263 -0.931192 -0.362312
0.772455 106.972 12.8613 0.0218419 -0.933253 -0.358556
-0.345908 107.068 12.8159 -0.0759923 -0.90811 -0.411778
-1.38458 107.209 12.7298 -0.12068 -0.911291 -0.393681
-2.29985 107.422 12.5528 -0.164178 -0.899058 -0.405802
-3.16006 107.685 12.307 -0.147136 -0.90573 -0.397498
-4.07334 107.982 11.9557 -0.129503 -0.936379 -0.324224
-5.41759 108.301 11.5229 -0.141245 -0.950524 -0.276684
-6.56468 108.51 11.2313 -0.0967171 -0.962916 -0.251348
-7.33362 108.619 11.0335 -0.0742984 -0.970682 -0.228597
-7.40397 108.438 11.9228 -0.077333 -0.977609 -0.195704
-8.97594 108.611 11.5832 -0.056027 -0.978128 -0.200304
-10.0555 108.713 11.2638 -0.012929 -0.984328 -0.175875
-11.2234 108.783 10.9157 0.0075507 -0.988868 -0.148606
-12.3015 108.78 10.7576 0.0366062 -0.990697 -0.131067
-13.4566 108.733 10.5501 0.0929866 -0.988575 -0.11863
-14.479 108.691 10.1456 0.088448 -0.991128 -0.0980508
-15.4216 108.605 9.90994 0.114642 -0.989591 -0.0869843
-16.2914 108.532 9.51305 0.154073 -0.983627 -0.0921037
-17.4081 108.407 9.04832 0.154548 -0.982064 -0.108005
-18.2604 108.296 8.52892 0.190805 -0.978429 -0.0791846
-19.1117 108.138 8.03291 0.24292 -0.966492 -0.0829616
-20.3029 107.893 7.27754 0.261158 -0.961536 -0.085112
-21.0619 107.728 6.82058 0.292426 -0.952082 -0.0833569
-22.0501 107.395 6.50667 0.356264 -0.931021 -0.0777374
-22.8648 107.088 6.2511 0.375746 -0.923708 -0.0746953
-23.6807 106.755 5.9617 0.407871 -0.909641 -0.0787046
-24.5408 106.389 5.65737 0.453155 -0.890099 -0.0344774
-25.4008 105.976 5.53389 0.457713 -0.886788 -0.0604289
-26.3413 105.479 5.29425 0.488323 -0.871561 -0.043844
-27.2032 104.962 5.22744 0.546909 -0.834687 -0.0633673
-27.9704 104.448 5.21617 0.560404 -0.826131 -0.0587835
-28.7692 103.885 5.28889 0.618116 -0.785596 -0.0277615
-29.8425 103.015 5.44814 0.647382 -0.761068 -0.0362915
-30.6862 102.24 5.59399 0.690076 -0.720598 -0.0655842
-31.3756 101.581 5.75966 0.689017 -0.721477 -0.0679014
-32.358 100.573 5.64552 0.741355 -0.664711 -0.092196
-33.0456 99.9043 5.02825 0.751071 -0.651509 -0.104057
-33.5754 99.4696 4.26327 0.749163 -0.639744 -0.171705
-34.0269 99.1861 3.47171 0.724858 -0.658597 -0.202065
-34.4915 98.9849 2.60975 0.694677 -0.682261 -0.226746
-34.8987 98.86 1.7362 0.674916 -0.694511 -0.249286
-35.3246 98.9291 0.645787 0.642113 -0.69675 -0.319736
-35.6736 99.0524 -0.193458 0.603922 -0.699653 -0.381791
-36.3624 99.2596 -1.58573 0.564833 -0.706949 -0.42539
-36.8423 99.6589 -2.79959 0.529349 -0.708857 -0.466108
-37.0506 100.028 -3.60899 0.497327 -0.706238 -0.501286
-37.3037 100.455 -4.37899 0.459968 -0.715746 -0.524895
-37.4769 100.922 -5.20706 0.427583 -0.722787 -0.541216
-37.593 101.531 -6.07256 0.397333 -0.732614 -0.552632
-37.5856 102.158 -6.87937 0.313014 -0.766717 -0.560507
-37.3381 102.919 -7.83413 0.317926 -0.796138 -0.51478
-37.0102 103.494 -8.5342 0.30814 -0.815484 -0.489152
-36.5364 104.147 -9.38039 0.311381 -0.838321 -0.446928
-35.8649 104.805 -10.179 0.324413 -0.844177 -0.426757
-35.1029 105.471 -11.0448 0.313247 -0.86482 -0.392381
-34.5593 105.918 -11.6414 0.313742 -0.873531 -0.372169
-33.6329 106.568 -12.4559 0.28955 -0.896165 -0.336104
-32.9027 106.992 -12.9797 0.281509 -0.898255 -0.337471
-32.0135 107.466 -13.5564 0.287021 -0.906458 -0.309763
-31.0194 107.877 -13.9988 0.232645 -0.928507 -0.289398
-30.1312 108.186 -14.3008 0.218804 -0.940558 -0.259017
-29.2672 108.486 -14.6245 0.23439 -0.94021 -0.247115
-28.3338 108.798 -15.0299 0.196327 -0.951866 -0.235388
-27.2207 109.148 -15.6866 0.161634 -0.966726 -0.197488
-26.3505 109.423 -16.3529 0.134118 -0.976072 -0.171159
-25.4536 109.681 -17.268 0.111578 -0.983144 -0.144841
-24.9061 109.852 -18.1743 0.0796254 -0.991503 -0.102867
-24.5373 109.977 -19.0899 0.0707496 -0.99339 -0.0876901
-24.357 110.087 -20.4135 0.0906007 -0.993167 -0.0735592
-24.092 110.177 -21.5891 0.0777225 -0.995338 -0.0566754
-23.8427 110.256 -22.8099 0.0577493 -0.997122 -0.0491278
-23.5658 110.302 -23.6805 0.0570505 -0.997858 -0.0320134
-23.2249 110.348 -24.5835 0.0542814 -0.998276 -0.0223085
-22.7722 110.391 -25.368 0.0482482 -0.998641 -0.0179655
-22.1547 110.429 -26.3947 0.0340634 -0.9988 -0.0291828
-21.5752 110.458 -27.3971 0.0344341 -0.999374 -0.0081493
-20.9805 110.464 -28.0912 0.00817845 -0.999764 0.0177663
-19.8912 110.454 -29.1058 0.0213713 -0.999452 0.0252876
-19.0403 110.448 -29.8943 0.0150717 -0.999504 0.0276632
-17.9589 110.445 -30.9139 0.010799 -0.999782 0.0178909
-17.2626 110.442 -31.6162 0.00757384 -0.999889 0.0128549
-16.5165 110.439 -32.3403 0.0091041 -0.999833 0.0158358
-15.628 110.434 -33.2224 0.00940063 -0.999843 0.0150193
-14.725 110.432 -33.7543 0.00712637 -0.999846 0.016029
-13.8747 110.426 -34.3618 0.0040376 -0.99979 0.020067
-13.0337 110.415 -34.9573 -0.00262875 -0.999851 0.017046
-12.0598 110.402 -35.3594 -0.00973566 -0.999789 0.0181149
-11.0171 110.376 -35.671 -0.0125549 -0.999344 0.0335813
-9.91896 110.354 -36.0756 -0.00717944 -0.999424 0.0331477
-8.64303 110.322 -36.671 -0.00546611 -0.999207 0.0390233
-7.43376 110.307 -37.1652 0.00713967 -0.999356 0.0351709
-6.53787 110.304 -37.4563 -0.00129714 -0.999737 0.02275
-5.50118 110.296 -37.7924 0.000373126 -0.999701 0.0244449
-4.19005 110.287 -37.9937 -0.0084305 -0.999145 0.0381567
-2.91664 110.279 -38.1452 -0.00474845 -0.999691 0.024368
-1.93467 110.274 -38.2082 -0.000522341 -0.999559 0.029655
-0.8321 110.278 -38.0995 -0.000754113 -0.999491 0.0318076
0.17441 110.275 -38.1259 -0.0041299 -0.999538 0.0301042
1.52065 110.272 -38.1325 0.000359285 -0.999551 0.0299543
2.48349 110.273 -38.1388 -0.00120403 -0.999596 0.0282772
3.48546 110.271 -38.0794 -0.0018852 -0.999658 0.0259622
4.53808 110.261 -38.0093 -0.0139607 -0.999233 0.0337026
5.58172 110.26 -37.9389 0.0115799 -0.999034 0.0391408
6.78998 110.281 -37.7553 0.00377021 -0.999825 0.0183271
8.16224 110.288 -37.5774 0.00224732 -0.999864 0.0163402
9.2505 110.294 -37.2317 0.0043132 -0.999897 0.0135742
10.3497 110.305 -36.8208 0.00428869 -0.999887 0.0143802
11.6945 110.314 -36.3964 -0.00209276 -0.999894 0.0143792
13.3774 110.311 -35.9585 -0.00737259 -0.999863 0.014849
14.385 110.306 -35.7158 -0.0139367 -0.999793 0.0148036
15.3539 110.3 -35.1532 -0.016431 -0.999763 0.0141277
16.3308 110.294 -34.6584 -0.00880037 -0.999767 0.0185064
17.4099 110.297 -34.0115 -0.0064629 -0.99993 0.00988637
18.4766 110.293 -33.118 -0.0100893 -0.999907 -0.00922721
19.3115 110.261 -32.3707 -0.0292253 -0.999442 -0.0161988
20.1489 110.215 -31.6195 -0.0501645 -0.998736 -0.0032527
20.8121 110.173 -30.937 -0.0666146 -0.99766 0.0153749
21.4425 110.148 -30.1105 -0.0561742 -0.998147 0.0233841
22.0999 110.135 -29.2929 -0.0449933 -0.998559 0.0291285
22.6663 110.134 -28.511 -0.0454524 -0.998476 0.0313094
23.2214 110.139 -27.5585 -0.0495146 -0.998252 0.0320142
23.8335 110.134 -26.6941 -0.0520871 -0.998138 0.031739
24.4952 110.127 -25.7488 -0.0568121 -0.998066 0.0252342
25.1776 110.12 -24.8127 -0.0405426 -0.998937 0.0214788
25.8758 110.103 -24.0571 -0.0401753 -0.99904 0.0173312
26.6067 110.086 -23.2088 -0.0405876 -0.99912 0.0105425
27.1655 110.08 -22.331 -0.0139416 -0.999864 -0.00877168
27.647 110.078 -21.1101 0.00582205 -0.998628 -0.0325717
28.0127 109.971 -19.6951 0.00326507 -0.994538 -0.101656
28.2254 109.746 -18.0413 -0.00745541 -0.988844 -0.148754
28.3136 109.542 -16.7665 -0.0126012 -0.9831 -0.182284
28.4606 109.289 -15.5513 -0.0327494 -0.977319 -0.208847
28.6276 108.963 -14.3373 -0.0907178 -0.955923 -0.269084
28.9946 108.741 -13.5322 -0.133347 -0.965939 -0.221768
29.524 108.468 -12.6978 -0.167808 -0.960113 -0.221709
30.1783 108.232 -12.1071 -0.167048 -0.96817 -0.186105
31.4031 107.862 -11.2267 -0.169592 -0.96904 -0.179433
32.3519 107.589 -10.6401 -0.137299 -0.972572 -0.185417
33.1325 107.414 -10.2004 -0.161135 -0.957921 -0.237537
34.3841 107.07 -9.64537 -0.157711 -0.957009 -0.243351
35.4837 106.776 -9.1944 -0.151019 -0.949013 -0.275143
36.5682 106.38 -8.56047 -0.170149 -0.93843 -0.300662
37.2977 106.074 -8.00557 -0.146601 -0.918918 -0.365957
37.9269 105.722 -7.39576 -0.145043 -0.914298 -0.378182
38.4247 105.309 -6.66423 -0.175178 -0.887102 -0.42704
38.8603 104.833 -5.81969 -0.159227 -0.873595 -0.455757
39.1631 104.311 -5.05572 -0.158177 -0.851108 -0.500049
39.4359 103.66 -4.11933 -0.154063 -0.810399 -0.56526
39.4775 102.942 -3.1078 -0.23432 -0.789085 -0.567837
39.3067 102.332 -2.15113 -0.264096 -0.80134 -0.536756
38.9843 101.742 -1.16791 -0.295242 -0.783762 -0.545446
38.6244 101.288 -0.200128 -0.335084 -0.822165 -0.460178
38.124 100.978 0.655813 -0.406191 -0.77601 -0.482512
37.5458 100.723 1.57208 -0.437862 -0.789726 -0.427117
37.0292 100.542 2.5558 -0.47318 -0.780993 -0.407108
36.4786 100.409 3.47898 -0.501218 -0.768785 -0.397178
35.7657 100.415 4.52919 -0.573426 -0.759371 -0.307471
35.0619 100.501 5.56991 -0.619047 -0.722675 -0.307443
34.3974 100.683 6.65628 -0.662395 -0.708936 -0.242163
33.5061 101.159 7.81579 -0.691848 -0.684535 -0.229691
32.5574 101.946 8.60487 -0.724159 -0.67016 -0.156232
31.3802 103.049 9.00447 -0.686839 -0.71712 -0.112284
30.4332 103.819 8.93229 -0.566226 -0.817748 -0.103322
29.4641 104.5 8.78268 -0.555826 -0.827751 -0.0767114
28.4215 105.191 8.5393 -0.519521 -0.850917 -0.0777104
27.3666 105.811 8.41294 -0.475471 -0.879727 0.00278346
26.3937 106.279 8.44425 -0.38418 -0.922033 -0.0470414
25.566 106.618 8.62553 -0.359032 -0.930794 -0.0604753
24.1746 107.059 9.05131 -0.315424 -0.944205 -0.0947088
22.8929 107.428 9.70594 -0.319153 -0.94433 -0.0797846
21.6885 107.783 10.419 -0.29772 -0.952695 -0.0517364
20.8963 107.977 10.76 -0.239219 -0.968541 -0.0685741
19.8333 108.23 10.9815 -0.216641 -0.975488 -0.00822208
18.8731 108.428 11.1606 -0.220053 -0.972805 -0.072293
17.82 108.615 11.221 -0.156497 -0.985976 -0.0579488
16.5084 108.788 11.531 -0.101306 -0.992403 -0.0646441
15.1314 108.895 11.5774 -0.0832847 -0.994126 -0.0680034
14.195 108.933 11.6743 -0.0431794 -0.996473 -0.0719498
13.2401 108.94 11.8215 -0.0135311 -0.994652 -0.101004
11.8678 108.944 11.8329 0.0516943 -0.991558 -0.114551
10.7117 108.833 11.9885 0.0754631 -0.988673 -0.129737
9.46781 108.618 12.3229 0.140545 -0.976372 -0.16415
8.41393 108.371 12.5635 0.198736 -0.954784 -0.221113
7.28283 108.064 12.8006 0.225782 -0.943241 -0.243556
6.42756 107.818 12.959 0.22618 -0.943182 -0.243414
5.45648 107.487 13.0617 0.209739 -0.912601 -0.350955
4.53207 107.211 13.2283 0.200773 -0.90962 -0.363371
3.57921 106.932 13.4292 0.182794 -0.904418 -0.385506
2.71634 106.743 13.6154 0.0654225 -0.929757 -0.360869
1.74365 106.64 13.7626 0.0340147 -0.92508 -0.378194
0.538708 106.608 13.7623 0.0230141 -0.924544 -0.380379
-0.593544 106.69 13.6889 -0.0753178 -0.906888 -0.414585
-1.48456 106.801 13.5788 -0.0989559 -0.884425 -0.45607
-2.51847 107.053 13.3949 -0.179428 -0.874986 -0.449672
-3.427 107.413 13.1534 -0.225539 -0.924804 -0.306381
-4.85414 107.907 12.6441 -0.171377 -0.942553 -0.283238
-6.02324 108.168 12.3263 -0.140348 -0.960379 -0.240282
-6.72902 108.318 12.0942 -0.121839 -0.965434 -0.23027
-7.39048 108.436 11.9261 -0.0955169 -0.971959 -0.213307
