35.8487 107.958 -4.74305 -0.170067 -0.95082 -0.258771
35.0397 108.249 -5.29822 -0.160719 -0.95654 -0.242928
34.1261 108.521 -5.80434 -0.153438 -0.965009 -0.211144
33.1359 108.76 -6.29093 -0.151963 -0.97014 -0.188666
32.2598 108.968 -6.71045 -0.145642 -0.975559 -0.164542
30.9976 109.25 -7.27406 -0.153794 -0.979379 -0.13101
30.1804 109.434 -7.67899 -0.162585 -0.977786 -0.132288
29.1871 109.674 -8.24147 -0.165842 -0.978045 -0.126044
28.4088 109.882 -8.79786 -0.188974 -0.970697 -0.145846
27.4087 110.241 -9.62797 -0.202728 -0.966541 -0.156647
26.8087 110.496 -10.4295 -0.186134 -0.966679 -0.175414
26.3303 110.724 -11.176 -0.188733 -0.966199 -0.175613
25.8926 110.961 -11.9615 -0.156823 -0.955726 -0.248988
25.4945 111.281 -13.0087 -0.125689 -0.965879 -0.226449
25.2394 111.557 -14.0154 -0.125322 -0.96401 -0.234475
25.1215 111.801 -14.9998 -0.0777436 -0.972328 -0.218094
25.0523 112.039 -15.9708 -0.0516466 -0.970619 -0.235014
24.9843 112.316 -17.2243 -0.0429162 -0.976292 -0.212031
24.9074 112.494 -18.2009 0.00142858 -0.986361 -0.16459
24.7816 112.659 -19.1992 0.0363333 -0.989312 -0.141217
24.4142 112.811 -20.4757 0.0350113 -0.994147 -0.101638
23.866 112.88 -21.4549 0.039462 -0.99562 -0.0841351
23.0506 112.913 -22.4851 0.0305506 -0.997978 -0.0557306
22.3927 112.937 -23.3012 0.0308714 -0.998456 -0.0452102
21.8512 112.95 -24.0935 0.0272468 -0.998926 -0.0374686
21.2943 112.967 -24.9747 0.0232256 -0.999256 -0.0304938
20.7391 112.983 -25.7952 0.0204099 -0.999254 -0.0327794
20.1218 112.998 -26.641 0.0194048 -0.999327 -0.0311349
19.5326 113.009 -27.359 0.0197956 -0.999351 -0.0300529
18.5257 113.024 -28.3858 0.0146996 -0.999383 -0.0318737
17.6064 113.032 -29.1888 0.0171936 -0.999073 -0.0388397
16.6395 113.043 -29.9404 0.0193875 -0.999159 -0.03607
15.7164 113.049 -30.5257 0.0253314 -0.998575 -0.0469289
14.8813 113.053 -31.0452 0.018256 -0.99893 -0.0424969
13.8584 113.057 -31.6462 0.0209652 -0.999005 -0.0393511
13.0157 113.054 -32.0264 0.0201781 -0.99896 -0.0408929
11.8135 113.045 -32.4541 0.023288 -0.998768 -0.0437786
10.8123 113.037 -32.7558 0.0192032 -0.998835 -0.0441893
9.89249 113.032 -33.0295 0.021025 -0.999004 -0.0393478
8.87888 113.022 -33.302 0.0189465 -0.998816 -0.0446861
7.44037 113.012 -33.596 0.0147595 -0.999125 -0.038936
6.27469 113.004 -33.8244 0.0126674 -0.999218 -0.0374467
5.04712 112.995 -34.0037 0.0114012 -0.999178 -0.0388928
3.72465 112.988 -34.1867 0.00524761 -0.99938 -0.0334898
2.82842 112.992 -34.3055 0.000263285 -0.999662 -0.026013
1.68107 112.996 -34.353 -0.00922389 -0.999279 -0.036838
0.500275 113.003 -34.3081 -0.00599747 -0.999286 -0.0373092
-0.934466 113.01 -34.2631 -0.00536285 -0.999464 -0.0322939
-2.29005 113.018 -34.1903 -0.0103928 -0.999522 -0.0291051
-3.31512 113.029 -34.1195 -0.017043 -0.999505 -0.0264605
-4.38423 113.043 -34.0284 -0.00587929 -0.99937 -0.0349955
-5.38714 113.056 -33.8529 -0.0249632 -0.99936 -0.0256079
-6.43692 113.069 -33.5133 -0.0244947 -0.999222 -0.0307232
-7.73878 113.087 -33.0995 -0.0222362 -0.999358 -0.0280818
-8.89539 113.1 -32.7356 -0.0273901 -0.999061 -0.0326202
-9.7738 113.119 -32.4567 -0.0331499 -0.998906 -0.0329803
-10.9526 113.146 -32.0435 -0.035655 -0.998816 -0.0330831
-12.003 113.166 -31.4666 -0.0399567 -0.998645 -0.0331825
-12.7973 113.179 -30.8879 -0.0386407 -0.998509 -0.038387
-13.8303 113.184 -30.0157 -0.0344435 -0.999056 -0.026358
-14.5459 113.19 -29.2033 -0.0338231 -0.999052 -0.0272123
-15.4506 113.189 -28.2301 -0.0297037 -0.999106 -0.0300949
-16.1068 113.19 -27.5359 -0.0348308 -0.999101 -0.0226477
-16.7404 113.2 -26.8366 -0.0432116 -0.998781 -0.0238746
-17.6478 113.204 -25.824 -0.0400043 -0.998688 -0.0319112
-18.2315 113.198 -25.1368 -0.0244114 -0.999236 -0.0305209
-18.7425 113.185 -24.365 -0.0242229 -0.99899 -0.0378101
-19.2561 113.164 -23.4533 -0.0256013 -0.998971 -0.0374341
-19.8366 113.127 -22.4912 -0.0185969 -0.998596 -0.0494531
-20.2336 113.072 -21.3881 -0.00977751 -0.998345 -0.0565168
-20.6164 112.983 -20.2877 0.0185718 -0.995897 -0.0885662
-21.0546 112.842 -18.9281 0.0447243 -0.993947 -0.100346
-21.351 112.732 -17.951 0.0605954 -0.993145 -0.0982992
-21.941 112.534 -16.6896 0.0892251 -0.989266 -0.115719
-22.3778 112.379 -15.9181 0.100991 -0.983938 -0.147194
-23.0154 112.147 -14.8794 0.155999 -0.974404 -0.161322
-23.5792 111.927 -14.1338 0.172475 -0.970806 -0.166516
-24.536 111.578 -13.1525 0.195526 -0.964404 -0.176851
-25.2644 111.302 -12.5697 0.216177 -0.958563 -0.185538
-26.1252 110.986 -11.9801 0.22693 -0.955616 -0.187884
-27.0251 110.657 -11.4579 0.248804 -0.948464 -0.196248
-27.8707 110.335 -10.9882 0.254085 -0.946692 -0.198029
-28.7151 110.009 -10.5617 0.271992 -0.935884 -0.223869
-29.8628 109.582 -10.1994 0.267037 -0.933751 -0.237756
-30.694 109.258 -9.91421 0.275301 -0.921557 -0.273754
-31.4824 108.902 -9.50671 0.277869 -0.916827 -0.286337
-32.3228 108.428 -8.85678 0.277989 -0.913 -0.29853
-33.0879 107.935 -8.16302 0.296521 -0.899957 -0.319293
-33.8644 107.416 -7.48406 0.30837 -0.887272 -0.343012
-34.5377 106.928 -6.85452 0.31309 -0.87341 -0.372983
-35.1078 106.479 -6.27455 0.309708 -0.874775 -0.372626
-35.8736 105.816 -5.46205 0.330662 -0.847975 -0.414248
-36.456 105.318 -4.87728 0.282557 -0.851067 -0.442466
-37.0974 104.761 -4.26709 0.287359 -0.835193 -0.468911
-37.6855 104.213 -3.69368 0.318578 -0.819077 -0.477004
-38.2139 103.616 -3.04653 0.346486 -0.790938 -0.504346
-38.4295 102.925 -2.06549 0.382067 -0.792617 -0.474208
-38.2121 102.515 -1.25414 0.405341 -0.789401 -0.459051
-37.8117 102.145 -0.170532 0.45269 -0.778306 -0.434943
-37.3889 101.967 0.637202 0.475809 -0.775331 -0.415292
-36.6278 101.944 1.78344 0.491645 -0.805004 -0.332044
-36.0924 102.019 2.52479 0.555839 -0.792943 -0.249568
-35.4591 102.242 3.23433 0.583282 -0.783043 -0.212573
-34.4503 102.92 3.49598 0.580055 -0.789513 -0.199492
-33.5691 103.596 3.32593 0.576581 -0.796749 -0.180958
-32.5056 104.376 3.05017 0.551823 -0.814413 -0.179402
-31.3316 105.241 2.68804 0.545602 -0.821895 -0.163699
-30.1924 106.063 2.3514 0.544018 -0.823626 -0.160265
-29.1406 106.781 2.12624 0.51947 -0.841978 -0.145682
-28.3704 107.273 2.02804 0.509781 -0.849364 -0.135646
-27.3991 107.847 1.95417 0.496334 -0.856477 -0.141127
-26.5087 108.344 1.92706 0.470333 -0.872079 -0.135149
-25.64 108.798 1.96346 0.455342 -0.882421 -0.117853
-24.4371 109.408 2.14903 0.45404 -0.8849 -0.102966
-23.3888 109.871 2.43412 0.418697 -0.905728 -0.065954
-22.4439 110.249 2.75282 0.361854 -0.927448 -0.0943492
-21.3148 110.637 3.13376 0.342228 -0.93524 -0.0905228
-19.9906 111.024 3.66845 0.281552 -0.955737 -0.0854109
-18.8997 111.285 4.13008 0.250081 -0.9639 -0.0914131
-17.7295 111.512 4.59874 0.206405 -0.973646 -0.0969543
-16.8515 111.664 4.94641 0.19953 -0.975399 -0.0930788
-15.9927 111.798 5.31159 0.19025 -0.977815 -0.0876481
-14.7312 111.956 5.88525 0.170495 -0.979946 -0.103067
-13.8092 112.021 6.34187 0.120083 -0.986647 -0.11003
-12.7076 112.078 6.84688 0.0919853 -0.987348 -0.129164
-11.5541 112.103 7.29885 0.0575089 -0.985632 -0.158814
-10.5231 112.091 7.73667 0.0547264 -0.985541 -0.160356
-9.69978 112.054 8.11851 0.0241278 -0.987641 -0.154863
-8.56043 111.965 8.56674 -0.0245602 -0.98343 -0.179619
-7.38158 111.841 9.03153 -0.011593 -0.969443 -0.245044
-6.51343 111.724 9.40594 -0.0513018 -0.967318 -0.248322
-5.61521 111.577 9.75988 -0.0522361 -0.962873 -0.264852
-4.46849 111.381 10.1761 -0.0680095 -0.950268 -0.303894
-3.38345 111.128 10.7084 -0.0837533 -0.951286 -0.296717
-2.53185 110.874 11.0867 -0.109893 -0.916213 -0.385327
-1.67598 110.587 11.5372 -0.0835106 -0.901055 -0.425589
-0.779342 110.236 12.0005 -0.08877 -0.863354 -0.496729
0.11637 109.943 12.3584 -0.0372929 -0.86374 -0.500257
1.04243 109.792 12.6095 0.0182147 -0.857345 -0.514086
2.00716 109.962 12.4752 0.102629 -0.869627 -0.481456
3.25572 110.279 12.1297 0.127861 -0.881171 -0.455181
4.33043 110.582 11.7537 0.115579 -0.910369 -0.39646
5.62229 110.999 11.1537 0.107585 -0.927042 -0.359191
6.4877 111.304 10.6987 0.126457 -0.938517 -0.321238
7.34458 111.562 10.2595 0.122203 -0.959159 -0.255007
8.36501 111.763 9.92477 0.102191 -0.96005 -0.260503
9.20315 111.878 9.61877 0.0404169 -0.978218 -0.203605
10.3082 112.003 9.27395 0.0457931 -0.983014 -0.177727
11.3259 112.096 8.99579 0.00290653 -0.987191 -0.155942
12.6188 112.11 8.70219 -0.0322064 -0.990397 -0.133727
13.6647 112.08 8.48867 -0.0572751 -0.990777 -0.122801
14.7657 112.012 8.24999 -0.112875 -0.986394 -0.119525
16.0722 111.857 7.94212 -0.17272 -0.977735 -0.119172
17.4576 111.636 7.79335 -0.168561 -0.983678 -0.0629719
18.6272 111.422 7.71055 -0.223925 -0.97229 -0.0642686
19.5301 111.208 7.5452 -0.246259 -0.967578 -0.0554804
20.4315 110.977 7.28286 -0.267228 -0.96235 -0.0497066
21.4455 110.71 6.8599 -0.283627 -0.957533 -0.0518361
22.3891 110.435 6.40026 -0.311807 -0.949452 -0.0363029
23.2822 110.144 5.96255 -0.331263 -0.942214 -0.0499858
24.4381 109.752 5.51249 -0.358769 -0.930745 -0.0706962
25.3637 109.411 5.29961 -0.374565 -0.923542 -0.0799376
26.5794 108.906 5.17002 -0.400644 -0.911197 -0.0950642
27.596 108.438 5.23961 -0.401323 -0.909516 -0.107581
28.6859 107.904 5.47698 -0.420558 -0.897917 -0.12991
29.5416 107.463 5.77967 -0.41635 -0.899636 -0.131562
30.2957 107.065 6.07267 -0.425405 -0.893616 -0.143111
31.2747 106.535 6.47229 -0.423638 -0.897555 -0.122169
32.3563 105.935 6.9681 -0.448968 -0.883911 -0.130879
33.4229 105.31 7.44173 -0.473363 -0.873155 -0.116309
34.5432 104.657 7.76418 -0.4701 -0.874198 -0.121397
35.7718 104.027 7.40228 -0.49603 -0.851942 -0.164775
36.5543 103.816 6.53138 -0.461924 -0.856098 -0.23178
37.1055 103.759 5.78474 -0.415561 -0.869882 -0.265735
37.6709 103.764 4.96415 -0.365066 -0.881735 -0.298782
38.2712 103.938 4.00468 -0.336837 -0.8556 -0.393051
38.7793 104.209 3.05822 -0.256179 -0.869132 -0.421449
39.1597 104.496 2.17588 -0.241137 -0.887323 -0.393078
39.315 104.985 1.10539 -0.15119 -0.893014 -0.423872
39.1173 105.442 0.213438 -0.16983 -0.889086 -0.424641
38.6717 105.974 -0.769834 -0.160656 -0.89709 -0.411605
38.1943 106.466 -1.74123 -0.13498 -0.908032 -0.396381
37.7524 106.839 -2.45471 -0.182589 -0.909258 -0.374047
37.1572 107.279 -3.27695 -0.16356 -0.92802 -0.334138
36.6309 107.611 -3.97277 -0.152004 -0.940577 -0.302763
35.8909 107.94 -4.70663 -0.156504 -0.946207 -0.282248
35.8667 107.951 -4.72912 -0.173997 -0.946792 -0.270673
36.6289 108.001 -5.30533 -0.136647 -0.954753 -0.26415
35.7805 108.291 -5.92437 -0.135811 -0.963573 -0.230396
34.9731 108.525 -6.39149 -0.137003 -0.967438 -0.211224
33.7698 108.805 -6.99404 -0.134295 -0.974677 -0.178336
32.55 109.078 -7.6083 -0.137827 -0.978354 -0.153676
31.5737 109.273 -8.04414 -0.139184 -0.979949 -0.142577
30.5541 109.485 -8.5114 -0.146489 -0.979664 -0.136796
29.7488 109.674 -8.94852 -0.159936 -0.978939 -0.126879
28.6076 110.024 -9.80217 -0.19474 -0.960337 -0.199572
27.7615 110.367 -10.6878 -0.184467 -0.965497 -0.183813
27.1392 110.666 -11.614 -0.15977 -0.960216 -0.229039
26.5743 111.032 -12.6831 -0.17365 -0.953282 -0.247184
26.1836 111.453 -14.0088 -0.0811295 -0.961987 -0.260766
26.0042 111.89 -15.6072 -0.0813703 -0.96516 -0.248689
25.9463 112.121 -16.5174 -0.042912 -0.976295 -0.212021
25.8491 112.479 -18.1031 -0.0185081 -0.980797 -0.191201
25.6805 112.753 -19.6204 0.0459678 -0.985269 -0.163238
25.4278 112.851 -20.5229 0.0625635 -0.990736 -0.120534
24.8961 112.928 -21.5846 0.0399622 -0.99634 -0.075467
24.1372 112.963 -22.6029 0.0513058 -0.997118 -0.0558876
23.1228 112.978 -23.8555 0.0299858 -0.998908 -0.0358218
22.4868 112.995 -24.823 0.0271406 -0.999074 -0.0331072
21.7492 113.008 -25.9727 0.0232154 -0.999257 -0.030488
21.0694 113.025 -26.9267 0.0194217 -0.999319 -0.0313766
20.3181 113.039 -27.8757 0.0199769 -0.999386 -0.0287811
19.6077 113.048 -28.6307 0.0146997 -0.999383 -0.0318736
18.7329 113.062 -29.4364 0.0168992 -0.999319 -0.0326985
17.7097 113.084 -30.2802 0.0195298 -0.99879 -0.0449085
16.9064 113.093 -30.8702 0.0223358 -0.998596 -0.0480269
15.8672 113.1 -31.5437 0.0270675 -0.99856 -0.0463035
15.0867 113.101 -32.0157 0.0250261 -0.998525 -0.0481223
14.0953 113.104 -32.5745 0.0250255 -0.998427 -0.0501678
12.7553 113.097 -33.1197 0.0230473 -0.998604 -0.0475208
11.8525 113.092 -33.413 0.023256 -0.998486 -0.0498551
10.5825 113.081 -33.7818 0.0227154 -0.998477 -0.0502701
9.38932 113.072 -34.1248 0.0204529 -0.998662 -0.0474943
8.4017 113.062 -34.3496 0.0206238 -0.998646 -0.0477532
7.25998 113.047 -34.5938 0.0222418 -0.998514 -0.0496708
6.2867 113.043 -34.779 0.0118419 -0.998712 -0.0493332
5.11856 113.035 -34.9631 0.0139527 -0.998886 -0.0450719
3.97626 113.029 -35.1255 0.00813194 -0.998814 -0.0473389
2.75129 113.028 -35.2409 0.00814733 -0.998524 -0.0537002
1.67334 113.034 -35.2803 -0.00508488 -0.999046 -0.0433816
0.470741 113.042 -35.26 -0.00953169 -0.999036 -0.0428627
-0.714546 113.049 -35.2357 -0.0040228 -0.999084 -0.0425909
-2.0463 113.057 -35.1697 -0.0123777 -0.998924 -0.0446943
-3.326 113.064 -35.089 -0.0129811 -0.998672 -0.0498081
-4.42717 113.076 -34.9818 -0.0131736 -0.999366 -0.0321354
-5.39499 113.089 -34.8099 -0.0234704 -0.99887 -0.0412491
-6.41713 113.103 -34.5456 -0.0233043 -0.99896 -0.0391968
-7.5498 113.116 -34.1678 -0.0199687 -0.999183 -0.0351268
-9.02019 113.138 -33.6696 -0.0344283 -0.99875 -0.0362371
-10.1647 113.164 -33.3041 -0.0381398 -0.998505 -0.0388551
-11.2209 113.194 -32.9425 -0.0411437 -0.998237 -0.0426947
-12.2175 113.212 -32.4611 -0.0398623 -0.998203 -0.044746
-13.2063 113.228 -31.8232 -0.0403271 -0.998563 -0.0352939
-14.075 113.234 -31.0788 -0.0388931 -0.998383 -0.0414154
-14.9434 113.233 -30.1806 -0.0416963 -0.998327 -0.0400626
-15.6367 113.235 -29.4108 -0.0432429 -0.998615 -0.0299657
-16.3504 113.237 -28.6246 -0.0426596 -0.998394 -0.0370614
-16.9709 113.243 -27.9684 -0.0476875 -0.998376 -0.0311721
-17.777 113.25 -27.0808 -0.0416823 -0.998585 -0.033023
-18.6938 113.254 -26.1207 -0.0366757 -0.998692 -0.0356174
-19.3288 113.242 -25.2739 -0.0318217 -0.998556 -0.0432785
-19.9299 113.213 -24.1925 -0.0313928 -0.998477 -0.0453781
-20.4976 113.181 -23.1873 -0.0277344 -0.998287 -0.0515118
-20.9803 113.133 -22.1549 -0.018726 -0.997615 -0.0661363
-21.37 113.048 -21.0305 -0.00331291 -0.995819 -0.0912865
-21.6603 112.964 -20.1534 0.0209819 -0.99242 -0.121086
-22.0274 112.825 -19.0295 0.042876 -0.992195 -0.115384
-22.312 112.689 -18.1039 0.0651822 -0.987353 -0.144519
-22.869 112.477 -16.9096 0.0812978 -0.985518 -0.147884
-23.4787 112.233 -15.8378 0.137792 -0.979946 -0.143943
-24.0038 112.008 -15.0788 0.166318 -0.971535 -0.168444
-24.7529 111.721 -14.1708 0.195525 -0.964403 -0.176859
-25.7928 111.327 -13.3179 0.215665 -0.95917 -0.182961
-26.9682 110.902 -12.5435 0.221142 -0.953461 -0.204727
-27.944 110.55 -12.0135 0.238523 -0.947107 -0.214423
-29.0399 110.133 -11.4207 0.242125 -0.941081 -0.23558
-30.3414 109.667 -11.006 0.261914 -0.931594 -0.25201
-31.3723 109.279 -10.6678 0.27089 -0.925808 -0.263348
-32.467 108.755 -9.98859 0.277867 -0.916829 -0.286333
-33.1745 108.34 -9.36754 0.272668 -0.914848 -0.297835
-33.8043 107.929 -8.76872 0.279567 -0.901836 -0.329444
-34.4336 107.535 -8.2245 0.283482 -0.892715 -0.349563
-35.4188 106.839 -7.30795 0.278738 -0.887162 -0.367763
-35.9749 106.382 -6.70569 0.276197 -0.873224 -0.401452
-36.6123 105.84 -5.99715 0.281292 -0.858716 -0.428347
-37.369 105.208 -5.25965 0.288875 -0.847012 -0.446231
-37.9376 104.724 -4.71765 0.301336 -0.825421 -0.476992
-38.6114 104.117 -4.09998 0.26442 -0.820787 -0.506351
-39.2323 103.441 -3.42693 0.311159 -0.787909 -0.531121
-39.3861 102.639 -2.33917 0.356352 -0.762441 -0.539943
-39.144 102.115 -1.36763 0.392629 -0.774088 -0.496618
-38.788 101.745 -0.458887 0.422159 -0.781085 -0.459081
-38.4158 101.492 0.381031 0.45667 -0.781805 -0.424539
-37.8556 101.373 1.33058 0.501667 -0.798144 -0.333612
-37.3028 101.383 2.12736 0.524818 -0.781132 -0.336827
-36.6524 101.457 3.05774 0.557707 -0.777998 -0.286725
-36.0291 101.653 3.87373 0.564291 -0.789329 -0.241688
-35.1228 102.206 4.49029 0.608777 -0.78053 -0.141575
-34.1845 102.92 4.45113 0.581961 -0.797137 -0.160311
-33.4477 103.478 4.26751 0.586926 -0.797995 -0.133171
-32.4029 104.279 3.97885 0.577963 -0.805517 -0.130767
-31.4602 104.962 3.7226 0.55445 -0.821985 -0.130097
-30.4957 105.661 3.40641 0.554227 -0.822215 -0.129596
-29.6881 106.236 3.17665 0.544563 -0.823356 -0.159799
-28.9315 106.756 3.0159 0.520997 -0.841215 -0.144621
-27.9189 107.405 2.90404 0.50978 -0.849364 -0.135647
-26.8593 108.018 2.83935 0.487626 -0.862621 -0.13456
-26.0333 108.47 2.8309 0.490757 -0.864403 -0.109381
-24.9609 109.041 2.96389 0.463276 -0.881015 -0.0958584
-24.1437 109.466 3.14914 0.478054 -0.874323 -0.0838119
-23.2611 109.854 3.42118 0.402112 -0.911743 -0.0838474
-22.3056 110.213 3.74718 0.353263 -0.932564 -0.0743562
-21.2592 110.568 4.12351 0.340681 -0.936799 -0.079651
-20.2879 110.854 4.53786 0.293921 -0.949677 -0.108281
-19.2552 111.116 4.97305 0.250457 -0.964545 -0.0832143
-18.2359 111.32 5.39547 0.218664 -0.969966 -0.106545
-17.0334 111.532 5.86164 0.208814 -0.972981 -0.0985075
-16.1141 111.677 6.26199 0.169802 -0.978808 -0.114437
-15.1982 111.785 6.68639 0.162942 -0.979689 -0.11673
-14.3636 111.867 7.11753 0.139355 -0.983297 -0.115369
-13.1773 111.915 7.66735 0.0950639 -0.985649 -0.139461
-12.317 111.952 7.98829 0.0739188 -0.985688 -0.149924
-11.38 111.944 8.34419 0.0522762 -0.985495 -0.161431
-10.5535 111.926 8.73565 0.0310959 -0.981731 -0.184685
-9.66711 111.864 9.11586 0.0334307 -0.976004 -0.215172
-8.74383 111.775 9.48344 -0.0332265 -0.973687 -0.225456
-7.87681 111.668 9.82426 -0.0314419 -0.973841 -0.225046
-6.82762 111.52 10.2431 -0.052759 -0.963738 -0.261456
-5.41386 111.25 10.8068 -0.0802998 -0.950496 -0.300004
-4.50303 111.063 11.1838 -0.0833186 -0.93362 -0.344907
-3.64041 110.802 11.5744 -0.105764 -0.916313 -0.386224
-2.55071 110.436 12.0651 -0.126841 -0.896031 -0.425487
-1.67651 110.06 12.5379 -0.151118 -0.852718 -0.500036
-0.747715 109.669 13.0032 -0.0794356 -0.875058 -0.477454
0.0426628 109.403 13.3608 -0.0870986 -0.865121 -0.493472
1.11951 109.269 13.5091 0.0347281 -0.861619 -0.506367
2.14842 109.477 13.3273 0.125698 -0.853187 -0.506233
3.45139 109.875 12.9924 0.15129 -0.892693 -0.424512
4.52883 110.237 12.6534 0.16572 -0.901244 -0.398798
5.47414 110.546 12.26 0.168675 -0.912473 -0.371841
6.7197 111.026 11.6018 0.146236 -0.930786 -0.33412
7.70373 111.35 11.1418 0.183304 -0.935368 -0.302467
8.56344 111.546 10.809 0.101214 -0.962355 -0.252247
9.99132 111.781 10.3136 0.0636639 -0.977894 -0.199174
10.9094 111.893 10.04 0.0351483 -0.983067 -0.179518
12.1981 111.984 9.72039 0.00290653 -0.987191 -0.155942
13.13 111.972 9.52761 -0.0457178 -0.989529 -0.1369
14.0847 111.941 9.33857 -0.0973742 -0.988434 -0.114494
15.3147 111.855 9.07534 -0.101553 -0.989896 -0.0981857
16.5226 111.722 8.8321 -0.131943 -0.989338 -0.0616614
17.6552 111.542 8.75092 -0.17775 -0.981766 -0.0665974
18.6365 111.348 8.65992 -0.207878 -0.976174 -0.0622246
19.7558 111.093 8.45905 -0.252283 -0.965048 -0.0700576
20.6344 110.872 8.21053 -0.284277 -0.956896 -0.0563345
21.5657 110.607 7.82615 -0.282836 -0.956404 -0.0727693
22.629 110.3 7.29671 -0.332411 -0.938829 -0.0900205
23.4274 110.044 6.89254 -0.345314 -0.936563 -0.0576135
24.3558 109.713 6.49737 -0.358674 -0.931161 -0.0655175
25.3141 109.345 6.2232 -0.391157 -0.916435 -0.0845054
26.4506 108.87 6.07128 -0.405845 -0.909477 -0.0900839
27.328 108.47 6.11332 -0.420469 -0.902019 -0.0967363
28.4416 107.909 6.34305 -0.42857 -0.897293 -0.105794
29.2731 107.479 6.65403 -0.417849 -0.90211 -0.107705
30.5087 106.821 7.16372 -0.437631 -0.893935 -0.0965785
31.4023 106.335 7.54787 -0.446008 -0.888592 -0.10665
32.4955 105.715 8.04267 -0.45379 -0.882488 -0.123401
33.2849 105.253 8.3832 -0.460691 -0.879957 -0.115379
34.1549 104.752 8.66615 -0.477892 -0.872866 -0.0986057
35.1044 104.212 8.79345 -0.508429 -0.85511 -0.0986348
36.1656 103.625 8.29488 -0.496033 -0.85194 -0.164781
36.8846 103.403 7.48278 -0.49654 -0.845064 -0.195286
37.4876 103.308 6.65407 -0.461536 -0.840509 -0.283775
38.2524 103.289 5.60399 -0.417305 -0.843155 -0.339038
38.8524 103.412 4.67514 -0.3144 -0.853056 -0.415862
39.4115 103.675 3.68763 -0.286789 -0.857865 -0.42536
39.9471 104.047 2.65918 -0.256022 -0.855078 -0.450606
40.2409 104.469 1.76846 -0.139443 -0.875212 -0.463206
40.2854 104.945 0.862326 -0.108423 -0.879715 -0.462052
39.909 105.587 -0.334036 -0.12999 -0.895262 -0.425853
39.4015 106.151 -1.40048 -0.102765 -0.902476 -0.418113
38.8346 106.716 -2.50188 -0.122942 -0.908514 -0.399248
38.2901 107.116 -3.31404 -0.135486 -0.926455 -0.351176
37.6883 107.5 -4.15901 -0.114867 -0.936371 -0.331685
36.7966 107.937 -5.16048 -0.136646 -0.954753 -0.264149
37.4275 108.07 -5.84828 -0.102326 -0.958846 -0.263881
38.1164 107.766 -5.12577 -0.124575 -0.945735 -0.300112
38.723 107.431 -4.32047 -0.119716 -0.941055 -0.315894
39.212 107.12 -3.62997 -0.0747735 -0.929648 -0.360782
39.9149 106.561 -2.43745 -0.101016 -0.909648 -0.40291
40.4594 106.005 -1.33885 -0.0711369 -0.901004 -0.427938
40.9824 105.427 -0.254149 -0.0855914 -0.888755 -0.45032
41.2692 104.785 0.896944 -0.132203 -0.865462 -0.48314
41.0792 104.039 2.22045 -0.189031 -0.830841 -0.523422
40.6069 103.528 3.29601 -0.264702 -0.836328 -0.4782
39.9574 103.094 4.4595 -0.327139 -0.841111 -0.430712
39.3407 102.858 5.45441 -0.355026 -0.860592 -0.365155
38.7468 102.781 6.28851 -0.428999 -0.846306 -0.315658
38.1851 102.788 7.06107 -0.462644 -0.844591 -0.269057
37.6343 102.853 7.84838 -0.463738 -0.848682 -0.254335
37.0763 103 8.59258 -0.523805 -0.830584 -0.18777
36.3919 103.316 9.28277 -0.583374 -0.802705 -0.123855
35.5203 103.856 9.74182 -0.508432 -0.855108 -0.0986442
34.1784 104.629 9.6414 -0.484042 -0.868743 -0.104408
33.1056 105.237 9.31049 -0.46311 -0.880028 -0.105241
32.3513 105.664 8.99589 -0.452906 -0.88452 -0.111807
31.5485 106.116 8.6523 -0.45047 -0.885492 -0.113893
30.7897 106.545 8.32195 -0.449386 -0.885778 -0.115973
29.8649 107.056 7.88596 -0.437757 -0.894874 -0.0869947
28.7116 107.663 7.3967 -0.433258 -0.898862 -0.0658383
27.3942 108.33 7.02743 -0.430704 -0.896333 -0.105265
26.2002 108.888 6.98969 -0.401718 -0.9121 -0.0818327
25.0817 109.355 7.19889 -0.392223 -0.91605 -0.0837494
24.2527 109.675 7.499 -0.366007 -0.926071 -0.0914009
23.0984 110.058 8.05459 -0.340454 -0.935456 -0.0949398
22.3133 110.301 8.4709 -0.333039 -0.93921 -0.0834803
21.3396 110.589 8.93391 -0.301153 -0.949263 -0.0905874
20.2563 110.885 9.29888 -0.283952 -0.953421 -0.10178
19.1866 111.147 9.51798 -0.243209 -0.966212 -0.0853471
17.7048 111.462 9.6624 -0.183582 -0.978978 -0.088885
16.7735 111.625 9.71534 -0.129617 -0.986677 -0.0955522
15.141 111.777 10.0457 -0.101552 -0.989896 -0.0981855
14.0265 111.817 10.2785 -0.0561201 -0.987718 -0.145821
12.899 111.836 10.4935 -0.0262977 -0.984606 -0.172798
11.6354 111.79 10.7807 0.0453972 -0.982029 -0.181373
10.4907 111.646 11.1276 0.0659447 -0.976031 -0.207276
9.0585 111.395 11.6163 0.121026 -0.963386 -0.23925
7.80837 111.047 12.13 0.182996 -0.930433 -0.3175
6.97251 110.742 12.5191 0.203768 -0.922752 -0.327121
5.92036 110.324 13.0432 0.194219 -0.909274 -0.368104
4.73981 109.863 13.5329 0.18832 -0.886824 -0.421994
3.4445 109.428 13.9107 0.159926 -0.885012 -0.437239
2.2015 109.048 14.2049 0.153925 -0.895835 -0.415655
1.09206 108.822 14.3893 0.0857122 -0.908769 -0.408403
-0.197767 108.936 14.2316 -0.11712 -0.870768 -0.477541
-1.053 109.262 13.8358 -0.119118 -0.855722 -0.503539
-2.00562 109.675 13.3451 -0.161615 -0.864747 -0.475487
-2.74886 110.028 12.9586 -0.141977 -0.877904 -0.456208
-4.08867 110.565 12.3166 -0.150721 -0.906385 -0.390528
-5.04002 110.857 11.864 -0.125238 -0.928528 -0.349436
-6.11576 111.114 11.4515 -0.0880837 -0.949801 -0.300197
-7.51035 111.367 10.9197 -0.0430396 -0.963287 -0.265003
-8.53319 111.524 10.5219 -0.0328117 -0.969058 -0.242952
-9.85412 111.658 10.0109 -0.0116291 -0.97462 -0.223562
-11.2274 111.779 9.407 0.0310876 -0.981732 -0.18468
-12.5335 111.795 8.88199 0.0731147 -0.983468 -0.164793
-13.5669 111.759 8.495 0.0923908 -0.985473 -0.1425
-14.407 111.725 8.1169 0.116996 -0.981416 -0.152098
-15.4935 111.627 7.58347 0.157769 -0.980247 -0.119265
-16.3502 111.529 7.16479 0.172142 -0.978266 -0.115599
-17.3982 111.377 6.70538 0.21264 -0.972877 -0.0909287
-18.322 111.204 6.35271 0.217765 -0.971625 -0.0923231
-19.3193 111.005 5.94881 0.280253 -0.95372 -0.106642
-20.2849 110.743 5.53095 0.299161 -0.949116 -0.098316
-21.2163 110.478 5.12918 0.319835 -0.940935 -0.111112
-22.1872 110.173 4.7493 0.364306 -0.926552 -0.0915952
-23.1455 109.813 4.404 0.402641 -0.911051 -0.0886895
-24.0239 109.439 4.10899 0.461879 -0.881428 -0.0963343
-25.1016 108.875 3.84677 0.482054 -0.871963 -0.0853238
-25.9678 108.4 3.73644 0.48838 -0.868505 -0.0847601
-26.8758 107.878 3.75619 0.48635 -0.866868 -0.109562
-27.9793 107.229 3.82544 0.517793 -0.846884 -0.120756
-28.7499 106.736 3.91155 0.534263 -0.836378 -0.121996
-29.9713 105.885 4.22957 0.550847 -0.824871 -0.126994
-30.9955 105.139 4.58438 0.554226 -0.822214 -0.129605
-31.7338 104.618 4.75989 0.553997 -0.82604 -0.103664
-32.6066 103.99 4.98591 0.570568 -0.81415 -0.107759
-33.3974 103.386 5.23009 0.601721 -0.792057 -0.102726
-34.4263 102.574 5.45468 0.607964 -0.787728 -0.0993196
-35.2858 101.913 5.45201 0.614846 -0.777347 -0.133027
-36.3483 101.214 4.78757 0.593542 -0.790359 -0.151792
-37.1693 100.898 3.64663 0.565285 -0.786096 -0.250013
-37.9641 100.817 2.4636 0.499501 -0.792361 -0.350232
-38.5148 100.82 1.68812 0.453333 -0.802911 -0.386367
-39.1844 100.968 0.568386 0.473364 -0.791059 -0.387494
-39.5912 101.232 -0.284928 0.401669 -0.782403 -0.475928
-39.99 101.591 -1.21069 0.387477 -0.784799 -0.483413
-40.2527 102.033 -2.04543 0.358375 -0.76898 -0.529374
-40.406 102.529 -2.84386 0.354331 -0.7559 -0.550513
-40.3105 103.205 -3.66286 0.295429 -0.761305 -0.575992
-39.6379 103.997 -4.44502 0.268714 -0.781583 -0.562952
-38.7275 104.79 -5.25079 0.264222 -0.820595 -0.506765
-38.1087 105.276 -5.82154 0.251668 -0.84837 -0.465402
-37.4799 105.768 -6.39509 0.254859 -0.864763 -0.432703
-36.8535 106.293 -7.09851 0.259038 -0.873511 -0.412163
-36.3165 106.741 -7.73467 0.260656 -0.886091 -0.383259
-35.7595 107.157 -8.30864 0.264089 -0.884781 -0.383952
-34.9431 107.685 -9.04034 0.261966 -0.900998 -0.345799
-34.2826 108.088 -9.58996 0.260996 -0.906119 -0.332607
-33.4895 108.564 -10.3223 0.268207 -0.912921 -0.307637
-32.8383 108.923 -10.8631 0.255633 -0.922581 -0.288957
-31.8508 109.383 -11.4836 0.250918 -0.930033 -0.268474
-31.0215 109.69 -11.7674 0.248578 -0.935278 -0.251922
-30.0547 110.022 -12.0526 0.246307 -0.936025 -0.251375
-28.9468 110.424 -12.5333 0.229295 -0.947632 -0.2223
-28.0757 110.734 -12.9822 0.21672 -0.95178 -0.217132
-27.3222 111.004 -13.4005 0.221147 -0.953462 -0.204718
-26.4854 111.3 -13.9342 0.212071 -0.957005 -0.197906
-25.663 111.6 -14.5662 0.199642 -0.960895 -0.191894
-24.9859 111.883 -15.2536 0.165416 -0.966273 -0.195867
-24.2921 112.183 -16.2592 0.141967 -0.971188 -0.191414
-23.748 112.435 -17.2016 0.10403 -0.979843 -0.169405
-23.197 112.669 -18.3715 0.0812947 -0.985517 -0.147893
-22.8221 112.868 -19.5722 0.0334424 -0.987452 -0.154338
-22.4346 113.037 -20.8612 0.0030567 -0.99421 -0.105864
-22.1053 113.13 -21.9119 -0.00477395 -0.995878 -0.0905595
-21.7403 113.196 -22.8638 -0.0213516 -0.997487 -0.0669074
-21.199 113.24 -23.8994 -0.0308511 -0.998274 -0.0497623
-20.6083 113.27 -24.9323 -0.0410898 -0.997683 -0.0540598
-20.0638 113.3 -25.9335 -0.0389906 -0.997943 -0.050891
-19.3456 113.309 -26.8097 -0.0483087 -0.997895 -0.0432674
-18.4627 113.303 -27.704 -0.0498887 -0.997977 -0.0394181
-17.7829 113.299 -28.4613 -0.049734 -0.998003 -0.0389333
-16.87 113.291 -29.4215 -0.0490384 -0.997936 -0.0413805
-16.0157 113.278 -30.3564 -0.0375596 -0.998694 -0.033706
-15.3534 113.288 -31.0894 -0.0467387 -0.997803 -0.0456609
-14.7153 113.287 -31.7636 -0.0390369 -0.998524 -0.0377503
-13.6383 113.281 -32.6814 -0.0433872 -0.998139 -0.0428171
-12.849 113.269 -33.184 -0.0411609 -0.998176 -0.0441393
-11.4264 113.241 -33.8662 -0.0411209 -0.998316 -0.0409184
-9.99716 113.197 -34.3337 -0.0452087 -0.998246 -0.0382269
-9.06054 113.174 -34.6428 -0.0359494 -0.998788 -0.0336305
-7.92445 113.155 -35.0465 -0.0206297 -0.999137 -0.0360391
-6.74301 113.146 -35.4308 -0.0212967 -0.998973 -0.0399192
-5.46638 113.133 -35.7423 -0.0175128 -0.998781 -0.0461545
-4.37328 113.123 -35.9575 -0.0173721 -0.99859 -0.0501678
-3.15951 113.111 -36.0634 -0.011322 -0.998768 -0.048314
-2.25753 113.103 -36.1074 -0.0119732 -0.998791 -0.0476803
-1.1748 113.095 -36.1879 -0.00664492 -0.998808 -0.0483576
-0.261656 113.089 -36.1874 -0.00833841 -0.998897 -0.0461213
0.739134 113.079 -36.2109 -0.0103898 -0.999072 -0.041789
1.74204 113.073 -36.2148 -0.000711218 -0.99896 -0.0453001
2.8272 113.077 -36.1637 0.0112297 -0.998767 -0.0483555
3.81906 113.08 -36.0846 0.00475685 -0.998492 -0.0546854
4.71781 113.079 -35.9772 0.00792585 -0.998473 -0.0546621
5.67722 113.083 -35.846 0.0149578 -0.998871 -0.0450748
6.80079 113.093 -35.6556 0.0212292 -0.998294 -0.0543889
8.14974 113.106 -35.3642 0.0220225 -0.998245 -0.0549654
9.42351 113.121 -35.0592 0.0250828 -0.998256 -0.0534418
10.4323 113.129 -34.7872 0.0221304 -0.998224 -0.0553021
11.3239 113.137 -34.5378 0.0242357 -0.998207 -0.0547286
12.5099 113.145 -34.1741 0.0241121 -0.99804 -0.057744
13.4479 113.151 -33.873 0.0289501 -0.998014 -0.0558783
14.4541 113.16 -33.4626 0.0268404 -0.998179 -0.0539138
15.3975 113.152 -32.9162 0.0231183 -0.998382 -0.0518834
16.5806 113.15 -32.1964 0.0283899 -0.998458 -0.0477085
17.8664 113.144 -31.3267 0.0234373 -0.998132 -0.0562331
18.6331 113.124 -30.7231 0.0196216 -0.998329 -0.0542781
19.468 113.104 -30.0169 0.0195831 -0.998468 -0.0517434
20.2649 113.086 -29.2802 0.0193083 -0.998906 -0.0425945
21.1207 113.07 -28.3692 0.019584 -0.999367 -0.0296861
21.7464 113.058 -27.5734 0.0185049 -0.999369 -0.0303037
22.5959 113.04 -26.3924 0.0232845 -0.999299 -0.0293079
23.1394 113.031 -25.5513 0.0275564 -0.999304 -0.0251534
23.7999 113.02 -24.5101 0.0269542 -0.999048 -0.0343112
24.5508 113.021 -23.5453 0.045398 -0.998642 -0.0255475
25.153 113.018 -22.8425 0.037835 -0.998143 -0.0477362
25.7923 112.992 -21.9145 0.0475653 -0.996189 -0.0729093
26.3347 112.944 -20.8113 0.0571199 -0.993498 -0.0948921
26.6253 112.816 -19.7988 0.0397112 -0.989008 -0.142428
26.7556 112.593 -18.5582 0.0110563 -0.974063 -0.226006
26.8952 112.275 -17.1719 -0.00947937 -0.969403 -0.24362
26.925 112.031 -16.2855 -0.0279768 -0.962497 -0.269771
27.0063 111.629 -14.8904 -0.0507536 -0.953867 -0.294281
27.1973 111.256 -13.7284 -0.124642 -0.952408 -0.278177
27.5294 110.924 -12.8212 -0.136543 -0.940813 -0.310124
28.0941 110.569 -11.8494 -0.150965 -0.961127 -0.231182
28.9241 110.163 -10.7809 -0.200418 -0.949553 -0.237548
29.5861 109.902 -10.1844 -0.198941 -0.959591 -0.199015
30.5125 109.637 -9.56437 -0.158719 -0.977993 -0.135415
31.5155 109.42 -9.09509 -0.141103 -0.982666 -0.120237
32.3625 109.267 -8.72256 -0.126444 -0.980781 -0.148598
33.4083 109.063 -8.21481 -0.118482 -0.979798 -0.160612
34.248 108.878 -7.77668 -0.112037 -0.978558 -0.172227
35.2002 108.678 -7.29968 -0.118158 -0.972861 -0.198946
36.1548 108.454 -6.78203 -0.120493 -0.961491 -0.247016
37.0723 108.183 -6.14245 -0.104393 -0.96461 -0.242137
37.2838 108.118 -5.9768 -0.104394 -0.964611 -0.242132
37.6372 108.32 -6.88978 -0.0697414 -0.962432 -0.262412
36.2661 108.662 -7.78929 -0.100338 -0.974796 -0.199263
35.3954 108.845 -8.23302 -0.107942 -0.976361 -0.186538
34.5506 109.004 -8.65506 -0.0998472 -0.980653 -0.168256
33.6566 109.175 -9.12727 -0.111035 -0.982489 -0.14962
32.739 109.343 -9.58113 -0.107091 -0.984401 -0.13957
31.8962 109.487 -9.93513 -0.114069 -0.982447 -0.147292
30.767 109.73 -10.4708 -0.152397 -0.9767 -0.151101
29.7473 110.071 -11.2585 -0.22551 -0.951614 -0.205954
28.8827 110.543 -12.2638 -0.200418 -0.949554 -0.237548
28.4193 110.849 -12.9913 -0.0778887 -0.928687 -0.362593
28.0602 111.244 -13.983 -0.0702827 -0.946971 -0.313504
27.8994 111.613 -15.0577 -0.0746135 -0.946892 -0.312774
27.8654 111.961 -16.1342 -0.027976 -0.962496 -0.269776
27.8578 112.277 -17.2143 0.026678 -0.957286 -0.287911
27.722 112.558 -18.2479 0.0616172 -0.970094 -0.234779
27.6533 112.778 -19.2436 0.0400426 -0.986305 -0.16
27.4371 112.965 -20.515 0.0485711 -0.991128 -0.120559
27.0921 113.036 -21.4148 0.053006 -0.994875 -0.0847708
26.4872 113.07 -22.5732 0.0603717 -0.99682 -0.0520065
25.9424 113.081 -23.3825 0.0470196 -0.998715 -0.0188904
25.0186 113.063 -24.4148 0.0409739 -0.998892 -0.0231528
24.4342 113.057 -25.1915 0.0276746 -0.999354 -0.0227445
23.8212 113.066 -26.2589 0.0247774 -0.999436 -0.0226702
22.9012 113.079 -27.5609 0.0182486 -0.999507 -0.0255574
21.9288 113.098 -28.8537 0.0158689 -0.999487 -0.0278208
20.907 113.123 -29.9472 0.0142514 -0.998846 -0.0452736
19.7705 113.159 -30.9706 0.0182465 -0.998303 -0.0551462
18.9136 113.185 -31.6832 0.0204767 -0.998097 -0.0581691
18.1289 113.21 -32.2868 0.0345799 -0.996555 -0.0737917
17.2807 113.213 -32.9035 0.0421932 -0.99705 -0.0641205
16.2697 113.216 -33.518 0.0300458 -0.997525 -0.063574
15.3401 113.218 -34.0558 0.0341205 -0.997569 -0.0607634
13.8251 113.211 -34.7211 0.0276141 -0.99791 -0.0584162
12.7582 113.203 -35.0623 0.0251725 -0.998082 -0.056536
11.456 113.19 -35.4561 0.0252412 -0.998165 -0.0550352
10.4114 113.183 -35.7342 0.0228443 -0.997949 -0.0598
9.36153 113.173 -36.0422 0.0263965 -0.998085 -0.0559018
8.28771 113.162 -36.3148 0.0228556 -0.998195 -0.0555378
7.35633 113.152 -36.5149 0.0220225 -0.998245 -0.0549654
6.39568 113.143 -36.6939 0.0176692 -0.997934 -0.0617702
5.13813 113.137 -36.9068 0.012294 -0.998025 -0.0616111
4.14079 113.137 -37.037 0.00317346 -0.998114 -0.0612999
3.20295 113.132 -37.1137 0.0194242 -0.998125 -0.0580393
2.10142 113.12 -37.1486 0.00310987 -0.998831 -0.0482212
0.773311 113.12 -37.1334 -0.00739114 -0.998767 -0.0490846
-0.397101 113.131 -37.1054 -0.0100319 -0.998986 -0.0438851
-1.45782 113.141 -37.0911 -0.00833177 -0.998897 -0.0461163
-2.43224 113.149 -37.035 -0.0123064 -0.998776 -0.0479061
-3.57297 113.163 -37.0144 -0.0148383 -0.998609 -0.0505893
-4.80363 113.175 -36.8559 -0.0174595 -0.99863 -0.0493325
-6.1185 113.186 -36.5573 -0.0187087 -0.998366 -0.0539937
-7.28111 113.191 -36.2661 -0.0196188 -0.998643 -0.0482393
-8.3371 113.196 -35.8969 -0.0206488 -0.998981 -0.0401332
-9.64663 113.22 -35.4336 -0.0342383 -0.998968 -0.0298302
-10.9624 113.259 -35.0084 -0.0407155 -0.998914 -0.022659
-12.4741 113.303 -34.465 -0.0362048 -0.998954 -0.0279313
-13.4845 113.327 -33.8921 -0.0421667 -0.998363 -0.0383933
-14.3343 113.34 -33.3423 -0.0448029 -0.998087 -0.0426141
-15.3698 113.338 -32.4166 -0.0448803 -0.997669 -0.0511953
-16.1716 113.348 -31.5674 -0.0467488 -0.997803 -0.0456647
-16.7853 113.344 -30.8489 -0.0608659 -0.996868 -0.050493
-17.4308 113.351 -30.1646 -0.0485538 -0.997862 -0.0437457
-18.1387 113.355 -29.451 -0.0497306 -0.998004 -0.0389239
-18.8417 113.361 -28.7094 -0.0499338 -0.997996 -0.0388611
-19.7759 113.368 -27.7297 -0.0482827 -0.997991 -0.0410196
-20.4158 113.372 -27.0626 -0.0459325 -0.997508 -0.0535574
-21.0711 113.352 -26.1255 -0.0463467 -0.997413 -0.0549214
-21.5771 113.324 -25.187 -0.0410814 -0.997684 -0.0540552
-22.1806 113.288 -24.1455 -0.0396222 -0.997012 -0.0657849
-22.6395 113.235 -23.1969 -0.0299023 -0.997327 -0.0657396
-22.9649 113.172 -22.3335 -0.00559231 -0.996203 -0.0868793
-23.2643 113.09 -21.3804 0.00306825 -0.99421 -0.105866
-23.5883 112.945 -20.213 0.0202348 -0.989491 -0.141049
-23.9316 112.75 -19.071 0.0502052 -0.98407 -0.169331
-24.3892 112.52 -17.9975 0.0961085 -0.976441 -0.190159
-24.9273 112.236 -16.9823 0.129573 -0.969824 -0.206525
-25.6316 111.897 -15.9293 0.188822 -0.961393 -0.200173
-26.5069 111.533 -15.0417 0.198608 -0.956903 -0.211826
-27.5945 111.132 -14.2667 0.209383 -0.955126 -0.20937
-28.7508 110.74 -13.6797 0.216584 -0.952485 -0.214138
-29.8175 110.366 -13.151 0.219446 -0.948495 -0.228475
-30.7666 110.034 -12.7949 0.244037 -0.938549 -0.243936
-31.833 109.68 -12.507 0.238896 -0.935364 -0.260811
-32.8205 109.298 -12.0716 0.239436 -0.930169 -0.278218
-33.6131 108.904 -11.4731 0.249387 -0.921632 -0.297321
-34.2587 108.555 -10.9292 0.248038 -0.919563 -0.30465
-34.91 108.179 -10.3595 0.260034 -0.91124 -0.319411
-35.5512 107.798 -9.79576 0.261004 -0.906119 -0.332602
-36.6481 107.092 -8.7722 0.261275 -0.893618 -0.364294
-37.2022 106.658 -8.13759 0.257228 -0.887399 -0.382567
-37.9081 106.06 -7.27465 0.239813 -0.87349 -0.422869
-38.6197 105.547 -6.58384 0.226682 -0.8665 -0.444241
-39.3933 104.96 -5.89018 0.195932 -0.861212 -0.466918
-40.0813 104.405 -5.27645 0.220158 -0.827607 -0.516331
-40.7066 103.856 -4.75653 0.268077 -0.780359 -0.564955
-41.31 103.004 -3.94815 0.252247 -0.729914 -0.635293
-41.3416 102.285 -3.056 0.343381 -0.735805 -0.583118
-41.1366 101.604 -2.03226 0.366812 -0.762352 -0.533167
-40.8215 101.13 -1.10453 0.373284 -0.78719 -0.490909
-40.4779 100.806 -0.323104 0.391186 -0.770437 -0.502655
-40.0144 100.484 0.652983 0.429004 -0.7823 -0.451622
-39.5781 100.327 1.42928 0.452571 -0.812603 -0.367099
-39.0622 100.269 2.21468 0.46676 -0.810889 -0.35298
-38.3065 100.262 3.26239 0.504241 -0.806467 -0.306091
-37.786 100.316 4.10425 0.539353 -0.801319 -0.257383
-37.109 100.554 5.09135 0.591331 -0.786317 -0.17757
-36.3534 100.999 6.00318 0.610862 -0.784338 -0.107986
-35.5174 101.617 6.38183 0.616124 -0.781719 -0.0961471
-34.5527 102.376 6.40763 0.622402 -0.778254 -0.0832885
-33.5486 103.171 6.21083 0.612497 -0.787544 -0.067973
-32.4962 103.953 5.91612 0.558192 -0.826616 -0.0716019
-31.6572 104.552 5.69726 0.554399 -0.825817 -0.103289
-30.901 105.082 5.51994 0.554803 -0.825592 -0.102919
-30.166 105.606 5.29613 0.556659 -0.824212 -0.103949
-29.2559 106.247 4.98953 0.54371 -0.832487 -0.106512
-28.3583 106.862 4.76866 0.553829 -0.826946 -0.0958444
-27.3979 107.457 4.72129 0.520166 -0.849207 -0.0909649
-26.5898 107.947 4.6646 0.507508 -0.856841 -0.0908656
-25.5035 108.567 4.68721 0.486078 -0.869573 -0.087013
-24.496 109.106 4.89442 0.461883 -0.881425 -0.096341
-23.6092 109.518 5.16643 0.445958 -0.890654 -0.0854026
-22.3765 110.012 5.62976 0.380912 -0.921383 -0.0772024
-21.1092 110.42 6.17009 0.305563 -0.948084 -0.0876037
-20.0531 110.705 6.6486 0.298832 -0.949615 -0.0945029
-18.671 111.033 7.21413 0.265217 -0.958386 -0.105626
-17.3032 111.289 7.72824 0.204701 -0.971607 -0.11735
-16.453 111.401 8.14595 0.180096 -0.976782 -0.115559
-15.2351 111.528 8.75226 0.136917 -0.981647 -0.130043
-14.1704 111.585 9.21256 0.116602 -0.982031 -0.148391
-13.2222 111.615 9.60702 0.092363 -0.982497 -0.161728
-12.3792 111.624 9.92935 0.0514666 -0.981588 -0.183346
-11.535 111.599 10.2516 0.0460882 -0.979312 -0.197036
-10.4992 111.505 10.7105 -0.00146627 -0.97611 -0.216965
-9.55143 111.409 11.0826 -0.0116291 -0.97462 -0.223562
-8.45913 111.253 11.5017 -0.0529783 -0.963444 -0.262621
-7.27528 111.056 11.9473 -0.0745325 -0.950076 -0.302985
-6.19972 110.835 12.3612 -0.110032 -0.938751 -0.324708
-5.05343 110.491 12.8418 -0.125238 -0.928528 -0.349436
-4.26812 110.165 13.2117 -0.182961 -0.883416 -0.431395
-3.47557 109.832 13.5583 -0.151557 -0.887277 -0.434464
-2.28105 109.277 14.1584 -0.163297 -0.861968 -0.479943
-1.42696 108.848 14.6382 -0.163077 -0.859276 -0.484788
-0.492545 108.5 15.0811 -0.0927857 -0.87603 -0.473246
0.816561 108.36 15.3299 0.0363625 -0.884614 -0.464904
1.73197 108.492 15.2265 0.120199 -0.875441 -0.46814
2.85287 108.8 14.9541 0.163436 -0.875477 -0.454568
3.75312 109.093 14.7219 0.16865 -0.888736 -0.42627
4.71817 109.45 14.4496 0.231789 -0.875873 -0.423226
5.57339 109.785 14.1589 0.218627 -0.896366 -0.385657
6.58466 110.207 13.7115 0.206421 -0.911139 -0.356611
7.44306 110.566 13.309 0.208277 -0.916109 -0.342162
8.30667 110.866 12.9607 0.196707 -0.929817 -0.311042
9.55392 111.245 12.4278 0.123226 -0.956414 -0.264739
10.7236 111.48 11.9977 0.0846213 -0.975916 -0.201067
11.622 111.607 11.7175 0.0635678 -0.980979 -0.183412
12.5152 111.686 11.4899 0.00542085 -0.984873 -0.169524
13.412 111.696 11.3079 -0.035652 -0.988225 -0.148799
14.8559 111.67 11.043 -0.0601566 -0.98946 -0.131393
15.7999 111.632 10.8351 -0.0885927 -0.989419 -0.110791
16.6869 111.537 10.6744 -0.151062 -0.983079 -0.103613
17.7254 111.372 10.6016 -0.193539 -0.976355 -0.0955195
18.7617 111.167 10.4956 -0.223272 -0.969944 -0.0942867
19.9635 110.887 10.2999 -0.235539 -0.968528 -0.0804651
21.1628 110.543 9.96922 -0.288548 -0.953991 -0.0777329
21.9927 110.299 9.64903 -0.323822 -0.941281 -0.0955476
22.8138 110.057 9.22526 -0.338744 -0.937233 -0.0825191
23.781 109.743 8.70092 -0.3652 -0.926307 -0.0922478
24.9113 109.337 8.19643 -0.382684 -0.919454 -0.0895569
26.0419 108.875 7.91454 -0.39853 -0.913335 -0.0835365
27.0012 108.446 7.88148 -0.422931 -0.902217 -0.0832278
28.004 107.951 8.09203 -0.424851 -0.902686 -0.0682629
28.8555 107.507 8.43844 -0.452413 -0.887696 -0.0855491
29.6958 107.048 8.8172 -0.440154 -0.893433 -0.0896027
30.5091 106.595 9.22273 -0.464945 -0.880744 -0.0900046
31.5602 105.992 9.68649 -0.469031 -0.878853 -0.0873415
32.4175 105.507 10.0261 -0.448899 -0.887918 -0.100439
33.3633 104.983 10.3569 -0.466686 -0.879034 -0.0974889
34.4194 104.39 10.6511 -0.480885 -0.87182 -0.0915802
35.5334 103.711 10.7071 -0.52558 -0.840881 -0.129172
36.328 103.187 10.4494 -0.583856 -0.803572 -0.115689
36.966 102.792 9.96125 -0.59112 -0.778138 -0.212118
37.5977 102.5 9.3031 -0.588989 -0.77733 -0.221022
38.213 102.341 8.41706 -0.51818 -0.802758 -0.293719
38.847 102.247 7.49024 -0.513036 -0.815171 -0.26887
39.4878 102.28 6.59775 -0.439939 -0.833465 -0.333873
40.0314 102.354 5.84749 -0.38835 -0.827737 -0.405013
40.7236 102.607 4.78587 -0.362388 -0.802083 -0.474697
41.3316 103.014 3.71086 -0.288057 -0.813568 -0.505104
41.9003 103.576 2.57751 -0.254531 -0.788623 -0.559722
42.1431 104.138 1.64095 -0.197218 -0.801386 -0.564699
42.2156 104.76 0.666507 -0.126184 -0.853481 -0.504819
42.0434 105.316 -0.18752 -0.0837474 -0.866534 -0.489244
41.5517 105.882 -1.22624 -0.0273609 -0.893416 -0.447426
41.0103 106.426 -2.32866 -0.0681912 -0.907924 -0.413331
40.4278 106.955 -3.4372 -0.0464063 -0.922436 -0.382367
39.9213 107.29 -4.21779 -0.0754219 -0.929915 -0.359957
39.3373 107.63 -5.07223 -0.0626812 -0.948128 -0.311649
38.7929 107.913 -5.77235 -0.0891315 -0.950722 -0.295878
38.1914 108.15 -6.41572 -0.0697371 -0.962433 -0.26241
38.897 108.271 -7.04009 -0.0663723 -0.960211 -0.270783
39.5487 107.997 -6.28089 -0.0646428 -0.956292 -0.285136
40.3565 107.607 -5.20092 -0.0594547 -0.947586 -0.313921
40.9294 107.306 -4.38905 -0.0321962 -0.932034 -0.360937
41.5025 106.882 -3.43449 -0.0606137 -0.912834 -0.403808
41.895 106.517 -2.57577 0.000893176 -0.911351 -0.410784
42.3937 106.093 -1.70063 0.0197151 -0.903268 -0.42794
42.8238 105.631 -0.797147 0.0334933 -0.880566 -0.472739
43.0871 105.154 -0.0607369 -0.0399836 -0.843991 -0.534865
43.1276 104.298 1.07385 -0.155878 -0.771119 -0.613427
42.9274 103.475 2.24125 -0.246046 -0.767447 -0.590593
42.5741 102.946 3.1524 -0.286743 -0.756521 -0.586042
42.105 102.486 4.00939 -0.338226 -0.753496 -0.563779
41.6502 102.138 4.80481 -0.401103 -0.786181 -0.470145
41.1055 101.919 5.6152 -0.425283 -0.769896 -0.475141
40.2167 101.732 6.83978 -0.475861 -0.785452 -0.393501
39.5895 101.69 7.80014 -0.508062 -0.776272 -0.373069
39.0435 101.689 8.67005 -0.523327 -0.790345 -0.318566
38.4693 101.767 9.54076 -0.593749 -0.774039 -0.219831
37.8121 102.037 10.3841 -0.60915 -0.764933 -0.208182
37.225 102.317 11.0263 -0.619445 -0.761499 -0.187534
36.1882 103.113 11.543 -0.613031 -0.774625 -0.145751
35.3365 103.711 11.7216 -0.584406 -0.806192 -0.0774499
34.1314 104.426 11.5321 -0.446162 -0.887456 -0.114076
33.3083 104.888 11.296 -0.4758 -0.871478 -0.117017
32.5419 105.348 11.0378 -0.445411 -0.893696 -0.0540119
31.7169 105.774 10.7992 -0.462753 -0.882365 -0.0794023
30.9928 106.21 10.4572 -0.488386 -0.866048 -0.105966
30.0821 106.757 10.1122 -0.482511 -0.873765 -0.0609796
29.1341 107.297 9.54963 -0.483839 -0.874534 -0.0309105
27.9186 107.931 8.99326 -0.423578 -0.904541 -0.0481612
26.6425 108.535 8.77164 -0.411342 -0.909242 -0.0635194
25.6796 108.958 8.87197 -0.390224 -0.918351 -0.066013
24.693 109.324 9.22806 -0.370605 -0.924605 -0.0880431
23.6538 109.682 9.76847 -0.357708 -0.928925 -0.0956231
22.8672 109.961 10.2439 -0.315466 -0.946526 -0.067601
21.3428 110.424 10.8654 -0.309511 -0.948375 -0.0689852
20.0988 110.792 11.2054 -0.265601 -0.961457 -0.0608386
19.1818 111.009 11.3289 -0.220547 -0.973814 -0.0521155
17.7277 111.3 11.5401 -0.202867 -0.977371 -0.0599172
16.5638 111.472 11.6583 -0.145272 -0.987026 -0.0683855
15.3761 111.54 11.887 -0.0586272 -0.993953 -0.0928425
14.2745 111.576 12.049 -0.021023 -0.995739 -0.0897934
12.9064 111.55 12.3051 0.0327512 -0.988017 -0.150707
11.9363 111.477 12.5428 0.0668958 -0.981838 -0.173191
11.076 111.331 12.8619 0.0847624 -0.975453 -0.203242
10.1284 111.116 13.2275 0.151891 -0.95636 -0.249609
9.30994 110.886 13.5645 0.199682 -0.942557 -0.267789
8.1882 110.523 14.0015 0.20097 -0.942541 -0.266886
7.28614 110.133 14.3741 0.2359 -0.915033 -0.327209
6.48997 109.774 14.737 0.229978 -0.903448 -0.361789
5.1665 109.244 15.1761 0.249475 -0.890647 -0.380085
3.87451 108.659 15.6179 0.229127 -0.872219 -0.427894
2.84172 108.285 15.9531 0.150292 -0.87947 -0.451602
1.83208 108 16.1508 0.100647 -0.850454 -0.51547
0.805833 107.864 16.2217 0.0467083 -0.854822 -0.515762
-0.449206 107.984 16.0221 -0.0152364 -0.849288 -0.527709
-1.2871 108.241 15.6998 -0.0890099 -0.839022 -0.536767
-2.27842 108.687 15.1932 -0.141343 -0.85051 -0.506612
-3.08789 109.106 14.7327 -0.156734 -0.860545 -0.484661
-4.40856 109.767 14.137 -0.235896 -0.842423 -0.484434
-5.18708 110.111 13.77 -0.19725 -0.892738 -0.405108
-6.32321 110.514 13.2912 -0.137756 -0.932576 -0.333653
-7.65811 110.851 12.7402 -0.0861198 -0.957264 -0.276096
-8.53173 111.025 12.4188 -0.0647744 -0.96953 -0.236253
-10.013 111.258 11.8361 -0.038193 -0.974466 -0.219869
-11.1133 111.358 11.4279 -0.00323192 -0.979892 -0.199504
-12.0036 111.432 11.0444 0.025075 -0.986592 -0.16127
-13.225 111.474 10.5548 0.0645437 -0.986406 -0.147696
-14.322 111.428 10.1398 0.0872551 -0.988079 -0.126782
-15.3016 111.371 9.7305 0.11848 -0.981669 -0.149294
-16.3961 111.283 9.295 0.173424 -0.978649 -0.108771
-17.4298 111.147 8.68268 0.171992 -0.980544 -0.0911281
-18.4441 110.972 8.26708 0.208667 -0.973571 -0.0928316
-19.3311 110.782 7.97321 0.250927 -0.964546 -0.0817736
-20.4806 110.492 7.48843 0.301172 -0.949978 -0.08245
-21.3129 110.268 7.09491 0.316256 -0.944037 -0.0913493
-22.2712 109.96 6.62073 0.350822 -0.933103 -0.0790084
-23.2141 109.6 6.25725 0.395838 -0.913922 -0.0897663
-24.1792 109.183 5.88865 0.446193 -0.892804 -0.0617504
-25.0447 108.75 5.67148 0.472956 -0.878911 -0.0598831
-25.8748 108.297 5.56036 0.496946 -0.865798 -0.0561262
-26.8315 107.719 5.59108 0.519355 -0.852622 -0.0574971
-27.5959 107.247 5.68417 0.512347 -0.855927 -0.0699298
-28.6298 106.565 5.83837 0.563941 -0.821412 -0.0851649
-29.7163 105.789 6.15365 0.549357 -0.827437 -0.116424
-30.782 105.056 6.44783 0.545148 -0.832762 -0.0951482
-31.521 104.542 6.60874 0.556869 -0.826157 -0.0858031
-32.5884 103.83 6.89263 0.569503 -0.821279 -0.0341543
-33.3171 103.29 7.07752 0.616728 -0.78589 -0.0449851
-34.3716 102.441 7.30852 0.623314 -0.780017 -0.0552608
-35.5042 101.511 7.35784 0.632716 -0.77011 -0.0795152
-36.2916 100.912 7.10474 0.638618 -0.7625 -0.100072
-37.0391 100.381 6.53055 0.621997 -0.773009 -0.124507
-37.6182 100.017 5.859 0.592224 -0.789949 -0.151334
-38.3042 99.7715 4.87578 0.54481 -0.817206 -0.188035
-38.7842 99.7273 3.94766 0.521413 -0.808624 -0.2725
-39.4813 99.7185 2.89958 0.479968 -0.798483 -0.363394
-40.0882 99.7835 1.96699 0.479456 -0.782335 -0.397585
-40.7157 99.9384 0.932815 0.426256 -0.787975 -0.442866
-41.2755 100.241 -0.0882379 0.412946 -0.78753 -0.457464
-41.6357 100.62 -0.971881 0.409093 -0.753688 -0.51439
-42.0431 101.135 -1.98826 0.380736 -0.747306 -0.544107
-42.2734 101.855 -3.10396 0.362793 -0.72089 -0.590507
-42.3061 102.711 -4.08677 0.36852 -0.662358 -0.652284
-42.0348 103.456 -4.76102 0.172672 -0.733516 -0.657372
-41.43 104.085 -5.34019 0.210767 -0.782323 -0.58613
-40.7361 104.643 -5.90186 0.1939 -0.818748 -0.540263
-40.0602 105.214 -6.56835 0.153359 -0.866231 -0.475526
-39.3172 105.663 -7.15964 0.151682 -0.891349 -0.426756
-38.4871 106.237 -7.96139 0.230002 -0.88468 -0.405513
-37.6674 106.99 -9.17918 0.239848 -0.894623 -0.376449
-36.8418 107.507 -9.94112 0.237852 -0.902315 -0.359496
-36.2418 107.884 -10.5203 0.241499 -0.908428 -0.34123
-35.5186 108.28 -11.0927 0.231322 -0.918255 -0.320996
-34.7907 108.675 -11.7452 0.237104 -0.923904 -0.300105
-34.007 109.145 -12.5503 0.24094 -0.926738 -0.287958
-32.9548 109.545 -13.0235 0.231466 -0.935017 -0.268639
-31.811 109.959 -13.497 0.233232 -0.937218 -0.259215
-30.6912 110.324 -13.8232 0.22165 -0.941998 -0.252012
-29.696 110.663 -14.2805 0.219203 -0.949864 -0.222955
-28.7938 110.957 -14.6681 0.208612 -0.953213 -0.218784
-27.8036 111.289 -15.1509 0.201104 -0.952552 -0.228282
-27.0459 111.574 -15.7086 0.192014 -0.954704 -0.227312
-26.3048 111.92 -16.5654 0.169207 -0.959326 -0.22597
-25.7978 112.168 -17.2898 0.160985 -0.965247 -0.205867
-25.3202 112.443 -18.1181 0.0936782 -0.967221 -0.236026
-24.9003 112.673 -19.0313 0.0755301 -0.980373 -0.18211
-24.597 112.877 -19.9182 -0.0134151 -0.98642 -0.163692
-24.4154 113.017 -20.8256 -0.00688365 -0.990979 -0.133825
-24.0407 113.189 -22.1619 -0.0237797 -0.993079 -0.113524
-23.5969 113.285 -23.3764 -0.0380395 -0.996573 -0.073455
-23.2934 113.352 -24.4435 -0.0396207 -0.997011 -0.0657913
-22.4308 113.381 -25.5309 -0.0452566 -0.997185 -0.0596792
-22.0165 113.411 -26.3948 -0.0501851 -0.996937 -0.0599427
-21.1599 113.437 -27.6487 -0.0533205 -0.997327 -0.0498954
-20.3519 113.43 -28.4355 -0.0556922 -0.99715 -0.0508526
-19.7671 113.421 -29.1166 -0.0576696 -0.997677 -0.0346649
-19.0394 113.414 -29.8797 -0.0471297 -0.998253 -0.0356299
-17.9682 113.418 -30.9041 -0.0586344 -0.996894 -0.0525858
-17.1184 113.416 -31.8514 -0.0621201 -0.996736 -0.051553
-16.5375 113.409 -32.5408 -0.0608926 -0.997158 -0.0441776
-15.943 113.408 -33.2219 -0.0494566 -0.997408 -0.0522543
-15.1711 113.4 -33.8624 -0.0477341 -0.99789 -0.0439624
-14.1065 113.381 -34.6121 -0.049123 -0.998035 -0.0389045
-12.7923 113.343 -35.3575 -0.0431227 -0.998803 -0.0230845
-11.5378 113.301 -35.8246 -0.0401708 -0.998927 -0.0230535
-10.3758 113.271 -36.1791 -0.0385953 -0.998522 -0.0382622
-9.47029 113.244 -36.4745 -0.0202493 -0.999633 -0.0179824
-8.60671 113.233 -36.8057 -0.0139202 -0.999685 -0.020169
-7.71376 113.232 -37.1256 0.00284699 -0.998716 -0.0434763
-6.66481 113.245 -37.4244 -0.0211439 -0.997284 -0.0705538
-5.40762 113.232 -37.7106 -0.0216244 -0.998538 -0.0495358
-4.06875 113.218 -37.9414 -0.0153451 -0.998528 -0.0520157
-2.80994 113.201 -37.9766 -0.0138126 -0.998616 -0.0507094
-1.33056 113.183 -38.0176 -0.0151292 -0.998718 -0.0483044
-0.344233 113.172 -38.0154 -0.0139448 -0.998929 -0.0439018
0.928685 113.159 -38.0377 -0.00344513 -0.999427 -0.0336853
1.92029 113.159 -38.0653 -0.00038182 -0.999225 -0.0393497
3.01818 113.179 -38.0474 0.0363716 -0.998537 -0.0400053
4.17259 113.203 -38.1127 0.00685015 -0.99801 -0.0625692
5.24408 113.198 -37.8613 0.00232377 -0.998545 -0.0518882
6.28971 113.208 -37.6965 0.0237615 -0.99698 -0.0739302
7.47836 113.2 -37.469 0.00137449 -0.998238 -0.0546128
8.46439 113.212 -37.2551 0.0370668 -0.997733 -0.0530672
9.71593 113.237 -36.9154 0.0283934 -0.997104 -0.0705516
10.5958 113.24 -36.6207 0.0230014 -0.997324 -0.0689097
11.7891 113.252 -36.3502 0.0238421 -0.997868 -0.0607466
12.7071 113.255 -36.0001 0.0267556 -0.997935 -0.0583973
14.1009 113.274 -35.5956 0.0297542 -0.997565 -0.0630792
15.1808 113.271 -35.2014 0.0152252 -0.998112 -0.0595038
16.254 113.28 -34.6604 0.0459491 -0.997475 -0.0519062
17.0835 113.288 -34.1489 0.0420176 -0.996728 -0.0690549
18.1117 113.292 -33.5515 0.0472833 -0.996639 -0.0668718
18.9882 113.275 -32.8535 0.0216369 -0.996383 -0.0821776
19.7798 113.226 -32.1497 0.00778329 -0.997677 -0.0662662
20.887 113.192 -31.2128 0.0166108 -0.998382 -0.0543477
21.6212 113.166 -30.5441 0.00659597 -0.998246 -0.058013
22.5755 113.125 -29.5233 0.000376865 -0.999721 -0.0236163
23.2518 113.112 -28.6665 0.0123257 -0.999663 -0.0228389
23.9647 113.099 -27.6496 0.0161706 -0.999675 -0.0196115
24.5327 113.095 -26.8697 0.0221291 -0.999612 -0.0157498
25.1501 113.096 -25.9486 0.0305736 -0.999272 -0.0228092
25.7129 113.103 -25.1164 0.0385611 -0.999171 -0.0130279
26.6182 113.13 -24.0809 0.0585945 -0.997978 -0.0246474
27.3119 113.144 -22.9869 0.0609878 -0.997245 -0.0396034
27.7484 113.128 -22.1761 0.0810718 -0.995718 -0.0377853
28.2748 113.083 -20.9201 0.126189 -0.983755 -0.127678
28.5276 112.974 -19.9897 0.124412 -0.975599 -0.180907
28.6538 112.744 -18.7913 0.0471055 -0.965315 -0.256585
28.7657 112.448 -17.7012 0.0958374 -0.965596 -0.234865
28.8041 112.023 -16.2874 0.0250979 -0.957132 -0.288562
28.8182 111.561 -15.0933 -0.0584962 -0.946615 -0.317014
28.9626 111.261 -14.2267 -0.0660588 -0.947811 -0.311913
29.2971 110.877 -13.2511 -0.165085 -0.898704 -0.394416
29.7443 110.405 -12.5541 -0.252284 -0.86872 -0.426238
30.3788 110.085 -11.946 -0.241814 -0.938599 -0.245979
31.0978 109.818 -11.3767 -0.202629 -0.971535 -0.122725
32.2001 109.572 -10.8094 -0.146462 -0.984379 -0.0977044
33.2537 109.399 -10.3454 -0.103187 -0.984245 -0.143577
34.2114 109.244 -9.93822 -0.0928383 -0.984587 -0.148019
35.408 109.018 -9.27611 -0.101961 -0.981447 -0.162373
36.6223 108.814 -8.64745 -0.0920597 -0.972876 -0.212218
37.6825 108.605 -7.97102 -0.0574008 -0.969509 -0.237089
38.2686 108.462 -7.59725 -0.0724173 -0.964421 -0.254259
38.5012 108.396 -7.41136 -0.0679009 -0.964587 -0.254833
