-18.7978 115.748 -23.8038 -0.0755458 -0.99513 -0.0632286
-18.2223 115.764 -24.7227 -0.0692489 -0.995659 -0.0621895
-17.5978 115.774 -25.6434 -0.0731522 -0.995709 -0.0566862
-16.77 115.771 -26.6006 -0.0693044 -0.995459 -0.0651824
-15.9332 115.768 -27.3971 -0.0675729 -0.995745 -0.0625371
-14.8547 115.746 -28.4152 -0.0800915 -0.995027 -0.0592136
-14.1962 115.745 -29.0577 -0.0569465 -0.995499 -0.0757544
-13.5283 115.755 -29.7106 -0.0604019 -0.995626 -0.0712796
-12.7229 115.757 -30.4159 -0.0663025 -0.994953 -0.0751311
-11.7237 115.741 -31.1285 -0.0660302 -0.995334 -0.0703624
-10.8403 115.726 -31.6414 -0.0538353 -0.995796 -0.0738322
-10.0255 115.719 -32.0758 -0.0472678 -0.996262 -0.0723056
-8.67623 115.693 -32.671 -0.0573629 -0.995392 -0.0768373
-7.61372 115.669 -33.0391 -0.0382632 -0.995883 -0.0821753
-6.71734 115.655 -33.3097 -0.0428837 -0.995733 -0.0817162
-5.80446 115.651 -33.5775 -0.0257941 -0.994749 -0.0990372
-4.69918 115.645 -33.8816 -0.0370322 -0.994901 -0.0938158
-3.48485 115.632 -34.0985 -0.0186051 -0.995393 -0.0940603
-2.28746 115.616 -34.2062 -0.025485 -0.995416 -0.0921868
-1.18882 115.607 -34.2527 -0.0096697 -0.996727 -0.0802656
-0.178672 115.601 -34.3243 -0.0212213 -0.995617 -0.0910262
1.0233 115.589 -34.4164 -0.0101643 -0.993961 -0.10904
1.92425 115.596 -34.3982 0.0134289 -0.996142 -0.086725
2.83295 115.604 -34.388 0.00871342 -0.996224 -0.0863812
3.95773 115.608 -34.329 0.00459987 -0.996607 -0.0821739
5.17008 115.605 -34.1692 0.0204934 -0.995542 -0.0906868
6.56259 115.614 -33.853 0.0314387 -0.994822 -0.0966524
7.54701 115.611 -33.498 0.0303988 -0.995676 -0.0872717
8.715 115.62 -33.1426 0.0359614 -0.995002 -0.0931561
9.62111 115.628 -32.873 0.0380626 -0.99495 -0.0928792
10.8272 115.647 -32.5128 0.050725 -0.994033 -0.0965722
12.1439 115.674 -32.0335 0.0490104 -0.99499 -0.0871331
13.3958 115.69 -31.4163 0.0579942 -0.99416 -0.0908892
14.3484 115.689 -30.8535 0.0623377 -0.993427 -0.09568
15.1601 115.696 -30.3784 0.0654465 -0.992654 -0.101761
16.2515 115.697 -29.5803 0.0666041 -0.99434 -0.0827763
17.1582 115.69 -28.7846 0.066947 -0.994215 -0.0839863
18.054 115.686 -28.0025 0.0721308 -0.994509 -0.0752057
18.8077 115.696 -27.3289 0.0716686 -0.995174 -0.0670254
19.7204 115.708 -26.4606 0.0777364 -0.994964 -0.0632688
20.3445 115.712 -25.7262 0.0928709 -0.993109 -0.0713359
20.9339 115.71 -24.9262 0.0869609 -0.993297 -0.0756965
21.5233 115.698 -24.1193 0.0942664 -0.992271 -0.0806955
22.1813 115.688 -23.2431 0.100511 -0.990903 -0.0892266
22.7675 115.672 -22.4289 0.113864 -0.989571 -0.0882247
23.3264 115.65 -21.4857 0.110461 -0.98907 -0.0975127
23.8369 115.578 -20.2457 0.108315 -0.988591 -0.104597
24.2313 115.471 -19.1957 0.0907814 -0.986735 -0.134585
24.6457 115.277 -17.9862 0.0602189 -0.976687 -0.204615
24.8753 115.044 -16.9614 0.0488305 -0.970386 -0.236571
25.025 114.795 -16.0339 0.00982103 -0.963755 -0.266087
25.1432 114.556 -15.1421 -0.0295187 -0.947484 -0.318437
25.2614 114.228 -14.1749 -0.0532418 -0.953228 -0.295645
25.4165 113.846 -13.0815 -0.150576 -0.932801 -0.327427
25.6321 113.483 -12.229 -0.167096 -0.915331 -0.366398
26.0232 113.079 -11.2796 -0.270424 -0.917442 -0.289117
26.4443 112.702 -10.5418 -0.305854 -0.909142 -0.282618
27.0351 112.295 -9.84177 -0.289063 -0.928956 -0.228779
27.8085 111.901 -9.06575 -0.245966 -0.950285 -0.187068
28.5722 111.646 -8.47632 -0.204858 -0.968059 -0.144553
29.4924 111.422 -7.89133 -0.128053 -0.99072 -0.0419856
30.5744 111.285 -7.25973 -0.102847 -0.99362 -0.0459463
31.7773 111.123 -6.63967 -0.11321 -0.991925 -0.0567907
32.857 110.991 -6.13915 -0.0753486 -0.994689 -0.0701164
34.03 110.832 -5.54052 -0.084316 -0.989922 -0.113774
34.8409 110.708 -5.06425 -0.0875348 -0.987132 -0.132444
36.0501 110.462 -4.12224 -0.0649153 -0.982924 -0.172179
37.1044 110.174 -3.03093 -0.0710252 -0.974953 -0.210765
37.8856 109.931 -2.12855 -0.0461639 -0.971297 -0.233347
38.6106 109.684 -1.213 -0.0275266 -0.969887 -0.24157
39.2989 109.444 -0.38143 -0.0306532 -0.965941 -0.256918
40.2947 109.095 0.719721 -0.0300819 -0.950568 -0.308849
40.9546 108.862 1.37133 0.0342647 -0.94281 -0.331566
41.9465 108.511 2.35457 0.00395765 -0.929512 -0.368769
42.5838 108.274 2.95381 -0.00227458 -0.921377 -0.388442
43.4033 107.928 3.74404 -0.00103723 -0.916296 -0.4005
43.8182 107.594 4.47186 -0.0188173 -0.905803 -0.423281
43.9359 107.101 5.52227 -0.0375487 -0.912351 -0.406869
43.8671 106.72 6.38185 -0.100065 -0.896081 -0.432466
43.5875 106.308 7.35039 -0.113291 -0.918729 -0.378288
43.1131 105.973 8.34936 -0.117226 -0.942017 -0.314422
42.4304 105.772 9.19855 -0.15073 -0.950712 -0.261891
41.5783 105.76 10.1117 -0.191338 -0.96367 -0.186358
40.6977 105.906 10.8404 -0.322221 -0.942188 -0.0919542
39.675 106.229 11.1128 -0.323447 -0.941807 -0.0915524
38.671 106.56 10.8745 -0.283714 -0.957066 -0.0594214
37.7215 106.867 10.4676 -0.283558 -0.957334 -0.0557385
36.8856 107.136 10.1146 -0.293524 -0.955165 -0.0361132
36.0726 107.387 9.7213 -0.272068 -0.960379 -0.053627
35.09 107.702 9.13621 -0.250941 -0.963488 -0.0933735
34.1849 107.988 8.53612 -0.247806 -0.965694 -0.0770911
33.2655 108.284 7.89398 -0.278137 -0.953729 -0.107265
32.5374 108.59 7.3306 -0.26776 -0.951854 -0.149258
31.7025 108.952 6.7358 -0.304127 -0.935282 -0.180983
30.9782 109.261 6.2747 -0.312966 -0.93703 -0.154659
29.9514 109.694 5.80963 -0.330489 -0.925069 -0.184867
29.1544 110.127 5.52829 -0.426307 -0.889014 -0.16708
28.3592 110.534 5.29447 -0.403386 -0.901307 -0.157878
27.2001 111.109 5.13895 -0.435549 -0.891231 -0.126511
25.8823 111.745 5.25646 -0.439581 -0.893917 -0.0876397
25.079 112.12 5.45434 -0.42189 -0.90311 -0.0772799
24.1439 112.514 5.78198 -0.394969 -0.916124 -0.0673705
22.9576 112.98 6.38313 -0.397913 -0.916489 -0.0413742
21.8214 113.392 7.10398 -0.353938 -0.931298 -0.0860887
20.6546 113.737 7.69795 -0.284215 -0.957218 -0.0543593
19.4995 114.036 7.91725 -0.232424 -0.970452 -0.0648231
18.4573 114.272 7.9281 -0.200261 -0.974982 -0.0964625
17.3757 114.495 7.92425 -0.201778 -0.974661 -0.0965467
16.4284 114.659 7.97221 -0.138433 -0.985859 -0.0944416
15.2964 114.808 8.10712 -0.143999 -0.985393 -0.0909105
14.0955 114.91 8.35324 -0.0803043 -0.990169 -0.114531
13.0637 114.953 8.65331 -0.0693446 -0.988421 -0.134962
11.9154 114.932 9.07294 -0.00270494 -0.986962 -0.16093
10.8593 114.829 9.55763 0.00636199 -0.978547 -0.202916
10.0499 114.748 9.99429 0.00759167 -0.97112 -0.238471
9.19298 114.605 10.5394 0.0502016 -0.963132 -0.261657
8.24712 114.348 11.1505 0.0637109 -0.95456 -0.291021
7.50752 114.13 11.6619 0.0699965 -0.947365 -0.312411
6.55112 113.76 12.4271 0.116148 -0.922328 -0.368539
5.70782 113.347 13.1612 0.121439 -0.915692 -0.382999
5.02877 113.001 13.7297 0.157146 -0.893568 -0.420524
4.33078 112.614 14.2911 0.13196 -0.895479 -0.424324
3.37542 112.107 14.921 0.129078 -0.858144 -0.496917
2.23493 111.523 15.5353 0.11109 -0.837133 -0.533557
1.43092 111.187 15.89 0.047422 -0.774596 -0.630676
0.342699 111.119 15.9248 -0.0752955 -0.809838 -0.581771
-0.608761 111.445 15.5967 -0.106025 -0.802222 -0.586779
-1.31315 111.912 15.0559 -0.131361 -0.851667 -0.507353
-1.99802 112.406 14.4055 -0.131694 -0.85152 -0.507514
-2.58483 112.803 13.8022 -0.120481 -0.901347 -0.415782
-3.33059 113.243 13.0322 -0.101897 -0.913763 -0.392608
-4.14166 113.622 12.2526 -0.0657905 -0.928144 -0.36636
-5.05798 114.008 11.3806 -0.0508353 -0.935367 -0.350007
-5.8706 114.285 10.6193 -0.0380017 -0.960966 -0.274042
-6.60167 114.491 9.98587 -0.0125782 -0.96921 -0.244817
-7.6457 114.699 9.09706 0.0141424 -0.973446 -0.228129
-8.69455 114.852 8.33224 0.0154969 -0.976131 -0.216629
-9.66003 114.941 7.78349 0.036055 -0.982822 -0.180623
-10.53 114.973 7.3978 0.0462253 -0.98142 -0.18622
-11.7507 114.946 6.94369 0.0800437 -0.98644 -0.142954
-12.6809 114.909 6.61494 0.0936571 -0.985833 -0.138991
-13.9519 114.805 6.14168 0.136646 -0.982657 -0.125231
-15.1807 114.674 5.78244 0.140427 -0.982592 -0.121627
-16.4798 114.457 5.57082 0.196037 -0.973917 -0.114258
-17.4785 114.259 5.43376 0.216478 -0.969557 -0.114436
-18.688 113.999 5.08978 0.230987 -0.967614 -0.100228
-19.8204 113.769 4.3569 0.264398 -0.959015 -0.101905
-20.8807 113.559 3.4735 0.274298 -0.956154 -0.102615
-21.7405 113.337 2.84372 0.359551 -0.928642 -0.0913553
-22.7307 113.006 2.22104 0.38052 -0.921131 -0.0815349
-23.5172 112.702 1.90143 0.391638 -0.916497 -0.0815719
-24.6655 112.213 1.64353 0.443858 -0.890114 -0.103184
-25.7433 111.677 1.5621 0.461661 -0.880298 -0.107899
-26.655 111.175 1.58306 0.477696 -0.871139 -0.11368
-27.6258 110.621 1.63674 0.486007 -0.864146 -0.130572
-28.479 110.125 1.69941 0.509753 -0.845632 -0.158165
-29.5557 109.468 1.83006 0.484735 -0.854139 -0.188134
-30.5672 108.832 2.13701 0.479594 -0.855117 -0.196889
-31.3692 108.318 2.44424 0.479489 -0.850255 -0.216091
-32.0459 107.847 2.81976 0.45219 -0.862798 -0.226061
-32.7114 107.394 3.23744 0.443825 -0.863071 -0.241095
-33.4654 106.9 3.63975 0.410696 -0.887233 -0.206656
-34.3376 106.441 3.99169 0.404039 -0.8986 -0.171086
-35.4555 105.807 4.37712 0.417532 -0.885702 -0.201468
-36.2106 105.376 4.64285 0.435294 -0.879607 -0.191861
-37.159 104.803 4.99335 0.490628 -0.847549 -0.202346
-37.9011 104.327 5.23564 0.453851 -0.876098 -0.159301
-39.0702 103.83 5.2295 0.37076 -0.904779 -0.209551
-39.9621 103.757 4.19637 0.34636 -0.895406 -0.27979
-40.4565 103.911 3.23684 0.300796 -0.881088 -0.364973
-40.7671 104.315 2.13289 0.299397 -0.849398 -0.434608
-40.8973 104.726 1.2108 0.242629 -0.872367 -0.421244
-40.8666 105.363 0.0458663 0.213362 -0.863377 -0.457149
-40.6817 106.044 -1.15264 0.201167 -0.863161 -0.463126
-40.2459 106.764 -2.35521 0.185915 -0.87523 -0.446471
-39.6321 107.173 -2.92036 0.180872 -0.880767 -0.437626
-38.3518 107.811 -3.64564 0.18993 -0.891488 -0.410248
-37.303 108.373 -4.37092 0.227408 -0.899377 -0.373372
-36.5991 108.759 -4.8985 0.216277 -0.905672 -0.364668
-35.9242 109.127 -5.44351 0.231812 -0.916988 -0.324011
-35.1346 109.533 -5.99449 0.239297 -0.920604 -0.308271
-34.4878 109.882 -6.57649 0.230102 -0.928141 -0.292442
-33.7892 110.226 -7.12935 0.234019 -0.929608 -0.284717
-33.117 110.562 -7.68634 0.241537 -0.938337 -0.247058
-32.4387 110.878 -8.20867 0.251811 -0.937353 -0.240748
-31.7191 111.183 -8.68371 0.235858 -0.94524 -0.225447
-30.6838 111.546 -9.1445 0.235035 -0.947262 -0.21784
-29.7555 111.849 -9.49208 0.252702 -0.947873 -0.19411
-28.5825 112.248 -9.96745 0.245785 -0.954058 -0.1713
-27.5623 112.601 -10.4417 0.246218 -0.954979 -0.165376
-26.4336 113.009 -11.0895 0.273978 -0.949833 -0.150801
-25.4872 113.386 -11.7041 0.267539 -0.949103 -0.165973
-24.6939 113.716 -12.335 0.275023 -0.949081 -0.153648
-23.869 114.081 -13.2268 0.256328 -0.95412 -0.154762
-23.2277 114.401 -14.0035 0.220553 -0.950464 -0.218761
-22.7147 114.66 -14.8045 0.154917 -0.968151 -0.196684
-22.1264 114.923 -15.7459 0.105391 -0.978445 -0.177592
-21.4703 115.164 -16.8934 0.0755574 -0.987425 -0.13886
-20.9975 115.343 -18.0001 0.00886452 -0.993494 -0.113536
-20.5847 115.492 -19.2809 -0.0418733 -0.992762 -0.112559
-20.2779 115.6 -20.4465 -0.0487909 -0.995101 -0.0855442
-20.0031 115.658 -21.3575 -0.0554997 -0.995655 -0.0747773
-19.5214 115.709 -22.4569 -0.0625484 -0.995732 -0.0678567
-19.0771 115.738 -23.3318 -0.0751247 -0.994945 -0.0666339
-18.9913 115.741 -23.4801 -0.0751249 -0.994945 -0.0666338
-19.7893 115.831 -23.9219 -0.0755571 -0.995129 -0.0632308
-19.0287 115.847 -25.1546 -0.0726078 -0.995487 -0.0610068
-18.2221 115.862 -26.3692 -0.0841898 -0.99362 -0.0747733
-17.6108 115.863 -27.0784 -0.0724137 -0.995296 -0.064356
-16.8977 115.857 -27.7707 -0.0675626 -0.995746 -0.0625384
-15.6576 115.843 -28.9168 -0.0826694 -0.993324 -0.0804488
-14.9031 115.845 -29.6756 -0.0770114 -0.993756 -0.0807369
-13.9424 115.85 -30.6144 -0.0704058 -0.994115 -0.081875
-12.9731 115.847 -31.4111 -0.0702613 -0.994958 -0.0715739
-12.1245 115.837 -32.0066 -0.0660796 -0.992595 -0.101886
-11.2073 115.831 -32.5232 -0.0635178 -0.992872 -0.100852
-10.3843 115.81 -32.9544 -0.0622597 -0.994047 -0.0885557
-9.47063 115.793 -33.3662 -0.0588826 -0.995262 -0.0773701
-8.48909 115.776 -33.7238 -0.0422957 -0.994056 -0.10032
-7.54932 115.76 -34.0169 -0.0536196 -0.994103 -0.0942559
-6.42503 115.745 -34.3662 -0.02436 -0.994272 -0.103915
-5.27041 115.752 -34.716 -0.0324828 -0.99376 -0.10667
-4.32536 115.742 -34.9301 -0.0353695 -0.993554 -0.1077
-3.2729 115.722 -35.0909 -0.0269873 -0.994473 -0.10088
-2.27544 115.712 -35.17 -0.0156278 -0.992615 -0.120297
-1.35829 115.696 -35.1854 -0.0138433 -0.993659 -0.110947
0.136439 115.694 -35.2687 -0.0102125 -0.994762 -0.101704
1.28931 115.69 -35.3324 -0.00370002 -0.993893 -0.110284
2.43104 115.693 -35.3274 0.0153359 -0.993513 -0.112677
3.42099 115.705 -35.3014 0.0116774 -0.993597 -0.112322
4.71465 115.702 -35.1814 0.0158433 -0.993534 -0.112164
5.67194 115.71 -35.0397 0.0274705 -0.994327 -0.102707
6.69883 115.716 -34.8562 0.0278725 -0.994625 -0.0996123
8.04188 115.728 -34.3874 0.0493628 -0.993254 -0.104927
9.2164 115.719 -33.983 0.0371115 -0.992318 -0.117778
10.4583 115.736 -33.5964 0.0480286 -0.993417 -0.104002
11.5945 115.765 -33.2418 0.0596137 -0.992074 -0.110501
12.5371 115.778 -32.8961 0.0559904 -0.991919 -0.113851
13.4818 115.79 -32.4555 0.0662648 -0.992296 -0.104681
14.6815 115.802 -31.7667 0.0700187 -0.992795 -0.0972427
15.6147 115.813 -31.2242 0.0638109 -0.992784 -0.101516
16.4208 115.807 -30.6735 0.0666652 -0.99309 -0.0963522
17.3929 115.795 -29.7925 0.0722536 -0.993251 -0.0907218
18.4531 115.791 -28.8774 0.0735487 -0.993281 -0.0893451
19.5381 115.806 -27.9206 0.0855781 -0.99284 -0.0832138
20.2755 115.81 -27.2461 0.0831349 -0.993564 -0.076516
21.0124 115.824 -26.4063 0.0988391 -0.99309 -0.0632683
21.8202 115.821 -25.2809 0.0966039 -0.992542 -0.0743521
22.4618 115.815 -24.37 0.115301 -0.989731 -0.0840176
23.089 115.812 -23.5708 0.117414 -0.988917 -0.0907084
23.7689 115.808 -22.6256 0.122145 -0.988231 -0.0920928
24.3657 115.793 -21.5347 0.143698 -0.984669 -0.0986556
24.7235 115.756 -20.6838 0.131022 -0.981546 -0.135021
25.2282 115.564 -19.1947 0.124181 -0.978504 -0.164412
25.5562 115.366 -18.2115 0.132234 -0.96122 -0.242015
25.7731 115.154 -17.229 0.0436343 -0.97309 -0.225931
25.9257 114.914 -16.3715 0.0296274 -0.960249 -0.277568
26.0856 114.497 -15.086 -0.0302734 -0.937831 -0.34415
26.1937 114.147 -14.1224 -0.0839208 -0.917517 -0.38874
26.338 113.718 -13.1405 -0.117249 -0.925159 -0.358084
26.6539 113.202 -12.1128 -0.242633 -0.894378 -0.375788
27.1778 112.645 -11.1094 -0.225478 -0.900601 -0.371247
27.9995 112.07 -10.1347 -0.287974 -0.926649 -0.237961
28.9681 111.703 -9.33007 -0.19722 -0.954284 -0.221124
29.814 111.448 -8.79922 -0.202789 -0.973304 -0.107499
30.7146 111.315 -8.26246 -0.0990285 -0.993728 -0.0513472
31.6099 111.204 -7.76675 -0.0559464 -0.994727 -0.0859507
32.8559 111.084 -7.17804 -0.056914 -0.99414 -0.091699
33.6752 110.998 -6.7989 -0.0575583 -0.99357 -0.0974951
34.9412 110.84 -6.11669 -0.062294 -0.989335 -0.131373
35.7266 110.732 -5.61929 -0.0615167 -0.987693 -0.143053
36.6875 110.552 -4.84913 -0.0479098 -0.98407 -0.170594
37.5522 110.332 -3.92538 -0.0384335 -0.982308 -0.182623
38.1413 110.169 -3.25898 -0.0334155 -0.976345 -0.213619
39.1669 109.851 -1.99801 -0.0163514 -0.971769 -0.234982
39.7296 109.669 -1.28164 0.00678517 -0.971125 -0.238136
40.4898 109.425 -0.393368 0.0208581 -0.957984 -0.286062
41.2389 109.207 0.382029 0.0160083 -0.951411 -0.307508
42.0004 108.968 1.15982 0.0325578 -0.950198 -0.309491
42.7787 108.688 1.92248 0.00649626 -0.929296 -0.36928
43.5136 108.423 2.57884 -0.00351184 -0.926457 -0.376384
44.4358 108.059 3.44074 0.0237544 -0.903187 -0.42859
44.8318 107.673 4.27268 0.00388837 -0.893017 -0.449671
44.9137 107.135 5.38446 -0.0338135 -0.903569 -0.427107
44.844 106.668 6.32152 -0.0533228 -0.895295 -0.442271
44.6371 106.246 7.19769 -0.0669347 -0.898002 -0.434493
44.2907 105.894 8.10898 -0.135116 -0.909372 -0.393429
43.6564 105.535 9.19633 -0.200225 -0.911854 -0.357697
42.8022 105.408 10.184 -0.25641 -0.927235 -0.271849
42.1027 105.422 10.8706 -0.292892 -0.930343 -0.213869
40.9875 105.688 11.795 -0.370384 -0.91929 -0.133122
39.6546 106.154 12.1817 -0.346635 -0.937807 -0.019009
38.6701 106.508 11.8974 -0.2959 -0.954842 -0.0263677
37.6815 106.822 11.4458 -0.289524 -0.956151 -0.0404817
36.7845 107.124 11.0714 -0.304436 -0.951501 -0.0443222
35.7361 107.459 10.5996 -0.275007 -0.960947 -0.0308447
34.5982 107.805 9.92463 -0.261515 -0.964417 -0.0360549
33.6265 108.084 9.29448 -0.251855 -0.966799 -0.0432205
32.5616 108.423 8.52098 -0.258631 -0.963055 -0.0750718
31.6888 108.746 7.85623 -0.273448 -0.953482 -0.124246
30.8737 109.125 7.31896 -0.348551 -0.925889 -0.145748
30.135 109.487 6.88388 -0.366798 -0.919932 -0.136748
29.2533 109.906 6.52913 -0.423394 -0.894192 -0.145457
28.231 110.449 6.2168 -0.438921 -0.888267 -0.135178
27.4131 110.876 6.04719 -0.436794 -0.890526 -0.127171
26.3023 111.442 6.1098 -0.467545 -0.877883 -0.103549
25.1751 111.982 6.36924 -0.436711 -0.895151 -0.0893699
24.2828 112.385 6.68913 -0.44521 -0.891158 -0.0864707
23.481 112.717 7.10183 -0.405013 -0.912343 -0.0599566
22.7134 113.003 7.60562 -0.363113 -0.926625 -0.0971264
21.9854 113.232 8.09327 -0.35958 -0.928839 -0.0888904
20.8416 113.599 8.6774 -0.310131 -0.946854 -0.0853579
19.7952 113.896 8.86774 -0.242686 -0.965368 -0.0930145
18.4622 114.182 8.85953 -0.190385 -0.978027 -0.0849483
17.0937 114.447 8.85122 -0.176803 -0.977761 -0.112801
16.1883 114.598 8.91675 -0.12597 -0.984387 -0.121865
15.1538 114.727 9.05637 -0.128975 -0.982302 -0.135339
14.103 114.8 9.28317 -0.0676253 -0.989403 -0.127534
13.0404 114.818 9.61559 -0.0473313 -0.986371 -0.155361
11.8706 114.765 10.0979 -0.0139909 -0.98606 -0.165352
10.6997 114.595 10.6725 0.0403542 -0.971325 -0.233976
9.69877 114.408 11.2816 0.00269463 -0.964503 -0.26406
8.95343 114.225 11.7526 0.0885845 -0.949337 -0.301517
8.23374 113.998 12.2559 0.0829073 -0.949762 -0.301737
7.23894 113.616 13.0157 0.133432 -0.920928 -0.366179
6.53976 113.274 13.6185 0.130066 -0.915228 -0.381367
5.67614 112.81 14.3827 0.16108 -0.894261 -0.417543
4.82432 112.314 15.0517 0.193155 -0.862827 -0.467141
3.93051 111.797 15.61 0.211492 -0.821634 -0.528993
3.01261 111.274 16.0875 0.161857 -0.79192 -0.587964
2.14807 110.756 16.4927 0.160842 -0.786781 -0.595317
1.14098 110.439 16.8005 0.0448175 -0.782223 -0.621385
0.114089 110.422 16.7983 0.0125289 -0.793427 -0.608537
-1.01915 110.923 16.379 -0.126893 -0.754661 -0.642357
-1.67453 111.379 15.9386 -0.175979 -0.805671 -0.565619
-2.50279 112.02 15.2104 -0.164505 -0.856678 -0.488919
-3.33696 112.642 14.3493 -0.112889 -0.88868 -0.443097
-3.96965 113.025 13.6762 -0.105088 -0.904686 -0.412912
-4.83574 113.458 12.8349 -0.0886615 -0.934378 -0.345074
-5.87075 113.891 11.845 -0.0666232 -0.93891 -0.337654
-6.8887 114.218 10.919 -0.0182876 -0.955929 -0.293019
-8.0258 114.492 9.95382 0.00704572 -0.973298 -0.229395
-9.35488 114.697 8.97343 0.0168254 -0.975712 -0.218411
-10.583 114.787 8.33782 0.0485329 -0.97918 -0.197108
-11.5627 114.801 7.96334 0.0753788 -0.98268 -0.169285
-12.9046 114.757 7.51558 0.103563 -0.98114 -0.163213
-13.9272 114.687 7.13548 0.133852 -0.98401 -0.117505
-15.0463 114.576 6.74845 0.140224 -0.983494 -0.114357
-16.1076 114.423 6.53544 0.193293 -0.97541 -0.105892
-17.2691 114.192 6.40183 0.217577 -0.969614 -0.111839
-18.4766 113.941 6.21635 0.218094 -0.971066 -0.0972936
-19.5489 113.713 5.73547 0.298058 -0.949047 -0.102328
-20.52 113.502 4.9661 0.287172 -0.95043 -0.119228
-21.5301 113.276 4.09238 0.341062 -0.933389 -0.111631
-22.4212 113.012 3.43572 0.370366 -0.923788 -0.0971878
-23.3742 112.669 2.91403 0.387865 -0.917649 -0.086497
-24.5327 112.166 2.58324 0.439346 -0.892928 -0.098263
-25.8453 111.5 2.47549 0.474658 -0.872442 -0.116379
-27.0617 110.81 2.54163 0.49744 -0.858452 -0.124957
-28.1013 110.19 2.59285 0.515347 -0.84253 -0.156719
-28.9623 109.653 2.68535 0.508045 -0.845495 -0.164261
-29.7257 109.161 2.8426 0.498427 -0.850039 -0.170307
-30.8478 108.393 3.2476 0.500792 -0.837364 -0.217786
-31.5896 107.874 3.62577 0.447689 -0.869468 -0.207858
-32.5271 107.263 4.20677 0.459265 -0.868983 -0.183971
-33.2672 106.818 4.57777 0.412449 -0.896214 -0.163361
-34.1579 106.352 4.91527 0.439151 -0.889535 -0.125848
-34.97 105.915 5.20176 0.448191 -0.882272 -0.142322
-36.1104 105.242 5.60064 0.460273 -0.873951 -0.156074
-37.0605 104.663 5.94922 0.490561 -0.857723 -0.153824
-37.9071 104.156 6.21159 0.429409 -0.886711 -0.170379
-38.8047 103.687 6.34128 0.445733 -0.875809 -0.184639
-39.6326 103.312 6.05203 0.448637 -0.865602 -0.219068
-40.3145 103.254 5.25555 0.380567 -0.882192 -0.277319
-40.7799 103.33 4.47303 0.365096 -0.874903 -0.318199
-41.3496 103.552 3.41986 0.252878 -0.895528 -0.366172
-41.6564 103.965 2.34341 0.204271 -0.870836 -0.447116
-41.8396 104.63 1.00776 0.184579 -0.861992 -0.472124
-41.8105 105.146 0.0568469 0.184298 -0.868037 -0.461027
-41.6523 105.772 -1.05249 0.185394 -0.866456 -0.463554
-41.4949 106.273 -1.91185 0.162173 -0.86781 -0.469618
-41.1225 106.848 -2.86234 0.15646 -0.875854 -0.456385
-40.4597 107.275 -3.46479 0.160806 -0.87908 -0.448732
-39.3618 107.807 -4.13398 0.18893 -0.904005 -0.383512
-38.4674 108.221 -4.65735 0.198983 -0.899735 -0.388437
-37.6498 108.647 -5.2446 0.199481 -0.913744 -0.353903
-36.6756 109.163 -6.02358 0.21715 -0.916839 -0.335008
-35.7248 109.64 -6.75828 0.209883 -0.929939 -0.301695
-34.7214 110.145 -7.63231 0.232865 -0.93006 -0.284183
-33.541 110.712 -8.63033 0.226694 -0.940704 -0.252361
-32.4284 111.175 -9.37783 0.221631 -0.946962 -0.23268
-31.5431 111.491 -9.81357 0.219138 -0.948959 -0.226716
-30.6071 111.783 -10.1606 0.214856 -0.951334 -0.220909
-29.1935 112.23 -10.7139 0.218058 -0.952213 -0.213871
-28.3435 112.508 -11.0677 0.246218 -0.954979 -0.165376
-27.2724 112.869 -11.6349 0.245354 -0.958376 -0.146005
-26.1752 113.308 -12.364 0.267535 -0.949105 -0.165968
-25.3968 113.625 -12.9789 0.251815 -0.947792 -0.192572
-24.5058 114.073 -13.9128 0.239971 -0.945019 -0.222155
-23.7581 114.478 -14.8971 0.215081 -0.95376 -0.209955
-22.9841 114.871 -16.1066 0.108541 -0.971289 -0.211701
-22.4072 115.129 -17.0819 0.040584 -0.983131 -0.177212
-21.8788 115.361 -18.22 0.034436 -0.988371 -0.142827
-21.574 115.501 -19.1905 0.00242178 -0.988849 -0.1489
-21.2446 115.646 -20.5136 -0.0587972 -0.992891 -0.10142
-20.9874 115.727 -21.4492 -0.0786525 -0.993282 -0.0848436
-20.4958 115.781 -22.5736 -0.0803344 -0.993413 -0.0816991
-19.8484 115.827 -23.8131 -0.0724337 -0.994438 -0.0758675
-19.7975 115.831 -23.9075 -0.0693651 -0.995141 -0.069571
-20.6842 115.925 -24.21 -0.0806378 -0.99391 -0.0751092
-21.3096 115.885 -23.0503 -0.0800683 -0.993555 -0.0802395
-21.8682 115.824 -21.7873 -0.0767161 -0.993291 -0.0865313
-22.1679 115.734 -20.6913 -0.060584 -0.991089 -0.118624
-22.4112 115.615 -19.7133 -0.0465612 -0.987835 -0.148374
-22.8191 115.359 -18.3539 0.0158849 -0.975803 -0.218074
-23.2707 115.16 -17.4403 0.10502 -0.962737 -0.249214
-23.7698 114.905 -16.664 0.106781 -0.967014 -0.230452
-24.2919 114.596 -15.7357 0.167704 -0.955821 -0.241079
-24.8683 114.227 -14.9303 0.248316 -0.930541 -0.269134
-25.4827 113.906 -14.2578 0.2403 -0.944906 -0.222282
-26.2772 113.519 -13.4771 0.241774 -0.943786 -0.225418
-27.1279 113.134 -12.7869 0.243815 -0.944644 -0.21955
-27.9881 112.802 -12.2655 0.212086 -0.957132 -0.196207
-28.8033 112.558 -11.8918 0.204457 -0.962878 -0.176247
-29.8634 112.242 -11.4489 0.214597 -0.952917 -0.214208
-31.0491 111.874 -10.9825 0.213003 -0.952477 -0.217721
-31.9637 111.593 -10.6603 0.212349 -0.950704 -0.225913
-33.0701 111.207 -10.1109 0.216525 -0.946744 -0.238314
-33.7664 110.921 -9.61216 0.21743 -0.940815 -0.259715
-34.6984 110.523 -8.93456 0.208175 -0.940923 -0.267069
-35.3585 110.213 -8.33436 0.198317 -0.940494 -0.275609
-36.1729 109.818 -7.62758 0.202984 -0.935061 -0.29058
-37.2226 109.303 -6.75738 0.190631 -0.927995 -0.320133
-37.8792 108.969 -6.2104 0.19683 -0.919892 -0.338949
-38.6518 108.567 -5.6136 0.188343 -0.911154 -0.366046
-39.6856 108.119 -4.98632 0.162869 -0.907553 -0.386669
-40.5927 107.723 -4.46444 0.159256 -0.901944 -0.401415
-41.384 107.362 -3.96573 0.160037 -0.890511 -0.425074
-42.2756 106.66 -2.89606 0.135779 -0.876163 -0.462485
-42.4713 106.051 -1.85458 0.168912 -0.862712 -0.476637
-42.6025 105.562 -1.02366 0.148808 -0.865429 -0.477958
-42.7287 105.072 -0.160552 0.164015 -0.871833 -0.461525
-42.7783 104.558 0.779967 0.17334 -0.863297 -0.473994
-42.668 103.988 1.86084 0.172683 -0.86558 -0.470041
-42.5073 103.558 2.75188 0.192742 -0.873197 -0.447635
-42.2447 103.172 3.66105 0.233343 -0.880881 -0.409629
-41.6641 102.938 4.69542 0.300614 -0.895707 -0.327627
-41.0866 102.795 5.62037 0.328165 -0.890792 -0.31432
-40.5356 102.776 6.46112 0.420113 -0.882906 -0.209719
-39.5917 103.098 7.16813 0.458804 -0.870542 -0.177821
-38.2458 103.803 7.24775 0.483033 -0.867668 -0.117607
-37.3981 104.302 7.03598 0.477435 -0.870761 -0.117605
-36.5877 104.789 6.75749 0.474729 -0.866492 -0.153283
-35.4949 105.441 6.36327 0.479362 -0.871218 -0.10556
-34.4674 106.047 6.03183 0.459571 -0.880892 -0.111114
-33.5221 106.559 5.71542 0.42284 -0.899063 -0.110215
-32.5602 107.058 5.30252 0.469683 -0.876945 -0.0971437
-31.6658 107.633 4.75028 0.483251 -0.866292 -0.126297
-30.6624 108.298 4.18432 0.502865 -0.85344 -0.136989
-29.9262 108.808 3.88354 0.532677 -0.827554 -0.173378
-29.1822 109.341 3.67238 0.524104 -0.841479 -0.131256
-28.2653 109.941 3.53723 0.530467 -0.838592 -0.123811
-27.3208 110.525 3.48936 0.505865 -0.853484 -0.125162
-26.5223 111.002 3.43265 0.5008 -0.857676 -0.116585
-25.4528 111.602 3.39309 0.464353 -0.878773 -0.110161
-24.4995 112.081 3.50397 0.434941 -0.894663 -0.101829
-23.34 112.589 3.9153 0.409197 -0.907026 -0.0959388
-22.383 112.906 4.51614 0.367986 -0.923628 -0.107226
-21.5824 113.123 5.19291 0.334075 -0.934956 -0.119376
-20.9241 113.274 5.81215 0.292149 -0.949884 -0.110784
-19.9322 113.497 6.61901 0.297582 -0.949196 -0.102329
-18.6965 113.793 7.19503 0.248885 -0.961819 -0.108623
-17.6946 114.001 7.31525 0.212772 -0.971813 -0.10153
-16.6704 114.214 7.40409 0.197791 -0.97335 -0.114526
-15.662 114.376 7.53034 0.167652 -0.97816 -0.122867
-14.7945 114.492 7.78011 0.137038 -0.983752 -0.115931
-13.3973 114.576 8.29103 0.110928 -0.980193 -0.163891
-12.0202 114.631 8.74731 0.0851427 -0.981423 -0.171631
-11.0427 114.609 9.11175 0.0475513 -0.978915 -0.198647
-10.053 114.538 9.59703 0.0285521 -0.974394 -0.223029
-8.93284 114.378 10.3777 0.0190587 -0.970538 -0.240192
-8.16058 114.214 11.0187 -0.0182167 -0.955859 -0.293249
-7.39266 114.002 11.6569 -0.0219206 -0.954376 -0.297768
-6.72085 113.778 12.2628 -0.0439119 -0.94973 -0.309975
-5.89562 113.443 13.0724 -0.0411877 -0.931523 -0.361342
-5.2684 113.176 13.6729 -0.0803626 -0.91237 -0.40023
-4.36433 112.66 14.5771 -0.105949 -0.912052 -0.395904
-3.45823 112.007 15.5581 -0.207274 -0.860068 -0.462796
-2.48973 111.185 16.4693 -0.168435 -0.809073 -0.562987
-1.58229 110.521 17.0148 -0.172102 -0.757252 -0.629987
-0.675873 110.007 17.3998 -0.154306 -0.73973 -0.653976
0.266205 109.707 17.6568 0.0110028 -0.695468 -0.718473
1.35419 109.825 17.5594 0.0367946 -0.709972 -0.702463
2.20832 110.149 17.3417 0.128362 -0.7695 -0.623329
3.10638 110.616 16.9532 0.214643 -0.774643 -0.59362
3.94419 111.154 16.5747 0.223896 -0.796153 -0.562149
4.79103 111.672 16.1353 0.220615 -0.830587 -0.510704
5.59604 112.194 15.598 0.198522 -0.865229 -0.4604
6.23337 112.584 15.0853 0.164078 -0.89398 -0.416987
7.04537 113.036 14.3776 0.147794 -0.914423 -0.376812
7.90875 113.467 13.6361 0.133827 -0.921227 -0.365282
8.93824 113.869 12.8619 0.08203 -0.947241 -0.309847
9.6578 114.093 12.3668 0.102459 -0.945328 -0.308925
10.469 114.287 11.8644 0.0515041 -0.970168 -0.236866
11.5147 114.479 11.2775 0.0235702 -0.97308 -0.229156
12.466 114.609 10.7985 -0.00525582 -0.976641 -0.212837
13.7077 114.652 10.3313 -0.0594614 -0.978806 -0.19562
14.6745 114.624 10.0743 -0.108851 -0.976637 -0.185288
15.5585 114.556 9.91332 -0.112124 -0.986412 -0.11989
16.7306 114.433 9.81901 -0.148072 -0.983524 -0.0958064
17.7282 114.246 9.75786 -0.200166 -0.975752 -0.0879603
18.9828 113.983 9.84176 -0.185158 -0.976666 -0.108814
19.9293 113.749 9.84394 -0.253222 -0.960365 -0.116234
21.0304 113.426 9.65901 -0.315949 -0.940653 -0.123886
21.8619 113.173 9.3199 -0.362562 -0.928623 -0.07879
22.6794 112.898 8.72225 -0.37569 -0.922518 -0.0880093
23.6451 112.582 8.04148 -0.388107 -0.917781 -0.0796681
24.5579 112.17 7.53613 -0.453597 -0.887753 -0.0783902
25.3783 111.791 7.24271 -0.449597 -0.887077 -0.103253
26.7385 111.106 6.97067 -0.469916 -0.875683 -0.111102
27.7306 110.574 7.02168 -0.457553 -0.881785 -0.114461
28.6908 110.061 7.2889 -0.42821 -0.897329 -0.106939
29.4551 109.66 7.59989 -0.426181 -0.898471 -0.10545
30.5965 109.128 8.27552 -0.338106 -0.941051 -0.0103277
31.4038 108.81 8.83216 -0.375336 -0.926175 -0.0363575
32.2144 108.484 9.41235 -0.326008 -0.945367 0.000838064
33.0171 108.225 9.99975 -0.289816 -0.956149 0.00643802
34.0812 107.928 10.7041 -0.2709 -0.96214 0.0299888
35.1525 107.613 11.3431 -0.293955 -0.955686 -0.00655173
36.4943 107.197 11.9606 -0.295947 -0.954913 -0.0235948
37.4351 106.886 12.3512 -0.308071 -0.951263 -0.0138319
38.5517 106.521 12.8577 -0.321508 -0.946825 0.0124479
39.6023 106.144 13.1759 -0.36083 -0.931852 -0.0381237
40.6175 105.685 13.0582 -0.458904 -0.886136 -0.0645793
41.4246 105.391 12.6208 -0.370313 -0.919097 -0.134647
42.4718 105.13 11.7406 -0.393241 -0.883086 -0.25597
43.1478 105.027 11.1147 -0.29534 -0.900352 -0.317233
44.0689 105.12 10.0857 -0.215879 -0.926023 -0.307654
44.7341 105.293 9.26529 -0.156045 -0.909322 -0.382819
45.1683 105.633 8.40973 -0.118523 -0.889289 -0.441565
45.573 106.048 7.46332 -0.0669351 -0.898002 -0.434493
45.8072 106.551 6.459 -0.0350028 -0.889577 -0.455427
45.8582 107.104 5.36268 -0.039879 -0.890365 -0.453471
45.8696 107.534 4.53239 -0.00186982 -0.885679 -0.464294
45.638 108.057 3.49508 0.00962639 -0.900358 -0.435043
44.968 108.438 2.639 0.0257177 -0.917022 -0.398007
44.209 108.691 1.99241 0.0363574 -0.919675 -0.390995
43.2049 109.01 1.08842 0.0220486 -0.93369 -0.357402
42.4094 109.276 0.284874 0.0491063 -0.948985 -0.311474
41.5567 109.506 -0.583262 0.0212728 -0.958742 -0.283479
40.9437 109.682 -1.23626 0.0164553 -0.97237 -0.232849
40.1061 109.921 -2.29709 0.00678519 -0.971125 -0.238136
39.179 110.192 -3.4942 -0.00569482 -0.978497 -0.206184
38.3959 110.4 -4.40204 -0.0229069 -0.983072 -0.181782
37.6358 110.574 -5.2473 -0.0384335 -0.982308 -0.182624
36.9221 110.712 -5.91622 -0.043442 -0.987023 -0.154593
36.0464 110.843 -6.55763 -0.0484769 -0.988964 -0.140001
35.0414 110.964 -7.13396 -0.0394697 -0.992331 -0.117072
34.1666 111.059 -7.61111 -0.0383352 -0.993346 -0.108053
33.2698 111.135 -8.02773 -0.0423033 -0.994132 -0.0995592
32.3599 111.22 -8.43323 -0.0540578 -0.996214 -0.0646132
31.5579 111.281 -8.86827 -0.0521732 -0.9977 -0.0432675
30.3286 111.432 -9.58422 -0.113584 -0.97705 -0.153319
29.2402 111.86 -10.2503 -0.19722 -0.954283 -0.221125
28.5176 112.237 -10.8818 -0.205118 -0.903015 -0.377478
27.8315 112.781 -11.8102 -0.210016 -0.90455 -0.371055
27.4068 113.334 -12.7579 -0.158398 -0.858381 -0.487474
27.1321 114.005 -14.0172 -0.102437 -0.914256 -0.391972
27.0379 114.463 -15.0044 0.012666 -0.932227 -0.361653
26.938 114.802 -15.8754 0.0118656 -0.945446 -0.321726
26.7817 115.13 -16.8666 0.0978901 -0.93675 -0.336032
26.615 115.385 -17.7637 0.101175 -0.960209 -0.260312
26.3382 115.631 -18.8913 0.114118 -0.970185 -0.213816
25.9931 115.78 -19.8632 0.132831 -0.977581 -0.163375
25.6104 115.927 -21.0146 0.166274 -0.974217 -0.143673
25.258 115.958 -21.9159 0.160892 -0.982192 -0.0970162
24.6593 115.967 -22.9672 0.14349 -0.98599 -0.085034
23.9508 115.957 -23.9851 0.131975 -0.986889 -0.0929075
23.3831 115.949 -24.6847 0.115314 -0.98973 -0.0840138
22.6419 115.944 -25.7336 0.117428 -0.989453 -0.0846483
21.8071 115.944 -26.8991 0.114265 -0.99068 -0.0740906
20.8469 115.934 -28.0187 0.101631 -0.990023 -0.0975154
19.8013 115.918 -28.9158 0.0967897 -0.991021 -0.0922257
18.929 115.907 -29.6917 0.0936117 -0.990727 -0.0983107
18.1606 115.905 -30.3783 0.0840284 -0.991703 -0.096481
17.458 115.916 -31.0242 0.0827947 -0.98941 -0.11922
16.61 115.93 -31.7139 0.0666074 -0.99132 -0.113349
15.3997 115.925 -32.4608 0.0733651 -0.991998 -0.102732
14.6112 115.916 -32.9244 0.0683477 -0.992098 -0.105213
13.7438 115.907 -33.3997 0.0673064 -0.992197 -0.104947
12.9104 115.9 -33.7719 0.0562872 -0.991891 -0.113945
11.583 115.871 -34.2129 0.0644048 -0.991081 -0.116665
10.4473 115.844 -34.5503 0.048812 -0.99128 -0.122344
9.44513 115.839 -34.8839 0.0435892 -0.991627 -0.121555
8.5275 115.84 -35.2249 0.0435456 -0.991794 -0.120192
7.48371 115.835 -35.6114 0.0483649 -0.992175 -0.115111
6.53479 115.828 -35.8374 0.0315185 -0.991679 -0.124815
5.36582 115.819 -36.0244 0.0286498 -0.992244 -0.120956
4.22996 115.812 -36.1687 0.0106794 -0.992501 -0.121766
3.29371 115.809 -36.2358 0.0160318 -0.993084 -0.116308
1.89666 115.792 -36.2776 0.00574178 -0.993745 -0.111089
0.796485 115.796 -36.2506 -0.00683639 -0.993522 -0.113433
-0.117669 115.794 -36.179 -0.00716422 -0.993528 -0.113365
-1.35395 115.808 -36.1311 -0.022565 -0.992513 -0.120024
-2.36225 115.831 -36.1428 -0.0194119 -0.992136 -0.12355
-3.28733 115.843 -36.0652 -0.023195 -0.991656 -0.126808
-4.52132 115.856 -35.8575 -0.0327717 -0.991755 -0.12389
-5.49979 115.859 -35.6381 -0.0297143 -0.991613 -0.125777
-6.43789 115.854 -35.3506 -0.0390844 -0.992336 -0.116032
-7.46767 115.867 -35.0045 -0.0543259 -0.990959 -0.122678
-8.75708 115.891 -34.6105 -0.0494247 -0.991823 -0.117665
-9.7021 115.905 -34.2802 -0.0637477 -0.991621 -0.112232
-10.5838 115.923 -33.9104 -0.0725296 -0.991109 -0.111405
-11.5545 115.943 -33.4043 -0.0721585 -0.991723 -0.106086
-12.4129 115.955 -32.9572 -0.0686467 -0.992318 -0.102923
-13.2982 115.96 -32.3667 -0.0792635 -0.992091 -0.0972873
-14.0158 115.965 -31.8141 -0.0814888 -0.99179 -0.0985471
-14.7232 115.961 -31.2004 -0.0797641 -0.992534 -0.0920004
-15.6504 115.949 -30.2404 -0.0762946 -0.99357 -0.0835949
-16.5575 115.952 -29.3466 -0.0826786 -0.993323 -0.0804532
-17.5329 115.968 -28.4451 -0.0973287 -0.99174 -0.083541
-18.3783 115.975 -27.6157 -0.092377 -0.992261 -0.0828092
-19.0016 115.971 -26.8888 -0.0842857 -0.99313 -0.0811719
-19.6899 115.955 -25.8547 -0.0933217 -0.993464 -0.0657323
-20.24 115.945 -24.9512 -0.0865355 -0.993581 -0.0725801
-20.4344 115.937 -24.6378 -0.0806378 -0.99391 -0.0751092
-21.2449 116.054 -25.102 -0.104933 -0.990778 -0.085718
-20.7593 116.07 -25.8835 -0.107644 -0.990622 -0.0840835
-20.2203 116.084 -26.7646 -0.108279 -0.990743 -0.0818465
-19.5386 116.097 -27.7071 -0.0983941 -0.990971 -0.0910765
-18.6594 116.095 -28.6331 -0.0986099 -0.990958 -0.0909859
-17.9731 116.083 -29.3044 -0.0971102 -0.991791 -0.0831855
-17.0103 116.07 -30.1765 -0.0924951 -0.991183 -0.0948724
-16.1405 116.075 -31.0719 -0.0923666 -0.991049 -0.0963828
-15.4381 116.085 -31.8121 -0.0874614 -0.99122 -0.0991624
-14.6815 116.086 -32.4867 -0.0814839 -0.99179 -0.0985523
-13.6053 116.086 -33.3248 -0.0835218 -0.990647 -0.107897
-12.6803 116.073 -33.9125 -0.0753183 -0.991464 -0.106178
-11.8541 116.059 -34.3138 -0.067463 -0.992254 -0.104311
-11.0131 116.047 -34.7334 -0.0720445 -0.990878 -0.113794
-10.0286 116.028 -35.1613 -0.067931 -0.991424 -0.111643
-8.79776 116.009 -35.5775 -0.0514969 -0.991321 -0.120957
-7.51058 115.992 -35.9613 -0.0542736 -0.989581 -0.133353
-6.10273 115.987 -36.4624 -0.0497746 -0.989393 -0.136469
-4.80938 115.977 -36.7499 -0.0329317 -0.991734 -0.124012
-3.75958 115.965 -36.9287 -0.0327668 -0.991754 -0.123897
-2.33037 115.954 -37.0917 -0.0219788 -0.991291 -0.129846
-1.05932 115.913 -37.0406 -0.0200591 -0.992288 -0.122306
0.29076 115.9 -37.1348 -0.0126426 -0.992894 -0.118106
1.69448 115.903 -37.1848 -0.00149741 -0.992301 -0.123841
2.6806 115.91 -37.1821 0.0125196 -0.992634 -0.120375
3.88559 115.922 -37.115 0.0157907 -0.993091 -0.116278
5.14095 115.933 -36.9958 0.0277111 -0.99199 -0.123241
6.11435 115.945 -36.8727 0.0299497 -0.991888 -0.123521
7.35153 115.954 -36.6308 0.0314482 -0.991713 -0.124568
8.24497 115.966 -36.3998 0.0500277 -0.9914 -0.120896
9.21602 115.963 -35.9955 0.0437852 -0.991979 -0.118576
10.2589 115.961 -35.5636 0.0527712 -0.991026 -0.122812
11.4362 115.979 -35.213 0.0581772 -0.990978 -0.12052
12.5422 116.012 -34.8809 0.0643937 -0.991082 -0.116661
13.5475 116.031 -34.5172 0.0719405 -0.989285 -0.127041
14.7758 116.048 -33.9549 0.0713472 -0.989268 -0.127508
15.9832 116.051 -33.2323 0.0809191 -0.989926 -0.116184
16.806 116.062 -32.7534 0.0830488 -0.989697 -0.116614
17.9025 116.052 -31.8461 0.0843968 -0.98953 -0.117052
18.6089 116.037 -31.1953 0.0899489 -0.988913 -0.118157
19.428 116.036 -30.4795 0.0923331 -0.990297 -0.103858
20.1942 116.038 -29.7994 0.100084 -0.99065 -0.092701
21.1176 116.061 -29.0418 0.101372 -0.99042 -0.0937634
21.93 116.071 -28.2618 0.101483 -0.990541 -0.0923567
22.585 116.076 -27.4145 0.125562 -0.988474 -0.0845739
23.1565 116.078 -26.5804 0.117429 -0.989452 -0.0846589
24.0392 116.09 -25.3953 0.124054 -0.988873 -0.0821026
24.786 116.11 -24.456 0.133505 -0.987875 -0.0789863
25.48 116.126 -23.3987 0.149399 -0.985183 -0.0842235
26.0957 116.141 -22.3836 0.158141 -0.983464 -0.0877208
26.5429 116.108 -21.266 0.165171 -0.981855 -0.0931579
26.8122 116.014 -20.4094 0.167392 -0.966577 -0.194189
27.2829 115.773 -19.0084 0.167224 -0.952318 -0.255199
27.5213 115.515 -17.8389 0.0885602 -0.953076 -0.287334
27.7324 115.214 -16.865 0.0679927 -0.94416 -0.321857
27.8848 114.879 -15.8905 0.0804245 -0.923768 -0.372133
28.0004 114.398 -14.8019 0.0465483 -0.920291 -0.386023
28.0794 113.893 -13.8888 -0.0815863 -0.870986 -0.484486
28.3426 113.221 -12.9036 -0.138902 -0.839175 -0.523021
28.701 112.741 -12.137 -0.270952 -0.86495 -0.422429
29.4662 112.121 -11.2162 -0.240966 -0.911368 -0.333569
30.4762 111.656 -10.5413 -0.169827 -0.952267 -0.250543
31.6815 111.32 -9.86843 -0.113583 -0.977052 -0.153314
32.9329 111.249 -9.17697 -0.0154144 -0.997534 -0.0684687
33.8991 111.182 -8.76431 -0.0393646 -0.995292 -0.0877183
35.1664 111.077 -8.13311 -0.038338 -0.993345 -0.108058
36.3098 110.96 -7.49229 -0.0319314 -0.992618 -0.116965
37.3044 110.838 -6.8514 -0.0361237 -0.990055 -0.135891
38.2542 110.685 -5.98873 -0.0140791 -0.987424 -0.157466
38.9669 110.528 -5.1888 -0.0267025 -0.984086 -0.175673
39.8251 110.343 -4.19634 0.00367294 -0.97963 -0.200305
40.5519 110.147 -3.27847 0.00707083 -0.976942 -0.21339
41.4167 109.896 -2.10732 0.0181903 -0.973015 -0.229984
42.2336 109.697 -1.17554 0.0217287 -0.966048 -0.255858
43.288 109.429 -0.0828696 0.0579814 -0.957788 -0.281569
44.1494 109.166 0.739896 0.0283541 -0.935112 -0.353131
45.1033 108.909 1.53824 0.0414658 -0.931659 -0.360778
45.9863 108.62 2.29986 0.0311937 -0.915664 -0.400732
46.5128 108.314 3.0383 0.0307979 -0.905241 -0.423097
46.7741 107.884 3.85291 -0.00796007 -0.87814 -0.478338
46.8371 107.413 4.72369 -0.0366752 -0.87203 -0.488076
46.7756 106.791 5.903 -0.0425121 -0.893075 -0.447895
46.6705 106.157 7.13622 -0.0558129 -0.877862 -0.47565
46.3284 105.591 8.21884 -0.0553118 -0.877276 -0.476788
45.9235 105.249 8.99114 -0.122669 -0.893712 -0.431545
45.3316 104.878 9.97341 -0.220145 -0.879623 -0.421663
44.5168 104.675 10.9381 -0.248095 -0.90055 -0.357013
43.7581 104.633 11.7074 -0.311298 -0.907327 -0.28258
42.9602 104.713 12.4282 -0.400447 -0.885356 -0.23515
42.2054 104.895 13.1077 -0.429108 -0.879394 -0.204723
41.4313 105.177 13.6794 -0.454204 -0.874563 -0.169816
40.2929 105.742 14.1427 -0.479484 -0.872196 -0.0940939
39.4843 106.205 14.1644 -0.441216 -0.893193 -0.0314796
38.6147 106.517 13.9028 -0.318505 -0.947727 0.019211
37.5303 106.862 13.3933 -0.295777 -0.955255 0.00183174
36.5359 107.159 12.9775 -0.286745 -0.957819 -0.0117546
35.653 107.442 12.6225 -0.301016 -0.953378 -0.0206885
34.8349 107.712 12.2265 -0.304878 -0.952226 -0.0177592
34.0305 107.975 11.7554 -0.288876 -0.956948 0.0144459
33.1255 108.241 11.1842 -0.310604 -0.949876 0.0355177
32.2772 108.491 10.5664 -0.313382 -0.948611 0.0439105
31.5087 108.728 10.0259 -0.350329 -0.936031 -0.0143515
30.5898 109.136 9.40772 -0.385771 -0.922121 0.00575677
29.7076 109.471 8.78347 -0.386136 -0.922071 -0.00160971
28.8725 109.851 8.33355 -0.416803 -0.905803 -0.0596112
28.058 110.285 8.0261 -0.450305 -0.887166 -0.100809
27.1972 110.743 7.85165 -0.464915 -0.877926 -0.114155
26.1771 111.293 7.97146 -0.481727 -0.871566 -0.09117
24.8679 111.929 8.35278 -0.453108 -0.886588 -0.0929154
24.1356 112.259 8.76246 -0.439787 -0.890807 -0.114239
23.4267 112.541 9.29508 -0.404962 -0.907496 -0.104235
22.633 112.792 9.92766 -0.387441 -0.912609 -0.130519
21.4802 113.157 10.5461 -0.350809 -0.926858 -0.132391
20.3267 113.517 10.7929 -0.318591 -0.940554 -0.117716
19.2543 113.801 10.809 -0.258322 -0.960355 -0.102873
18.3518 114.021 10.75 -0.20852 -0.974535 -0.0821292
17.354 114.237 10.6878 -0.159061 -0.980173 -0.111226
16.3638 114.36 10.7261 -0.119765 -0.984044 -0.131244
15.2016 114.439 10.8862 -0.0716904 -0.986715 -0.145786
13.761 114.463 11.2548 -0.0482506 -0.983165 -0.176232
12.6846 114.405 11.7137 0.00637129 -0.976218 -0.216698
11.5038 114.235 12.3064 0.0418356 -0.971292 -0.234181
10.5764 114.059 12.8379 0.0876294 -0.957235 -0.270525
9.64212 113.736 13.454 0.102459 -0.945331 -0.308917
8.88811 113.447 14.0017 0.111833 -0.923224 -0.36763
8.11376 113.108 14.6159 0.12283 -0.922228 -0.366449
7.28255 112.653 15.3288 0.14649 -0.898197 -0.414467
6.44053 112.138 16.0591 0.192459 -0.866787 -0.460043
5.53521 111.516 16.7241 0.237315 -0.803477 -0.545991
4.72379 110.972 17.1588 0.247749 -0.796423 -0.551662
3.93806 110.432 17.5074 0.235455 -0.720911 -0.651804
3.15751 109.898 17.8328 0.220044 -0.735882 -0.640358
2.33558 109.45 18.107 0.137979 -0.701404 -0.699281
1.31625 109.09 18.3324 0.0625791 -0.724484 -0.686445
0.399139 108.955 18.3851 -0.0305535 -0.671004 -0.739678
-0.809081 109.261 18.1702 -0.105056 -0.709321 -0.694707
-1.60313 109.716 17.902 -0.150416 -0.704787 -0.693012
-2.41698 110.277 17.5327 -0.202335 -0.699856 -0.685027
-3.41214 111.125 16.9104 -0.252477 -0.725987 -0.639687
-4.01383 111.675 16.334 -0.216607 -0.832155 -0.510489
-4.74095 112.286 15.5721 -0.150273 -0.902886 -0.399338
-5.34767 112.658 14.8436 -0.105948 -0.912052 -0.395904
-6.09524 113.03 14.1222 -0.0514244 -0.918426 -0.392235
-6.89344 113.391 13.3404 -0.0576691 -0.928616 -0.366534
-7.58238 113.685 12.6717 -0.0335796 -0.951395 -0.305932
-8.39095 113.918 12.0022 -0.0284846 -0.95705 -0.288373
-9.21348 114.141 11.3164 0.00161287 -0.963283 -0.266521
-9.97501 114.277 10.7122 0.0158578 -0.970559 -0.240339
-10.8308 114.382 10.182 0.0266863 -0.974446 -0.22303
-11.816 114.438 9.75935 0.0539329 -0.977976 -0.201539
-12.7735 114.446 9.43757 0.075504 -0.980079 -0.181828
-14.0078 114.39 9.02907 0.102818 -0.981313 -0.162643
-14.977 114.324 8.70537 0.145347 -0.977804 -0.150911
-16.1268 114.189 8.37863 0.176268 -0.97627 -0.125467
-17.2671 113.989 8.3048 0.187692 -0.976801 -0.100789
-18.2611 113.779 8.24673 0.213294 -0.971595 -0.102514
-19.2181 113.563 8.11878 0.252514 -0.962703 -0.0948498
-20.1128 113.333 7.66499 0.296157 -0.950223 -0.0967835
-21.1414 113.088 6.85723 0.317528 -0.942351 -0.104156
-21.7625 112.935 6.22406 0.331533 -0.9374 -0.10647
-22.5658 112.716 5.45368 0.37807 -0.918683 -0.114384
-23.7174 112.311 4.69039 0.420266 -0.899007 -0.123135
-25.0426 111.705 4.32714 0.45669 -0.882511 -0.111791
-26.2663 111.034 4.33423 0.490589 -0.863391 -0.117808
-27.1901 110.48 4.40372 0.513569 -0.850874 -0.110728
-28.3243 109.76 4.48862 0.54136 -0.833549 -0.110111
-29.1382 109.21 4.62818 0.552099 -0.823878 -0.125794
-29.9366 108.653 4.88407 0.546791 -0.830885 -0.103195
-30.7365 108.091 5.27999 0.533631 -0.840911 -0.0890845
-31.8342 107.381 5.96814 0.499916 -0.863783 -0.0617301
-32.6863 106.907 6.39026 0.455572 -0.887983 -0.0627668
-33.5366 106.434 6.7085 0.465449 -0.881469 -0.0798087
-34.5026 105.901 6.99864 0.475889 -0.872539 -0.110349
-35.5192 105.309 7.34117 0.479361 -0.871218 -0.105557
-36.5063 104.731 7.70121 0.473646 -0.876576 -0.0852916
-37.5304 104.118 8.03525 0.495968 -0.864742 -0.0789691
-38.3677 103.63 8.23317 0.495105 -0.863134 -0.0974393
-39.2687 103.099 8.23176 0.488915 -0.864761 -0.114674
-40.2866 102.594 7.87088 0.440394 -0.880507 -0.174278
-41.088 102.36 7.13335 0.41938 -0.887316 -0.191205
-41.7937 102.353 6.17175 0.320307 -0.905305 -0.278974
-42.3615 102.489 5.21315 0.290684 -0.890545 -0.349198
-42.8948 102.653 4.38661 0.250221 -0.879689 -0.400604
-43.3376 103.155 3.19593 0.211851 -0.87474 -0.435003
-43.5338 103.619 2.22962 0.171336 -0.867386 -0.46721
-43.6404 104.03 1.42762 0.17268 -0.865583 -0.470038
-43.7172 104.451 0.63353 0.142437 -0.861579 -0.486165
-43.6426 105.035 -0.371419 0.123621 -0.862775 -0.490127
-43.4873 105.648 -1.41834 0.126437 -0.869196 -0.478021
-43.3776 106.145 -2.28909 0.124572 -0.868363 -0.480028
-43.1239 106.848 -3.50373 0.138261 -0.875012 -0.463938
-42.4911 107.36 -4.31496 0.1306 -0.897387 -0.421474
-41.4092 107.843 -5.0066 0.131915 -0.89701 -0.421868
-40.5001 108.215 -5.56165 0.13727 -0.911566 -0.387562
-39.7258 108.525 -6.00429 0.16779 -0.912516 -0.372999
-38.6525 109.006 -6.746 0.176391 -0.925209 -0.335968
-37.62 109.514 -7.62907 0.186949 -0.933312 -0.306403
-36.6846 109.956 -8.42604 0.18559 -0.939974 -0.286367
-35.8498 110.347 -9.16914 0.191768 -0.945047 -0.264784
-35.0312 110.725 -9.90665 0.206332 -0.944342 -0.255941
-34.2496 111.033 -10.4462 0.201691 -0.948761 -0.24323
-33.2129 111.442 -11.1735 0.213144 -0.948416 -0.234626
-32.287 111.743 -11.573 0.2097 -0.950099 -0.230951
-31.2711 112.042 -11.882 0.209437 -0.950212 -0.230725
-30.0949 112.402 -12.3697 0.192582 -0.957354 -0.215373
-28.9614 112.711 -12.8142 0.189157 -0.95508 -0.227805
-27.8493 113.087 -13.3858 0.230465 -0.948359 -0.217496
-26.7889 113.573 -14.25 0.2394 -0.942913 -0.231467
-26.0519 113.939 -15.0023 0.236651 -0.944652 -0.227218
-25.2423 114.445 -15.9486 0.223838 -0.929026 -0.294629
-24.8045 114.769 -16.6686 0.174426 -0.94514 -0.271653
-24.3307 115.042 -17.4758 0.122894 -0.961133 -0.247224
-23.8814 115.313 -18.222 0.0364487 -0.956174 -0.286734
-23.4832 115.591 -19.3686 -0.0113689 -0.972157 -0.234056
-23.1606 115.774 -20.5416 -0.0520805 -0.982315 -0.176559
-22.8371 115.914 -21.7839 -0.0805288 -0.990404 -0.110141
-22.4339 115.972 -22.8295 -0.0934609 -0.991634 -0.0890309
-22.0176 116.007 -23.6899 -0.0969742 -0.99123 -0.0897716
-21.6085 116.037 -24.4619 -0.100956 -0.991004 -0.0877437
-22.3797 116.163 -24.9716 -0.105887 -0.989854 -0.0947485
-21.7473 116.201 -26.147 -0.116525 -0.98907 -0.0903509
-21.226 116.211 -26.9198 -0.114044 -0.989271 -0.0912971
-20.6035 116.232 -27.9347 -0.115218 -0.98911 -0.091574
-19.9249 116.225 -28.6309 -0.10567 -0.989786 -0.0956963
-19.254 116.213 -29.2835 -0.10587 -0.990372 -0.0891905
-18.517 116.203 -30.0406 -0.10536 -0.990157 -0.0920842
-17.5799 116.196 -30.9363 -0.0926506 -0.99115 -0.0950644
-16.7738 116.201 -31.7741 -0.0909943 -0.991334 -0.0947514
-15.7062 116.211 -32.8538 -0.0863291 -0.991473 -0.0976181
-14.5844 116.218 -33.8157 -0.0771237 -0.991574 -0.104079
-13.7268 116.215 -34.3941 -0.0774828 -0.99059 -0.112632
-12.8194 116.199 -34.9104 -0.0831599 -0.989804 -0.115643
-11.7409 116.204 -35.5931 -0.0728761 -0.990337 -0.117931
-10.5591 116.158 -35.9396 -0.0678149 -0.989112 -0.130562
-9.3655 116.146 -36.4112 -0.0544681 -0.98944 -0.134143
-8.35733 116.139 -36.74 -0.0501358 -0.990152 -0.130714
-7.395 116.127 -37.0119 -0.0486017 -0.990034 -0.132162
-6.10053 116.118 -37.4182 -0.0496738 -0.989599 -0.135006
-5.12347 116.102 -37.6451 -0.0329688 -0.991301 -0.127417
-3.42608 116.087 -37.9237 -0.0265934 -0.990896 -0.131976
-1.95544 116.074 -38.0594 -0.0231648 -0.990164 -0.137828
-0.903978 116.04 -38.0208 -0.0152427 -0.990388 -0.137478
0.600187 116.009 -38.0767 -0.0332426 -0.991668 -0.124455
1.5227 116.014 -38.1155 0.00678136 -0.993373 -0.114655
2.78651 116.022 -38.0833 0.00795781 -0.992834 -0.119234
3.73025 116.032 -38.0355 0.0174476 -0.992092 -0.124294
5.29844 116.051 -37.9093 0.0267978 -0.991838 -0.124647
6.51686 116.072 -37.7881 0.0320647 -0.991818 -0.123567
7.5621 116.074 -37.5221 0.0480636 -0.990183 -0.130939
8.79867 116.108 -37.2469 0.056702 -0.98967 -0.131674
9.89347 116.09 -36.7223 0.0537824 -0.988826 -0.139026
10.7759 116.094 -36.3938 0.0604492 -0.988699 -0.137166
12.1088 116.12 -35.9569 0.0667256 -0.988704 -0.13418
12.9803 116.145 -35.6954 0.0688371 -0.988819 -0.132278
14.2647 116.177 -35.2403 0.0722789 -0.989081 -0.12843
15.1744 116.195 -34.8754 0.0708606 -0.989185 -0.128419
15.9998 116.189 -34.3514 0.0757199 -0.989159 -0.125824
17.1219 116.207 -33.7458 0.0851781 -0.989468 -0.117038
18.0482 116.193 -32.9475 0.0863122 -0.989551 -0.115492
18.758 116.174 -32.2465 0.0875316 -0.989462 -0.115342
19.9085 116.169 -31.2756 0.0968678 -0.989156 -0.110363
20.6442 116.181 -30.7151 0.1017 -0.989178 -0.105758
21.373 116.186 -30.0579 0.100581 -0.989336 -0.105339
22.3587 116.209 -29.2147 0.109894 -0.989009 -0.0989178
23.1468 116.216 -28.2427 0.119483 -0.989162 -0.0853111
24.026 116.216 -26.9733 0.120904 -0.989373 -0.0807364
24.6986 116.231 -26.1268 0.127996 -0.98869 -0.0778816
25.2685 116.249 -25.3347 0.135167 -0.988031 -0.0743313
25.8619 116.273 -24.515 0.150971 -0.985619 -0.0759196
26.4283 116.296 -23.6546 0.15777 -0.984525 -0.0762195
26.9051 116.305 -22.8118 0.163502 -0.983633 -0.075423
27.3071 116.312 -21.9813 0.17524 -0.979604 -0.0983203
27.6549 116.275 -20.8838 0.199959 -0.969029 -0.132244
27.9711 116.175 -20.0128 0.229994 -0.949374 -0.208423
28.22 115.965 -19.0211 0.187897 -0.941952 -0.275099
28.4624 115.574 -17.7596 0.12949 -0.935344 -0.327273
28.7995 115.274 -16.7194 0.103751 -0.939607 -0.325497
28.8569 114.899 -15.6397 0.14485 -0.924237 -0.351058
28.9743 114.521 -14.8424 0.0689235 -0.80724 -0.586186
28.9885 113.945 -14.0474 0.0380378 -0.80057 -0.597095
29.1702 113.373 -13.3506 -0.19312 -0.801159 -0.566436
29.5044 112.813 -12.6387 -0.187313 -0.843717 -0.503046
29.9432 112.284 -12.0039 -0.279902 -0.850754 -0.426922
31.087 111.669 -11.2302 -0.266648 -0.929314 -0.233283
32.0988 111.422 -10.7197 -0.0134473 -0.991159 -0.132
32.8757 111.349 -10.2479 -0.0501142 -0.99227 -0.103628
33.95 111.271 -9.75385 -0.0150681 -0.99566 -0.0918396
35.0944 111.193 -9.22343 -0.0274739 -0.994154 -0.104381
35.9211 111.126 -8.78351 -0.0246459 -0.994204 -0.104648
36.931 111.037 -8.2991 -0.0289843 -0.992777 -0.116417
37.8106 110.95 -7.7549 -0.012544 -0.990741 -0.135184
38.6956 110.816 -6.91561 -0.0202104 -0.989507 -0.143067
39.5172 110.686 -6.0462 0.00674554 -0.983643 -0.180002
40.2516 110.574 -5.40933 0.00359345 -0.9829 -0.184047
40.9075 110.386 -4.42264 0.019071 -0.981373 -0.190213
41.5537 110.217 -3.513 0.027743 -0.975999 -0.215999
42.1741 110.053 -2.68052 0.0326503 -0.974504 -0.221661
42.7546 109.897 -1.95125 0.04978 -0.97236 -0.227251
43.5496 109.733 -1.10342 0.0462141 -0.964172 -0.26122
44.1842 109.568 -0.435687 0.0306529 -0.948459 -0.315415
45.116 109.347 0.387514 0.0559086 -0.942351 -0.328747
46.0037 109.134 1.04713 0.0319534 -0.929717 -0.366886
46.95 108.813 1.93413 0.0347172 -0.903533 -0.426213
47.4309 108.52 2.63939 0.00761345 -0.903341 -0.427272
47.715 107.978 3.65671 -0.0138946 -0.878732 -0.477114
47.7544 107.483 4.5042 -0.059983 -0.872899 -0.4842
47.7262 106.884 5.57973 -0.0773908 -0.875189 -0.477143
47.6713 106.427 6.59151 -0.0333234 -0.961806 -0.271695
47.6265 105.966 7.5439 0.100928 -0.857475 -0.504529
47.3271 105.434 8.33093 -0.131715 -0.84383 -0.520046
46.9739 105.026 9.06945 -0.120687 -0.844462 -0.521838
46.5207 104.64 9.93344 -0.183633 -0.884209 -0.42948
45.8771 104.385 10.6763 -0.262214 -0.829982 -0.488857
44.9935 104.219 11.6062 -0.308214 -0.844312 -0.438339
44.3229 104.181 12.2928 -0.37591 -0.853277 -0.3614
43.3944 104.267 13.1307 -0.435265 -0.84733 -0.302205
42.3984 104.52 14.0291 -0.501986 -0.821873 -0.26712
41.4113 104.97 14.7152 -0.532674 -0.816983 -0.22006
40.2898 105.672 15.1166 -0.563505 -0.817503 -0.0806034
39.5082 106.118 15.1677 -0.587542 -0.797217 0.0255691
38.5187 106.595 14.8853 -0.290413 -0.937951 0.151126
37.6677 106.871 14.5155 -0.280301 -0.957804 0.0635799
36.6937 107.094 14.0297 -0.254284 -0.965015 -0.063924
35.7777 107.39 13.6651 -0.329257 -0.943972 -0.00539703
34.9135 107.674 13.2953 -0.305552 -0.952069 0.00811525
33.8156 108.028 12.664 -0.302235 -0.953017 -0.0202938
33.0591 108.317 12.2333 -0.333194 -0.941758 0.0120251
32.3071 108.544 11.7473 -0.303326 -0.95093 0.058356
31.3084 108.82 11.0093 -0.303247 -0.952433 0.0301967
30.4487 109.201 10.4621 -0.412521 -0.910734 0.0197625
29.536 109.579 9.76331 -0.406364 -0.910934 0.0711919
28.4698 110.034 9.08856 -0.422402 -0.906375 0.00784997
27.6859 110.419 8.84696 -0.466822 -0.882682 -0.0543154
26.6989 110.945 8.79364 -0.469028 -0.881477 -0.0548758
25.7009 111.455 8.96229 -0.449799 -0.890328 -0.0700466
24.8649 111.842 9.30975 -0.430484 -0.898763 -0.0808727
24.1286 112.129 9.90008 -0.436416 -0.894349 -0.0983929
23.417 112.375 10.4521 -0.400161 -0.906048 -0.137654
22.4749 112.702 11.1298 -0.385512 -0.917081 -0.0995609
21.6569 112.977 11.6731 -0.339532 -0.935117 -0.096037
20.7041 113.282 11.7311 -0.319643 -0.943588 -0.0835786
19.6726 113.597 11.783 -0.263595 -0.961547 -0.0762151
18.7203 113.857 11.8604 -0.238169 -0.967327 -0.0805218
17.2429 114.157 11.5414 -0.139402 -0.98466 -0.103186
15.7928 114.282 11.7022 -0.0696863 -0.988648 -0.133055
14.6861 114.307 11.9944 -0.0266571 -0.986465 -0.161793
13.6135 114.289 12.271 0.00263638 -0.979829 -0.197657
12.4866 114.139 12.873 0.00526846 -0.973596 -0.228218
11.503 113.963 13.3547 0.0552837 -0.960917 -0.271147
10.7206 113.762 13.8182 0.1267 -0.94439 -0.303437
9.73794 113.41 14.4725 0.140627 -0.938239 -0.315951
8.97847 113.097 15.0388 0.150767 -0.936449 -0.316753
8.26997 112.72 15.6201 0.177492 -0.906995 -0.38186
7.62523 112.349 16.1891 0.19168 -0.894643 -0.402833
6.99812 111.944 16.7366 0.219915 -0.879133 -0.422804
6.41772 111.502 17.2594 0.316349 -0.805872 -0.500493
5.51749 110.825 17.7014 0.298906 -0.756116 -0.581987
4.59447 110.109 18.1433 0.273148 -0.702926 -0.656723
3.82527 109.511 18.4411 0.207457 -0.690022 -0.69342
3.11286 109.074 18.6909 0.168919 -0.71954 -0.673594
2.1594 108.611 18.8609 0.142452 -0.644945 -0.748797
1.23523 108.319 19.0091 0.10333 -0.63769 -0.762534
0.140576 108.268 19.0031 -0.0179669 -0.607804 -0.792977
-0.882965 108.519 18.859 -0.0443798 -0.631495 -0.774109
-1.77446 108.956 18.6547 -0.134833 -0.670532 -0.729525
-2.59647 109.536 18.3316 -0.212885 -0.655973 -0.72238
-3.57558 110.304 17.9123 -0.272685 -0.691173 -0.667291
-4.24305 110.965 17.4246 -0.291928 -0.716919 -0.632005
-4.80352 111.568 16.9266 -0.29108 -0.836613 -0.464059
-5.5259 112.162 16.0913 -0.110515 -0.917135 -0.382917
-6.27583 112.594 15.1882 -0.0558805 -0.92725 -0.369904
-7.41765 113.158 14.0535 -0.0778231 -0.925938 -0.369101
-8.49706 113.605 13.0306 -0.0396032 -0.947529 -0.316308
-9.35606 113.842 12.3319 -0.0214121 -0.958967 -0.282708
-10.0671 114.034 11.7382 -0.00803864 -0.966736 -0.253424
-11.0557 114.176 11.0863 0.0150313 -0.976064 -0.216785
-12.1789 114.257 10.5866 0.0393486 -0.979904 -0.194529
-13.0591 114.268 10.2742 0.0587291 -0.981762 -0.180679
-14.5094 114.225 9.80217 0.0934182 -0.986668 -0.133262
-15.3943 114.156 9.55015 0.13093 -0.985326 -0.109502
-16.3057 114.056 9.33874 0.167998 -0.981407 -0.0928261
-17.2235 113.885 9.31764 0.207392 -0.972193 -0.108761
-18.1944 113.7 9.18347 0.218111 -0.971837 -0.0837854
-19.175 113.459 9.16161 0.234987 -0.966194 -0.10607
-20.0726 113.23 8.8045 0.29231 -0.951671 -0.0941009
-20.8966 113.008 8.32815 0.316485 -0.942885 -0.103948
-21.8161 112.779 7.371 0.350156 -0.930879 -0.1035
-22.7158 112.534 6.47899 0.371973 -0.922702 -0.101281
-23.5037 112.27 5.77459 0.409544 -0.907115 -0.0970305
-24.3932 111.914 5.37769 0.422684 -0.902703 -0.0751585
-25.2734 111.489 5.22456 0.465258 -0.881964 -0.0689364
-26.3071 110.906 5.22695 0.488994 -0.868379 -0.0824764
-27.1525 110.382 5.326 0.517212 -0.849144 -0.106844
-28.2903 109.656 5.43881 0.543921 -0.831421 -0.113429
-29.4017 108.891 5.73189 0.53478 -0.836732 -0.117855
-30.2365 108.328 6.11864 0.530008 -0.844485 -0.0770558
-30.9937 107.816 6.69279 0.49992 -0.863781 -0.0617258
-32.1019 107.145 7.14686 0.47638 -0.872803 -0.103688
-33.0633 106.613 7.54366 0.455895 -0.88756 -0.0654107
-33.8385 106.19 7.75334 0.475126 -0.876911 -0.0710639
-34.943 105.544 8.12136 0.481743 -0.872537 -0.0812522
-36.1585 104.848 8.54183 0.480493 -0.874384 -0.0676724
-37.0375 104.344 8.84233 0.505741 -0.861503 -0.0451549
-38.2279 103.615 9.15761 0.516263 -0.853719 -0.0679569
-39.0048 103.144 9.21647 0.538912 -0.836922 -0.0881894
-40.1452 102.457 8.98011 0.510398 -0.842531 -0.172148
-40.919 102.093 8.49994 0.467878 -0.846595 -0.253706
-41.583 101.923 7.84307 0.467852 -0.846608 -0.25371
-42.3418 101.86 6.91216 0.40806 -0.855845 -0.317825
-42.8234 101.926 6.1118 0.407607 -0.856702 -0.316098
-43.3787 102.096 5.28956 0.337844 -0.842681 -0.419226
-43.9359 102.442 4.2568 0.247508 -0.848404 -0.467068
-44.2984 102.92 3.15335 0.23065 -0.862919 -0.449634
-44.5222 103.591 1.86407 0.205296 -0.8578 -0.471204
-44.5891 104.116 1.06721 0.0654696 -0.872346 -0.484485
-44.6287 104.552 0.275802 0.0648256 -0.872116 -0.484985
-44.4681 105.172 -0.7807 0.0823127 -0.862385 -0.499516
-44.414 105.641 -1.62398 0.102012 -0.870892 -0.480772
-44.3373 106.138 -2.50882 0.11712 -0.878236 -0.46302
-44.2326 106.603 -3.34757 0.117259 -0.87314 -0.473156
-43.6871 107.273 -4.46722 0.115323 -0.887663 -0.445624
-42.6627 107.811 -5.30325 0.116027 -0.892354 -0.436167
-41.8811 108.095 -5.71998 0.105356 -0.905948 -0.410072
-40.9172 108.474 -6.35638 0.117121 -0.925335 -0.359495
-40.0934 108.809 -6.89769 0.149291 -0.923308 -0.353856
-39.3474 109.111 -7.36993 0.151396 -0.92973 -0.335087
-38.638 109.434 -7.98344 0.181769 -0.93623 -0.300722
-37.6754 109.88 -8.80066 0.179019 -0.938434 -0.295455
-36.6512 110.336 -9.69826 0.174412 -0.947756 -0.266718
-35.4688 110.852 -10.7352 0.187502 -0.949505 -0.251469
-34.5973 111.206 -11.4174 0.193266 -0.951809 -0.238017
-33.4515 111.619 -12.1347 0.20204 -0.952522 -0.227551
-32.1727 112.024 -12.6041 0.213514 -0.94757 -0.237607
-31.201 112.308 -12.9066 0.191576 -0.953993 -0.230542
-29.9374 112.68 -13.4597 0.179675 -0.958124 -0.222962
-28.7377 113.023 -13.8989 0.199077 -0.952684 -0.229685
-27.7285 113.469 -14.7958 0.2394 -0.942913 -0.231467
-26.7671 113.924 -15.6202 0.246364 -0.92532 -0.287255
-26.1629 114.299 -16.2401 0.268111 -0.898288 -0.343963
-25.5978 114.729 -17.0303 0.154608 -0.925971 -0.34449
-25.1833 115.106 -17.8286 0.102438 -0.932267 -0.34265
-24.7066 115.45 -18.8434 0.022252 -0.969464 -0.244221
-24.3529 115.699 -19.6779 -0.125324 -0.939219 -0.294911
-24.1625 115.886 -20.7122 -0.0746544 -0.97661 -0.201642
-23.8447 115.989 -21.5962 -0.107497 -0.986016 -0.127347
-23.5099 116.055 -22.5571 -0.10418 -0.990291 -0.0920336
-22.8993 116.12 -23.9412 -0.105241 -0.989981 -0.0941361
-22.7901 116.129 -24.156 -0.105738 -0.989949 -0.0939215
-22.5033 116.154 -24.7367 -0.105743 -0.989948 -0.0939194
