21.1594 121.334 -20.028 0.177106 -0.979937 -0.0913093
20.3999 121.295 -21.3196 0.20027 -0.97751 -0.0660726
19.6682 121.271 -22.4566 0.154805 -0.97995 -0.125431
18.805 121.269 -23.6684 0.165992 -0.981571 -0.0946827
18.0745 121.285 -24.8232 0.125863 -0.984949 -0.117405
17.2917 121.285 -25.8277 0.157181 -0.983112 -0.0908749
16.5123 121.24 -26.6059 0.123886 -0.988461 -0.0871568
15.7424 121.204 -27.2797 0.111814 -0.989023 -0.09557
14.9459 121.193 -27.9453 0.110545 -0.981856 -0.147013
13.7481 121.188 -28.9292 0.104642 -0.98691 -0.122714
12.867 121.184 -29.5969 0.0955491 -0.987401 -0.126032
12.018 121.143 -30.0785 0.116895 -0.988885 -0.0918802
10.9649 121.085 -30.5633 0.0889187 -0.987841 -0.118836
9.94545 121.058 -30.9672 0.0620786 -0.988487 -0.137987
8.91681 121.054 -31.314 0.0425412 -0.989178 -0.140417
7.97712 121.043 -31.6489 0.07352 -0.989135 -0.127308
6.71107 121.01 -32.0807 0.0571662 -0.989195 -0.134762
5.38158 120.998 -32.4076 0.031775 -0.987623 -0.153593
4.26281 121.001 -32.6485 0.0395611 -0.989137 -0.14074
3.19585 120.995 -32.8626 0.0210361 -0.994259 -0.104908
2.08688 121.008 -33.0467 -0.00174233 -0.994258 -0.106992
0.591834 121.008 -33.0982 0.00976515 -0.993934 -0.109544
-0.47879 120.99 -33.0419 0.00738883 -0.994495 -0.104325
-1.48384 120.979 -32.9622 0.00292933 -0.995011 -0.0997244
-2.55748 120.959 -32.819 0.0145233 -0.993865 -0.109644
-3.7363 120.929 -32.5619 -0.0327492 -0.989858 -0.13784
-4.90157 120.913 -32.2529 -0.0329046 -0.988703 -0.14597
-6.0915 120.945 -31.8963 -0.0442686 -0.992365 -0.112831
-7.36408 120.944 -31.4322 -0.0301433 -0.996408 -0.0764509
-8.54174 120.969 -30.9468 -0.0488256 -0.997271 -0.0553851
-9.69354 120.999 -30.5036 -0.0569709 -0.996246 -0.0639625
-11.0164 121.017 -29.9443 -0.0561492 -0.989673 -0.131886
-11.9482 121.025 -29.3209 -0.0820866 -0.990568 -0.109714
-12.839 121.063 -28.5755 -0.101671 -0.992646 -0.0656992
-13.5613 121.059 -27.8954 -0.0781292 -0.992229 -0.0968358
-14.2604 121.048 -27.2365 -0.0761124 -0.99214 -0.0993215
-14.9913 121.058 -26.4986 -0.0768401 -0.995477 -0.0492916
-15.8891 121.082 -25.5276 -0.0825759 -0.995083 -0.0507812
-16.4962 121.087 -24.6836 -0.0562258 -0.996302 -0.0649627
-17.1403 121.075 -23.6193 -0.104039 -0.988841 -0.106626
-17.7995 121.061 -22.4678 -0.0856111 -0.995878 -0.0299671
-18.261 121.075 -21.6339 -0.0869432 -0.995687 -0.032307
-18.6951 121.083 -20.7902 -0.0831111 -0.995363 -0.0484275
-19.1934 121.071 -19.8188 -0.0853573 -0.993648 -0.0731944
-19.578 121.04 -18.932 -0.0918124 -0.993237 -0.0709786
-19.8944 121.019 -18.0463 -0.0899387 -0.994644 -0.0509371
-20.2348 120.956 -16.8449 -0.0726453 -0.99212 -0.0923371
-20.5521 120.902 -15.9306 -0.0419635 -0.996436 -0.0728089
-20.9608 120.838 -14.736 -0.044427 -0.997324 -0.0565059
-21.2501 120.757 -13.5899 -0.00112417 -0.996431 -0.0844025
-21.4565 120.694 -12.5555 0.0162366 -0.99839 -0.0543522
-21.6841 120.652 -11.6283 0.0372332 -0.998243 -0.0420588
-22.0854 120.576 -10.647 0.0541494 -0.997582 -0.0368802
-22.4755 120.501 -9.83234 0.0870284 -0.994261 -0.062219
-23.1026 120.348 -8.73921 0.119903 -0.987902 -0.0983517
-23.8608 120.11 -7.55642 0.208689 -0.973716 -0.0912475
-24.4936 119.862 -6.75239 0.253786 -0.954138 -0.158604
-25.4389 119.41 -5.79117 0.288791 -0.936872 -0.197156
-26.3481 118.926 -5.02865 0.334756 -0.917564 -0.214511
-27.0741 118.544 -4.52598 0.349076 -0.912836 -0.211836
-28.0325 118.063 -4.00978 0.340913 -0.914664 -0.217181
-28.8476 117.705 -3.65704 0.30742 -0.92923 -0.204999
-30.1009 117.287 -3.65398 0.306422 -0.933795 -0.184749
-30.6804 116.971 -2.99426 0.294311 -0.940128 -0.171294
-31.9063 116.637 -3.12584 0.269717 -0.947108 -0.173896
-32.4573 116.354 -2.30238 0.238945 -0.957802 -0.159751
-33.5854 116.034 -2.05434 0.233682 -0.958778 -0.161528
-32.9574 116.151 -1.82637 0.242106 -0.957117 -0.15906
-31.9128 116.548 -2.64954 0.254331 -0.952455 -0.166824
-30.6615 116.949 -2.83906 0.282297 -0.944909 -0.1657
-29.6437 117.347 -3.18983 0.306288 -0.935354 -0.176917
-28.642 117.676 -3.1878 0.30742 -0.934875 -0.177487
-27.5618 118.028 -3.07841 0.347063 -0.918287 -0.190514
-26.5669 118.356 -2.87014 0.34517 -0.916388 -0.202442
-25.6251 118.666 -2.59232 0.372409 -0.907288 -0.195053
-24.792 118.942 -2.26254 0.371037 -0.909561 -0.187162
-23.9426 119.209 -1.83187 0.366448 -0.915809 -0.162615
-22.8954 119.486 -1.19662 0.336316 -0.926975 -0.165975
-22.169 119.649 -0.673041 0.329012 -0.929365 -0.167424
-21.0674 119.902 0.298468 0.317419 -0.938515 -0.135774
-20.192 120.076 1.22415 0.285874 -0.951901 -0.110276
-19.5799 120.179 1.92788 0.285148 -0.95401 -0.0902852
-19.0201 120.286 2.63197 0.252959 -0.965799 -0.056951
-18.3814 120.399 3.46635 0.232884 -0.970935 -0.0535683
-17.8903 120.489 4.22981 0.228232 -0.973141 -0.030103
-17.3941 120.577 4.98498 0.220042 -0.974669 -0.0400142
-16.8547 120.666 5.74613 0.19852 -0.979614 -0.0277236
-16.2879 120.764 6.56744 0.192409 -0.981185 -0.0159814
-15.2956 120.897 7.78123 0.145592 -0.98785 -0.0511176
-14.413 120.98 8.25632 0.11565 -0.990204 -0.0782433
-13.4673 121.096 8.34975 0.137344 -0.986773 -0.0861107
-12.3813 121.212 8.29079 0.108689 -0.98418 -0.139916
-11.2178 121.311 8.38085 0.0841427 -0.986399 -0.1412
-10.2942 121.361 8.59003 0.0866108 -0.98007 -0.17846
-9.33831 121.379 8.93673 0.0710101 -0.977746 -0.196637
-8.28839 121.309 9.55272 0.0691983 -0.973583 -0.216767
-7.54942 121.179 10.2453 0.0823475 -0.937743 -0.337206
-6.83028 120.861 11.3207 0.0686488 -0.93832 -0.338657
-6.40861 120.558 12.2086 0.0636179 -0.934993 -0.348912
-5.95278 120.039 13.3039 0.0383376 -0.895282 -0.443843
-5.60284 119.487 14.3608 -0.00331784 -0.878525 -0.477685
-5.17273 118.815 15.4603 -0.00543722 -0.833447 -0.552573
-4.79795 118.313 16.2204 0.0293994 -0.830054 -0.556908
-4.35179 117.775 16.9871 0.0457749 -0.801705 -0.595954
-3.83536 117.109 17.8239 0.00841671 -0.740722 -0.671758
-3.27511 116.353 18.6666 0.0121756 -0.740025 -0.672469
-2.79496 115.644 19.4238 -0.0201516 -0.711157 -0.702742
-2.47561 115.02 20.0446 -0.0303865 -0.704099 -0.709323
-2.12167 114.152 20.8411 -0.0345128 -0.675923 -0.736163
-1.79159 113.459 21.4265 -0.0589073 -0.632346 -0.772443
-1.37747 112.702 22.0178 -0.0535261 -0.6353 -0.770409
-0.822308 111.939 22.5477 -0.0482718 -0.568858 -0.821009
-0.190632 111.328 22.9292 -0.000149382 -0.559654 -0.827102
1.04276 111.218 23.0531 0.0248562 -0.522667 -0.852174
1.74891 111.914 22.6796 0.0874695 -0.573679 -0.81343
2.31015 112.698 22.145 0.0987008 -0.602066 -0.792292
2.85236 113.688 21.4351 0.112489 -0.63331 -0.765679
3.36407 114.645 20.6696 0.102413 -0.667073 -0.737919
3.81517 115.491 19.9479 0.0831025 -0.69098 -0.717709
4.37966 116.385 19.1089 0.0804849 -0.706976 -0.702599
4.83109 117.062 18.437 0.103726 -0.747559 -0.656046
5.24266 117.649 17.8206 0.0826177 -0.778074 -0.622381
5.67111 118.2 17.1648 0.0548853 -0.798271 -0.599311
6.1635 118.676 16.539 0.0677556 -0.808973 -0.5835
6.83197 119.228 15.8127 0.0560304 -0.839544 -0.540391
7.67888 119.773 15.0322 0.0432315 -0.84863 -0.527217
8.46474 120.207 14.3613 0.0245109 -0.881272 -0.471974
9.33353 120.531 13.76 0.0156584 -0.896953 -0.441848
10.288 120.784 13.2671 0.0114644 -0.922517 -0.385787
11.1699 120.949 12.9222 0.0391363 -0.938329 -0.341159
12.4065 121.051 12.5959 -0.0197634 -0.969482 -0.242848
13.4879 121.091 12.2199 -0.050692 -0.973586 -0.22218
14.7044 121.108 11.5698 -0.087839 -0.978808 -0.184984
15.7298 121.129 10.7898 -0.118666 -0.982129 -0.142296
16.7778 121.074 9.99969 -0.171543 -0.977855 -0.116621
17.6014 120.977 9.36184 -0.194265 -0.973642 -0.118776
18.4207 120.906 8.73219 -0.224308 -0.962063 -0.155311
19.3553 120.826 8.02651 -0.183004 -0.964787 -0.188935
20.1497 120.784 7.45655 -0.203736 -0.964635 -0.165258
20.9281 120.72 6.70129 -0.249871 -0.953888 -0.163563
21.8132 120.662 5.77934 -0.300642 -0.916908 -0.262476
22.3966 120.67 5.07757 -0.268108 -0.93625 -0.227055
22.9465 120.589 4.23626 -0.415664 -0.891424 -0.18052
23.6524 120.484 3.20268 -0.407686 -0.891183 -0.198961
24.2025 120.392 2.48941 -0.408144 -0.894181 -0.183316
24.717 120.341 1.61973 -0.385057 -0.906123 -0.175136
24.5769 120.607 0.571955 -0.369057 -0.913811 -0.168266
24.1862 120.929 -0.509047 -0.35603 -0.923968 -0.139733
23.9581 121.106 -1.52261 -0.235188 -0.960992 -0.145537
23.8796 121.256 -2.54735 -0.14648 -0.982021 -0.108529
23.9376 121.401 -3.53207 -0.157348 -0.975947 -0.147249
23.9962 121.442 -4.72203 -0.0230386 -0.999504 -0.00138403
24.2741 121.431 -6.03929 0.0380136 -0.999248 -0.0075656
24.463 121.435 -7.12148 0.0723963 -0.997193 0.0186829
24.5279 121.425 -8.07835 0.0809893 -0.996154 0.0294729
24.4764 121.405 -9.14824 0.115655 -0.993279 0.00465319
24.4047 121.395 -10.0503 0.132463 -0.990511 -0.0217984
24.2993 121.42 -10.9621 0.150946 -0.987606 -0.0430139
24.1191 121.436 -11.9654 0.167125 -0.984143 -0.0556583
23.939 121.462 -13.1299 0.157906 -0.986365 -0.0463618
23.6877 121.466 -14.1887 0.185633 -0.979556 -0.067344
23.3323 121.498 -15.4147 0.21073 -0.974369 -0.0784856
23.0351 121.509 -16.3007 0.205431 -0.975281 -0.0813913
22.4586 121.474 -17.595 0.222426 -0.972999 -0.0616396
21.944 121.415 -18.5925 0.231954 -0.96985 -0.0726909
21.513 121.359 -19.3938 0.205724 -0.977653 -0.043278
21.3545 121.339 -19.6913 0.190948 -0.979077 -0.0651772
22.1024 121.57 -20.25 0.262988 -0.959414 -0.100188
21.6322 121.544 -21.0724 0.249003 -0.963275 -0.0992473
20.983 121.505 -22.1532 0.21785 -0.971244 -0.0956554
20.4925 121.467 -22.9691 0.187725 -0.975693 -0.106381
19.8217 121.485 -23.8576 0.154973 -0.977973 -0.139827
19.2854 121.478 -24.6404 0.201964 -0.973811 -0.10442
18.7127 121.48 -25.6344 0.13821 -0.982432 -0.125385
18.081 121.486 -26.3891 0.157229 -0.980796 -0.113465
17.1936 121.452 -27.2606 0.162961 -0.973156 -0.162513
16.4363 121.399 -27.8988 0.194242 -0.966026 -0.168755
15.5323 121.406 -28.662 0.146044 -0.975183 -0.16191
14.4723 121.347 -29.5912 0.137739 -0.981621 -0.127669
13.4023 121.375 -30.4005 0.110207 -0.974978 -0.193062
12.0866 121.3 -31.1016 0.123679 -0.979517 -0.158435
11.1801 121.259 -31.4822 0.108292 -0.980431 -0.164288
10.3421 121.231 -31.8286 0.0998939 -0.981346 -0.164259
8.91672 121.189 -32.3283 0.0844318 -0.979551 -0.182625
8.04726 121.173 -32.6209 0.0692568 -0.98881 -0.131981
7.20255 121.167 -32.9363 0.067462 -0.983287 -0.169103
6.13263 121.151 -33.2197 0.0349083 -0.9864 -0.160614
5.21957 121.15 -33.3983 0.0505464 -0.982671 -0.176505
4.06132 121.121 -33.6521 0.0421999 -0.990907 -0.127625
2.90113 121.125 -33.8923 0.018331 -0.986576 -0.16224
1.58028 121.144 -34.0591 0.009087 -0.991223 -0.130738
0.343165 121.11 -34.0467 0.0178902 -0.992762 -0.118159
-0.662224 121.092 -33.991 0.0118477 -0.993979 -0.108927
-1.68686 121.074 -33.9131 -0.00561688 -0.988393 -0.144701
-2.98007 121.057 -33.7317 -0.0281444 -0.97993 -0.196657
-4.36429 121.064 -33.3794 -0.0327596 -0.989857 -0.137843
-5.36658 121.062 -33.1153 -0.0353677 -0.989554 -0.139369
-6.27525 121.051 -32.8485 -0.0252195 -0.990893 -0.132265
-7.46126 121.049 -32.4374 -0.0465157 -0.993721 -0.101757
-8.57719 121.055 -31.9709 -0.0493509 -0.993772 -0.0999081
-9.77974 121.088 -31.5118 -0.0635872 -0.986666 -0.149825
-10.9137 121.118 -31.059 -0.0956577 -0.9896 -0.09886
-12.1639 121.159 -30.3569 -0.0837875 -0.985 -0.150843
-13.0917 121.172 -29.6387 -0.105616 -0.990637 -0.0865048
-13.8058 121.188 -28.982 -0.0889366 -0.988838 -0.119351
-14.6442 121.175 -28.1966 -0.101684 -0.988943 -0.107195
-15.295 121.182 -27.5665 -0.113436 -0.987713 -0.107499
-16.088 121.185 -26.7623 -0.107816 -0.990454 -0.0816708
-16.763 121.212 -26.0094 -0.151779 -0.983881 -0.0945619
-17.5211 121.215 -24.8902 -0.151986 -0.982399 -0.108593
-18.0746 121.202 -23.8831 -0.112285 -0.988341 -0.102417
-18.8056 121.185 -22.5959 -0.120435 -0.990772 -0.0619365
-19.3639 121.19 -21.5921 -0.116674 -0.991695 -0.0541163
-19.9113 121.206 -20.5833 -0.10899 -0.991196 -0.0709671
-20.2888 121.163 -19.724 -0.0923412 -0.992254 -0.082588
-20.7778 121.138 -18.5471 -0.156562 -0.984501 -0.0786187
-21.0586 121.116 -17.4321 -0.109246 -0.99039 -0.075425
-21.508 120.997 -16.0876 -0.0946117 -0.987339 -0.127317
-21.8392 120.929 -15.1478 -0.0421152 -0.992502 -0.114743
-22.1102 120.822 -14.0721 -0.0372524 -0.994418 -0.0987179
-22.3145 120.711 -12.9911 -0.00789491 -0.995856 -0.0855394
-22.5114 120.66 -12.1105 0.0165444 -0.996104 -0.0816338
-22.9371 120.555 -11.0427 0.0668875 -0.994755 -0.0742328
-23.4105 120.434 -10.06 0.103132 -0.991549 -0.0757904
-23.9311 120.293 -9.21668 0.142009 -0.984953 -0.0974242
-24.3953 120.137 -8.44112 0.160018 -0.978807 -0.126052
-25.0396 119.857 -7.57536 0.250845 -0.954029 -0.163843
-25.6559 119.573 -6.91237 0.275871 -0.945119 -0.173565
-26.5892 119.077 -6.05323 0.326625 -0.922661 -0.2045
-27.5851 118.55 -5.33988 0.330715 -0.918749 -0.215702
-28.4681 118.118 -4.91896 0.336586 -0.91444 -0.224697
-29.2678 117.778 -4.6818 0.323816 -0.926532 -0.191526
-30.2573 117.406 -4.51906 0.297451 -0.935188 -0.191866
-31.2861 117.045 -4.31044 0.288489 -0.936579 -0.198982
-32.1136 116.758 -4.05825 0.259807 -0.945661 -0.195239
-32.933 116.459 -3.61695 0.23325 -0.954385 -0.186398
-33.6964 116.179 -3.12219 0.222093 -0.961349 -0.162086
-34.4279 115.932 -2.62232 0.209607 -0.963019 -0.169293
-35.328 115.604 -1.92124 0.217478 -0.961176 -0.169815
-36.0371 115.358 -1.37776 0.185471 -0.964431 -0.188342
-36.7839 115.118 -0.852368 0.169899 -0.968542 -0.181775
-38.0091 114.761 -0.145211 0.187442 -0.964216 -0.187489
-39.2926 114.469 0.159669 0.150676 -0.9762 -0.15563
-40.3463 114.28 0.439326 0.107326 -0.974422 -0.197393
-41.3254 114.072 0.963741 0.106298 -0.977074 -0.184467
-42.1256 113.826 1.66309 0.146271 -0.95281 -0.266002
-43.0272 113.439 2.51905 0.179456 -0.944809 -0.273043
-43.8119 113.08 3.14221 0.272316 -0.887374 -0.372037
-44.5199 112.685 3.56519 0.253644 -0.890572 -0.377045
-45.3706 112.221 4.03686 0.251944 -0.871382 -0.420973
-46.2819 111.775 4.38116 0.27119 -0.860874 -0.430525
-47.5215 111.254 4.67715 0.257148 -0.849428 -0.460811
-48.6192 110.753 4.94791 0.255973 -0.823923 -0.50519
-49.8846 110.045 5.45025 0.264003 -0.809307 -0.524715
-50.4807 109.238 6.33248 0.280968 -0.787009 -0.549249
-50.5575 108.503 7.3114 0.299051 -0.761808 -0.574043
-50.4835 107.929 8.10417 0.323277 -0.755244 -0.570173
-50.2427 107.294 9.07839 0.322846 -0.753 -0.573377
-49.926 106.803 9.90115 0.340732 -0.753566 -0.561769
-49.5 106.374 10.7401 0.361487 -0.740976 -0.565934
-49.0524 106.055 11.4664 0.391353 -0.758607 -0.520723
-48.3493 105.764 12.4455 0.407012 -0.763224 -0.501597
-47.7256 105.67 13.1475 0.467962 -0.742585 -0.479144
-47.0087 105.697 13.8462 0.51514 -0.751265 -0.412593
-45.9875 105.957 14.6554 0.531798 -0.746637 -0.399314
-45.198 106.31 15.0821 0.542207 -0.746057 -0.386537
-44.3466 106.8 15.3184 0.584511 -0.739234 -0.334485
-43.322 107.622 15.2465 0.562825 -0.758101 -0.329409
-42.6855 108.221 14.9614 0.570707 -0.759074 -0.312788
-41.9791 109.025 14.2532 0.541666 -0.784147 -0.302837
-41.5764 109.544 13.6314 0.545055 -0.789669 -0.281669
-41.2936 110.111 12.6588 0.511426 -0.798584 -0.317343
-41.1672 110.728 11.3207 0.493707 -0.801145 -0.337346
-41.0335 111.296 10.1408 0.451718 -0.823575 -0.343038
-40.8934 111.801 9.09047 0.433384 -0.828853 -0.352858
-40.7906 112.294 8.03095 0.366574 -0.87418 -0.313942
-40.5746 112.643 7.16457 0.320899 -0.898294 -0.300155
-40.2015 113.102 6.14843 0.273063 -0.924449 -0.261593
-39.7713 113.418 5.33886 0.227362 -0.948383 -0.219449
-39.13 113.782 4.28751 0.221731 -0.959491 -0.17232
-38.4669 114.065 3.42943 0.203494 -0.964812 -0.165415
-37.7424 114.358 2.59432 0.217715 -0.964491 -0.149525
-36.9514 114.644 1.91645 0.222468 -0.963843 -0.146584
-36.1125 114.913 1.39199 0.220941 -0.964951 -0.141613
-35.2127 115.191 0.898858 0.217488 -0.967223 -0.131071
-34.2411 115.498 0.336016 0.246933 -0.960342 -0.129478
-33.5293 115.748 -0.1728 0.246935 -0.960531 -0.128073
-32.6744 116.054 -0.819392 0.245978 -0.958361 -0.144138
-31.5828 116.465 -1.50538 0.277171 -0.951403 -0.134198
-30.4249 116.872 -1.94801 0.274529 -0.951106 -0.141211
-29.5588 117.18 -2.16005 0.306362 -0.936599 -0.170071
-28.178 117.645 -2.2047 0.311422 -0.934121 -0.174456
-26.8855 118.052 -1.97697 0.341679 -0.922033 -0.181964
-26.0229 118.33 -1.72103 0.362943 -0.915461 -0.173794
-25.1642 118.619 -1.42996 0.373541 -0.908643 -0.186624
-24.008 118.997 -0.80573 0.373 -0.91086 -0.175586
-23.1642 119.219 -0.276151 0.363443 -0.917009 -0.162591
-22.0899 119.512 0.573018 0.354554 -0.925507 -0.132338
-21.3993 119.684 1.2411 0.322058 -0.942376 -0.090586
-20.4869 119.883 2.2811 0.284418 -0.95612 -0.0702865
-19.6479 120.051 3.34664 0.278516 -0.958374 -0.0617702
-19.0773 120.175 4.11651 0.280494 -0.958669 -0.0474984
-18.3869 120.331 5.16932 0.282356 -0.958497 -0.0390416
-17.6615 120.471 6.22347 0.223304 -0.974352 -0.0261947
-17.0636 120.593 7.12315 0.234753 -0.971868 -0.0176155
-16.5054 120.684 7.93412 0.183718 -0.982541 -0.029355
-15.8171 120.765 8.66605 0.132254 -0.989136 -0.0641705
-14.9939 120.839 9.17662 0.115352 -0.990055 -0.0804996
-13.929 120.944 9.39779 0.0862105 -0.991426 -0.0932669
-12.5984 121.058 9.22007 0.0748886 -0.989905 -0.120096
-11.4317 121.123 9.2469 0.0763734 -0.979787 -0.183745
-10.3592 121.177 9.50055 0.0939458 -0.976795 -0.19247
-9.42478 121.163 9.94597 0.056433 -0.964195 -0.253984
-8.56766 121.033 10.515 0.05747 -0.951062 -0.303609
-7.66416 120.659 11.7174 0.0395252 -0.939982 -0.338536
-7.23701 120.339 12.526 0.0901291 -0.909529 -0.40575
-6.82762 119.818 13.6772 0.0381066 -0.896221 -0.441968
-6.46277 119.238 14.7693 0.00934918 -0.855982 -0.516922
-6.1593 118.76 15.5481 0.00443193 -0.823453 -0.567348
-5.73012 118.14 16.4557 0.0015807 -0.80599 -0.591141
-5.31452 117.577 17.1732 0.0214824 -0.794483 -0.606193
-4.82881 116.941 17.9796 0.0162326 -0.745442 -0.666289
-4.39153 116.364 18.6468 0.0125392 -0.752055 -0.658981
-3.68855 115.431 19.6587 -0.00363754 -0.715642 -0.698308
-3.38124 114.822 20.2649 -0.0129407 -0.696525 -0.717208
-3.01469 113.866 21.1413 -0.0283409 -0.673574 -0.738574
-2.69681 113.228 21.6946 -0.0718783 -0.634278 -0.769756
-2.18403 112.25 22.4252 -0.0734424 -0.587819 -0.80551
-1.46182 111.312 23.0205 -0.0836578 -0.565243 -0.820461
-0.819145 110.674 23.385 -0.0376225 -0.524797 -0.850395
-0.0384721 110.137 23.6692 -0.00795132 -0.513278 -0.857287
1.22656 110.229 23.678 0.0760553 -0.520647 -0.850128
2.10435 110.963 23.3303 0.0901842 -0.535727 -0.839493
2.92542 112.007 22.7464 0.144369 -0.572361 -0.807018
3.35867 112.779 22.2299 0.14067 -0.608416 -0.781052
3.86631 113.752 21.515 0.10163 -0.64663 -0.756003
4.27446 114.52 20.9085 0.0992893 -0.663985 -0.740924
4.74582 115.33 20.2118 0.082195 -0.696305 -0.713024
5.19734 116.043 19.557 0.0870335 -0.708271 -0.700554
5.62154 116.693 18.9506 0.0861952 -0.724795 -0.683164
6.00573 117.309 18.312 0.0816327 -0.741887 -0.665537
6.58058 118.005 17.5063 0.0668347 -0.77924 -0.623143
7.28069 118.686 16.6961 0.0726246 -0.822279 -0.563519
8.09449 119.288 15.8556 0.0664477 -0.835041 -0.546122
8.74624 119.708 15.3036 0.0468901 -0.835555 -0.546899
9.40169 120.021 14.7578 0.0246671 -0.881293 -0.471926
10.4077 120.395 14.1886 0.0544649 -0.888306 -0.454501
11.259 120.6 13.8303 0.0712265 -0.928879 -0.36347
12.4031 120.762 13.5357 0.035716 -0.952181 -0.30344
13.2909 120.83 13.3616 -0.0410475 -0.972809 -0.227938
14.1591 120.874 13.0228 -0.0395019 -0.972982 -0.227477
15.0255 120.901 12.4969 -0.0892038 -0.977579 -0.190737
15.7959 120.932 11.9546 -0.0962553 -0.978057 -0.184771
16.5603 120.932 11.3661 -0.164207 -0.977297 -0.132376
17.4215 120.858 10.6787 -0.213838 -0.968645 -0.126474
18.1425 120.772 10.1074 -0.221366 -0.967336 -0.123325
19.0474 120.654 9.42232 -0.219506 -0.966507 -0.132974
20.1387 120.536 8.61523 -0.264848 -0.935589 -0.233515
20.8702 120.472 8.023 -0.278661 -0.93411 -0.223128
21.6786 120.395 7.2691 -0.295184 -0.940832 -0.164738
22.4841 120.267 6.38934 -0.307851 -0.92683 -0.207452
23.1913 120.199 5.45552 -0.427847 -0.878735 -0.211595
23.6994 120.136 4.64334 -0.414458 -0.886966 -0.202897
24.313 120.074 3.74127 -0.39681 -0.893516 -0.210167
24.9387 119.976 2.95857 -0.389885 -0.90161 -0.187291
25.6034 119.887 2.05436 -0.356591 -0.916881 -0.179366
25.8273 120.035 0.97291 -0.307866 -0.934912 -0.176517
25.4084 120.357 0.163598 -0.353484 -0.91231 -0.206415
24.996 120.713 -0.897142 -0.293776 -0.941609 -0.164522
24.7982 121.024 -2.24557 -0.214709 -0.964869 -0.151421
24.8077 121.182 -3.192 -0.200852 -0.967476 -0.152915
24.876 121.29 -4.08517 -0.124154 -0.980877 -0.149889
25.0412 121.401 -5.03903 -0.128258 -0.984871 -0.116532
25.2444 121.468 -6.00529 0.0626483 -0.997419 -0.0204931
25.4283 121.519 -7.02922 0.0884245 -0.995725 -0.00944887
25.4863 121.522 -8.24425 0.108214 -0.994122 -0.00333381
25.4268 121.514 -9.1719 0.158407 -0.986287 -0.0463156
25.3532 121.546 -10.1088 0.159133 -0.986252 -0.0445284
25.1938 121.606 -11.5313 0.177935 -0.981425 -0.07145
24.9629 121.638 -12.8951 0.186723 -0.981589 -0.0402134
24.6656 121.691 -14.1954 0.263445 -0.961089 -0.0830985
24.3933 121.712 -15.1354 0.213713 -0.973114 -0.0853023
24.0134 121.742 -16.443 0.280159 -0.95386 -0.107473
23.6312 121.726 -17.3143 0.272097 -0.956687 -0.103507
23.1436 121.687 -18.2999 0.269165 -0.958419 -0.0899146
22.6806 121.652 -19.183 0.251492 -0.965132 -0.0693889
22.3136 121.595 -19.8561 0.27376 -0.957959 -0.0858471
23.1381 121.876 -20.2599 0.305282 -0.947891 -0.0911352
23.6083 121.941 -19.4007 0.300429 -0.948715 -0.0983961
24.1485 121.992 -18.351 0.272127 -0.955273 -0.115758
24.7187 122.024 -17.1693 0.281903 -0.954519 -0.0970735
25.073 122.021 -16.1997 0.297778 -0.948193 -0.108491
25.4815 121.981 -14.7228 0.308954 -0.942297 -0.128937
25.8323 121.913 -13.317 0.254018 -0.961097 -0.108482
26.0721 121.827 -12.1016 0.230673 -0.966279 -0.11259
26.2078 121.772 -11.198 0.2248 -0.969926 -0.0933216
26.2882 121.706 -10.296 0.158767 -0.98627 -0.0454253
26.3904 121.645 -9.05913 0.103235 -0.992969 -0.0579225
26.4551 121.585 -8.14414 0.0638084 -0.995652 -0.0463998
26.409 121.547 -7.12463 -0.0276662 -0.99233 -0.120479
26.2004 121.405 -5.78484 -0.0541327 -0.990155 -0.126195
25.9142 121.233 -4.57992 -0.0893627 -0.985911 -0.134719
25.7463 121.047 -3.4751 -0.178368 -0.965302 -0.190727
25.7012 120.867 -2.43845 -0.217702 -0.951407 -0.210957
25.7725 120.621 -1.52751 -0.26037 -0.938609 -0.226321
26.0651 120.283 -0.53335 -0.298666 -0.925793 -0.231744
26.5523 119.926 0.340585 -0.281843 -0.936956 -0.206586
27.2252 119.557 1.15632 -0.254716 -0.94279 -0.215097
26.8188 119.475 2.0486 -0.259932 -0.945179 -0.197493
26.0833 119.546 2.86539 -0.353053 -0.919617 -0.172218
25.5251 119.612 3.58026 -0.332252 -0.91886 -0.212851
24.9263 119.657 4.35548 -0.397271 -0.8936 -0.208932
24.2373 119.721 5.43214 -0.383304 -0.899061 -0.210774
23.5262 119.787 6.50652 -0.423761 -0.881784 -0.207086
22.6202 119.948 7.56603 -0.391726 -0.891571 -0.22724
21.9181 120.058 8.27088 -0.342424 -0.902701 -0.260532
21.2083 120.154 8.92123 -0.326032 -0.925221 -0.193877
20.4594 120.26 9.53117 -0.257463 -0.950654 -0.173115
19.6809 120.384 10.1013 -0.280205 -0.94733 -0.155087
18.8225 120.529 10.7332 -0.245023 -0.958965 -0.142656
17.9223 120.645 11.4525 -0.215322 -0.967688 -0.131211
17.1902 120.711 12.0508 -0.181804 -0.970838 -0.156274
16.4651 120.73 12.6362 -0.153819 -0.970619 -0.185034
15.5691 120.699 13.2767 -0.0898022 -0.977496 -0.190884
14.7326 120.65 13.8183 -0.00205649 -0.948977 -0.314731
13.6382 120.505 14.2665 -0.0194097 -0.933307 -0.358416
12.4189 120.439 14.4249 0.0737856 -0.916408 -0.388024
11.0987 120.126 14.8041 0.0642335 -0.885882 -0.458655
10.1854 119.781 15.28 0.0823439 -0.864091 -0.495914
9.4696 119.421 15.779 0.0240599 -0.839295 -0.543143
8.71963 118.94 16.467 0.0456355 -0.818168 -0.57175
8.12008 118.434 17.1094 0.0280904 -0.798076 -0.601902
7.47941 117.797 17.8627 0.06684 -0.779242 -0.62314
6.90344 117.133 18.6032 0.0433533 -0.749532 -0.660524
6.45479 116.405 19.3749 0.0967371 -0.726533 -0.679795
5.93297 115.58 20.1162 0.100296 -0.695768 -0.711225
5.46126 114.855 20.7626 0.0934621 -0.686145 -0.721244
5.08838 114.213 21.2775 0.113028 -0.654473 -0.747589
4.54667 113.189 22.0798 0.098997 -0.638555 -0.763182
3.92183 111.983 22.9265 0.13065 -0.581255 -0.803165
3.38312 111.136 23.4412 0.152823 -0.542488 -0.825631
2.81044 110.422 23.7835 0.14756 -0.521513 -0.840387
2.06202 109.744 24.0833 0.134293 -0.490289 -0.86009
1.14353 109.175 24.2686 0.0536258 -0.437236 -0.897747
-0.161239 109.186 24.2025 -0.0203196 -0.441814 -0.895793
-1.10926 109.724 23.9603 -0.0311218 -0.497222 -0.867065
-2.01639 110.59 23.5526 -0.0907794 -0.544629 -0.833676
-2.78454 111.503 23.0235 -0.0836556 -0.565243 -0.820461
-3.21169 112.194 22.5478 -0.125796 -0.612359 -0.780508
-3.53629 112.895 22.0442 -0.0568712 -0.669434 -0.740677
-4.02118 113.839 21.2249 -0.0601142 -0.671684 -0.738394
-4.39149 114.883 20.2236 -0.020196 -0.706354 -0.707007
-4.82464 115.49 19.5802 0.0277559 -0.717772 -0.695725
-5.29027 116.051 18.971 0.0431535 -0.73673 -0.674732
-5.7309 116.618 18.3121 0.0411295 -0.743533 -0.667433
-6.16864 117.276 17.5459 0.0232124 -0.780533 -0.62468
-6.56952 117.78 16.8992 0.0223079 -0.781795 -0.623137
-6.93782 118.384 16.094 0.017806 -0.808434 -0.587506
-7.24114 118.869 15.3432 0.0224893 -0.844274 -0.53544
-7.53148 119.362 14.5234 0.0240508 -0.869602 -0.493168
-7.84955 119.883 13.5038 0.0145554 -0.903354 -0.42865
-8.31882 120.371 12.3969 0.0249957 -0.928078 -0.370581
-9.07123 120.75 11.2986 0.0395252 -0.939982 -0.338536
-10.2149 120.943 10.5262 0.0394824 -0.954595 -0.295277
-11.4528 120.941 10.1606 0.0174595 -0.975681 -0.218497
-12.5578 120.909 10.15 0.00556804 -0.986459 -0.163914
-13.7376 120.851 10.3547 0.00829082 -0.975311 -0.220681
-14.9892 120.76 10.3687 0.0771334 -0.995173 -0.0606716
-16.0721 120.673 9.75387 0.138617 -0.989899 -0.029757
-16.9289 120.567 8.96521 0.180139 -0.982801 -0.0406521
-17.7065 120.429 7.89919 0.236014 -0.971694 -0.0103877
-18.3957 120.271 6.76899 0.25859 -0.965904 -0.0126965
-18.8912 120.153 6.02104 0.272355 -0.96121 -0.0418617
-19.6809 119.958 4.87984 0.313196 -0.948898 -0.0368451
-20.3843 119.783 3.90974 0.330936 -0.940639 -0.075359
-20.9274 119.639 3.17646 0.345109 -0.936337 -0.0645987
-21.4843 119.507 2.47534 0.361449 -0.927194 -0.0983163
-22.3333 119.283 1.56247 0.363365 -0.923531 -0.122576
-23.1164 119.061 0.869725 0.365877 -0.921247 -0.131553
-23.8975 118.834 0.313068 0.369864 -0.918526 -0.139683
-24.9342 118.5 -0.272989 0.394196 -0.903368 -0.168927
-26.0233 118.134 -0.709228 0.359204 -0.914541 -0.185976
-27.2325 117.75 -1.07183 0.334383 -0.925694 -0.17686
-28.4289 117.367 -1.25317 0.301505 -0.935012 -0.186351
-29.6175 116.973 -1.12438 0.286666 -0.944229 -0.160362
-30.9241 116.553 -0.767611 0.274527 -0.951107 -0.141212
-31.9871 116.159 -0.138465 0.277045 -0.952358 -0.12752
-32.7348 115.88 0.424538 0.256263 -0.958998 -0.121047
-33.588 115.571 1.07057 0.2573 -0.958945 -0.119252
-34.3585 115.306 1.53978 0.255615 -0.960344 -0.111035
-35.1499 115.056 1.93681 0.251956 -0.962311 -0.102349
-36.3342 114.674 2.63736 0.22401 -0.96273 -0.151557
-37.1179 114.388 3.30639 0.217747 -0.964356 -0.150347
-37.717 114.15 3.96321 0.217791 -0.964218 -0.151163
-38.3898 113.837 4.88907 0.235956 -0.954862 -0.179707
-38.9064 113.558 5.73428 0.264249 -0.944725 -0.191084
-39.3648 113.228 6.55539 0.290617 -0.935562 -0.199856
-39.7474 112.828 7.59372 0.345865 -0.898292 -0.271014
-39.981 112.458 8.52083 0.36658 -0.874181 -0.313933
-40.101 112.085 9.35878 0.409829 -0.856471 -0.313844
-40.2096 111.712 10.2503 0.453501 -0.837305 -0.302827
-40.2984 111.329 11.107 0.484611 -0.816183 -0.314639
-40.3894 110.861 12.186 0.494295 -0.814121 -0.304464
-40.5041 110.436 13.2018 0.504795 -0.817438 -0.277447
-40.8093 109.905 14.1009 0.545049 -0.789313 -0.282678
-41.3744 109.184 14.9895 0.563664 -0.776065 -0.282852
-42.0026 108.459 15.6734 0.57647 -0.761266 -0.296912
-42.8543 107.623 16.111 0.591083 -0.74522 -0.308655
-43.9035 106.7 16.3331 0.585547 -0.74548 -0.318426
-44.814 106.083 16.0927 0.591175 -0.737926 -0.325506
-45.9657 105.464 15.619 0.545352 -0.7379 -0.397613
-46.8736 105.192 14.9571 0.497321 -0.751916 -0.432775
-47.8397 105.039 14.0573 0.454108 -0.771959 -0.442449
-48.4786 105.08 13.4223 0.427005 -0.767829 -0.477599
-49.3261 105.277 12.3944 0.407013 -0.763223 -0.501597
-50.0018 105.654 11.3623 0.370018 -0.751031 -0.546334
-50.5005 106.084 10.4943 0.34695 -0.744666 -0.570174
-50.8976 106.496 9.73696 0.335154 -0.742871 -0.579481
-51.2823 107.238 8.56527 0.323239 -0.748541 -0.578931
-51.4683 107.991 7.47024 0.319381 -0.751174 -0.57765
-51.4784 108.546 6.75432 0.326091 -0.74652 -0.579915
-51.4123 109.241 5.83197 0.304539 -0.788204 -0.534782
-50.9426 110.004 4.99496 0.277438 -0.791436 -0.543694
-49.9877 110.626 4.50338 0.257809 -0.80861 -0.5288
-49.2162 111.017 4.23342 0.236178 -0.839515 -0.48932
-48.4113 111.367 4.01493 0.222892 -0.844561 -0.486863
-47.4625 111.755 3.78577 0.247215 -0.854262 -0.45715
-46.2353 112.259 3.44194 0.233207 -0.879426 -0.414937
-45.2582 112.77 2.912 0.245362 -0.887461 -0.389873
-44.2846 113.286 2.30433 0.253645 -0.890569 -0.377051
-43.4515 113.64 1.58614 0.157842 -0.949087 -0.272618
-42.6939 113.972 0.8272 0.148805 -0.960481 -0.23285
-41.7548 114.21 0.00385387 0.0842359 -0.979738 -0.181618
-40.4442 114.482 -0.611089 0.10733 -0.97442 -0.197403
-39.2821 114.659 -0.830782 0.142548 -0.964919 -0.21832
-38.0948 114.962 -1.22245 0.16175 -0.965716 -0.201987
-37.3102 115.184 -1.68071 0.169877 -0.967652 -0.186525
-36.5192 115.43 -2.2198 0.184569 -0.965298 -0.184714
-35.6439 115.72 -2.88154 0.192569 -0.964098 -0.182611
-34.7123 116.053 -3.61126 0.200732 -0.962625 -0.181822
-33.7359 116.4 -4.28375 0.217261 -0.95714 -0.191522
-33.0035 116.67 -4.75486 0.256518 -0.949727 -0.17803
-31.8158 117.075 -5.22804 0.26998 -0.94862 -0.164576
-30.6174 117.488 -5.41613 0.288764 -0.935775 -0.202336
-29.5728 117.891 -5.60456 0.32615 -0.919297 -0.220265
-28.7764 118.234 -5.84153 0.332608 -0.915466 -0.226484
-27.6827 118.777 -6.43201 0.327835 -0.916542 -0.229075
-26.8976 119.194 -7.05634 0.300662 -0.931167 -0.20623
-26.2289 119.536 -7.6774 0.297439 -0.938274 -0.176555
-25.5298 119.882 -8.45965 0.233305 -0.954988 -0.183211
-24.93 120.147 -9.32728 0.191718 -0.975313 -0.109581
-24.3817 120.335 -10.2399 0.113414 -0.983345 -0.142024
-23.8868 120.5 -11.2157 0.0691599 -0.993133 -0.0943581
-23.3703 120.678 -12.5372 0.0502926 -0.992815 -0.10701
-23.166 120.821 -13.6914 -0.0784833 -0.98692 -0.140814
-22.9627 120.963 -14.6998 -0.101247 -0.982401 -0.155262
-22.7092 121.061 -15.5809 -0.121929 -0.981621 -0.146769
-22.224 121.183 -16.8765 -0.137694 -0.981199 -0.135236
-21.8496 121.277 -18.21 -0.181198 -0.979768 -0.0849867
-21.5209 121.308 -19.2153 -0.16728 -0.981831 -0.0877953
-21.1989 121.341 -20.0656 -0.174214 -0.979212 -0.103892
-20.683 121.368 -21.2264 -0.182149 -0.979631 -0.0833657
-20.205 121.336 -22.0503 -0.19319 -0.976685 -0.0917714
-19.7178 121.337 -22.8728 -0.188294 -0.975348 -0.115075
-19.2745 121.354 -23.676 -0.173281 -0.975349 -0.13663
-18.7333 121.371 -24.6088 -0.15908 -0.982346 -0.0975868
-18.2232 121.399 -25.5698 -0.15334 -0.983022 -0.100432
-17.6201 121.39 -26.4936 -0.153236 -0.983762 -0.0934162
-16.9358 121.365 -27.2656 -0.152644 -0.982692 -0.104963
-16.2606 121.349 -27.9639 -0.138989 -0.981061 -0.133772
-15.5793 121.337 -28.6334 -0.173322 -0.976408 -0.12879
-14.6066 121.333 -29.5642 -0.087618 -0.988166 -0.125904
-13.7619 121.33 -30.344 -0.132725 -0.981815 -0.131664
-12.6657 121.332 -31.161 -0.117215 -0.978377 -0.17041
-11.547 121.301 -31.8106 -0.126284 -0.981474 -0.14409
-10.4154 121.255 -32.2939 -0.0848272 -0.982776 -0.164182
-9.20133 121.224 -32.7447 -0.0977737 -0.973715 -0.205715
-8.07072 121.209 -33.2197 -0.101376 -0.973718 -0.203951
-7.00402 121.205 -33.6111 -0.073597 -0.983868 -0.163057
-6.13769 121.187 -33.8906 -0.0494082 -0.987381 -0.147661
-5.08436 121.233 -34.183 -0.00924478 -0.975343 -0.220501
-4.20163 121.257 -34.4425 -0.0411557 -0.978042 -0.204304
-3.20847 121.262 -34.6669 -0.0428112 -0.978065 -0.203855
-2.15666 121.257 -34.8265 -0.0150759 -0.982015 -0.18819
-0.977761 121.255 -34.9229 -0.00817897 -0.983025 -0.183048
0.266025 121.276 -34.9822 0.0115207 -0.981762 -0.189763
1.25756 121.299 -35.0207 0.0134612 -0.983111 -0.182515
2.43889 121.297 -34.9398 0.0091231 -0.982894 -0.183947
3.49869 121.3 -34.7605 0.0605425 -0.975853 -0.209869
4.57856 121.313 -34.5145 0.058145 -0.976008 -0.209829
5.62238 121.322 -34.2908 0.043506 -0.978817 -0.200059
6.68457 121.335 -34.0785 0.0584239 -0.978443 -0.198082
7.77126 121.368 -33.7723 0.115323 -0.973097 -0.199458
8.82375 121.387 -33.3987 0.0650144 -0.975462 -0.210348
9.76603 121.4 -33.0472 0.0962178 -0.97828 -0.183603
10.875 121.445 -32.63 0.150802 -0.967011 -0.205299
11.9746 121.495 -32.1652 0.120923 -0.968328 -0.218446
13.0602 121.549 -31.6845 0.168431 -0.965813 -0.197071
13.853 121.597 -31.2504 0.146683 -0.966922 -0.208675
14.7824 121.594 -30.5786 0.158907 -0.966182 -0.202634
15.475 121.602 -29.979 0.186188 -0.968293 -0.16656
16.2813 121.628 -29.238 0.180156 -0.968521 -0.171678
17.3152 121.657 -28.3614 0.195275 -0.964581 -0.17633
18.1983 121.702 -27.6538 0.200578 -0.960946 -0.19066
19.1076 121.724 -26.6736 0.24075 -0.947631 -0.209847
19.9023 121.719 -25.448 0.240147 -0.961263 -0.135156
20.584 121.723 -24.403 0.22222 -0.959438 -0.173484
21.211 121.727 -23.5675 0.231777 -0.960141 -0.156233
21.8241 121.742 -22.5724 0.2269 -0.969041 -0.0973442
22.4926 121.794 -21.4235 0.245782 -0.965681 -0.0839747
22.8731 121.839 -20.763 0.308166 -0.945545 -0.103924
23.645 122.15 -21.2201 0.311058 -0.943197 -0.116716
24.0832 122.196 -20.4247 0.308175 -0.945542 -0.103926
24.6982 122.283 -19.2315 0.322118 -0.94208 -0.0934073
25.3121 122.338 -18.0063 0.343268 -0.931456 -0.120649
25.8557 122.367 -16.7477 0.344885 -0.929956 -0.127423
26.1676 122.336 -15.6073 0.337077 -0.930688 -0.140531
26.4744 122.275 -14.5174 0.296109 -0.943933 -0.144994
26.798 122.165 -13.2859 0.27102 -0.952638 -0.134192
26.9906 122.094 -12.3994 0.236545 -0.962632 -0.131858
27.1417 122.017 -11.4959 0.202775 -0.972709 -0.109401
27.2459 121.906 -10.4833 0.180748 -0.975492 -0.125481
27.3066 121.807 -9.51168 0.178487 -0.9784 -0.104287
27.3927 121.691 -8.45715 0.0812072 -0.990835 -0.103444
27.4107 121.584 -7.47703 0.026488 -0.990597 -0.134225
27.2715 121.417 -6.36359 -0.039847 -0.98547 -0.160086
27.0095 121.209 -5.12613 -0.0969732 -0.971588 -0.213929
26.7812 121.039 -4.19106 -0.121198 -0.968447 -0.217765
26.6391 120.825 -3.23045 -0.228017 -0.935734 -0.268641
26.6207 120.482 -1.92669 -0.257237 -0.936797 -0.236886
26.9213 120.092 -0.839703 -0.280126 -0.923829 -0.260751
27.4658 119.744 0.0222745 -0.249765 -0.946667 -0.203566
28.237 119.384 0.722922 -0.250315 -0.944182 -0.214154
28.9028 119.105 1.31301 -0.175821 -0.97713 -0.114858
30.0532 118.972 1.0207 -0.140483 -0.983774 -0.111596
31.0234 118.898 0.612456 -0.112685 -0.992318 -0.050411
31.719 118.843 0.0266866 -0.114518 -0.99251 -0.0425284
32.5478 118.787 -0.609322 -0.095902 -0.993877 -0.0548769
33.653 118.716 -1.16728 -0.084455 -0.99487 -0.0556796
34.7536 118.655 -1.15643 -0.0321029 -0.998023 -0.0540352
35.7099 118.588 -0.638608 -0.0266216 -0.996401 -0.0791052
36.5191 118.52 0.0433552 -0.0126446 -0.99639 -0.0839418
37.1921 118.449 0.650935 -0.0230777 -0.996273 -0.0826002
37.8631 118.369 1.34019 -0.0213439 -0.995318 -0.0942712
38.7308 118.249 2.14398 -0.0550041 -0.99063 -0.12501
39.7497 118.105 2.90664 -0.0768786 -0.992979 -0.0899025
40.6412 117.992 3.4609 -0.0595582 -0.994348 -0.0878866
41.5404 117.918 3.93742 -0.0243599 -0.997148 -0.0714294
42.5942 117.858 4.49882 -0.0098032 -0.997029 -0.0764041
43.381 117.811 5.14241 0.0191768 -0.996883 -0.0763257
44.0035 117.705 6.45053 0.0226846 -0.995148 -0.0957422
44.4168 117.612 7.40942 0.00650785 -0.99577 -0.0916547
45.0542 117.506 8.27111 -0.0294933 -0.991685 -0.125261
45.8509 117.416 8.8707 -0.0118323 -0.994295 -0.105109
46.6264 117.364 9.34319 0.000441707 -0.993782 -0.111345
47.5386 117.257 9.85556 -0.0331734 -0.989511 -0.140418
48.3872 117.156 10.2325 -0.0391264 -0.981567 -0.187072
49.4512 116.936 10.6183 -0.145527 -0.950848 -0.273331
50.8067 116.572 11.03 -0.188097 -0.936431 -0.29617
52.0335 116.207 11.4664 -0.175342 -0.908871 -0.378429
53.2816 115.735 11.9209 -0.1173 -0.870897 -0.47598
54.2927 115.437 12.2551 -0.0963268 -0.862288 -0.497172
55.2294 115.166 12.523 -0.0972791 -0.84334 -0.528477
56.0409 114.869 12.8654 -0.0688639 -0.837896 -0.541469
56.9218 114.435 13.4161 -0.0750618 -0.821778 -0.564356
57.5078 113.966 14.0008 -0.049919 -0.816855 -0.574679
58.2183 113.212 14.97 -0.03996 -0.795656 -0.604287
58.5679 112.666 15.6744 -0.0304067 -0.780899 -0.623917
58.9092 111.883 16.6373 -0.00937554 -0.784489 -0.619691
59.0346 111.194 17.5011 -0.0272229 -0.783491 -0.620807
58.506 110.473 18.4204 -0.0291779 -0.782099 -0.622437
57.8992 110.049 18.99 -0.0448674 -0.787823 -0.614104
57.2057 109.465 19.787 -0.0410022 -0.789153 -0.612554
56.6381 108.913 20.505 -0.0551885 -0.782736 -0.61963
56.1442 108.425 21.1707 -0.0737495 -0.771905 -0.631445
55.6049 107.815 21.9993 -0.0840437 -0.778915 -0.621463
55.1158 107.375 22.6282 -0.07893 -0.790213 -0.607544
54.513 106.985 23.2511 -0.12358 -0.853996 -0.505041
53.7969 106.715 23.9092 -0.142171 -0.851579 -0.504581
52.6713 106.495 24.791 -0.252054 -0.864222 -0.434866
51.5802 106.488 25.4884 -0.290836 -0.871192 -0.395523
50.5137 106.618 26.1316 -0.410384 -0.834436 -0.367834
49.6707 106.868 26.5341 -0.463762 -0.814677 -0.348121
48.7651 107.317 26.696 -0.466203 -0.815677 -0.342527
48.0801 108.001 26.1008 -0.512267 -0.775897 -0.368173
47.5578 108.639 25.4868 -0.509238 -0.776419 -0.371282
47.0311 109.277 24.8767 -0.509287 -0.776243 -0.371582
46.4916 109.905 24.3171 -0.524421 -0.761404 -0.380836
45.9418 110.518 23.8799 -0.521414 -0.757511 -0.392728
45.2503 111.26 23.3752 -0.501354 -0.763577 -0.406404
44.7016 111.865 22.8813 -0.479565 -0.776302 -0.409076
43.8755 112.75 22.1522 -0.472607 -0.773243 -0.422445
43.2101 113.413 21.6316 -0.452135 -0.789262 -0.415499
42.6055 113.965 21.2408 -0.442287 -0.800982 -0.403013
41.7674 114.627 20.8213 -0.455524 -0.801828 -0.386736
41.0047 115.243 20.42 -0.416506 -0.824229 -0.383626
40.3051 115.814 19.8986 -0.405613 -0.843038 -0.353221
39.913 116.336 19.0702 -0.330033 -0.864445 -0.379227
39.9729 116.707 18.0266 -0.286669 -0.914128 -0.286691
40.2964 116.936 16.8763 -0.271181 -0.932427 -0.238833
40.3997 117.159 15.6577 -0.222011 -0.944999 -0.228555
40.4499 117.387 14.1287 -0.175583 -0.974013 -0.143069
40.0758 117.551 12.5074 -0.162406 -0.984991 -0.0583756
39.3744 117.713 11.2337 -0.165524 -0.985618 -0.0340301
38.5967 117.839 10.2663 -0.140411 -0.989724 -0.0232978
37.6923 117.976 9.33202 -0.132706 -0.991085 -0.0117923
37.0554 118.069 8.67402 -0.124954 -0.992094 -0.00423642
36.0815 118.181 7.60816 -0.114522 -0.993361 -0.00559768
35.2794 118.278 6.70765 -0.108702 -0.994027 -0.00972428
34.6497 118.349 5.9957 -0.114942 -0.993312 -0.00295131
33.9978 118.441 5.07285 -0.12975 -0.991301 -0.0212692
33.4575 118.528 4.27899 -0.117635 -0.992928 -0.0159917
32.8201 118.618 3.48932 -0.102646 -0.994316 -0.0206265
31.9751 118.7 2.60171 -0.0901383 -0.995913 -0.00576235
31.0024 118.83 1.82018 -0.0940109 -0.993386 -0.0635057
29.9394 118.934 1.50135 -0.108825 -0.989211 -0.0901546
28.9589 119.048 1.7563 -0.143752 -0.983647 -0.108505
28.1455 119.152 2.14026 -0.17247 -0.969442 -0.174459
27.4348 119.174 2.7175 -0.214583 -0.958513 -0.182351
26.6996 119.234 3.50776 -0.296899 -0.928849 -0.221563
25.8553 119.27 4.55224 -0.329932 -0.919603 -0.213234
25.2997 119.273 5.38858 -0.358664 -0.910229 -0.20438
24.822 119.287 6.16306 -0.407399 -0.873066 -0.267921
24.2926 119.321 6.93672 -0.424629 -0.882974 -0.200002
23.7226 119.429 7.64332 -0.419224 -0.885996 -0.198116
22.8531 119.603 8.57338 -0.371407 -0.904785 -0.208376
22.0092 119.764 9.42003 -0.353599 -0.914858 -0.193474
21.2766 119.891 10.0622 -0.308755 -0.938509 -0.154505
20.215 120.117 10.8548 -0.316819 -0.936961 -0.147408
19.3181 120.289 11.4948 -0.248599 -0.959174 -0.134557
18.402 120.429 12.2543 -0.233752 -0.963535 -0.128829
17.5091 120.508 12.9957 -0.162413 -0.977232 -0.133131
16.2507 120.477 13.9765 -0.0941194 -0.970651 -0.221293
15.4755 120.404 14.513 -0.0214807 -0.949604 -0.312715
14.4552 120.228 15.0663 0.0439327 -0.935118 -0.348872
13.1823 120.115 15.2179 -0.0183736 -0.915442 -0.40203
12.1044 119.948 15.3559 0.11564 -0.890543 -0.439955
11.2122 119.635 15.6802 0.0974072 -0.855747 -0.507748
10.4726 119.292 16.1287 0.075919 -0.853365 -0.515729
9.49688 118.68 16.8939 0.0711857 -0.803194 -0.591449
8.74877 117.974 17.7388 0.0574173 -0.783323 -0.618851
8.06268 117.232 18.5681 0.0658874 -0.747591 -0.660883
7.5867 116.591 19.2598 0.042043 -0.741301 -0.669802
7.19878 115.967 19.9055 0.0810902 -0.694139 -0.715259
6.74201 115.261 20.5387 0.0841995 -0.698197 -0.710905
6.31412 114.601 21.0994 0.0882952 -0.675027 -0.732491
5.79245 113.719 21.8142 0.111018 -0.648856 -0.752769
5.31156 112.793 22.5337 0.115369 -0.627463 -0.769784
4.89972 111.981 23.111 0.131636 -0.599784 -0.788877
4.23814 110.836 23.7848 0.137754 -0.543114 -0.828282
3.72373 110.13 24.1364 0.157758 -0.511313 -0.8446
3.02661 109.387 24.4199 0.18285 -0.46362 -0.866962
1.97518 108.582 24.6817 0.11021 -0.42666 -0.896518
1.05664 108.136 24.76 0.0840827 -0.40037 -0.912015
-0.0279632 108.138 24.7299 -0.000806593 -0.386596 -0.922249
-1.08205 108.587 24.5473 -0.0673514 -0.430981 -0.899803
-2.0815 109.387 24.2583 -0.138463 -0.487273 -0.862202
-2.85716 110.214 23.9205 -0.147128 -0.482761 -0.863305
-3.51028 111.001 23.499 -0.124984 -0.583032 -0.802778
-4.09207 111.954 22.8779 -0.0920972 -0.627026 -0.772621
-4.5145 112.798 22.2023 -0.0560135 -0.654442 -0.753845
-4.995 113.753 21.3672 -0.0151672 -0.699476 -0.713592
-5.32166 114.594 20.5061 0.0143316 -0.720831 -0.692763
-5.74421 115.187 19.8565 0.0244231 -0.724528 -0.688736
-6.2328 115.748 19.2324 0.045179 -0.729924 -0.682033
-6.787 116.513 18.3989 -0.000239796 -0.724374 -0.689407
-7.21381 117.156 17.6544 0.0241225 -0.77927 -0.626224
-7.5797 117.692 16.9712 0.0126244 -0.793516 -0.608418
-7.91537 118.25 16.2378 0.0325439 -0.813129 -0.579777
-8.26744 118.931 15.1737 0.0449649 -0.838026 -0.543657
-8.52088 119.421 14.3522 0.0451325 -0.865354 -0.498479
-8.83797 119.843 13.4969 0.0715085 -0.90086 -0.42818
-9.26466 120.267 12.5407 0.0595023 -0.916393 -0.393546
-9.86525 120.515 11.8064 0.0462045 -0.932316 -0.35868
-10.7443 120.693 11.2306 0.0124261 -0.930178 -0.365025
-11.8719 120.72 11.0263 0.0373571 -0.964166 -0.262657
-13.0353 120.68 11.1516 0.0126449 -0.970458 -0.239681
-14.1077 120.638 11.38 -0.0111642 -0.981688 -0.19017
-15.0822 120.649 11.4791 0.0192195 -0.98675 -0.145596
-16.0973 120.636 10.9742 0.0905074 -0.992418 -0.0562541
-17.0115 120.526 10.2782 0.160461 -0.986561 -0.0176538
-17.8376 120.388 9.38189 0.21285 -0.976006 -0.0160594
-18.4135 120.236 8.57261 0.248421 -0.968541 -0.00726025
-19.0886 120.057 7.39863 0.280949 -0.959721 -0.00177509
-19.9136 119.83 6.18626 0.299698 -0.953959 -0.0119538
-20.6013 119.636 5.18934 0.321516 -0.946473 -0.0285581
-21.1334 119.475 4.40814 0.373857 -0.925183 -0.0634926
-21.7014 119.309 3.63081 0.377779 -0.922595 -0.0781041
-22.6351 119.031 2.50199 0.392373 -0.911105 -0.126216
-23.6406 118.725 1.5706 0.401427 -0.901922 -0.159353
-24.7768 118.365 0.83775 0.393508 -0.904536 -0.164192
-25.7874 118.007 0.368794 0.395024 -0.903558 -0.165916
-26.9537 117.654 -0.00365491 0.33503 -0.927049 -0.168327
-28.1424 117.282 -0.27022 0.298577 -0.942944 -0.145706
-29.145 116.976 -0.191507 0.279492 -0.949581 -0.141999
-30.1899 116.65 0.0131737 0.263569 -0.956187 -0.12743
-31.3094 116.261 0.561699 0.275591 -0.952582 -0.128984
-32.1281 115.956 1.16666 0.269825 -0.956736 -0.10886
-32.9969 115.632 1.86106 0.270587 -0.957728 -0.0969316
-33.7845 115.374 2.3249 0.253928 -0.961742 -0.10282
-34.606 115.114 2.73001 0.253292 -0.961465 -0.106803
-35.5022 114.823 3.19948 0.257068 -0.959891 -0.111889
-36.4821 114.461 4.0006 0.260487 -0.958393 -0.116748
-37.1142 114.208 4.68629 0.254722 -0.956882 -0.139621
-37.8431 113.836 5.77744 0.273381 -0.948982 -0.157151
-38.419 113.486 6.76837 0.306053 -0.934492 -0.181572
-38.8973 113.052 7.9355 0.360407 -0.898005 -0.251174
-39.1545 112.714 8.80972 0.377817 -0.879939 -0.28803
-39.3179 112.237 9.9972 0.420575 -0.856085 -0.300237
-39.4672 111.728 11.3093 0.449559 -0.848503 -0.279071
-39.5682 111.192 12.6756 0.50432 -0.814605 -0.286344
-39.7721 110.663 13.9333 0.530422 -0.810396 -0.248819
-40.0932 110.202 14.6947 0.53112 -0.804812 -0.264932
-40.64 109.522 15.5335 0.566229 -0.774571 -0.281825
-41.3087 108.741 16.3352 0.586639 -0.761886 -0.27455
-41.8741 108.157 16.7389 0.597927 -0.746342 -0.292331
-42.8456 107.216 17.1639 0.601171 -0.741065 -0.298801
-43.7975 106.361 17.3197 0.597048 -0.739392 -0.310815
-44.6236 105.8 17.0864 0.59504 -0.735605 -0.323747
-45.3766 105.317 16.8148 0.587315 -0.740244 -0.327261
-46.2572 104.852 16.3736 0.539016 -0.755862 -0.371665
-46.9789 104.631 15.8109 0.48715 -0.760656 -0.428826
-47.7052 104.498 15.2363 0.480571 -0.769146 -0.421236
-48.4621 104.434 14.4779 0.464491 -0.781583 -0.415722
-49.354 104.544 13.5875 0.383983 -0.788597 -0.480253
-49.9769 104.737 12.7925 0.363261 -0.796072 -0.484056
-50.5218 105.014 11.9937 0.307247 -0.789144 -0.531838
-51.0436 105.387 11.1423 0.305408 -0.785951 -0.537593
-51.4507 105.744 10.4115 0.29118 -0.764862 -0.574631
-51.8814 106.253 9.49009 0.323378 -0.755677 -0.569232
-52.1868 106.875 8.52834 0.322586 -0.744677 -0.58429
-52.3797 107.556 7.51392 0.337921 -0.751286 -0.566903
-52.4229 108.123 6.7546 0.334488 -0.745308 -0.576743
-52.4252 108.79 5.86067 0.337514 -0.765622 -0.547639
-52.2651 109.368 5.15884 0.31351 -0.762586 -0.565839
-51.8413 110.02 4.49143 0.290173 -0.772434 -0.564929
-51.1727 110.579 4.01692 0.251152 -0.806907 -0.534625
-49.9854 111.187 3.57683 0.220369 -0.842138 -0.49218
-48.5185 111.807 3.16793 0.21955 -0.857642 -0.465024
-47.3211 112.262 2.84027 0.190768 -0.876665 -0.441663
-46.3636 112.686 2.45724 0.222463 -0.897181 -0.379834
-45.6084 113.025 2.04151 0.217826 -0.912102 -0.347306
-44.8414 113.395 1.55289 0.187064 -0.946186 -0.264083
-44.0646 113.745 0.85118 0.181176 -0.942347 -0.280766
-43.453 113.985 0.197675 0.149346 -0.968266 -0.200392
-42.7836 114.203 -0.434621 0.0842363 -0.979738 -0.181619
-41.6705 114.453 -1.23015 0.103419 -0.976724 -0.187143
-40.6422 114.655 -1.58583 0.125034 -0.972088 -0.198525
-39.6462 114.824 -1.74991 0.122149 -0.97025 -0.208572
-38.6465 115.033 -2.04217 0.150495 -0.97107 -0.185401
-37.6439 115.309 -2.63381 0.172427 -0.965761 -0.193685
-36.8556 115.559 -3.14376 0.16972 -0.964962 -0.200036
-35.8315 115.9 -3.96171 0.163619 -0.966782 -0.196372
-34.7957 116.25 -4.73413 0.17857 -0.967548 -0.178764
-33.879 116.566 -5.4078 0.227068 -0.959968 -0.164017
-32.9997 116.87 -5.96809 0.2448 -0.956079 -0.160151
-31.9877 117.212 -6.2525 0.277666 -0.944957 -0.173083
-31.0768 117.516 -6.33171 0.326337 -0.925725 -0.189489
-30.0448 117.921 -6.45297 0.328269 -0.920191 -0.213277
-29.2304 118.271 -6.67785 0.335386 -0.916209 -0.219263
-28.3889 118.685 -7.11127 0.340533 -0.912882 -0.22513
-27.6272 119.097 -7.67382 0.298862 -0.930205 -0.213065
-26.9328 119.461 -8.28905 0.287597 -0.934816 -0.207848
-26.0164 119.932 -9.34392 0.246609 -0.944776 -0.213049
-25.5481 120.154 -10.0844 0.156945 -0.969506 -0.188219
-24.9771 120.386 -11.104 0.0935768 -0.974303 -0.193914
-24.5812 120.578 -12.005 -0.00355119 -0.984254 -0.176722
-24.3236 120.73 -12.8539 -0.00331867 -0.983524 -0.180746
-24.1046 120.94 -14.0016 -0.040901 -0.985222 -0.16078
-23.8638 121.11 -15.0407 -0.128444 -0.973012 -0.191703
-23.3991 121.294 -16.3843 -0.167465 -0.970999 -0.170634
-23.0219 121.406 -17.4194 -0.165295 -0.976548 -0.133823
-22.8131 121.475 -18.4345 -0.173726 -0.980352 -0.0928056
-22.5041 121.521 -19.3087 -0.203965 -0.970923 -0.125327
-22.0463 121.539 -20.4654 -0.220138 -0.969514 -0.107056
-21.7335 121.57 -21.3566 -0.214781 -0.970471 -0.109793
-21.0376 121.552 -22.4991 -0.194417 -0.97472 -0.110104
-20.3663 121.553 -23.6152 -0.190146 -0.973789 -0.124788
-19.841 121.552 -24.5365 -0.182499 -0.978957 -0.0896757
-19.2416 121.566 -25.617 -0.156155 -0.979898 -0.124157
-18.7615 121.59 -26.4864 -0.174864 -0.978507 -0.109219
-18.2048 121.585 -27.2991 -0.173953 -0.978092 -0.114343
-17.3312 121.561 -28.246 -0.173656 -0.971765 -0.159675
-16.5253 121.559 -29.076 -0.155535 -0.975185 -0.156741
-15.6009 121.537 -29.9389 -0.173415 -0.971481 -0.161718
-14.4195 121.539 -31.0106 -0.147703 -0.973263 -0.175828
-13.3978 121.534 -31.794 -0.129665 -0.974916 -0.180594
-12.1738 121.523 -32.5464 -0.118765 -0.9765 -0.179843
-11.3382 121.474 -32.9329 -0.130366 -0.968419 -0.212533
-10.3921 121.445 -33.2907 -0.0849902 -0.976662 -0.197237
-9.25036 121.44 -33.7428 -0.0904754 -0.975137 -0.202122
-8.38431 121.43 -34.1087 -0.0995358 -0.971663 -0.214389
-7.17586 121.422 -34.5365 -0.0659543 -0.971642 -0.22707
-6.21248 121.422 -34.8225 -0.0557673 -0.966515 -0.250478
-5.34289 121.443 -35.0979 -0.0577958 -0.972264 -0.226626
-4.2109 121.468 -35.4377 -0.0409445 -0.976595 -0.211154
-3.32678 121.479 -35.6183 -0.0357105 -0.974438 -0.22166
-1.98502 121.473 -35.7932 -0.0273239 -0.972013 -0.233333
-0.487499 121.474 -35.8781 -0.000626764 -0.969646 -0.244514
0.99729 121.509 -35.942 0.0185517 -0.968711 -0.247497
2.31766 121.523 -35.8946 0.0287358 -0.964076 -0.264066
3.32107 121.531 -35.761 0.037467 -0.969605 -0.241791
4.25819 121.525 -35.5737 0.0601662 -0.970812 -0.231724
5.35191 121.535 -35.3204 0.0345155 -0.975092 -0.219098
6.23634 121.532 -35.1429 0.073948 -0.963949 -0.255515
7.36844 121.577 -34.9022 0.0978068 -0.968597 -0.228473
8.31168 121.604 -34.5818 0.107797 -0.96717 -0.230099
9.45898 121.6 -34.1589 0.0737597 -0.972854 -0.219351
10.4696 121.626 -33.7786 0.129804 -0.969762 -0.20557
11.6381 121.707 -33.3035 0.150859 -0.96704 -0.205124
12.6129 121.749 -32.9032 0.1319 -0.965897 -0.222813
13.8102 121.815 -32.3548 0.163795 -0.966839 -0.195944
14.7722 121.852 -31.785 0.172946 -0.960508 -0.216208
15.769 121.862 -30.9658 0.192035 -0.95348 -0.232376
16.6446 121.863 -30.1966 0.212551 -0.946429 -0.243091
17.5855 121.907 -29.396 0.213844 -0.960883 -0.175997
18.3956 121.959 -28.7444 0.200668 -0.961112 -0.189727
19.1554 122.01 -28.0173 0.260601 -0.949501 -0.174744
19.8263 122.043 -27.2903 0.256036 -0.943578 -0.209418
20.3887 122.035 -26.5222 0.27386 -0.939795 -0.204348
20.8553 122 -25.7138 0.261131 -0.949937 -0.167517
21.4764 122.017 -24.7894 0.300095 -0.940291 -0.16061
22.1371 122.046 -23.804 0.314465 -0.931531 -0.181086
22.7897 122.08 -22.6776 0.329088 -0.929956 -0.163715
23.4754 122.131 -21.5192 0.314667 -0.942439 -0.112982
24.3124 122.493 -21.86 0.378253 -0.913866 -0.14746
23.6614 122.438 -22.9356 0.336765 -0.924599 -0.178059
22.9392 122.396 -24.1481 0.330532 -0.928856 -0.167255
22.4811 122.382 -24.9446 0.319722 -0.930751 -0.177429
21.8578 122.349 -25.8605 0.312374 -0.928682 -0.199835
21.3243 122.374 -26.7811 0.305726 -0.931941 -0.194682
20.837 122.383 -27.5374 0.263267 -0.944545 -0.19628
19.8716 122.333 -28.5772 0.267081 -0.942778 -0.19949
19.1942 122.293 -29.2946 0.26367 -0.941575 -0.20956
18.4221 122.22 -29.8931 0.241506 -0.942868 -0.229508
17.5434 122.178 -30.6377 0.226456 -0.944508 -0.237474
16.885 122.196 -31.3031 0.218567 -0.947778 -0.23226
16.1606 122.167 -31.8671 0.212595 -0.947495 -0.238586
15.1503 122.145 -32.6307 0.209007 -0.945684 -0.248995
14.3445 122.103 -33.1035 0.186809 -0.948578 -0.255542
13.1149 122.018 -33.6917 0.162918 -0.954244 -0.249386
12.2786 121.991 -34.0639 0.15454 -0.960893 -0.229787
11.3606 121.918 -34.3869 0.17273 -0.957136 -0.232496
10.4031 121.856 -34.7713 0.134956 -0.955283 -0.262975
9.40159 121.855 -35.2352 0.0902364 -0.960913 -0.260011
8.40495 121.86 -35.5994 0.110542 -0.966215 -0.23283
7.33833 121.812 -35.859 0.089325 -0.963224 -0.253149
6.38963 121.788 -36.0596 0.0793374 -0.964191 -0.253049
5.45508 121.77 -36.2642 0.0708169 -0.968604 -0.238311
4.49287 121.779 -36.5271 0.0544145 -0.968072 -0.244694
3.40177 121.769 -36.6959 0.0385277 -0.969113 -0.243589
2.4381 121.756 -36.7819 0.0249033 -0.969782 -0.2427
0.958625 121.741 -36.8533 0.0182316 -0.968625 -0.247857
-0.289522 121.713 -36.8149 0.00113503 -0.967654 -0.252268
-1.19723 121.709 -36.7951 -0.00697549 -0.966819 -0.25526
-2.49011 121.707 -36.6785 -0.0288624 -0.96784 -0.249906
-3.74763 121.702 -36.5245 -0.0285706 -0.969828 -0.242111
-4.7787 121.684 -36.284 -0.0571962 -0.96966 -0.23736
-5.98198 121.699 -36.0331 -0.057792 -0.972266 -0.22662
-6.93796 121.648 -35.5659 -0.0652652 -0.971152 -0.229352
-8.2494 121.645 -35.1418 -0.0920895 -0.969395 -0.227143
-9.68292 121.662 -34.5806 -0.0894179 -0.972032 -0.217147
-10.5432 121.667 -34.2568 -0.106499 -0.968881 -0.222608
-11.5405 121.709 -33.8568 -0.133272 -0.966013 -0.221491
-12.4711 121.739 -33.4307 -0.135771 -0.967989 -0.211099
-13.6362 121.753 -32.7351 -0.145431 -0.967812 -0.205234
-14.4501 121.765 -32.181 -0.148058 -0.968945 -0.198042
-15.4875 121.765 -31.3292 -0.154696 -0.971952 -0.177142
-16.3217 121.768 -30.5706 -0.165589 -0.974855 -0.148785
-17.1676 121.813 -29.9618 -0.167912 -0.973119 -0.157612
-17.7972 121.8 -29.1971 -0.160601 -0.974721 -0.15508
-18.6311 121.803 -28.2645 -0.180604 -0.970706 -0.158465
-19.2075 121.811 -27.5377 -0.201528 -0.970904 -0.129355
-19.8766 121.784 -26.3295 -0.195339 -0.971113 -0.137026
-20.7103 121.756 -24.8135 -0.204606 -0.972766 -0.107712
-21.2695 121.757 -23.8138 -0.20399 -0.971808 -0.117233
-22.1854 121.835 -22.7363 -0.216203 -0.968946 -0.119997
-22.6196 121.835 -21.9434 -0.229607 -0.965861 -0.119238
-23.0207 121.823 -20.9615 -0.229646 -0.968108 -0.10015
-23.3277 121.778 -19.9559 -0.219147 -0.96829 -0.119636
-23.6178 121.727 -19.0046 -0.22073 -0.967873 -0.120414
-23.8262 121.655 -18.0733 -0.220688 -0.966715 -0.129459
-24.189 121.535 -16.8188 -0.228749 -0.953267 -0.197371
-24.5194 121.401 -15.9611 -0.176292 -0.960535 -0.215158
-24.916 121.183 -14.7983 -0.117 -0.965514 -0.229898
-25.1735 120.978 -13.7628 -0.0923262 -0.965055 -0.245244
-25.3183 120.715 -12.785 0.0354663 -0.963801 -0.259484
-25.7057 120.515 -11.8713 0.0466703 -0.98062 -0.19028
-26.0676 120.297 -11.0008 0.0554721 -0.967294 -0.24752
-26.5198 120 -10.2287 0.195933 -0.963193 -0.184039
-27.0692 119.708 -9.45309 0.226195 -0.943828 -0.240883
-27.7366 119.318 -8.7847 0.300559 -0.924729 -0.23271
-28.6081 118.864 -8.13237 0.338207 -0.911567 -0.2338
-29.3602 118.474 -7.59402 0.308076 -0.914376 -0.261746
-30.5458 117.925 -7.3221 0.378382 -0.899423 -0.212758
-31.4444 117.572 -7.24875 0.347417 -0.920503 -0.178818
-32.7794 117.108 -7.15478 0.292567 -0.947288 -0.130575
-33.5874 116.866 -6.84009 0.234056 -0.960968 -0.147506
-34.5453 116.564 -6.18294 0.156042 -0.973438 -0.165622
-35.4953 116.267 -5.51986 0.178028 -0.96702 -0.182147
-36.3596 115.981 -4.75138 0.141613 -0.969144 -0.201166
-37.0412 115.749 -4.17071 0.153136 -0.964093 -0.216814
-38.0976 115.417 -3.48362 0.160845 -0.962778 -0.217225
-39.4453 115.102 -2.77656 0.113526 -0.961812 -0.249057
-40.3658 114.925 -2.61762 0.146017 -0.960751 -0.235517
-41.4268 114.722 -2.42448 0.12848 -0.972579 -0.193865
-42.6491 114.499 -1.87772 0.0813945 -0.977539 -0.194403
-43.364 114.312 -1.22581 0.0759429 -0.977654 -0.196023
-44.0406 114.117 -0.59174 0.0918335 -0.97444 -0.205018
-44.8451 113.793 0.23817 0.17529 -0.938505 -0.297458
-45.594 113.419 1.04357 0.0999348 -0.927712 -0.354095
-46.9767 112.87 1.73049 0.161144 -0.898463 -0.408407
-47.9762 112.489 2.10863 0.190277 -0.876044 -0.443104
-48.8328 112.161 2.37533 0.215962 -0.854366 -0.472672
-50.2338 111.598 2.79304 0.19559 -0.841587 -0.502855
-51.1404 111.19 3.08371 0.221449 -0.826572 -0.517197
-51.9019 110.772 3.37907 0.253423 -0.784225 -0.566363
-52.5416 110.277 3.77808 0.249107 -0.785387 -0.566651
-53.0423 109.581 4.44152 0.313601 -0.761911 -0.566698
-53.3628 108.773 5.35241 0.313413 -0.763264 -0.564978
-53.3446 108.171 6.14822 0.346186 -0.737112 -0.58034
-53.3829 107.602 6.85896 0.352053 -0.741155 -0.571618
-53.2833 107.004 7.70974 0.346271 -0.753927 -0.558113
-53.1784 106.404 8.57452 0.33019 -0.749587 -0.573563
-52.7598 105.864 9.52201 0.307305 -0.774935 -0.552295
-52.2057 105.251 10.7 0.307962 -0.777142 -0.548824
-51.7969 104.898 11.4278 0.307337 -0.781794 -0.542466
-51.1329 104.45 12.4722 0.311172 -0.786249 -0.533839
-50.5936 104.181 13.2196 0.376067 -0.784655 -0.492839
-49.5837 103.911 14.4297 0.380541 -0.786085 -0.487086
-48.9418 103.813 15.1534 0.44482 -0.794271 -0.413846
-48.1925 103.891 15.7834 0.478483 -0.762081 -0.433968
-47.4148 103.954 16.5995 0.496574 -0.777958 -0.383957
-46.3997 104.35 17.2171 0.544721 -0.768569 -0.334472
-45.4611 104.859 17.6836 0.587006 -0.735242 -0.338885
-44.7303 105.324 17.9666 0.597864 -0.731804 -0.327109
-43.528 106.181 18.2875 0.612306 -0.728009 -0.308297
-42.8087 106.807 18.2196 0.626024 -0.722909 -0.291289
-42.0322 107.606 17.8931 0.61811 -0.745449 -0.249491
-41.0431 108.598 17.3131 0.590964 -0.762407 -0.263583
-40.494 109.198 16.8216 0.584402 -0.765886 -0.267967
-39.8497 109.965 15.9699 0.581039 -0.773545 -0.253025
-39.1866 110.742 14.9762 0.570758 -0.789744 -0.224812
-38.9673 111.118 14.188 0.552149 -0.806665 -0.210297
-38.7633 111.637 12.8297 0.503739 -0.82705 -0.249469
-38.513 112.236 11.3023 0.449559 -0.848503 -0.279071
-38.4725 112.668 9.8802 0.401367 -0.878757 -0.257267
-38.2137 113.15 8.7087 0.391389 -0.886095 -0.247365
-37.7128 113.596 7.43569 0.323833 -0.933625 -0.149998
-37.1566 113.938 6.50073 0.285786 -0.949482 -0.129655
-36.7143 114.19 5.66857 0.297006 -0.947369 -0.118822
-35.8374 114.557 4.69613 0.268562 -0.957833 -0.102018
-34.92 114.889 3.9768 0.255852 -0.96113 -0.10369
-33.4033 115.402 3.18261 0.272777 -0.957188 -0.0960318
-32.4291 115.721 2.67437 0.27134 -0.958723 -0.0849992
-31.5165 116.05 1.88648 0.274609 -0.958344 -0.0784169
-30.7277 116.335 1.33657 0.272772 -0.955855 -0.109255
-29.8049 116.646 0.947664 0.276218 -0.95491 -0.108861
-28.7799 116.951 0.774893 0.260967 -0.95933 -0.107619
-27.476 117.322 0.83813 0.303089 -0.935836 -0.179854
-26.3626 117.62 1.24832 0.359599 -0.917164 -0.168745
-25.1164 118.059 1.6421 0.386606 -0.901533 -0.19316
-24.3507 118.304 2.13578 0.405824 -0.896466 -0.177831
-23.5097 118.58 2.82748 0.435946 -0.886418 -0.155609
-22.8217 118.828 3.56251 0.418389 -0.904148 -0.0864059
-22.2316 119.035 4.45765 0.395537 -0.916865 -0.0461083
-21.467 119.284 5.53568 0.370618 -0.927548 -0.0479193
-20.9414 119.494 6.3036 0.337051 -0.941024 -0.000244902
-20.3354 119.677 7.21806 0.310554 -0.950312 0.000518472
-19.8366 119.845 8.02551 0.265254 -0.964107 0.0117513
-19.2172 120.012 9.104 0.268211 -0.963146 -0.0188979
-18.3725 120.27 10.1951 0.231689 -0.970902 0.023532
-17.4959 120.446 11.1772 0.149654 -0.987635 0.0157832
-16.8126 120.52 11.7758 0.125495 -0.991894 -0.012391
-15.9334 120.526 12.2827 -0.00172291 -0.987603 -0.138169
-14.7105 120.435 12.4907 -0.0347352 -0.978863 -0.201546
-13.7352 120.44 12.2132 -0.047785 -0.96911 -0.241953
-12.616 120.465 11.9856 -0.0101254 -0.970499 -0.240894
-11.4458 120.408 11.9936 -0.0242685 -0.928776 -0.369845
-10.5245 120.252 12.4024 0.0491211 -0.931579 -0.360205
-9.96007 119.933 13.1891 -0.00355991 -0.913414 -0.407016
-9.62101 119.547 13.9292 0.0991985 -0.880661 -0.463245
-9.33187 119.1 14.8634 0.0525213 -0.880029 -0.46895
-9.1002 118.565 15.7418 -0.0178708 -0.829586 -0.558093
-8.72623 117.967 16.6108 -0.0290048 -0.80371 -0.593073
-8.48632 117.389 17.3491 0.0123132 -0.793805 -0.608047
-8.11452 116.876 18.0037 -0.00333662 -0.77919 -0.626779
-7.72868 116.155 18.746 0.0168473 -0.721055 -0.692602
-7.22269 115.509 19.445 0.0792699 -0.665912 -0.734925
-6.70968 114.886 20.1449 0.0304187 -0.736115 -0.676173
-6.29803 114.288 20.8026 0.0181425 -0.72478 -0.688741
-5.9746 113.677 21.4541 -0.0185847 -0.749621 -0.65947
-5.59528 112.938 22.1577 -0.0776823 -0.700918 -0.708999
-5.23357 112.21 22.7519 -0.0598319 -0.642249 -0.764158
-4.59964 111.127 23.6668 -0.143787 -0.649083 -0.740983
-4.16583 110.454 24.08 -0.238664 -0.552739 -0.79518
-3.44831 109.535 24.435 -0.219066 -0.509702 -0.831994
-2.74254 108.747 24.6761 -0.17615 -0.420922 -0.888694
-2.0468 107.932 24.9449 -0.103916 -0.423841 -0.899168
-0.848243 107.422 25.023 -0.0591653 -0.362844 -0.927504
0.236067 107.096 25.1474 0.0164787 -0.336062 -0.940915
1.22426 107.238 25.1547 0.0681866 -0.342123 -0.936991
2.26153 107.657 25.1151 0.12301 -0.397567 -0.909291
3.37868 108.511 24.9578 0.192968 -0.40613 -0.891367
4.20138 109.33 24.7184 0.23325 -0.47656 -0.846094
5.04362 110.509 24.1732 0.193859 -0.551985 -0.810901
5.50048 111.292 23.7366 0.169872 -0.578939 -0.796849
6.11442 112.462 22.9359 0.152255 -0.622761 -0.767455
6.46829 113.166 22.3899 0.111064 -0.648864 -0.752755
7.06615 114.25 21.542 0.112816 -0.663689 -0.739209
7.60406 114.968 20.9369 0.0873139 -0.702257 -0.706549
8.02389 115.704 20.2671 0.108905 -0.72902 -0.673967
8.5687 116.508 19.4282 0.0656557 -0.73797 -0.671632
9.02813 117.082 18.8205 0.0517676 -0.740417 -0.670151
9.50102 117.665 18.2027 0.0560371 -0.776089 -0.628129
10.1317 118.328 17.4515 0.0779263 -0.787882 -0.610217
10.7715 118.802 16.8865 0.101605 -0.800376 -0.5903
11.4864 119.197 16.4988 0.114284 -0.859779 -0.497713
12.3637 119.517 16.1771 0.161751 -0.841109 -0.516113
13.2664 119.684 16.0505 0.0340124 -0.874288 -0.484214
14.5478 119.767 16.0629 0.0531201 -0.890664 -0.451549
15.3966 120.057 15.694 0.0662882 -0.93786 -0.325909
16.175 120.192 15.2104 0.0193322 -0.968709 -0.2474
17.0059 120.256 14.6363 -0.0849997 -0.979613 -0.17604
17.8361 120.287 14.1565 -0.113838 -0.975243 -0.184644
18.4514 120.27 13.404 -0.258424 -0.958493 -0.12045
19.5734 120.095 12.4445 -0.253233 -0.958885 -0.128108
20.6821 119.847 11.6704 -0.305627 -0.94576 -0.110137
21.5377 119.636 10.9955 -0.348394 -0.923632 -0.158482
22.2935 119.457 10.4214 -0.352421 -0.918813 -0.177716
23.0671 119.303 9.61832 -0.36072 -0.917609 -0.166956
23.8449 119.126 8.77378 -0.412452 -0.891447 -0.18763
24.6031 118.943 7.9798 -0.418786 -0.889765 -0.181254
25.1941 118.809 7.25098 -0.430723 -0.880386 -0.19849
25.6729 118.808 6.42962 -0.407404 -0.873065 -0.267918
26.4381 118.906 5.24364 -0.32123 -0.923775 -0.208451
27.4413 118.928 3.97859 -0.243885 -0.952491 -0.182432
28.1219 118.998 3.29067 -0.115144 -0.978417 -0.160071
28.9595 118.935 2.88904 -0.120158 -0.987677 -0.100282
29.9671 118.832 2.77541 -0.0662344 -0.99551 -0.0651807
30.8539 118.769 2.94007 -0.015637 -0.99819 -0.0165104
31.8842 118.724 3.9208 -0.11252 -0.993544 0.0057167
32.643 118.622 4.82283 -0.126728 -0.991865 -0.0119903
33.1606 118.552 5.57363 -0.152472 -0.988272 -0.00836971
33.9182 118.442 6.58709 -0.128465 -0.991714 0.000744721
34.9046 118.317 7.71323 -0.115522 -0.993305 -0.000205306
35.8226 118.231 8.82606 -0.144294 -0.989435 0.0140382
36.5799 118.139 9.59665 -0.165963 -0.985489 0.0340818
37.4503 118.029 10.4335 -0.155855 -0.987223 0.0331664
38.3805 117.892 11.4452 -0.217689 -0.975771 0.0219665
38.9095 117.749 12.2257 -0.156307 -0.986612 -0.0465321
39.2546 117.646 13.1512 -0.159529 -0.985506 -0.0576943
39.5353 117.542 14.271 -0.212138 -0.975253 -0.0535643
39.4165 117.459 15.408 -0.255508 -0.961638 -0.0998357
39.3473 117.321 16.3685 -0.266176 -0.948105 -0.173845
39.2129 117.194 17.2448 -0.183468 -0.913618 -0.362825
38.9927 116.945 18.2013 -0.260873 -0.922007 -0.286092
38.996 116.547 19.5197 -0.318587 -0.896153 -0.301293
39.2052 116.157 20.2849 -0.382887 -0.854065 -0.352095
39.8311 115.614 20.9671 -0.444208 -0.842863 -0.30342
40.6014 115.068 21.3127 -0.467403 -0.814478 -0.340807
41.5132 114.363 21.6805 -0.459569 -0.804178 -0.376954
42.276 113.734 22.1006 -0.47835 -0.798311 -0.365897
43.1966 112.866 22.7364 -0.48177 -0.778437 -0.402409
43.8672 112.125 23.3667 -0.481464 -0.778637 -0.402389
44.4879 111.459 23.9131 -0.493347 -0.77285 -0.39914
45.1371 110.759 24.4749 -0.506587 -0.769836 -0.387792
45.7794 110.078 24.9611 -0.517401 -0.772653 -0.367793
46.3626 109.424 25.5019 -0.52244 -0.768231 -0.369956
46.9436 108.667 26.2663 -0.507128 -0.776546 -0.373895
47.5453 107.921 27.0217 -0.512497 -0.782968 -0.352124
48.0992 107.329 27.6426 -0.496265 -0.806717 -0.320824
49.0405 106.719 27.7129 -0.469535 -0.802171 -0.368685
49.8442 106.388 27.3879 -0.475758 -0.802899 -0.359177
50.704 106.147 26.9887 -0.40886 -0.83401 -0.370473
51.7023 106.001 26.4103 -0.288031 -0.861554 -0.418046
52.4521 105.977 25.8837 -0.307648 -0.835885 -0.453095
53.2698 105.998 25.3675 -0.263385 -0.842611 -0.469463
54.0606 106.145 24.8011 -0.199875 -0.821237 -0.534434
54.8124 106.403 24.1749 -0.130802 -0.818305 -0.555555
55.7942 106.756 23.3732 -0.0869451 -0.826997 -0.552381
56.4256 107.529 22.3015 -0.0452178 -0.796744 -0.60257
57.017 108.157 21.4441 -0.00802089 -0.786326 -0.617756
57.6911 108.864 20.5301 -0.0149198 -0.785661 -0.618449
58.2282 109.339 19.9036 -0.0302073 -0.798554 -0.601164
58.9975 109.911 19.1272 -0.018338 -0.793793 -0.607912
59.8404 110.61 18.1881 -0.0325573 -0.775291 -0.630764
60.0902 111.367 17.274 0.039933 -0.78034 -0.62286
60.1112 111.948 16.5768 0.00949782 -0.778062 -0.627908
59.6668 112.555 15.7921 0.00330128 -0.794105 -0.607634
59.2546 113.21 14.9368 -0.0119746 -0.792868 -0.609276
58.6428 113.941 13.9558 -0.0173786 -0.814409 -0.579816
58.155 114.408 13.3343 -0.0282218 -0.82377 -0.565791
57.4795 114.888 12.6633 -0.0488718 -0.827037 -0.56002
56.474 115.336 12.0718 -0.073007 -0.849106 -0.523153
55.1676 115.712 11.6003 -0.0756061 -0.864009 -0.497066
54.2409 115.959 11.3241 -0.0722889 -0.890168 -0.449065
52.8547 116.307 10.865 -0.116459 -0.909158 -0.396683
51.9564 116.625 10.5101 -0.149316 -0.923401 -0.350484
50.7714 116.91 10.1156 -0.113502 -0.940278 -0.320928
49.9285 117.083 9.81897 -0.150441 -0.954876 -0.256086
48.6475 117.292 9.32088 -0.0201357 -0.986443 -0.160833
47.7402 117.397 8.85871 -0.027125 -0.989177 -0.144201
46.8236 117.474 8.42277 -0.00694049 -0.992267 -0.123342
46.0331 117.549 7.832 -0.00597921 -0.990507 -0.137335
45.2858 117.681 7.09415 0.0536088 -0.980555 -0.179177
44.9299 117.771 6.2106 0.0910157 -0.988057 -0.122705
44.6651 117.852 5.19603 0.0858241 -0.991381 -0.0989827
43.898 117.899 4.1899 0.0403805 -0.994209 -0.0995886
43.0825 117.913 3.59312 0.0249503 -0.997006 -0.0645366
42.2962 117.95 3.14431 -0.0332181 -0.997272 -0.0659171
41.4306 117.989 2.79213 -0.0967985 -0.99113 -0.00556376
40.5891 118.111 2.28394 -0.0607589 -0.992641 -0.10475
39.4206 118.289 1.51506 -0.0800635 -0.989034 -0.1241
38.4891 118.419 0.673383 -0.0213482 -0.995318 -0.0942698
37.846 118.495 0.03751 -0.0185068 -0.995139 -0.096672
37.0071 118.592 -0.8302 -0.0118995 -0.995306 -0.0959626
35.6534 118.663 -1.86788 -0.0110042 -0.998393 -0.0506923
34.7942 118.712 -2.24855 -0.0345422 -0.997954 -0.053787
33.8155 118.77 -2.22026 -0.0700426 -0.996136 -0.0529894
32.6778 118.842 -1.82433 -0.0995745 -0.993715 -0.0506914
31.8685 118.895 -1.36228 -0.0977987 -0.993556 -0.0572849
30.7871 118.99 -0.436271 -0.137208 -0.98829 -0.0667636
29.9649 119.11 0.176356 -0.154234 -0.974105 -0.165322
29.06 119.309 0.110117 -0.246968 -0.944145 -0.218169
28.1563 119.687 -0.52667 -0.244758 -0.946168 -0.211799
27.5671 120.111 -1.57684 -0.271689 -0.926035 -0.262001
27.474 120.408 -2.45437 -0.232261 -0.938908 -0.253981
27.6004 120.669 -3.47876 -0.223773 -0.932559 -0.2833
27.754 120.967 -4.40375 -0.101026 -0.948436 -0.294737
27.9942 121.157 -5.27947 -0.0524326 -0.960719 -0.264906
28.2558 121.435 -6.44232 0.0215556 -0.983086 -0.181871
28.3724 121.618 -7.43304 0.0311027 -0.985902 -0.164406
28.3461 121.787 -8.45283 0.0479292 -0.983047 -0.175788
28.2394 121.972 -9.71709 0.160668 -0.97563 -0.14944
28.1913 122.122 -10.6513 0.189413 -0.96938 -0.153447
28.1969 122.249 -11.5482 0.214803 -0.964876 -0.150475
27.9013 122.383 -12.7121 0.266951 -0.940392 -0.200386
27.7043 122.52 -13.6202 0.289057 -0.935273 -0.204231
27.4267 122.583 -14.4816 0.330533 -0.92431 -0.188115
27.1437 122.689 -15.5257 0.392029 -0.907163 -0.152866
26.8485 122.729 -16.5211 0.405301 -0.901249 -0.153234
26.5303 122.738 -17.4571 0.387458 -0.909859 -0.148435
26.0466 122.695 -18.4842 0.386158 -0.911611 -0.140821
25.4446 122.628 -19.7133 0.380316 -0.914998 -0.134582
24.7156 122.541 -21.0917 0.376518 -0.915243 -0.143381
24.3816 122.503 -21.7378 0.378625 -0.914574 -0.142121
33.3163 118.676 0.0474866 -0.0895444 -0.994221 -0.0568336
32.3847 118.74 0.71366 -0.10221 -0.993538 -0.0491517
32.264 118.71 1.54498 -0.0998014 -0.993702 -0.0509514
33.1806 118.591 2.47895 -0.0903634 -0.995892 -0.00577299
33.9505 118.492 3.35123 -0.114919 -0.992741 -0.0354826
34.7044 118.378 4.37202 -0.0861805 -0.995645 -0.035549
35.2743 118.299 5.17095 -0.0888837 -0.995296 -0.0385374
35.8548 118.223 5.9016 -0.106618 -0.994272 -0.00618789
36.6184 118.132 6.75128 -0.107915 -0.994113 -0.00969661
37.229 118.054 7.43146 -0.111847 -0.993619 -0.014517
37.8622 117.968 8.13004 -0.126759 -0.991659 -0.0216024
38.4912 117.878 8.79066 -0.128684 -0.9916 -0.013019
39.284 117.768 9.64444 -0.129511 -0.991211 -0.0233616
40.0676 117.64 10.5654 -0.103238 -0.993249 -0.0510415
40.7331 117.505 11.7016 -0.126471 -0.990842 -0.0466619
41.0756 117.414 12.5602 -0.131059 -0.988822 -0.068922
41.4054 117.258 13.8708 -0.142112 -0.981474 -0.12164
41.4269 117.116 14.8113 -0.169051 -0.975667 -0.139626
41.3256 116.878 16.1223 -0.156783 -0.952138 -0.262399
41.2035 116.632 17.0557 -0.255838 -0.893654 -0.361554
40.866 116.245 18.3531 -0.400918 -0.84914 -0.34384
41.0864 115.785 19.1412 -0.38873 -0.835134 -0.389152
41.9584 115.004 19.861 -0.428857 -0.799959 -0.419674
42.6159 114.459 20.2319 -0.429741 -0.801604 -0.415636
43.3252 113.889 20.6019 -0.442284 -0.800979 -0.403022
44.2548 112.999 21.2863 -0.449618 -0.790186 -0.416474
44.7992 112.422 21.7348 -0.4696 -0.766843 -0.437526
45.4876 111.653 22.3594 -0.478458 -0.7751 -0.412671
46.1053 110.986 22.8513 -0.487757 -0.755749 -0.436809
46.9002 110.132 23.441 -0.485555 -0.749204 -0.450477
47.4143 109.522 23.9192 -0.473424 -0.771099 -0.425765
48.0259 108.785 24.5745 -0.478805 -0.768611 -0.4242
48.5513 108.159 25.1462 -0.494199 -0.780962 -0.381924
49.644 107.305 25.5632 -0.437895 -0.822108 -0.362883
50.8625 107.009 24.9756 -0.362855 -0.820842 -0.440852
51.8065 106.955 24.3819 -0.281679 -0.810565 -0.512958
52.5682 107.051 23.84 -0.26057 -0.818807 -0.511526
53.5974 107.348 22.963 -0.157936 -0.808499 -0.565489
54.2409 107.709 22.3293 -0.118243 -0.785267 -0.606987
54.7567 108.155 21.6929 -0.0874024 -0.779245 -0.620595
55.2474 108.69 20.9516 -0.0840438 -0.778914 -0.621464
56.0017 109.429 19.9104 -0.0551937 -0.782732 -0.619635
56.7229 110.099 19.0348 -0.0463852 -0.778334 -0.626106
57.2909 110.545 18.4075 -0.0647982 -0.785427 -0.615483
57.8428 111.04 17.7471 -0.0305504 -0.775502 -0.630606
57.9854 111.6 17.0479 -0.0380073 -0.780874 -0.623531
57.7761 112.256 16.2335 -0.0376011 -0.783953 -0.619681
57.352 112.97 15.361 -0.0549419 -0.793655 -0.605882
56.8826 113.501 14.7084 -0.0754323 -0.789937 -0.60817
55.9957 114.213 13.8555 -0.0918287 -0.81185 -0.5766
54.8819 114.709 13.316 -0.0972791 -0.84334 -0.528476
53.568 115.125 12.9289 -0.133607 -0.844213 -0.518904
52.6859 115.466 12.6276 -0.146256 -0.858342 -0.490353
51.6915 115.857 12.2628 -0.205574 -0.86774 -0.452512
50.6874 116.262 11.936 -0.199077 -0.870497 -0.450115
49.6205 116.613 11.6531 -0.166809 -0.943639 -0.284753
48.3258 116.962 11.1796 -0.193487 -0.955242 -0.214423
47.3721 117.116 10.8044 -0.0793041 -0.982999 -0.165601
46.576 117.215 10.3901 -0.0587375 -0.98827 -0.13916
45.7203 117.316 9.91748 -0.0244531 -0.995228 -0.0944607
44.4858 117.434 9.08337 -0.0304039 -0.994224 -0.102929
43.8623 117.523 8.38293 -0.0247366 -0.996156 -0.0840362
43.367 117.614 7.44804 -0.0246387 -0.996145 -0.0841901
42.7318 117.74 6.05163 -0.0221226 -0.996718 -0.0778739
41.6351 117.825 5.10527 -0.0193679 -0.996899 -0.0760275
40.5771 117.903 4.56367 -0.0593981 -0.99552 -0.0723957
39.7886 118 4.05622 -0.0703724 -0.994185 -0.081462
38.9371 118.103 3.49948 -0.058442 -0.994057 -0.0918436
38.1516 118.212 2.8731 -0.0680741 -0.993095 -0.0955465
37.401 118.318 2.16719 -0.0434253 -0.996504 -0.0713761
36.3743 118.431 1.16568 -0.0411827 -0.996767 -0.0664604
35.4757 118.522 0.371474 -0.044084 -0.997068 -0.0610279
34.4908 118.599 -0.171582 -0.0541277 -0.996583 -0.0573009
33.6888 118.657 -0.0948299 -0.0753427 -0.995623 -0.0548858
34.1861 118.567 0.834098 -0.0563401 -0.99741 -0.0447178
34.9874 118.505 1.21923 -0.0519575 -0.997566 -0.0462628
35.6954 118.434 1.78587 -0.0588394 -0.996662 -0.0565967
36.6011 118.324 2.65083 -0.0672911 -0.995574 -0.0655999
37.5048 118.201 3.5207 -0.0787733 -0.995102 -0.0597269
38.4424 118.062 4.31887 -0.079788 -0.993229 -0.0823345
39.5631 117.931 5.09143 -0.0580501 -0.994974 -0.0815945
40.517 117.836 5.62226 -0.0471221 -0.997042 -0.0604256
41.3671 117.768 6.14813 -0.0447901 -0.997544 -0.0538434
42.0492 117.691 6.93829 -0.0459236 -0.996564 -0.0689276
42.4612 117.611 7.83097 -0.0466652 -0.995715 -0.0790984
42.9516 117.51 8.8059 -0.025142 -0.996076 -0.084854
43.6633 117.421 9.62797 -0.0356346 -0.995352 -0.0888293
44.6019 117.299 10.3723 -0.0494132 -0.992872 -0.108458
45.548 117.226 10.9069 -0.0310205 -0.989175 -0.137492
46.3443 117.097 11.3558 -0.0646463 -0.983086 -0.171354
47.4884 116.93 11.8663 -0.0714091 -0.982967 -0.169342
48.4002 116.776 12.1911 -0.241755 -0.942775 -0.220392
49.2982 116.427 12.4627 -0.376907 -0.86455 -0.332407
50.1245 116.048 12.6914 -0.285393 -0.893006 -0.347981
51.2423 115.544 13.0238 -0.202685 -0.841177 -0.501339
52.4951 114.99 13.4713 -0.189462 -0.847749 -0.495405
53.4042 114.636 13.7738 -0.125864 -0.828493 -0.54447
54.4913 114.237 14.0872 -0.130555 -0.808289 -0.57413
55.5771 113.654 14.6915 -0.0986071 -0.80002 -0.591648
56.1414 113.147 15.2811 -0.0959223 -0.786219 -0.610457
56.7562 112.31 16.2626 -0.0864472 -0.786405 -0.611632
56.9204 111.614 17.1139 -0.0732012 -0.773922 -0.628998
56.5999 111.022 17.8865 -0.0700699 -0.779286 -0.62273
55.8851 110.41 18.7393 -0.0725239 -0.78126 -0.619978
55.0988 109.694 19.7373 -0.117136 -0.775906 -0.619878
54.3223 108.921 20.8224 -0.104823 -0.769163 -0.630397
53.8454 108.442 21.4839 -0.152395 -0.774465 -0.611748
52.8839 107.869 22.5268 -0.199457 -0.754894 -0.624781
52.152 107.646 23.157 -0.257007 -0.775653 -0.576407
51.3212 107.529 23.7705 -0.301685 -0.803898 -0.512575
50.249 107.611 24.3734 -0.370122 -0.826284 -0.424576
49.3311 108.057 24.4079 -0.468839 -0.772349 -0.42828
48.7831 108.658 23.9375 -0.483061 -0.767363 -0.421666
48.1673 109.379 23.3354 -0.480134 -0.76431 -0.430375
47.5921 110.07 22.8117 -0.459315 -0.745478 -0.483004
46.8759 110.853 22.2689 -0.454545 -0.753298 -0.475323
46.2413 111.536 21.7697 -0.451393 -0.765162 -0.458979
45.6977 112.154 21.28 -0.449143 -0.77399 -0.44633
45.064 112.84 20.7447 -0.421988 -0.773885 -0.471435
44.0682 113.809 20.0103 -0.436182 -0.780998 -0.446975
43.1226 114.589 19.4674 -0.426492 -0.799934 -0.422141
42.4424 115.202 18.9984 -0.42788 -0.798304 -0.423827
41.8895 115.905 18.1695 -0.367322 -0.815874 -0.44657
42.0176 116.249 17.3141 -0.271571 -0.863416 -0.425162
42.2011 116.582 16.4067 -0.225775 -0.92476 -0.305903
42.3551 116.876 15.2691 -0.23646 -0.948793 -0.209473
42.3608 117.059 14.1242 -0.161127 -0.974246 -0.157741
42.2333 117.22 13.115 -0.12495 -0.988719 -0.0825272
41.9516 117.334 12.1512 -0.118771 -0.990466 -0.0684002
41.4849 117.463 11.0101 -0.0944467 -0.992946 -0.070813
41.0126 117.555 10.1966 -0.100534 -0.992966 -0.0612705
40.3787 117.656 9.44415 -0.0945788 -0.99506 -0.0301649
39.5424 117.762 8.54653 -0.0923806 -0.995302 -0.0289817
38.9203 117.845 7.80306 -0.107332 -0.993503 -0.0333462
38.0853 117.968 6.87821 -0.108435 -0.993988 -0.0151532
37.2813 118.083 5.97615 -0.100709 -0.99369 -0.0486024
36.5994 118.182 5.24791 -0.0873693 -0.995162 -0.0443786
35.8728 118.281 4.27975 -0.0789018 -0.99558 -0.0497154
35.2467 118.376 3.42619 -0.0809623 -0.995367 -0.0518566
34.6834 118.453 2.72787 -0.0761319 -0.996027 -0.0461987
33.8598 118.547 1.83114 -0.0586699 -0.997678 -0.0346015
33.7997 118.582 0.989877 -0.0649735 -0.996401 -0.0530804
38.6201 117.948 5.84518 -0.0863817 -0.995314 -0.0409112
39.1838 117.882 6.4313 -0.0768768 -0.995848 -0.0482064
39.6929 117.795 7.27888 -0.085819 -0.995249 -0.0450091
40.346 117.711 8.08689 -0.0596253 -0.99653 -0.0579852
41.06 117.627 8.86076 -0.0600686 -0.996941 -0.0499949
41.6994 117.539 9.50878 -0.0856979 -0.994186 -0.0651946
42.7297 117.415 10.2972 -0.0545982 -0.995859 -0.0716095
42.7746 117.31 11.5312 -0.0591886 -0.994807 -0.0827946
43.1358 117.161 12.7806 -0.0990677 -0.989549 -0.102386
43.2836 117.014 13.7831 -0.0849189 -0.980558 -0.176901
43.3036 116.785 14.8084 -0.137761 -0.956757 -0.256053
43.2492 116.535 15.8044 -0.188639 -0.953621 -0.228776
43.0815 116.212 16.6548 -0.300504 -0.857835 -0.416913
42.9106 115.608 17.861 -0.352628 -0.794047 -0.49512
43.4276 114.971 18.5289 -0.390951 -0.788324 -0.474908
44.3109 114.199 19.0799 -0.391189 -0.779956 -0.488507
45.2429 113.362 19.6838 -0.404944 -0.791381 -0.457969
45.9456 112.631 20.2724 -0.439046 -0.756385 -0.484893
46.7668 111.713 20.9704 -0.432054 -0.761003 -0.483236
47.4043 111.026 21.489 -0.455353 -0.752829 -0.475291
48.1289 110.233 22.0492 -0.457737 -0.748919 -0.479132
48.7818 109.403 22.6268 -0.489815 -0.740524 -0.458913
49.4227 108.744 23.177 -0.41199 -0.770863 -0.484514
50.5286 108.116 23.316 -0.308301 -0.793354 -0.524918
51.698 108.243 22.5368 -0.204848 -0.833023 -0.513917
52.3579 108.471 21.9397 -0.178592 -0.7928 -0.582728
53.2728 109.072 20.8385 -0.179348 -0.781186 -0.597668
53.8005 109.583 20.1119 -0.125261 -0.758184 -0.639896
54.4433 110.187 19.2472 -0.123463 -0.772454 -0.622953
55.0346 110.719 18.4789 -0.117501 -0.762568 -0.636136
55.6069 111.239 17.7565 -0.113837 -0.770157 -0.627475
55.8642 111.772 17.0511 -0.0775524 -0.770292 -0.632958
55.7256 112.342 16.3682 -0.0886531 -0.784462 -0.613797
55.1995 112.987 15.6451 -0.12335 -0.77995 -0.613565
54.5663 113.504 15.0856 -0.111257 -0.797734 -0.592657
53.7454 113.905 14.7317 -0.135561 -0.811314 -0.568677
52.4586 114.426 14.3327 -0.168693 -0.806799 -0.566231
51.6023 114.82 14.0352 -0.191734 -0.803375 -0.563381
50.7727 115.245 13.7918 -0.254209 -0.847774 -0.465465
49.7891 115.723 13.524 -0.305084 -0.818339 -0.487071
49.0186 116.142 13.3187 -0.325549 -0.802766 -0.499585
48.1607 116.492 13.0678 -0.190961 -0.910159 -0.366454
47.0974 116.812 12.7179 -0.0675276 -0.983165 -0.169739
45.8875 116.981 12.1909 -0.0641466 -0.983225 -0.170741
44.5537 117.174 11.5063 -0.0870335 -0.988488 -0.123537
43.5831 117.314 10.8518 -0.0784332 -0.993042 -0.0878418
42.9457 117.409 10.2185 -0.0545881 -0.995859 -0.0716141
41.9177 117.54 9.21083 -0.083818 -0.994602 -0.0609907
41.4453 117.637 8.19171 -0.0710034 -0.99598 -0.053391
40.7429 117.752 6.96942 -0.0596368 -0.99653 -0.0579786
39.8765 117.833 6.2878 -0.0677806 -0.996269 -0.0514813
38.7251 117.937 5.93789 -0.0719205 -0.996488 -0.0428833
-33.5325 115.939 -1.44119 0.232793 -0.957875 -0.168174
-34.2921 115.64 -0.757018 0.22279 -0.962492 -0.154506
-35.479 115.26 -0.0162571 0.214704 -0.966654 -0.139576
-36.3821 114.987 0.492513 0.215826 -0.965581 -0.145141
-37.2123 114.719 1.02198 0.216506 -0.965071 -0.147527
-38.2902 114.42 1.54875 0.19433 -0.969673 -0.148221
-38.8799 114.15 2.48101 0.187935 -0.968295 -0.164574
-39.642 113.834 3.42392 0.189688 -0.965217 -0.179927
-40.3503 113.464 4.49095 0.208935 -0.954449 -0.213012
-41.0332 112.951 5.69539 0.303583 -0.907907 -0.288581
-41.4005 112.506 6.69111 0.347382 -0.887046 -0.302722
-41.6299 112.094 7.59428 0.384495 -0.857271 -0.339985
-41.7061 111.682 8.43661 0.403783 -0.83803 -0.366778
-41.7913 111.258 9.30179 0.442325 -0.815479 -0.373286
-41.8818 110.794 10.1898 0.45989 -0.807783 -0.367868
-41.9871 110.36 11.0544 0.47626 -0.806041 -0.351371
-42.1232 109.721 12.319 0.486239 -0.797277 -0.357438
-42.342 109.254 13.0599 0.536566 -0.778781 -0.324958
-42.7586 108.701 13.6971 0.539117 -0.781463 -0.313898
-43.3554 108.052 14.2003 0.562775 -0.758301 -0.329034
-44.0765 107.457 14.3748 0.528455 -0.761914 -0.374464
-44.9723 106.903 14.237 0.529062 -0.758827 -0.379787
-45.9742 106.471 13.7398 0.521381 -0.747228 -0.412082
-47.0583 106.298 12.8154 0.462443 -0.754172 -0.466231
-47.6907 106.373 12.0987 0.433239 -0.739893 -0.514647
-48.2774 106.589 11.3101 0.414101 -0.74294 -0.525855
-48.9312 107.08 10.1694 0.357917 -0.749442 -0.556923
-49.3491 107.694 9.0552 0.340731 -0.753563 -0.561774
-49.5661 108.254 8.18797 0.311637 -0.765903 -0.562384
-49.6092 109.038 7.07454 0.315121 -0.776096 -0.546237
-49.3222 109.671 6.29324 0.2878 -0.800107 -0.526308
-48.5454 110.224 5.86143 0.272118 -0.810396 -0.518855
-47.4216 110.787 5.53743 0.267836 -0.835532 -0.479569
-46.1747 111.355 5.26439 0.27795 -0.836767 -0.471769
-45.2253 111.786 5.02417 0.26157 -0.866129 -0.425744
-44.0387 112.467 4.41552 0.304914 -0.863002 -0.40281
-43.3283 112.867 3.99897 0.266026 -0.887516 -0.376185
-42.6416 113.242 3.4714 0.187433 -0.932965 -0.307319
-41.9437 113.575 2.80205 0.155435 -0.960427 -0.231126
-41.2234 113.832 2.21592 0.141551 -0.96377 -0.225568
-40.1174 114.131 1.4353 0.133557 -0.975741 -0.172956
-39.2411 114.329 1.08858 0.160494 -0.973375 -0.16363
-37.9515 114.578 0.963137 0.195827 -0.969195 -0.149361
-36.6757 114.935 0.396472 0.215824 -0.965582 -0.145137
-36.0016 115.184 -0.272695 0.211369 -0.967123 -0.141406
-35.4374 115.371 -0.710362 0.211756 -0.965088 -0.153656
-34.6109 115.611 -1.01879 0.221699 -0.961156 -0.164406
-34.1913 115.818 -1.65999 0.227246 -0.959515 -0.16629
-33.7566 115.972 -1.93639 0.232793 -0.957875 -0.168175
