30.8552 8.09601 -18.7164 0.117823 -0.984129 0.132584
29.7541 7.91371 -19.1192 0.11464 -0.98568 0.123578
29.21 7.91516 -18.6155 0.110446 -0.986347 0.122153
29.4089 8.08283 -17.5253 0.12048 -0.982998 0.138562
29.8376 8.30089 -16.4607 0.128449 -0.977841 0.165299
30.249 8.49549 -15.6385 0.130401 -0.977388 0.166456
30.9595 8.78206 -14.5426 0.139279 -0.974611 0.175259
31.583 8.99065 -13.8956 0.138748 -0.974002 0.179079
32.3313 9.19099 -13.3811 0.137803 -0.973838 0.180682
33.4527 9.46674 -12.7161 0.126268 -0.975995 0.177454
34.7814 9.73402 -12.1677 0.121027 -0.978076 0.169468
35.928 9.91059 -11.9261 0.0876191 -0.986576 0.135729
36.6349 9.92758 -12.2589 0.087619 -0.986576 0.135728
36.4313 9.74929 -13.2767 0.112621 -0.982326 0.149274
35.9022 9.55834 -14.0724 0.129736 -0.978243 0.161619
35.24 9.31963 -14.8972 0.134755 -0.975182 0.175672
34.3549 9.02117 -15.9011 0.135114 -0.976063 0.170415
33.5978 8.79081 -16.6084 0.138424 -0.975524 0.170841
32.9063 8.58235 -17.2748 0.134273 -0.977056 0.165325
31.8893 8.31964 -18.0821 0.126998 -0.981374 0.144135
31.0568 8.13718 -18.5993 0.124438 -0.982456 0.138815
31.6834 8.0943 -19.4885 0.122944 -0.983316 0.134067
32.4538 8.26017 -18.9848 0.126075 -0.981255 0.145732
33.2738 8.45573 -18.3704 0.124082 -0.981359 0.146757
33.9666 8.64334 -17.7627 0.132869 -0.97888 0.155371
34.6512 8.85145 -17.0968 0.136227 -0.975481 0.172854
35.4463 9.10609 -16.2676 0.131111 -0.976583 0.170574
36.1582 9.3408 -15.4563 0.127322 -0.977557 0.167841
36.8611 9.58846 -14.5595 0.112499 -0.979148 0.169153
37.3765 9.78138 -13.7634 0.10021 -0.983071 0.152991
37.7751 9.94456 -12.93 0.106299 -0.983635 0.145472
38.0673 10.116 -11.9842 0.115783 -0.984786 0.12805
37.487 10.1489 -10.8887 0.0827661 -0.994421 0.0652967
36.1812 10.0765 -10.7259 0.0731411 -0.989536 0.124377
35.2496 9.98071 -10.93 0.0921354 -0.987159 0.129237
34.0609 9.79126 -11.2879 0.121726 -0.978981 0.163636
32.9892 9.58548 -11.7331 0.123185 -0.977601 0.170475
31.9408 9.33365 -12.3267 0.135684 -0.974182 0.180414
31.1356 9.11698 -12.8729 0.138451 -0.97342 0.182439
30.474 8.91489 -13.4521 0.1379 -0.973774 0.180965
29.739 8.64151 -14.3726 0.133756 -0.975875 0.172384
29.2801 8.44859 -15.1475 0.132064 -0.977464 0.16469
28.7912 8.22057 -16.1252 0.131024 -0.978223 0.160976
28.2957 7.97936 -17.3854 0.109771 -0.986114 0.124618
28.0534 7.78482 -18.6898 0.102266 -0.986381 0.128819
28.1102 7.67393 -19.6004 0.0898646 -0.990396 0.101895
28.8112 7.65884 -20.3896 0.0832189 -0.992043 0.0934881
29.724 7.76553 -20.3131 0.113976 -0.986436 0.118126
30.5923 7.89469 -20.0329 0.107055 -0.987285 0.117508
31.175 7.99299 -19.7652 0.117822 -0.984129 0.132585
31.3419 7.88318 -20.8929 0.109964 -0.988166 0.106939
32.2235 8.0318 -20.4261 0.115703 -0.985713 0.121388
33.1471 8.22303 -19.8111 0.108388 -0.985099 0.133534
33.9651 8.4205 -19.1703 0.124405 -0.979922 0.155798
35.0164 8.70303 -18.2476 0.122736 -0.979138 0.161939
35.6574 8.90291 -17.5804 0.132421 -0.976201 0.171743
36.4107 9.14553 -16.7822 0.13012 -0.976535 0.171587
37.0145 9.33528 -16.1165 0.118747 -0.978062 0.171155
37.7754 9.59921 -15.093 0.110736 -0.981019 0.15918
38.2826 9.7865 -14.2742 0.100675 -0.981652 0.16194
38.8174 9.97689 -13.2584 0.0504566 -0.989187 0.137457
39.1816 10.1059 -12.3846 0.00627957 -0.994563 0.103946
39.1856 10.2309 -11.0716 0.0107913 -0.996412 0.0839465
38.743 10.2831 -10.284 0.0145399 -0.999614 0.0176943
37.5851 10.2393 -9.69533 0.0557327 -0.995198 0.0758751
36.3562 10.2043 -9.57625 0.0190892 -0.99741 0.0664273
35.4173 10.1419 -9.72151 0.0759289 -0.990323 0.116165
34.3796 10.0205 -10.0596 0.0817181 -0.983224 0.163074
33.3775 9.86745 -10.4104 0.103574 -0.980359 0.167834
32.5496 9.70423 -10.7516 0.142138 -0.973246 0.180523
31.5855 9.47819 -11.2468 0.132917 -0.975787 0.173702
30.6929 9.24548 -11.8456 0.13897 -0.973712 0.18048
29.7854 8.97825 -12.5928 0.137448 -0.973507 0.182733
28.9548 8.67347 -13.5929 0.1413 -0.974595 0.173777
28.3054 8.40205 -14.6454 0.130096 -0.977511 0.165971
27.9059 8.21426 -15.4429 0.119697 -0.980563 0.154914
27.5087 8.03784 -16.3187 0.108369 -0.982903 0.148853
27.2127 7.88642 -17.1669 0.103022 -0.987517 0.118809
26.9726 7.71594 -18.4542 0.0931327 -0.9881 0.122031
26.9417 7.59944 -19.5683 0.0606387 -0.994226 0.0885336
27.1015 7.5346 -20.4554 0.0655667 -0.994418 0.0826693
27.9015 7.5066 -21.3777 0.059942 -0.994435 0.0866394
28.8343 7.55947 -21.54 0.0878723 -0.994212 0.0574461
29.8777 7.67701 -21.4073 0.0989012 -0.992188 0.0759647
31.3192 7.87952 -20.9026 0.114167 -0.987652 0.107283
31.337 7.88237 -20.8953 0.112065 -0.987909 0.107111
31.9019 7.84671 -21.8034 0.109093 -0.988657 0.103137
30.8362 7.70161 -22.2635 0.0945248 -0.992235 0.0808344
29.9669 7.59915 -22.5045 0.0880144 -0.993327 0.0739086
28.7644 7.5003 -22.6651 0.0670447 -0.995091 0.0727921
27.8038 7.44857 -22.5827 0.0489458 -0.997525 0.0480359
26.8955 7.41512 -22.1574 0.0521334 -0.9981 0.0328428
26.2395 7.41985 -21.421 0.0371931 -0.997528 0.0574248
25.8113 7.50933 -19.7518 0.0527789 -0.996896 0.0584167
25.904 7.66173 -18.117 0.0666423 -0.993697 0.0901374
26.04 7.77336 -17.2286 0.0868043 -0.98977 0.113215
26.4031 7.93465 -16.156 0.0986817 -0.986252 0.132548
26.8363 8.13006 -15.1207 0.123697 -0.98047 0.152398
27.3662 8.37136 -14.09 0.127905 -0.977931 0.165185
27.8155 8.5637 -13.3281 0.132289 -0.976645 0.169302
28.3925 8.78728 -12.5169 0.139522 -0.972722 0.185291
29.1206 9.04305 -11.7365 0.141892 -0.972898 0.182559
30.0471 9.31266 -10.9911 0.137066 -0.974123 0.179716
31.1131 9.59308 -10.2762 0.129695 -0.974579 0.182691
31.9621 9.76748 -9.83804 0.111626 -0.980312 0.162876
32.9876 9.97397 -9.40158 0.118157 -0.986187 0.111511
33.977 10.1023 -9.04196 0.0787072 -0.993709 0.0796683
34.9074 10.2006 -8.7403 0.0711158 -0.994514 0.0522451
35.795 10.2447 -8.51707 0.0432408 -0.999064 0.000672876
37.2832 10.2848 -8.51865 0.00502186 -0.999629 0.026752
38.5427 10.3001 -8.74176 0.0266549 -0.999428 0.0207919
39.6027 10.3008 -9.48468 -0.000422482 -0.999745 0.0225663
40.1923 10.2639 -10.4041 0.00751288 -0.998198 0.0558293
40.4598 10.223 -11.4027 0.0266732 -0.99849 0.0480267
40.3706 10.1676 -12.3311 0.0462302 -0.995744 0.0750368
40.0056 10.0458 -13.2943 0.0605149 -0.992275 0.108298
39.5988 9.91159 -14.1341 0.0761639 -0.989062 0.126314
38.8201 9.65558 -15.424 0.103528 -0.982425 0.155318
38.0414 9.3848 -16.5754 0.108849 -0.980406 0.164181
37.1823 9.11021 -17.5587 0.12782 -0.976869 0.171433
36.5412 8.91125 -18.2145 0.13012 -0.976535 0.171588
35.9198 8.72096 -18.8671 0.134695 -0.978515 0.156096
35.0793 8.48979 -19.6311 0.126703 -0.980334 0.151246
34.0986 8.25417 -20.4226 0.126549 -0.983608 0.128456
33.0564 8.04558 -21.1571 0.112869 -0.987684 0.108353
32.2015 7.89542 -21.6609 0.109515 -0.988159 0.107463
32.8716 7.88296 -22.484 0.103439 -0.989085 0.104936
33.6347 8.01064 -22.0146 0.101072 -0.98843 0.11278
34.4772 8.16963 -21.4294 0.107478 -0.986494 0.123465
35.4373 8.36908 -20.7539 0.1133 -0.983986 0.137605
36.1496 8.54857 -20.1622 0.129402 -0.979492 0.154439
36.812 8.73268 -19.5488 0.12916 -0.979587 0.154008
37.5291 8.92242 -18.9523 0.130924 -0.978416 0.159833
38.4202 9.23224 -17.7875 0.119639 -0.98026 0.157317
39.1732 9.46325 -16.8805 0.117213 -0.981275 0.152841
39.7316 9.64663 -16.084 0.102367 -0.982542 0.155346
40.3187 9.83458 -15.1877 0.0772377 -0.989229 0.12434
40.7919 10.0037 -14.1113 0.0521156 -0.993366 0.0990144
41.3912 10.132 -12.9953 0.0225788 -0.993783 0.109021
41.5669 10.212 -11.9226 -0.0211239 -0.997869 0.0515492
41.5431 10.244 -10.9002 -0.0408192 -0.998915 0.0181957
41.2274 10.2648 -9.9364 -0.0292917 -0.9995 0.0119259
40.7588 10.2577 -9.13518 -0.038983 -0.999041 -0.0199479
39.9717 10.2565 -8.15798 -0.0314275 -0.998518 -0.0444287
38.8843 10.2673 -7.62823 -0.0304124 -0.998735 -0.0400554
37.5893 10.2854 -7.42052 0.0049928 -0.999197 -0.0321447
36.7115 10.263 -7.23197 0.0268495 -0.999494 -0.0163466
35.4544 10.2462 -7.43326 0.0151106 -0.999614 0.0153273
34.2506 10.189 -7.74554 0.052072 -0.998363 0.0236476
33.3999 10.1534 -8.03613 0.0216792 -0.991449 0.117563
32.494 10.0458 -8.44477 0.0425493 -0.985351 0.165146
31.1349 9.80655 -9.05743 0.109074 -0.979473 0.169517
30.3593 9.63211 -9.5006 0.137507 -0.975933 0.169054
29.4941 9.40367 -10.0697 0.135549 -0.974907 0.176489
28.5816 9.14399 -10.7868 0.133708 -0.973139 0.187413
27.724 8.85972 -11.6292 0.14373 -0.973832 0.176047
27.0875 8.62399 -12.4135 0.139313 -0.974442 0.176167
26.3507 8.33512 -13.4956 0.133527 -0.976452 0.169444
25.9494 8.12928 -14.4176 0.126456 -0.979498 0.156714
25.5095 7.9352 -15.4353 0.11343 -0.985954 0.122594
25.1424 7.77467 -16.4353 0.111757 -0.987772 0.108707
24.8265 7.61363 -17.7697 0.0815404 -0.992962 0.0858819
24.7359 7.49604 -19.0207 0.0641065 -0.995103 0.0715317
24.6592 7.44 -20.0148 0.0381207 -0.997676 0.0564672
24.8078 7.38909 -21.0146 0.0252313 -0.998743 0.0358035
25.2729 7.37066 -22.1069 0.0115205 -0.99962 0.0250366
25.8905 7.3584 -22.8805 0.0115141 -0.999426 0.0312495
26.726 7.35275 -23.4439 0.0319976 -0.998688 0.0399787
27.588 7.36931 -23.7203 0.0366897 -0.998778 0.0317105
28.5815 7.4226 -23.768 0.057804 -0.997639 0.0370712
29.7289 7.5036 -23.6629 0.082969 -0.99473 0.0602413
30.8941 7.61303 -23.3839 0.0773166 -0.99403 0.076122
31.9655 7.74 -22.9718 0.0907889 -0.992456 0.082175
32.1461 7.7645 -22.8855 0.0998963 -0.990604 0.0924861
32.5878 7.83435 -22.6625 0.103439 -0.989085 0.104936
