-50.4222 108.006 10.7313 0.299829 -0.778017 -0.551611
-50.7871 108.525 9.81132 0.298249 -0.77308 -0.559817
-51.1493 109.112 8.79708 0.299018 -0.77898 -0.55116
-51.4234 109.685 7.85424 0.283946 -0.780974 -0.556286
-51.3053 110.495 6.72533 0.265121 -0.806707 -0.528142
-50.4616 111.162 6.11715 0.255482 -0.812752 -0.523606
-49.5527 111.608 5.86017 0.248033 -0.835242 -0.490571
-48.087 112.18 5.67695 0.262294 -0.846206 -0.463628
-46.8136 112.648 5.58044 0.29315 -0.839321 -0.457401
-45.584 113.112 5.4956 0.31295 -0.850686 -0.421617
-44.326 113.653 5.29683 0.311371 -0.881302 -0.355463
-43.4755 114.037 5.08736 0.289609 -0.909023 -0.299673
-42.9628 113.973 5.78553 0.305792 -0.899808 -0.310446
-42.8294 113.558 6.95261 0.33225 -0.874755 -0.352723
-42.6873 113.213 7.9146 0.361078 -0.844644 -0.391959
-42.5788 112.819 8.81022 0.402451 -0.822427 -0.402053
-42.4718 112.379 9.81778 0.420621 -0.815436 -0.397671
-42.4132 111.923 10.8463 0.417584 -0.825584 -0.379519
-42.52 111.427 11.841 0.463768 -0.806535 -0.366486
-42.9471 110.797 12.6628 0.472833 -0.8002 -0.368931
-43.5494 110.12 13.3495 0.515065 -0.789024 -0.334886
-44.1767 109.394 14.039 0.527136 -0.769607 -0.360323
-44.7034 108.754 14.6646 0.511226 -0.78028 -0.358546
-45.3557 108.03 15.3668 0.527946 -0.785872 -0.321946
-46.439 107.272 15.4409 0.523808 -0.782218 -0.33723
-47.4224 106.999 14.7381 0.435955 -0.815948 -0.379701
-48.0671 106.964 14.0931 0.40768 -0.819513 -0.40263
-48.719 107.026 13.3266 0.402239 -0.817147 -0.412869
-49.3045 107.226 12.6112 0.354933 -0.776445 -0.520727
-49.86 107.488 11.8224 0.365554 -0.782299 -0.50436
-50.3558 107.923 10.8857 0.281878 -0.789997 -0.544472
-50.3723 107.942 10.8498 0.281877 -0.789994 -0.544476
-51.3381 107.637 10.7746 0.303243 -0.789313 -0.533881
-50.7834 107.074 11.9221 0.308191 -0.785781 -0.536253
-50.065 106.664 12.9448 0.312378 -0.788758 -0.529416
-49.4107 106.473 13.752 0.399041 -0.817811 -0.41467
-48.6691 106.396 14.6479 0.436644 -0.796582 -0.418089
-47.7055 106.44 15.594 0.432048 -0.812591 -0.391191
-46.9684 106.621 16.1112 0.528613 -0.778868 -0.337525
-46.0482 107.03 16.6145 0.531654 -0.778088 -0.334541
-45.0202 107.827 16.4382 0.553693 -0.78007 -0.291276
-44.2504 108.636 15.6894 0.548238 -0.7852 -0.287904
-43.7824 109.202 15.1137 0.54636 -0.773666 -0.320829
-43.077 110.024 14.3018 0.534743 -0.783211 -0.317079
-42.5523 110.595 13.7327 0.503003 -0.796398 -0.335766
-41.8068 111.433 12.7996 0.49235 -0.808814 -0.321573
-41.5439 111.958 11.8753 0.473539 -0.810788 -0.342839
-41.5156 112.348 10.9716 0.431226 -0.835576 -0.340376
-41.5843 112.766 9.93192 0.435384 -0.820304 -0.370866
-41.6854 113.196 8.93451 0.392992 -0.831608 -0.392036
-41.7622 113.541 8.09812 0.389013 -0.848052 -0.358952
-41.876 113.887 7.04039 0.336715 -0.891311 -0.303548
-41.9496 114.193 6.11866 0.302643 -0.893851 -0.330812
-42.0148 114.485 5.19595 0.308948 -0.905762 -0.290079
-42.1392 114.713 4.06227 0.220003 -0.950844 -0.217931
-42.9441 114.634 3.77633 0.172276 -0.953926 -0.245656
-43.8389 114.258 4.18046 0.275989 -0.895188 -0.349956
-44.7126 113.888 4.44416 0.294093 -0.87205 -0.391202
-45.9211 113.415 4.61347 0.2775 -0.875845 -0.394828
-46.8943 113.071 4.69076 0.26266 -0.862725 -0.432105
-48.1128 112.643 4.79902 0.252453 -0.852915 -0.45695
-49.0555 112.307 4.89149 0.254546 -0.840546 -0.47783
-50.1172 111.921 5.04153 0.248032 -0.835242 -0.490571
-51.0299 111.493 5.28683 0.245732 -0.827829 -0.504297
-51.739 111.069 5.654 0.240662 -0.815567 -0.525314
-52.226 110.522 6.22672 0.256818 -0.802145 -0.538951
-52.5298 109.803 7.12925 0.283301 -0.788253 -0.546258
-52.2918 109.09 8.24668 0.277246 -0.781433 -0.559013
-51.9727 108.602 9.08482 0.286026 -0.776697 -0.561187
-51.6635 108.117 9.90232 0.292652 -0.771638 -0.564651
-51.3932 107.714 10.6294 0.303243 -0.789313 -0.533881
-52.2747 107.303 10.7754 0.286874 -0.791865 -0.538933
-51.9082 106.846 11.6228 0.295979 -0.785843 -0.542941
-51.2429 106.344 12.7772 0.256766 -0.844426 -0.470085
-50.3854 106.018 13.8592 0.31568 -0.847709 -0.422038
-49.7316 105.873 14.6403 0.348499 -0.812809 -0.466787
-49.0035 105.797 15.479 0.448581 -0.812425 -0.372479
-48.2836 105.859 16.1835 0.432459 -0.831162 -0.346901
-47.468 106.061 16.8185 0.471635 -0.837265 -0.276672
-46.5921 106.394 17.385 0.518488 -0.807114 -0.282369
-45.306 107.143 17.7282 0.558955 -0.779641 -0.282365
-44.3048 108.07 17.1451 0.575019 -0.780395 -0.245636
-43.4458 109.009 16.2095 0.550201 -0.783597 -0.288538
-42.6571 109.908 15.2828 0.526674 -0.788133 -0.318529
-42.1338 110.471 14.7407 0.518627 -0.800435 -0.30055
-41.576 111.067 14.1181 0.518764 -0.802492 -0.294678
-40.9787 111.711 13.3885 0.500299 -0.816941 -0.286233
-40.6789 112.176 12.5567 0.449834 -0.836377 -0.313247
-40.6111 112.597 11.5453 0.451357 -0.833224 -0.319397
-40.6718 113.079 10.2555 0.361541 -0.86404 -0.350317
-40.7799 113.541 8.97237 0.356992 -0.872052 -0.334787
-40.8732 114.02 7.7342 0.289453 -0.896259 -0.336062
-40.9621 114.341 6.73052 0.289971 -0.909616 -0.292513
-41.0145 114.583 5.86522 0.230993 -0.942002 -0.240395
-41.0401 114.782 4.90709 0.221777 -0.954012 -0.201682
-41.1268 114.949 3.9939 0.185304 -0.962095 -0.20009
-41.2192 115.137 2.87837 0.157527 -0.969716 -0.184051
-41.8628 115.19 2.20391 0.130592 -0.968951 -0.209738
-42.8376 114.985 2.5882 0.144196 -0.958833 -0.24126
-43.8767 114.627 3.13974 0.238272 -0.930228 -0.275206
-45.256 114.056 3.61256 0.236548 -0.917163 -0.317429
-46.216 113.727 3.7489 0.260859 -0.872056 -0.41409
-47.3832 113.334 3.85456 0.236317 -0.86915 -0.434434
-48.58 112.944 3.95879 0.241451 -0.858146 -0.452833
-49.4569 112.664 4.0458 0.234213 -0.854422 -0.463728
-50.7083 112.224 4.23098 0.21611 -0.851847 -0.477131
-51.5132 111.854 4.45465 0.243108 -0.833878 -0.495511
-52.4532 111.309 4.91662 0.240289 -0.835022 -0.494975
-53.0717 110.633 5.64919 0.278164 -0.792245 -0.543058
-53.4254 110.065 6.28492 0.284215 -0.788253 -0.545783
-53.5266 109.274 7.3758 0.281615 -0.785488 -0.551047
-53.2479 108.673 8.35702 0.275612 -0.779772 -0.562118
-52.7773 108.07 9.429 0.248972 -0.797008 -0.550233
-52.3661 107.434 10.5282 0.271898 -0.795874 -0.540732
-53.172 106.97 10.861 0.234436 -0.811455 -0.535332
-52.6892 106.355 12.0117 0.198805 -0.841287 -0.502705
-52.2591 106.034 12.796 0.232903 -0.844633 -0.481805
-51.4283 105.657 13.9642 0.240058 -0.864604 -0.441398
-50.8382 105.47 14.6618 0.262827 -0.865147 -0.426456
-49.9468 105.297 15.6819 0.289138 -0.879325 -0.378401
-48.9898 105.294 16.6854 0.369149 -0.850556 -0.374545
-48.2875 105.447 17.2933 0.458534 -0.837237 -0.297258
-47.2593 105.764 18.0243 0.473697 -0.827742 -0.300755
-46.1365 106.29 18.5712 0.545897 -0.803308 -0.234138
-45.359 106.805 18.7704 0.5855 -0.78309 -0.209665
-44.5677 107.416 18.6849 0.575953 -0.788022 -0.217481
-43.8483 108.12 18.0546 0.572739 -0.783826 -0.239867
-43.163 108.829 17.3508 0.558948 -0.792178 -0.245014
-42.5662 109.475 16.6729 0.537205 -0.799909 -0.267502
-41.8257 110.267 15.8246 0.541295 -0.793033 -0.279461
-41.1039 111.023 15.0552 0.5412 -0.797821 -0.265677
-40.3534 111.773 14.2744 0.484199 -0.827643 -0.283828
-39.9264 112.262 13.5675 0.464889 -0.841001 -0.276075
-39.7461 112.664 12.615 0.446611 -0.852831 -0.270548
-39.7098 113.116 11.3168 0.404457 -0.860366 -0.310135
-39.7936 113.549 10.001 0.382835 -0.862486 -0.329654
-39.8669 113.88 9.03753 0.331293 -0.88449 -0.328516
-39.9099 114.173 8.14748 0.304605 -0.898148 -0.315854
-39.9889 114.544 6.91991 0.254193 -0.930937 -0.262187
-40.0088 114.848 5.7111 0.212761 -0.955769 -0.202941
-40.0768 115.055 4.5824 0.208538 -0.963143 -0.169903
-40.1693 115.208 3.60096 0.164007 -0.974087 -0.155304
-40.1919 115.384 2.44846 0.15307 -0.976061 -0.154493
-40.7808 115.482 1.34387 0.14061 -0.975673 -0.168174
-41.7893 115.431 1.04185 0.100163 -0.976567 -0.190397
-42.7575 115.263 1.42111 0.103495 -0.972247 -0.208812
-43.802 114.941 2.0086 0.195757 -0.952401 -0.233692
-44.6516 114.628 2.40998 0.236543 -0.917163 -0.31743
-45.5427 114.332 2.69988 0.196291 -0.920063 -0.339048
-46.4327 114.034 2.86991 0.243172 -0.892388 -0.379642
-47.9513 113.566 3.02775 0.22223 -0.883959 -0.41075
-49.3881 113.153 3.14402 0.229988 -0.869253 -0.437612
-50.3293 112.872 3.24719 0.21206 -0.856004 -0.471395
-51.3155 112.527 3.4064 0.2345 -0.847029 -0.477024
-52.2326 112.108 3.68163 0.233456 -0.83288 -0.50174
-53.1051 111.587 4.13438 0.250519 -0.822239 -0.511041
-53.659 111.062 4.68975 0.269485 -0.810371 -0.520266
-54.2068 110.281 5.5717 0.279982 -0.787742 -0.548701
-54.5377 109.549 6.4424 0.288204 -0.784118 -0.549634
-54.4792 108.839 7.48938 0.305866 -0.770117 -0.559787
-54.1506 108.221 8.5451 0.288223 -0.794037 -0.535191
-53.6021 107.578 9.76932 0.248977 -0.797005 -0.550235
-53.3607 107.256 10.3442 0.234436 -0.811455 -0.535332
-54.2978 106.959 10.3898 0.229968 -0.813062 -0.534832
-53.8119 106.301 11.6571 0.209469 -0.841881 -0.49723
-53.3456 105.809 12.6754 0.202093 -0.846058 -0.493299
-52.8393 105.491 13.5111 0.232346 -0.876402 -0.421823
-52.2107 105.217 14.3995 0.240102 -0.863854 -0.442788
-51.5587 105.008 15.1741 0.248457 -0.869902 -0.425771
-50.8335 104.866 16.0018 0.291749 -0.877547 -0.380519
-49.8892 104.786 16.9959 0.343181 -0.870265 -0.353364
-49.0888 104.868 17.7316 0.454047 -0.848119 -0.273012
-48.1762 105.11 18.483 0.433325 -0.862324 -0.261967
-47.4193 105.388 18.9441 0.492333 -0.844356 -0.211222
-46.627 105.753 19.3523 0.516213 -0.832176 -0.201124
-45.4961 106.439 19.7576 0.575732 -0.78776 -0.219012
-44.4539 107.207 19.8032 0.579295 -0.793943 -0.184584
-43.6403 107.934 19.2753 0.580422 -0.785889 -0.213283
-42.9603 108.62 18.5216 0.563551 -0.796388 -0.218832
-42.444 109.152 17.9762 0.547024 -0.804113 -0.231455
-41.6859 109.907 17.1439 0.535691 -0.800071 -0.270041
-41.1605 110.458 16.5816 0.549703 -0.791912 -0.265539
-40.5249 111.081 16.0623 0.543777 -0.793807 -0.272233
-39.9204 111.745 15.2299 0.516998 -0.816122 -0.258183
-39.2186 112.378 14.5067 0.479299 -0.844409 -0.239263
-38.8777 112.833 13.5818 0.454195 -0.856528 -0.245087
-38.8105 113.176 12.4863 0.417844 -0.868495 -0.266689
-38.8273 113.57 11.0992 0.382235 -0.882947 -0.26994
-38.8396 113.91 10.0875 0.36056 -0.881301 -0.305458
-38.9532 114.2 9.11739 0.350343 -0.886863 -0.300961
-38.9402 114.668 7.74431 0.337241 -0.891807 -0.301576
-39.1161 114.964 6.30904 0.283891 -0.942199 -0.17758
-39.0406 115.183 5.19938 0.260105 -0.953337 -0.149934
-39.0645 115.308 4.29006 0.183509 -0.971435 -0.150462
-39.0832 115.437 3.40327 0.187648 -0.973908 -0.127641
-39.1291 115.569 2.30662 0.145276 -0.979272 -0.140363
-39.4406 115.68 1.29002 0.129737 -0.976412 -0.17092
-40.036 115.731 0.559574 0.161747 -0.969629 -0.183462
-40.9108 115.713 -0.0394005 0.109764 -0.982643 -0.14955
-42.2863 115.597 0.146138 0.0428476 -0.974749 -0.215214
-43.14 115.439 0.526594 0.0780796 -0.966148 -0.2457
-44.4794 115.048 1.31062 0.129652 -0.938145 -0.321051
-45.7387 114.629 1.76706 0.198159 -0.922253 -0.331937
-47.0612 114.211 2.05879 0.233266 -0.904636 -0.356679
-48.0765 113.945 2.17949 0.203887 -0.882648 -0.423513
-49.326 113.623 2.26869 0.191042 -0.876759 -0.441243
-50.224 113.389 2.3286 0.190937 -0.87245 -0.449794
-51.2203 113.1 2.43668 0.198756 -0.856931 -0.47555
-52.1755 112.809 2.53102 0.220693 -0.83944 -0.496597
-52.9838 112.36 2.92286 0.214344 -0.836826 -0.503584
-53.7063 111.932 3.31155 0.219466 -0.822065 -0.525398
-54.4287 111.246 4.03603 0.249869 -0.804176 -0.53932
-54.8809 110.603 4.76753 0.278401 -0.777912 -0.563273
-55.2774 110.011 5.40252 0.286292 -0.777869 -0.559332
-55.5128 109.307 6.2672 0.30077 -0.780726 -0.547727
-55.5103 108.767 7.02191 0.307451 -0.770733 -0.558072
-55.3366 108.161 7.9879 0.29534 -0.792853 -0.533065
-55.0507 107.756 8.74989 0.287679 -0.801428 -0.524159
-54.5421 107.228 9.84266 0.257293 -0.817005 -0.516045
-54.4782 107.166 9.97378 0.258334 -0.818638 -0.512915
-54.3419 107.016 10.2837 0.244672 -0.816667 -0.522307
