-57.554 114.87 19.3506 -0.000827035 -0.983052 -0.183326
-56.9955 114.675 20.345 -0.00575334 -0.980654 -0.195667
-56.2966 114.478 21.4016 0.0164566 -0.984466 -0.174802
-55.2658 114.362 22.3888 0.066326 -0.989359 -0.129498
-54.3024 114.348 23.0585 0.0816631 -0.988203 -0.1293
-53.4953 114.347 23.5546 0.101474 -0.987299 -0.119446
-52.5912 114.426 23.8948 0.12869 -0.986449 -0.101772
-51.682 114.588 23.7158 0.183703 -0.976333 -0.107815
-51.0942 114.794 22.7476 0.140681 -0.983257 -0.115825
-50.6125 114.974 21.8035 0.175746 -0.976244 -0.121111
-50.0665 115.21 20.9235 0.211525 -0.968853 -0.128765
-49.2843 115.596 19.8526 0.241761 -0.951946 -0.187944
-48.7679 115.877 19.1397 0.253325 -0.94487 -0.207479
-48.2589 116.178 18.3902 0.247402 -0.942185 -0.225216
-47.7479 116.51 17.6645 0.259998 -0.932838 -0.249427
-47.2297 116.853 16.9515 0.267585 -0.925328 -0.26864
-46.6201 117.267 16.1383 0.268651 -0.919896 -0.285231
-46.0854 117.63 15.5086 0.257541 -0.920058 -0.295005
-45.426 118.036 14.7901 0.251112 -0.918323 -0.305959
-44.8546 118.419 14.1209 0.254625 -0.9162 -0.309416
-44.1633 118.868 13.3249 0.239596 -0.922124 -0.303779
-43.5587 119.254 12.6456 0.250956 -0.923306 -0.290533
-43.1047 119.582 11.9484 0.232512 -0.929178 -0.287345
-43.5303 119.876 10.6949 0.212027 -0.932092 -0.29366
-44.0756 119.98 9.96792 0.194264 -0.933231 -0.302229
-44.7345 120.082 9.22882 0.196653 -0.93022 -0.30977
-45.7899 120.132 8.45786 0.179617 -0.929415 -0.322375
-47.128 120.115 7.79373 0.168548 -0.927855 -0.332682
-48.018 120.04 7.56037 0.151735 -0.921835 -0.356625
-49.1016 119.95 7.32718 0.154293 -0.920385 -0.359284
-50.0399 119.859 7.19961 0.135058 -0.918016 -0.372835
-51.3485 119.744 7.03445 0.121651 -0.913353 -0.388554
-52.5645 119.678 6.7976 0.119417 -0.911495 -0.393539
-54.0188 119.639 6.47782 0.110032 -0.912099 -0.394927
-55.3772 119.408 6.65562 0.103263 -0.911222 -0.398761
-56.427 119.042 7.26404 0.0752315 -0.914192 -0.398238
-57.3168 118.563 8.22016 0.0631701 -0.918213 -0.391017
-58.0166 118.141 9.12511 0.0465953 -0.924233 -0.378974
-58.638 117.788 9.92364 0.0405158 -0.932226 -0.359602
-59.0434 117.479 10.6934 0.0110994 -0.940996 -0.338187
-59.3636 117.031 11.9649 0.00815042 -0.947585 -0.3194
-59.4357 116.556 13.3896 -0.0096892 -0.949461 -0.313735
-59.2664 116.176 14.548 -0.0173744 -0.954843 -0.296569
-58.8734 115.799 15.7691 -0.012816 -0.956791 -0.290495
-58.5362 115.52 16.7273 -0.0368284 -0.962201 -0.269838
-58.243 115.259 17.6646 -0.0321766 -0.970051 -0.240762
-57.9128 115.009 18.6441 -0.0369864 -0.977228 -0.207657
-57.6305 114.895 19.2153 -0.000829803 -0.983053 -0.183321
-58.6334 114.851 19.5545 -0.00871307 -0.97728 -0.211772
-58.9789 115.037 18.7321 -0.0378418 -0.972678 -0.228973
-59.259 115.241 17.9009 -0.0317828 -0.972972 -0.228726
-59.5076 115.457 17.0599 -0.032863 -0.965948 -0.256642
-59.7954 115.687 16.2301 -0.0377306 -0.965048 -0.259284
-60.1118 115.93 15.4121 -0.0425851 -0.960944 -0.273446
-60.4254 116.311 14.191 -0.0179622 -0.953538 -0.300738
-60.492 116.598 13.2971 -0.00816941 -0.950303 -0.311205
-60.4084 116.999 12.0601 -0.00360346 -0.949573 -0.313471
-60.1899 117.39 10.9291 -0.00622914 -0.943185 -0.332211
-59.8177 117.78 9.87265 0.00891047 -0.935339 -0.353639
-59.3006 118.086 9.08388 0.0445451 -0.928241 -0.369115
-58.7075 118.41 8.36317 0.0560811 -0.926991 -0.370866
-57.9033 118.933 7.23842 0.0752824 -0.919629 -0.385505
-57.1604 119.32 6.47785 0.0829124 -0.916378 -0.391633
-56.0512 119.714 5.80462 0.0911943 -0.910237 -0.403921
-54.9725 119.981 5.45705 0.0997151 -0.907647 -0.407699
-53.9682 120.069 5.51494 0.102351 -0.908472 -0.405219
-53.0496 120.089 5.7172 0.113881 -0.909971 -0.398727
-51.9926 120.094 6.00743 0.119417 -0.911495 -0.39354
-50.9997 120.16 6.15681 0.116024 -0.917712 -0.379924
-50.0813 120.235 6.25624 0.124957 -0.918176 -0.375857
-48.7529 120.358 6.42316 0.140023 -0.921407 -0.36228
-47.5088 120.467 6.65395 0.1455 -0.924097 -0.353376
-46.3776 120.524 7.02722 0.162807 -0.929308 -0.331481
-45.3772 120.517 7.56387 0.176321 -0.931743 -0.317429
-44.5532 120.473 8.14713 0.176706 -0.933481 -0.312012
-43.8593 120.417 8.7512 0.189003 -0.935546 -0.298332
-43.1911 120.325 9.48808 0.204528 -0.936513 -0.284784
-42.6524 120.219 10.218 0.204934 -0.935513 -0.28778
-42.0277 120.026 11.3549 0.219597 -0.934601 -0.279817
-41.862 119.735 12.4797 0.22407 -0.935717 -0.272445
-42.5559 119.323 13.2691 0.241573 -0.927102 -0.286574
-43.5071 118.79 14.1414 0.26088 -0.920566 -0.290661
-44.0982 118.424 14.7715 0.268635 -0.917285 -0.293979
-44.7108 118.001 15.5317 0.262914 -0.920303 -0.289614
-45.4451 117.55 16.3327 0.259588 -0.925136 -0.277003
-46.004 117.193 17.0108 0.264122 -0.925189 -0.272425
-46.6535 116.754 17.8906 0.259432 -0.932589 -0.250939
-47.2699 116.349 18.7531 0.258869 -0.932341 -0.252441
-47.778 116.04 19.5109 0.227838 -0.949222 -0.216944
-48.2928 115.761 20.2099 0.211248 -0.956694 -0.200277
-48.897 115.467 20.9793 0.217529 -0.959029 -0.180277
-49.4475 115.232 21.7961 0.215972 -0.968522 -0.123776
-50.1083 114.94 23.081 0.208518 -0.973123 -0.0977333
-50.5304 114.78 24.0684 0.17161 -0.982525 -0.0720677
-51.6395 114.507 25.1361 0.187418 -0.981606 -0.0363878
-52.5564 114.35 25.0266 0.145896 -0.988159 -0.0475025
-53.5565 114.227 24.7196 0.115625 -0.990692 -0.0718351
-54.8741 114.176 23.9559 0.081578 -0.987217 -0.136919
-55.8475 114.204 23.2356 0.0695234 -0.986231 -0.15005
-56.5479 114.261 22.6678 0.0311376 -0.986165 -0.162818
-57.3515 114.404 21.7742 0.000394647 -0.983305 -0.181922
-57.9456 114.588 20.8149 -0.00409879 -0.980988 -0.194008
-58.442 114.771 19.9161 -0.00871508 -0.977279 -0.211777
-59.27 114.638 20.5578 0.000938307 -0.977418 -0.210373
-59.8565 114.897 19.4457 -0.0216341 -0.976796 -0.213074
-60.1876 115.138 18.4561 -0.028068 -0.971348 -0.235988
-60.4594 115.381 17.5005 -0.0295485 -0.97053 -0.239163
-60.8289 115.665 16.48 -0.0414249 -0.964002 -0.262647
-61.3019 116.019 15.259 -0.0295615 -0.962716 -0.268896
-61.4765 116.35 14.1518 -0.0254947 -0.953681 -0.299738
-61.481 116.682 13.0939 -0.0231189 -0.952466 -0.303725
-61.4381 116.97 12.2021 -0.0191674 -0.952137 -0.305048
-61.1895 117.456 10.7444 0.000667193 -0.943746 -0.330671
-60.8814 117.779 9.81603 0.0183983 -0.939993 -0.340696
-60.3549 118.175 8.75524 0.031928 -0.935479 -0.351537
-59.7122 118.509 7.96997 0.0472146 -0.932052 -0.359233
-59.1773 118.854 7.19606 0.0663534 -0.925795 -0.372157
-58.5859 119.228 6.40537 0.0736177 -0.918894 -0.387574
-57.8876 119.579 5.71902 0.0823136 -0.915925 -0.392818
-57.1516 119.859 5.2259 0.0909708 -0.911773 -0.400446
-56.2436 120.173 4.73269 0.0967222 -0.909119 -0.405144
-55.0401 120.42 4.47158 0.0964205 -0.906489 -0.411073
-53.9961 120.482 4.58511 0.102031 -0.906743 -0.409153
-52.8221 120.514 4.80649 0.106284 -0.90936 -0.402111
-51.9326 120.554 4.96348 0.10851 -0.912162 -0.395199
-50.9777 120.573 5.17686 0.103106 -0.914172 -0.39196
-49.8922 120.635 5.35397 0.107994 -0.92066 -0.374874
-48.738 120.721 5.50047 0.125969 -0.928472 -0.349386
-47.2484 120.851 5.72423 0.14012 -0.930599 -0.33816
-46.3554 120.886 5.99237 0.148235 -0.932759 -0.32832
-44.9608 120.886 6.66008 0.15114 -0.939216 -0.307993
-44.1952 120.846 7.19475 0.162176 -0.940529 -0.298495
-43.4942 120.781 7.79629 0.176548 -0.944103 -0.278387
-42.7036 120.717 8.52347 0.188537 -0.942699 -0.275266
-42.0931 120.61 9.31288 0.20056 -0.94243 -0.267235
-41.4447 120.466 10.3271 0.213491 -0.937352 -0.275306
-40.8508 120.256 11.499 0.207453 -0.940351 -0.269634
-40.6239 120.065 12.3736 0.220281 -0.939722 -0.261532
-40.8101 119.782 13.2275 0.232643 -0.935904 -0.264501
-41.4361 119.444 13.8734 0.232607 -0.936006 -0.264171
-42.1926 119.105 14.329 0.258313 -0.926058 -0.275114
-42.9626 118.683 14.9929 0.269845 -0.920818 -0.281565
-43.5568 118.295 15.6802 0.273944 -0.918346 -0.285648
-44.2685 117.814 16.5722 0.269189 -0.922485 -0.276691
-45.062 117.298 17.5392 0.258037 -0.926296 -0.274575
-45.8732 116.771 18.5975 0.251655 -0.932654 -0.258493
-46.4344 116.408 19.3708 0.249183 -0.936812 -0.24522
-47.0794 116.033 20.2856 0.229825 -0.949341 -0.214316
-47.8103 115.678 21.2082 0.208133 -0.963446 -0.168677
-48.5414 115.361 22.2467 0.18087 -0.973605 -0.139207
-48.9991 115.173 23.079 0.18676 -0.976954 -0.102741
-49.4305 114.986 24.0022 0.190375 -0.978236 -0.0769997
-49.8094 114.857 25.1364 0.191407 -0.980186 -0.050983
-50.2988 114.722 25.941 0.18943 -0.980726 -0.0478936
-51.66 114.441 26.3181 0.186551 -0.980559 -0.0608579
-52.8448 114.242 26.0257 0.159855 -0.984464 -0.071541
-54.274 114.068 25.5568 0.138129 -0.98709 -0.0810628
-55.2508 114.007 25.02 0.0795264 -0.988801 -0.126287
-56.1833 114.027 24.2232 0.0805592 -0.984575 -0.152621
-57.046 114.091 23.5827 0.0583567 -0.98231 -0.177939
-57.8093 114.2 22.8783 0.0154697 -0.983224 -0.181747
-58.496 114.347 22.0501 0.00806834 -0.982676 -0.185156
-59.0156 114.528 21.1145 0.00179453 -0.980319 -0.19741
-59.2066 114.602 20.7446 0.00762623 -0.980492 -0.196321
-56.1171 114.649 20.4761 0.00761814 -0.981197 -0.19286
-56.1355 114.838 19.5133 0.0120751 -0.980285 -0.19722
-56.1634 115.142 18.1117 0.038003 -0.976742 -0.211023
-56.1893 115.446 16.8939 0.0476902 -0.966226 -0.253246
-56.2123 115.715 16.0036 0.00109766 -0.954658 -0.297702
-56.248 116.144 14.6691 0.0336329 -0.945577 -0.323655
-56.2757 116.445 13.7919 0.0320924 -0.941057 -0.336722
-56.313 116.811 12.791 0.0446529 -0.937158 -0.346037
-56.3582 117.249 11.635 0.0745883 -0.935796 -0.34456
-56.3921 117.563 10.7784 0.0783709 -0.923755 -0.374879
-56.4391 118.024 9.66696 0.0794394 -0.919899 -0.384026
-56.4979 118.55 8.38422 0.0718456 -0.92022 -0.384752
-56.5051 118.617 8.22366 0.0692001 -0.916228 -0.394636
-55.4556 118.968 7.63041 0.103041 -0.908829 -0.404242
-55.4032 118.512 8.7135 0.0857372 -0.920596 -0.380989
-55.3601 118.138 9.62051 0.0867702 -0.914695 -0.394721
-55.3025 117.623 10.8798 0.084673 -0.928135 -0.362487
-55.2467 117.133 12.1331 0.0643177 -0.92444 -0.375863
-55.2104 116.796 12.9921 0.068168 -0.938311 -0.339008
-55.1769 116.481 13.8741 0.0597587 -0.930751 -0.360738
-55.1378 116.07 14.9915 0.038096 -0.951721 -0.304593
-55.0982 115.689 16.2754 0.0488387 -0.956355 -0.288096
-55.0695 115.418 17.2305 0.0116289 -0.960142 -0.279272
-55.0438 115.117 18.3509 0.0113309 -0.97532 -0.220507
-55.0244 114.897 19.3165 0.0161034 -0.977074 -0.212288
-55.007 114.713 20.2157 0.0577159 -0.980346 -0.188656
-54.9912 114.558 21.1498 0.0655158 -0.986127 -0.152514
-54.982 114.461 21.7808 0.0661446 -0.987776 -0.141147
-53.8557 114.46 22.4439 0.0806891 -0.989339 -0.121232
-53.8792 114.666 21.0939 0.106685 -0.97856 -0.17618
-53.8973 114.846 20.095 0.0988651 -0.979512 -0.17545
-53.9164 115.038 19.0158 0.0940272 -0.977617 -0.188211
-53.9482 115.341 17.706 0.118435 -0.953355 -0.277647
-53.9768 115.618 16.8267 0.0822352 -0.959698 -0.268731
-54.0046 115.873 15.9065 0.0769392 -0.958093 -0.27593
-54.0455 116.232 14.7263 0.0839801 -0.949496 -0.302332
-54.0911 116.656 13.6393 0.090489 -0.928223 -0.360852
-54.1288 116.971 12.7462 0.0838232 -0.937034 -0.339031
-54.1841 117.442 11.6121 0.0886573 -0.916388 -0.39035
-54.2301 117.83 10.6101 0.0886432 -0.927878 -0.362194
-54.2922 118.342 9.39931 0.110323 -0.913751 -0.391008
-54.3483 118.794 8.3136 0.107568 -0.915653 -0.387308
-54.4119 119.318 7.11035 0.104721 -0.90905 -0.403313
-54.4169 119.36 7.01254 0.103203 -0.911244 -0.398727
-53.3434 119.449 7.10569 0.110013 -0.910069 -0.399588
-53.2816 118.95 8.26326 0.13111 -0.910704 -0.3917
-53.2198 118.467 9.41024 0.110324 -0.913751 -0.391008
-53.1686 118.07 10.3615 0.122531 -0.914311 -0.386033
-53.122 117.711 11.2381 0.125822 -0.916951 -0.378641
-53.0525 117.172 12.5454 0.108984 -0.924511 -0.365242
-53.0068 116.819 13.5079 0.135041 -0.926927 -0.3501
-52.9576 116.442 14.4826 0.136424 -0.921376 -0.363943
-52.9002 116.001 15.822 0.106969 -0.949348 -0.295457
-52.8659 115.712 16.8567 0.0887689 -0.956496 -0.277912
-52.8333 115.415 17.9323 0.0853364 -0.962242 -0.258471
-52.8023 115.15 19.012 0.102099 -0.975214 -0.1963
-52.7781 114.936 20.1534 0.0879818 -0.982668 -0.163166
-52.763 114.783 21.1758 0.103307 -0.981516 -0.161106
-52.7431 114.594 22.3755 0.116778 -0.98271 -0.143679
-52.741 114.576 22.4998 0.134899 -0.981936 -0.132682
-51.6322 114.738 22.5764 0.140681 -0.983257 -0.115825
-51.6448 114.89 21.2553 0.128108 -0.983134 -0.130518
-51.6566 115.033 20.2938 0.135968 -0.973233 -0.185285
-51.6917 115.296 19.0292 0.172798 -0.966056 -0.192034
-51.7195 115.499 18.1135 0.176154 -0.954001 -0.242595
-51.751 115.739 17.1438 0.160256 -0.950414 -0.266518
-51.799 116.113 15.9383 0.153488 -0.936774 -0.314478
-51.8473 116.462 14.8832 0.161604 -0.929234 -0.332278
-51.8947 116.787 14.0012 0.170049 -0.921477 -0.349232
-51.9413 117.132 13.0835 0.147555 -0.924404 -0.351716
-52.0073 117.572 11.9454 0.143498 -0.914338 -0.378674
-52.0598 117.958 11.0047 0.143654 -0.911972 -0.38428
-52.1087 118.305 10.1632 0.139983 -0.911175 -0.38751
-52.1761 118.81 8.96107 0.13615 -0.910962 -0.389373
-52.24 119.296 7.80063 0.12458 -0.913507 -0.387278
-52.2531 119.4 7.55065 0.12458 -0.913508 -0.387277
-51.1637 119.377 7.97092 0.136153 -0.915879 -0.377661
-51.1106 118.984 8.92891 0.137612 -0.910502 -0.389935
-51.0503 118.558 9.96817 0.15652 -0.908529 -0.387396
-50.9862 118.125 11.0233 0.15656 -0.912459 -0.378031
-50.9219 117.688 12.1632 0.168013 -0.922342 -0.347933
-50.8664 117.331 13.0999 0.179518 -0.914772 -0.361893
-50.8022 116.909 14.211 0.170465 -0.921735 -0.348347
-50.7408 116.5 15.3266 0.182197 -0.920826 -0.344796
-50.696 116.22 16.1873 0.209182 -0.929166 -0.304784
-50.6505 115.915 17.2642 0.200579 -0.949821 -0.240018
-50.6074 115.604 18.5633 0.17142 -0.960834 -0.217748
-50.5785 115.396 19.52 0.180079 -0.959846 -0.2151
-50.5475 115.176 20.4939 0.202207 -0.959234 -0.197441
-49.5033 115.747 18.8334 0.246877 -0.948129 -0.200258
-49.5332 115.967 17.9589 0.19305 -0.947852 -0.25359
-49.5851 116.309 16.7061 0.216588 -0.931332 -0.292762
-49.648 116.653 15.5878 0.209711 -0.92872 -0.305779
-49.6979 116.955 14.6945 0.198013 -0.916362 -0.347953
-49.7497 117.274 13.8419 0.20135 -0.912366 -0.356434
-49.8317 117.794 12.4307 0.186216 -0.923541 -0.335255
-49.9019 118.232 11.2473 0.190835 -0.910647 -0.366475
-49.9734 118.681 10.1181 0.174514 -0.909457 -0.377403
-50.0329 119.089 9.10222 0.154213 -0.913909 -0.375484
-50.0829 119.442 8.20317 0.144317 -0.917728 -0.370065
-50.0924 119.512 8.02822 0.135626 -0.916047 -0.377443
-49.0253 119.709 7.97153 0.153989 -0.918973 -0.36301
-48.9798 119.369 8.8527 0.153482 -0.919132 -0.362821
-48.9129 118.932 10.0204 0.182029 -0.915064 -0.359893
-48.8503 118.547 11.01 0.191734 -0.912105 -0.362356
-48.7874 118.181 11.9897 0.206522 -0.911993 -0.354424
-48.7336 117.857 12.8871 0.206539 -0.917906 -0.338808
-48.6805 117.531 13.8151 0.224307 -0.913424 -0.339621
-48.6155 117.158 14.8425 0.230738 -0.909981 -0.344522
-48.5507 116.807 15.9812 0.238584 -0.925426 -0.294387
-48.4866 116.467 17.0994 0.24222 -0.924357 -0.294778
-48.4801 116.431 17.2263 0.249542 -0.934828 -0.252638
-47.4654 117.04 16.1268 0.238519 -0.925607 -0.293872
-47.5413 117.424 14.8788 0.257276 -0.915853 -0.308257
-47.6206 117.839 13.6616 0.217852 -0.91752 -0.332713
-47.6747 118.151 12.759 0.222671 -0.916217 -0.333113
-47.7304 118.463 11.8719 0.215342 -0.913701 -0.344643
-47.7864 118.791 10.9891 0.202365 -0.912646 -0.355143
-47.8648 119.271 9.67889 0.189173 -0.92078 -0.341142
-47.92 119.625 8.71423 0.178164 -0.921679 -0.344624
-47.9382 119.753 8.36324 0.178168 -0.921679 -0.344621
-46.8608 119.872 8.58508 0.181966 -0.924723 -0.334329
-46.8024 119.509 9.64152 0.197592 -0.918838 -0.341605
-46.7484 119.18 10.5571 0.207524 -0.920388 -0.331389
-46.6851 118.807 11.6451 0.221868 -0.915693 -0.335083
-46.6277 118.485 12.5586 0.227631 -0.913818 -0.336335
-46.5557 118.121 13.6324 0.247916 -0.913618 -0.322241
-46.4704 117.707 14.934 0.251648 -0.917357 -0.30843
-46.4664 117.688 14.9942 0.262046 -0.916206 -0.303147
-45.4665 118.285 14.0143 0.254627 -0.916202 -0.309417
-45.5466 118.669 12.8367 0.241767 -0.916463 -0.318815
-45.6178 119.032 11.7347 0.231716 -0.916411 -0.326342
-45.6779 119.389 10.6824 0.217414 -0.921749 -0.321106
-45.7332 119.712 9.70646 0.196669 -0.930245 -0.309782
-45.7452 119.781 9.49465 0.186278 -0.929121 -0.319428
-44.6239 119.714 10.4321 0.204801 -0.9279 -0.311541
-44.5391 119.24 11.9303 0.227549 -0.925863 -0.30166
-44.483 118.961 12.791 0.239599 -0.922122 -0.303781
-57.5183 117.92 9.72724 0.0481458 -0.927971 -0.36953
-57.4786 117.479 10.8668 0.0391302 -0.932811 -0.358236
-57.445 117.123 11.8225 0.0334893 -0.93687 -0.34807
-57.411 116.773 12.7782 0.0337648 -0.938493 -0.343644
-57.3769 116.435 13.7216 0.029497 -0.943301 -0.330626
-57.3463 116.084 14.7721 -0.00338145 -0.958393 -0.285431
-57.3237 115.807 15.7025 0.00311431 -0.956607 -0.291366
-57.2947 115.382 17.0802 0.0046624 -0.961449 -0.274946
-57.2756 115.112 18.1598 -0.00840852 -0.971224 -0.238019
-57.2727 115.067 18.3462 0.00170661 -0.975243 -0.221129
-58.4328 115.881 15.4824 -0.0060369 -0.956329 -0.292229
-58.4561 116.183 14.4875 -0.0120928 -0.953561 -0.300958
-58.4943 116.581 13.2866 -0.00919912 -0.949428 -0.31385
-58.5219 116.886 12.3995 -0.00259432 -0.943623 -0.331012
-58.5561 117.286 11.2676 0.0397658 -0.938062 -0.344177
-58.5629 117.36 11.0654 0.0397657 -0.938062 -0.344177
