-48.8962 120.462 7.73024 0.149935 -0.926989 -0.343818
-50.0587 120.338 7.61012 0.131439 -0.922351 -0.363307
-51.3503 120.216 7.46205 0.11418 -0.91671 -0.382876
-52.567 120.146 7.2777 0.1094 -0.917693 -0.38193
-53.8738 120.095 7.04739 0.0989853 -0.91688 -0.386694
-54.8429 120.033 6.94657 0.0944013 -0.913925 -0.39475
-55.8099 119.876 7.07792 0.0951408 -0.914255 -0.39381
-56.603 119.606 7.54968 0.069478 -0.919856 -0.386055
-57.2843 119.275 8.21786 0.0735079 -0.919678 -0.385711
-58.1217 118.783 9.31656 0.0605766 -0.929679 -0.363356
-58.5734 118.431 10.1944 0.0391109 -0.929376 -0.366527
-58.9443 118.039 11.1821 0.0136492 -0.938731 -0.344381
-59.2861 117.601 12.4254 0.000869479 -0.947667 -0.31926
-59.4249 117.225 13.5542 -0.0069211 -0.951798 -0.30664
-59.3898 116.817 14.8429 -0.014437 -0.953951 -0.299385
-59.0431 116.391 16.1974 -0.0244638 -0.958839 -0.282894
-58.6491 116.089 17.2712 -0.0087983 -0.966762 -0.255528
-58.2416 115.826 18.2616 -0.0305993 -0.969616 -0.242711
-57.8621 115.595 19.1879 -5.90231e-06 -0.973598 -0.228218
-57.4408 115.37 20.1577 -0.00285301 -0.978288 -0.206381
-56.6904 115.147 21.3603 0.01358 -0.985029 -0.17152
-56.0836 115.044 22.0466 0.0145256 -0.986841 -0.161042
-55.3887 114.972 22.6871 0.0492021 -0.990399 -0.129184
-54.2521 114.951 23.427 0.0902028 -0.988019 -0.125229
-53.3934 114.989 23.7968 0.119629 -0.986815 -0.106115
-52.0423 115.168 23.9451 0.155941 -0.982993 -0.0954791
-51.4688 115.338 23.2304 0.184568 -0.976807 -0.107079
-50.7891 115.663 21.8601 0.177066 -0.972721 -0.149538
-50.0889 115.937 20.8256 0.167132 -0.971643 -0.165746
-49.4707 116.225 19.9805 0.187348 -0.961599 -0.200569
-48.7554 116.567 19.1086 0.225936 -0.948273 -0.222677
-48.1335 116.917 18.328 0.230625 -0.934093 -0.272549
-47.5501 117.297 17.4987 0.223578 -0.937597 -0.266316
-46.9623 117.704 16.6 0.239188 -0.929925 -0.279335
-46.3018 118.176 15.6329 0.248781 -0.920436 -0.301475
-45.6861 118.586 14.8908 0.247822 -0.922504 -0.295854
-45.0671 118.93 14.3232 0.241667 -0.923524 -0.297828
-44.4289 119.284 13.7411 0.240387 -0.924239 -0.296642
-43.4404 119.827 12.8179 0.232707 -0.929994 -0.284533
-43.4052 120.225 11.5766 0.21196 -0.934275 -0.28664
-44.0925 120.38 10.5838 0.206514 -0.931049 -0.300585
-44.8174 120.503 9.73436 0.1965 -0.933715 -0.299272
-45.6888 120.589 8.96487 0.188032 -0.930605 -0.313933
-46.7671 120.6 8.32645 0.179645 -0.929111 -0.323235
-47.6409 120.586 7.94565 0.153608 -0.929155 -0.336226
-48.4002 120.522 7.78536 0.150746 -0.926794 -0.34399
-48.4449 120.883 6.80584 0.137755 -0.923715 -0.357454
-47.2224 120.983 7.04257 0.142451 -0.933238 -0.329809
-46.1488 120.991 7.5128 0.162713 -0.933861 -0.318386
-45.0277 120.963 8.1963 0.168351 -0.935511 -0.310607
-44.3171 120.897 8.81436 0.180019 -0.937337 -0.298317
-43.6237 120.8 9.55313 0.189741 -0.938281 -0.289074
-42.841 120.648 10.6063 0.200279 -0.939203 -0.278901
-42.2481 120.495 11.5671 0.215971 -0.935008 -0.281275
-42.0714 120.168 12.8168 0.226445 -0.935627 -0.270783
-42.7578 119.743 13.6585 0.243365 -0.92866 -0.279936
-43.6942 119.255 14.4467 0.248347 -0.925604 -0.285623
-44.3721 118.883 15.056 0.252222 -0.923136 -0.290178
-45.0419 118.501 15.6956 0.247817 -0.922504 -0.295861
-45.7292 118.044 16.5742 0.254373 -0.927267 -0.274719
-46.2074 117.7 17.3018 0.25212 -0.929034 -0.270796
-46.777 117.302 18.162 0.237952 -0.935708 -0.260442
-47.3224 116.969 18.9186 0.218548 -0.948544 -0.229129
-48.1368 116.546 19.9094 0.236943 -0.951306 -0.197165
-48.8077 116.213 20.7851 0.215435 -0.961111 -0.172409
-49.533 115.898 21.7966 0.179935 -0.973933 -0.138123
-50.0965 115.675 22.6937 0.184345 -0.97525 -0.122076
-50.5156 115.468 23.7063 0.190768 -0.975493 -0.10855
-51.2282 115.217 24.9857 0.169809 -0.982462 -0.0756898
-52.2971 115.024 25.1852 0.160478 -0.984604 -0.0686977
-53.455 114.867 24.8807 0.148091 -0.985012 -0.0870188
-54.6029 114.788 24.4237 0.123182 -0.982331 -0.1409
-55.9547 114.801 23.5623 0.0820842 -0.981495 -0.173004
-56.8949 114.904 22.6868 0.0484499 -0.980105 -0.192421
-57.5097 115.005 22.0031 0.0258176 -0.979979 -0.196017
-58.0111 115.155 21.2694 0.00409655 -0.980929 -0.194321
-58.5239 115.351 20.2667 -0.00759568 -0.980287 -0.197064
-58.9165 115.574 19.3189 -0.0115572 -0.973829 -0.226986
-59.3007 115.806 18.4186 -0.0170374 -0.969058 -0.246243
-59.6492 116.05 17.4934 -0.0308408 -0.968357 -0.247655
-59.983 116.282 16.6629 -0.0332969 -0.959316 -0.280364
-60.3137 116.619 15.5462 -0.0302423 -0.959825 -0.278962
-60.4682 116.95 14.4254 -0.0173469 -0.95776 -0.286665
-60.4571 117.373 13.1269 -0.00977066 -0.950623 -0.310196
-60.2679 117.773 11.9126 -0.00451621 -0.948489 -0.316722
-59.9163 118.178 10.7673 0.0199174 -0.944341 -0.328366
-59.6193 118.486 9.92492 0.027711 -0.937241 -0.34741
-59.2027 118.811 9.10832 0.0350015 -0.93319 -0.357645
-58.6163 119.192 8.2016 0.0427821 -0.928112 -0.369834
-57.9463 119.552 7.42446 0.0740456 -0.917835 -0.389995
-57.2202 119.898 6.74398 0.0766606 -0.919549 -0.385407
-56.4123 120.201 6.19022 0.0835183 -0.915908 -0.392513
-55.4418 120.406 5.93287 0.0909221 -0.913741 -0.395957
-54.5473 120.477 5.98145 0.0939065 -0.915118 -0.392097
-53.3847 120.519 6.16815 0.102558 -0.916361 -0.386976
-52.407 120.551 6.35976 0.105837 -0.916097 -0.386735
-51.1081 120.62 6.56135 0.114615 -0.921206 -0.37181
-49.8734 120.734 6.66242 0.121907 -0.923226 -0.364258
-48.918 120.835 6.7491 0.137755 -0.923716 -0.357454
-49.1264 121.18 5.76582 0.112369 -0.928688 -0.353421
-48.1446 121.291 5.81469 0.12704 -0.932522 -0.338029
-47.1183 121.363 6.02521 0.139582 -0.931008 -0.337256
-46.2299 121.371 6.36986 0.14308 -0.938113 -0.315296
-45.2454 121.36 6.86834 0.14785 -0.940087 -0.307196
-44.3637 121.314 7.46477 0.155324 -0.942589 -0.295634
-43.3842 121.217 8.3387 0.16733 -0.943984 -0.284419
-42.5281 121.092 9.32895 0.186718 -0.94244 -0.277386
-41.9355 120.979 10.1438 0.19893 -0.942242 -0.269455
-41.3613 120.831 11.0972 0.206329 -0.940451 -0.270149
-40.9494 120.637 12.1105 0.214821 -0.939514 -0.26677
-40.9289 120.354 13.1285 0.222439 -0.940537 -0.25673
-41.3779 120.037 13.8654 0.237655 -0.935901 -0.260018
-42.0336 119.712 14.3931 0.243512 -0.928917 -0.278955
-42.7724 119.337 14.9886 0.250941 -0.925243 -0.284525
-43.5477 118.923 15.6466 0.251999 -0.923711 -0.288535
-44.1812 118.569 16.2224 0.250929 -0.926142 -0.281481
-44.8285 118.141 17.0742 0.251868 -0.927473 -0.276325
-45.5483 117.634 18.1305 0.245993 -0.92953 -0.274702
-46.0609 117.295 18.8557 0.227929 -0.940454 -0.252178
-46.6571 116.928 19.7445 0.224632 -0.949803 -0.217729
-47.2679 116.62 20.4878 0.21173 -0.954916 -0.208098
-47.8773 116.337 21.1922 0.200888 -0.961532 -0.186767
-48.4005 116.095 21.945 0.192086 -0.968016 -0.160379
-49.0709 115.83 22.9591 0.168342 -0.97737 -0.128094
-49.4494 115.656 23.8824 0.155748 -0.982183 -0.105161
-49.7855 115.511 24.7393 0.168586 -0.981513 -0.0880566
-50.3381 115.323 25.9325 0.197864 -0.978142 -0.0639342
-51.4879 115.08 26.4029 0.177805 -0.981702 -0.06749
-52.4574 114.922 26.2856 0.174928 -0.981746 -0.0742178
-53.6952 114.734 26.0109 0.164955 -0.982865 -0.0822586
-54.6304 114.641 25.5923 0.137952 -0.985388 -0.0995137
-55.5975 114.595 25.0457 0.0966103 -0.985272 -0.14109
-56.4661 114.606 24.4509 0.0742843 -0.982593 -0.170271
-57.2405 114.666 23.7851 0.0528699 -0.981496 -0.183494
-57.8743 114.77 23.1111 0.0290277 -0.978645 -0.202428
-58.7201 114.976 22.109 0.00875226 -0.977925 -0.208772
-59.3289 115.198 21.0942 -0.00820099 -0.976479 -0.214635
-59.8697 115.392 20.1979 -0.0193737 -0.977766 -0.20861
-60.0927 115.611 19.2751 -0.0341069 -0.97006 -0.240366
-60.4684 115.86 18.3433 -0.0323272 -0.968912 -0.245283
-60.8289 116.144 17.2997 -0.0379422 -0.966226 -0.254886
-61.1267 116.404 16.3827 -0.0356885 -0.960327 -0.276583
-61.4275 116.711 15.3388 -0.0265494 -0.961379 -0.273912
-61.5666 117.021 14.3056 -0.0297643 -0.953683 -0.299338
-61.4672 117.388 13.1221 -0.0228501 -0.954173 -0.298367
-61.3988 117.771 11.9367 -0.00412563 -0.950461 -0.310815
-61.1768 118.053 11.0883 -0.00311931 -0.947581 -0.319499
-60.8129 118.43 10.0049 0.0273958 -0.941313 -0.33642
-60.3828 118.772 9.07889 0.0386791 -0.938033 -0.344037
-59.8807 119.11 8.26046 0.0509833 -0.935774 -0.348842
-59.2113 119.518 7.31351 0.0706954 -0.929484 -0.362025
-58.546 119.85 6.60859 0.0736173 -0.919204 -0.386833
-57.8463 120.198 5.91199 0.071414 -0.919249 -0.387146
-57.0252 120.512 5.34132 0.0897889 -0.91431 -0.394936
-55.9706 120.77 4.99021 0.0908549 -0.911193 -0.401822
-55.0571 120.873 4.95681 0.0883661 -0.910643 -0.403633
-53.6859 120.912 5.18387 0.0956108 -0.912272 -0.39827
-52.7882 120.931 5.35326 0.105551 -0.916354 -0.386206
-51.6863 121.001 5.4864 0.102157 -0.916917 -0.385781
-50.6945 121.045 5.64347 0.0999556 -0.91853 -0.382482
-49.4413 121.152 5.74209 0.109936 -0.92884 -0.353794
-52.7102 119.94 7.72797 0.115507 -0.912406 -0.392648
-53.6876 119.838 7.68974 0.104495 -0.913231 -0.393815
-54.5923 119.751 7.65676 0.0981742 -0.913045 -0.395868
-55.2865 119.69 7.63365 0.0936666 -0.91359 -0.395703
-56.6257 119.161 8.6118 0.0718813 -0.921076 -0.38269
-55.6475 119.232 8.63781 0.0878023 -0.919769 -0.382512
-54.4465 119.333 8.67455 0.0961986 -0.91926 -0.381716
-53.3142 119.442 8.71519 0.1046 -0.916047 -0.387191
-52.2758 119.56 8.75944 0.129244 -0.915504 -0.380984
-51.2675 119.679 8.80417 0.127052 -0.920362 -0.369854
-49.8673 119.869 8.87309 0.150083 -0.919091 -0.364345
-48.6642 120.049 8.93733 0.166201 -0.919804 -0.355439
-47.2006 120.278 9.0153 0.161944 -0.927113 -0.337987
-46.5393 120.391 9.05261 0.179037 -0.928409 -0.325581
-45.3156 120.26 10.1642 0.188497 -0.933265 -0.305754
-46.4263 120.049 10.0951 0.192439 -0.928313 -0.318123
-47.6776 119.825 10.0207 0.173153 -0.926198 -0.334926
-48.6091 119.673 9.96852 0.17586 -0.921777 -0.345545
-49.6384 119.498 9.90683 0.169873 -0.918746 -0.356438
-51.0591 119.297 9.834 0.147241 -0.916591 -0.371727
-51.9978 119.179 9.79125 0.130307 -0.91969 -0.370392
-52.9276 119.069 9.75094 0.11732 -0.921968 -0.369068
-53.8925 118.962 9.71145 0.110117 -0.920077 -0.375942
-54.9628 118.868 9.67727 0.087941 -0.922302 -0.376331
-56.1093 118.779 9.64547 0.0618981 -0.927185 -0.369456
-57.5935 118.7 9.61749 0.0594133 -0.929647 -0.363629
-57.9518 118.269 10.6343 0.0440593 -0.924382 -0.378915
-56.8291 118.329 10.6559 0.0561966 -0.925862 -0.373659
-55.6955 118.401 10.6807 0.0683233 -0.927175 -0.368345
-54.3468 118.507 10.7176 0.0870655 -0.924531 -0.371028
-53.0001 118.636 10.764 0.125581 -0.913748 -0.386386
-52.0433 118.756 10.8077 0.13552 -0.914022 -0.382358
-51.115 118.876 10.8505 0.144987 -0.915987 -0.374095
-50.0441 119.038 10.9089 0.162475 -0.914935 -0.369454
-48.8392 119.239 10.9798 0.183864 -0.919468 -0.347524
-47.6213 119.463 11.0558 0.198057 -0.919313 -0.340054
-46.308 119.716 11.1401 0.193692 -0.924228 -0.329069
-44.9966 119.976 11.2245 0.201039 -0.929454 -0.309352
-44.3532 120.106 11.2651 0.215726 -0.931562 -0.292668
-43.9035 119.866 12.3381 0.22956 -0.926948 -0.296764
-45.2264 119.579 12.2475 0.225038 -0.925046 -0.30602
-46.3814 119.336 12.1677 0.216171 -0.920803 -0.324641
-47.8919 119.031 12.0664 0.198113 -0.917506 -0.344868
-48.8067 118.857 12.0082 0.189418 -0.919047 -0.345649
-50.1103 118.623 11.9273 0.187777 -0.918083 -0.34909
-51.212 118.452 11.8664 0.154055 -0.913713 -0.376027
-52.3005 118.304 11.8136 0.126669 -0.921379 -0.367445
-53.3052 118.184 11.7708 0.106624 -0.923303 -0.368975
-54.4703 118.09 11.7388 0.0828489 -0.928884 -0.360985
-55.7787 117.986 11.7032 0.0751898 -0.926706 -0.368187
-56.8032 117.928 11.6835 0.0570309 -0.929842 -0.363513
-58.0242 117.878 11.6666 0.0187665 -0.940083 -0.340427
-58.2784 117.874 11.6653 0.0187615 -0.940082 -0.340432
-58.709 117.5 12.7055 -0.00895055 -0.945738 -0.324807
-57.7299 117.511 12.7087 0.0246648 -0.941979 -0.334765
-56.5684 117.554 12.7224 0.0509341 -0.934976 -0.351035
-55.5419 117.607 12.7397 0.0811376 -0.930798 -0.356416
-54.6319 117.678 12.7633 0.0829515 -0.932146 -0.352452
-53.4959 117.772 12.7943 0.0868361 -0.932659 -0.350154
-52.4673 117.877 12.8301 0.119278 -0.926643 -0.356519
-51.0858 118.059 12.8938 0.152029 -0.927726 -0.340899
-49.6024 118.325 12.9858 0.189894 -0.917144 -0.35041
-48.7019 118.493 13.042 0.192938 -0.91933 -0.34294
-47.3967 118.749 13.1269 0.217614 -0.917836 -0.331996
-46.3547 118.97 13.1998 0.227341 -0.918071 -0.324748
-44.8012 119.324 13.3146 0.233968 -0.92291 -0.305771
-44.7967 119.325 13.3149 0.240387 -0.924239 -0.296641
-46.0873 118.687 14.2583 0.240144 -0.922155 -0.30325
-47.5378 118.356 14.1502 0.223089 -0.919643 -0.323248
-48.6591 118.114 14.0707 0.213894 -0.919792 -0.328986
-49.7237 117.911 14.0037 0.190027 -0.917162 -0.35029
-50.9072 117.709 13.9367 0.159426 -0.925551 -0.343421
-51.8651 117.562 13.8867 0.156205 -0.922007 -0.354264
-52.869 117.442 13.8462 0.103678 -0.926618 -0.361427
-53.8887 117.352 13.8174 0.0824915 -0.93195 -0.353077
-55.2723 117.24 13.7806 0.068757 -0.939229 -0.336334
-56.604 117.177 13.7613 0.0322044 -0.945489 -0.324058
-57.9234 117.149 13.7531 0.00832401 -0.950238 -0.311414
-58.6818 117.154 13.7553 -0.00816831 -0.95217 -0.305459
-58.7951 116.813 14.807 -0.0160099 -0.950861 -0.309204
-57.4542 116.807 14.8047 0.0102035 -0.949463 -0.313713
-56.1139 116.844 14.8159 0.0457351 -0.949331 -0.310933
-55.2049 116.89 14.8299 0.0440246 -0.946407 -0.319961
-54.131 116.942 14.8456 0.0641602 -0.941415 -0.331092
-52.9261 117.051 14.8802 0.127659 -0.939985 -0.316435
-51.7995 117.199 14.9266 0.146508 -0.937563 -0.315455
-50.7523 117.364 14.981 0.182038 -0.928454 -0.323782
-49.6916 117.554 15.0424 0.196557 -0.930581 -0.308842
-48.6597 117.755 15.1059 0.204284 -0.928702 -0.309485
-47.5772 117.992 15.1812 0.234213 -0.924268 -0.30145
-46.7855 118.177 15.2401 0.245032 -0.920761 -0.303576
-47.6772 117.636 16.214 0.231163 -0.933278 -0.274873
-48.5703 117.445 16.1564 0.215688 -0.93709 -0.274482
-49.5386 117.24 16.0941 0.195202 -0.932053 -0.305242
-50.6668 117.021 16.0256 0.203146 -0.930179 -0.305777
-51.7533 116.846 15.9708 0.126766 -0.94363 -0.305767
-52.6742 116.729 15.9364 0.144038 -0.942675 -0.301025
-53.6497 116.617 15.9023 0.0795649 -0.945485 -0.315796
-55.0489 116.535 15.8788 0.033491 -0.947314 -0.31855
-55.9522 116.509 15.871 0.0308144 -0.95013 -0.310327
-56.9488 116.473 15.8591 0.0147696 -0.955502 -0.294615
-58.0018 116.477 15.8601 -0.000625843 -0.96063 -0.277829
-58.2779 116.477 15.8601 -0.00578068 -0.961203 -0.27578
-58.0324 116.175 16.9244 -0.0184692 -0.965348 -0.26031
-57.0894 116.162 16.9213 -0.00940412 -0.961481 -0.274712
-56.0083 116.176 16.9254 0.0306032 -0.968474 -0.247227
-54.9489 116.213 16.9363 0.0441683 -0.969469 -0.241203
-53.9735 116.274 16.9544 0.0638013 -0.960424 -0.271135
-52.8901 116.383 16.9855 0.142795 -0.955022 -0.259889
-51.7603 116.533 17.0288 0.128444 -0.953973 -0.270993
-50.5606 116.718 17.0821 0.188313 -0.943663 -0.272101
-49.3559 116.962 17.1536 0.22602 -0.934452 -0.275162
-48.4541 117.163 17.2121 0.219408 -0.936825 -0.272434
-48.8351 116.771 18.2368 0.228212 -0.934643 -0.272693
-49.8687 116.548 18.1747 0.189864 -0.951331 -0.242738
-51.0336 116.334 18.1171 0.173635 -0.961475 -0.213113
-52.2492 116.175 18.0745 0.125644 -0.955566 -0.26666
-53.4329 116.017 18.0313 0.124959 -0.961225 -0.245829
-54.5387 115.943 18.0108 0.0595738 -0.962244 -0.26559
-55.942 115.906 17.9985 0.0218959 -0.969144 -0.24552
-57.1564 115.869 17.9876 0.017694 -0.973174 -0.22939
-57.393 115.868 17.987 -0.0134566 -0.973082 -0.230065
-57.2909 115.626 19.0672 0.00321728 -0.972773 -0.231739
-56.1563 115.634 19.072 0.0224615 -0.975139 -0.220452
-55.2393 115.65 19.0781 0.0184548 -0.976073 -0.216659
-54.2479 115.689 19.0893 0.0631582 -0.973412 -0.220184
-53.2731 115.783 19.1138 0.130894 -0.973011 -0.190045
-52.273 115.913 19.1457 0.134498 -0.972673 -0.189254
-51.237 116.069 19.1848 0.160586 -0.964716 -0.208653
-50.3301 116.22 19.2232 0.187027 -0.958032 -0.217246
-49.5661 116.361 19.2603 0.187402 -0.958022 -0.216965
-50.9678 115.894 20.2734 0.164971 -0.96824 -0.187869
-52.2512 115.706 20.2293 0.13578 -0.97288 -0.187266
-53.5063 115.557 20.1937 0.106913 -0.981385 -0.15954
-54.7486 115.455 20.1698 0.0621342 -0.983321 -0.170933
-55.9177 115.395 20.154 0.0308483 -0.979445 -0.199339
-56.7614 115.37 20.1465 0.00507936 -0.982719 -0.185034
-55.6762 115.182 21.241 0.0217455 -0.981411 -0.190682
-54.7395 115.251 21.2572 0.0776719 -0.979322 -0.186803
-53.7415 115.329 21.2752 0.085504 -0.977936 -0.190605
-52.4186 115.477 21.3081 0.13503 -0.973257 -0.185841
-51.1803 115.67 21.3489 0.177074 -0.97277 -0.149545
-51.8877 115.366 22.4101 0.164956 -0.973053 -0.161112
-52.8576 115.237 22.3843 0.120323 -0.983368 -0.136048
-53.9333 115.122 22.3611 0.100898 -0.985282 -0.13798
-54.6175 115.055 22.3471 0.0697173 -0.989421 -0.127226
-54.7082 115.05 22.346 0.0454802 -0.988999 -0.140755
