30.5409 10.5336 -14.9416 0.194173 -0.954443 0.226571
30.0715 10.2621 -15.7328 0.173391 -0.96066 0.216949
29.7215 9.98183 -16.72 0.168022 -0.963425 0.208759
29.5586 9.75597 -17.6968 0.158318 -0.970217 0.183343
30.5944 9.84374 -18.1329 0.162666 -0.970454 0.178201
31.7888 10.1906 -17.4772 0.171589 -0.965546 0.195604
32.8985 10.5693 -16.6868 0.179126 -0.959597 0.216944
33.7426 10.9019 -15.9987 0.18285 -0.95372 0.238712
34.414 11.2253 -15.2164 0.178332 -0.952228 0.247909
34.7448 11.547 -14.2258 0.190765 -0.946597 0.259825
34.4385 11.721 -13.3907 0.189817 -0.94487 0.266811
33.427 11.6287 -12.9582 0.20204 -0.945934 0.25375
32.5167 11.3901 -13.1585 0.19027 -0.948586 0.252946
31.5943 11.0635 -13.6873 0.193123 -0.95056 0.243186
30.8108 10.6825 -14.5457 0.196045 -0.951852 0.235489
30.6532 10.5984 -14.7649 0.194173 -0.954444 0.22657
29.7442 10.5292 -14.2773 0.196044 -0.951852 0.235489
29.2543 10.2632 -15.0557 0.183914 -0.96008 0.210766
28.8494 9.99576 -15.9535 0.171273 -0.964137 0.202627
28.5891 9.76961 -16.7875 0.162319 -0.967397 0.193698
28.4576 9.56525 -17.7836 0.154724 -0.971279 0.180748
28.6199 9.39249 -18.8617 0.153368 -0.973169 0.171348
29.4753 9.42761 -19.469 0.153802 -0.974313 0.164471
30.5821 9.62698 -19.3031 0.155966 -0.972749 0.171344
31.7723 9.93549 -18.7193 0.170017 -0.967464 0.187058
32.6429 10.2013 -18.1566 0.167451 -0.966331 0.195358
33.7215 10.5723 -17.365 0.18351 -0.958447 0.21841
34.442 10.843 -16.7701 0.174299 -0.956992 0.231812
35.2026 11.1836 -15.9713 0.179691 -0.954973 0.236088
35.6851 11.498 -15.1158 0.189607 -0.948687 0.253067
35.8428 11.8523 -13.9266 0.182631 -0.946771 0.265086
35.3712 12.0874 -12.7759 0.193544 -0.942247 0.273334
34.4843 12.1104 -12.0697 0.193166 -0.942304 0.273406
33.0346 11.8398 -11.9016 0.200622 -0.939586 0.277278
31.8684 11.5029 -12.2478 0.193238 -0.947831 0.253506
30.7815 11.0769 -12.9933 0.204415 -0.946425 0.249966
30.1833 10.7803 -13.6569 0.203821 -0.949669 0.237877
30.1147 10.7418 -13.7517 0.200868 -0.949465 0.241141
29.4468 10.8054 -12.9253 0.194557 -0.95166 0.237487
28.8245 10.481 -13.744 0.185293 -0.953651 0.237101
28.1932 10.1277 -14.7469 0.181144 -0.95909 0.217439
27.8194 9.87473 -15.6356 0.161751 -0.966796 0.197845
27.5694 9.6583 -16.5203 0.140514 -0.974152 0.176807
27.4432 9.45666 -17.5056 0.145766 -0.97295 0.179083
27.4488 9.27043 -18.5789 0.13452 -0.977979 0.159565
27.6867 9.14536 -19.5957 0.139465 -0.980016 0.141835
28.6101 9.14315 -20.5051 0.137213 -0.979977 0.144287
29.6973 9.29241 -20.5944 0.143532 -0.980862 0.1307
30.7138 9.45548 -20.4143 0.146111 -0.974812 0.168481
31.5957 9.64937 -20.042 0.151003 -0.972072 0.179142
32.5246 9.90191 -19.5093 0.152775 -0.969784 0.190209
33.2755 10.1289 -19.0204 0.158685 -0.965926 0.204412
34.1089 10.4006 -18.3974 0.170397 -0.960001 0.222178
34.9231 10.6953 -17.7486 0.169625 -0.959478 0.224989
35.5724 10.9614 -17.156 0.184801 -0.954656 0.233412
36.2528 11.2919 -16.3603 0.190433 -0.951476 0.241719
36.7495 11.634 -15.4048 0.190526 -0.951481 0.241627
36.9242 11.9068 -14.5018 0.167908 -0.952292 0.254847
36.8112 12.2515 -13.2054 0.187263 -0.941344 0.28072
36.0942 12.4695 -12.0008 0.197206 -0.936448 0.290131
35.2112 12.5011 -11.2868 0.197666 -0.931453 0.304858
34.2679 12.4599 -10.8436 0.209443 -0.923172 0.321837
32.9647 12.1374 -10.8478 0.216813 -0.928784 0.299553
31.8003 11.8014 -11.1551 0.198226 -0.941297 0.273253
30.6583 11.3885 -11.7116 0.204357 -0.942736 0.263195
30.0126 11.0985 -12.2738 0.207695 -0.945625 0.250314
29.6104 10.891 -12.7239 0.205759 -0.947647 0.244095
28.7783 10.8952 -12.069 0.193209 -0.947041 0.256484
28.1126 10.557 -12.889 0.19269 -0.951546 0.239457
27.6065 10.2797 -13.6232 0.184375 -0.95846 0.21752
27.1494 9.99955 -14.4748 0.162085 -0.966927 0.196928
26.6978 9.6915 -15.6139 0.151842 -0.970789 0.185025
26.4271 9.43512 -16.8421 0.140513 -0.974152 0.176807
26.3714 9.2182 -18.1638 0.108081 -0.983555 0.144702
26.4461 9.08084 -19.1056 0.0837414 -0.988438 0.126407
26.7277 8.95898 -20.245 0.0973382 -0.987931 0.11952
27.2379 8.94257 -21.0503 0.0738455 -0.995283 0.0629198
28.4039 9.00421 -21.6569 0.0983635 -0.992989 0.0655591
29.5165 9.12855 -21.7324 0.132413 -0.989003 0.0658851
30.6481 9.30166 -21.5144 0.132934 -0.98336 0.123821
31.5476 9.46844 -21.2267 0.139605 -0.98012 0.14026
32.4301 9.64545 -20.7958 0.141988 -0.976457 0.160751
33.5222 9.93836 -20.1459 0.156676 -0.970525 0.182982
34.527 10.2426 -19.4414 0.156135 -0.969283 0.189948
35.2305 10.4876 -18.8987 0.177629 -0.95934 0.219349
36.1763 10.8652 -18.0483 0.187325 -0.955785 0.226681
36.8642 11.1606 -17.3565 0.171881 -0.956184 0.236975
37.4072 11.457 -16.572 0.172584 -0.954662 0.242561
37.8541 11.8015 -15.5383 0.173837 -0.953748 0.245246
38.0282 12.0578 -14.6648 0.170873 -0.95302 0.250047
38.0083 12.3125 -13.7648 0.178896 -0.940379 0.289281
37.7971 12.5734 -12.7896 0.182037 -0.937775 0.294731
37.3137 12.7479 -11.8689 0.198392 -0.924892 0.321932
36.4806 12.9029 -10.9762 0.221562 -0.906878 0.358445
35.115 12.9365 -10.0504 0.215982 -0.909116 0.356175
34.0929 12.8047 -9.72944 0.245828 -0.911382 0.329004
33.1685 12.5698 -9.75562 0.225692 -0.919345 0.322284
31.9964 12.2036 -9.99192 0.219829 -0.920857 0.322022
30.7597 11.7922 -10.4296 0.212686 -0.933624 0.288288
29.8855 11.4384 -10.9628 0.206208 -0.938913 0.275537
29.0187 11.0193 -11.7921 0.193209 -0.947041 0.256484
28.0785 10.974 -11.239 0.205736 -0.945508 0.252364
27.4872 10.6564 -11.9496 0.208412 -0.950311 0.231245
26.8339 10.3077 -12.8193 0.178541 -0.959097 0.219588
26.4096 10.0534 -13.6063 0.17894 -0.960454 0.213328
25.8764 9.70843 -14.7858 0.183106 -0.964385 0.190878
25.4392 9.36001 -16.2986 0.176746 -0.970444 0.164317
25.3339 9.23158 -17.2023 0.127989 -0.981609 0.141645
25.3168 9.09192 -18.1547 0.128424 -0.981488 0.142084
25.3697 8.987 -19.274 0.0969257 -0.990428 0.0870693
25.4032 8.87374 -20.277 0.0599937 -0.993858 0.0897447
26.0165 8.8435 -21.2971 0.0641409 -0.995368 0.0712549
26.8575 8.83109 -22.2411 0.0643131 -0.995488 0.0697628
27.685 8.85611 -22.647 0.0679726 -0.994909 0.0741762
28.6557 8.95088 -22.8185 0.108993 -0.992147 0.061353
29.5839 9.03237 -22.8255 0.0934176 -0.9918 0.0840573
30.7738 9.19712 -22.6014 0.132406 -0.985287 0.108061
31.816 9.34481 -22.2245 0.10218 -0.983638 0.146409
32.7049 9.51937 -21.8303 0.1253 -0.979227 0.159356
33.7703 9.77629 -21.2385 0.150897 -0.97203 0.179966
34.6108 9.99725 -20.7346 0.146617 -0.968508 0.201233
35.3275 10.2189 -20.1901 0.148697 -0.969137 0.196559
36.3689 10.5633 -19.4485 0.159701 -0.961473 0.223752
37.2575 10.9538 -18.4777 0.169726 -0.957656 0.232545
38.1452 11.3742 -17.4323 0.166495 -0.952382 0.255185
38.583 11.6767 -16.5705 0.185231 -0.953532 0.237626
38.9773 11.9657 -15.6427 0.154228 -0.956113 0.249124
39.1629 12.3394 -14.2342 0.118031 -0.958341 0.256214
38.9837 12.6999 -13.0244 0.131798 -0.935803 0.324667
38.6649 12.9321 -12.1731 0.204841 -0.922108 0.328264
38.0064 13.1694 -11.1653 0.189334 -0.915157 0.355866
37.0361 13.381 -10.1839 0.218863 -0.88762 0.402488
36.2817 13.4317 -9.57651 0.216538 -0.858777 0.458066
34.9843 13.3826 -8.90539 0.284743 -0.862397 0.41709
34.0216 13.184 -8.69479 0.26512 -0.883614 0.385926
32.939 12.8908 -8.71657 0.204339 -0.91216 0.35526
32.074 12.6037 -8.91051 0.231771 -0.90873 0.346166
30.6413 12.0935 -9.34841 0.227593 -0.924447 0.304771
29.7951 11.7947 -9.68997 0.210653 -0.936445 0.280527
28.9457 11.395 -10.3865 0.217313 -0.935967 0.276918
28.7778 11.3156 -10.5292 0.205597 -0.945306 0.25323
28.3542 11.117 -10.928 0.205736 -0.945508 0.252365
