57.5317 119.303 37.8115 -0.10737 -0.743016 -0.660604
57.1975 119.99 37.066 -0.113986 -0.7815 -0.61332
56.904 120.538 36.4144 -0.098278 -0.79166 -0.602934
56.4975 121.158 35.6769 -0.107126 -0.789312 -0.604575
56.2508 121.758 34.9021 -0.100803 -0.805439 -0.584043
55.6723 122.605 33.7368 -0.102107 -0.839885 -0.533073
55.2261 123.125 33.004 -0.102127 -0.852304 -0.51292
54.8444 123.679 32.1273 -0.108853 -0.862189 -0.494755
54.3726 124.225 31.2485 -0.0996134 -0.871276 -0.480517
53.924 124.714 30.4088 -0.130151 -0.884666 -0.447691
53.0587 125.27 29.5031 -0.104408 -0.900885 -0.421313
52.8241 124.94 30.2702 -0.110304 -0.892123 -0.437639
53.3372 124.422 31.1372 -0.119466 -0.88063 -0.458497
53.4974 123.917 32.0191 -0.123016 -0.869118 -0.479059
53.8486 123.385 32.8602 -0.124507 -0.849602 -0.512518
54.287 122.895 33.5665 -0.103082 -0.848215 -0.519525
54.6285 122.423 34.2519 -0.117834 -0.834723 -0.537868
54.9977 121.857 35.0398 -0.137089 -0.820209 -0.554711
55.4262 121.319 35.6878 -0.158704 -0.803444 -0.57376
56.0507 120.544 36.5935 -0.150804 -0.801389 -0.578821
56.4898 120.004 37.1879 -0.134581 -0.779037 -0.612137
56.5411 119.878 37.3409 -0.120397 -0.785794 -0.606656
57.1239 119.292 37.9031 -0.140954 -0.731855 -0.666723
57.3388 118.437 38.7913 -0.150812 -0.729675 -0.666956
57.8115 117.871 39.2937 -0.132425 -0.702623 -0.698807
57.6517 118.556 38.6076 -0.109791 -0.717021 -0.688351
57.5617 119.168 37.9589 -0.107374 -0.743018 -0.660602
58.7175 119.246 37.6915 -0.0972022 -0.737396 -0.66843
58.286 120.144 36.6945 -0.0961781 -0.778818 -0.619832
57.9977 120.772 35.9506 -0.0751907 -0.791766 -0.606179
57.7525 121.34 35.2383 -0.0744938 -0.807162 -0.585025
57.3355 122.039 34.3114 -0.110473 -0.809616 -0.576469
56.9911 122.539 33.6156 -0.0938996 -0.834814 -0.542431
56.428 123.165 32.7086 -0.0989905 -0.84873 -0.519478
56.0481 123.626 31.9955 -0.0895865 -0.866165 -0.491538
55.4481 124.361 30.769 -0.0896235 -0.876048 -0.473823
54.9734 124.883 29.8736 -0.0850865 -0.893245 -0.441266
54.5091 125.336 29.0289 -0.0811903 -0.902603 -0.422511
53.5999 125.871 28.0102 -0.0751591 -0.91136 -0.404546
52.3387 126.053 27.87 -0.0978842 -0.918694 -0.382561
51.3743 125.814 28.7146 -0.105487 -0.921377 -0.37402
51.57 125.175 30.0981 -0.104189 -0.904678 -0.41304
51.9434 124.606 31.1445 -0.123077 -0.888635 -0.441791
52.203 124.148 31.9457 -0.125994 -0.873538 -0.470073
52.5144 123.624 32.8053 -0.134501 -0.854283 -0.502105
52.9267 123.011 33.7371 -0.136604 -0.850922 -0.50717
53.3832 122.439 34.5343 -0.13467 -0.836933 -0.530479
53.8288 121.826 35.3673 -0.143245 -0.829514 -0.539801
54.2834 121.284 36.0502 -0.160745 -0.799661 -0.578527
54.8453 120.536 36.9211 -0.16271 -0.785811 -0.596306
55.3019 119.816 37.7174 -0.156128 -0.775757 -0.611412
55.8744 118.946 38.587 -0.182991 -0.736906 -0.650757
56.3271 118.111 39.3868 -0.167717 -0.716375 -0.677258
56.7387 117.272 40.1397 -0.202293 -0.698234 -0.686693
57.1619 116.434 40.8294 -0.17086 -0.67556 -0.717234
57.5942 115.49 41.5647 -0.169861 -0.622641 -0.763842
58.2025 114.856 41.9831 -0.0943678 -0.633772 -0.767729
58.9482 115.305 41.5211 -0.0943677 -0.633772 -0.767729
59.1056 116.051 40.8422 -0.106316 -0.662499 -0.741479
59.0576 116.735 40.2376 -0.110671 -0.668447 -0.735418
59.0023 117.486 39.5315 -0.095974 -0.694891 -0.712682
58.953 118.158 38.8541 -0.0695218 -0.733819 -0.675736
58.8696 118.803 38.1627 -0.0643935 -0.740226 -0.66918
58.832 118.919 38.0353 -0.0819455 -0.742293 -0.664843
60.012 119.061 37.7588 -0.0601916 -0.745142 -0.664184
60.2049 118.28 38.6129 -0.0545315 -0.73902 -0.671473
60.241 117.589 39.3177 -0.037273 -0.706562 -0.706669
60.2731 116.714 40.1687 -0.0268934 -0.678493 -0.734092
60.3229 115.99 40.8284 -0.0297368 -0.675567 -0.736696
60.2636 115.166 41.5655 -0.0392943 -0.655396 -0.754263
59.8403 114.07 42.465 0.0360357 -0.625706 -0.774955
58.8091 113.458 42.9891 -0.0559375 -0.605174 -0.794126
57.7597 113.709 42.932 -0.223109 -0.58707 -0.778185
57.1069 114.282 42.6478 -0.164088 -0.614887 -0.771356
56.6694 114.989 42.2177 -0.274146 -0.630101 -0.726416
56.2443 115.851 41.6136 -0.259896 -0.650164 -0.713689
55.8672 116.676 40.9684 -0.244684 -0.665323 -0.70532
55.4122 117.627 40.1701 -0.218952 -0.711123 -0.668105
54.8221 118.679 39.1957 -0.188528 -0.74223 -0.64308
54.381 119.349 38.5531 -0.202098 -0.757643 -0.620319
53.8505 120.143 37.7187 -0.20086 -0.781156 -0.591087
53.335 120.946 36.7874 -0.182841 -0.807812 -0.560365
52.8042 121.609 35.9784 -0.15889 -0.825955 -0.540882
52.3535 122.231 35.1569 -0.156273 -0.827498 -0.539282
51.7481 123 34.0824 -0.143892 -0.845038 -0.514981
51.3889 123.535 33.2661 -0.148893 -0.853282 -0.499676
50.9577 124.297 32.0113 -0.14772 -0.877117 -0.456994
50.5576 124.889 30.9691 -0.130186 -0.889848 -0.437247
50.1625 125.468 29.854 -0.12097 -0.905133 -0.407555
50.0356 126.08 28.4569 -0.114369 -0.921445 -0.371294
50.4577 126.379 27.5862 -0.109797 -0.927138 -0.357949
51.2115 126.533 26.9706 -0.0986394 -0.929546 -0.355266
52.0917 126.567 26.6444 -0.0776307 -0.928684 -0.362657
53.0233 126.509 26.5943 -0.0859185 -0.925077 -0.369755
54.3766 126.231 27.0231 -0.0710522 -0.918137 -0.389706
55.1681 125.8 27.866 -0.0744011 -0.914713 -0.397195
55.6376 125.43 28.6124 -0.0761039 -0.897684 -0.434017
56.1673 124.903 29.6059 -0.0797078 -0.896487 -0.435841
56.5972 124.416 30.4648 -0.071272 -0.876259 -0.47654
57.1776 123.751 31.5779 -0.0756836 -0.869344 -0.488376
57.766 123.063 32.6574 -0.0801069 -0.850257 -0.520236
58.2692 122.45 33.5415 -0.0754962 -0.827566 -0.556123
58.8232 121.725 34.543 -0.0658161 -0.820479 -0.567875
59.2039 121.02 35.4765 -0.0767187 -0.792504 -0.605018
59.5862 120.059 36.6369 -0.0746087 -0.765763 -0.63878
59.8782 119.399 37.3925 -0.0601973 -0.745141 -0.664184
61.0103 119.645 37.0037 -0.0580482 -0.761183 -0.645861
61.2644 119.031 37.6824 -0.0551149 -0.744728 -0.665089
61.4949 118.298 38.4827 -0.0555585 -0.743081 -0.666891
61.4878 117.353 39.4764 -0.0498086 -0.708739 -0.70371
61.5044 116.551 40.3038 -0.00494462 -0.698969 -0.714341
61.6432 115.835 40.9736 0.0201048 -0.692034 -0.721426
61.4761 114.957 41.8363 0.0413333 -0.693085 -0.719309
61.2891 114.271 42.4471 0.0433998 -0.663933 -0.746532
60.9688 113.63 42.9978 0.0647141 -0.640731 -0.764371
60.2784 112.836 43.5556 0.0945583 -0.624386 -0.775315
59.3737 112.422 43.8742 -0.00331159 -0.639927 -0.768429
58.0164 112.551 43.8588 -0.135425 -0.649966 -0.7478
56.9632 113.042 43.7322 -0.27388 -0.615459 -0.739054
56.2351 113.764 43.405 -0.276781 -0.611192 -0.74151
55.7705 114.482 42.9816 -0.274397 -0.621961 -0.733397
55.3828 115.297 42.4306 -0.254025 -0.646702 -0.718933
54.9066 116.354 41.5985 -0.236188 -0.671957 -0.701918
54.4571 117.157 40.9823 -0.216594 -0.684345 -0.695828
54.0343 117.9 40.3242 -0.212314 -0.713453 -0.667763
53.5812 118.633 39.6387 -0.213791 -0.729022 -0.650042
53.0879 119.433 38.8748 -0.223986 -0.744243 -0.629231
52.6022 120.179 38.0877 -0.196322 -0.774745 -0.601022
52.1912 120.825 37.3197 -0.171817 -0.813703 -0.555308
51.7941 121.42 36.5763 -0.182607 -0.817924 -0.545578
51.291 122.09 35.6949 -0.167546 -0.829971 -0.53205
50.905 122.582 35.0266 -0.164885 -0.847238 -0.504975
50.4024 123.244 34.0728 -0.160911 -0.850431 -0.500874
50.1164 123.755 33.2963 -0.155423 -0.855716 -0.493444
49.8175 124.308 32.3698 -0.152421 -0.875707 -0.458154
49.3885 124.91 31.2998 -0.147401 -0.893462 -0.424262
49.0178 125.426 30.3115 -0.151213 -0.906183 -0.394927
48.705 126 29.0776 -0.123824 -0.921498 -0.368071
48.7399 126.379 28.1184 -0.131 -0.926315 -0.352837
49.1016 126.628 27.3318 -0.111688 -0.930655 -0.348435
49.7191 126.86 26.5041 -0.105955 -0.933946 -0.341347
50.6096 126.991 25.8872 -0.0867867 -0.936471 -0.339773
51.4959 127.052 25.4803 -0.0883635 -0.938546 -0.333652
52.8164 127.018 25.2993 -0.0753906 -0.932537 -0.353074
54.0761 126.837 25.5294 -0.061386 -0.929555 -0.363517
55.0433 126.591 25.9915 -0.060013 -0.926357 -0.371835
55.8408 126.22 26.7591 -0.0675793 -0.918309 -0.390054
56.3467 125.867 27.4986 -0.0673543 -0.914548 -0.39875
56.7841 125.483 28.29 -0.0683212 -0.90941 -0.41021
57.2541 125.069 29.0961 -0.0649766 -0.896523 -0.438206
57.6922 124.605 29.9308 -0.0811834 -0.883411 -0.461512
58.0535 124.181 30.6812 -0.0640235 -0.873412 -0.482644
58.6028 123.633 31.5856 -0.0588603 -0.869364 -0.490654
59.1496 122.85 32.8124 -0.0695294 -0.846971 -0.526784
59.7831 122.151 33.8171 -0.0634042 -0.831127 -0.552111
60.1786 121.548 34.6434 -0.0652938 -0.819815 -0.568892
60.4605 120.815 35.6071 -0.0496823 -0.796127 -0.603086
60.7248 120.207 36.3552 -0.0515064 -0.76612 -0.64063
60.9131 119.839 36.7803 -0.0515033 -0.766121 -0.64063
