-12.4513 139.381 20.3588 -0.222883 -0.962496 -0.154251
-11.8873 139.324 19.9127 -0.224897 -0.961215 -0.159386
-10.6173 139.03 19.9158 -0.237293 -0.958879 -0.155705
-10.034 138.761 20.6117 -0.255968 -0.951362 -0.171436
-9.96181 138.481 21.881 -0.248717 -0.942702 -0.222379
-11.1856 138.921 21.4323 -0.263406 -0.946523 -0.183141
-11.9187 139.178 20.8971 -0.224917 -0.963609 -0.144466
-12.0883 139.252 20.6682 -0.223529 -0.964038 -0.143745
-12.7429 139.274 21.5361 -0.227283 -0.963656 -0.140267
-11.8048 138.936 22.1858 -0.233042 -0.957222 -0.171514
-11.1578 138.629 22.7935 -0.294515 -0.934381 -0.200397
-10.6071 138.293 23.5216 -0.295278 -0.932934 -0.206023
-9.73164 137.74 24.537 -0.3499 -0.90616 -0.236212
-9.09655 137.851 23.249 -0.315841 -0.917091 -0.242197
-8.95501 138.123 22.0253 -0.296744 -0.920947 -0.252581
-8.96832 138.449 20.73 -0.295081 -0.934054 -0.201171
-9.12499 138.65 19.8489 -0.259517 -0.951523 -0.165088
-10.0338 139.039 18.9065 -0.235507 -0.96091 -0.145564
-11.2882 139.369 18.8331 -0.231213 -0.960518 -0.153865
-12.251 139.595 18.8153 -0.233803 -0.959147 -0.159286
-13.3449 139.748 19.2527 -0.173901 -0.974079 -0.144665
-14.352 139.865 19.712 -0.184775 -0.973391 -0.13553
-14.8107 139.861 20.4028 -0.171322 -0.980109 -0.0976507
-13.7708 139.597 20.9527 -0.189433 -0.97559 -0.111083
-13.0987 139.392 21.3058 -0.23242 -0.96285 -0.137477
-13.5957 139.386 22.1624 -0.232662 -0.961301 -0.147542
-14.8417 139.73 21.6007 -0.183388 -0.974914 -0.126142
-16.0864 139.99 21.1125 -0.128752 -0.987298 -0.093085
-16.8694 140.11 20.7682 -0.0878083 -0.994028 -0.0647886
-16.3927 140.168 19.7098 -0.0842408 -0.983494 -0.158768
-15.4626 140.148 19.1742 -0.142459 -0.982396 -0.113852
-14.0582 139.989 18.5667 -0.164763 -0.9735 -0.158134
-13.2058 139.894 18.2104 -0.187957 -0.969965 -0.153598
-12.3674 139.766 17.9074 -0.200519 -0.969027 -0.144151
-11.0629 139.475 17.7708 -0.246422 -0.957756 -0.148256
-10.1576 139.239 17.8006 -0.226242 -0.961474 -0.155218
-9.17913 138.962 18.1127 -0.220902 -0.958973 -0.177687
-8.36866 138.628 18.9918 -0.189422 -0.963294 -0.190219
-8.02709 138.242 20.3554 -0.264644 -0.936919 -0.22653
-7.9797 138.013 21.3209 -0.28379 -0.928189 -0.240305
-7.93931 137.681 22.4029 -0.306312 -0.905544 -0.293535
-8.11633 137.467 23.3124 -0.355503 -0.894729 -0.270003
-8.35263 137.289 24.2078 -0.366855 -0.889071 -0.273807
-8.79223 137.201 25.1022 -0.341764 -0.918692 -0.197802
-9.42235 137.233 26.1095 -0.356396 -0.914041 -0.193678
-10.3893 137.541 26.3161 -0.266473 -0.939433 -0.202624
-10.7567 137.847 25.4908 -0.288614 -0.922787 -0.255279
-11.2189 138.301 24.3451 -0.277603 -0.93218 -0.231619
-11.6845 138.615 23.5925 -0.282668 -0.934947 -0.214413
-12.3524 138.943 22.9563 -0.251773 -0.949859 -0.183521
-13.0657 139.204 22.516 -0.242085 -0.95812 -0.152563
-13.229 139.263 22.3893 -0.232653 -0.961304 -0.147536
