12.0693 143.076 25.263 0.0658252 -0.995159 -0.0327869
11.4164 143.043 24.5186 0.119022 -0.990795 -0.0644614
11.8081 143.188 23.3434 0.0773144 -0.991461 -0.0858902
12.9408 143.22 23.1921 0.0156676 -0.996845 -0.0777104
12.768 143.121 24.3805 0.00711247 -0.997672 -0.0659303
12.1875 143.083 25.1169 0.00201347 -0.998799 -0.0488866
12.1362 143.08 25.1864 0.00241384 -0.998946 -0.0458395
13.1166 143.051 25.8729 0.00242701 -0.998946 -0.0458279
12.5307 142.98 26.9672 -0.00144092 -0.997332 -0.0729844
11.3915 142.919 27.0625 0.100322 -0.990198 -0.0836606
10.8473 142.868 26.2781 0.187226 -0.978031 -0.0877134
10.4032 142.862 25.314 0.14019 -0.988868 -0.0490005
10.1576 142.901 24.1218 0.14794 -0.987502 -0.0507774
10.3954 143.045 22.895 0.149553 -0.981067 -0.119627
11.1147 143.202 22.2726 0.127114 -0.987839 -0.088464
12.3551 143.31 21.943 0.0247544 -0.996398 -0.0810245
13.5408 143.31 22.0451 -0.0256953 -0.995842 -0.0873931
14.8061 143.203 22.6772 -0.0464712 -0.993615 -0.102811
15.5721 143.095 23.2902 -0.113276 -0.987685 -0.107912
14.5596 143.076 24.2427 -0.0509065 -0.995126 -0.08445
13.4655 143.075 25.3767 -0.0344192 -0.997729 -0.0442015
13.4424 143.073 25.4073 0.00291317 -0.998912 -0.0465361
14.291 142.985 26.1014 -0.0710666 -0.996622 -0.0411532
13.8074 142.924 27.1935 -0.0448683 -0.994296 -0.0967593
13.4398 142.838 28.1719 -0.0455123 -0.992939 -0.109551
12.49 142.756 28.9705 0.0161257 -0.988569 -0.149902
11.4837 142.735 28.7684 0.087474 -0.98773 -0.129378
10.4945 142.681 28.0067 0.206679 -0.976365 -0.0630906
9.83784 142.597 27.1478 0.238535 -0.969397 -0.0463217
9.49029 142.588 26.3011 0.260888 -0.960135 -0.10039
9.12886 142.607 25.0848 0.261838 -0.961368 -0.0849209
8.98188 142.629 24.1486 0.284933 -0.955526 -0.0760488
9.03251 142.746 23.0281 0.264395 -0.959424 -0.0973646
9.63486 143.028 21.7596 0.215124 -0.972529 -0.0745662
10.4098 143.201 21.0901 0.15009 -0.986279 -0.0637217
11.8988 143.397 20.6764 0.0683331 -0.994296 -0.0697605
13.315 143.448 20.657 0.0352477 -0.995368 -0.0894464
14.4206 143.397 20.9826 -0.0388875 -0.994279 -0.0990863
15.47 143.285 21.5928 -0.0780841 -0.991087 -0.102108
16.2099 143.148 22.0893 -0.121615 -0.98745 -0.100668
16.901 143.002 22.6709 -0.123333 -0.987843 -0.094637
17.5599 142.841 23.4982 -0.14355 -0.984903 -0.0945621
17.0953 142.823 24.2277 -0.107668 -0.989954 -0.091646
16.0972 142.892 24.7245 -0.0941758 -0.992773 -0.0743784
15.2235 142.938 25.2143 -0.100712 -0.993321 -0.0506229
14.8484 142.971 25.4857 -0.0891588 -0.995246 -0.0340052
14.6803 142.976 25.6601 -0.0710665 -0.996622 -0.0411532
