-52.6154 126.671 18.0364 0.0742906 -0.955393 -0.285835
-53.0357 126.371 18.9162 0.0742023 -0.952733 -0.294609
-53.0031 126.04 20.0094 0.0786621 -0.953747 -0.290113
-53.4829 125.772 20.7701 0.0754406 -0.954426 -0.288757
-53.4107 125.74 20.8919 0.0764217 -0.952321 -0.295371
-52.8351 125.987 20.2303 0.0818843 -0.953073 -0.291457
-52.2667 126.291 19.3894 0.080945 -0.953938 -0.288877
-51.7592 126.5 18.8365 0.0780463 -0.954463 -0.28794
-51.0866 126.82 17.9604 0.0790609 -0.954945 -0.28605
-51.8029 126.887 17.5324 0.0779326 -0.955285 -0.285221
-52.2014 126.791 17.7479 0.0758886 -0.955076 -0.286479
-52.9432 126.95 17.0198 0.0759344 -0.955796 -0.284044
-53.7337 126.522 18.253 0.0734467 -0.954222 -0.289898
-54.1095 126.152 19.3897 0.0610468 -0.955189 -0.289633
-54.4854 125.809 20.4023 0.0554245 -0.952842 -0.29831
-54.8794 125.54 21.1783 0.0509147 -0.949873 -0.308464
-55.6158 125.236 22.0013 0.0479277 -0.950559 -0.306825
-56.3028 124.912 22.8829 0.0543105 -0.947667 -0.314607
-56.7633 124.602 23.7341 0.050298 -0.943069 -0.328617
-57.5331 124.154 24.8649 0.0238924 -0.939944 -0.340001
-58.0261 123.879 25.5835 -0.0127721 -0.92696 -0.374943
-58.3736 123.529 26.437 -0.0108347 -0.916742 -0.399333
-58.4818 123.172 27.2602 -0.013437 -0.916885 -0.398916
-58.2807 122.79 28.1007 0.0402357 -0.902424 -0.428967
-57.2359 122.917 27.9586 0.104062 -0.91337 -0.39319
-56.6122 123.269 27.3095 0.116292 -0.91855 -0.377813
-56.0633 123.607 26.6036 0.087474 -0.933133 -0.348192
-55.2801 124.087 25.4671 0.0991926 -0.940693 -0.324331
-54.6631 124.466 24.5493 0.0811063 -0.940533 -0.329453
-54.2611 124.75 23.7771 0.0790031 -0.948913 -0.305487
-53.6305 125.093 22.8995 0.0932177 -0.951413 -0.293467
-52.7795 125.525 21.7576 0.0936423 -0.953448 -0.286648
-52.2423 125.787 21.0605 0.0922506 -0.953989 -0.285297
-51.6109 126.1 20.2164 0.0920796 -0.954228 -0.284552
-51.0341 126.364 19.5109 0.0918246 -0.954874 -0.282459
-50.2675 126.729 18.5272 0.0914596 -0.955307 -0.281108
-49.7219 127.097 17.4512 0.0910835 -0.955401 -0.280913
-50.2262 127.273 16.6953 0.0848157 -0.956058 -0.280581
-51.4725 127.256 16.3726 0.077615 -0.956857 -0.279979
-52.558 127.072 16.7095 0.0759936 -0.956515 -0.281611
-53.0104 127.317 15.7709 0.069844 -0.956448 -0.283416
-53.7624 127.087 16.3747 0.0596188 -0.95745 -0.282376
-54.4037 126.748 17.3778 0.0531015 -0.955699 -0.289518
-54.9559 126.322 18.6666 0.0547631 -0.953939 -0.29496
-55.4327 125.935 19.8368 0.048651 -0.953228 -0.2983
-56.0109 125.576 20.8828 0.0495963 -0.950451 -0.306884
-56.5973 125.322 21.5801 0.0330693 -0.950797 -0.307658
-57.2259 125.022 22.4541 0.0171568 -0.948004 -0.317795
-57.8462 124.659 23.4469 0.023892 -0.939942 -0.340006
-58.3794 124.329 24.3571 0.0101135 -0.940398 -0.339926
-58.8901 124.042 25.1342 0.00949611 -0.937725 -0.347162
-59.3007 123.661 26.1099 0.0212053 -0.932276 -0.361125
-59.5 123.335 26.9255 0.00192341 -0.923428 -0.382978
-59.5335 122.955 27.7688 -0.0104343 -0.904612 -0.426108
-59.1399 122.463 28.7965 -0.00847614 -0.892217 -0.450885
-58.4003 122.124 29.4688 0.0659542 -0.891764 -0.445873
-57.2817 122.321 29.3418 0.0959447 -0.901849 -0.419995
-56.5957 122.658 28.7568 0.121977 -0.910885 -0.39422
-56.0409 123.004 28.1295 0.119135 -0.914718 -0.386016
-55.1417 123.542 27.0546 0.139848 -0.926364 -0.349704
-54.6272 123.855 26.3337 0.109218 -0.941127 -0.319923
-53.8879 124.325 25.1909 0.104871 -0.942739 -0.316614
-53.4372 124.622 24.4423 0.101983 -0.948827 -0.298877
-52.8445 124.96 23.5714 0.0990924 -0.947957 -0.302548
-52.2731 125.271 22.758 0.0950413 -0.951025 -0.294141
-51.6135 125.604 21.876 0.092431 -0.953749 -0.286042
-51.03 125.901 21.0724 0.0920736 -0.95423 -0.284548
-50.4266 126.171 20.3621 0.0917146 -0.954622 -0.283344
-49.8941 126.433 19.6571 0.102298 -0.954873 -0.278841
-49.2052 126.763 18.7714 0.0989084 -0.955668 -0.27733
-48.6072 127.095 17.8394 0.0965346 -0.956472 -0.275397
-48.5102 127.364 16.9368 0.0940781 -0.955894 -0.278211
-49.1843 127.537 16.1176 0.0908081 -0.956705 -0.27653
-50.1616 127.587 15.623 0.0879943 -0.957133 -0.275936
-51.3108 127.575 15.3267 0.0769827 -0.95727 -0.278725
-52.2068 127.478 15.4217 0.0735623 -0.956846 -0.281132
-52.9407 127.333 15.7329 0.0690124 -0.957072 -0.281513
-53.5765 127.533 14.9119 0.0643035 -0.955811 -0.286862
-54.2818 127.323 15.4648 0.059952 -0.956891 -0.284186
-54.9677 127.01 16.3839 0.0581983 -0.957722 -0.281746
-55.5028 126.677 17.401 0.0517279 -0.957995 -0.281998
-55.8605 126.425 18.1941 0.0411806 -0.955812 -0.29108
-56.4356 125.989 19.5086 0.0470775 -0.95269 -0.300274
-56.8762 125.72 20.3247 0.0248309 -0.953891 -0.299122
-57.4583 125.471 21.0732 0.0211156 -0.952358 -0.304171
-58.0869 125.176 21.9369 0.00925507 -0.949741 -0.312732
-58.7738 124.791 23.0584 0.00648527 -0.94173 -0.336306
-59.3535 124.448 24.0395 -0.013028 -0.940538 -0.339166
-59.8513 124.146 24.8778 -0.0208431 -0.936677 -0.349573
-60.2811 123.755 25.9009 -0.0280019 -0.925007 -0.378918
-60.499 123.423 26.7481 -0.034364 -0.927397 -0.372494
-60.5787 123.051 27.6274 -0.0177058 -0.917527 -0.397278
-60.3999 122.582 28.6233 -0.0359582 -0.907817 -0.417822
-59.9622 122.154 29.412 -0.0586041 -0.88032 -0.470747
-59.3132 121.804 30.0592 0.0348349 -0.881426 -0.470016
-58.4926 121.545 30.5845 0.0846527 -0.875906 -0.472546
-57.6073 121.646 30.6499 0.137887 -0.881604 -0.4514
-56.7919 121.921 30.3288 0.146921 -0.893365 -0.424275
-56.1542 122.315 29.7525 0.154076 -0.902089 -0.401981
-55.3889 122.812 28.8899 0.178374 -0.909727 -0.374938
-54.7464 123.199 28.147 0.14811 -0.930247 -0.335713
-54.1611 123.561 27.3909 0.141578 -0.940369 -0.309271
-53.3684 124.062 26.226 0.128134 -0.943938 -0.303964
-52.5638 124.552 24.9756 0.118499 -0.94864 -0.293322
-51.8711 124.944 23.9418 0.0951748 -0.950054 -0.297208
-51.153 125.318 22.9857 0.104471 -0.949899 -0.294581
-50.3895 125.728 21.8868 0.106944 -0.953855 -0.280517
-49.7102 126.043 21.0576 0.102213 -0.954476 -0.280228
-49.013 126.39 20.1287 0.10216 -0.95471 -0.279448
-48.4428 126.659 19.4081 0.100454 -0.956022 -0.275554
-47.9025 126.922 18.6937 0.100929 -0.956154 -0.274921
-47.3173 127.295 17.6079 0.098943 -0.956642 -0.273939
-47.4611 127.577 16.5673 0.0968716 -0.956625 -0.274731
-48.3132 127.795 15.5104 0.093043 -0.95741 -0.273325
-49.5371 127.88 14.8042 0.0879989 -0.957134 -0.275933
-50.7086 127.907 14.3547 0.0830726 -0.957174 -0.277331
-51.6118 127.877 14.2241 0.0714517 -0.954992 -0.287898
-52.5293 127.737 14.4681 0.0646466 -0.955201 -0.288803
-52.9861 127.658 14.6277 0.0643035 -0.955811 -0.286862
-53.5124 127.901 13.7091 0.06499 -0.954591 -0.290745
-52.571 128.091 13.2939 0.0644377 -0.954747 -0.290355
-51.5071 128.206 13.1598 0.0722872 -0.954776 -0.288404
-50.4444 128.24 13.3154 0.0731186 -0.954554 -0.288928
-49.6638 128.191 13.7099 0.0858174 -0.955448 -0.282407
-48.6065 128.166 14.1253 0.0921012 -0.955931 -0.278766
-47.6367 128.081 14.7428 0.0972695 -0.955754 -0.277587
-46.9974 127.948 15.4444 0.105376 -0.955233 -0.276453
-46.2539 127.682 16.6703 0.111949 -0.955948 -0.271346
-46.2725 127.291 18.0387 0.114229 -0.956176 -0.269592
-46.8087 126.992 18.8715 0.114435 -0.956381 -0.268775
-47.4117 126.688 19.6897 0.103264 -0.956412 -0.273152
-48.189 126.321 20.6658 0.104049 -0.954338 -0.280019
-48.7371 126.041 21.4195 0.102973 -0.954879 -0.278571
-49.3834 125.715 22.3046 0.102084 -0.95539 -0.277145
-49.929 125.44 23.028 0.106585 -0.950978 -0.29031
-50.5081 125.127 23.8451 0.107541 -0.951671 -0.287669
-50.9964 124.845 24.5976 0.10249 -0.955481 -0.276681
-51.5742 124.524 25.4625 0.109789 -0.948856 -0.295889
-52.089 124.218 26.2396 0.117395 -0.946249 -0.301382
-52.7372 123.863 27.0885 0.122266 -0.946472 -0.298574
-53.4036 123.466 28.0238 0.147958 -0.939569 -0.308737
-54.0488 123.081 28.8348 0.16861 -0.925527 -0.339074
-54.6282 122.705 29.538 0.181952 -0.914719 -0.360717
-55.4672 122.145 30.5016 0.206773 -0.902922 -0.376296
-56.421 121.533 31.3364 0.209405 -0.890358 -0.40375
-57.7893 121.039 31.7894 0.195467 -0.881415 -0.428644
-58.9366 121.013 31.5084 0.12558 -0.885089 -0.448159
-60.0688 121.419 30.7115 0.0097177 -0.873499 -0.486729
-61.0116 122.024 29.7548 -0.0430873 -0.87024 -0.490741
-61.4049 122.513 28.8625 -0.0396734 -0.908683 -0.415587
-61.5955 122.925 27.9829 -0.0374221 -0.911651 -0.409151
-61.5778 123.39 26.9221 -0.03346 -0.914569 -0.403042
-61.3907 123.733 26.068 -0.0427329 -0.928181 -0.369667
-61.0625 124.08 25.1461 -0.0355864 -0.931988 -0.360738
-60.507 124.445 24.1036 -0.0282505 -0.942111 -0.334106
-60.0192 124.745 23.202 -0.0161661 -0.945011 -0.326317
-59.5471 125.027 22.3998 -0.00361634 -0.948316 -0.316851
-58.9312 125.337 21.4311 0.00534514 -0.951828 -0.306586
-58.4502 125.566 20.704 0.0163676 -0.953394 -0.301285
-57.9141 125.807 19.9719 0.0165736 -0.955259 -0.295239
-57.4409 126.052 19.2024 0.0388555 -0.955978 -0.290853
-56.7521 126.517 17.7384 0.0424997 -0.958259 -0.282689
-56.3263 126.805 16.8343 0.0449609 -0.958605 -0.281166
-55.8659 127.079 15.9747 0.0495098 -0.957692 -0.283457
-54.8935 127.519 14.6872 0.0559123 -0.956169 -0.287423
-54.2505 127.736 14.0952 0.0583113 -0.955158 -0.290286
-53.5452 127.895 13.722 0.06499 -0.954591 -0.290744
-54.6463 125.168 22.3924 0.0565064 -0.952432 -0.299465
-55.1023 125.001 22.8355 0.0597686 -0.948363 -0.311239
-55.0847 125.009 22.8144 0.0565053 -0.952434 -0.29946
-55.4536 124.577 24.0078 0.0673841 -0.942823 -0.325813
-56.1438 124.301 24.6682 0.0527542 -0.939867 -0.337441
-55.6424 124.462 24.3041 0.0826387 -0.945932 -0.313661
-56.5325 124.098 25.1722 0.0530129 -0.94014 -0.336639
-57.032 123.788 25.918 0.0603613 -0.933249 -0.354085
-57.2585 123.584 26.4116 0.0741503 -0.923355 -0.375977
-56.6327 124.087 25.1884 0.0544178 -0.937226 -0.34435
-56.6189 124.096 25.166 0.0530156 -0.940143 -0.33663
