-15.9745 145.036 23.1376 0.105181 -0.99281 0.0486503
-15.166 145.178 24.3072 0.129403 -0.991172 0.0287595
-14.3894 145.17 23.5902 0.0212356 -0.998987 0.0396638
-15.1171 145.085 22.8242 0.0794347 -0.995305 0.0124173
-15.6455 145.043 22.8404 0.0794347 -0.995305 0.0124173
-15.7271 145.071 21.8952 0.0960887 -0.994977 -0.0280779
-14.6881 145.131 21.9955 0.012676 -0.999913 0.00374358
-13.5881 145.148 22.8049 0.012654 -0.999913 0.00372524
-13.555 145.186 23.7333 0.000516308 -0.99867 0.0515553
-14.0778 145.218 24.9116 0.0229938 -0.999557 0.0188802
-15.2943 145.16 25.6166 0.0803265 -0.996741 -0.00739061
-16.1369 145.057 24.5217 0.129463 -0.99123 0.026496
-16.8428 144.939 23.5988 0.121833 -0.992168 0.0275504
-17.4781 144.859 22.4824 0.116139 -0.992861 -0.0271871
-16.6752 144.965 22.0232 0.117078 -0.992728 -0.0279828
-16.0664 145.037 21.9507 0.0960887 -0.994977 -0.0280779
-16.3296 145.041 21.0554 0.0890544 -0.994953 -0.0400571
-17.6726 144.893 21.3634 0.0865692 -0.994227 -0.0632509
-18.649 144.77 21.8969 0.0907705 -0.994318 -0.0540786
-18.6324 144.725 22.9863 0.0951543 -0.994542 -0.0428118
-18.0034 144.791 23.6192 0.132805 -0.990997 0.0169809
-17.008 144.947 24.6973 0.132451 -0.990872 0.0250887
-16.3855 145.056 25.7406 0.133407 -0.990785 0.0232992
-15.9797 145.113 26.5527 0.115354 -0.993314 0.00461644
-15.2111 145.197 26.9242 0.0827098 -0.99636 0.0203412
-14.233 145.265 26.3873 0.0820556 -0.996347 0.0236653
-13.5624 145.218 25.7279 -0.011425 -0.998022 0.0618115
-12.8286 145.173 24.4926 -0.0742898 -0.996722 0.0309533
-12.5973 145.125 23.376 -0.0919827 -0.995193 0.0326688
-12.8429 145.098 22.0835 -0.0746783 -0.996319 0.0420979
-13.7155 145.151 21.3841 -0.0141072 -0.999334 -0.0147646
-14.5886 145.144 21.096 0.0153896 -0.999652 -0.0214389
-15.7845 145.085 20.992 0.0920883 -0.995641 -0.0147847
-15.971 145.067 21.0151 0.0804396 -0.996422 -0.0220127
