15.7682 147.316 25.9627 -0.16602 -0.986121 0.00112847
16.4658 147.181 25.7558 -0.215124 -0.976086 -0.0312576
17.3657 146.953 26.6717 -0.220183 -0.97516 -0.0214745
16.2026 147.219 26.9336 -0.207419 -0.977956 -0.0153332
15.8194 147.308 26.1636 -0.177771 -0.983905 -0.00847114
14.7658 147.486 26.5692 -0.165945 -0.986133 0.00206767
14.6287 147.508 25.5028 -0.165804 -0.986159 0.000409557
15.1694 147.417 24.5689 -0.161578 -0.986716 -0.0112629
16.1392 147.244 24.5505 -0.177785 -0.98402 -0.00988896
17.3104 147.017 25.1443 -0.209268 -0.977211 -0.0294095
18.3391 146.753 25.9901 -0.223026 -0.974359 -0.0296074
18.5595 146.673 26.8867 -0.224844 -0.973911 -0.0306807
17.8327 146.812 27.8378 -0.230556 -0.972626 -0.0284201
16.6901 147.079 28.3607 -0.237845 -0.971109 -0.0194451
15.8713 147.269 27.9992 -0.201241 -0.97932 -0.0171051
15.0684 147.435 27.0865 -0.1924 -0.981208 -0.0129697
15.0474 147.44 27.0579 -0.177772 -0.983905 -0.00847102
14.2878 147.545 27.8421 -0.151676 -0.988325 -0.0144381
13.8732 147.619 27.0638 -0.150346 -0.988556 -0.012406
13.6584 147.647 26.1775 -0.117594 -0.99305 -0.00374456
13.6602 147.651 24.6897 -0.124085 -0.992271 -0.000497165
14.1606 147.591 23.8847 -0.143635 -0.989492 -0.0128994
14.929 147.479 23.4302 -0.153722 -0.988004 -0.0147243
15.864 147.327 23.4076 -0.181121 -0.983113 -0.0260295
16.8641 147.133 23.7059 -0.181849 -0.982914 -0.028494
17.7694 146.935 24.2224 -0.200457 -0.97918 -0.027874
18.6364 146.732 24.8585 -0.219118 -0.974584 -0.0466171
19.3335 146.555 25.5651 -0.199716 -0.978857 -0.0441552
19.7014 146.436 26.501 -0.204139 -0.977741 -0.0482124
19.4904 146.43 27.3793 -0.225928 -0.972138 -0.0600146
18.7796 146.56 28.2154 -0.242615 -0.96847 -0.0566087
18.1418 146.7 28.8666 -0.250613 -0.967572 -0.0315932
17.165 146.935 29.4221 -0.251173 -0.967512 -0.0286908
16.0639 147.188 29.3816 -0.205557 -0.978183 -0.0300776
15.3172 147.36 28.8934 -0.184351 -0.982068 -0.0329431
14.7225 147.472 28.3047 -0.151702 -0.988324 -0.0141976
14.5548 147.5 28.119 -0.151678 -0.988325 -0.0144263
