-57.2049 126.887 26.5449 0.0567315 -0.929312 -0.364708
-57.6265 126.429 27.6491 0.0481373 -0.925636 -0.375329
-57.9662 126.13 28.3402 0.0537475 -0.921187 -0.385238
-57.9471 125.691 29.3522 0.0468569 -0.915378 -0.399477
-58.2884 125.23 30.3495 0.0444536 -0.896263 -0.441289
-57.7059 125.582 29.6295 0.0468471 -0.915378 -0.39948
-57.4393 125.981 28.7692 0.0537393 -0.921186 -0.385241
-56.8511 126.45 27.7252 0.0764824 -0.925112 -0.371792
-56.1505 126.876 26.7764 0.0706844 -0.928807 -0.363759
-55.5787 127.246 25.9133 0.057226 -0.932371 -0.356944
-54.9901 127.585 25.0966 0.0715456 -0.939161 -0.335944
-54.6687 127.915 24.225 0.072158 -0.943592 -0.323153
-54.0965 128.202 23.5116 0.0713546 -0.943843 -0.322598
-53.5996 128.518 22.6819 0.0673257 -0.947037 -0.313987
-53.5869 128.762 21.9474 0.068306 -0.949257 -0.306993
-54.3799 128.434 22.7593 0.0720581 -0.945556 -0.317381
-55.2395 128.218 23.2235 0.0551537 -0.945195 -0.321798
-56.0235 127.846 24.1599 0.0495559 -0.939666 -0.338485
-56.5333 127.456 25.1542 0.0542005 -0.938529 -0.340826
-56.8705 127.211 25.7841 0.0640897 -0.934473 -0.349816
-57.8846 127.329 25.3342 0.0391564 -0.93392 -0.355143
-58.4999 126.816 26.567 0.0313263 -0.929077 -0.368296
-58.9336 126.42 27.5623 0.00311692 -0.929784 -0.368092
-59.3351 125.928 28.7577 0.00502492 -0.918354 -0.395608
-59.52 125.376 30.0173 0.000585149 -0.916895 -0.399127
-59.5831 124.961 30.8839 -0.0250152 -0.906186 -0.421641
-59.3446 124.416 32.0383 -0.0117938 -0.906858 -0.419392
-58.6077 124.261 32.4308 0.0290974 -0.912056 -0.409016
-57.7181 124.652 31.6922 0.119652 -0.909632 -0.39781
-57.1524 125.123 30.7725 0.117424 -0.913079 -0.390511
-56.7068 125.512 30.0051 0.117504 -0.907821 -0.402559
-56.1975 125.96 29.073 0.0862792 -0.924546 -0.371175
-55.5777 126.43 28.0465 0.107833 -0.9273 -0.358451
-54.9279 126.86 27.1259 0.105269 -0.928291 -0.356644
-54.3588 127.228 26.279 0.0896608 -0.939438 -0.330783
-53.873 127.585 25.3833 0.0876755 -0.943377 -0.319925
-53.3444 127.951 24.4424 0.0860377 -0.945255 -0.314786
-52.609 128.4 23.2946 0.0860812 -0.946666 -0.310477
-52.0609 128.785 22.2479 0.0794194 -0.950239 -0.301229
-51.9678 129.098 21.2903 0.0783432 -0.949894 -0.302591
-52.6692 129.258 20.6156 0.0690152 -0.951345 -0.300299
-53.5728 129.174 20.6751 0.0623435 -0.951192 -0.302224
-54.3661 128.983 21.1016 0.0614457 -0.948579 -0.31052
-55.416 128.652 21.913 0.0591478 -0.949165 -0.309173
-56.2791 128.329 22.724 0.0481067 -0.945748 -0.321286
-56.9326 128.021 23.537 0.0458656 -0.943916 -0.326947
-57.3517 127.716 24.3366 0.0414108 -0.937199 -0.34624
-57.6999 127.468 24.9746 0.0336719 -0.937732 -0.345724
-58.7199 127.619 24.4733 0.0314691 -0.937256 -0.347219
-59.2312 127.239 25.4535 0.0171309 -0.936932 -0.348789
-59.6603 126.918 26.2964 -0.00974751 -0.930453 -0.366281
-60.1209 126.524 27.3146 -0.0156277 -0.928377 -0.371187
-60.4219 126.15 28.2404 -0.0182981 -0.924791 -0.380034
-60.6792 125.543 29.6745 -0.0295102 -0.914355 -0.403837
-60.7663 125.162 30.6156 -0.0906328 -0.906644 -0.412047
-60.6992 124.709 31.599 -0.0953103 -0.908078 -0.40776
-60.4774 124.251 32.5442 -0.0686286 -0.90637 -0.416873
-59.8766 123.787 33.4964 -0.0528539 -0.925822 -0.374005
-58.8897 123.627 33.8729 0.0119932 -0.926901 -0.375115
-57.7795 123.862 33.4802 0.128294 -0.928714 -0.347895
-57.1344 124.209 32.8257 0.161957 -0.910836 -0.379315
-56.4234 124.798 31.7616 0.144405 -0.910136 -0.387957
-55.8534 125.305 30.7543 0.128691 -0.912631 -0.387998
-55.3806 125.708 29.9344 0.113179 -0.920107 -0.374915
-54.8681 126.094 29.1196 0.1069 -0.925726 -0.362771
-54.0451 126.668 27.8773 0.10569 -0.930699 -0.350036
-53.454 127.061 26.9874 0.0937404 -0.937986 -0.33367
-52.986 127.377 26.2394 0.0966677 -0.939477 -0.328623
-52.4871 127.72 25.3653 0.0900319 -0.944683 -0.315387
-51.7856 128.175 24.199 0.0923702 -0.945459 -0.312371
-51.2196 128.525 23.3044 0.0894842 -0.948398 -0.304104
-50.796 128.843 22.4114 0.089631 -0.950462 -0.297638
-50.6148 129.154 21.4784 0.0883099 -0.949758 -0.300254
-50.7864 129.407 20.6332 0.0848811 -0.950914 -0.297542
-51.4175 129.581 19.9038 0.0756898 -0.951447 -0.298351
-52.4323 129.657 19.4091 0.0722041 -0.951371 -0.299459
-53.3371 129.607 19.3665 0.0640637 -0.951675 -0.300351
-54.3248 129.438 19.6977 0.054807 -0.951484 -0.302778
-55.1948 129.208 20.2465 0.0624059 -0.949348 -0.307967
-56.2766 128.879 21.1119 0.0398012 -0.945998 -0.321718
-57.0571 128.572 21.9147 0.0410307 -0.945359 -0.323433
-57.6117 128.317 22.59 0.031124 -0.945272 -0.324796
-58.2561 127.952 23.5854 0.0319792 -0.944822 -0.326018
-58.5304 127.768 24.0893 0.0307095 -0.940494 -0.33829
-59.4672 127.964 23.4485 0.0152965 -0.945989 -0.323701
-60.0702 127.604 24.4605 0.0114555 -0.94074 -0.338934
-60.4615 127.322 25.2238 -0.00263898 -0.937159 -0.348868
-60.9203 126.948 26.2366 -0.00949243 -0.938555 -0.344963
-61.3599 126.57 27.2524 -0.0233696 -0.929408 -0.368312
-61.6561 126.18 28.2446 -0.0393423 -0.922582 -0.383791
-61.8068 125.839 29.0811 -0.0544297 -0.927828 -0.368347
-61.9104 125.424 30.1753 -0.0717322 -0.92945 -0.361908
-61.9411 125.009 31.2102 -0.0745683 -0.914855 -0.396836
-61.8476 124.606 32.1147 -0.101836 -0.902255 -0.418663
-61.5121 123.991 33.3007 -0.0960181 -0.90647 -0.410157
-60.9395 123.56 34.2259 -0.0640772 -0.922614 -0.380364
-60.0748 123.261 34.8632 -0.0412462 -0.935738 -0.350275
-59.1808 123.151 35.0983 0.00479796 -0.941182 -0.337866
-58.0079 123.235 35.0055 0.122184 -0.929586 -0.347188
-57.2421 123.511 34.5801 0.130522 -0.92227 -0.363844
-56.5359 123.875 33.923 0.14259 -0.917402 -0.371389
-55.9955 124.234 33.258 0.139244 -0.914103 -0.380825
-55.412 124.748 32.2339 0.14477 -0.916511 -0.372893
-54.9002 125.182 31.3602 0.140588 -0.918084 -0.370617
-54.41 125.621 30.4609 0.140528 -0.918051 -0.370721
-53.9755 125.963 29.749 0.126004 -0.924329 -0.360192
-53.3872 126.323 29.031 0.118608 -0.928244 -0.352354
-52.7211 126.783 27.999 0.11232 -0.932624 -0.342925
-52.2111 127.119 27.2061 0.0996953 -0.939682 -0.327173
-51.6058 127.485 26.3223 0.0956864 -0.942884 -0.319068
-51.1265 127.818 25.4729 0.0932755 -0.944606 -0.314666
-50.7052 128.113 24.7103 0.0964654 -0.945157 -0.312041
-50.2237 128.406 23.9599 0.0941263 -0.946725 -0.307981
-49.7044 128.749 23.0465 0.0920411 -0.950323 -0.297346
-49.426 129.051 22.1656 0.0907869 -0.950357 -0.297623
-49.4181 129.365 21.1676 0.0887521 -0.951242 -0.295379
-49.5942 129.611 20.3164 0.0865335 -0.952136 -0.29317
-50.1436 129.849 19.3829 0.0826217 -0.951192 -0.297295
-51.1057 129.981 18.7106 0.0780262 -0.951227 -0.298462
-52.2283 130.038 18.2532 0.0705404 -0.951342 -0.299956
-53.7304 129.949 18.2049 0.0615137 -0.951055 -0.302837
-54.9683 129.723 18.6775 0.0549522 -0.952399 -0.299861
-55.7451 129.526 19.1798 0.0406889 -0.952802 -0.300852
-56.5334 129.297 19.797 0.0407085 -0.95271 -0.301143
-57.2092 129.073 20.4161 0.0428965 -0.946536 -0.319734
-58.1951 128.654 21.5593 0.0266414 -0.946737 -0.320816
-58.7529 128.402 22.2373 0.0262144 -0.944764 -0.32669
-59.1483 128.181 22.8474 0.0232938 -0.944274 -0.328334
-59.4028 128.008 23.3259 0.0232837 -0.944276 -0.328329
