-54.2831 130.332 23.0261 0.0695558 -0.945056 -0.319421
-55.1262 129.996 23.8395 0.0700208 -0.943927 -0.322623
-55.5838 129.702 24.6032 0.0637959 -0.943942 -0.32389
-56.2542 129.176 25.9568 0.0636936 -0.937476 -0.342117
-56.6845 128.874 26.6962 0.0646662 -0.933164 -0.353495
-57.0561 128.464 27.6862 0.0554404 -0.931389 -0.359528
-57.3487 128.122 28.511 0.0531417 -0.926603 -0.372268
-57.6739 127.707 29.5049 0.0467541 -0.926086 -0.374341
-56.824 128.049 28.7821 0.0716575 -0.926252 -0.370031
-56.1651 128.51 27.7379 0.0688406 -0.930465 -0.359854
-55.7672 128.839 26.95 0.0696267 -0.935319 -0.346764
-55.2631 129.155 26.2118 0.07878 -0.934775 -0.346396
-54.6824 129.521 25.3047 0.0732019 -0.940295 -0.332358
-53.9596 129.942 24.251 0.0760095 -0.943615 -0.322201
-53.3921 130.29 23.3489 0.0765831 -0.945395 -0.316803
-53.8938 130.424 22.8385 0.0702469 -0.944957 -0.319565
-54.6692 130.675 21.9215 0.0578486 -0.947672 -0.31396
-55.4976 130.397 22.5888 0.0637073 -0.945456 -0.319443
-56.2429 130.037 23.5191 0.0558313 -0.946055 -0.319159
-56.6746 129.753 24.2657 0.0562039 -0.942227 -0.330225
-57.1221 129.451 25.0525 0.0564097 -0.942166 -0.330366
-57.5186 129.142 25.8326 0.0534698 -0.937066 -0.345034
-57.8589 128.797 26.724 0.0450967 -0.933294 -0.356271
-58.2398 128.464 27.5378 0.0255541 -0.925675 -0.377455
-58.601 128.083 28.4578 0.0144233 -0.929871 -0.3676
-58.8882 127.66 29.5135 0.0192581 -0.925263 -0.378652
-59.0889 127.136 30.7405 0.0226754 -0.921173 -0.388488
-59.104 126.772 31.6061 0.0214235 -0.921416 -0.387986
-59.0854 126.284 32.7758 0.017238 -0.923665 -0.382813
-58.6442 125.845 33.8837 0.0424368 -0.92811 -0.369188
-57.9729 126.186 33.1302 0.0642071 -0.929493 -0.363208
-57.4852 126.555 32.3238 0.0847481 -0.922699 -0.376092
-57.013 126.97 31.4049 0.0689928 -0.92872 -0.364308
-56.322 127.498 30.2374 0.0913326 -0.922167 -0.375854
-55.8129 127.9 29.3697 0.0859111 -0.926971 -0.365036
-55.162 128.402 28.2524 0.0901348 -0.930038 -0.356237
-54.6968 128.732 27.4936 0.0811676 -0.936102 -0.342236
-54.1938 129.083 26.6588 0.0897274 -0.937186 -0.337013
-53.6636 129.392 25.9068 0.0823223 -0.940655 -0.329173
-52.9874 129.798 24.9005 0.0802215 -0.94368 -0.320957
-52.3052 130.223 23.815 0.0801156 -0.946024 -0.314039
-52.016 130.537 22.9426 0.075375 -0.946425 -0.314003
-52.5148 130.867 21.8158 0.0760663 -0.948383 -0.30787
-53.4063 130.906 21.4741 0.0742358 -0.948634 -0.307538
-54.067 130.827 21.5732 0.0578591 -0.947673 -0.313955
-54.3587 131.201 20.388 0.0559178 -0.949468 -0.308841
-53.1309 131.321 20.2714 0.0725013 -0.947155 -0.312444
-51.7578 131.253 20.8142 0.0744162 -0.948118 -0.309085
-51.1074 131.093 21.464 0.0749206 -0.948594 -0.307502
-50.7966 130.809 22.4367 0.0825184 -0.949901 -0.301463
-50.8434 130.502 23.3675 0.0855272 -0.947079 -0.309388
-51.189 130.204 24.1703 0.0912041 -0.945742 -0.311855
-51.6854 129.886 24.9879 0.0913298 -0.943664 -0.318052
-52.3732 129.448 26.0855 0.0877032 -0.943125 -0.320621
-52.8472 129.143 26.835 0.0855586 -0.939583 -0.331455
-53.5136 128.727 27.8175 0.0933381 -0.934346 -0.343923
-53.9677 128.394 28.5856 0.0993625 -0.93008 -0.353663
-54.4031 128.056 29.35 0.0993024 -0.928767 -0.357114
-54.9282 127.649 30.2363 0.10587 -0.920148 -0.376988
-55.4616 127.221 31.1343 0.109625 -0.92023 -0.375703
-56.0107 126.8 32.0486 0.0810759 -0.924486 -0.372494
-56.7786 126.184 33.3866 0.0787833 -0.922187 -0.378636
-57.5442 125.724 34.4483 0.0711169 -0.938207 -0.338689
-58.373 125.365 35.3439 0.0382822 -0.949428 -0.311633
-59.4034 125.258 35.5584 -0.00509825 -0.949867 -0.311762
-59.9676 125.548 34.7384 -0.0272162 -0.948807 -0.314683
-60.2274 125.915 33.7177 -0.0199735 -0.935841 -0.351855
-60.2711 126.385 32.5447 -0.0244737 -0.921679 -0.387182
-60.2387 126.851 31.4155 -0.023395 -0.927048 -0.374213
-60.1917 127.296 30.3313 -0.000919278 -0.927671 -0.373398
-59.9935 127.8 29.1111 0.0132106 -0.922721 -0.385057
-59.7816 128.14 28.2678 0.00929952 -0.929466 -0.368791
-59.4803 128.469 27.4405 0.00818764 -0.935881 -0.352194
-59.0149 128.838 26.4686 0.0421124 -0.935738 -0.350096
-58.7114 129.17 25.6038 0.0349239 -0.936792 -0.34814
-58.2441 129.532 24.6633 0.0372519 -0.939075 -0.341688
-57.4817 130.012 23.3939 0.0443171 -0.945807 -0.321684
-56.8761 130.352 22.4871 0.0493176 -0.945272 -0.322514
-56.1373 130.674 21.6614 0.0548341 -0.946467 -0.318109
-55.2086 131.009 20.8119 0.0559945 -0.948348 -0.312241
-54.509 131.183 20.415 0.0559278 -0.949466 -0.308846
-54.6373 131.547 19.2769 0.0537599 -0.94958 -0.308871
-55.5052 131.403 19.5621 0.0530936 -0.949003 -0.310757
-56.3026 131.164 20.1549 0.0511934 -0.947661 -0.315148
-57.1308 130.84 20.9962 0.0524914 -0.94816 -0.313419
-57.7507 130.583 21.6879 0.0416113 -0.948343 -0.314507
-58.3237 130.267 22.531 0.043234 -0.944758 -0.324903
-58.873 129.913 23.4994 0.0430267 -0.946339 -0.320298
-59.3079 129.625 24.3101 0.0252153 -0.942282 -0.333289
-59.8241 129.262 25.2504 0.00969722 -0.938878 -0.343911
-60.2326 128.95 26.1273 0.0033287 -0.943008 -0.332754
-60.6191 128.658 26.9087 0.0109269 -0.934665 -0.355361
-60.9675 128.356 27.6927 0.000327241 -0.934487 -0.355988
-61.212 127.971 28.6894 -0.00274005 -0.93234 -0.361571
-61.276 127.637 29.508 -0.00167703 -0.923383 -0.383876
-61.3276 127.258 30.4593 -0.0224896 -0.929988 -0.366902
-61.3536 126.905 31.346 -0.0210712 -0.927337 -0.373633
-61.3988 126.572 32.1821 -0.0331746 -0.920902 -0.38838
-61.4344 126.072 33.4232 -0.0675036 -0.937667 -0.340703
-61.252 125.615 34.6933 -0.0638466 -0.942107 -0.329172
-60.9053 125.258 35.7072 -0.0413332 -0.950634 -0.30755
-60.0897 124.929 36.6763 -0.0271337 -0.961296 -0.274179
-59.0696 124.808 37.0634 0.0105573 -0.960211 -0.279078
-58.0273 124.956 36.629 0.0340282 -0.954388 -0.29609
-57.3877 125.182 36.0229 0.052492 -0.947326 -0.315687
-56.5651 125.579 35.0545 0.0695199 -0.937353 -0.341374
-55.9574 125.939 34.2196 0.08195 -0.932011 -0.353044
-55.3667 126.366 33.2668 0.0983723 -0.924783 -0.367559
-54.726 126.871 32.2009 0.111243 -0.919376 -0.377324
-54.2478 127.274 31.3551 0.103288 -0.921625 -0.374045
-53.6059 127.721 30.4231 0.0978846 -0.922033 -0.37453
-53.0503 128.219 29.3019 0.096065 -0.927579 -0.361028
-52.5102 128.588 28.4675 0.0984856 -0.933335 -0.345234
-51.928 128.988 27.5377 0.094042 -0.937904 -0.333903
-51.4689 129.305 26.7619 0.0951422 -0.941837 -0.322321
-50.7235 129.773 25.5985 0.0951109 -0.944277 -0.31511
-50.1368 130.152 24.6343 0.0907794 -0.945743 -0.311974
-49.7277 130.504 23.6851 0.0892951 -0.947012 -0.30852
-49.5798 130.798 22.8125 0.0892978 -0.948678 -0.303376
-49.7167 131.235 21.407 0.091134 -0.948439 -0.303576
-50.1699 131.448 20.6185 0.085196 -0.946047 -0.312628
-50.9937 131.615 19.887 0.08004 -0.947123 -0.310678
-52.0859 131.712 19.3285 0.0736821 -0.948537 -0.307973
-53.1594 131.71 19.0881 0.0688289 -0.947852 -0.311191
-54.281 131.581 19.2302 0.0616928 -0.949216 -0.308366
-57.661 127.51 29.9848 0.0439016 -0.923837 -0.38026
-57.6378 127.432 30.1784 0.0513223 -0.918505 -0.392064
-57.6311 127.438 30.1646 0.0476132 -0.921172 -0.38616
