-56.3328 129.663 26.4223 0.0670259 -0.939465 -0.336025
-55.8505 130.045 25.4504 0.0669933 -0.939454 -0.336064
-55.0367 130.498 24.3113 0.0655409 -0.942306 -0.328254
-54.1442 130.941 23.1903 0.0715232 -0.945075 -0.318925
-53.327 131.127 22.8221 0.0733072 -0.947465 -0.311346
-53.2881 130.793 23.8241 0.0735304 -0.944627 -0.319803
-53.9438 130.414 24.7886 0.0714331 -0.941572 -0.329149
-54.6373 130.087 25.5773 0.0685009 -0.940847 -0.331804
-55.1673 129.726 26.4798 0.0674169 -0.939447 -0.335998
-55.6254 129.373 27.3368 0.0743038 -0.934093 -0.349213
-56.2045 128.983 28.2447 0.0781798 -0.930085 -0.358929
-56.6265 128.592 29.1681 0.0795122 -0.926196 -0.368428
-57.116 128.278 29.8743 0.0539838 -0.928655 -0.366996
-57.4371 127.99 30.5364 0.0573258 -0.923098 -0.380269
-57.5301 128.349 29.6352 0.049746 -0.927653 -0.370115
-57.2023 128.672 28.8666 0.0495748 -0.929498 -0.365477
-57.0797 129.055 27.9072 0.0508746 -0.93208 -0.358603
-56.6562 129.368 27.1455 0.0556336 -0.932905 -0.355799
-56.3388 129.652 26.4529 0.069123 -0.936179 -0.344532
-57.367 129.782 25.9225 0.0573304 -0.938362 -0.340843
-56.9216 130.104 25.0941 0.0581134 -0.941053 -0.333231
-56.3636 130.439 24.2258 0.0552899 -0.943594 -0.326455
-55.5711 130.907 22.9951 0.0601277 -0.945761 -0.31919
-54.7945 131.247 22.1425 0.0654737 -0.947068 -0.314271
-53.997 131.445 21.7073 0.0651905 -0.948057 -0.311349
-53.069 131.524 21.6721 0.0694919 -0.947143 -0.313195
-52.1797 131.439 22.1365 0.0727627 -0.947743 -0.310626
-51.8635 131.178 23.0118 0.0858223 -0.946437 -0.311274
-52.1304 130.835 23.985 0.079345 -0.945043 -0.317173
-52.6369 130.543 24.7281 0.0802963 -0.943902 -0.320292
-53.4369 130.096 25.8313 0.0829853 -0.941148 -0.327614
-54.0593 129.696 26.8051 0.0791364 -0.940039 -0.331701
-54.5898 129.311 27.7402 0.0801599 -0.934016 -0.348121
-55.2178 128.845 28.8183 0.0824323 -0.928945 -0.360924
-55.7658 128.41 29.7971 0.0813073 -0.922444 -0.377474
-56.1765 128.046 30.6047 0.0832373 -0.925981 -0.367998
-56.5614 127.708 31.3949 0.0722899 -0.926487 -0.369261
-57.0595 127.348 32.1812 0.0651338 -0.925489 -0.372998
-57.5804 126.963 33.0419 0.0770547 -0.927034 -0.366975
-58.1481 126.605 33.8729 0.0500657 -0.936173 -0.347654
-58.8528 126.428 34.2775 0.0285499 -0.935033 -0.353308
-58.9174 126.827 33.2311 0.0214641 -0.933599 -0.357677
-58.8451 127.191 32.323 0.0182121 -0.927882 -0.372416
-58.7706 127.557 31.4334 0.0442372 -0.922613 -0.383183
-58.7459 127.932 30.5306 0.0448375 -0.927158 -0.37194
-58.6997 128.386 29.4042 0.0207887 -0.928563 -0.37049
-58.4822 128.727 28.5638 0.0343826 -0.927806 -0.371476
-58.1199 129.123 27.5751 0.0372682 -0.933954 -0.355446
-57.5872 129.601 26.3767 0.0591941 -0.937086 -0.344044
-57.5285 129.648 26.2589 0.0591897 -0.937081 -0.344057
-58.4921 129.798 25.6945 0.0452349 -0.939999 -0.338018
-58.9505 129.437 26.6333 0.0443382 -0.939462 -0.339773
-59.2753 129.127 27.4457 0.034756 -0.935332 -0.352032
-59.7192 128.643 28.6848 0.0132706 -0.932162 -0.361797
-59.9091 128.182 29.8462 0.0182569 -0.926867 -0.37493
-59.908 127.616 31.2336 0.0162307 -0.925757 -0.37777
-60.0175 127.099 32.5016 0.0158553 -0.927157 -0.374337
-60.0793 126.627 33.7443 -0.0200175 -0.938873 -0.343564
-60.0132 126.32 34.6002 -0.0127091 -0.945294 -0.325972
-59.8201 125.965 35.6347 -0.0181955 -0.952553 -0.303165
-58.8935 125.741 36.3469 0.015749 -0.963249 -0.267277
-57.9493 126.077 35.3975 0.037969 -0.949409 -0.311739
-57.1382 126.509 34.3249 0.0671301 -0.936671 -0.343718
-56.6085 126.85 33.5366 0.0837144 -0.928824 -0.360881
-56.0029 127.273 32.5993 0.0798708 -0.927466 -0.365277
-55.4378 127.717 31.6117 0.0958669 -0.922548 -0.373779
-54.9836 128.151 30.6464 0.0938713 -0.924833 -0.368608
-54.5179 128.559 29.7387 0.0977433 -0.925355 -0.366285
-53.8183 129.05 28.6424 0.0984754 -0.930029 -0.354046
-53.1366 129.565 27.425 0.0910509 -0.935431 -0.341582
-52.6348 129.891 26.6281 0.0901126 -0.940592 -0.327362
-51.8873 130.328 25.557 0.0899569 -0.943752 -0.318183
-51.2209 130.711 24.6047 0.0893154 -0.945207 -0.314017
-50.7796 131.085 23.5959 0.0847374 -0.946713 -0.310732
-50.6438 131.395 22.6881 0.0855656 -0.947379 -0.308455
-51.1349 131.727 21.5282 0.0805922 -0.947181 -0.310384
-52.1927 131.873 20.8091 0.0754794 -0.94852 -0.307567
-53.4661 131.882 20.4898 0.0696847 -0.948554 -0.308853
-54.4646 131.762 20.6468 0.0565835 -0.949485 -0.30867
-55.4723 131.522 21.1858 0.0536522 -0.946799 -0.317323
-56.3226 131.177 22.069 0.0549754 -0.946267 -0.318679
-57.0573 130.778 23.1271 0.0530794 -0.94593 -0.319999
-57.5748 130.429 24.0561 0.0529343 -0.942002 -0.331406
-58.204 130.02 25.1192 0.0366786 -0.938615 -0.343011
-58.2477 129.986 25.2062 0.0366762 -0.938611 -0.343021
-59.3027 130.136 24.6824 0.0287282 -0.944029 -0.32847
-58.8427 130.461 23.7784 0.041128 -0.94628 -0.320723
-58.1656 130.846 22.7543 0.0484786 -0.945815 -0.321067
-57.3752 131.286 21.5695 0.0551686 -0.947781 -0.314115
-56.4809 131.666 20.5791 0.0550036 -0.948305 -0.312557
-55.7962 131.909 19.9613 0.0537989 -0.949026 -0.310573
-54.5497 132.127 19.5115 0.0571081 -0.947709 -0.313966
-53.6435 132.24 19.3584 0.0667078 -0.947807 -0.311787
-52.5893 132.28 19.476 0.0731132 -0.947291 -0.31192
-51.4342 132.194 20.0098 0.0765205 -0.947986 -0.308936
-50.4168 132.069 20.6605 0.0804121 -0.948381 -0.30677
-49.846 131.895 21.3607 0.0849777 -0.948578 -0.304925
-49.4763 131.652 22.2211 0.0864267 -0.948671 -0.304221
-49.4959 131.339 23.1802 0.0898668 -0.94719 -0.307821
-49.7237 131.037 24.0411 0.0912279 -0.9467 -0.308928
-50.0588 130.735 24.8696 0.0892379 -0.946158 -0.311136
-50.6177 130.369 25.7991 0.0900725 -0.943661 -0.318418
-51.3069 130.024 26.6207 0.0935659 -0.940855 -0.325632
-51.8073 129.704 27.3975 0.0929564 -0.939202 -0.330508
-52.2861 129.379 28.1655 0.0930963 -0.93584 -0.339906
-52.9972 128.834 29.4267 0.0949993 -0.928958 -0.357785
-53.6175 128.417 30.3374 0.097833 -0.925367 -0.36623
-54.0496 128.032 31.186 0.0947322 -0.924871 -0.368294
-54.4394 127.676 31.9624 0.0916816 -0.922404 -0.375186
-54.7767 127.311 32.7788 0.0857549 -0.924512 -0.371321
-55.2796 126.952 33.5658 0.0791238 -0.925396 -0.370649
-55.8019 126.647 34.255 0.0726984 -0.930898 -0.35797
-56.3962 126.28 35.0953 0.0664107 -0.93637 -0.344397
-57.0307 125.902 36.0665 0.0493681 -0.942943 -0.329273
-57.838 125.571 37.0485 0.0232121 -0.957599 -0.287169
-58.5758 125.394 37.624 0.00777967 -0.963899 -0.266153
-59.5359 125.334 37.8107 0.00452418 -0.962567 -0.270942
-60.2394 125.501 37.2727 -0.0279995 -0.96429 -0.263365
-60.8997 125.88 36.0271 -0.0300789 -0.957922 -0.285449
-61.0535 126.173 35.1218 -0.0444711 -0.946212 -0.320476
-61.1416 126.501 34.1717 -0.0392704 -0.941089 -0.335592
-61.209 126.833 33.2816 -0.0330029 -0.936877 -0.348093
-61.0879 127.278 32.0966 -0.0257086 -0.934506 -0.355018
-61.0547 127.785 30.8174 -0.0156449 -0.926238 -0.376615
-61.0501 128.169 29.8564 -0.011353 -0.929566 -0.36848
-60.9718 128.52 28.9693 -0.00473709 -0.932418 -0.361206
-60.7448 128.875 28.0459 0.0145758 -0.932856 -0.359954
-60.5041 129.217 27.1628 0.00936761 -0.937523 -0.3477
-59.9229 129.612 26.0846 0.0172694 -0.938822 -0.343812
-59.5919 129.879 25.3723 0.0342954 -0.941337 -0.335722
-59.5905 129.881 25.3691 0.0342742 -0.941337 -0.335722
