54.0248 127.887 48.4588 0.155601 -0.860178 -0.485477
54.0119 127.311 49.4723 0.179799 -0.850129 -0.49466
54.494 127.627 49.0567 0.141865 -0.862357 -0.486019
54.5425 128.088 48.2508 0.13812 -0.864236 -0.483755
54.272 128.013 48.3073 0.139989 -0.863298 -0.484886
53.7781 128.1 47.9953 0.165632 -0.848421 -0.502333
53.3256 127.551 48.8095 0.169346 -0.857996 -0.484939
53.3318 127.075 49.6557 0.175203 -0.869951 -0.460966
53.9288 126.988 50.0763 0.197603 -0.878248 -0.43547
54.7543 127.378 49.6384 0.181292 -0.886667 -0.425389
55.2648 128.073 48.4871 0.150939 -0.863956 -0.480414
54.8907 128.418 47.7595 0.1287 -0.851798 -0.50704
53.9461 128.218 47.8575 0.154372 -0.8415 -0.517667
53.5661 128.278 47.6424 0.161914 -0.838845 -0.519734
54.3727 128.73 47.1407 0.146817 -0.844145 -0.515619
55.533 128.651 47.5296 0.127759 -0.854667 -0.502014
55.8716 128.089 48.6502 0.166864 -0.873191 -0.456951
55.3765 127.545 49.5539 0.179769 -0.886975 -0.425391
54.8716 126.969 50.5423 0.189445 -0.882458 -0.430428
53.6986 126.685 50.5805 0.197945 -0.877783 -0.436251
52.8587 126.759 50.063 0.184158 -0.87022 -0.456814
52.5763 127.273 48.9947 0.182727 -0.856106 -0.482673
52.9816 127.907 48.0589 0.165631 -0.848418 -0.50234
53.1324 128.038 47.8944 0.161913 -0.838841 -0.51974
