-54.3496 133.177 28.0728 0.0749419 -0.94373 -0.322077
-54.8198 132.813 29.0292 0.073437 -0.940831 -0.330824
-55.6403 132.427 29.9614 0.0621157 -0.941121 -0.332282
-55.7612 132.503 29.7214 0.0605917 -0.942642 -0.328261
-55.646 132.873 28.6818 0.0578122 -0.942266 -0.329822
-55.3532 133.222 27.7272 0.0673081 -0.943597 -0.324182
-54.6486 133.706 26.4389 0.0623792 -0.946851 -0.315566
-53.9258 134.078 25.4801 0.075502 -0.946641 -0.313323
-53.2566 134.393 24.6858 0.0737242 -0.948931 -0.30671
-52.9538 134.244 25.2089 0.0738356 -0.947418 -0.311365
-53.1732 133.953 26.0349 0.0751029 -0.94523 -0.317646
-53.7449 133.61 26.9263 0.0728555 -0.9464 -0.314672
-54.0464 133.377 27.5617 0.0769893 -0.945125 -0.317451
-53.1924 133.293 28.0194 0.0878218 -0.94209 -0.323479
-52.5773 133.696 26.9634 0.0858609 -0.946435 -0.311271
-51.9101 134.121 25.8579 0.0825516 -0.946694 -0.311377
-51.4599 134.538 24.6871 0.0822959 -0.948053 -0.307283
-51.7989 134.811 23.7551 0.0805541 -0.947834 -0.308412
-52.7685 134.851 23.3904 0.0779983 -0.947247 -0.310868
-53.7344 134.647 23.7832 0.0710342 -0.947773 -0.310918
-54.4594 134.354 24.5277 0.0610081 -0.94917 -0.308712
-55.0622 134.04 25.3508 0.0637097 -0.947096 -0.314563
-55.5731 133.752 26.1174 0.0603156 -0.947249 -0.314773
-56.0357 133.452 26.9259 0.0623423 -0.946225 -0.317445
-56.4326 133.119 27.8308 0.0553788 -0.945047 -0.322211
-56.7176 132.793 28.7308 0.0544956 -0.941983 -0.331206
-56.994 132.439 29.6919 0.0539641 -0.942074 -0.331034
-57.277 132.125 30.5364 0.0599459 -0.940146 -0.335458
-57.5708 131.717 31.6193 0.0491785 -0.940524 -0.336148
-57.5476 131.232 32.9425 0.0440467 -0.934699 -0.3527
-56.6938 131.059 33.5097 0.0453942 -0.934816 -0.35222
-56.1564 131.397 32.6907 0.0553893 -0.932593 -0.356655
-55.7539 131.813 31.6395 0.0524156 -0.937084 -0.345148
-55.143 132.129 30.8854 0.0617579 -0.939301 -0.33749
-54.5307 132.407 30.2383 0.0708097 -0.936328 -0.343914
-53.9371 132.727 29.4717 0.0768853 -0.94026 -0.331661
-53.4581 133.09 28.5436 0.0756985 -0.942111 -0.326643
-53.1956 133.29 28.0261 0.0838685 -0.94032 -0.329675
-52.2675 133.241 28.422 0.0878209 -0.94209 -0.323479
-51.5719 133.713 27.1934 0.0902846 -0.946254 -0.310549
-51.0149 134.055 26.2992 0.0919508 -0.946929 -0.307994
-50.5033 134.397 25.3968 0.0938895 -0.948111 -0.303761
-50.4057 134.788 24.2096 0.0935579 -0.947261 -0.306501
-50.7281 135.026 23.3875 0.0847495 -0.947659 -0.307826
-51.6992 135.207 22.5721 0.0775653 -0.947407 -0.310491
-53.0829 135.169 22.3393 0.0759768 -0.949586 -0.304157
-54.0969 134.96 22.7436 0.0751499 -0.950107 -0.302735
-54.8008 134.725 23.3021 0.0710414 -0.947778 -0.310901
-55.3994 134.422 24.1347 0.0610033 -0.949174 -0.3087
-55.921 134.131 24.9029 0.0637624 -0.946975 -0.314918
-56.5315 133.823 25.7205 0.0613368 -0.947948 -0.31245
-57.1233 133.4 26.8807 0.0555711 -0.947238 -0.315677
-57.6174 132.967 28.0669 0.0569393 -0.945025 -0.322003
-57.8707 132.62 29.045 0.0494199 -0.941462 -0.333477
-58.1453 132.295 29.931 0.0442247 -0.941315 -0.334594
-58.4306 131.925 30.9219 0.042835 -0.940372 -0.33744
-58.5887 131.579 31.8639 0.0423671 -0.940109 -0.33823
-58.5577 131.194 32.9254 0.0407931 -0.936939 -0.347104
-58.1323 130.708 34.2981 0.0384192 -0.939422 -0.340603
-57.3416 130.52 34.8874 0.0199641 -0.938401 -0.34497
-56.3022 130.62 34.7145 0.019137 -0.930932 -0.364691
-55.4396 130.989 33.847 0.0431535 -0.928261 -0.369403
-55.0695 131.436 32.757 0.0488606 -0.931013 -0.361604
-54.6822 131.775 31.9263 0.0658571 -0.934016 -0.351107
-54.055 132.08 31.2262 0.0782584 -0.936089 -0.342866
-53.3077 132.46 30.3753 0.0857008 -0.935853 -0.341811
-52.7173 132.862 29.3697 0.0774377 -0.940576 -0.330633
-52.3972 133.141 28.6665 0.0920378 -0.938529 -0.332706
-51.3796 133.152 28.9272 0.0921301 -0.941122 -0.325144
-51.7042 132.778 29.8922 0.0938231 -0.939111 -0.330556
-52.2167 132.471 30.6211 0.0905496 -0.936917 -0.337518
-52.8014 132.119 31.4128 0.0794696 -0.932089 -0.353403
-53.566 131.747 32.1933 0.095122 -0.922358 -0.374443
-53.9975 131.412 32.983 0.0631964 -0.925812 -0.372663
-54.3077 131.069 33.7993 0.0575608 -0.926675 -0.371392
-54.8647 130.602 34.8836 0.0484927 -0.927543 -0.370556
-55.5494 130.277 35.6501 0.01807 -0.937775 -0.346768
-56.5484 130.097 36.0832 0.0195288 -0.938029 -0.346007
-57.5745 130.072 36.125 0.0181261 -0.941396 -0.336809
-58.5524 130.154 35.8453 0.0138927 -0.944198 -0.329079
-58.9685 130.449 34.9871 0.0202558 -0.944166 -0.328765
-59.3171 130.776 34.0267 0.0229293 -0.943618 -0.33024
-59.6108 131.106 33.0663 0.0231715 -0.942854 -0.3324
-59.6495 131.427 32.1636 0.0334709 -0.938988 -0.342317
-59.4771 131.826 31.0712 0.0359148 -0.941046 -0.336363
-59.2726 132.185 30.0946 0.0380548 -0.941835 -0.333894
-58.8722 132.594 28.9806 0.042873 -0.942395 -0.331744
-58.624 132.925 28.0407 0.046045 -0.947336 -0.316909
-58.3574 133.23 27.1757 0.0519449 -0.94525 -0.322187
-58.0361 133.554 26.2695 0.0514625 -0.946523 -0.318506
-57.5688 133.859 25.4237 0.0531565 -0.949197 -0.310161
-56.9703 134.152 24.6373 0.0486292 -0.9442 -0.325726
-56.1564 134.577 23.5331 0.0498842 -0.947495 -0.315834
-55.3793 134.958 22.4696 0.0541746 -0.950067 -0.307128
-54.5846 135.223 21.8256 0.0629053 -0.949645 -0.306907
-53.5337 135.456 21.3365 0.0757562 -0.948524 -0.307511
-52.5197 135.562 21.2581 0.0762923 -0.948792 -0.306548
-51.6023 135.567 21.4816 0.0801563 -0.94845 -0.306621
-50.3576 135.403 22.3227 0.084201 -0.948416 -0.305642
-49.4784 135.088 23.5624 0.0913309 -0.948618 -0.302942
-49.2516 134.784 24.5728 0.0933311 -0.947941 -0.304457
-49.4911 134.4 25.7011 0.0945335 -0.948278 -0.303038
-50.1235 133.984 26.7946 0.0993584 -0.946923 -0.305719
-50.7396 133.649 27.632 0.0986065 -0.943857 -0.315267
-51.0344 133.397 28.2951 0.0871405 -0.944047 -0.318092
-51.3292 133.188 28.8332 0.0871352 -0.94405 -0.318084
