-53.2847 135.221 28.0968 0.0759064 -0.950458 -0.301405
-53.025 135.512 27.229 0.0754651 -0.952172 -0.296096
-52.6049 135.762 26.5494 0.0882358 -0.950664 -0.297405
-52.0584 136.082 25.6941 0.0863684 -0.949224 -0.302479
-52.8347 135.986 25.7777 0.0836586 -0.948298 -0.306157
-53.7293 135.651 26.6067 0.0692308 -0.949599 -0.305727
-54.3448 135.289 27.6084 0.0760618 -0.951871 -0.29691
-54.7468 134.917 28.6832 0.0691602 -0.949239 -0.306804
-54.7827 134.632 29.5613 0.0736819 -0.947729 -0.3104
-54.9727 134.244 30.7022 0.0652685 -0.948634 -0.309571
-54.7481 134.184 30.9268 0.063397 -0.942325 -0.32864
-54.1338 134.489 30.1375 0.0726449 -0.946057 -0.315751
-53.6003 134.86 29.1408 0.075217 -0.949226 -0.30547
-53.4078 135.086 28.4853 0.0757238 -0.949048 -0.305898
-52.3248 135.165 28.5209 0.0805317 -0.948872 -0.305213
-51.6873 135.591 27.3698 0.0842045 -0.949889 -0.300972
-51.2094 135.883 26.5865 0.0964731 -0.949306 -0.299185
-50.8289 136.281 25.4363 0.0922692 -0.949943 -0.298462
-51.3126 136.607 24.2714 0.0891689 -0.949884 -0.299558
-52.3552 136.621 23.9275 0.0790386 -0.949312 -0.304236
-53.4276 136.352 24.4821 0.079912 -0.948723 -0.305841
-54.185 136.01 25.3795 0.0676854 -0.951465 -0.30022
-54.7753 135.715 26.1725 0.0648969 -0.950435 -0.30404
-55.4438 135.394 27.0495 0.0617979 -0.951404 -0.301669
-56.0066 135.009 28.1377 0.0637061 -0.949934 -0.305873
-56.047 134.593 29.4242 0.0586045 -0.950569 -0.304933
-56.2306 134.299 30.2822 0.0595061 -0.948079 -0.312417
-56.6347 133.849 31.5559 0.0610497 -0.946178 -0.317837
-56.8871 133.523 32.4433 0.049553 -0.941858 -0.332336
-57.0736 133.204 33.3177 0.0460007 -0.94026 -0.337282
-57.0276 132.706 34.7148 0.0396903 -0.941344 -0.335106
-56.6405 132.333 35.6669 0.00280736 -0.936104 -0.351132
-55.9762 132.465 35.3578 0.012956 -0.927949 -0.372483
-55.6689 132.884 34.3212 0.0286477 -0.926928 -0.374013
-55.3948 133.261 33.3937 0.0544378 -0.938139 -0.341953
-54.8617 133.607 32.5328 0.0548897 -0.937823 -0.342747
-53.9051 133.994 31.6338 0.0634312 -0.942334 -0.328608
-53.2616 134.313 30.881 0.0811708 -0.942056 -0.325486
-52.6599 134.777 29.6428 0.0803954 -0.949469 -0.303389
-52.4865 134.978 29.0597 0.0802004 -0.949315 -0.303921
-51.4485 134.978 29.3347 0.0977383 -0.943525 -0.316146
-51.6711 134.651 30.2834 0.0803649 -0.948324 -0.306924
-52.2458 134.213 31.417 0.0709615 -0.942074 -0.327768
-53.0699 133.818 32.3535 0.0866958 -0.94184 -0.324687
-53.7378 133.541 32.9275 0.0770325 -0.932318 -0.353037
-54.3958 133.106 33.8989 0.0599492 -0.917302 -0.392621
-54.6874 132.665 34.949 0.0323469 -0.927055 -0.373526
-54.9927 132.233 35.9241 -0.00356094 -0.917326 -0.397458
-55.4282 131.866 36.8349 -0.0181322 -0.92359 -0.382942
-56.3218 131.674 37.3901 -0.037097 -0.930871 -0.363459
-57.1626 131.865 36.9859 -0.0370853 -0.932919 -0.358126
-57.8456 132.17 36.1428 -0.0129064 -0.944444 -0.328418
-58.2869 132.522 35.1135 0.00688967 -0.945858 -0.324508
-58.4189 132.952 33.883 0.03484 -0.94439 -0.326976
-58.1568 133.376 32.6959 0.0363 -0.9428 -0.331376
-57.842 133.742 31.667 0.0458986 -0.944856 -0.324253
-57.438 134.229 30.2846 0.0488505 -0.948803 -0.31206
-57.3099 134.517 29.423 0.0486904 -0.950198 -0.307809
-57.3308 134.91 28.1929 0.0574205 -0.950385 -0.30573
-56.9881 135.259 27.1729 0.0573298 -0.950219 -0.306262
-56.3451 135.611 26.2023 0.0552221 -0.950137 -0.306904
-55.3347 136.017 25.1089 0.057653 -0.952233 -0.299863
-54.7536 136.309 24.3034 0.0604938 -0.952333 -0.298992
-54.1838 136.587 23.5665 0.0718885 -0.950005 -0.303847
-53.5202 136.823 22.9993 0.0766981 -0.94824 -0.308154
-52.535 136.982 22.7544 0.0773824 -0.948505 -0.307161
-51.4472 137.048 22.8309 0.0785371 -0.948299 -0.307507
-50.5371 136.982 23.292 0.0882412 -0.95181 -0.293719
-49.7937 136.738 24.3053 0.0868115 -0.950881 -0.297121
-49.6217 136.475 25.1866 0.0920829 -0.951056 -0.294891
-49.7561 136.16 26.1689 0.0982987 -0.950926 -0.29339
-50.1663 135.838 27.0742 0.100358 -0.950319 -0.294651
-50.6163 135.497 28.0215 0.101696 -0.949322 -0.29737
-51.1966 135.206 28.7392 0.104448 -0.947932 -0.300858
-51.3731 135.111 28.9752 0.107384 -0.943476 -0.313299
