-54.4613 135.721 30.3999 0.0645909 -0.951623 -0.300315
-53.8864 135.675 30.6697 0.0645741 -0.951621 -0.300327
-53.3337 136.069 29.5074 0.0633831 -0.954604 -0.291032
-53.0431 136.368 28.6383 0.0821252 -0.952038 -0.294704
-52.661 136.655 27.7941 0.0845029 -0.953494 -0.289298
-52.2053 136.93 27.0349 0.0873445 -0.952772 -0.290853
-52.0447 137.173 26.2849 0.0873085 -0.952982 -0.290177
-52.8265 136.883 27.0019 0.0873448 -0.952769 -0.290862
-53.3923 136.621 27.7015 0.0816408 -0.954428 -0.287058
-54.0752 136.336 28.4728 0.0721358 -0.953475 -0.292714
-54.5834 135.993 29.4755 0.0652419 -0.955438 -0.287891
-54.582 135.784 30.1706 0.0633739 -0.95461 -0.291013
-55.6237 135.665 30.3283 0.0656422 -0.954249 -0.29172
-55.4796 135.309 31.4714 0.0584432 -0.950966 -0.303708
-55.4138 135.021 32.3737 0.0712602 -0.951041 -0.300372
-54.2364 135.197 32.145 0.0797554 -0.953605 -0.290228
-53.0542 135.546 31.2567 0.0608033 -0.952999 -0.296684
-52.4973 135.944 30.1152 0.0760109 -0.951082 -0.299329
-52.0802 136.325 29.0415 0.0907719 -0.948038 -0.304779
-51.6716 136.645 28.1392 0.0929605 -0.951236 -0.294124
-51.1953 136.993 27.1534 0.105674 -0.951917 -0.28746
-50.941 137.383 25.9543 0.0978117 -0.951567 -0.291429
-51.2469 137.606 25.122 0.094364 -0.952731 -0.288788
-52.239 137.584 24.8816 0.0759336 -0.951741 -0.297359
-53.1415 137.291 25.5897 0.076127 -0.951835 -0.297008
-53.6926 137.014 26.3376 0.0762141 -0.95196 -0.296586
-54.4928 136.654 27.3281 0.0677682 -0.954509 -0.290372
-55.1898 136.321 28.2671 0.0615309 -0.954553 -0.291621
-55.6131 136.017 29.1699 0.0623965 -0.955004 -0.289948
-55.6822 135.809 29.8447 0.0656401 -0.954245 -0.291733
-56.7038 135.755 29.8074 0.0554529 -0.954192 -0.29401
-56.627 136.031 28.9229 0.0544587 -0.954745 -0.292397
-56.2023 136.358 27.9364 0.0538765 -0.954506 -0.293282
-55.4999 136.726 26.8743 0.0616742 -0.954661 -0.291238
-54.8051 137.005 26.1159 0.0642324 -0.953865 -0.293284
-54.2301 137.295 25.3031 0.0687741 -0.951907 -0.298554
-53.4693 137.689 24.2346 0.0707103 -0.950065 -0.3039
-52.203 137.954 23.7337 0.0774329 -0.948455 -0.307308
-50.9054 137.968 24.0622 0.0961792 -0.949461 -0.298786
-50.0619 137.765 24.9926 0.0975556 -0.952801 -0.287493
-49.7105 137.543 25.8471 0.098003 -0.953255 -0.285832
-49.8284 137.256 26.7668 0.106296 -0.953704 -0.281333
-50.2595 136.941 27.663 0.107243 -0.949687 -0.294268
-50.8253 136.547 28.7258 0.109887 -0.949134 -0.294645
-51.3774 136.143 29.8416 0.100454 -0.947286 -0.304235
-51.7129 135.807 30.7297 0.0749529 -0.945538 -0.31623
-52.1933 135.427 31.8204 0.0660506 -0.952015 -0.298799
-53.1007 135.086 32.748 0.0510477 -0.953271 -0.297773
-53.9709 134.884 33.195 0.103785 -0.946169 -0.306583
-54.7676 134.634 33.6781 0.102142 -0.913673 -0.392788
-55.5199 134.353 34.171 0.0627265 -0.923892 -0.376295
-55.4713 134.022 34.9719 0.0275911 -0.903408 -0.427894
-55.0311 133.705 35.7615 0.0711066 -0.921307 -0.382279
-54.839 133.24 36.8317 -0.0352879 -0.916118 -0.399354
-54.797 132.819 37.806 -0.0360329 -0.919022 -0.392557
-55.549 132.451 38.7551 -0.053455 -0.923313 -0.380299
-56.8469 132.782 38.13 -0.0532531 -0.92585 -0.374119
-57.3518 133.071 37.4376 -0.0297243 -0.937591 -0.346468
-57.6466 133.503 36.2935 -0.0184961 -0.939452 -0.341962
-57.4868 133.877 35.2538 0.0245273 -0.940043 -0.340172
-56.7922 134.256 34.2413 0.0436389 -0.938527 -0.341568
-56.3956 134.593 33.4046 0.0667195 -0.941543 -0.330212
-56.4639 134.915 32.4766 0.0687083 -0.94109 -0.331102
-56.5302 135.248 31.4561 0.0601406 -0.950944 -0.303446
-56.6459 135.511 30.6017 0.0582572 -0.951558 -0.301896
-56.7003 135.641 30.1761 0.0554504 -0.954196 -0.293998
-56.347 133.79 35.5079 -0.00284926 -0.930462 -0.366349
-55.9313 133.371 36.5595 0.00244234 -0.927094 -0.37482
-56.0636 133.036 37.4105 -0.0326024 -0.918918 -0.393098
-56.651 133.338 36.6757 -0.0075332 -0.932825 -0.36025
-56.653 133.486 36.2917 -0.00754341 -0.932824 -0.360252
-56.5474 133.598 35.9995 -0.00739893 -0.931784 -0.362927
