37.0635 22.9824 -13.8125 0.42339 -0.766331 0.483191
36.8918 22.3886 -14.6033 0.420519 -0.768433 0.482322
36.4103 21.4866 -15.6315 0.41515 -0.769776 0.484865
35.9935 20.8964 -16.2299 0.407562 -0.77435 0.483991
35.4875 20.3135 -16.7411 0.399484 -0.777307 0.48601
34.6416 19.5574 -17.2714 0.391984 -0.784395 0.480701
33.826 18.8855 -17.7244 0.37389 -0.800493 0.46842
33.0353 18.2692 -18.1576 0.361218 -0.816567 0.450263
31.8982 17.5417 -18.5611 0.357909 -0.821797 0.443231
31.0279 17.1333 -18.6409 0.345357 -0.827671 0.442369
30.1493 16.7964 -18.5878 0.343022 -0.828521 0.442594
28.8493 16.5096 -18.1203 0.324286 -0.857067 0.400342
27.9436 16.6056 -17.2118 0.332672 -0.841746 0.425199
27.3442 16.8596 -16.2318 0.337905 -0.841958 0.420627
27.0138 17.2558 -15.1797 0.358527 -0.835276 0.416861
27.0181 17.8892 -13.9839 0.364156 -0.818687 0.443937
27.2134 18.6879 -12.669 0.375056 -0.813426 0.444554
27.391 19.2482 -11.8233 0.378593 -0.804374 0.457863
27.6384 19.8442 -10.9992 0.389302 -0.795719 0.463961
27.9855 20.6029 -9.99745 0.39183 -0.79425 0.464367
28.3947 21.2989 -9.1658 0.394919 -0.790762 0.46769
28.7518 21.8812 -8.48835 0.397582 -0.788407 0.469408
29.2218 22.5502 -7.76153 0.397224 -0.790426 0.466304
29.8419 23.235 -7.12926 0.399635 -0.790143 0.464721
30.505 23.8179 -6.70252 0.396929 -0.792826 0.462465
31.2903 24.3227 -6.50525 0.390735 -0.799443 0.456308
32.3443 24.8687 -6.46691 0.401857 -0.795388 0.453728
33.3642 25.3733 -6.47208 0.396519 -0.803265 0.444451
34.303 25.8606 -6.4286 0.399639 -0.802377 0.443244
35.1091 26.3078 -6.34693 0.399888 -0.815357 0.418667
36.1108 26.7896 -6.36156 0.395655 -0.817356 0.418791
36.9923 26.8987 -6.9759 0.394896 -0.816253 0.421648
37.2008 26.5644 -7.81988 0.405268 -0.806971 0.429305
37.1021 25.9619 -8.82016 0.409907 -0.798867 0.440201
36.9873 25.2987 -9.9037 0.414305 -0.791846 0.448653
36.9698 24.8243 -10.7131 0.41673 -0.788333 0.452623
36.9979 24.3098 -11.6096 0.419468 -0.778 0.467721
37.0476 23.7418 -12.5867 0.421613 -0.770239 0.478512
37.0815 23.3114 -13.3081 0.421471 -0.768163 0.48195
37.9179 23.733 -13.3815 0.433516 -0.763567 0.478563
37.8988 23.1956 -14.2162 0.432777 -0.762366 0.481146
37.6998 22.5674 -15.0337 0.431971 -0.763156 0.480619
37.3855 21.9253 -15.7755 0.424223 -0.768542 0.478935
37.0343 21.349 -16.3847 0.41855 -0.767013 0.486279
36.3672 20.4591 -17.232 0.412779 -0.767514 0.490375
35.7495 19.8552 -17.6945 0.399347 -0.779128 0.483199
35.0343 19.246 -18.1032 0.389146 -0.792576 0.469455
34.3793 18.716 -18.4551 0.381444 -0.79649 0.469073
33.4401 17.9849 -18.9962 0.359889 -0.816954 0.450628
32.3193 17.2769 -19.4037 0.353268 -0.827413 0.436565
31.1771 16.7367 -19.5202 0.343507 -0.838083 0.423815
30.1492 16.3483 -19.4844 0.320986 -0.846444 0.424854
29.2411 16.1012 -19.2885 0.312763 -0.855698 0.412262
28.1 15.9852 -18.6357 0.324435 -0.857009 0.400346
27.3237 16.0836 -17.8017 0.321417 -0.856228 0.404431
26.7504 16.2958 -16.8878 0.33405 -0.843761 0.420093
26.3527 16.5535 -16.0358 0.350229 -0.84417 0.405854
26.0797 16.9501 -14.9999 0.3512 -0.836149 0.421323
26.102 17.4269 -14.0871 0.366956 -0.82236 0.434801
26.237 17.9854 -13.1359 0.372696 -0.819633 0.43503
26.43 18.6531 -12.0828 0.373062 -0.811183 0.450341
26.6278 19.2039 -11.2727 0.378862 -0.80263 0.460705
26.8651 19.7632 -10.4893 0.387473 -0.800774 0.456731
27.1015 20.3294 -9.71692 0.394843 -0.793798 0.462584
27.5694 21.1433 -8.73182 0.395101 -0.790477 0.468018
27.9247 21.7485 -8.01068 0.396381 -0.789278 0.468956
28.4393 22.4885 -7.19893 0.397823 -0.789946 0.466607
29.0044 23.149 -6.56019 0.396681 -0.791012 0.465772
29.8408 23.9007 -5.98407 0.394433 -0.795675 0.45967
30.8179 24.5666 -5.67634 0.396747 -0.796495 0.456275
31.7997 25.0726 -5.62408 0.387746 -0.805291 0.448477
32.6603 25.4953 -5.62338 0.395223 -0.803945 0.444377
33.6778 25.9978 -5.62218 0.391325 -0.809919 0.436776
34.4768 26.4134 -5.55009 0.39032 -0.815051 0.428158
35.4616 26.9651 -5.40913 0.392482 -0.816488 0.423417
36.8456 27.5233 -5.6015 0.39089 -0.825058 0.408025
37.5462 27.541 -6.22729 0.385748 -0.827296 0.408387
38.0572 27.2853 -7.22796 0.390849 -0.821546 0.414966
38.0912 26.6815 -8.44129 0.411445 -0.807702 0.422208
37.9458 26.1499 -9.28537 0.41883 -0.795477 0.437902
37.8276 25.4839 -10.3693 0.424436 -0.788584 0.444896
37.8251 24.8546 -11.459 0.427412 -0.778338 0.459822
37.8776 24.1679 -12.6466 0.432123 -0.768959 0.471084
37.9084 23.8455 -13.1923 0.434432 -0.764487 0.476266
38.7435 24.2726 -13.2683 0.433517 -0.763566 0.478563
38.7807 23.6523 -14.2919 0.439674 -0.75985 0.478859
38.6409 23.0882 -15.053 0.436293 -0.760248 0.481304
38.4158 22.5276 -15.7365 0.431116 -0.761602 0.483839
37.9485 21.6737 -16.6673 0.422245 -0.763024 0.48939
37.4084 20.8688 -17.4624 0.410706 -0.764024 0.497582
36.6473 20.0144 -18.1812 0.398226 -0.777376 0.486907
35.9711 19.378 -18.6434 0.386049 -0.783984 0.48602
35.3189 18.837 -19.0178 0.376653 -0.78942 0.484715
34.3849 18.1103 -19.5122 0.355114 -0.811667 0.463776
33.5821 17.5082 -19.9499 0.351813 -0.815755 0.459041
32.5596 16.9176 -20.2334 0.346589 -0.820054 0.455398
31.7535 16.5314 -20.3583 0.324341 -0.83705 0.440625
30.9134 16.1793 -20.4087 0.333923 -0.837567 0.432219
30.0168 15.8793 -20.356 0.296652 -0.868114 0.397964
28.8313 15.6011 -20.0671 0.306451 -0.868292 0.390073
27.9666 15.4882 -19.6389 0.310287 -0.868718 0.38603
27.2738 15.4952 -19.0533 0.314859 -0.868908 0.381919
26.5756 15.6118 -18.2086 0.316741 -0.869053 0.380028
26.0058 15.8148 -17.2695 0.327 -0.860196 0.390937
25.5571 16.0642 -16.3638 0.354456 -0.842691 0.405257
25.2331 16.4059 -15.368 0.355528 -0.843406 0.402823
25.1627 16.8295 -14.4439 0.368164 -0.830865 0.417274
25.2549 17.2667 -13.6537 0.373088 -0.825791 0.422834
25.4414 17.9878 -12.4505 0.377619 -0.813192 0.442781
25.6268 18.5792 -11.5415 0.381926 -0.808809 0.447167
25.8284 19.1064 -10.7698 0.386272 -0.803556 0.452871
26.0827 19.7582 -9.8381 0.388467 -0.798104 0.460568
26.3049 20.2745 -9.13127 0.395576 -0.79052 0.467544
26.6741 20.8911 -8.40117 0.395598 -0.790527 0.467514
27.0105 21.449 -7.74345 0.395994 -0.790068 0.467954
27.3586 22.0076 -7.09508 0.395984 -0.790026 0.468033
28.1176 22.9843 -6.08681 0.395229 -0.791004 0.467019
28.8737 23.7194 -5.47948 0.395651 -0.7913 0.466159
29.5387 24.2619 -5.10351 0.39088 -0.798 0.458704
30.3277 24.7916 -4.84939 0.399022 -0.799355 0.449235
31.3155 25.2988 -4.80452 0.385703 -0.807368 0.446532
32.2686 25.7667 -4.79023 0.392602 -0.803283 0.447884
33.1328 26.1752 -4.78926 0.380329 -0.820694 0.426263
34.531 26.9009 -4.67014 0.383756 -0.823683 0.417389
35.3875 27.3817 -4.52772 0.393858 -0.821585 0.412056
36.4443 27.8766 -4.50613 0.374826 -0.836411 0.399902
37.4045 28.1063 -4.93517 0.380385 -0.83551 0.396522
38.1975 28.1131 -5.68152 0.37879 -0.836267 0.396451
38.9095 27.8175 -7.00349 0.405522 -0.819686 0.404552
38.9758 27.2321 -8.24902 0.409421 -0.814714 0.410557
38.7833 26.4635 -9.51239 0.418912 -0.803898 0.422196
38.6689 25.706 -10.7783 0.430364 -0.790703 0.435394
38.6704 25.2402 -11.5856 0.431833 -0.780336 0.452262
38.7141 24.6972 -12.5396 0.429813 -0.773429 0.465905
38.7373 24.3303 -13.1702 0.432123 -0.768958 0.471085
39.636 24.5947 -13.5857 0.442785 -0.766525 0.465168
39.6204 23.9957 -14.5198 0.447802 -0.756382 0.476818
39.5064 23.4093 -15.3394 0.440439 -0.75825 0.480697
39.2707 22.7834 -16.1003 0.437071 -0.757833 0.484385
38.8974 22.0857 -16.8522 0.431815 -0.755208 0.49315
38.4713 21.3652 -17.5905 0.421753 -0.755197 0.501799
37.9556 20.6711 -18.2174 0.411336 -0.759786 0.503516
37.2302 19.8476 -18.9149 0.395869 -0.777149 0.489205
36.6285 19.2728 -19.3449 0.395445 -0.778547 0.487327
35.949 18.6945 -19.7394 0.37459 -0.795144 0.476789
35.0484 18.0103 -20.1926 0.363274 -0.80631 0.466665
34.1776 17.3557 -20.6699 0.349441 -0.812994 0.465717
33.0089 16.664 -21.0188 0.33062 -0.827688 0.452967
32.1743 16.2664 -21.1763 0.32062 -0.838586 0.440399
30.8274 15.7112 -21.2821 0.306334 -0.855229 0.418022
29.3129 15.2957 -21.1135 0.2971 -0.870246 0.392941
27.9342 15.0476 -20.6218 0.304173 -0.88006 0.364653
26.676 15.0006 -19.6978 0.295519 -0.884656 0.360627
26.0325 15.1036 -18.9178 0.305608 -0.87664 0.371251
25.3882 15.2711 -17.9932 0.319652 -0.868045 0.379895
24.9489 15.4798 -17.1097 0.335367 -0.86884 0.364207
24.4952 15.8139 -15.9704 0.34826 -0.856916 0.37967
24.2654 16.2093 -14.9085 0.368641 -0.839969 0.39819
24.3468 16.8837 -13.6095 0.373176 -0.829126 0.41628
24.5201 17.5277 -12.5202 0.385892 -0.813102 0.435835
24.7597 18.3236 -11.262 0.382383 -0.809162 0.446139
25.0277 19.0397 -10.2055 0.386384 -0.803772 0.452391
25.2897 19.677 -9.30869 0.389619 -0.79782 0.460086
25.6066 20.3201 -8.47016 0.390999 -0.792662 0.467768
26.0239 21.0143 -7.64259 0.393299 -0.791595 0.467641
26.3724 21.6082 -6.93526 0.395092 -0.789987 0.468854
26.8949 22.4233 -6.00277 0.394099 -0.790229 0.469279
27.5536 23.1538 -5.32322 0.393138 -0.791476 0.467981
28.1514 23.7348 -4.83522 0.395251 -0.794111 0.461697
28.8472 24.331 -4.39528 0.389546 -0.79829 0.459334
29.8323 25.0129 -4.03631 0.387721 -0.80516 0.448764
31.0521 25.6357 -3.96635 0.385615 -0.808418 0.444704
31.9982 26.0958 -3.94108 0.376704 -0.812399 0.445086
32.9575 26.5407 -3.94219 0.371333 -0.822124 0.431536
33.9268 27.0194 -3.88092 0.383757 -0.823684 0.417387
34.9786 27.6032 -3.67384 0.387843 -0.825993 0.40889
35.8076 28.049 -3.54071 0.377584 -0.839189 0.391397
36.6881 28.4065 -3.6157 0.370029 -0.846319 0.383121
37.7477 28.6489 -4.12206 0.376114 -0.84075 0.389267
38.6497 28.684 -4.90623 0.377193 -0.837024 0.39638
39.3805 28.6414 -5.75507 0.396609 -0.833058 0.385527
39.7482 28.3693 -6.69361 0.392809 -0.830451 0.395034
39.8719 28.0193 -7.56455 0.402101 -0.824739 0.397445
39.8107 27.4388 -8.66401 0.406317 -0.815923 0.41131
39.6516 26.8754 -9.59197 0.420264 -0.804782 0.419171
39.5306 26.3303 -10.4963 0.430363 -0.790704 0.435394
39.5026 25.8746 -11.3013 0.435011 -0.784326 0.442103
39.526 25.3561 -12.2175 0.438492 -0.777345 0.451064
39.6141 24.9109 -13.0438 0.442785 -0.766525 0.465168
40.4468 25.3929 -13.0558 0.456164 -0.758827 0.46486
40.3301 25.9915 -11.9242 0.454282 -0.769269 0.449281
40.3515 26.6315 -10.7781 0.44147 -0.787336 0.430355
40.51 27.2903 -9.6768 0.433997 -0.800023 0.414259
40.7206 28.03 -8.41431 0.422336 -0.810741 0.405378
40.7471 28.6455 -7.13067 0.408606 -0.827172 0.385781
40.5218 28.9692 -6.17896 0.391881 -0.838763 0.377849
40.2452 29.2239 -5.34112 0.383402 -0.84232 0.378795
39.4111 29.2083 -4.51051 0.378327 -0.850795 0.364595
38.7436 29.2384 -3.77325 0.372617 -0.85 0.372366
37.9793 29.1408 -3.24085 0.368757 -0.849792 0.376659
36.7841 28.8591 -2.71331 0.365524 -0.84971 0.37998
35.871 28.5225 -2.59832 0.361722 -0.844546 0.394593
34.5734 27.842 -2.83052 0.37041 -0.833123 0.410589
33.415 27.1923 -3.08864 0.36635 -0.827699 0.425022
31.9642 26.5287 -3.12211 0.369828 -0.818837 0.438869
31.0984 26.1676 -3.03949 0.384476 -0.80856 0.44543
30.0701 25.6427 -3.10755 0.381452 -0.807934 0.449138
29.2041 25.1556 -3.24498 0.382506 -0.805713 0.452234
28.4653 24.6372 -3.53576 0.390217 -0.799014 0.4575
27.6683 23.9649 -4.03566 0.387317 -0.797776 0.462078
27.0195 23.3895 -4.47313 0.393336 -0.792113 0.466738
26.451 22.7853 -5.02197 0.391298 -0.791332 0.469754
25.9247 22.0978 -5.73415 0.395371 -0.788611 0.470924
25.3654 21.175 -6.81303 0.397309 -0.789103 0.468467
24.9607 20.5042 -7.60633 0.396718 -0.792686 0.462886
24.5993 19.7731 -8.54861 0.396802 -0.795138 0.458564
24.297 19.122 -9.42965 0.394111 -0.800455 0.451604
24.007 18.3458 -10.5734 0.38556 -0.809045 0.443603
23.6768 17.411 -11.9921 0.382618 -0.810885 0.442796
23.5062 16.8797 -12.8515 0.376435 -0.830235 0.411103
23.3635 16.3066 -13.8815 0.377385 -0.832921 0.404751
23.3787 15.9145 -14.7025 0.373003 -0.840306 0.393122
23.4388 15.5581 -15.5452 0.359289 -0.847375 0.390982
23.6856 15.2734 -16.4205 0.362712 -0.853958 0.373089
24.1585 15.0053 -17.524 0.326315 -0.874355 0.359196
24.7301 14.7756 -18.6159 0.316227 -0.879658 0.35506
25.2549 14.6365 -19.4049 0.305441 -0.882041 0.358762
25.8515 14.5538 -20.1167 0.305776 -0.884023 0.353546
26.5889 14.5114 -20.8565 0.296592 -0.889387 0.347885
27.4578 14.5841 -21.3842 0.285107 -0.89033 0.355003
28.3718 14.7169 -21.7787 0.278918 -0.890451 0.359545
29.3762 14.9214 -22.0392 0.249032 -0.892889 0.373908
30.2495 15.1224 -22.1451 0.263946 -0.879734 0.395474
31.2542 15.4253 -22.1426 0.292821 -0.84179 0.453481
32.3377 15.8777 -22.0211 0.31186 -0.837738 0.44825
33.2208 16.2969 -21.8583 0.321184 -0.835231 0.446279
34.1872 16.8265 -21.6161 0.34799 -0.819378 0.455546
35.0331 17.3778 -21.2647 0.341522 -0.806828 0.482069
35.8038 17.9405 -20.8966 0.363719 -0.798069 0.480411
36.7821 18.7578 -20.2673 0.363281 -0.78733 0.497516
37.8368 19.6873 -19.6351 0.379163 -0.775565 0.504712
38.353 20.2847 -19.1388 0.398974 -0.767809 0.501287
38.9406 21.01 -18.5211 0.418909 -0.753206 0.507087
39.4087 21.7306 -17.8284 0.421652 -0.755194 0.501889
39.855 22.535 -17.0079 0.435812 -0.754673 0.490445
40.2224 23.2889 -16.1762 0.438841 -0.754815 0.487517
40.4145 23.8682 -15.4641 0.450829 -0.751417 0.481794
40.5136 24.5002 -14.561 0.449176 -0.756528 0.475296
40.5257 24.9961 -13.781 0.456625 -0.75885 0.464371
40.515 25.1585 -13.5054 0.456165 -0.758827 0.464861
