-28.3665 32.6904 -12.6654 -0.00184246 -0.998456 0.0507253
-28.3239 32.6097 -13.657 -0.000222561 -0.996366 0.0851719
-28.2935 32.5217 -14.6012 -0.0134697 -0.991932 0.123095
-28.2725 32.3923 -15.4959 -0.0324649 -0.989287 0.142327
-28.2571 32.1617 -16.8202 -0.0300879 -0.979552 0.197988
-28.2173 31.8877 -18.0516 -0.0444737 -0.969657 0.238507
-28.036 31.6046 -19.0359 -0.0326844 -0.954465 0.295378
-27.7174 31.3016 -19.866 -0.0473971 -0.943495 0.32798
-26.9837 30.8062 -21.1199 -0.0613631 -0.937393 0.342825
-26.3053 30.4257 -21.8415 -0.0849463 -0.900978 0.425469
-25.569 30.0789 -22.4361 -0.0863778 -0.896464 0.434379
-24.4895 29.5471 -23.1676 -0.105594 -0.860279 0.498768
-23.6332 29.2076 -23.6139 -0.0875135 -0.857256 0.507169
-22.6086 28.9189 -23.9095 -0.0876457 -0.848391 0.522065
-21.3851 28.7625 -23.8926 -0.122363 -0.839566 0.529297
-20.3712 29.0005 -23.3037 -0.1023 -0.843517 0.52727
-19.6677 29.4482 -22.4656 -0.112534 -0.839197 0.531849
-19.1928 29.8199 -21.669 -0.10695 -0.876391 0.469568
-18.822 30.2502 -20.7401 -0.106703 -0.889994 0.443313
-18.5043 30.6798 -19.7572 -0.0827198 -0.919257 0.384869
-18.2774 30.9994 -18.9368 -0.083372 -0.931081 0.354556
-18.0983 31.3543 -17.9124 -0.0755361 -0.940856 0.330173
-18.0335 31.6584 -16.954 -0.046827 -0.960097 0.274193
-18.074 31.9711 -15.7328 -0.0378765 -0.967409 0.250233
-18.2227 32.2308 -14.647 -0.0389806 -0.973071 0.227184
-18.4591 32.4093 -13.7595 -0.0366407 -0.983742 0.175811
-18.8714 32.5646 -12.7959 -0.0034052 -0.991474 0.130261
-19.4639 32.6971 -11.8094 -0.00440939 -0.993818 0.108484
-20.0482 32.7641 -11.0466 -0.0026578 -0.996335 0.0854907
-20.9049 32.8349 -10.0717 0.00608522 -0.998956 0.0452712
-21.7382 32.8468 -9.23586 0.0266089 -0.999524 0.015638
-22.5282 32.8296 -8.6235 0.0221261 -0.999676 0.00210302
-23.3712 32.8233 -8.0276 0.0203038 -0.999516 -0.013137
-24.5417 32.7672 -7.3393 0.0385422 -0.998413 -0.039069
-25.4043 32.7142 -7.08496 0.0417735 -0.997893 -0.0493607
-26.6299 32.6762 -7.27263 0.0384682 -0.99763 -0.0569154
-27.622 32.6852 -8.06609 0.0355274 -0.99789 -0.054353
-28.1218 32.7171 -8.96355 0.0219637 -0.999118 -0.033285
-28.3846 32.7319 -9.83125 0.0157142 -0.99964 -0.0217244
-28.4264 32.7361 -10.8551 0.0123988 -0.999856 0.0116203
-28.398 32.7183 -11.8435 0.0138388 -0.999308 0.0345287
-28.3826 32.7063 -12.1964 0.0138388 -0.999308 0.0345287
-29.3136 32.6935 -12.2607 0.0103157 -0.999394 0.033249
-29.2642 32.6345 -13.3047 0.014231 -0.997134 0.0743025
-29.2239 32.5437 -14.3411 -0.0108484 -0.994794 0.0999191
-29.2068 32.4271 -15.4189 -0.0109917 -0.987152 0.158942
-29.2106 32.2419 -16.499 -0.0140233 -0.98395 0.177641
-29.2153 31.9786 -17.7769 -0.0297372 -0.976177 0.214927
-29.119 31.7089 -18.8037 -0.0279779 -0.964327 0.263031
-28.6502 31.2627 -20.1143 -0.0511659 -0.944849 0.323068
-28.2248 30.9521 -20.9175 -0.0482544 -0.940108 0.337445
-27.6254 30.5495 -21.8038 -0.0753987 -0.9105 0.406578
-26.9929 30.1926 -22.467 -0.0820286 -0.897514 0.433287
-26.3013 29.8607 -23.0257 -0.0989521 -0.879146 0.464403
-25.3023 29.3312 -23.7174 -0.110917 -0.861879 0.494836
-24.2279 28.8412 -24.3163 -0.101863 -0.853392 0.511219
-23.2527 28.5363 -24.6442 -0.104947 -0.821719 0.557985
-22.2163 28.2685 -24.7997 -0.109357 -0.795736 0.595689
-21.2125 28.1571 -24.7284 -0.149865 -0.802405 0.577656
-20.1465 28.3364 -24.2373 -0.12574 -0.795141 0.593245
-19.3892 28.6981 -23.5794 -0.134859 -0.817803 0.558459
-18.7837 29.1042 -22.7942 -0.128928 -0.837916 0.530354
-18.2927 29.5698 -21.9207 -0.121355 -0.872205 0.473847
-17.8951 30.0737 -20.8834 -0.100463 -0.885501 0.453612
-17.5957 30.5237 -19.9347 -0.0892468 -0.903277 0.418006
-17.2846 30.9374 -18.8418 -0.0932245 -0.923858 0.371208
-17.1264 31.3877 -17.5809 -0.0676309 -0.942684 0.326584
-17.0896 31.7491 -16.4592 -0.0421281 -0.964052 0.261966
-17.1469 32.0063 -15.4553 -0.0296721 -0.974619 0.221893
-17.2731 32.2508 -14.3982 -0.0284137 -0.974493 0.222608
-17.5633 32.4556 -13.3663 -0.0173257 -0.981669 0.189803
-17.981 32.6151 -12.4114 -0.00685947 -0.990584 0.136477
-18.4828 32.7233 -11.5669 0.00458 -0.994933 0.100434
-19.2325 32.8143 -10.5421 0.0151193 -0.99544 0.0941885
-20.1082 32.8619 -9.52334 0.0254132 -0.998557 0.04731
-20.8195 32.8758 -8.77843 0.0233909 -0.999579 0.0170332
-21.8534 32.8538 -7.9404 0.0394375 -0.999209 0.00513131
-22.7724 32.8199 -7.29092 0.0304932 -0.999067 -0.0305799
-23.7915 32.7677 -6.61251 0.0415948 -0.998136 -0.0418997
-25.012 32.6827 -6.13584 0.0457875 -0.997423 -0.0552331
-26.1898 32.6284 -6.09748 0.0424198 -0.997522 -0.056125
-27.3437 32.6007 -6.4877 0.0509923 -0.995905 -0.0746502
-28.2115 32.6188 -7.21551 0.0299142 -0.996949 -0.0716742
-28.7769 32.6555 -8.06313 0.0332411 -0.997419 -0.0636063
-29.2473 32.6899 -9.11463 0.0310129 -0.998277 -0.0495385
-29.4102 32.7279 -10.4285 0.0228758 -0.999563 -0.0178097
-29.3744 32.7188 -11.4435 0.0110359 -0.999665 0.0208314
-29.3223 32.6991 -12.0901 0.0103186 -0.999394 0.0332501
-30.2647 32.6866 -12.1898 0.00155614 -0.999665 0.02584
-30.191 32.6573 -13.1482 0.00112011 -0.999374 0.0353485
-30.1391 32.5775 -14.2369 -0.0242453 -0.995412 0.0925597
-30.1245 32.447 -15.3141 -0.00439793 -0.98885 0.148851
-30.1711 32.182 -16.869 -0.0104609 -0.982447 0.186249
-30.1508 31.8671 -18.3344 -0.0466923 -0.969769 0.239516
-29.9077 31.5102 -19.5556 -0.0477508 -0.950869 0.30589
-29.4588 31.1248 -20.6193 -0.0512166 -0.93954 0.338588
-28.9906 30.7998 -21.4515 -0.0545184 -0.926296 0.371008
-28.525 30.4582 -22.151 -0.0582952 -0.911591 0.406944
-27.9689 30.1208 -22.8082 -0.080056 -0.900416 0.427467
-27.2295 29.7408 -23.451 -0.100132 -0.881148 0.460469
-26.1178 29.1327 -24.2467 -0.122179 -0.850833 0.510684
-24.9627 28.5494 -24.9498 -0.109289 -0.851864 0.512177
-23.9943 28.1606 -25.2951 -0.123765 -0.793397 0.595989
-22.7873 27.7945 -25.5395 -0.122647 -0.788382 0.602755
-21.678 27.5765 -25.6055 -0.117108 -0.7841 0.609486
-20.6585 27.5657 -25.3813 -0.158309 -0.770343 0.617329
-19.5587 27.7852 -24.8464 -0.13617 -0.781441 0.608939
-18.7174 28.198 -24.0983 -0.118648 -0.804226 0.581836
-18.1682 28.6002 -23.4323 -0.125744 -0.817135 0.562554
-17.5585 29.1538 -22.4843 -0.112708 -0.81767 0.564343
-17.2112 29.5685 -21.6734 -0.102679 -0.870617 0.481128
-16.874 30.0267 -20.7391 -0.098111 -0.883332 0.458306
-16.4894 30.5587 -19.588 -0.106526 -0.906558 0.408418
-16.2678 30.9192 -18.6631 -0.0752546 -0.925867 0.370276
-16.1864 31.2541 -17.7852 -0.0675058 -0.939164 0.33677
-16.1119 31.5953 -16.8128 -0.0557107 -0.95168 0.300294
-16.1697 31.9254 -15.6663 -0.0391191 -0.966081 0.254139
-16.274 32.1537 -14.7004 -0.0271556 -0.974365 0.223326
-16.4489 32.3719 -13.6754 -0.0276797 -0.980273 0.195701
-16.8987 32.6003 -12.4036 -0.00927402 -0.989432 0.14453
-17.3548 32.7276 -11.5721 -0.000141289 -0.992019 0.123309
-17.8885 32.8073 -10.7492 0.00195884 -0.995169 0.0981585
-18.4292 32.8617 -9.98779 0.0113345 -0.997559 0.0688056
-19.0226 32.8976 -9.28496 0.0201891 -0.998609 0.0487014
-19.6764 32.918 -8.57201 0.0308275 -0.998859 0.0331934
-20.5625 32.9023 -7.7098 0.0302559 -0.999344 0.0190072
-21.2822 32.8745 -7.1663 0.0389725 -0.999104 -0.0165135
-22.4712 32.8025 -6.2894 0.0510128 -0.998369 -0.0256161
-23.608 32.7239 -5.5919 0.0526692 -0.996951 -0.0573533
-24.8502 32.6282 -5.17707 0.053293 -0.995776 -0.0740492
-25.8303 32.5742 -5.08687 0.0548126 -0.994928 -0.0843491
-27.3306 32.5155 -5.3705 0.0500717 -0.995719 -0.077689
-28.1399 32.5094 -5.814 0.0505324 -0.995812 -0.0761683
-28.9035 32.5383 -6.5042 0.0416023 -0.995272 -0.0877617
-29.5376 32.587 -7.4281 0.0408227 -0.996816 -0.0684905
-29.9809 32.6268 -8.30254 0.0310186 -0.998277 -0.0495398
-30.3974 32.6932 -9.76581 0.023506 -0.998884 -0.0378893
-30.3361 32.7131 -11.1381 0.0175541 -0.999743 -0.00126755
-30.2835 32.6925 -11.9572 0.00155616 -0.999665 0.02584
-31.2301 32.6833 -12.0511 0.0164662 -0.999687 0.0188236
-31.3718 32.6839 -10.7166 0.0221005 -0.999667 -0.0133173
-31.4038 32.6597 -9.70919 0.0309029 -0.998363 -0.0481313
-31.1759 32.6091 -8.56414 0.0287464 -0.997687 -0.0610028
-30.7785 32.561 -7.69143 0.031042 -0.997104 -0.0694202
-30.3507 32.5157 -6.85403 0.0352392 -0.996253 -0.0783743
-29.8302 32.4633 -6.09448 0.0439636 -0.994105 -0.0991082
-29.2026 32.4215 -5.4073 0.0437489 -0.993957 -0.100671
-28.2754 32.3963 -4.71177 0.0477948 -0.994209 -0.0962481
-27.2221 32.4156 -4.29007 0.0608858 -0.992887 -0.102318
-26.0821 32.4671 -4.11716 0.0596928 -0.992979 -0.102129
-24.8796 32.5548 -4.18702 0.0629292 -0.994611 -0.0823977
-23.9226 32.6339 -4.41875 0.0569377 -0.996241 -0.0650724
-22.8189 32.7269 -4.90281 0.0594437 -0.996618 -0.0567348
-21.774 32.8177 -5.58754 0.0492204 -0.998206 -0.0340984
-20.8075 32.8834 -6.30821 0.0526804 -0.998565 -0.00960782
-19.8733 32.9336 -7.01425 0.0421797 -0.999091 -0.00620225
-18.8509 32.9596 -8.06946 0.0432085 -0.998962 0.0144313
-17.9945 32.9363 -9.02361 0.024192 -0.99775 0.0611284
-17.3924 32.888 -9.83348 0.0159073 -0.997397 0.0702983
-16.7819 32.8115 -10.7382 0.00376674 -0.995229 0.0974909
-16.1078 32.6811 -11.8468 0.00542404 -0.98914 0.14655
-15.7285 32.5627 -12.6824 -0.0100462 -0.980169 0.197909
-15.4129 32.3127 -13.8777 -0.00718776 -0.978464 0.206295
-15.279 32.0483 -14.9998 -0.0249974 -0.970632 0.238743
-15.1777 31.8014 -15.9542 -0.046517 -0.958035 0.282706
-15.169 31.5179 -16.8702 -0.0551659 -0.937377 0.343919
-15.2425 31.1746 -17.8176 -0.0613349 -0.938271 0.340345
-15.3308 30.7922 -18.8097 -0.0602603 -0.929163 0.364727
-15.6241 30.256 -20.0342 -0.0834841 -0.906187 0.413878
-16.0429 29.7083 -21.179 -0.0956266 -0.880538 0.464228
-16.3496 29.2843 -21.9737 -0.0845393 -0.860094 0.503082
-16.7785 28.7878 -22.875 -0.0982851 -0.816576 0.568809
-17.2974 28.2867 -23.693 -0.12574 -0.817136 0.562553
-17.844 27.8737 -24.4092 -0.109593 -0.81275 0.571976
-18.7373 27.3199 -25.2691 -0.0965367 -0.785606 0.611149
-19.5587 26.9874 -25.8424 -0.113707 -0.764471 0.634551
-20.8424 26.8824 -26.2572 -0.162415 -0.748619 0.642491
-22.1229 27.0303 -26.3812 -0.143526 -0.739486 0.657693
-23.3851 27.3496 -26.2327 -0.125192 -0.78234 0.61014
-24.4732 27.7161 -25.9995 -0.146933 -0.788916 0.596363
-25.3778 28.0926 -25.6996 -0.124934 -0.806341 0.578106
-26.3206 28.5684 -25.1978 -0.116367 -0.843328 0.524532
-27.1939 29.095 -24.5669 -0.122176 -0.850833 0.510685
-28.2382 29.6511 -23.8329 -0.0859659 -0.880134 0.465045
-28.9339 30.0447 -23.1217 -0.0890956 -0.896518 0.433019
-29.6085 30.5281 -22.2076 -0.099936 -0.910394 0.401492
-30.0906 30.8694 -21.4496 -0.0589884 -0.929647 0.363698
-30.4998 31.1895 -20.6367 -0.065336 -0.942433 0.327949
-30.906 31.576 -19.5364 -0.0696273 -0.955052 0.288146
-31.1033 31.8792 -18.4475 -0.0352974 -0.971858 0.232908
-31.1523 32.1292 -17.3139 -0.0279937 -0.980617 0.193922
-31.1028 32.3061 -16.3586 -0.025064 -0.98519 0.169623
-31.0412 32.499 -15.1603 -0.0215642 -0.991871 0.121706
-31.0566 32.6182 -13.9156 0.00308555 -0.99719 0.0700084
-31.1586 32.6707 -12.7407 0.0073372 -0.999118 0.0405432
-31.1641 32.6726 -12.6771 0.0090087 -0.999676 0.0223291
-32.1354 32.6729 -12.6877 -0.00125871 -0.999982 0.00581833
-31.9723 32.6386 -13.6053 -0.0154916 -0.998597 0.0506462
-31.9443 32.5304 -15.02 -0.0326364 -0.994673 0.0977743
-32.0132 32.4188 -15.915 -0.0522777 -0.983993 0.170364
-32.096 32.2107 -17.1041 -0.0503669 -0.980461 0.189959
-32.0965 31.9454 -18.3535 -0.045729 -0.973674 0.223304
-31.9619 31.6941 -19.3312 -0.0476654 -0.95823 0.281998
-31.6416 31.3862 -20.3317 -0.0691858 -0.951658 0.29792
-31.148 30.9535 -21.4691 -0.0938271 -0.937322 0.335349
-30.6757 30.6026 -22.28 -0.0944752 -0.925551 0.365857
-30.066 30.1551 -23.165 -0.109776 -0.909408 0.401156
-29.4111 29.7115 -23.9412 -0.105289 -0.891164 0.441294
-28.7485 29.2912 -24.5794 -0.119344 -0.863481 0.490003
-28.0305 28.9048 -25.0951 -0.130566 -0.851756 0.506687
-27.1579 28.3755 -25.7191 -0.133124 -0.84366 0.520111
-26.4079 27.9517 -26.1537 -0.148008 -0.81906 0.554287
-25.2479 27.3607 -26.6409 -0.166833 -0.777291 0.606352
-24.1436 26.9531 -26.909 -0.130357 -0.785519 0.604952
-23.0668 26.6268 -27.0537 -0.149556 -0.748334 0.646242
-21.7916 26.3324 -27.098 -0.151138 -0.746655 0.64781
-20.8671 26.2081 -27.0209 -0.15339 -0.738363 0.656727
-19.6248 26.2332 -26.7087 -0.142601 -0.735993 0.661771
-18.297 26.6936 -25.9562 -0.11252 -0.74542 0.656758
-17.5311 27.1043 -25.3418 -0.108533 -0.768501 0.629953
-16.9926 27.5046 -24.6905 -0.152991 -0.795863 0.585829
-16.4424 28.0202 -23.9344 -0.078712 -0.808764 0.582323
-15.6747 28.7822 -22.7162 -0.0802722 -0.839667 0.535814
-15.2336 29.3343 -21.6997 -0.0651929 -0.857159 0.51042
-14.75 29.9109 -20.6054 -0.0477691 -0.879296 0.473875
-14.5203 30.3349 -19.6976 -0.0645922 -0.904275 0.422035
-14.3406 30.8117 -18.6169 -0.0451141 -0.926346 0.373959
-14.1312 31.1889 -17.6551 -0.0398117 -0.934274 0.353701
-14.212 31.5992 -16.4904 -0.0342422 -0.949894 0.310184
-14.2856 32.0201 -15.0653 -0.0214016 -0.966122 0.256774
-14.3494 32.2592 -14.0751 -0.0110778 -0.977852 0.209007
-14.5696 32.4691 -13.1268 0.00899343 -0.979292 0.202254
-14.9446 32.6743 -12.0559 0.0115265 -0.986173 0.164207
-15.6426 32.841 -10.7545 0.0331217 -0.991639 0.124656
-16.1609 32.9177 -9.98078 0.0376901 -0.993777 0.102883
-16.9072 32.9777 -8.86983 0.0438523 -0.995869 0.0795156
-17.5618 33.0012 -8.06778 0.0380163 -0.997639 0.0571973
-18.2109 33.0049 -7.36407 0.0547432 -0.998091 0.0285721
-18.8261 32.989 -6.70595 0.0613448 -0.997899 0.0157697
-19.6915 32.9396 -5.91446 0.0524285 -0.99862 0.00319917
-20.5083 32.8772 -5.25001 0.0521337 -0.99832 -0.0253031
-21.2342 32.8212 -4.75038 0.0616534 -0.997233 -0.0402325
-22.1505 32.7314 -4.18773 0.0689263 -0.996327 -0.0508085
-23.0047 32.6412 -3.72389 0.060494 -0.995733 -0.069683
-24.1787 32.533 -3.31467 0.071057 -0.994688 -0.0744722
-25.1439 32.4476 -3.15972 0.0831878 -0.99238 -0.0900848
-26.1465 32.3678 -3.13017 0.0760525 -0.992094 -0.0998232
-27.0485 32.3082 -3.24834 0.0672662 -0.990435 -0.120473
-28.4655 32.2806 -3.73786 0.0553926 -0.991703 -0.115967
-29.2502 32.2895 -4.20877 0.0527969 -0.9921 -0.113727
-30.2308 32.3369 -5.06003 0.0500343 -0.992647 -0.110216
-30.9122 32.403 -5.90626 0.0353257 -0.994011 -0.103413
-31.4333 32.4751 -6.82756 0.0202257 -0.996301 -0.0835157
-32.039 32.5596 -8.10151 0.0148047 -0.997731 -0.0656739
-32.4035 32.6311 -9.5252 0.013976 -0.998892 -0.0449324
-32.3587 32.6675 -10.8731 0.0136832 -0.999833 -0.0121232
-32.2061 32.6775 -11.9185 0.00336927 -0.999974 0.00403501
-32.1722 32.6753 -12.2951 -0.00125871 -0.999982 0.00581833
