33.0447 30.0032 -18.5251 0.430048 -0.752659 0.498508
32.2523 29.3928 -18.7373 0.441551 -0.750513 0.491676
31.2341 28.6726 -18.9091 0.443172 -0.732069 0.517372
30.2095 28.0204 -18.9535 0.443999 -0.731978 0.516791
29.195 27.5149 -18.8012 0.440233 -0.732604 0.519122
27.9253 27.08 -18.3309 0.443238 -0.733261 0.515624
27.201 27.0203 -17.7931 0.443952 -0.734009 0.51394
26.6094 27.1571 -17.0979 0.436006 -0.736892 0.516613
26.1248 27.463 -16.2403 0.441562 -0.747198 0.496707
25.7727 27.8329 -15.3711 0.441284 -0.747262 0.496857
25.4552 28.257 -14.4472 0.439008 -0.748801 0.496547
25.1995 28.6127 -13.6428 0.433417 -0.771783 0.465296
24.9529 29.0956 -12.6108 0.433739 -0.772302 0.464134
24.8146 29.6702 -11.5178 0.418513 -0.788564 0.450505
24.8239 30.3443 -10.3092 0.410456 -0.804029 0.43019
24.964 30.8655 -9.46848 0.405818 -0.809697 0.423803
25.5071 31.6629 -8.43357 0.393765 -0.822658 0.409891
26.2182 32.3793 -7.64516 0.381996 -0.839029 0.386871
26.8703 32.9268 -7.04508 0.368689 -0.850066 0.376103
27.6569 33.4922 -6.49909 0.372696 -0.860553 0.347198
28.3907 33.9412 -6.16283 0.358581 -0.868337 0.342654
29.1784 34.3868 -5.85787 0.358476 -0.870334 0.337616
30.1247 34.8938 -5.49622 0.347721 -0.88046 0.322305
30.9427 35.3304 -5.16164 0.338891 -0.886681 0.314509
31.9561 35.7834 -4.89965 0.324301 -0.898554 0.295683
33.0454 36.3155 -4.46024 0.315104 -0.906143 0.282047
34.122 36.8055 -4.07721 0.316322 -0.911945 0.260948
35.2314 37.2045 -3.94803 0.298945 -0.923097 0.241915
36.4321 37.577 -4.02147 0.302156 -0.923257 0.237272
37.2165 37.6411 -4.78512 0.306468 -0.923638 0.230153
37.599 37.4162 -6.17319 0.313959 -0.919411 0.236838
37.6634 37.1676 -7.20392 0.319495 -0.915845 0.243145
37.6118 36.8486 -8.23512 0.340971 -0.901757 0.265656
37.4075 36.447 -9.28831 0.346012 -0.89415 0.284204
37.219 36.0698 -10.2387 0.356555 -0.883131 0.304272
37.0261 35.6137 -11.2708 0.369235 -0.87087 0.324423
36.8146 35.0681 -12.4594 0.370436 -0.863739 0.34166
36.7082 34.6779 -13.2797 0.391888 -0.848135 0.356497
36.5075 34.1725 -14.2262 0.407335 -0.832897 0.374648
36.2096 33.5752 -15.1889 0.408174 -0.821726 0.397695
35.9093 33.0675 -15.916 0.419488 -0.799529 0.429841
35.4549 32.4043 -16.6979 0.418099 -0.798081 0.43389
34.7175 31.5406 -17.5297 0.430936 -0.779926 0.453782
33.8109 30.673 -18.142 0.428652 -0.772773 0.46798
33.1161 30.0649 -18.4921 0.429214 -0.762252 0.484326
33.6209 29.8205 -19.298 0.430048 -0.752659 0.498508
32.6614 29.0666 -19.5745 0.44009 -0.734199 0.516969
31.8837 28.4946 -19.7176 0.443256 -0.731932 0.517494
31.0895 27.9451 -19.8069 0.443721 -0.72426 0.527787
30.2887 27.4758 -19.7842 0.439023 -0.727235 0.527625
29.1365 26.9007 -19.5987 0.450927 -0.712302 0.537858
28.2603 26.5586 -19.32 0.44645 -0.714123 0.539176
27.293 26.3111 -18.8359 0.447354 -0.720292 0.530107
26.5754 26.3368 -18.204 0.442962 -0.723256 0.529794
25.9721 26.4906 -17.4863 0.444264 -0.725836 0.525143
25.3652 26.8479 -16.4734 0.442625 -0.728502 0.522846
25.0258 27.2279 -15.6115 0.440919 -0.743382 0.502921
24.7157 27.6397 -14.7284 0.436744 -0.748965 0.498303
24.4027 28.0533 -13.8045 0.436365 -0.76497 0.473663
24.1229 28.5458 -12.761 0.430077 -0.766205 0.477455
23.9559 28.9921 -11.8871 0.42237 -0.779782 0.461992
23.907 29.6779 -10.6593 0.420561 -0.787919 0.44972
24.0049 30.4005 -9.42377 0.409344 -0.804418 0.430523
24.2367 30.9412 -8.62628 0.397691 -0.816086 0.41934
24.7047 31.5563 -7.87306 0.399136 -0.816775 0.416604
25.3997 32.2519 -7.09577 0.393998 -0.83282 0.388814
26.1498 32.9273 -6.34172 0.379734 -0.845096 0.376301
26.8646 33.4483 -5.83467 0.354995 -0.860099 0.366228
27.7952 34.0233 -5.34832 0.338376 -0.872654 0.351961
28.644 34.4911 -5.0085 0.358377 -0.872328 0.332581
29.5778 34.9845 -4.66991 0.337623 -0.885386 0.319384
30.3841 35.3893 -4.3819 0.336788 -0.889031 0.310156
31.2539 35.8009 -4.10118 0.311446 -0.904084 0.292632
32.2207 36.2492 -3.74604 0.311778 -0.903943 0.292714
33.258 36.7313 -3.30392 0.302982 -0.920898 0.245255
34.3816 37.1682 -3.03676 0.297895 -0.922944 0.243789
35.3302 37.49 -2.97968 0.294895 -0.926836 0.232157
36.7935 37.9277 -3.04912 0.285592 -0.932351 0.221717
37.802 38.0683 -3.80721 0.279686 -0.935339 0.216489
38.3353 37.9209 -5.15917 0.307622 -0.926299 0.217036
38.5261 37.7319 -6.1674 0.313571 -0.921585 0.228762
38.593 37.4889 -7.21483 0.322046 -0.916618 0.23685
38.5718 37.2334 -8.1312 0.323736 -0.910861 0.255981
38.4026 36.8694 -9.1536 0.339854 -0.898629 0.277426
38.1122 36.3743 -10.3584 0.343451 -0.892098 0.293602
37.8888 35.8753 -11.5563 0.381663 -0.867835 0.318114
37.709 35.4081 -12.5908 0.388001 -0.859744 0.332108
37.5903 34.9907 -13.5159 0.393187 -0.850358 0.349579
37.423 34.4854 -14.5069 0.391105 -0.835778 0.385343
37.1232 33.894 -15.4679 0.405053 -0.825568 0.392838
36.7202 33.2082 -16.4237 0.397677 -0.815065 0.421333
36.2175 32.4853 -17.2789 0.411816 -0.800875 0.434746
35.78 31.9014 -17.9033 0.428455 -0.785194 0.447098
35.2264 31.32 -18.3892 0.433363 -0.767456 0.472161
34.5364 30.6382 -18.8464 0.432258 -0.757337 0.489453
34.0037 30.1537 -19.1174 0.430159 -0.755532 0.494068
34.6041 29.9976 -19.8871 0.435044 -0.753693 0.492628
35.2564 30.5992 -19.5437 0.442575 -0.753669 0.485851
35.9226 31.2718 -19.0931 0.433737 -0.762163 0.480555
36.4822 31.8725 -18.6246 0.414936 -0.786524 0.457213
37.1214 32.7221 -17.7014 0.412427 -0.801248 0.433481
37.561 33.3844 -16.895 0.419299 -0.806067 0.417663
37.8958 33.9451 -16.1473 0.419718 -0.806317 0.416762
38.2212 34.5198 -15.2407 0.394202 -0.83371 0.386687
38.4408 35.1117 -14.1662 0.383682 -0.848298 0.364405
38.5197 35.4922 -13.3131 0.379091 -0.858569 0.345164
38.7143 36.0241 -12.1408 0.381381 -0.866279 0.322625
38.8878 36.3813 -11.2759 0.351627 -0.888689 0.294261
39.0448 36.721 -10.4232 0.346297 -0.894439 0.282944
39.2801 37.1071 -9.46585 0.345872 -0.898708 0.269622
39.4789 37.4826 -8.41661 0.325149 -0.912554 0.248037
39.5214 37.8082 -7.23352 0.323115 -0.917455 0.232105
39.4601 38.0165 -6.3182 0.314107 -0.922333 0.225002
39.3418 38.1938 -5.42321 0.307197 -0.928307 0.208828
39.0656 38.3192 -4.42425 0.296454 -0.933542 0.201531
38.4948 38.4519 -2.95495 0.266088 -0.946043 0.184931
37.9001 38.4182 -2.27413 0.263972 -0.946046 0.187926
36.6067 38.0976 -2.04169 0.272045 -0.943452 0.189448
35.3287 37.7198 -2.02266 0.289859 -0.930232 0.225057
34.2871 37.3806 -2.07389 0.294467 -0.928507 0.226193
33.0262 36.9247 -2.32183 0.290709 -0.922927 0.252359
32.1204 36.5243 -2.71726 0.305306 -0.916003 0.260244
31.2958 36.15 -3.06545 0.313443 -0.906954 0.281253
30.4224 35.7506 -3.36142 0.315169 -0.903755 0.289646
29.6422 35.3645 -3.65244 0.325204 -0.89326 0.310222
28.6493 34.8645 -4.0173 0.323054 -0.891351 0.317883
27.3696 34.2074 -4.48269 0.338374 -0.872654 0.351964
26.5146 33.6924 -4.91066 0.344315 -0.86857 0.356417
25.7947 33.189 -5.39789 0.357811 -0.858626 0.367023
24.8352 32.359 -6.29664 0.369716 -0.842856 0.391011
24.3093 31.862 -6.83857 0.386431 -0.83562 0.390396
23.7024 31.219 -7.56916 0.397592 -0.818489 0.414712
23.3151 30.6581 -8.28983 0.407419 -0.804996 0.431267
23.0774 29.9868 -9.31701 0.413557 -0.79823 0.437812
23.0216 29.5133 -10.1075 0.419545 -0.791279 0.444813
23.0244 28.989 -11.0368 0.425367 -0.778096 0.462049
23.0963 28.5361 -11.8504 0.433078 -0.770748 0.467323
23.2941 28.0144 -12.8676 0.431809 -0.764241 0.479026
23.636 27.4581 -14.0457 0.443533 -0.754048 0.484448
23.9631 27.0417 -14.9673 0.438919 -0.748524 0.497046
24.2705 26.6069 -15.8699 0.446506 -0.73379 0.51204
24.5878 26.2426 -16.6568 0.44493 -0.72691 0.523105
25.254 25.8583 -17.7418 0.444439 -0.719846 0.533194
26.206 25.5959 -18.8927 0.447329 -0.715553 0.536546
27.3346 25.6636 -19.7262 0.446067 -0.706839 0.548965
28.468 26.0167 -20.2072 0.449389 -0.703555 0.550492
29.4709 26.4521 -20.4575 0.443707 -0.708945 0.548198
30.4604 26.963 -20.6072 0.449782 -0.706305 0.546653
31.6851 27.7202 -20.6198 0.447215 -0.724152 0.524978
32.4565 28.2749 -20.5101 0.444887 -0.726007 0.524394
33.5467 29.1081 -20.2657 0.439229 -0.736785 0.514028
34.319 29.7468 -20.0189 0.442414 -0.742326 0.502923
34.7765 29.4566 -20.8332 0.449782 -0.730959 0.51322
34.0114 28.8205 -21.0751 0.442928 -0.730203 0.52012
33.2599 28.2321 -21.2464 0.444753 -0.724647 0.52638
32.3856 27.5733 -21.3976 0.451594 -0.712079 0.537593
31.2384 26.8003 -21.4621 0.450107 -0.707743 0.544521
30.4056 26.3153 -21.4025 0.451229 -0.707371 0.544076
29.3622 25.7833 -21.2238 0.446308 -0.702592 0.554233
28.3167 25.356 -20.9228 0.447025 -0.702357 0.553953
27.4559 25.0825 -20.5749 0.449388 -0.703556 0.550492
26.2839 24.8642 -19.9124 0.442667 -0.706325 0.552405
25.5919 24.8957 -19.3116 0.44902 -0.713591 0.537744
25.0087 25.0571 -18.6105 0.444278 -0.715369 0.539293
24.319 25.319 -17.6954 0.442176 -0.719587 0.53542
23.8252 25.6356 -16.8522 0.444619 -0.727328 0.522789
23.5059 26.0098 -16.0594 0.439999 -0.736585 0.513649
23.2323 26.3919 -15.2789 0.441886 -0.734768 0.514639
22.9469 26.7553 -14.4898 0.438685 -0.745594 0.501586
22.6436 27.1433 -13.6451 0.435932 -0.751121 0.495763
22.4328 27.5697 -12.7948 0.43203 -0.762734 0.48123
22.1848 28.2452 -11.495 0.429213 -0.769357 0.473115
22.1306 28.6945 -10.6994 0.431133 -0.78066 0.452432
22.1311 29.1508 -9.91245 0.425339 -0.78597 0.448622
22.1807 29.6588 -9.05398 0.419843 -0.79164 0.443889
22.4174 30.4109 -7.90263 0.407567 -0.805171 0.430801
22.904 31.1246 -6.99672 0.39482 -0.819694 0.414992
23.4584 31.7293 -6.31124 0.388024 -0.828015 0.404758
24.0256 32.26 -5.73861 0.372983 -0.841044 0.391828
24.6523 32.8267 -5.11253 0.365253 -0.849964 0.379482
25.5639 33.522 -4.38288 0.355432 -0.861081 0.363603
26.2824 33.9955 -3.93519 0.343841 -0.872434 0.347316
27.2601 34.5385 -3.51129 0.333507 -0.881158 0.335162
28.0923 34.947 -3.23883 0.314577 -0.893759 0.319743
28.9717 35.3725 -2.92649 0.325201 -0.89326 0.310225
29.9677 35.87 -2.5005 0.30714 -0.904917 0.294203
30.9623 36.3125 -2.14262 0.30448 -0.913436 0.269916
31.9351 36.7509 -1.70984 0.290295 -0.921667 0.257306
32.7971 37.1214 -1.3269 0.287324 -0.924104 0.251915
33.726 37.4446 -1.15791 0.272377 -0.936275 0.221811
34.7767 37.7677 -1.08756 0.274431 -0.935572 0.222243
35.7088 38.0536 -1.05426 0.274522 -0.939436 0.204861
37.0348 38.4124 -1.0796 0.257033 -0.948986 0.182644
38.0724 38.6695 -1.21599 0.260244 -0.948977 0.178088
39.104 38.8137 -1.98461 0.268799 -0.948975 0.164906
39.5183 38.7688 -2.84271 0.279163 -0.943034 0.180796
39.7902 38.6817 -3.75277 0.285317 -0.940791 0.182891
40.1225 38.5686 -4.84126 0.301677 -0.934808 0.187284
40.3605 38.3759 -6.11173 0.309175 -0.927227 0.210779
40.445 38.1404 -7.19498 0.319491 -0.919098 0.23062
40.4088 37.8004 -8.47913 0.329754 -0.912017 0.2439
40.256 37.4789 -9.44416 0.332086 -0.90511 0.265507
40.006 37.0749 -10.4939 0.357577 -0.891856 0.277004
39.798 36.6951 -11.4369 0.359078 -0.888677 0.285138
39.6486 36.3608 -12.2704 0.358794 -0.880343 0.310264
39.4444 35.9261 -13.2411 0.377672 -0.862818 0.335924
39.3261 35.4497 -14.3045 0.379092 -0.858569 0.345163
39.1173 34.7993 -15.5683 0.39577 -0.841052 0.368779
38.7695 34.1963 -16.5137 0.404075 -0.829275 0.386031
38.4525 33.6421 -17.291 0.418882 -0.805814 0.418571
38.0076 32.9419 -18.1712 0.423382 -0.791587 0.440447
37.4681 32.2235 -18.9146 0.43099 -0.77627 0.460057
37.0007 31.6452 -19.4579 0.417966 -0.77519 0.4735
36.4432 31.0504 -19.9114 0.427159 -0.766138 0.480175
35.63 30.2427 -20.4267 0.445656 -0.748649 0.490831
35.1513 29.7997 -20.673 0.442413 -0.742326 0.502925
35.4581 29.3896 -21.5355 0.453377 -0.732601 0.507686
34.3754 28.4504 -21.9003 0.456288 -0.721921 0.520173
33.3899 27.6752 -22.1123 0.456738 -0.7132 0.531721
32.2206 26.8088 -22.2597 0.455862 -0.703678 0.544945
31.4175 26.2873 -22.2739 0.453806 -0.69897 0.552628
30.4264 25.6981 -22.1946 0.453913 -0.693082 0.56
29.5804 25.2586 -22.0572 0.448057 -0.69448 0.562976
28.4393 24.7721 -21.7579 0.444865 -0.699651 0.559077
27.6294 24.5085 -21.4377 0.447815 -0.699855 0.556475
26.8223 24.311 -21.0431 0.442276 -0.702337 0.557776
25.633 24.1521 -20.3007 0.442961 -0.705032 0.553797
24.9195 24.218 -19.6393 0.442812 -0.707717 0.550501
24.2023 24.4156 -18.8029 0.443247 -0.712068 0.54451
23.4357 24.7531 -17.7294 0.438275 -0.721783 0.535671
22.7995 25.3141 -16.4387 0.439724 -0.727886 0.526131
22.4343 25.7507 -15.5167 0.438111 -0.738403 0.51266
22.1231 26.2285 -14.5573 0.43933 -0.740897 0.507997
21.7604 26.658 -13.603 0.436423 -0.750968 0.495562
21.5865 27.0661 -12.8193 0.441386 -0.752839 0.488275
21.4158 27.5541 -11.9131 0.42517 -0.766624 0.481135
21.2709 28.0244 -11.0301 0.421504 -0.769848 0.479236
21.1884 28.6172 -9.96967 0.412115 -0.785833 0.461116
21.2266 29.2523 -8.9137 0.410606 -0.787492 0.45962
21.3723 29.8489 -7.98073 0.405193 -0.798304 0.445566
21.684 30.5036 -7.05247 0.399144 -0.808693 0.432085
22.1771 31.1182 -6.3311 0.3852 -0.822807 0.417862
22.8819 31.8507 -5.52434 0.381667 -0.826754 0.413288
23.6149 32.5293 -4.78271 0.367516 -0.840694 0.3977
24.2775 33.136 -4.0582 0.352587 -0.854805 0.380778
25.1468 33.7181 -3.51065 0.34509 -0.860572 0.37449
26.2918 34.4494 -2.81717 0.340825 -0.871123 0.35353
27.59 35.0484 -2.47269 0.312213 -0.891974 0.326964
28.9437 35.6894 -1.9536 0.306222 -0.901666 0.305009
29.8163 36.1615 -1.42055 0.293152 -0.913606 0.281684
30.644 36.4867 -1.21501 0.28617 -0.917838 0.275045
31.7177 36.9551 -0.707315 0.276582 -0.929037 0.245562
32.5805 37.3317 -0.274742 0.275292 -0.931897 0.235929
33.8963 37.7216 -0.210516 0.264586 -0.937606 0.225494
34.9411 38.0356 -0.117716 0.268234 -0.9421 0.201242
35.812 38.2953 -0.0455243 0.245722 -0.94781 0.203169
36.7604 38.5338 -0.0800893 0.239675 -0.951501 0.192447
37.8875 38.8153 -0.13442 0.24982 -0.955042 0.159637
38.8677 39.0368 -0.3584 0.252416 -0.954064 0.161392
39.6959 39.1425 -1.01887 0.2469 -0.955484 0.161481
40.2247 39.1213 -1.97161 0.257035 -0.954789 0.148683
40.574 39.0154 -3.20876 0.275152 -0.945797 0.172509
40.835 38.9319 -4.14206 0.300591 -0.93639 0.181158
41.1507 38.7943 -5.38508 0.309899 -0.931433 0.190247
41.294 38.6208 -6.409 0.316359 -0.926723 0.202729
41.383 38.3444 -7.72461 0.331158 -0.915864 0.226997
41.3103 38.0754 -8.6806 0.338428 -0.910201 0.238751
41.122 37.6784 -9.91114 0.342386 -0.906705 0.246217
41.0218 37.3562 -10.8996 0.357031 -0.891078 0.280175
40.7293 36.9767 -11.7239 0.36801 -0.889411 0.270594
40.5591 36.6458 -12.5509 0.376093 -0.878612 0.294194
40.3034 36.1559 -13.6399 0.386483 -0.861978 0.32782
40.1785 35.7099 -14.6316 0.394012 -0.85705 0.331994
40.0591 35.2241 -15.6377 0.412647 -0.833513 0.367395
39.7521 34.5818 -16.7103 0.421903 -0.818778 0.388762
39.5566 34.0933 -17.551 0.414797 -0.81578 0.402398
38.9487 33.2845 -18.473 0.430806 -0.79064 0.434887
38.3643 32.4561 -19.3604 0.437237 -0.782485 0.443328
37.8523 31.8001 -19.977 0.427739 -0.772942 0.468614
37.2921 31.1646 -20.5065 0.438648 -0.765306 0.471057
36.561 30.4404 -20.9677 0.444392 -0.748136 0.492756
36.0288 29.9316 -21.2602 0.444468 -0.748095 0.492749
35.9839 29.8894 -21.2838 0.44887 -0.740374 0.500227
