-26.2094 31.4591 -21.0893 -0.0684038 -0.920858 0.382369
-25.4663 31.0801 -21.7762 -0.0952607 -0.911615 0.399853
-24.6677 30.7076 -22.4168 -0.0721249 -0.894826 0.44055
-23.759 30.404 -22.8581 -0.115882 -0.871221 0.476888
-22.8774 30.1949 -23.008 -0.119367 -0.865804 0.485937
-21.6611 30.0435 -23.0463 -0.0578612 -0.873218 0.483883
-20.4934 30.3372 -22.333 -0.0916393 -0.878879 0.468161
-19.8186 30.8758 -21.1147 -0.0951284 -0.9055 0.41292
-19.4372 31.2924 -20.0782 -0.071663 -0.918583 0.388609
-19.0162 31.7067 -19.0406 -0.0606396 -0.933128 0.351556
-18.8035 31.9859 -18.1746 -0.0458787 -0.949717 0.309638
-18.6446 32.3714 -16.9033 -0.0470613 -0.962703 0.265645
-18.7165 32.642 -15.8486 -0.0519839 -0.973224 0.223906
-18.7884 32.8546 -14.9406 -0.0430918 -0.977942 0.20314
-19.041 33.0538 -13.9192 -0.0362471 -0.983911 0.17469
-19.4435 33.1767 -13.0328 -0.014107 -0.992024 0.125255
-19.9332 33.2802 -12.2168 -0.00553281 -0.993426 0.114342
-20.477 33.358 -11.4188 -0.0120269 -0.996418 0.0837084
-21.121 33.4187 -10.5853 0.000770545 -0.998974 0.0451075
-21.7966 33.4488 -9.83493 0.0102648 -0.999429 0.0260618
-22.5668 33.4473 -9.08085 0.00801038 -0.999912 0.0105624
-23.4937 33.4295 -8.35577 0.0275479 -0.999559 -0.0110945
-24.3112 33.3992 -7.86032 0.0327983 -0.999361 -0.0142027
-25.1865 33.3577 -7.48405 0.0442506 -0.99722 -0.0598058
-26.4673 33.3033 -7.44875 0.0374186 -0.997489 -0.0600192
-27.4771 33.3197 -8.28044 0.0254993 -0.998433 -0.049809
-27.8462 33.3518 -9.35827 0.0117189 -0.999827 -0.0132944
-27.9806 33.3626 -10.4678 0.0057579 -0.999809 0.00681585
-27.958 33.3366 -11.5479 -0.00587528 -0.999736 0.0188109
-27.8864 33.2954 -12.7584 -0.0174375 -0.998731 0.0453998
-27.8015 33.229 -13.8688 -0.00920708 -0.994348 0.105353
-27.7977 33.128 -14.7662 -0.00244771 -0.993721 0.111857
-27.8053 32.9454 -15.9143 -0.0246689 -0.987112 0.157858
-27.8199 32.7263 -17.1234 -0.0528648 -0.978534 0.199191
-27.643 32.4286 -18.3456 -0.0486882 -0.966478 0.252092
-27.2956 32.1638 -19.267 -0.0484657 -0.951317 0.302397
-26.8447 31.8417 -20.1363 -0.0330015 -0.942626 0.332214
-26.2976 31.5085 -20.9737 -0.042462 -0.933369 0.356253
-27.1384 31.3089 -21.5747 -0.0490194 -0.930968 0.361675
-26.3856 30.9079 -22.3662 -0.0958324 -0.900927 0.423258
-25.4494 30.4439 -23.111 -0.111565 -0.893883 0.434197
-24.4283 30.0359 -23.6785 -0.104866 -0.872622 0.477004
-23.3679 29.7768 -23.8981 -0.135646 -0.853702 0.501825
-22.4087 29.5529 -23.9912 -0.136896 -0.839776 0.525331
-21.3714 29.4625 -23.9609 -0.0614999 -0.830937 0.552956
-20.4776 29.5824 -23.6346 -0.130773 -0.829996 0.542222
-19.6071 29.9905 -22.8075 -0.118963 -0.830311 0.544398
-19.017 30.4122 -21.8815 -0.106993 -0.889159 0.444365
-18.6531 30.8456 -20.9052 -0.0718101 -0.896988 0.436184
-18.29 31.247 -19.9848 -0.0805655 -0.904905 0.417918
-17.933 31.6128 -19.0335 -0.0887816 -0.933792 0.34658
-17.6446 32.0451 -17.7158 -0.0787971 -0.945786 0.314735
-17.6214 32.444 -16.3955 -0.0515329 -0.967441 0.247795
-17.7389 32.7288 -15.2466 -0.0417441 -0.97451 0.220424
-17.8759 32.9395 -14.3211 -0.0362469 -0.983911 0.17469
-18.2328 33.1569 -13.1149 -0.0230534 -0.988671 0.146031
-18.7402 33.2707 -12.1806 -0.014837 -0.994131 0.107162
-19.2822 33.3508 -11.3467 -0.00162599 -0.996058 0.088688
-19.86 33.4174 -10.5344 0.000226575 -0.998782 0.0491566
-20.7122 33.47 -9.47055 0.0131849 -0.999155 0.0315378
-21.6314 33.4632 -8.52104 0.0233418 -0.999684 0.00561999
-22.475 33.4432 -7.787 0.0150346 -0.999799 -0.0115329
-23.2769 33.4127 -7.24193 0.0209403 -0.999307 -0.0307634
-24.2238 33.3533 -6.70861 0.0393568 -0.998126 -0.0462844
-25.1162 33.2967 -6.371 0.0478401 -0.997186 -0.0577269
-26.4869 33.2305 -6.27826 0.0368444 -0.995788 -0.0839536
-27.7946 33.2253 -6.87017 0.0399375 -0.996737 -0.0701435
-28.4455 33.2666 -7.78224 0.0367411 -0.996487 -0.0752543
-28.8458 33.309 -8.71869 0.0239733 -0.998578 -0.047617
-29.0303 33.3382 -9.73188 0.0119399 -0.999725 -0.0193431
-29.0217 33.3566 -10.9176 0.00568655 -0.999984 -0.00048022
-28.9621 33.3407 -12.1775 -0.0146359 -0.999604 0.0240185
-28.8696 33.2867 -13.2559 0.00254396 -0.996547 0.0829865
-28.8115 33.1618 -14.4886 -0.00259149 -0.993714 0.111922
-28.8236 32.9551 -16.0523 -0.0270943 -0.98825 0.150429
-28.8315 32.6526 -17.6371 -0.0301559 -0.973133 0.22822
-28.6747 32.4286 -18.5447 -0.0397701 -0.962624 0.267297
-28.3242 32.1263 -19.5324 -0.030853 -0.958771 0.282501
-27.6972 31.6791 -20.695 -0.0643368 -0.942361 0.328327
-27.241 31.3642 -21.4471 -0.0574189 -0.932046 0.357762
-28.1994 31.2321 -21.9575 -0.0794547 -0.922997 0.376343
-27.46 30.8099 -22.7654 -0.0620898 -0.901599 0.428006
-26.5762 30.3651 -23.5232 -0.077349 -0.873817 0.47963
-25.9107 30.013 -24.0179 -0.0964882 -0.867131 0.488644
-24.9718 29.586 -24.5326 -0.103786 -0.854236 0.509068
-24.0448 29.3388 -24.7312 -0.111047 -0.828758 0.548479
-22.8206 29.0506 -24.9026 -0.131296 -0.832434 0.538045
-21.5593 28.8306 -24.9238 -0.114964 -0.792255 0.599015
-20.4612 28.8859 -24.6697 -0.110299 -0.820355 0.560817
-19.5897 29.0973 -24.1417 -0.13967 -0.808612 0.571291
-18.738 29.5659 -23.2787 -0.129129 -0.842624 0.521892
-17.9927 30.1794 -22.1045 -0.0811071 -0.854071 0.513795
-17.6203 30.6893 -21.0567 -0.0842291 -0.889374 0.448937
-17.2136 31.1166 -20.054 -0.0863925 -0.9047 0.417198
-16.7718 31.6116 -18.7402 -0.0827641 -0.936535 0.340666
-16.5707 32.083 -17.4112 -0.0464133 -0.945794 0.321434
-16.5778 32.3941 -16.3935 -0.038094 -0.967803 0.24881
-16.6537 32.6231 -15.5085 -0.0326022 -0.97295 0.228377
-16.793 32.8747 -14.4881 -0.0234623 -0.97139 0.236328
-16.9571 33.0764 -13.4787 -0.0133666 -0.98363 0.179424
-17.3557 33.2325 -12.5164 -0.00177367 -0.991043 0.131208
-17.9863 33.3459 -11.4313 0.0179126 -0.994824 0.0990808
-18.567 33.4168 -10.5665 -0.00322835 -0.996311 0.0857607
-19.2206 33.4711 -9.6132 0.013447 -0.998617 0.0508331
-20.1284 33.4931 -8.58297 0.0229646 -0.999677 0.0109221
-20.7755 33.4856 -7.91236 0.0206497 -0.999724 0.0109901
-21.8183 33.449 -6.9634 0.0271931 -0.99954 -0.0134158
-22.7223 33.4041 -6.34557 0.0393146 -0.998569 -0.033501
-23.534 33.339 -5.87778 0.0455252 -0.99691 -0.0640145
-24.6664 33.2458 -5.36279 0.0567618 -0.995964 -0.0695233
-25.8422 33.1733 -5.19962 0.0494937 -0.995923 -0.0754127
-26.7897 33.1293 -5.21028 0.0396073 -0.995597 -0.0849054
-28.0548 33.1119 -5.63309 0.0435875 -0.995448 -0.0847412
-28.8584 33.1467 -6.44545 0.037103 -0.995986 -0.081452
-29.4222 33.2008 -7.35776 0.0366882 -0.995953 -0.0820489
-29.9306 33.2681 -8.58083 0.0327431 -0.998138 -0.0514627
-30.1106 33.3128 -9.56871 0.0305483 -0.998575 -0.0428879
-30.0996 33.3462 -10.5242 0.0292847 -0.998999 -0.0337742
-30.0096 33.3485 -11.7687 0.00955854 -0.999952 0.00214117
-29.9246 33.3254 -12.685 0.00569268 -0.998209 0.0542801
-29.8305 33.2333 -13.8714 -0.0105754 -0.997532 0.0689626
-29.81 33.148 -14.8032 -0.0293025 -0.995325 0.0920316
-29.8282 33.0225 -15.7885 -0.0261534 -0.988444 0.149315
-29.8734 32.8211 -16.9478 -0.00556422 -0.97908 0.2034
-29.8513 32.5984 -17.9838 -0.0259864 -0.97335 0.227849
-29.6598 32.3662 -18.955 -0.0452588 -0.964979 0.255979
-29.2151 31.9835 -20.1148 -0.0519877 -0.946959 0.316992
-28.6203 31.5616 -21.2252 -0.0761534 -0.93475 0.346155
-28.3904 31.3734 -21.6458 -0.0857711 -0.926089 0.367426
-29.2112 31.1824 -22.2727 -0.0826703 -0.919466 0.384381
-29.7357 31.5635 -21.4081 -0.0452345 -0.936878 0.346718
-30.1462 31.8614 -20.6322 -0.0519896 -0.946959 0.316993
-30.5828 32.2534 -19.5199 -0.0468596 -0.957674 0.281377
-30.8533 32.5344 -18.4095 -0.0358345 -0.97345 0.226062
-30.8897 32.8525 -16.9721 -0.0341635 -0.981075 0.189956
-30.8198 33.0686 -15.6906 -0.0342817 -0.988315 0.14852
-30.8184 33.217 -14.3586 -0.0206758 -0.996718 0.0765706
-30.8538 33.2783 -13.3776 -0.0105728 -0.997532 0.0689568
-30.9477 33.3249 -12.3514 0.00698677 -0.999367 0.0345148
-31.0789 33.3296 -11.3819 0.0260444 -0.999632 -0.00762189
-31.178 33.3103 -10.4353 0.0261665 -0.999204 -0.029599
-31.1429 33.2576 -8.98465 0.021801 -0.998488 -0.0503887
-30.6927 33.1696 -7.52737 0.029639 -0.996002 -0.0841146
-30.1147 33.0945 -6.36715 0.0385299 -0.994757 -0.09379
-29.507 33.0246 -5.48336 0.0526814 -0.992307 -0.112032
-28.7799 32.9858 -4.80699 0.0492995 -0.99196 -0.116558
-27.5949 32.9787 -4.24078 0.0575619 -0.992257 -0.109612
-26.5657 33.0338 -4.12893 0.0643096 -0.992666 -0.102365
-25.6488 33.0868 -4.15719 0.0694027 -0.993909 -0.0856095
-24.1715 33.1987 -4.37165 0.0627237 -0.995183 -0.0749601
-23.2047 33.2958 -4.85692 0.0578744 -0.996318 -0.0632538
-22.2012 33.3822 -5.44589 0.0444898 -0.998007 -0.0444247
-21.0277 33.468 -6.24001 0.0394561 -0.998863 -0.0219266
-20.3324 33.4999 -6.88986 0.0444717 -0.998973 -0.00872775
-19.296 33.5334 -7.94936 0.0348633 -0.999107 0.0238568
-18.3333 33.518 -9.06959 0.0211759 -0.998012 0.0593548
-17.7869 33.4836 -9.86675 0.0214815 -0.997315 0.0692308
-17.2812 33.431 -10.6462 0.0211209 -0.996317 0.0829849
-16.7136 33.3509 -11.512 0.00329522 -0.993738 0.111685
-16.2002 33.2154 -12.5494 -0.0095216 -0.98914 0.146669
-15.9307 33.0695 -13.4055 -0.0247303 -0.981877 0.187829
-15.698 32.7739 -14.8125 -0.0350239 -0.975383 0.21772
-15.5698 32.5132 -15.8311 -0.0200299 -0.963845 0.265709
-15.5169 32.1154 -17.1392 -0.0555934 -0.947221 0.315723
-15.5968 31.7698 -18.1472 -0.0606523 -0.932208 0.35657
-15.8138 31.3656 -19.2067 -0.0585491 -0.919216 0.388471
-16.2311 30.8641 -20.4022 -0.0676777 -0.903309 0.423174
-16.5945 30.488 -21.2552 -0.088068 -0.889196 0.448561
-16.9344 29.9763 -22.2613 -0.100642 -0.84808 0.519492
-17.4914 29.3852 -23.288 -0.117137 -0.835161 0.537387
-18.1039 29.0078 -23.9504 -0.114664 -0.806933 0.579391
-19.014 28.5051 -24.8396 -0.12212 -0.806445 0.578547
-20.0654 28.2225 -25.467 -0.153115 -0.778841 0.608245
-20.9999 28.1625 -25.7253 -0.0917339 -0.795773 0.598556
-21.938 28.2174 -25.8074 -0.114964 -0.792255 0.599015
-22.923 28.4033 -25.7932 -0.144035 -0.789707 0.596337
-23.8179 28.6299 -25.6946 -0.141005 -0.795819 0.588802
-24.6766 28.8782 -25.5426 -0.111173 -0.809609 0.576345
-25.5715 29.167 -25.2934 -0.127813 -0.826089 0.548664
-26.5486 29.631 -24.7977 -0.086942 -0.849877 0.519761
-27.3881 30.0743 -24.1732 -0.0904147 -0.882151 0.461166
-28.0891 30.472 -23.5823 -0.10569 -0.889683 0.443821
-28.7675 30.8823 -22.8803 -0.0952246 -0.901013 0.422981
-29.012 31.0435 -22.5621 -0.0779033 -0.919685 0.384821
-30.015 30.955 -22.9686 -0.0764732 -0.914555 0.397166
-30.6714 31.4345 -21.9375 -0.0957318 -0.93678 0.336569
-31.2063 31.8724 -20.8295 -0.0768739 -0.946882 0.312153
-31.5899 32.1994 -19.8789 -0.0566163 -0.962195 0.265726
-31.8684 32.5396 -18.5955 -0.0550749 -0.97131 0.231199
-31.9054 32.8649 -17.105 -0.0411677 -0.981575 0.186311
-31.85 33.0238 -16.2098 -0.0374884 -0.98567 0.163681
-31.7985 33.1681 -15.0995 -0.0412091 -0.992019 0.11916
-31.7872 33.255 -14.1022 -0.0300276 -0.997568 0.0628926
-31.9098 33.3044 -12.8647 -0.00389653 -0.99962 0.0235436
-32.1104 33.3174 -11.7146 0.0154682 -0.999774 -0.014588
-32.1885 33.3038 -10.7786 0.0116108 -0.999528 -0.0284419
-32.289 33.2729 -9.71741 0.0130735 -0.99902 -0.0402239
-32.0668 33.2076 -8.42169 0.0172792 -0.998374 -0.0542852
-31.8392 33.1436 -7.52906 0.0136834 -0.996616 -0.0810566
-31.4094 33.0566 -6.47244 0.0183484 -0.994724 -0.100889
-30.7332 32.9588 -5.34711 0.0244924 -0.993495 -0.110543
-29.9937 32.8762 -4.43056 0.0538791 -0.989738 -0.132349
-29.2709 32.8349 -3.8139 0.054967 -0.989963 -0.130198
-27.9034 32.8302 -3.22567 0.0623941 -0.988872 -0.134627
-26.7291 32.8982 -3.08727 0.0821663 -0.989154 -0.120581
-25.5841 32.9973 -3.1009 0.0682982 -0.993384 -0.0923273
-24.2233 33.1103 -3.24991 0.0733044 -0.99378 -0.0835865
-23.1111 33.2194 -3.65889 0.0714026 -0.994372 -0.0781841
-21.9198 33.3414 -4.3187 0.0638144 -0.99613 -0.0604409
-21.1628 33.4047 -4.82043 0.0574131 -0.997221 -0.0466136
-20.2556 33.4847 -5.5697 0.0589209 -0.998041 -0.0210299
-19.5593 33.5369 -6.1951 0.0570146 -0.998364 0.00430522
-18.7466 33.5784 -7.01693 0.0471659 -0.998653 0.0171378
-18.1033 33.5843 -7.72814 0.0451271 -0.99857 0.0283606
-17.5141 33.5807 -8.46731 0.0375863 -0.996583 0.0735497
-16.8436 33.5367 -9.40621 0.0409531 -0.996442 0.0735843
-16.3055 33.4891 -10.2072 0.0275606 -0.996494 0.0789929
-15.7911 33.432 -10.9894 0.0223933 -0.990793 0.133523
-15.3252 33.3024 -11.9913 0.014912 -0.989625 0.142854
-14.88 33.0692 -13.304 -0.0125105 -0.979079 0.203094
-14.7123 32.8541 -14.3026 -0.00794462 -0.972472 0.231472
-14.5105 32.6171 -15.3484 -0.0278508 -0.976044 0.215781
-14.4744 32.365 -16.209 -0.0247372 -0.958697 0.283351
-14.4999 32.0279 -17.2539 -0.0195108 -0.945761 0.323921
-14.5627 31.6421 -18.3125 -0.0191025 -0.937682 0.346968
-14.7298 31.2855 -19.2104 -0.0389023 -0.907638 0.417047
-14.9303 30.8248 -20.2592 -0.0689821 -0.909959 0.408897
-15.3425 30.4763 -21.0633 -0.0631746 -0.895591 0.44037
-15.7633 29.9994 -21.9828 -0.0751781 -0.862284 0.500815
-16.0927 29.4217 -22.9751 -0.0831686 -0.840454 0.535463
-16.8004 28.8503 -23.9425 -0.0789066 -0.81837 0.569249
-17.4801 28.406 -24.6765 -0.0768304 -0.80878 0.582825
-18.2142 27.9257 -25.4285 -0.121516 -0.784578 0.608006
-19.0237 27.6734 -25.9336 -0.133839 -0.788142 0.600765
-20.2214 27.5065 -26.3844 -0.128388 -0.759453 0.637646
-21.3765 27.5046 -26.599 -0.108315 -0.767487 0.631847
-22.3042 27.6334 -26.6379 -0.144106 -0.77634 0.613619
-23.5724 27.8833 -26.6238 -0.14955 -0.774812 0.614241
-24.5003 28.1419 -26.5282 -0.151415 -0.773393 0.615578
-25.43 28.4078 -26.3663 -0.124462 -0.814035 0.567324
-26.5227 28.9045 -25.9229 -0.152291 -0.814113 0.560153
-27.329 29.3217 -25.4835 -0.13787 -0.855241 0.499555
-28.2731 29.8617 -24.7781 -0.111028 -0.867515 0.484861
-28.9704 30.289 -24.1594 -0.107358 -0.891554 0.439863
-29.743 30.7112 -23.4778 -0.093359 -0.905313 0.413584
-29.8177 30.7973 -23.2939 -0.0764732 -0.914555 0.397166
