-58.6559 60.3603 12.4421 0.309299 -0.940898 -0.137761
-58.5755 60.6532 10.5935 0.322704 -0.936871 -0.134558
-58.4064 60.8587 9.51099 0.31544 -0.941954 -0.114982
-58.1081 61.091 8.4265 0.302461 -0.944218 -0.128853
-57.7137 61.4496 7.26338 0.318045 -0.929229 -0.1881
-57.3104 61.7869 6.28649 0.318419 -0.928747 -0.189841
-56.493 62.4364 4.7683 0.348948 -0.910458 -0.220835
-55.9838 62.8384 3.93525 0.333647 -0.91697 -0.217846
-55.4647 63.2336 3.10427 0.375753 -0.902794 -0.208786
-54.9203 63.6592 2.26094 0.378944 -0.904959 -0.192948
-53.8954 64.3156 1.08852 0.3541 -0.918434 -0.174453
-53.1091 64.7419 0.371497 0.362659 -0.918844 -0.155578
-52.2733 65.1865 -0.301229 0.370706 -0.917598 -0.143442
-51.4799 65.5772 -0.866886 0.36541 -0.92263 -0.123408
-50.5259 66.0401 -1.55108 0.359549 -0.926391 -0.111595
-49.3742 66.5584 -2.24809 0.355842 -0.92959 -0.096092
-48.3077 67.013 -2.69905 0.354561 -0.93059 -0.0910443
-46.8637 67.598 -3.25536 0.332812 -0.938541 -0.0915269
-45.5397 68.0901 -3.71415 0.282721 -0.953858 -0.101116
-44.5645 68.4008 -3.91897 0.300044 -0.950548 -0.073016
-43.6183 68.6956 -4.08272 0.285142 -0.958213 -0.0228495
-42.5554 69.0127 -4.17727 0.280629 -0.959541 -0.0229849
-41.5353 69.3109 -4.17055 0.286945 -0.957782 -0.0135404
-40.4588 69.6289 -4.16145 0.281181 -0.959626 0.00743311
-39.3968 69.9351 -4.12573 0.272383 -0.962163 0.00709587
-38.2468 70.2651 -3.9454 0.274608 -0.961426 0.0158154
-36.9754 70.5823 -3.5566 0.19969 -0.979612 0.0219996
-35.9667 70.8121 -3.22087 0.188246 -0.980986 0.0472276
-34.8902 71.0293 -2.99919 0.195171 -0.979074 0.0564519
-33.8777 71.1955 -2.73967 0.12102 -0.984017 0.130635
-32.9144 71.3584 -2.40452 0.0971381 -0.985976 0.133542
-31.8835 71.4975 -1.99385 0.0771517 -0.9867 0.143078
-30.8799 71.6411 -1.54473 0.0558813 -0.988068 0.141924
-29.8946 71.7986 -1.14799 0.0833612 -0.978241 0.189987
-28.8619 71.9881 -0.62536 0.100317 -0.977237 0.186121
-27.8628 72.1772 -0.0128655 0.0997024 -0.987155 0.12484
-26.9869 72.3381 0.559691 0.0691463 -0.991464 0.104091
-25.765 72.496 1.88052 0.0426212 -0.996576 0.0693384
-25.2599 72.559 2.82312 0.0345435 -0.998396 0.0448472
-24.8166 72.6161 3.75422 0.0477288 -0.997933 0.00408518
-24.2338 72.6417 4.74046 0.123342 -0.991442 -0.0427699
-23.8205 72.6464 5.72312 0.117394 -0.989192 -0.0824942
-23.4408 72.5663 6.85127 0.123985 -0.985967 -0.111791
-23.0072 72.5307 7.96761 0.162261 -0.984557 -0.0657239
-22.8367 72.4836 9.21948 0.157062 -0.985978 -0.0563856
-22.9891 72.2581 10.957 0.450395 -0.861653 -0.233877
-22.9126 72.0541 11.9618 0.221947 -0.938693 -0.256055
-22.7489 71.6743 13.0245 0.150064 -0.920937 -0.35966
-22.8439 71.3798 14.108 0.239995 -0.927452 -0.275454
-23.2458 70.8585 15.338 0.325823 -0.908248 -0.262535
-23.6589 70.3761 16.2052 0.336442 -0.861783 -0.374057
-24.0415 69.8566 17.2779 0.187213 -0.94049 -0.253314
-24.2266 69.5232 18.4195 0.34247 -0.908375 -0.236628
-24.3863 69.2201 19.4033 0.329451 -0.838721 -0.399169
-24.5941 68.2993 20.7159 0.187127 -0.830996 -0.523558
-24.953 67.7241 21.504 0.166699 -0.850277 -0.499199
-25.4436 67.1362 22.3531 0.160934 -0.852509 -0.497321
-25.9241 66.4953 23.1969 0.181685 -0.816819 -0.547537
-26.5999 65.7371 24.321 0.0711211 -0.863558 -0.499208
-27.1943 65.2005 25.1645 0.0424737 -0.869496 -0.491173
-27.9192 64.7043 25.9695 0.0137065 -0.854603 -0.519101
-28.83 64.2392 26.8675 -0.105548 -0.876088 -0.469865
-30.0132 63.9725 27.8171 -0.253665 -0.877386 -0.407245
-30.9631 63.8861 28.551 -0.124338 -0.931154 -0.342067
-31.8692 63.7556 29.3902 -0.130306 -0.952989 -0.273555
-32.8012 63.6918 30.0562 -0.133146 -0.952632 -0.273415
-33.8909 63.6698 30.7162 -0.141232 -0.954423 -0.262926
-34.8387 63.5528 31.2398 0.106326 -0.95509 -0.275888
-35.9759 63.208 31.9086 0.0879029 -0.951116 -0.294675
-37.189 62.7848 32.6566 0.226215 -0.904539 -0.336034
-38.211 62.1415 33.1338 0.31235 -0.858425 -0.404679
-39.375 61.4867 33.7787 0.286769 -0.86211 -0.416466
-40.0183 60.9349 34.3095 0.321482 -0.823043 -0.468242
-40.8138 60.3792 34.7269 0.325687 -0.842875 -0.427216
-42.3415 59.5138 35.2809 0.295784 -0.821615 -0.4873
-43.5271 58.9749 35.4233 0.329844 -0.8136 -0.478087
-44.59 58.5692 35.3514 0.337933 -0.823225 -0.456182
-45.5497 58.2777 35.1665 0.340686 -0.823421 -0.45376
-47.0087 57.9494 34.634 0.352725 -0.817106 -0.455986
-48.0237 57.8019 34.0789 0.366434 -0.816262 -0.446589
-49.5404 57.6657 33.0062 0.371756 -0.843256 -0.388222
-50.6934 57.6964 31.849 0.365224 -0.844065 -0.392639
-51.481 57.8709 30.7087 0.36059 -0.8526 -0.378193
-52.0353 58.0621 29.7592 0.359994 -0.856226 -0.370358
-52.7532 58.3529 28.3433 0.359533 -0.86303 -0.354763
-53.2236 58.82 26.6888 0.355153 -0.872032 -0.336603
-53.5824 59.0237 25.7317 0.337822 -0.886458 -0.316336
-53.9866 59.2214 24.7626 0.324466 -0.896435 -0.300536
-54.5884 59.4662 23.2423 0.333367 -0.900261 -0.279688
-54.997 59.606 22.2743 0.317227 -0.910922 -0.263795
-55.5298 59.7445 21.0943 0.331338 -0.913483 -0.236144
-56.0512 59.8156 20.0877 0.332428 -0.912368 -0.238884
-56.525 59.8633 19.1203 0.300561 -0.933887 -0.193698
-56.9883 59.9075 18.1883 0.302715 -0.933599 -0.191698
-57.4574 59.943 17.2018 0.303256 -0.936585 -0.175626
-57.8977 59.9907 16.1871 0.30593 -0.936186 -0.173059
-58.2253 60.0789 15.0659 0.305792 -0.938123 -0.162533
-58.4177 60.1851 14.0798 0.307715 -0.939528 -0.150225
-58.6219 60.2972 12.9225 0.30589 -0.94093 -0.145197
-59.5587 59.8907 13.5837 0.307718 -0.939527 -0.150225
-59.3577 59.792 14.5804 0.309542 -0.938126 -0.155253
-59.053 59.714 15.6143 0.307199 -0.936955 -0.166509
-58.6271 59.6318 16.8367 0.3086 -0.935789 -0.170488
-58.219 59.5816 17.8138 0.304062 -0.934948 -0.182663
-57.7444 59.5426 18.7681 0.30487 -0.933311 -0.189699
-57.1876 59.5089 19.8007 0.303095 -0.929728 -0.208555
-56.6386 59.4485 20.802 0.305633 -0.925569 -0.223409
-55.9997 59.2736 22.2477 0.302427 -0.917408 -0.258598
-55.3709 59.0383 23.7402 0.301726 -0.9077 -0.291619
-55.0011 58.7835 24.9395 0.325802 -0.886993 -0.327257
-54.5926 58.5645 25.9397 0.331811 -0.886726 -0.321796
-54.1665 58.394 26.8515 0.336466 -0.878316 -0.339634
-53.4762 57.8717 28.7735 0.348991 -0.860734 -0.370597
-52.83 57.5522 30.1497 0.362969 -0.849686 -0.382474
-52.2458 57.3643 31.12 0.363058 -0.848222 -0.385613
-51.4613 57.1656 32.2757 0.362827 -0.845229 -0.392349
-50.7829 56.9815 33.3026 0.36849 -0.843661 -0.39043
-49.0917 57.1842 34.3855 0.361607 -0.82859 -0.427409
-48.0146 57.2711 35.0855 0.345713 -0.828055 -0.441278
-46.8886 57.4522 35.6096 0.352604 -0.813676 -0.462171
-45.0492 57.9247 36.1083 0.331514 -0.808317 -0.486412
-44.0428 58.2414 36.2861 0.329485 -0.80309 -0.496355
-42.4742 58.8557 36.2781 0.309838 -0.811846 -0.494881
-41.414 59.4317 36.0067 0.318647 -0.819129 -0.476812
-40.3837 60.0744 35.5727 0.318185 -0.825273 -0.466564
-39.3581 60.7794 35.0362 0.321535 -0.823288 -0.467774
-38.6135 61.3536 34.538 0.308226 -0.834549 -0.456147
-37.6316 61.9067 34.0792 0.312351 -0.858424 -0.404679
-36.3408 62.7382 33.1489 0.196675 -0.871759 -0.448726
-35.1767 63.1114 32.5294 0.114941 -0.948298 -0.295836
-34.2502 63.4698 31.9652 0.0163231 -0.953545 -0.119461
-32.8476 63.3847 31.1689 -0.145972 -0.952186 -0.26839
-31.1861 63.4589 29.9981 -0.210831 -0.927007 -0.303369
-30.2423 63.518 28.9963 -0.258415 -0.903727 -0.339717
-29.1484 63.4982 28.3203 -0.438301 -0.772151 -0.396907
-28.0632 63.7963 27.3349 -0.224403 -0.815487 -0.533501
-26.9844 64.5186 26.2812 0.00330402 -0.851317 -0.524641
-26.1593 65.1907 25.273 0.0437061 -0.843399 -0.535507
-25.5898 65.6555 24.5588 0.0445041 -0.853726 -0.518817
-24.9518 66.4568 23.577 0.145864 -0.781483 -0.602081
-24.4307 67.2303 22.5196 0.166694 -0.850275 -0.499203
-23.9026 67.8879 21.5884 0.172457 -0.848043 -0.501081
-23.5747 69.2244 20.0166 0.343215 -0.683911 -0.643793
-23.3018 69.7737 18.8935 0.341764 -0.92476 -0.161315
-23.1091 70.0172 17.8205 0.301877 -0.95121 -0.0638047
-22.77 70.424 16.7616 0.463259 -0.738388 -0.476775
-22.3 71.1496 15.6477 0.438169 -0.872071 -0.213436
-22.0529 71.5304 14.7363 0.416759 -0.873393 -0.251986
-21.6627 71.8883 13.4114 0.361079 -0.922546 -0.136126
-21.9162 72.3326 12.2315 0.359854 -0.832087 -0.416582
-22.06 72.8182 10.6825 0.372482 -0.905584 -0.06297
-21.8988 72.7506 9.66434 0.282301 -0.954444 0.0872823
-21.8825 72.7197 8.56073 0.255845 -0.966355 0.0264957
-22.1094 72.712 7.46726 0.193118 -0.978917 -0.058199
-22.5382 72.7734 6.02558 0.117401 -0.989191 -0.0824961
-22.8959 72.7903 4.96541 0.110811 -0.992416 -0.0532037
-23.6098 72.7548 3.91715 0.117577 -0.991909 0.00453961
-24.4518 72.6153 2.35479 0.0783765 -0.99547 0.0465003
-24.9654 72.5047 1.31444 0.0671327 -0.995265 0.0702538
-25.5993 72.4042 0.461956 0.0654596 -0.995489 0.0686816
-26.4846 72.2757 -0.265951 0.0715988 -0.986654 0.143491
-27.7657 72.0203 -1.10659 0.092595 -0.983342 0.156412
-28.9262 71.75 -1.85936 0.11728 -0.976233 0.182247
-30.0151 71.5621 -2.313 0.0589857 -0.98384 0.165376
-31.6625 71.3709 -2.98616 0.0752038 -0.987317 0.139764
-32.8133 71.2271 -3.40992 0.0732559 -0.987935 0.136449
-33.8627 71.0602 -3.77206 0.10346 -0.988405 0.107101
-35.2086 70.9181 -4.07772 0.137793 -0.986802 0.0642979
-36.1588 70.7244 -4.33869 0.163023 -0.985992 0.0262402
-37.1161 70.5255 -4.81135 0.199687 -0.979613 0.0220024
-38.2527 70.2458 -5.01973 0.270809 -0.962533 0.0130362
-39.3067 69.9526 -5.1183 0.267003 -0.963641 0.0102574
-40.6044 69.5786 -5.14355 0.266795 -0.963509 -0.00678807
-42.1235 69.1606 -5.1485 0.279917 -0.959803 -0.0206153
-43.1973 68.8516 -5.09059 0.276958 -0.960352 -0.0315464
-44.1451 68.568 -4.90374 0.264097 -0.963514 -0.0399117
-45.3482 68.2525 -4.75115 0.248053 -0.967705 -0.0449003
-46.792 67.7555 -4.41291 0.338415 -0.934894 -0.106999
-47.7222 67.3571 -3.95897 0.355164 -0.930932 -0.0846628
-48.8829 66.8771 -3.5328 0.353179 -0.930841 -0.0938071
-49.9427 66.4269 -3.05837 0.353699 -0.930461 -0.0955799
-51.0233 65.9406 -2.39391 0.360518 -0.927014 -0.103303
-51.8203 65.5868 -1.80353 0.338831 -0.932258 -0.125261
-53.2914 64.8605 -0.755671 0.359468 -0.921869 -0.144705
-54.2383 64.3775 -0.0765231 0.346349 -0.925852 -0.151133
-54.9533 63.9939 0.634863 0.354099 -0.918433 -0.174457
-55.8905 63.325 1.99299 0.363854 -0.908314 -0.206185
-56.533 62.8588 2.91521 0.3346 -0.921194 -0.198605
-57.1688 62.4153 3.90107 0.333647 -0.91697 -0.217846
-57.6005 62.0353 4.75823 0.325882 -0.915957 -0.234006
-58.0157 61.6758 5.61556 0.322437 -0.923263 -0.207463
-58.6721 61.1748 7.01837 0.314988 -0.931386 -0.182392
-59.0683 60.8453 8.10851 0.289477 -0.946485 -0.142723
-59.3552 60.575 9.36015 0.276296 -0.95084 -0.139863
-59.5233 60.3544 10.5191 0.279529 -0.949419 -0.143001
-59.6167 60.1411 11.7191 0.29739 -0.944407 -0.139037
-59.7772 59.9162 12.9582 0.309302 -0.940897 -0.137763
-58.0555 60.47 12.9961 0.330488 -0.933113 -0.141696
-56.9897 60.8688 13.0645 0.354861 -0.924663 -0.138101
-55.9547 61.2544 13.1346 0.385494 -0.912986 -0.133606
-54.78 61.7819 13.236 0.415146 -0.898456 -0.142939
-53.6812 62.27 13.3333 0.414385 -0.893463 -0.173232
-52.4319 62.8449 13.4461 0.425722 -0.886769 -0.180002
-51.4157 63.3097 13.5386 0.423955 -0.886166 -0.187007
-50.3484 63.8047 13.646 0.428711 -0.883243 -0.189972
-49.383 64.2296 13.741 0.402838 -0.892476 -0.203
-48.3792 64.6534 13.84 0.39777 -0.895268 -0.200682
-47.4008 65.0615 13.937 0.401777 -0.891846 -0.207812
-46.3699 65.5132 14.0418 0.40039 -0.889983 -0.218214
-45.37 65.9181 14.1364 0.368196 -0.906298 -0.207499
-43.9721 66.4508 14.2604 0.361903 -0.908102 -0.210658
-43.0068 66.8094 14.3441 0.348161 -0.914386 -0.206596
-41.7445 67.261 14.4526 0.34397 -0.915532 -0.208534
-40.4887 67.6565 14.5456 0.293235 -0.916383 -0.272498
-39.491 67.9578 14.6165 0.296687 -0.915184 -0.272791
-38.3974 68.2705 14.6903 0.256277 -0.925105 -0.280183
-37.4081 68.5087 14.749 0.247893 -0.932481 -0.262731
-36.2623 68.8021 14.8227 0.230438 -0.926298 -0.29811
-34.8753 69.0845 14.8918 0.202217 -0.920728 -0.333718
-33.6581 69.3248 14.9525 0.183064 -0.940647 -0.28578
-32.1058 69.5325 14.9955 0.129061 -0.924973 -0.357447
-30.9992 69.6908 15.0314 0.146882 -0.92216 -0.357836
-29.2536 69.9201 15.0825 0.122222 -0.918518 -0.376015
-27.9856 70.0757 15.1195 0.12841 -0.917979 -0.375267
-26.9872 70.1976 15.1565 0.125979 -0.917353 -0.377615
-25.8553 70.332 15.1989 0.139453 -0.924079 -0.355853
-24.5363 70.5139 15.2443 0.139978 -0.92396 -0.355956
-23.8478 70.6347 15.274 0.278248 -0.908333 -0.312266
-24.2632 70.2594 16.1398 0.205483 -0.914124 -0.349506
-25.5188 70.0329 16.0749 0.139325 -0.912858 -0.38377
-26.7476 69.8738 16.0242 0.125154 -0.917783 -0.376842
-28.1211 69.7074 15.9709 0.125991 -0.917821 -0.376471
-29.1221 69.5826 15.9401 0.123491 -0.916803 -0.379765
-30.4758 69.4106 15.904 0.132184 -0.91544 -0.380128
-31.5055 69.2742 15.8743 0.131383 -0.916327 -0.378264
-32.7142 69.117 15.8415 0.131604 -0.922056 -0.363995
-33.8021 68.963 15.8105 0.178877 -0.913966 -0.364237
-35.3369 68.6756 15.74 0.203736 -0.920357 -0.333818
-36.3967 68.4586 15.6866 0.205254 -0.919984 -0.333917
-37.4374 68.246 15.6343 0.220252 -0.91783 -0.330268
-38.6895 67.9053 15.5504 0.271802 -0.915551 -0.296464
-39.8644 67.5809 15.4751 0.284286 -0.915502 -0.284669
-40.9244 67.2595 15.3982 0.300625 -0.909992 -0.285549
-42.0351 66.9093 15.316 0.339773 -0.900851 -0.270225
-43.4767 66.4146 15.1967 0.339232 -0.907028 -0.249444
-44.9838 65.8542 15.0659 0.360726 -0.900499 -0.242855
-46.0015 65.4402 14.9702 0.389602 -0.89161 -0.230741
-46.9937 65.0269 14.8727 0.401781 -0.891846 -0.207805
-47.9668 64.6219 14.7764 0.39332 -0.896417 -0.204293
-48.9453 64.2137 14.6792 0.402837 -0.892476 -0.203001
-49.8964 63.8001 14.5818 0.40789 -0.889648 -0.205309
-50.8653 63.3733 14.485 0.423954 -0.886166 -0.187011
-51.8081 62.9477 14.3934 0.419181 -0.889053 -0.184041
-52.826 62.483 14.297 0.420968 -0.889833 -0.176023
-53.9009 62.0009 14.1985 0.416192 -0.892854 -0.172034
-55.1412 61.4489 14.0887 0.408897 -0.896549 -0.170306
-56.1627 61.0041 14.0047 0.367646 -0.912014 -0.181842
-57.1127 60.6778 13.9455 0.329421 -0.923363 -0.197186
-57.5125 60.5401 13.9223 0.342319 -0.924491 -0.167731
-57.5454 60.3507 14.8066 0.314518 -0.935054 -0.16356
-56.4267 60.7253 14.8689 0.367647 -0.912013 -0.181847
-55.4778 61.1389 14.9453 0.402736 -0.897468 -0.179875
-54.5152 61.5512 15.0274 0.40352 -0.894585 -0.192066
-53.1579 62.1521 15.1546 0.413586 -0.888898 -0.196994
-52.1831 62.5813 15.2453 0.411759 -0.888265 -0.203569
-51.2334 63.0057 15.3387 0.416031 -0.885622 -0.206376
-50.2569 63.4231 15.4319 0.407834 -0.885386 -0.223074
-49.3075 63.8356 15.5301 0.403943 -0.886412 -0.226063
-48.2229 64.2941 15.6377 0.393311 -0.891159 -0.226148
-47.2488 64.6998 15.7333 0.390406 -0.891998 -0.227865
-46.0048 65.2099 15.8544 0.389605 -0.89161 -0.230739
-44.6858 65.7266 15.9765 0.364913 -0.898148 -0.245292
-43.3627 66.2012 16.0909 0.321804 -0.91087 -0.258375
-42.2526 66.5684 16.1789 0.330813 -0.905924 -0.264319
-41.2066 66.901 16.2586 0.308112 -0.913367 -0.266134
-39.5314 67.3751 16.3716 0.257631 -0.916943 -0.304698
-38.11 67.7639 16.464 0.269487 -0.91059 -0.313372
-37.1038 68.0053 16.5218 0.237125 -0.911377 -0.336399
-36.0394 68.2238 16.5749 0.203296 -0.923949 -0.32402
-34.7545 68.454 16.63 0.175818 -0.91831 -0.354676
-33.6807 68.642 16.6756 0.177355 -0.916153 -0.359456
-32.6454 68.7804 16.7005 0.123037 -0.918339 -0.376185
-31.4911 68.9245 16.7316 0.130581 -0.917209 -0.376398
-30.3624 69.0719 16.7639 0.125336 -0.914717 -0.384165
-29.2587 69.2127 16.7956 0.129194 -0.914252 -0.383995
-27.8442 69.3895 16.8385 0.125991 -0.917821 -0.376471
-26.6201 69.5362 16.8877 0.124468 -0.91771 -0.377249
-25.5633 69.6842 16.9386 0.181803 -0.92405 -0.336273
-24.5899 69.858 16.9975 0.195299 -0.917011 -0.347776
-24.6524 69.5345 17.8746 0.253214 -0.921053 -0.295879
-25.7545 69.3446 17.7996 0.180238 -0.929176 -0.322716
-26.7856 69.191 17.7439 0.158939 -0.907858 -0.387986
-28.2563 68.9782 17.6798 0.127266 -0.907281 -0.400806
-29.4234 68.8243 17.6435 0.132237 -0.910646 -0.391454
-30.8026 68.6527 17.6047 0.120078 -0.912139 -0.391897
-31.8036 68.5341 17.5779 0.121017 -0.919158 -0.374837
-33.2551 68.3566 17.5412 0.12194 -0.919512 -0.373668
-34.8142 68.1126 17.4844 0.168996 -0.915764 -0.364439
-36.599 67.8037 17.4153 0.185884 -0.922218 -0.339058
-37.5801 67.5712 17.362 0.23796 -0.913926 -0.328806
-38.6714 67.3098 17.301 0.253358 -0.911163 -0.324949
-39.688 67.0548 17.2407 0.2457 -0.923062 -0.295952
-40.6814 66.8089 17.1828 0.277077 -0.918775 -0.281213
-41.683 66.489 17.104 0.327802 -0.901417 -0.282832
-42.7576 66.1312 17.0166 0.31497 -0.904114 -0.288743
-43.8542 65.776 16.9326 0.318052 -0.902463 -0.290524
-44.8568 65.415 16.8432 0.360565 -0.892559 -0.270797
-45.928 65.012 16.7452 0.362771 -0.895432 -0.258067
-47.0546 64.5517 16.637 0.387499 -0.892827 -0.229576
-48.0907 64.1245 16.5361 0.396677 -0.889295 -0.227602
-49.8272 63.3871 16.3604 0.40394 -0.886413 -0.226062
-50.7531 62.9951 16.2682 0.39787 -0.891127 -0.218155
-52.3284 62.3174 16.1215 0.407472 -0.890878 -0.200756
-53.4419 61.8292 16.0153 0.410219 -0.891158 -0.193796
-54.3949 61.414 15.9272 0.406841 -0.893396 -0.190588
-55.5651 60.9102 15.823 0.388332 -0.904564 -0.17596
-56.7295 60.4659 15.7447 0.321496 -0.934284 -0.154123
-57.3087 60.2721 15.7112 0.31801 -0.934686 -0.158843
-57.165 60.1626 16.6128 0.33009 -0.924868 -0.188838
-55.6764 60.7045 16.7112 0.369893 -0.910817 -0.183279
-54.5889 61.1319 16.7961 0.39008 -0.900171 -0.193727
-53.6449 61.5405 16.886 0.405184 -0.890726 -0.205992
-52.7202 61.9303 16.9712 0.399532 -0.890791 -0.216484
-51.2356 62.5722 17.1135 0.404457 -0.887461 -0.220971
-50.2463 62.9887 17.2091 0.384285 -0.894399 -0.228857
-48.7131 63.6296 17.3595 0.400495 -0.886552 -0.231579
-47.4191 64.1578 17.4822 0.381147 -0.886615 -0.261995
-46.2038 64.6446 17.5965 0.37998 -0.887498 -0.260695
-45.0827 65.0637 17.7001 0.358213 -0.894193 -0.268519
-44.116 65.4062 17.7845 0.321122 -0.900799 -0.292303
-42.7149 65.8658 17.8941 0.321394 -0.902789 -0.285794
-41.581 66.2486 17.9883 0.32339 -0.899558 -0.293623
-40.091 66.6685 18.0917 0.242802 -0.920181 -0.307107
-38.6562 67.0128 18.1725 0.228885 -0.921169 -0.314737
-37.2636 67.3426 18.2496 0.219016 -0.916564 -0.334577
-36.2498 67.5468 18.2919 0.199113 -0.916195 -0.347766
-34.9764 67.7652 18.3391 0.140282 -0.927349 -0.346907
-33.7267 67.9411 18.3744 0.151231 -0.920381 -0.360595
-32.4994 68.1032 18.4086 0.120102 -0.918799 -0.37601
-31.2379 68.251 18.4423 0.111541 -0.920061 -0.375561
-30.1675 68.3686 18.4722 0.101902 -0.913334 -0.394254
-28.9514 68.5107 18.5028 0.12228 -0.903802 -0.410108
-27.9307 68.6375 18.532 0.171756 -0.902286 -0.395449
-26.8269 68.8218 18.5909 0.165354 -0.9051 -0.391731
-25.5876 69.0485 18.6823 0.219384 -0.905 -0.364479
-24.8307 69.2107 18.7449 0.342741 -0.909091 -0.236816
-25.051 68.8596 19.6122 0.385445 -0.84808 -0.363583
-26.5176 68.4836 19.449 0.202929 -0.878601 -0.432297
-27.6054 68.3208 19.3957 0.162857 -0.893231 -0.419065
-29.1307 68.1094 19.336 0.120786 -0.904814 -0.408316
-30.1921 67.9868 19.3051 0.092211 -0.906164 -0.412751
-31.1917 67.8945 19.2844 0.0884976 -0.90836 -0.408718
-32.6264 67.7339 19.2499 0.122882 -0.91255 -0.390067
-33.7617 67.5931 19.2276 0.127667 -0.914377 -0.384208
-34.7723 67.4542 19.2021 0.135355 -0.915105 -0.379817
-35.7954 67.3112 19.1755 0.169711 -0.915688 -0.3643
-36.8088 67.1078 19.1308 0.199343 -0.916978 -0.345562
-37.7891 66.9073 19.0875 0.215603 -0.912092 -0.348718
-39.0816 66.6171 19.0211 0.225688 -0.916623 -0.329951
-40.3562 66.3035 18.9425 0.257208 -0.911498 -0.320961
-41.5293 65.9716 18.8593 0.318933 -0.897573 -0.304374
-42.8818 65.5315 18.7531 0.308323 -0.90487 -0.293509
-44.2744 65.0792 18.6465 0.319822 -0.906192 -0.27664
-45.4361 64.6705 18.5447 0.350642 -0.894608 -0.276996
-46.4413 64.2918 18.4513 0.381147 -0.886615 -0.261995
-47.732 63.7713 18.3282 0.382316 -0.885725 -0.263297
-49.2795 63.1568 18.19 0.388336 -0.88761 -0.247676
-50.3745 62.7057 18.0838 0.388659 -0.890017 -0.238356
-51.4459 62.255 17.9799 0.400366 -0.885374 -0.236262
-52.9609 61.6181 17.8367 0.392611 -0.890676 -0.229243
-54.5684 60.9614 17.6936 0.374793 -0.909193 -0.181377
-55.9799 60.4136 17.5829 0.361074 -0.916312 -0.173201
-56.6611 60.1549 17.5314 0.345639 -0.920736 -0.181049
-56.0134 60.212 18.4641 0.353319 -0.911964 -0.208536
-54.9571 60.6008 18.5434 0.363584 -0.908111 -0.207703
-53.453 61.1911 18.6672 0.370256 -0.903442 -0.216107
-52.46 61.6018 18.758 0.393146 -0.890507 -0.228984
-51.0298 62.1973 18.9015 0.397032 -0.88787 -0.232491
-49.7368 62.7169 19.0224 0.37343 -0.889194 -0.264355
-48.565 63.1811 19.1266 0.376283 -0.888062 -0.264114
-47.2438 63.7084 19.2486 0.375725 -0.884881 -0.275348
-46.1144 64.1456 19.3546 0.362833 -0.886418 -0.287431
-45.0633 64.535 19.4542 0.353622 -0.891786 -0.282256
-43.6833 64.998 19.566 0.305237 -0.905901 -0.293553
-42.7211 65.3009 19.6337 0.311407 -0.903829 -0.293459
-41.3687 65.7333 19.7371 0.296556 -0.902293 -0.312924
-40.0062 66.0827 19.827 0.252259 -0.908858 -0.332179
-38.8501 66.3439 19.8924 0.221255 -0.912501 -0.344075
-37.76 66.5827 19.9451 0.208766 -0.912293 -0.352331
-36.7251 66.8002 19.9952 0.204058 -0.914656 -0.348947
-35.661 66.9739 20.0298 0.139876 -0.913267 -0.382593
-34.6219 67.1206 20.0594 0.137616 -0.91419 -0.381207
-33.5238 67.2618 20.08 0.119976 -0.913571 -0.388579
-32.4542 67.3949 20.0974 0.121428 -0.913062 -0.389324
-31.4299 67.5016 20.1184 0.0847914 -0.910527 -0.404661
-30.2739 67.6008 20.1374 0.0806302 -0.904955 -0.417799
-29.2499 67.7043 20.1598 0.104056 -0.886888 -0.450113
-27.6449 67.9052 20.2129 0.152588 -0.884468 -0.440947
-26.642 68.0537 20.2644 0.202929 -0.878601 -0.432296
-25.2841 68.3325 20.3906 0.194581 -0.834983 -0.514725
-25.0046 68.3901 20.4077 0.203011 -0.832392 -0.515664
-25.6835 67.7834 21.1411 0.179704 -0.84783 -0.498889
-27.4475 67.5251 21.0436 0.140788 -0.876422 -0.460504
-28.4878 67.3707 20.9933 0.128363 -0.885947 -0.44567
-30.1397 67.2179 20.9623 0.0811833 -0.899205 -0.42993
-31.264 67.1281 20.9484 0.0764513 -0.899182 -0.430844
-32.534 67.0321 20.9445 0.091894 -0.913023 -0.397422
-33.7918 66.8775 20.9254 0.118761 -0.920048 -0.373374
-34.8761 66.7544 20.9067 0.124512 -0.925559 -0.357543
-35.9096 66.6082 20.8774 0.141009 -0.927494 -0.346225
-37.0878 66.3998 20.8327 0.209883 -0.915429 -0.343424
-38.1128 66.1831 20.784 0.206641 -0.91692 -0.341404
-39.4462 65.897 20.7176 0.222463 -0.918804 -0.32605
-40.5602 65.6285 20.6489 0.252319 -0.908802 -0.332286
-41.9524 65.2489 20.5552 0.281527 -0.900213 -0.332202
-43.194 64.8702 20.4692 0.310691 -0.899624 -0.306834
-44.4494 64.4596 20.3752 0.325148 -0.889753 -0.320343
-46.0249 63.8976 20.2322 0.362833 -0.886418 -0.287431
-47.6991 63.2618 20.0778 0.366215 -0.890651 -0.269493
-48.7074 62.8648 19.9872 0.374962 -0.887894 -0.266547
-49.8931 62.3973 19.8765 0.371688 -0.890637 -0.261944
-50.9213 61.9991 19.7797 0.377282 -0.88953 -0.257669
-52.6885 61.2828 19.6064 0.389178 -0.888729 -0.242284
-53.7147 60.8735 19.517 0.376603 -0.891402 -0.252137
-54.6496 60.5011 19.437 0.355163 -0.901594 -0.246955
-55.8984 60.0519 19.3386 0.355071 -0.910174 -0.213327
-55.2093 60.0802 20.2519 0.333515 -0.911254 -0.241628
-53.5265 60.7058 20.391 0.374651 -0.891629 -0.254234
-52.5089 61.1055 20.4863 0.385539 -0.886071 -0.257367
-51.4388 61.54 20.5935 0.38507 -0.886503 -0.25658
-50.5117 61.9054 20.6857 0.367795 -0.891331 -0.265059
-49.3943 62.3324 20.79 0.369665 -0.889128 -0.269813
-48.1261 62.8308 20.9072 0.373636 -0.88772 -0.268977
-46.8103 63.3315 21.0281 0.358771 -0.893525 -0.269992
-45.2376 63.8762 21.1665 0.330644 -0.890032 -0.313875
-43.5712 64.4376 21.304 0.312313 -0.892661 -0.324988
-42.5745 64.7565 21.3738 0.294217 -0.89753 -0.328445
-41.1852 65.1536 21.4664 0.277821 -0.90273 -0.328474
-40.2125 65.3995 21.5292 0.248157 -0.911765 -0.327265
-38.4791 65.792 21.6227 0.203387 -0.918393 -0.339393
-37.48 65.997 21.6669 0.20664 -0.91692 -0.341405
-36.4482 66.1795 21.7053 0.174029 -0.91958 -0.35226
-35.401 66.3571 21.7455 0.1145 -0.917254 -0.38149
-33.6574 66.5496 21.7762 0.113364 -0.921666 -0.371053
-32.1553 66.6746 21.7714 0.0649044 -0.904768 -0.420931
-31.0943 66.7542 21.774 0.0705844 -0.903819 -0.422054
-29.6948 66.855 21.7865 0.0796639 -0.885659 -0.457452
-28.4799 66.9514 21.8043 0.0989946 -0.875977 -0.472084
-27.2493 67.1074 21.8525 0.128905 -0.867856 -0.479801
-26.4664 67.2044 21.8874 0.151099 -0.863071 -0.481952
-26.2551 66.7632 22.6875 0.129799 -0.832288 -0.538934
-27.9341 66.5798 22.6241 0.128683 -0.868193 -0.479251
-29.0972 66.484 22.601 0.06921 -0.882893 -0.464446
-30.4975 66.3871 22.5872 0.046538 -0.892803 -0.448036
-31.6208 66.3314 22.5944 0.0297082 -0.911287 -0.410699
-33.1576 66.24 22.6137 0.0532788 -0.92291 -0.381312
-34.3131 66.132 22.6045 0.104769 -0.917633 -0.38337
-35.7977 65.9572 22.5755 0.119782 -0.91557 -0.383907
-36.8066 65.7915 22.5411 0.176165 -0.918621 -0.353696
-37.9647 65.5812 22.503 0.190892 -0.918238 -0.346987
-39.0311 65.3617 22.4578 0.210548 -0.916 -0.341487
-40.0346 65.1425 22.4049 0.232424 -0.914369 -0.331526
-41.5791 64.7283 22.3005 0.275818 -0.902767 -0.330055
-43.089 64.2745 22.1958 0.308547 -0.892161 -0.329921
-44.2672 63.9062 22.1155 0.313822 -0.89842 -0.307175
-45.8057 63.3879 21.9821 0.329409 -0.892825 -0.307169
-47.5677 62.7857 21.828 0.345349 -0.89297 -0.288683
-48.5373 62.4071 21.7341 0.373689 -0.887678 -0.269043
-50.2794 61.7315 21.5717 0.365861 -0.890382 -0.27086
-51.4657 61.2724 21.4571 0.380905 -0.885091 -0.267442
-52.4645 60.8727 21.3543 0.379127 -0.888982 -0.256855
-54.0419 60.2542 21.2054 0.360952 -0.895774 -0.259427
-54.9909 59.9306 21.1307 0.331338 -0.913483 -0.236144
-54.4754 59.858 22.0314 0.317227 -0.910922 -0.263795
-53.4887 60.2131 22.1171 0.360951 -0.895774 -0.259428
-51.9505 60.8187 22.2716 0.378395 -0.886933 -0.264892
-50.4448 61.4043 22.4226 0.366087 -0.890204 -0.271139
-49.4988 61.7621 22.5063 0.368061 -0.883053 -0.291115
-47.9363 62.3673 22.662 0.369636 -0.885253 -0.282306
-46.305 62.9226 22.8035 0.330829 -0.893908 -0.302456
-45.3539 63.2443 22.8867 0.328181 -0.894227 -0.304393
-44.3275 63.5907 22.9765 0.313822 -0.898422 -0.30717
-43.3032 63.9064 23.046 0.299184 -0.902536 -0.309706
-42.2797 64.2188 23.1143 0.279649 -0.90409 -0.323137
-40.8783 64.6078 23.2094 0.275234 -0.901244 -0.334673
-39.8389 64.8624 23.2709 0.218023 -0.912761 -0.345446
-38.8509 65.0795 23.3207 0.217839 -0.913045 -0.344811
-37.4961 65.338 23.3712 0.181329 -0.922544 -0.340635
-36.4439 65.5318 23.4062 0.156148 -0.923729 -0.349776
-35.1064 65.7048 23.4328 0.125073 -0.92722 -0.353016
-34.0012 65.8159 23.4451 0.0863278 -0.928837 -0.360292
-32.9691 65.9059 23.4488 0.0404031 -0.917364 -0.395992
-31.6688 65.9551 23.4265 0.0275195 -0.91144 -0.410511
-30.6605 65.996 23.4126 0.0319009 -0.911128 -0.410886
-28.9518 66.0746 23.4076 0.0652199 -0.891891 -0.447523
-27.879 66.1485 23.4202 0.0989958 -0.87598 -0.47208
-26.9322 66.228 23.4439 0.077517 -0.845252 -0.528716
-27.3549 65.7352 24.2167 0.0711221 -0.863557 -0.499211
-28.4847 65.6984 24.2254 0.0395438 -0.884123 -0.465579
-29.5876 65.6229 24.2152 0.0333756 -0.89608 -0.442637
-31.0842 65.6047 24.2474 0.016705 -0.905424 -0.424179
-32.3237 65.5693 24.2702 -0.00685733 -0.937142 -0.348882
-33.8076 65.512 24.295 0.0948757 -0.934187 -0.343938
-34.939 65.4024 24.2863 0.105718 -0.928207 -0.356728
-36.2909 65.2212 24.2627 0.130853 -0.92425 -0.358664
-37.5816 65.0055 24.2261 0.179377 -0.92375 -0.338392
-38.679 64.8082 24.1899 0.203106 -0.921393 -0.331335
-40.1005 64.4807 24.1142 0.22335 -0.915042 -0.335876
-41.4394 64.1372 24.0317 0.26697 -0.907164 -0.325239
-43.3652 63.5844 23.9064 0.292276 -0.90086 -0.320976
-44.3877 63.276 23.8355 0.313822 -0.898422 -0.30717
-45.3582 62.9487 23.7512 0.327978 -0.894361 -0.304217
-46.397 62.5985 23.6606 0.329403 -0.894135 -0.303341
-47.407 62.2559 23.5713 0.329964 -0.894377 -0.302016
-48.8667 61.727 23.4327 0.376427 -0.879847 -0.290124
-50.3911 61.1443 23.2818 0.359663 -0.886189 -0.292081
-51.3673 60.7802 23.1904 0.365095 -0.885372 -0.287788
-52.9069 60.1815 23.0322 0.368229 -0.886227 -0.281086
-53.8813 59.8322 22.9411 0.347853 -0.9031 -0.251811
-53.327 59.7605 23.8383 0.343609 -0.894643 -0.285563
-52.3414 60.1314 23.9375 0.36376 -0.889545 -0.276385
-50.8684 60.6871 24.091 0.357484 -0.887823 -0.289784
-49.7566 61.0989 24.2009 0.358574 -0.887008 -0.290933
-48.7247 61.4849 24.3055 0.352442 -0.87958 -0.319568
-47.0259 62.0845 24.4648 0.330952 -0.890286 -0.312828
-45.9039 62.4723 24.5668 0.328023 -0.894798 -0.302881
-44.8656 62.8227 24.656 0.321939 -0.895424 -0.307524
-43.7942 63.1551 24.74 0.286363 -0.907098 -0.308494
-42.4065 63.564 24.8368 0.279647 -0.904092 -0.323133
-41.1591 63.9095 24.9173 0.275352 -0.910721 -0.307845
-39.9924 64.2014 24.9854 0.223071 -0.921779 -0.317118
-38.7938 64.475 25.0461 0.203106 -0.921395 -0.331329
-36.985 64.8146 25.1109 0.174241 -0.938738 -0.29734
-35.3371 65.0623 25.1495 0.146977 -0.943746 -0.296211
-34.1437 65.1628 25.1508 0.0828147 -0.939558 -0.332224
-32.5468 65.2506 25.1308 -0.00685734 -0.937142 -0.348882
-31.3573 65.2438 25.0889 -0.0248632 -0.929461 -0.368081
-29.9327 65.2215 25.0394 -0.0128963 -0.915137 -0.402937
-28.3511 65.2626 25.019 0.013823 -0.875435 -0.483139
-28.0692 65.2692 25.0151 0.013823 -0.875435 -0.483139
-28.6754 64.7938 25.8022 0.0137065 -0.854603 -0.519102
-30.2773 64.8935 25.8936 -0.0623761 -0.910153 -0.40955
-31.3039 64.9089 25.9308 -0.0248674 -0.929459 -0.368086
-32.3121 64.9179 25.9696 -0.0224597 -0.929462 -0.368234
-33.4046 64.9395 26.0144 0.0117809 -0.968864 -0.247312
-34.4026 64.8513 26.0171 0.0857195 -0.976457 -0.19795
-35.4662 64.7684 26.0218 0.108939 -0.944949 -0.30855
-36.6947 64.5792 25.9899 0.153358 -0.940716 -0.302548
-38.0269 64.3378 25.9438 0.197294 -0.934816 -0.295288
-39.683 63.976 25.8676 0.236075 -0.926841 -0.291949
-40.7017 63.7436 25.8172 0.249301 -0.916588 -0.312595
-41.8218 63.4303 25.7433 0.274757 -0.911206 -0.306941
-42.9836 63.0982 25.6641 0.289078 -0.907682 -0.304217
-44.0386 62.7896 25.588 0.301137 -0.901661 -0.310361
-45.4369 62.3378 25.47 0.321939 -0.895424 -0.307525
-46.4445 61.9894 25.3786 0.338894 -0.889309 -0.307051
-47.439 61.6427 25.285 0.334927 -0.889808 -0.309943
-48.6699 61.1949 25.1615 0.353128 -0.878489 -0.321803
-49.7658 60.7986 25.0511 0.351403 -0.880586 -0.317938
-50.7554 60.4362 24.9487 0.354991 -0.879908 -0.315822
-52.3098 59.8724 24.7861 0.354338 -0.882703 -0.308674
-53.5549 59.4117 24.6569 0.353706 -0.892152 -0.280992
-53.1176 59.2796 25.5398 0.358751 -0.877833 -0.317342
-51.888 59.7304 25.6761 0.35089 -0.883599 -0.310048
-50.6481 60.1708 25.8087 0.35122 -0.882206 -0.31362
-49.6881 60.518 25.9082 0.347808 -0.881248 -0.320049
-48.0234 61.1194 26.0771 0.352599 -0.878545 -0.322231
-47.0838 61.4601 26.1746 0.345947 -0.881842 -0.320431
-45.9405 61.8595 26.2846 0.332188 -0.886096 -0.323241
-44.9408 62.1897 26.3716 0.316082 -0.891604 -0.324245
-43.3557 62.6956 26.5045 0.307706 -0.893366 -0.327437
-41.6933 63.1734 26.621 0.274758 -0.911205 -0.306941
-39.9543 63.6349 26.7274 0.245238 -0.918883 -0.309051
-38.1829 64.0278 26.8086 0.19954 -0.933294 -0.298575
-36.769 64.328 26.8672 0.178083 -0.955605 -0.234747
-35.7007 64.5095 26.8981 0.151127 -0.959728 -0.236818
-34.0266 64.7034 26.9097 0.0117804 -0.968864 -0.247311
-32.9187 64.6485 26.861 -0.0504026 -0.953436 -0.297353
-31.447 64.5939 26.7866 -0.0766438 -0.943678 -0.321865
-30.2672 64.4839 26.6999 -0.0972705 -0.887817 -0.449799
-29.6332 64.4366 26.6562 -0.0984672 -0.887621 -0.449925
-31.0587 64.2435 27.6098 -0.145895 -0.929698 -0.338194
-32.394 64.3572 27.7061 -0.0766439 -0.943678 -0.321865
-33.5973 64.4112 27.7644 -0.0622551 -0.953558 -0.294707
-34.7055 64.4559 27.805 0.113406 -0.972238 -0.204674
-36.0016 64.2675 27.7805 0.179603 -0.967382 -0.17865
-37.413 63.9842 27.7304 0.206819 -0.948847 -0.238571
-39.0774 63.5858 27.6512 0.257115 -0.931357 -0.257809
-40.8514 63.1196 27.5476 0.260807 -0.915433 -0.306534
-42.607 62.6219 27.4284 0.298113 -0.901541 -0.313612
-43.5838 62.3081 27.3474 0.307707 -0.893365 -0.327438
-44.737 61.9426 27.2498 0.320318 -0.889352 -0.326265
-45.7164 61.6168 27.1618 0.324549 -0.887077 -0.328271
-46.6704 61.2962 27.072 0.345946 -0.881842 -0.320431
-47.7928 60.8898 26.9539 0.352405 -0.877768 -0.324551
-49.3135 60.342 26.796 0.34834 -0.879545 -0.324129
-50.6993 59.8442 26.6532 0.350107 -0.878344 -0.325481
-51.6899 59.4909 26.5434 0.350984 -0.877624 -0.326476
-52.5513 59.1812 26.4449 0.35253 -0.876864 -0.326853
-52.2636 58.9647 27.3182 0.35778 -0.867198 -0.346355
-50.5943 59.5686 27.5117 0.350773 -0.878308 -0.32486
-49.132 60.0937 27.665 0.347902 -0.879597 -0.324458
-48.118 60.4552 27.7707 0.347462 -0.879652 -0.324782
-47.1808 60.7947 27.8706 0.35274 -0.876933 -0.326439
-45.9816 61.2132 27.9945 0.324399 -0.88792 -0.326135
-44.8516 61.5875 28.0996 0.323702 -0.887919 -0.326828
-43.7046 61.9667 28.2029 0.318882 -0.892145 -0.319987
-42.5773 62.3294 28.2977 0.298114 -0.901541 -0.313612
-41.5819 62.6141 28.3678 0.290984 -0.908525 -0.299851
-40.0319 63.0773 28.4781 0.286717 -0.914386 -0.285816
-38.3689 63.5139 28.5725 0.260696 -0.9384 -0.226811
-36.8641 63.9039 28.6472 0.220798 -0.954607 -0.199933
-35.8293 64.1323 28.6856 0.179603 -0.967382 -0.178649
-34.5734 64.2509 28.692 0.0817354 -0.968338 -0.235885
-33.4025 64.1837 28.6416 -0.111279 -0.962606 -0.246995
-32.0351 64.0213 28.5436 -0.130303 -0.95299 -0.273553
-31.6035 63.9721 28.5095 -0.116639 -0.943557 -0.309993
-32.8079 63.8567 29.4851 -0.133146 -0.952636 -0.273416
-34.1688 64.0265 29.5707 -0.13861 -0.953365 -0.268108
-35.6183 63.9259 29.5835 0.0937198 -0.960145 -0.263321
-36.6796 63.7488 29.5622 0.180696 -0.949445 -0.256716
-38.2948 63.3485 29.4814 0.278462 -0.940686 -0.193826
-39.904 62.8398 29.3662 0.298065 -0.91667 -0.26622
-41.4634 62.3751 29.2563 0.300415 -0.910265 -0.2849
-42.5256 62.0413 29.1714 0.322762 -0.891417 -0.318122
-43.9624 61.563 29.043 0.323054 -0.887898 -0.327526
-45.1329 61.1767 28.9357 0.32301 -0.887914 -0.327525
-46.6652 60.6569 28.7802 0.347391 -0.877353 -0.331015
-47.6274 60.3159 28.6741 0.350069 -0.877148 -0.328729
-48.5814 59.9743 28.5729 0.349793 -0.871004 -0.344961
-49.7278 59.5594 28.4484 0.359912 -0.865489 -0.348413
-50.9605 59.1051 28.3065 0.359192 -0.865475 -0.34919
-52.0594 58.7053 28.1757 0.356021 -0.866842 -0.349047
-51.9032 58.4259 29.0253 0.363047 -0.859217 -0.360475
-50.543 58.9202 29.194 0.359913 -0.865489 -0.348412
-49.3306 59.3689 29.3348 0.360634 -0.865503 -0.347632
-48.272 59.7507 29.4512 0.354601 -0.870717 -0.340749
-47.1575 60.157 29.5812 0.347788 -0.876068 -0.333988
-45.8499 60.6181 29.7267 0.335221 -0.879832 -0.33693
-44.2811 61.1388 29.8785 0.324403 -0.885747 -0.331986
-43.2736 61.4765 29.9742 0.329714 -0.888852 -0.318169
-42.1762 61.8442 30.0723 0.315789 -0.893933 -0.318058
-40.7488 62.3135 30.1901 0.329062 -0.894348 -0.303083
-39.1174 62.85 30.3153 0.310117 -0.918206 -0.246426
-37.6423 63.3104 30.4194 0.329582 -0.905971 -0.265691
-36.656 63.5192 30.4651 0.155943 -0.971917 -0.176234
-35.1169 63.7319 30.4749 0.0963601 -0.960781 -0.260029
-34.4183 63.803 30.471 0.0963586 -0.960782 -0.260027
-36.0341 63.374 31.3655 0.0595115 -0.952835 -0.297597
-37.3999 63.148 31.3345 0.361275 -0.896963 -0.254827
-38.4519 62.7888 31.2508 0.318825 -0.895188 -0.311431
-39.6597 62.3877 31.1579 0.32647 -0.893725 -0.307691
-40.9157 61.9594 31.056 0.327659 -0.894944 -0.302846
-42.3034 61.4913 30.9379 0.321736 -0.894482 -0.310465
-43.7976 60.9792 30.7919 0.334832 -0.882836 -0.329375
-44.8419 60.6262 30.6867 0.331368 -0.884176 -0.329283
-46.2489 60.1485 30.5387 0.344618 -0.87602 -0.337384
-47.8966 59.5537 30.3461 0.357333 -0.855892 -0.373848
-48.9004 59.1859 30.2268 0.362995 -0.85231 -0.376567
-50.0544 58.7532 30.0907 0.363821 -0.85222 -0.375972
-51.1421 58.3469 29.9588 0.360594 -0.852609 -0.378194
-50.5094 58.2162 30.8674 0.364239 -0.851967 -0.376141
-49.3948 58.6333 31.0008 0.362992 -0.852312 -0.376565
-48.2414 59.0621 31.1394 0.362167 -0.8524 -0.37716
-46.889 59.5556 31.3056 0.357806 -0.855767 -0.373682
-45.5664 60.0502 31.4683 0.35513 -0.865809 -0.352503
-44.3983 60.4529 31.5983 0.335645 -0.878076 -0.341064
-43.0003 60.9183 31.7429 0.322206 -0.880401 -0.347963
-41.8763 61.2947 31.8468 0.341833 -0.872305 -0.349619
-40.5534 61.7657 31.9652 0.340635 -0.872248 -0.350929
-39.486 62.1372 32.0548 0.322464 -0.893668 -0.31205
-38.3683 62.5097 32.1387 0.328174 -0.894315 -0.304143
-37.5044 62.8123 32.2099 0.345711 -0.888893 -0.300587
-39.0894 61.9249 32.9702 0.334557 -0.87471 -0.350647
-40.9144 61.2825 32.814 0.339433 -0.872189 -0.352237
-41.9275 60.9255 32.7181 0.332039 -0.876403 -0.34881
-43.4366 60.4146 32.5575 0.340903 -0.859003 -0.381967
-44.6143 60.0287 32.428 0.318693 -0.86679 -0.383549
-46.2161 59.457 32.2329 0.370305 -0.85958 -0.352132
-47.424 58.9958 32.075 0.3738 -0.847046 -0.377871
-48.5974 58.5609 31.9277 0.361656 -0.849612 -0.383881
-49.8007 58.1142 31.7827 0.366714 -0.846451 -0.386058
-49.8842 58.0822 31.7723 0.368494 -0.843668 -0.390433
-48.1975 58.3362 32.8019 0.365793 -0.849389 -0.380439
-47.1825 58.7177 32.9385 0.369918 -0.849143 -0.376983
-46.1678 59.1075 33.0786 0.377673 -0.844932 -0.378752
-45.2159 59.449 33.1991 0.333634 -0.844565 -0.418806
-43.7588 59.9239 33.3713 0.336631 -0.849579 -0.406072
-42.5946 60.322 33.5091 0.338492 -0.856069 -0.390601
-41.5194 60.6693 33.6167 0.325846 -0.843289 -0.42742
-40.4504 61.0625 33.7284 0.350267 -0.827497 -0.438819
-41.5918 60.2341 34.4629 0.301107 -0.858256 -0.41561
-42.631 59.9197 34.3593 0.319881 -0.857379 -0.403208
-43.9764 59.4558 34.1866 0.347349 -0.850272 -0.395458
-45.6337 58.8908 33.9746 0.341395 -0.840368 -0.420987
-46.6934 58.5277 33.8401 0.34247 -0.832117 -0.436228
-47.776 58.1258 33.6894 0.369918 -0.849143 -0.376983
-47.7812 58.1238 33.6886 0.369919 -0.849143 -0.376983
-58.0118 60.6211 12.1053 0.316411 -0.938995 -0.134803
-57.0446 60.9771 12.1658 0.350767 -0.927524 -0.129083
-56.1018 61.3247 12.2302 0.385494 -0.912986 -0.133606
-55.0575 61.7995 12.3196 0.41741 -0.897801 -0.140435
-54.0522 62.2497 12.409 0.424385 -0.893258 -0.148283
-53.1327 62.6847 12.4887 0.428963 -0.88953 -0.15725
-52.0404 63.1945 12.585 0.430627 -0.888477 -0.158647
-50.8953 63.733 12.695 0.432955 -0.887175 -0.159598
-49.8325 64.2326 12.8009 0.425649 -0.891497 -0.155098
-48.7872 64.6772 12.9039 0.396889 -0.902053 -0.169644
-47.7787 65.1023 13.0029 0.408826 -0.896215 -0.172222
-46.6458 65.5986 13.1182 0.40784 -0.892762 -0.191423
-45.2678 66.1627 13.2494 0.371431 -0.906837 -0.199214
-44.055 66.6273 13.3572 0.356461 -0.910992 -0.207435
-43.0408 66.9978 13.4428 0.350999 -0.913836 -0.204214
-42.0898 67.3431 13.5228 0.343967 -0.915531 -0.20854
-40.7143 67.8313 13.6381 0.343314 -0.914956 -0.212113
-39.6233 68.1697 13.7182 0.285719 -0.928885 -0.235662
-38.3395 68.5264 13.803 0.257097 -0.937503 -0.234499
-37.3466 68.7748 13.8629 0.247893 -0.93248 -0.262737
-36.367 69.0269 13.9245 0.258998 -0.926904 -0.271606
-34.9592 69.3539 14.006 0.19199 -0.940996 -0.278686
-33.7389 69.5802 14.0604 0.183062 -0.940645 -0.285788
-32.16 69.8597 14.1292 0.154244 -0.934136 -0.321867
-31.075 70.0128 14.1648 0.143832 -0.925471 -0.350451
-29.4025 70.2462 14.2223 0.138222 -0.926415 -0.350216
-28.0801 70.4097 14.2636 0.130836 -0.918593 -0.372918
-27.0761 70.5375 14.301 0.12841 -0.917979 -0.375267
-25.504 70.713 14.3472 0.126542 -0.922398 -0.364924
-24.3656 70.8767 14.3789 0.145554 -0.918892 -0.366675
-23.4423 71.0704 14.4216 0.292967 -0.898295 -0.32747
-23.411 71.401 13.5426 0.240769 -0.930416 -0.276327
-24.4241 71.1974 13.503 0.186928 -0.938425 -0.290543
-26.1052 70.9423 13.4567 0.121251 -0.943495 -0.308408
-27.2317 70.8121 13.4215 0.10665 -0.944031 -0.31214
-28.5499 70.6747 13.3836 0.115729 -0.943709 -0.309872
-30.27 70.4552 13.3269 0.141027 -0.925947 -0.350332
-31.846 70.2074 13.2635 0.166725 -0.933808 -0.316552
-32.9319 70.0073 13.2117 0.190955 -0.929006 -0.316991
-34.069 69.7852 13.1552 0.20062 -0.93899 -0.279372
-35.1798 69.5681 13.1026 0.196981 -0.94208 -0.271449
-36.36 69.2891 13.0362 0.258998 -0.926904 -0.271606
-37.4143 69 12.9672 0.269396 -0.929691 -0.251199
-38.6589 68.6677 12.888 0.260858 -0.934377 -0.242677
-39.7718 68.3406 12.8099 0.303899 -0.929428 -0.209306
-41.133 67.8946 12.7043 0.343999 -0.913755 -0.216138
-42.3836 67.4474 12.6007 0.348357 -0.91213 -0.216024
-43.4227 67.0664 12.5144 0.351877 -0.910574 -0.216881
-44.3827 66.7076 12.4331 0.371557 -0.905552 -0.204748
-45.3559 66.3171 12.3427 0.377729 -0.904473 -0.198113
-46.6585 65.7855 12.2195 0.414286 -0.891538 -0.183104
-47.9202 65.2141 12.0925 0.420686 -0.890213 -0.174769
-49.0202 64.7475 11.9849 0.396889 -0.902053 -0.169644
-50.1136 64.2574 11.8723 0.418306 -0.895737 -0.15058
-51.0343 63.8294 11.782 0.432623 -0.887297 -0.159818
-52.4526 63.1624 11.6494 0.433279 -0.887555 -0.156575
-53.4655 62.6792 11.5597 0.43467 -0.891556 -0.127241
-54.4947 62.1894 11.472 0.426565 -0.896092 -0.122721
-56.2498 61.3953 11.3207 0.385495 -0.912986 -0.133605
-57.7828 60.8353 11.2169 0.347293 -0.927945 -0.135296
-58.0005 60.7589 11.2036 0.3201 -0.93709 -0.139277
-58.053 60.8761 10.2948 0.322706 -0.936886 -0.134557
-57.0661 61.2243 10.3573 0.339395 -0.932875 -0.120643
-55.6747 61.7797 10.4607 0.414417 -0.901793 -0.122587
-54.7274 62.2063 10.5397 0.426564 -0.896093 -0.122721
-53.6582 62.718 10.6295 0.435756 -0.891172 -0.126212
-52.2975 63.3914 10.761 0.454551 -0.879366 -0.141768
-50.9993 64.0053 10.8847 0.434737 -0.887364 -0.153587
-49.5418 64.6661 11.0326 0.416131 -0.894315 -0.164423
-48.4576 65.1531 11.1445 0.40764 -0.898993 -0.160131
-47.2716 65.6815 11.2637 0.41699 -0.89415 -0.163142
-46.2381 66.1446 11.3672 0.410373 -0.897093 -0.163762
-45.2597 66.5584 11.4614 0.380787 -0.901584 -0.2053
-44.0664 67.0287 11.564 0.362287 -0.909429 -0.204175
-42.8902 67.4751 11.6623 0.35709 -0.910034 -0.210535
-41.7722 67.878 11.7524 0.344831 -0.913669 -0.215177
-40.6318 68.2747 11.8441 0.298404 -0.932722 -0.202447
-39.3172 68.6778 11.9403 0.300571 -0.932666 -0.199476
-38.2629 68.9935 12.0157 0.291072 -0.935621 -0.199727
-36.6699 69.4436 12.122 0.268493 -0.943354 -0.194923
-35.625 69.7285 12.1879 0.259865 -0.943991 -0.203352
-34.1462 70.0421 12.2633 0.204243 -0.935821 -0.287269
-32.9873 70.2813 12.3252 0.209591 -0.934667 -0.287174
-31.2535 70.5864 12.4053 0.147023 -0.953865 -0.261773
-29.5103 70.849 12.4728 0.141654 -0.947458 -0.286805
-28.1134 71.0097 12.5139 0.108378 -0.944695 -0.309526
-26.889 71.1244 12.5446 0.114364 -0.962665 -0.24535
-25.5177 71.3041 12.5738 0.119891 -0.944122 -0.307018
-24.3202 71.4955 12.6071 0.186928 -0.938425 -0.290544
-24.1817 71.5215 12.6122 0.205646 -0.930236 -0.303927
-23.7081 71.9157 11.7445 0.219654 -0.955894 -0.194982
-24.7653 71.6824 11.697 0.211585 -0.956186 -0.202337
-25.8908 71.5102 11.6644 0.152918 -0.957089 -0.246165
-26.941 71.3506 11.6325 0.114364 -0.962667 -0.245343
-28.3014 71.2493 11.6123 0.0920803 -0.970689 -0.222002
-29.4827 71.1014 11.5771 0.149288 -0.960903 -0.233191
-30.5265 70.9371 11.5357 0.153571 -0.952646 -0.262454
-32.1031 70.6961 11.4737 0.160258 -0.955991 -0.245759
-33.0949 70.5128 11.4252 0.193512 -0.948741 -0.249888
-34.1421 70.2929 11.369 0.252579 -0.94224 -0.219973
-35.3778 69.9883 11.2979 0.259862 -0.943993 -0.203345
-36.3892 69.7072 11.2329 0.271379 -0.94216 -0.196692
-38.1667 69.2106 11.1161 0.28073 -0.941169 -0.188127
-39.5159 68.8105 11.0204 0.298408 -0.932721 -0.202444
-40.8131 68.419 10.9273 0.296233 -0.932767 -0.205407
-41.9619 68.0214 10.837 0.357657 -0.912364 -0.199182
-43.0249 67.6095 10.7469 0.357083 -0.916328 -0.181205
-44.2516 67.1505 10.6505 0.36672 -0.915203 -0.167095
-45.407 66.6669 10.5493 0.403729 -0.899991 -0.164374
-47.1471 65.901 10.3791 0.417687 -0.894098 -0.161636
-48.1098 65.4675 10.2841 0.415922 -0.895006 -0.161164
-49.1633 64.9986 10.1824 0.416129 -0.894316 -0.164424
-50.2489 64.5135 10.0733 0.416131 -0.894315 -0.164423
-51.8432 63.7621 9.90047 0.434734 -0.887365 -0.153587
-53.0454 63.1585 9.78185 0.457392 -0.879137 -0.133833
-54.1646 62.6097 9.67806 0.439777 -0.887679 -0.136463
-55.5365 61.9655 9.56094 0.409492 -0.905703 -0.109632
-56.874 61.4105 9.45876 0.34084 -0.932617 -0.118547
-57.8786 61.0499 9.39209 0.328896 -0.937249 -0.115727
-57.591 61.2674 8.49663 0.348436 -0.928229 -0.13032
-56.5192 61.6671 8.57075 0.358895 -0.922078 -0.1448
-55.4662 62.0933 8.65268 0.404481 -0.909425 -0.0966529
-54.1752 62.7284 8.77465 0.467089 -0.87825 -0.102493
-52.8507 63.394 8.89996 0.454637 -0.881097 -0.130285
-51.7226 63.9543 9.01838 0.448758 -0.884462 -0.127837
-50.8041 64.4016 9.1198 0.445642 -0.885876 -0.128943
-49.5387 64.9938 9.25831 0.414796 -0.89514 -0.163308
-48.2353 65.5732 9.38034 0.41346 -0.89596 -0.162191
-46.9849 66.1349 9.49687 0.418382 -0.894044 -0.160129
-45.4948 66.784 9.63097 0.402339 -0.904653 -0.14045
-44.0446 67.3858 9.75414 0.376244 -0.91381 -0.152944
-43.0967 67.7623 9.83264 0.363764 -0.91345 -0.182442
-42.0952 68.1471 9.91621 0.36438 -0.921664 -0.133275
-41.0717 68.532 10.0013 0.315035 -0.937584 -0.147269
-39.8373 68.8978 10.0887 0.291068 -0.941466 -0.170062
-38.7204 69.2411 10.1701 0.295728 -0.936286 -0.189509
-37.6848 69.5344 10.2401 0.27949 -0.938927 -0.200752
-36.6239 69.8336 10.3119 0.275195 -0.940438 -0.199611
-35.2578 70.2132 10.3997 0.276021 -0.93999 -0.200578
-33.9777 70.5576 10.4823 0.23429 -0.944289 -0.231143
-32.5737 70.8487 10.5532 0.20113 -0.949668 -0.240162
-31.5678 71.0054 10.5924 0.148913 -0.965506 -0.213595
-29.9751 71.226 10.6466 0.135203 -0.969043 -0.206579
-28.8541 71.3786 10.6815 0.123393 -0.971715 -0.201355
-27.0244 71.574 10.722 0.0920743 -0.97069 -0.221998
-26.016 71.7022 10.7471 0.128938 -0.971873 -0.197074
-24.3882 71.9599 10.7971 0.203491 -0.956363 -0.209667
-23.973 72.0447 10.8133 0.211585 -0.956186 -0.202337
-23.6278 72.316 9.91107 0.183668 -0.973801 -0.134077
-25.2316 71.9881 9.85004 0.166336 -0.964837 -0.203522
-26.7216 71.8071 9.81237 0.118748 -0.970517 -0.209753
-28.0456 71.6574 9.78319 0.112672 -0.971371 -0.209148
-29.1096 71.5367 9.75816 0.12893 -0.970993 -0.201371
-30.4005 71.3695 9.71771 0.132085 -0.968705 -0.210154
-31.7137 71.1858 9.67521 0.178651 -0.966173 -0.185994
-32.7546 70.9695 9.62567 0.198617 -0.967771 -0.154826
-33.8383 70.7656 9.57836 0.209694 -0.967343 -0.142391
-34.9348 70.4979 9.51497 0.277771 -0.93942 -0.200831
-35.9899 70.203 9.44551 0.275195 -0.940438 -0.199612
-37.1081 69.8907 9.36942 0.276114 -0.940321 -0.19889
-38.1734 69.5904 9.29797 0.295725 -0.936286 -0.189512
-39.1833 69.2672 9.22364 0.311845 -0.933272 -0.178201
-40.3174 68.9204 9.14185 0.315035 -0.937584 -0.147269
-41.3585 68.5534 9.05939 0.338656 -0.932662 -0.124311
-42.3836 68.1692 8.97514 0.355948 -0.923735 -0.14147
-43.4719 67.7747 8.88824 0.362509 -0.9189 -0.155598
-45.0429 67.1207 8.75517 0.401178 -0.905321 -0.139464
-46.3604 66.5526 8.64189 0.402334 -0.904655 -0.140449
-47.4115 66.0987 8.55443 0.403837 -0.905139 -0.132811
-48.4732 65.6269 8.46021 0.415447 -0.89694 -0.151337
-49.7774 65.0298 8.33416 0.442043 -0.888178 -0.125449
-51.5166 64.1854 8.14285 0.448757 -0.884463 -0.127836
-52.4688 63.7125 8.04231 0.44919 -0.88331 -0.134135
-53.5786 63.1689 7.92941 0.462233 -0.874417 -0.147428
-55.0432 62.3905 7.77939 0.457926 -0.871665 -0.174656
-56.1019 61.9707 7.69177 0.363279 -0.92026 -0.145434
-57.2115 61.5514 7.60969 0.336412 -0.926933 -0.166198
-56.8963 61.8399 6.7216 0.341449 -0.919451 -0.194994
-55.7133 62.3013 6.81478 0.375713 -0.907883 -0.185982
-54.7004 62.756 6.90846 0.43953 -0.876809 -0.194988
-53.5534 63.3257 7.02518 0.448357 -0.882723 -0.140629
-52.443 63.8699 7.14109 0.446482 -0.883528 -0.141533
-51.3237 64.4113 7.25877 0.439517 -0.888585 -0.131307
-50.299 64.9057 7.36769 0.443368 -0.887543 -0.125273
-49.1249 65.4728 7.48922 0.440717 -0.888811 -0.12563
-47.894 66.0269 7.59796 0.39254 -0.910151 -0.132432
-46.2844 66.7166 7.73392 0.405313 -0.905569 -0.125163
-45.3181 67.1301 7.81611 0.399037 -0.909776 -0.114352
-43.9087 67.7393 7.93719 0.398963 -0.910381 -0.109702
-42.9343 68.1158 8.01844 0.347448 -0.926334 -0.145549
-41.6855 68.567 8.11711 0.341625 -0.92861 -0.144833
-40.6509 68.9328 8.19948 0.340092 -0.928976 -0.146085
-39.6437 69.2882 8.2783 0.324951 -0.932981 -0.154772
-38.6333 69.612 8.35166 0.31177 -0.93585 -0.164272
-37.6463 69.9122 8.41915 0.274275 -0.950853 -0.14371
-36.5221 70.2283 8.49366 0.276652 -0.950385 -0.142242
-35.474 70.5223 8.56412 0.248774 -0.956897 -0.149865
-34.4523 70.7512 8.62138 0.230164 -0.963998 -0.133161
-33.4644 70.9802 8.67144 0.209694 -0.967343 -0.142391
-32.2882 71.2179 8.72271 0.208095 -0.965248 -0.158088
-31.154 71.4599 8.77537 0.18225 -0.967274 -0.176538
-30.1499 71.5912 8.80353 0.125758 -0.973191 -0.192571
-28.7982 71.7581 8.84193 0.125244 -0.973274 -0.192487
-27.6863 71.8947 8.87478 0.118962 -0.972377 -0.200826
-26.4944 72.0312 8.90434 0.103123 -0.979533 -0.172859
-25.394 72.1254 8.92722 0.0857137 -0.98707 -0.135445
-23.5777 72.3784 8.9865 0.162667 -0.984997 -0.0576282
-23.3783 72.4102 8.99305 0.157062 -0.985978 -0.0563857
-23.7044 72.412 8.05391 0.159865 -0.985491 -0.057007
-25.2063 72.267 8.01043 0.0840949 -0.987239 -0.135231
-26.2149 72.1824 7.98427 0.0873293 -0.986898 -0.135671
-27.3171 72.0775 7.95731 0.094555 -0.988417 -0.118709
-28.348 71.9897 7.92945 0.0874692 -0.989127 -0.118221
-29.8668 71.8097 7.88422 0.136744 -0.97395 -0.180895
-31.2917 71.6011 7.84179 0.147692 -0.974458 -0.169172
-32.3826 71.3701 7.79536 0.216571 -0.95883 -0.183689
-33.7551 71.0573 7.72984 0.217547 -0.963903 -0.153508
-35.0378 70.7718 7.6619 0.222446 -0.961967 -0.158545
-36.1037 70.4836 7.59735 0.274906 -0.951068 -0.141058
-37.1519 70.1891 7.53057 0.274275 -0.950852 -0.14371
-38.4693 69.8247 7.45073 0.291914 -0.943839 -0.15477
-39.4621 69.4948 7.37862 0.33804 -0.929857 -0.145242
-40.4156 69.1596 7.30511 0.339066 -0.929417 -0.145664
-41.4114 68.8061 7.22652 0.34315 -0.928243 -0.143572
-42.4306 68.4418 7.14571 0.345298 -0.927292 -0.144564
-43.4137 68.0568 7.06462 0.395526 -0.912141 -0.107508
-44.4599 67.6138 6.97424 0.398962 -0.910381 -0.109704
-45.5403 67.1533 6.8819 0.395666 -0.910937 -0.116799
-46.6832 66.6698 6.78145 0.4005 -0.908274 -0.120985
-48.2802 65.976 6.64301 0.405019 -0.909067 -0.0977565
-49.3407 65.485 6.54772 0.421048 -0.900837 -0.105885
-50.3996 64.9903 6.44166 0.440632 -0.888084 -0.13096
-51.4476 64.4871 6.3339 0.438401 -0.889087 -0.131641
-52.4436 64.0114 6.23006 0.435522 -0.889495 -0.138269
-53.3665 63.5612 6.13199 0.449419 -0.882749 -0.137027
-54.7737 62.8947 5.99121 0.420905 -0.896053 -0.141165
-56.1727 62.3167 5.87115 0.36473 -0.908871 -0.202298
-56.394 62.2319 5.85403 0.36426 -0.909565 -0.200016
-55.6168 62.7332 5.01482 0.3652 -0.908172 -0.204579
-54.0988 63.3454 5.14293 0.401217 -0.899439 -0.173301
-52.5964 64.0859 5.30606 0.451823 -0.881016 -0.140236
-51.104 64.7887 5.45579 0.428538 -0.892814 -0.138704
-50.1984 65.2087 5.5446 0.429146 -0.895886 -0.114985
-48.8109 65.8445 5.67612 0.414792 -0.901981 -0.11991
-47.6454 66.356 5.77961 0.407533 -0.907102 -0.105271
-46.1408 67.0143 5.91646 0.400835 -0.909561 -0.109677
-45.157 67.4309 6.00216 0.395792 -0.911179 -0.114464
-43.9074 67.94 6.10477 0.396538 -0.914357 -0.0819072
-42.8708 68.3815 6.19418 0.385539 -0.919547 -0.0761049
-41.8424 68.7713 6.27774 0.344314 -0.934247 -0.0928949
-40.8231 69.139 6.35829 0.337964 -0.936863 -0.0898157
-39.8391 69.4823 6.43393 0.33557 -0.938291 -0.0836855
-38.8858 69.8169 6.50564 0.327256 -0.941505 -0.0804539
-37.5805 70.1987 6.58749 0.272071 -0.955871 -0.110853
-35.9377 70.6631 6.6837 0.283857 -0.953891 -0.0975606
-34.9543 70.9427 6.74241 0.248778 -0.956896 -0.149863
-33.4234 71.2699 6.82151 0.212645 -0.965786 -0.148455
-32.4493 71.5083 6.86969 0.247573 -0.957652 -0.147003
-31.2545 71.7678 6.9141 0.141787 -0.978753 -0.148115
-29.6753 71.9796 6.96417 0.124801 -0.984728 -0.121394
-28.5168 72.0871 6.98995 0.0854997 -0.98886 -0.121845
-27.3927 72.1822 7.02552 0.0945503 -0.988416 -0.118716
-25.9299 72.3277 7.06695 0.0951164 -0.990047 -0.103733
-24.7699 72.417 7.09801 0.0740277 -0.991779 -0.104374
-24.3084 72.4504 7.10869 0.0740247 -0.991779 -0.104377
-24.6295 72.5245 6.1766 0.0819055 -0.991966 -0.0964139
-25.8146 72.4198 6.14749 0.0897813 -0.992027 -0.0884429
-27.0962 72.3087 6.10988 0.0916875 -0.992175 -0.0847459
-28.1604 72.2324 6.08201 0.0835288 -0.988575 -0.125467
-29.3937 72.1191 6.05185 0.11377 -0.986737 -0.115783
-30.8894 71.9357 6.00522 0.158159 -0.981716 -0.10592
-32.508 71.6176 5.94701 0.213469 -0.972732 -0.0906813
-33.561 71.3817 5.89747 0.226703 -0.966407 -0.121095
-34.8524 71.067 5.82604 0.258663 -0.961599 -0.0917618
-36.2946 70.6533 5.74141 0.274321 -0.956182 -0.102292
-37.4661 70.3369 5.67659 0.268417 -0.957124 -0.108931
-38.9052 69.8858 5.58242 0.318913 -0.944634 -0.077206
-39.8646 69.5554 5.51235 0.33358 -0.938863 -0.0852033
-40.8466 69.2157 5.43745 0.331595 -0.939427 -0.0867311
-41.8137 68.8729 5.36221 0.359462 -0.929584 -0.081608
-42.7403 68.5035 5.28552 0.374472 -0.92457 -0.0702892
-43.671 68.123 5.20682 0.38382 -0.918815 -0.0919819
-45.3778 67.4519 5.07135 0.383441 -0.917199 -0.108257
-46.3807 67.0147 4.98448 0.405851 -0.9079 -0.104889
-47.3028 66.6121 4.89877 0.404832 -0.907987 -0.108035
-48.2943 66.1848 4.80589 0.402121 -0.908859 -0.110787
-49.2096 65.7879 4.72246 0.421985 -0.898963 -0.117452
-50.8984 65.0178 4.56279 0.420571 -0.897489 -0.132787
-52.3456 64.3525 4.4277 0.428542 -0.892813 -0.138697
-53.7842 63.691 4.28045 0.424219 -0.882189 -0.204401
-54.8493 63.2492 4.18417 0.384327 -0.898644 -0.211499
-55.4508 63.0046 4.13036 0.382645 -0.900097 -0.208345
-54.7157 63.512 3.30066 0.387581 -0.899072 -0.203593
-53.6638 63.9531 3.39916 0.411954 -0.892283 -0.184732
-52.4706 64.4613 3.50964 0.399423 -0.901807 -0.164942
-51.2272 65.0016 3.6221 0.41524 -0.89751 -0.148497
-50.107 65.5049 3.72823 0.409804 -0.905446 -0.110583
-48.4581 66.2161 3.88224 0.397908 -0.911373 -0.105206
-47.4662 66.6436 3.97531 0.401713 -0.910215 -0.100672
-46.4798 67.0705 4.06075 0.403979 -0.909383 -0.0991169
-45.1673 67.6238 4.16911 0.376619 -0.92232 -0.086513
-44.04 68.0702 4.25992 0.371925 -0.923913 -0.0897578
-43.1092 68.4312 4.33715 0.369451 -0.925629 -0.0819512
-42.1821 68.8 4.41352 0.374107 -0.924062 -0.0784394
-41.2156 69.1575 4.48995 0.328011 -0.943191 -0.0529167
-40.2364 69.4982 4.56431 0.33155 -0.942114 -0.0499554
-39.2449 69.8426 4.63782 0.323465 -0.944626 -0.055244
-38.285 70.1597 4.70254 0.316748 -0.946538 -0.0611198
-37.3241 70.4666 4.76488 0.28133 -0.957009 -0.0706186
-36.2309 70.7613 4.82462 0.270808 -0.95871 -0.0868224
-34.7849 71.1725 4.91084 0.258665 -0.961598 -0.091769
-33.772 71.4175 4.96928 0.236408 -0.96758 -0.0888779
-32.562 71.6917 5.02992 0.212891 -0.972742 -0.0919293
-31.3038 71.9284 5.07715 0.168558 -0.985104 -0.0340378
-30.1665 72.1268 5.11532 0.1455 -0.9874 -0.0622111
-29.0646 72.2482 5.14632 0.087913 -0.993292 -0.0751164
-27.6934 72.3279 5.17862 0.0749821 -0.99418 -0.0773578
-26.0981 72.4769 5.22088 0.0916877 -0.992175 -0.084746
-24.916 72.5695 5.24909 0.0729034 -0.997013 -0.0255178
-25.2514 72.5686 4.32462 0.0669122 -0.997274 -0.0311029
-26.2667 72.5075 4.30049 0.0717382 -0.996619 -0.0400648
-27.5879 72.3994 4.26715 0.0754941 -0.995908 -0.0496742
-28.6063 72.3355 4.24402 0.0614171 -0.996692 -0.0532311
-30.2578 72.1467 4.19751 0.17926 -0.983023 -0.0391412
-31.4241 71.9396 4.15891 0.159961 -0.986359 -0.0388253
-32.735 71.7409 4.10883 0.182259 -0.980908 -0.0678289
-33.8881 71.4739 4.04723 0.236407 -0.96758 -0.088882
-35.5302 71.0365 3.94501 0.244932 -0.969539 -0.00162862
-36.633 70.7351 3.87905 0.281331 -0.957009 -0.0706194
-37.5981 70.4357 3.82303 0.298768 -0.952699 -0.0557069
-38.5611 70.1279 3.76346 0.323463 -0.944627 -0.0552345
-39.5757 69.7763 3.69112 0.330153 -0.942636 -0.0493538
-40.5689 69.4313 3.61785 0.328011 -0.94319 -0.0529176
-41.5836 69.0871 3.54239 0.324462 -0.944247 -0.0558812
-42.5535 68.73 3.46709 0.369451 -0.92563 -0.0819496
-43.496 68.3662 3.39094 0.364786 -0.927162 -0.0854555
-44.4316 68.0048 3.31067 0.374276 -0.92312 -0.0881349
-45.8694 67.4242 3.19841 0.386108 -0.919596 -0.0725478
-46.9917 66.9498 3.10469 0.398005 -0.913375 -0.085658
-48.3932 66.3522 2.98403 0.394093 -0.912496 -0.109734
-49.3297 65.9581 2.89746 0.401962 -0.909005 -0.110168
-50.3255 65.5191 2.80194 0.398237 -0.908864 -0.123985
-51.3984 65.077 2.7005 0.396382 -0.907371 -0.139856
-52.3191 64.6874 2.61848 0.385706 -0.910473 -0.149229
-53.5152 64.1893 2.50898 0.395456 -0.901415 -0.176255
-54.1493 63.9344 2.45249 0.370306 -0.910847 -0.182297
-53.6464 64.3102 1.5962 0.382915 -0.906217 -0.179297
-52.2808 64.8592 1.71954 0.374947 -0.913384 -0.158568
-50.6301 65.53 1.87264 0.386544 -0.911987 -0.137343
-49.5098 65.9889 1.97806 0.398242 -0.908862 -0.123989
-48.4393 66.4361 2.07351 0.387683 -0.91694 -0.0944612
-47.4555 66.8435 2.15582 0.383173 -0.918803 -0.094758
-46.4985 67.2292 2.23259 0.378647 -0.920648 -0.0950489
-45.0077 67.8466 2.35069 0.367885 -0.927529 -0.0659525
-43.8823 68.2715 2.44573 0.362879 -0.930339 -0.0528101
-42.9398 68.6421 2.52143 0.368894 -0.928215 -0.048309
-41.9597 69.0163 2.59676 0.33876 -0.939582 -0.049268
-40.9429 69.3612 2.66998 0.324536 -0.943907 -0.0609562
-39.9015 69.7045 2.74537 0.317266 -0.947399 -0.0421706
-38.8863 70.0553 2.8179 0.328477 -0.943964 -0.0321545
-37.762 70.4098 2.89127 0.283763 -0.958806 -0.0130651
-36.7679 70.7121 2.9436 0.291121 -0.956674 -0.00474097
-35.8018 70.9695 3.00015 0.24881 -0.968549 0.0025047
-34.7025 71.2471 3.06985 0.257565 -0.96626 -0.00117822
-33.5378 71.5739 3.14335 0.255432 -0.966737 0.0131653
-32.4215 71.8153 3.20397 0.150127 -0.988498 -0.0182729
-30.8579 72.0523 3.2627 0.162 -0.98673 -0.0109831
-29.8668 72.2262 3.29254 0.160149 -0.98709 0.00249775
-28.2847 72.404 3.33274 0.0649294 -0.996397 -0.0545641
-26.8003 72.5038 3.37138 0.0754997 -0.995907 -0.0496801
-25.7167 72.569 3.39805 0.0345435 -0.998396 0.0448472
-25.6201 72.5724 3.40037 0.0345435 -0.998396 0.0448472
-26.0226 72.5171 2.47908 0.0405922 -0.997919 0.0500989
-27.2119 72.4609 2.44789 0.0416112 -0.997452 0.0579411
-28.299 72.4137 2.41579 0.0598888 -0.99567 0.0710903
-29.464 72.271 2.38738 0.138236 -0.98877 0.0567934
-31.1374 72.0272 2.33505 0.15107 -0.988345 -0.0187698
-32.3654 71.8407 2.28747 0.195624 -0.980669 0.0043909
-33.582 71.537 2.21546 0.240601 -0.970247 0.0270478
-34.6721 71.2563 2.14592 0.257565 -0.96626 -0.00117822
-35.7487 70.977 2.0796 0.252679 -0.967527 0.00664176
-36.889 70.6812 2.01357 0.265489 -0.963285 -0.039972
-38.1123 70.3301 1.94538 0.27636 -0.960816 -0.0213842
-39.2057 69.9763 1.87354 0.317267 -0.947398 -0.0421709
-40.2812 69.6342 1.79791 0.30598 -0.950607 -0.0521774
-41.3267 69.2902 1.72506 0.33876 -0.939582 -0.0492691
-42.3339 68.913 1.65221 0.352865 -0.93492 -0.0375602
-43.3277 68.537 1.57935 0.362879 -0.930339 -0.0528101
-44.2698 68.1811 1.50426 0.356313 -0.932225 -0.0632309
-45.3877 67.761 1.41398 0.355789 -0.932005 -0.0691436
-46.4803 67.3303 1.32553 0.378647 -0.920648 -0.0950489
-47.4373 66.9449 1.24632 0.38317 -0.918805 -0.0947528
-48.3682 66.5626 1.16887 0.378779 -0.918577 -0.112884
-49.9111 65.9526 1.03852 0.376691 -0.918175 -0.122713
-50.9035 65.5465 0.947548 0.385653 -0.913674 -0.128344
-52.11 65.0727 0.840101 0.373957 -0.91607 -0.144815
-52.8003 64.8011 0.775692 0.373959 -0.91607 -0.144813
-51.5267 65.439 -0.0042117 0.367453 -0.919128 -0.142063
-50.5942 65.7996 0.0748572 0.376579 -0.916464 -0.135213
-49.562 66.2031 0.161131 0.36768 -0.922554 -0.117066
-48.3138 66.6962 0.264326 0.374236 -0.92143 -0.104472
-46.9436 67.2198 0.378239 0.360439 -0.929089 -0.0829335
-45.7067 67.707 0.485062 0.370842 -0.926015 -0.0705163
-44.7508 68.0674 0.561004 0.355786 -0.932006 -0.0691391
-43.7278 68.4519 0.641977 0.355774 -0.93201 -0.0691492
-42.7482 68.7967 0.708302 0.342405 -0.938305 -0.0484002
-41.7319 69.177 0.779729 0.352653 -0.934877 -0.0405104
-40.7192 69.5313 0.849464 0.312311 -0.949834 -0.0166334
-39.627 69.8826 0.924549 0.307386 -0.95137 -0.0202347
-38.5935 70.2099 0.993194 0.292012 -0.956414 -0.000994405
-36.7929 70.7435 1.09544 0.282681 -0.958558 -0.0354613
-35.5958 71.0519 1.16456 0.248207 -0.967687 -0.0444529
-34.0691 71.3663 1.2619 0.216287 -0.97552 0.0397465
-32.8728 71.6665 1.33581 0.239203 -0.968884 0.0635978
-31.6684 71.9319 1.39571 0.164326 -0.984963 0.0533353
-30.5184 72.0958 1.44233 0.139908 -0.989742 0.0289214
-29.412 72.2261 1.4787 0.126804 -0.990855 0.0461263
-28.2741 72.3388 1.50912 0.0781325 -0.993381 0.0842009
-26.9497 72.4219 1.54463 0.042618 -0.996682 0.0693459
-28.0792 72.2344 0.612494 0.0860381 -0.987188 0.134377
-29.3929 72.1357 0.571514 0.0625204 -0.987903 0.14191
-30.6366 72.0495 0.519858 0.0890927 -0.992053 0.0888414
-31.6572 71.861 0.475181 0.188542 -0.978988 0.0776814
-33.2114 71.5212 0.394786 0.216291 -0.97552 0.0397429
-34.5275 71.2607 0.305552 0.193125 -0.981046 0.0158502
-35.5761 71.0496 0.238859 0.196833 -0.98031 0.0158011
-37.3734 70.5891 0.142368 0.297443 -0.954739 0.00103311
-39.1518 70.0459 0.0363561 0.286568 -0.958055 -0.00302958
-40.1403 69.737 -0.0279377 0.312309 -0.949835 -0.0166267
-41.1503 69.4001 -0.0969655 0.317222 -0.948262 -0.0130159
-42.1607 69.0563 -0.167533 0.342405 -0.938305 -0.0484002
-43.1376 68.7153 -0.227898 0.332093 -0.941566 -0.0562832
-44.1142 68.3737 -0.291717 0.355786 -0.932006 -0.0691391
-45.0549 68.0201 -0.366372 0.355797 -0.932003 -0.0691295
-46.0733 67.6316 -0.452236 0.360446 -0.929086 -0.0829352
-47.2683 67.1937 -0.55847 0.349943 -0.931908 -0.0953328
-48.2066 66.8328 -0.637024 0.369655 -0.924191 -0.0960487
-49.2131 66.452 -0.720603 0.362892 -0.925177 -0.111163
-50.1427 66.0908 -0.796472 0.363235 -0.924312 -0.117082
-50.309 66.0281 -0.809792 0.358579 -0.925768 -0.119891
-48.6792 66.7582 -1.58285 0.357737 -0.928995 -0.0948273
-47.5919 67.1678 -1.49516 0.363785 -0.925875 -0.102055
-46.3919 67.6004 -1.3886 0.343978 -0.935715 -0.0782051
-45.2347 68.0073 -1.29037 0.341192 -0.937784 -0.0644081
-44.2653 68.3686 -1.21346 0.352405 -0.9344 -0.0520328
-43.3049 68.6886 -1.15249 0.324389 -0.945125 -0.0388731
-42.073 69.1054 -1.07678 0.308304 -0.951188 -0.013817
-40.6779 69.5676 -0.979387 0.317474 -0.948225 -0.0088713
-39.6941 69.8771 -0.91412 0.289281 -0.957098 0.0167513
-38.3974 70.2743 -0.83744 0.289234 -0.95723 0.00738778
-37.161 70.633 -0.766638 0.260948 -0.964136 0.0484536
-36.163 70.8946 -0.715666 0.214865 -0.97564 0.0442757
-35.1286 71.125 -0.659221 0.205873 -0.978117 0.030045
-33.7869 71.3923 -0.56862 0.177241 -0.982686 0.0539836
-32.7448 71.5698 -0.497081 0.128143 -0.987158 0.0953862
-30.9541 71.8396 -0.404828 0.156393 -0.970879 0.181478
-29.8138 71.9595 -0.347793 0.0844812 -0.978563 0.187823
-31.8469 71.5706 -1.35456 0.0950911 -0.99057 0.0986372
-33.457 71.3626 -1.46351 0.161044 -0.982648 0.0920228
-34.7309 71.1596 -1.55177 0.173962 -0.982394 0.0681053
-35.7561 70.9437 -1.60839 0.208496 -0.976477 0.0549788
-37.0553 70.6231 -1.67883 0.243081 -0.969891 0.0149167
-38.3208 70.279 -1.74876 0.286768 -0.957729 0.0227742
-39.3558 69.9637 -1.80948 0.289284 -0.957097 0.0167435
-40.9595 69.482 -1.91246 0.302152 -0.953254 0.00341616
-42.0321 69.1331 -1.98473 0.304595 -0.952149 -0.0252006
-43.3584 68.7089 -2.06673 0.308422 -0.950919 -0.0250622
-44.3499 68.3876 -2.12815 0.334598 -0.941059 -0.0495225
-45.5331 67.9788 -2.22365 0.329879 -0.940897 -0.0767678
-46.7004 67.5655 -2.32798 0.338407 -0.937165 -0.0848708
-47.596 67.2554 -2.40501 0.343709 -0.934628 -0.0912924
-45.2043 68.1479 -3.10506 0.317362 -0.94724 -0.044914
-44.2238 68.4691 -3.02967 0.296043 -0.95412 -0.0448608
-43.2137 68.7796 -2.96705 0.302258 -0.952585 -0.0349627
-42.0397 69.1507 -2.89572 0.293261 -0.956024 -0.00408952
-40.6254 69.5788 -2.80127 0.285508 -0.958371 -0.00317919
-39.4006 69.9432 -2.72576 0.278671 -0.960386 0.00142668
-38.3766 70.2404 -2.66997 0.283914 -0.958728 0.0152646
-37.0774 70.6035 -2.5934 0.230746 -0.972531 0.0306669
-35.5987 70.9168 -2.51272 0.188248 -0.980985 0.0472307
-34.7964 71.0844 -2.4685 0.173963 -0.982394 0.0681124
-39.7808 69.8298 -3.65895 0.272177 -0.962224 0.00662369
