-61.5659 68.9318 18.5752 0.439835 -0.873359 -0.209225
-61.3765 68.6587 20.1097 0.43058 -0.877674 -0.210417
-61.1132 68.4106 21.65 0.426237 -0.877889 -0.218232
-60.7872 68.2831 22.819 0.414743 -0.885963 -0.207504
-60.4753 68.1665 23.9016 0.410874 -0.884576 -0.220697
-60.1998 68.0168 25.017 0.405866 -0.888199 -0.215349
-60.0401 67.7495 26.4582 0.382437 -0.900306 -0.207824
-60.1261 67.4051 27.8104 0.381476 -0.901946 -0.202408
-60.2257 67.1308 28.7895 0.361253 -0.906649 -0.217835
-60.4631 66.657 30.4672 0.336842 -0.919699 -0.201684
-60.4206 66.278 32.226 0.312934 -0.926118 -0.210627
-60.2805 66.0725 33.3581 0.317824 -0.926307 -0.20222
-59.7613 65.9749 34.8661 0.313887 -0.934581 -0.167431
-59.0345 66.0315 36.0326 0.306812 -0.941138 -0.141862
-58.378 66.1071 36.9003 0.301233 -0.941683 -0.14997
-57.6197 66.2318 37.6404 0.292257 -0.946897 -0.132511
-56.4425 66.4753 38.4887 0.280294 -0.952656 -0.117826
-55.0523 66.7724 39.2169 0.25598 -0.96088 -0.10193
-53.7597 67.0323 39.8334 0.189445 -0.975547 -0.111437
-52.3122 67.2526 40.4556 0.178111 -0.971973 -0.148023
-51.1112 67.3428 40.9809 0.141048 -0.97884 -0.148248
-49.9419 67.4033 41.431 0.0971434 -0.983054 -0.155459
-48.1375 67.4097 42.2295 0.0855817 -0.970722 -0.224441
-47.0619 67.4167 42.6094 0.0759296 -0.969264 -0.23363
-45.9747 67.462 42.7869 0.0846091 -0.964932 -0.248492
-44.881 67.5661 42.7559 0.0794629 -0.964926 -0.250136
-43.7744 67.717 42.4653 0.0635405 -0.964547 -0.256147
-42.7381 67.9089 42.0291 0.0733967 -0.963484 -0.25751
-41.6392 68.2779 40.9996 0.0631311 -0.960012 -0.272747
-40.5874 68.7464 39.6262 0.0674379 -0.956907 -0.282454
-39.8827 69.0831 38.5826 0.0298151 -0.951019 -0.306794
-39.3924 69.4451 37.5964 0.0354309 -0.943351 -0.329886
-38.8084 69.8485 36.5561 0.0224492 -0.932157 -0.360823
-38.2559 70.189 35.6742 0.00297745 -0.933513 -0.358532
-37.6369 70.5395 34.8308 0.0114294 -0.924707 -0.380509
-37.0048 70.8478 34.103 -0.0294815 -0.902738 -0.428842
-35.9963 71.1661 33.3492 -0.0434733 -0.898214 -0.437404
-34.8592 71.5108 32.4996 -0.0559511 -0.902083 -0.427921
-34.1055 71.7718 31.885 -0.0695263 -0.886502 -0.457392
-32.9133 72.1972 30.8195 -0.108195 -0.884252 -0.454266
-32.068 72.5471 29.953 -0.121621 -0.867257 -0.482774
-31.2179 72.9508 29.0089 -0.12383 -0.857073 -0.499658
-30.5196 73.3687 28.1447 -0.13155 -0.847809 -0.513725
-29.7693 73.9638 26.9958 -0.129638 -0.838859 -0.528686
-29.279 74.4136 26.1648 -0.14485 -0.839414 -0.523428
-28.668 75.2313 24.61 -0.172026 -0.84162 -0.511931
-28.3928 75.8613 23.5231 -0.140711 -0.841872 -0.521011
-28.2374 76.5739 22.3051 -0.146955 -0.848491 -0.508397
-28.2452 77.3458 20.9492 -0.117574 -0.868777 -0.481043
-28.2683 77.847 20.0497 -0.112731 -0.871929 -0.476421
-28.3026 78.3638 19.0834 -0.111399 -0.879072 -0.463489
-28.3059 78.8941 18.0783 -0.114095 -0.878963 -0.463032
-28.2624 79.443 16.994 -0.0979744 -0.88641 -0.452413
-28.2961 80.1272 15.6864 -0.0723712 -0.887823 -0.453689
-28.3846 80.7663 14.4379 -0.0458215 -0.877912 -0.476625
-28.4502 81.3952 13.2858 -0.0201021 -0.886735 -0.460767
-28.3733 82.0243 12.1584 0.0607129 -0.867999 -0.49284
-28.4146 82.5823 11.1706 0.0691422 -0.876453 -0.476052
-28.4017 83.1491 10.2092 0.133247 -0.835973 -0.532349
-28.2613 83.891 9.07923 0.164292 -0.852094 -0.494234
-28.0625 84.4467 8.23726 0.339073 -0.813008 -0.473336
-27.5833 85.1215 7.36188 0.307069 -0.871919 -0.3814
-26.8933 85.7936 6.38102 0.420648 -0.80233 -0.401467
-26.1845 86.1413 5.35751 0.18195 -0.968664 -0.169067
-25.7482 86.2915 4.45996 0.0633594 -0.997802 -0.0194281
-25.5534 86.3255 3.35189 0.0258164 -0.990603 -0.100242
-25.9695 86.486 2.43717 -0.120028 -0.991223 -0.0554027
-26.8183 86.6048 1.88456 0.0863298 -0.978164 -0.18788
-27.9486 86.567 1.6327 0.0787819 -0.975103 -0.207286
-29.0923 86.5555 1.50954 0.00838874 -0.970871 -0.239455
-30.1959 86.4255 1.45552 0.182152 -0.937504 -0.296492
-31.6367 86.1415 1.39034 0.256641 -0.911725 -0.319084
-32.6871 85.8481 1.27561 0.287039 -0.907214 -0.307523
-33.6517 85.6115 1.09429 0.303049 -0.884576 -0.35162
-34.7234 85.2961 0.697256 0.352113 -0.902898 -0.24656
-35.7039 85.0461 0.212581 0.356599 -0.901407 -0.245517
-36.6067 84.7951 -0.45263 0.391528 -0.905757 -0.162205
-37.5024 84.5505 -1.57188 0.420807 -0.902722 -0.089522
-38.0838 84.3717 -2.49186 0.414633 -0.906692 -0.0166628
-38.9486 83.9064 -3.59128 0.412852 -0.908939 0.0581444
-40.0366 83.3778 -4.15989 0.392734 -0.917161 0.0640998
-41.2488 82.9823 -4.08312 0.298278 -0.954405 0.0118833
-42.4318 82.6435 -3.83331 0.272485 -0.961947 0.0202432
-43.4703 82.3824 -3.45315 0.259075 -0.956583 -0.0927775
-44.3761 82.0216 -3.12914 0.311461 -0.934878 -0.170277
-45.2498 81.6542 -2.79364 0.40668 -0.899234 -0.160183
-46.1994 81.1891 -2.49121 0.397197 -0.906008 -0.146235
-47.154 80.6716 -2.13113 0.44834 -0.880906 -0.151644
-48.1373 80.0934 -1.69392 0.45624 -0.877481 -0.147895
-49.6151 79.2011 -1.04468 0.475447 -0.86905 -0.136758
-50.3827 78.7075 -0.575926 0.479178 -0.867464 -0.133647
-51.3456 78.0507 0.195331 0.48414 -0.864945 -0.132209
-52.2816 77.4281 0.878835 0.484768 -0.865575 -0.125528
-53.0683 76.9254 1.2758 0.488927 -0.863408 -0.124408
-54.2099 76.1763 1.98505 0.492092 -0.861891 -0.122428
-55.3261 75.4015 2.94271 0.492685 -0.861362 -0.12376
-56.1457 74.8049 3.83006 0.493217 -0.860953 -0.124485
-56.8204 74.3083 4.58211 0.492544 -0.860921 -0.127341
-57.6286 73.6891 5.64478 0.493583 -0.859351 -0.13359
-58.3629 73.0791 6.82712 0.486323 -0.862372 -0.140727
-59.0956 72.4631 8.05001 0.483967 -0.862203 -0.149603
-59.7449 71.8736 9.3365 0.483878 -0.860232 -0.160484
-60.0802 71.4968 10.3286 0.475942 -0.863639 -0.166151
-60.3494 71.1647 11.2589 0.472559 -0.863524 -0.176064
-60.7392 70.7164 12.435 0.47013 -0.863886 -0.180652
-61.075 70.2156 13.9753 0.454563 -0.872244 -0.18045
-61.2027 69.876 15.2404 0.455603 -0.869983 -0.188562
-61.364 69.5875 16.2133 0.432919 -0.881208 -0.189663
-61.5459 69.1978 17.4864 0.436144 -0.875585 -0.207618
-61.5468 69.1948 17.4971 0.440244 -0.874058 -0.205444
-62.4564 68.7327 17.5558 0.432041 -0.877114 -0.209788
-62.467 68.9544 16.584 0.437653 -0.877426 -0.196427
-62.2287 69.3248 15.4603 0.432914 -0.881209 -0.189666
-62.0125 69.7029 14.137 0.427178 -0.885172 -0.184354
-61.845 70.0388 12.8838 0.456304 -0.871561 -0.179355
-61.442 70.4876 11.7114 0.457524 -0.871702 -0.175423
-61.0051 71.0017 10.2827 0.466103 -0.869019 -0.165866
-60.2397 71.7727 8.40721 0.471111 -0.867723 -0.158463
-59.456 72.4515 6.8948 0.476903 -0.867766 -0.139369
-58.7677 73.0242 5.76387 0.486258 -0.862428 -0.140613
-58.2457 73.4417 4.97755 0.486022 -0.863798 -0.132797
-57.2104 74.2335 3.58885 0.487469 -0.863795 -0.127404
-56.4771 74.7715 2.75302 0.487956 -0.863838 -0.125206
-55.6462 75.3668 1.91483 0.492087 -0.861571 -0.124684
-54.4736 76.1668 1.00304 0.491061 -0.862207 -0.124327
-53.5631 76.7716 0.420416 0.489189 -0.862827 -0.127333
-52.475 77.4635 -0.11255 0.485453 -0.865048 -0.126576
-51.7638 77.9589 -0.737995 0.484318 -0.864916 -0.131743
-50.9957 78.4673 -1.25181 0.483345 -0.865652 -0.130463
-50.053 79.0845 -1.87149 0.48238 -0.866384 -0.129183
-48.8041 79.8569 -2.41566 0.47162 -0.871462 -0.134238
-47.3244 80.759 -3.14263 0.457701 -0.87697 -0.145941
-46.1635 81.3758 -3.55063 0.406687 -0.899231 -0.160184
-45.2415 81.8707 -3.88355 0.363816 -0.913668 -0.172205
-44.2981 82.2204 -4.28069 0.206698 -0.978286 -0.0152713
-43.3501 82.4258 -4.60806 0.221435 -0.974913 -0.0167708
-42.266 82.6962 -4.97063 0.222608 -0.974159 0.014346
-41.1733 82.9506 -5.16927 0.282001 -0.955787 0.0833484
-39.2791 83.4665 -5.08962 0.297595 -0.934916 0.169511
-38.1424 84.2951 -4.0908 0.486335 -0.855464 0.133143
-37.0069 84.9014 -2.40977 0.447272 -0.890572 -0.0549924
-36.2906 85.1292 -1.35318 0.437333 -0.884465 -0.155647
-34.9554 85.5711 -0.346349 0.424026 -0.864929 -0.257955
-33.9895 85.8466 0.0859796 0.362599 -0.874074 -0.32177
-33.0291 86.1164 0.342358 0.334202 -0.886931 -0.318846
-31.9913 86.3778 0.510001 0.271906 -0.882216 -0.384397
-30.9778 86.6098 0.54204 0.192975 -0.910381 -0.365442
-29.8075 86.83 0.567619 0.065784 -0.928463 -0.345156
-28.4733 86.8025 0.582562 0.00804498 -0.964015 -0.265725
-27.4408 86.728 0.671548 0.0123266 -0.994681 -0.102261
-25.8071 86.5382 1.17171 -0.150233 -0.983636 -0.0994486
-25.0586 86.4068 1.88151 -0.12003 -0.991223 -0.0554003
-24.6173 86.3017 2.9677 -0.0868538 -0.995002 -0.00792686
-24.5078 86.3281 4.04695 -0.00161828 -0.999679 -0.0252963
-24.8902 86.3 5.18444 0.00611804 -0.999504 0.00430881
-25.5322 86.2226 6.31415 0.256351 -0.965896 -0.0364524
-26.3371 85.5978 7.42614 0.534227 -0.732742 -0.421534
-27.1361 84.6256 8.59347 0.233603 -0.737673 -0.605752
-27.4113 83.8291 9.31992 0.0843911 -0.84257 -0.531934
-27.488 83.1578 10.371 0.0210527 -0.820531 -0.566226
-27.4161 82.2121 11.7922 -0.0328194 -0.857417 -0.513349
-27.4087 81.5111 12.9846 -0.0438419 -0.86627 -0.497546
-27.4097 80.8916 14.1141 -0.0453455 -0.877859 -0.476767
-27.3429 80.1475 15.4537 -0.0852746 -0.878313 -0.470292
-27.165 79.5343 16.5775 -0.09641 -0.883249 -0.458827
-27.4245 78.6135 18.3891 -0.113697 -0.876256 -0.468239
-27.387 78.1428 19.2737 -0.116787 -0.87885 -0.462583
-27.349 77.5902 20.2909 -0.120263 -0.871162 -0.475987
-27.3129 77.0433 21.2698 -0.129606 -0.85504 -0.501325
-27.3139 76.4982 22.1533 -0.156365 -0.847621 -0.507039
-27.421 75.6094 23.6257 -0.169768 -0.827952 -0.534484
-27.6287 75.0582 24.5498 -0.169798 -0.840845 -0.513953
-28.0642 74.4175 25.7481 -0.174257 -0.842391 -0.509914
-28.6021 73.9043 26.7807 -0.158743 -0.838231 -0.521312
-29.4325 73.2026 28.1166 -0.143859 -0.841018 -0.521528
-30.6019 72.5373 29.5659 -0.142408 -0.85934 -0.491176
-31.6705 72.0288 30.8426 -0.13035 -0.885449 -0.44567
-32.5829 71.676 31.747 -0.104697 -0.882459 -0.458591
-33.45 71.4559 32.4288 -0.0752622 -0.908669 -0.409843
-34.2515 71.1463 33.1884 -0.0559512 -0.902083 -0.427921
-35.6126 70.76 34.145 -0.04406 -0.907228 -0.417766
-36.5152 70.5274 34.7815 -0.0446534 -0.916244 -0.398125
-37.1448 70.1799 35.6592 -0.0418912 -0.925795 -0.374928
-38.0461 69.7004 36.9452 0.00137955 -0.933011 -0.359845
-38.5324 69.3515 37.9645 0.0168965 -0.94572 -0.323857
-38.8398 69.0011 38.9382 0.0298151 -0.951019 -0.306794
-39.5087 68.7377 39.7695 0.0220922 -0.958047 -0.28576
-40.2329 68.4602 40.6901 0.0518839 -0.966614 -0.250879
-41.2387 68.0267 42.0389 0.0802139 -0.963866 -0.254024
-42.1946 67.7263 42.834 0.0748448 -0.961248 -0.265145
-43.5512 67.4674 43.4713 0.0571941 -0.96553 -0.253848
-45.4763 67.2531 43.7677 0.0786487 -0.964431 -0.252266
-46.6478 67.1644 43.7283 0.0662891 -0.967802 -0.242826
-47.6348 67.1551 43.4958 0.0662862 -0.967802 -0.242828
-48.7942 67.1637 43.0432 0.0437983 -0.974667 -0.215076
-49.6812 67.2603 42.575 0.00200842 -0.97861 -0.205716
-50.7364 67.2083 42.2103 0.0926436 -0.986456 -0.135205
-51.8624 67.1511 41.6545 0.116105 -0.986677 -0.113966
-52.8811 67.1261 41.2109 0.115733 -0.989313 -0.0218092
-54.637 66.7857 40.5041 0.194437 -0.980271 0.022013
-55.7638 66.5021 39.9627 0.289364 -0.95157 -0.103843
-57.0285 66.2087 39.2791 0.277782 -0.953718 -0.115148
-58.2226 65.9505 38.4854 0.283623 -0.952114 -0.114183
-59.0808 65.802 37.5994 0.283286 -0.952109 -0.115056
-59.8933 65.6893 36.4255 0.304413 -0.944399 -0.122091
-60.482 65.6406 35.4665 0.311622 -0.939305 -0.143519
-60.936 65.645 34.513 0.306724 -0.939706 -0.151239
-61.2449 65.7426 33.4488 0.299983 -0.932725 -0.200087
-61.2823 65.9875 32.2277 0.316721 -0.929499 -0.18899
-61.3991 66.1631 31.1732 0.33643 -0.920643 -0.198069
-61.2941 66.5379 29.6354 0.337252 -0.918757 -0.205297
-61.0364 66.8656 28.5495 0.353772 -0.916211 -0.188155
-61.0342 67.0774 27.5595 0.381478 -0.901946 -0.202406
-60.9684 67.3905 26.3051 0.392982 -0.89968 -0.188868
-60.9749 67.5957 25.2741 0.410173 -0.885753 -0.217255
-61.3147 67.7228 24.1171 0.410305 -0.885186 -0.2193
-61.7132 67.8678 22.7416 0.414744 -0.885963 -0.2075
-61.9101 68.0169 21.6833 0.424501 -0.881959 -0.204798
-62.4418 68.1201 20.1765 0.430582 -0.877674 -0.210414
-62.3797 68.5043 18.6657 0.433809 -0.876844 -0.207221
-62.4841 68.6432 17.873 0.432042 -0.877115 -0.209785
-61.0867 69.2439 18.2741 0.440247 -0.874057 -0.205445
-60.1725 69.6876 18.3815 0.453877 -0.864433 -0.216223
-59.1181 70.2036 18.5099 0.465536 -0.856817 -0.221677
-57.593 71.0168 18.7045 0.47727 -0.849224 -0.225902
-56.6582 71.5299 18.8296 0.493808 -0.836478 -0.237608
-55.248 72.3186 19.0416 0.512222 -0.825714 -0.236271
-54.3661 72.8103 19.1772 0.50768 -0.8213 -0.260246
-53.4219 73.3609 19.327 0.502123 -0.820267 -0.273925
-52.4234 73.9015 19.4683 0.477457 -0.83484 -0.274001
-51.3245 74.4686 19.6209 0.474712 -0.840582 -0.260905
-50.2359 75.035 19.7767 0.473508 -0.841616 -0.259755
-49.1983 75.5281 19.9155 0.434926 -0.837058 -0.331925
-48.2475 75.9706 20.0453 0.417866 -0.841639 -0.342099
-47.0323 76.409 20.1733 0.344775 -0.885166 -0.312429
-45.9365 76.7643 20.2764 0.303492 -0.884867 -0.353417
-44.908 77.0987 20.379 0.320515 -0.8738 -0.365709
-43.8724 77.3622 20.4532 0.237848 -0.883951 -0.402566
-42.8469 77.566 20.5121 0.186525 -0.906328 -0.37918
-41.5618 77.8019 20.5805 0.163966 -0.922645 -0.349059
-40.5511 77.903 20.6 0.0933996 -0.920261 -0.379995
-39.1788 78.0205 20.6207 0.0653464 -0.92136 -0.383178
-37.6775 78.1289 20.6368 0.0605036 -0.911423 -0.406998
-36.5369 78.1691 20.6319 0.0123964 -0.884964 -0.465495
-35.0718 78.1769 20.6107 -0.0342503 -0.89112 -0.452474
-33.9245 78.1315 20.5685 -0.0409256 -0.900275 -0.433394
-32.5812 78.1035 20.5328 -0.0332262 -0.902305 -0.429817
-31.3881 78.031 20.4821 -0.105971 -0.886079 -0.451258
-30.1497 77.9042 20.4051 -0.13171 -0.874233 -0.4673
-29.0827 77.7909 20.3399 -0.107887 -0.875079 -0.471802
-28.7586 77.7606 20.3221 -0.107888 -0.87508 -0.4718
-28.7652 78.1912 19.5219 -0.111399 -0.879072 -0.463489
-29.9049 78.3043 19.5877 -0.12055 -0.880445 -0.458568
-30.9239 78.4019 19.6429 -0.109367 -0.886445 -0.449726
-32.1226 78.4843 19.6904 -0.0361614 -0.903078 -0.427951
-33.2085 78.5154 19.7165 -0.0332265 -0.902305 -0.429816
-34.5223 78.5597 19.7547 -0.0515578 -0.898925 -0.435058
-35.7158 78.5841 19.7854 -0.000333548 -0.929466 -0.368907
-37.1373 78.5346 19.7864 0.0416754 -0.911803 -0.408507
-38.5737 78.4361 19.7713 0.0793105 -0.910717 -0.405345
-39.8107 78.3123 19.7467 0.130534 -0.931821 -0.338631
-41.2822 78.1375 19.7082 0.120012 -0.939363 -0.321239
-42.7723 77.9326 19.6588 0.147088 -0.939739 -0.308634
-44.3613 77.6098 19.5631 0.232077 -0.926809 -0.295238
-45.6132 77.2136 19.4395 0.328412 -0.886939 -0.324784
-46.6686 76.8466 19.3289 0.347501 -0.884588 -0.311043
-47.7489 76.4645 19.2177 0.34525 -0.886027 -0.309449
-48.7326 76.0344 19.0941 0.43188 -0.860717 -0.26953
-49.7784 75.5403 18.9525 0.440899 -0.854339 -0.275158
-50.7677 75.034 18.8087 0.472301 -0.842649 -0.258601
-52.1641 74.3125 18.615 0.467495 -0.843591 -0.264201
-53.1047 73.8287 18.4897 0.496147 -0.8324 -0.246877
-54.1791 73.1973 18.3147 0.520564 -0.819929 -0.238182
-55.1165 72.6508 18.1656 0.513909 -0.823964 -0.238704
-56.6004 71.8153 17.9451 0.500239 -0.835349 -0.22793
-57.6606 71.2088 17.802 0.492826 -0.842558 -0.217299
-59.0766 70.4565 17.6258 0.484763 -0.849401 -0.208622
-60.0198 69.9812 17.5076 0.457478 -0.863983 -0.210349
-60.816 69.5833 17.4105 0.448886 -0.869066 -0.20791
-60.2228 70.0918 16.5872 0.452269 -0.869221 -0.199769
-59.3107 70.5414 16.6961 0.471525 -0.858781 -0.200398
-58.2076 71.1453 16.8405 0.484761 -0.849402 -0.208621
-56.9256 71.8636 17.0053 0.506605 -0.834105 -0.218223
-55.9889 72.3939 17.1303 0.514376 -0.833177 -0.203062
-55.0955 72.9223 17.2616 0.517658 -0.828098 -0.215136
-54.2195 73.434 17.3996 0.524534 -0.823515 -0.21607
-53.204 74.0335 17.5709 0.521147 -0.819344 -0.238917
-52.2293 74.5508 17.7124 0.470722 -0.844742 -0.25462
-50.6191 75.3844 17.9392 0.471958 -0.842451 -0.259868
-49.5759 75.922 18.092 0.456681 -0.84864 -0.26693
-48.5403 76.3923 18.2262 0.422791 -0.866963 -0.263861
-47.4794 76.8683 18.3623 0.384426 -0.877426 -0.286951
-46.2941 77.2936 18.4854 0.349741 -0.883142 -0.312637
-45.2354 77.6615 18.5983 0.29174 -0.907305 -0.302795
-43.9863 77.9758 18.6944 0.254412 -0.925637 -0.280126
-42.9597 78.1881 18.7577 0.153023 -0.941944 -0.298875
-41.4443 78.4143 18.8209 0.162133 -0.93402 -0.318308
-40.4023 78.5654 18.8553 0.140983 -0.923842 -0.355865
-39.2433 78.7179 18.8923 0.103875 -0.927507 -0.359082
-37.8198 78.865 18.9243 0.102976 -0.928249 -0.357422
-36.6632 78.91 18.9252 0.0159432 -0.929091 -0.369507
-35.2299 78.9216 18.9113 -0.0166102 -0.929595 -0.368208
-33.6945 78.9183 18.8893 -0.0110616 -0.911517 -0.411114
-32.6578 78.8891 18.8664 -0.0364217 -0.911095 -0.410584
-31.5622 78.8546 18.8456 -0.0412048 -0.911728 -0.408722
-30.126 78.7405 18.7842 -0.10898 -0.88559 -0.451502
-29.0085 78.6411 18.727 -0.105672 -0.88228 -0.458711
-29.0022 78.6405 18.7267 -0.1114 -0.879074 -0.463486
-29.1371 79.0702 17.9184 -0.100233 -0.885934 -0.452852
-30.3688 79.1811 17.9787 -0.0775501 -0.89971 -0.429544
-31.4808 79.2266 18.0023 -0.0459925 -0.912331 -0.406862
-32.5972 79.266 18.0246 -0.0338419 -0.912049 -0.408682
-33.8149 79.2981 18.0462 -0.0312613 -0.912993 -0.406776
-34.8614 79.289 18.0517 0.00914218 -0.90965 -0.415274
-36.0318 79.2617 18.0551 0.0241435 -0.936867 -0.348852
-37.4851 79.2201 18.0585 0.0259486 -0.935613 -0.352073
-38.5534 79.1243 18.0366 0.102078 -0.928986 -0.35576
-39.6101 79.0091 18.0092 0.13897 -0.936406 -0.322229
-41.2611 78.7671 17.9444 0.149467 -0.928725 -0.339308
-42.2959 78.5943 17.8955 0.171157 -0.925607 -0.337574
-43.3863 78.3992 17.8391 0.253331 -0.927085 -0.27629
-44.6749 78.0748 17.7381 0.254931 -0.926273 -0.27754
-45.969 77.7161 17.6302 0.326086 -0.902926 -0.279988
-47.0732 77.3176 17.5139 0.351624 -0.886544 -0.300666
-48.8094 76.5869 17.3073 0.457479 -0.84648 -0.272367
-50.3289 75.8087 17.0907 0.462701 -0.851298 -0.247386
-51.4444 75.2324 16.9331 0.473129 -0.841873 -0.259612
-52.6536 74.6035 16.7618 0.488853 -0.841024 -0.231736
-53.6838 73.9947 16.5953 0.531372 -0.818874 -0.217003
-55.1138 73.143 16.3677 0.522141 -0.82646 -0.210554
-55.9834 72.619 16.2427 0.526602 -0.824785 -0.205963
-57.1428 71.9542 16.0842 0.502032 -0.841378 -0.200115
-58.0844 71.4221 15.9517 0.496524 -0.845679 -0.195683
-59.2798 70.7695 15.7988 0.483895 -0.852599 -0.197283
-60.5537 70.1274 15.6485 0.455363 -0.870077 -0.188707
-60.8038 70.0029 15.6192 0.455483 -0.87003 -0.188635
-60.4316 70.3842 14.7589 0.455483 -0.87003 -0.188635
-59.1896 71.0306 14.9058 0.478687 -0.854547 -0.201517
-57.8691 71.756 15.0831 0.503925 -0.840677 -0.198296
-56.9316 72.2852 15.2223 0.502979 -0.841028 -0.199208
-55.7319 72.9903 15.3991 0.526601 -0.824785 -0.205964
-54.6476 73.6416 15.5513 0.519958 -0.834097 -0.18419
-53.7896 74.158 15.676 0.524657 -0.826857 -0.202591
-52.4834 74.9202 15.8769 0.502937 -0.839929 -0.203894
-51.5562 75.4408 16.0194 0.500917 -0.842968 -0.196182
-50.4478 75.9969 16.1719 0.453295 -0.859874 -0.234822
-49.4969 76.4632 16.3 0.470869 -0.851048 -0.232379
-48.156 77.148 16.4876 0.413479 -0.895004 -0.167344
-46.7711 77.7169 16.6454 0.395767 -0.900664 -0.17937
-45.4744 78.1227 16.762 0.300109 -0.918091 -0.258929
-44.1819 78.4712 16.8678 0.253329 -0.927087 -0.276288
-43.0625 78.7486 16.9565 0.251734 -0.927893 -0.275035
-41.3258 79.0789 17.0584 0.182198 -0.930805 -0.316869
-39.5283 79.3065 17.1235 0.12841 -0.943656 -0.305
-37.7722 79.533 17.1838 0.1318 -0.943429 -0.304255
-36.0689 79.5812 17.1856 0.0223331 -0.938104 -0.345632
-35.0376 79.6394 17.1956 0.0604743 -0.934576 -0.350585
-33.6087 79.6706 17.1942 -0.0351829 -0.918812 -0.393125
-32.2895 79.6234 17.1732 -0.026593 -0.923116 -0.383601
-30.6951 79.5721 17.1476 -0.0451579 -0.909859 -0.412452
-29.5272 79.5217 17.1192 -0.0756064 -0.898987 -0.4314
-29.1109 79.4849 17.0989 -0.100518 -0.886437 -0.451802
-28.7748 79.8692 16.2631 -0.0477469 -0.895217 -0.443065
-29.8376 79.9125 16.2907 -0.0506068 -0.910462 -0.410486
-31.0061 79.9635 16.3182 -0.0296313 -0.915957 -0.400182
-32.1347 79.9771 16.3269 -0.0140887 -0.921662 -0.387738
-33.3441 80.0091 16.3423 -0.0177387 -0.933132 -0.359096
-34.3675 80.0043 16.3447 0.0326709 -0.93761 -0.346151
-36.0846 79.9011 16.3172 0.0691306 -0.936693 -0.343259
-37.7801 79.8136 16.3006 0.0518741 -0.953069 -0.298277
-39.4432 79.6045 16.2382 0.1318 -0.943429 -0.304255
-40.9468 79.3921 16.1745 0.147417 -0.951607 -0.269652
-42.0103 79.2209 16.1192 0.175728 -0.946949 -0.269086
-43.6758 78.8578 16.0001 0.257629 -0.943398 -0.208872
-44.8321 78.5546 15.9043 0.298787 -0.937071 -0.180625
-46.135 78.1379 15.784 0.319102 -0.924797 -0.207183
-47.2146 77.7185 15.6686 0.400434 -0.897794 -0.183356
-48.6253 77.0952 15.4976 0.435611 -0.885944 -0.159205
-49.7591 76.5684 15.3555 0.462446 -0.863425 -0.201597
-51.0424 75.9225 15.1762 0.462659 -0.86326 -0.201814
-52.0005 75.399 15.031 0.498854 -0.84595 -0.188449
-53.3279 74.6375 14.8346 0.527699 -0.831675 -0.172774
-54.2475 74.0776 14.6944 0.524652 -0.832187 -0.179455
-55.5581 73.3014 14.5137 0.522014 -0.832618 -0.185065
-56.6068 72.6751 14.3623 0.516734 -0.836545 -0.182152
-57.9644 71.9041 14.1658 0.504217 -0.84443 -0.180839
-58.8622 71.4058 14.0407 0.483956 -0.855111 -0.185932
-60.0655 70.7675 13.8942 0.474275 -0.860752 -0.18485
-60.4489 70.5681 13.8489 0.462594 -0.867315 -0.18377
-60.1175 70.9383 12.9763 0.470578 -0.862299 -0.187075
-58.8692 71.6037 13.1323 0.489923 -0.850981 -0.189225
-57.6211 72.2934 13.3055 0.50632 -0.842819 -0.182474
-56.7217 72.8099 13.4292 0.50842 -0.841199 -0.184102
-55.5515 73.5072 13.596 0.521346 -0.835021 -0.175891
-54.6188 74.0591 13.7214 0.519117 -0.837403 -0.171094
-53.166 74.9237 13.9283 0.524038 -0.834337 -0.171074
-52.2001 75.4912 14.084 0.495832 -0.850577 -0.175127
-50.8603 76.2284 14.2852 0.47891 -0.856124 -0.194156
-49.5446 76.8911 14.4642 0.462233 -0.863589 -0.20138
-48.5103 77.3672 14.5937 0.418849 -0.882047 -0.215776
-47.2949 77.8782 14.7372 0.398726 -0.896378 -0.193712
-46.1451 78.3296 14.8617 0.313083 -0.934011 -0.172055
-45.1713 78.6296 14.9494 0.304433 -0.935071 -0.181555
-44.182 78.9233 15.038 0.293126 -0.939034 -0.179701
-43.1655 79.1915 15.1226 0.248904 -0.946533 -0.205237
-42.1276 79.4366 15.2045 0.240159 -0.949573 -0.201581
-40.6644 79.6871 15.2877 0.153875 -0.94831 -0.277545
-39.5016 79.866 15.3487 0.160327 -0.944903 -0.2854
-37.9061 80.0827 15.4167 0.136068 -0.945687 -0.295233
-36.2902 80.1923 15.4491 0.0702432 -0.940588 -0.332206
-34.7497 80.3064 15.4802 0.0691303 -0.936693 -0.343258
-33.567 80.3238 15.4852 0.0120954 -0.92851 -0.371111
-32.4402 80.3503 15.4934 0.015611 -0.915635 -0.401707
-31.3041 80.3431 15.4871 -0.00806663 -0.906703 -0.421692
-30.2516 80.3338 15.4785 -0.0289153 -0.901337 -0.432152
-29.193 80.292 15.4539 -0.0477437 -0.89522 -0.44306
-29.1047 80.2882 15.4516 -0.0498839 -0.89556 -0.442136
-29.5229 80.7125 14.6464 -0.0201082 -0.887172 -0.461001
-30.5501 80.7202 14.6525 -0.0108828 -0.899621 -0.436537
-31.5949 80.7297 14.6614 0.0156142 -0.915636 -0.401705
-32.6932 80.6884 14.6484 0.0392711 -0.923618 -0.381297
-33.814 80.6586 14.6392 0.0407516 -0.938 -0.344233
-34.8776 80.5883 14.6165 0.0689883 -0.946008 -0.316718
-36.2438 80.4989 14.5874 0.0763342 -0.950342 -0.301699
-37.9924 80.3348 14.533 0.0991771 -0.954409 -0.281543
-39.4199 80.1451 14.4681 0.163085 -0.953316 -0.254149
-40.4816 79.9668 14.4052 0.173605 -0.960461 -0.217659
-41.5823 79.7652 14.3312 0.226348 -0.9522 -0.20514
-42.6095 79.5222 14.2472 0.241377 -0.946627 -0.213622
-43.5859 79.2826 14.1667 0.284623 -0.937728 -0.199137
-44.9823 78.8638 14.0436 0.295441 -0.935894 -0.19188
-46.0546 78.5206 13.9445 0.32168 -0.932795 -0.162528
-47.3218 78.0657 13.8142 0.398219 -0.896547 -0.193971
-48.6004 77.5316 13.6621 0.406245 -0.898927 -0.163998
-49.8542 76.9244 13.4973 0.474411 -0.867484 -0.149683
-51.1446 76.2491 13.3142 0.475992 -0.86673 -0.149029
-52.119 75.7126 13.1722 0.502051 -0.849828 -0.160429
-53.5936 74.8564 12.9473 0.524038 -0.834337 -0.171074
-54.6382 74.238 12.7871 0.520071 -0.836649 -0.171885
-55.799 73.5522 12.6292 0.517669 -0.8382 -0.171581
-57.114 72.7825 12.4542 0.511445 -0.841939 -0.171936
-58.2074 72.1561 12.3051 0.495347 -0.851275 -0.173098
-59.3575 71.5279 12.1507 0.482651 -0.858398 -0.173786
-59.8836 71.2513 12.0846 0.472569 -0.863529 -0.17606
-59.8121 71.4792 11.172 0.475448 -0.86157 -0.177895
-58.7479 72.0446 11.3063 0.495348 -0.851274 -0.173099
-57.5493 72.7209 11.4607 0.506158 -0.84466 -0.174224
-56.4149 73.3735 11.6126 0.507571 -0.8451 -0.16786
-55.403 73.9727 11.7521 0.517379 -0.840041 -0.163249
-54.2688 74.6447 11.9235 0.523971 -0.836867 -0.158455
-53.3783 75.1733 12.0609 0.522531 -0.835117 -0.171874
-52.4824 75.6825 12.1916 0.500165 -0.852231 -0.153415
-51.0416 76.4631 12.3987 0.474978 -0.866644 -0.152722
-50.0608 76.977 12.5382 0.458764 -0.878116 -0.135825
-48.9849 77.4939 12.6805 0.442857 -0.888268 -0.121896
-47.9216 77.97 12.8135 0.414383 -0.900241 -0.133619
-46.6288 78.4921 12.9619 0.326114 -0.933097 -0.151591
-45.364 78.9052 13.0885 0.320876 -0.933563 -0.159682
-43.9741 79.3667 13.2158 0.284623 -0.937728 -0.199136
-42.8106 79.6823 13.3107 0.256473 -0.944789 -0.203948
-41.7126 79.9271 13.4027 0.211241 -0.95746 -0.196589
-40.6425 80.1459 13.487 0.192467 -0.959185 -0.207172
-38.9959 80.4309 13.592 0.185968 -0.957079 -0.222297
-37.2454 80.6665 13.6793 0.101681 -0.952896 -0.285744
-36.1263 80.7703 13.7185 0.0840342 -0.954336 -0.286673
-34.8897 80.887 13.76 0.0982465 -0.935424 -0.339601
-33.8106 80.9642 13.7861 0.076186 -0.933114 -0.351417
-32.1156 81.0563 13.8121 0.0389635 -0.9245 -0.379185
-31.0661 81.1127 13.8315 0.0588734 -0.919278 -0.38918
-29.8866 81.1153 13.831 0.00562442 -0.895553 -0.444919
-29.0227 81.1204 13.8317 0.00562136 -0.895554 -0.444918
-29.3321 81.5247 13.0149 0.00549995 -0.89486 -0.446314
-30.3683 81.5198 13.0118 0.0351769 -0.898527 -0.437507
-31.6203 81.4457 12.9822 0.0629721 -0.902021 -0.427074
-33.4187 81.3148 12.9433 0.0794195 -0.923293 -0.375795
-34.4432 81.2384 12.921 0.0982465 -0.935424 -0.339601
-36.2641 81.0264 12.8408 0.144728 -0.945186 -0.292708
-37.9044 80.8297 12.7539 0.121504 -0.964511 -0.234424
-39.176 80.6142 12.6722 0.189664 -0.954302 -0.230945
-40.2049 80.4264 12.6024 0.217761 -0.949585 -0.22554
-41.2788 80.204 12.5178 0.211428 -0.957843 -0.194513
-42.3732 79.9801 12.4307 0.245537 -0.952344 -0.180977
-43.7058 79.6115 12.3179 0.274257 -0.947727 -0.163087
-44.6873 79.2946 12.2283 0.331087 -0.932594 -0.143704
-46.2008 78.7809 12.0731 0.331323 -0.932544 -0.14348
-47.3332 78.3639 11.9499 0.411397 -0.902153 -0.129897
-48.4103 77.8912 11.8219 0.402255 -0.9028 -0.152127
-49.3345 77.4679 11.708 0.434401 -0.885991 -0.162223
-50.9143 76.6966 11.4905 0.469821 -0.869574 -0.152021
-52.3619 75.9162 11.286 0.500165 -0.852231 -0.153415
-53.3143 75.3676 11.145 0.508052 -0.850575 -0.135666
-54.8915 74.4474 10.9065 0.519641 -0.839331 -0.15968
-56.3086 73.6205 10.6943 0.517377 -0.840042 -0.163247
-57.5012 72.9299 10.5365 0.510261 -0.844571 -0.16228
-58.4301 72.4028 10.4186 0.499659 -0.851491 -0.159074
-59.4349 71.8591 10.2939 0.475945 -0.863638 -0.166149
-59.0117 72.2684 9.42521 0.483113 -0.858752 -0.170726
-58.0375 72.7974 9.54001 0.504971 -0.848048 -0.160683
-56.6164 73.605 9.7302 0.5022 -0.852218 -0.146698
-55.5491 74.2304 9.88307 0.520753 -0.841514 -0.143771
-54.4706 74.8596 10.0476 0.504432 -0.852969 -0.134133
-53.3061 75.52 10.2203 0.508049 -0.850577 -0.135668
-51.9828 76.2881 10.415 0.510594 -0.849871 -0.130433
-50.7541 76.9348 10.5881 0.465664 -0.872563 -0.147619
-49.8272 77.4066 10.7228 0.450107 -0.879429 -0.154945
-48.6653 77.9487 10.866 0.433134 -0.886832 -0.161012
-47.6352 78.3902 10.9837 0.392881 -0.902926 -0.174268
-46.1283 78.958 11.1491 0.339229 -0.92725 -0.158525
-44.5192 79.5013 11.3179 0.322668 -0.932782 -0.160636
-42.8969 79.9955 11.469 0.279305 -0.945533 -0.1672
-41.1241 80.4216 11.6146 0.227848 -0.951092 -0.208588
-40.1512 80.6545 11.694 0.217758 -0.949584 -0.225547
-39.1481 80.8391 11.7621 0.19121 -0.954613 -0.228371
-38.1307 81.0246 11.835 0.155677 -0.959978 -0.232823
-37.103 81.1646 11.9001 0.164721 -0.944083 -0.285612
-35.973 81.34 11.9719 0.144727 -0.945186 -0.292707
-34.3799 81.5509 12.0528 0.159623 -0.931934 -0.325606
-32.9347 81.6983 12.1035 0.0950154 -0.919198 -0.382162
-31.5833 81.8378 12.1595 0.0868156 -0.908869 -0.407947
-30.4434 81.907 12.1855 0.0648164 -0.90132 -0.428276
-29.3755 81.9325 12.1967 0.0331334 -0.882085 -0.469924
-29.0859 81.949 12.2032 0.0607142 -0.868 -0.492838
-28.9063 82.414 11.4064 0.0607142 -0.868 -0.492838
-30.3858 82.2939 11.3582 0.0893613 -0.896627 -0.433675
-31.4212 82.2269 11.3303 0.069849 -0.9089 -0.411123
-33.2438 82.0261 11.2479 0.127573 -0.913042 -0.387401
-34.4955 81.8387 11.1723 0.159627 -0.931968 -0.325507
-35.664 81.6623 11.1046 0.185899 -0.93146 -0.312768
-36.7803 81.4783 11.0291 0.167496 -0.948406 -0.269204
-37.8884 81.305 10.9502 0.198171 -0.946307 -0.255403
-39.266 81.0327 10.8463 0.188526 -0.956917 -0.220832
-40.4587 80.7948 10.7617 0.245943 -0.947503 -0.204328
-41.7303 80.4837 10.6587 0.267989 -0.947341 -0.175292
-43.2204 80.062 10.5178 0.281695 -0.946338 -0.158408
-44.4315 79.6858 10.3987 0.316877 -0.936378 -0.150944
-45.4379 79.3569 10.293 0.344331 -0.926834 -0.149715
-46.6591 78.9165 10.1598 0.349408 -0.926316 -0.1409
-47.6076 78.5512 10.0567 0.377238 -0.915516 -0.13972
-48.667 78.0875 9.93332 0.437658 -0.892504 -0.109052
-50.0667 77.4251 9.75785 0.451538 -0.884237 -0.119325
-51.1385 76.8744 9.60463 0.467662 -0.874663 -0.127504
-52.0202 76.4042 9.4767 0.494872 -0.860442 -0.12141
-53.0386 75.8168 9.33224 0.50604 -0.852915 -0.128297
-53.9016 75.3266 9.20788 0.50496 -0.852965 -0.132164
-54.8254 74.799 9.07102 0.509984 -0.850241 -0.130411
-55.9215 74.167 8.90499 0.515389 -0.845919 -0.137099
-56.8122 73.6528 8.78273 0.502686 -0.85214 -0.14548
-58.0163 72.9689 8.62207 0.493267 -0.857433 -0.146617
-58.7217 72.5887 8.53552 0.483967 -0.862203 -0.149603
-57.9161 73.1813 7.71703 0.493266 -0.857435 -0.146612
-56.9928 73.7047 7.83903 0.497498 -0.856944 -0.134695
-55.4117 74.6027 8.06037 0.509222 -0.850358 -0.132607
-54.4069 75.1818 8.21192 0.507471 -0.851609 -0.131285
-53.5292 75.6805 8.33619 0.503085 -0.854257 -0.130962
-52.4824 76.2743 8.48431 0.506041 -0.852914 -0.128295
-51.5501 76.7804 8.61415 0.480605 -0.869078 -0.117144
-50.6282 77.2728 8.7431 0.47415 -0.871904 -0.122328
-49.6975 77.716 8.86538 0.435227 -0.89344 -0.111097
-48.7593 78.158 8.98625 0.436438 -0.892976 -0.110075
-47.8303 78.5662 9.09429 0.413358 -0.899515 -0.141453
-46.6617 79.0619 9.23172 0.360959 -0.921358 -0.144251
-45.5289 79.4757 9.35572 0.353842 -0.922577 -0.153776
-44.3244 79.8701 9.48321 0.315405 -0.936455 -0.153528
-42.8672 80.3161 9.62817 0.284936 -0.944854 -0.161438
-41.4408 80.727 9.77094 0.28818 -0.943349 -0.164454
-40.4455 80.9751 9.85351 0.231137 -0.956276 -0.179196
-39.3129 81.2327 9.93967 0.209925 -0.957022 -0.200103
-37.8464 81.5448 10.0526 0.228622 -0.94313 -0.241323
-36.5419 81.7709 10.1467 0.189836 -0.939663 -0.284596
-35.4791 81.9855 10.2323 0.212013 -0.930157 -0.299762
-34.2784 82.1776 10.3087 0.177035 -0.923415 -0.340534
-33.1967 82.3754 10.3913 0.165411 -0.917532 -0.361626
-31.584 82.5785 10.4812 0.149395 -0.911537 -0.38312
-30.2178 82.733 10.5472 0.108769 -0.883421 -0.455782
-29.1452 82.8218 10.5858 0.0775687 -0.884904 -0.459269
-28.8837 82.8407 10.5935 0.0775701 -0.884905 -0.459266
-28.9375 83.32 9.80674 0.133245 -0.835971 -0.532351
-30.0888 83.147 9.72417 0.159386 -0.88869 -0.429914
-31.0868 83.02 9.66813 0.137676 -0.905394 -0.401631
-32.1839 82.8611 9.5964 0.162377 -0.902692 -0.398473
-33.8192 82.5978 9.47857 0.195975 -0.917105 -0.347148
-34.8586 82.4034 9.40029 0.222061 -0.918418 -0.327409
-35.9341 82.1786 9.31346 0.212303 -0.928895 -0.30345
-37.1104 81.9414 9.21666 0.231204 -0.93006 -0.285541
-38.1356 81.706 9.12974 0.231924 -0.945239 -0.229639
-39.4011 81.4135 9.02803 0.25096 -0.940766 -0.227989
-40.8884 81.0465 8.90547 0.25565 -0.941637 -0.219004
-41.9962 80.7334 8.79381 0.285005 -0.939137 -0.191819
-43.0969 80.4213 8.68642 0.298493 -0.936906 -0.181958
-44.2942 80.0338 8.56234 0.322654 -0.930375 -0.174061
-45.3769 79.6853 8.44802 0.334695 -0.92971 -0.153682
-46.8578 79.1225 8.28232 0.368025 -0.920007 -0.134705
-47.9424 78.6624 8.15498 0.417689 -0.89832 -0.136223
-48.9093 78.2251 8.03499 0.429165 -0.893403 -0.132846
-49.8539 77.7803 7.91275 0.436303 -0.889661 -0.134695
-50.9088 77.2451 7.7648 0.474182 -0.873537 -0.109931
-51.9472 76.6902 7.62378 0.483528 -0.868419 -0.10977
-53.5497 75.7978 7.40359 0.500642 -0.858389 -0.111919
-54.9716 74.9999 7.20372 0.505061 -0.853766 -0.126482
-56.1556 74.3177 7.03169 0.503371 -0.853671 -0.133654
-57.3 73.6769 6.88115 0.496163 -0.857301 -0.137322
-57.1758 73.8968 5.97253 0.494816 -0.857656 -0.139941
-56.2887 74.3892 6.09171 0.493593 -0.859372 -0.133588
-55.1872 75.0088 6.24236 0.500867 -0.857117 -0.120348
-54.2795 75.521 6.37242 0.49747 -0.859034 -0.120762
-52.9399 76.2643 6.55365 0.497362 -0.859678 -0.116548
-51.4187 77.0936 6.76031 0.483528 -0.868419 -0.10977
-50.4575 77.5922 6.89643 0.468183 -0.877091 -0.107312
-49.4867 78.0943 7.02853 0.452348 -0.883591 -0.121031
-48.342 78.6177 7.17365 0.422 -0.897083 -0.130988
-47.3215 79.0772 7.30275 0.407911 -0.904596 -0.12375
-45.9159 79.6297 7.46426 0.372389 -0.915599 -0.151675
-44.7508 80.0568 7.59297 0.333927 -0.92871 -0.161214
-43.668 80.4104 7.70998 0.317283 -0.932407 -0.173056
-42.5258 80.7703 7.82612 0.298493 -0.936906 -0.181959
-41.5295 81.0555 7.92536 0.297964 -0.932767 -0.202889
-40.5251 81.3435 8.02274 0.260314 -0.942411 -0.209996
-39.2943 81.659 8.13273 0.25565 -0.941637 -0.219004
-38.1867 81.9301 8.22776 0.256476 -0.928669 -0.267943
-36.9532 82.2345 8.34352 0.249941 -0.930597 -0.267432
-35.4492 82.5634 8.47496 0.22937 -0.922784 -0.309613
-33.8773 82.9048 8.61147 0.203368 -0.916401 -0.344747
-32.7055 83.1279 8.70743 0.178124 -0.917369 -0.355959
-31.4171 83.3407 8.80371 0.196866 -0.904881 -0.377405
-30.1619 83.5621 8.90539 0.180843 -0.870603 -0.457543
-28.9612 83.7722 9.00572 0.19534 -0.868216 -0.456118
-28.5782 84.2728 8.22062 0.196088 -0.867 -0.458105
-30.0963 83.9729 8.08222 0.222984 -0.882026 -0.4151
-31.077 83.7843 7.99515 0.211338 -0.892001 -0.399588
-32.5914 83.4795 7.85839 0.196868 -0.904883 -0.377398
-33.5781 83.2881 7.77576 0.224037 -0.921421 -0.317476
-34.6082 83.062 7.68392 0.246371 -0.91631 -0.315718
-35.7731 82.781 7.57048 0.26208 -0.919368 -0.293386
-37.4669 82.3668 7.403 0.253206 -0.929639 -0.26769
-38.8255 82.0108 7.27235 0.275055 -0.931002 -0.239957
-39.8485 81.7265 7.17435 0.283053 -0.92875 -0.239382
-41.3874 81.2964 7.02625 0.297795 -0.932737 -0.203272
-42.8514 80.8453 6.87528 0.319929 -0.925519 -0.202634
-43.877 80.5144 6.76753 0.329784 -0.924406 -0.191613
-45.0373 80.1029 6.63827 0.345093 -0.926777 -0.148312
-46.2015 79.672 6.50751 0.384172 -0.91297 -0.137472
-47.3122 79.2068 6.37504 0.395812 -0.910027 -0.123225
-48.3614 78.7385 6.23892 0.419938 -0.899007 -0.124255
-49.8038 78.0563 6.05107 0.463222 -0.878277 -0.118552
-50.8167 77.5346 5.91203 0.4677 -0.875269 -0.123131
-51.7644 77.0352 5.77861 0.481802 -0.868148 -0.119106
-52.6594 76.5491 5.65453 0.48979 -0.863458 -0.120605
-54.1437 75.7284 5.4529 0.49343 -0.861439 -0.120206
-55.0587 75.2146 5.32567 0.499187 -0.857463 -0.124775
-56.3255 74.5069 5.15349 0.492751 -0.860787 -0.127445
-56.5722 74.3705 5.12145 0.492544 -0.860921 -0.127341
-55.6141 75.0392 4.30899 0.495972 -0.859132 -0.126111
-54.4018 75.716 4.47193 0.494743 -0.860844 -0.119068
-53.2425 76.3574 4.63174 0.492644 -0.861968 -0.119638
-52.2562 76.9004 4.77187 0.481801 -0.868148 -0.11911
-50.5413 77.8066 5.0177 0.467284 -0.876201 -0.117971
-49.5658 78.2973 5.14481 0.458724 -0.88124 -0.113964
-48.3469 78.869 5.30918 0.42398 -0.897946 -0.118045
-47.309 79.3342 5.44432 0.40082 -0.905385 -0.140077
-45.7694 79.995 5.63322 0.389954 -0.907388 -0.156791
-44.1097 80.6116 5.82204 0.354552 -0.917259 -0.181462
-43.0745 80.972 5.93711 0.339567 -0.92309 -0.180551
-41.7041 81.4019 6.08023 0.29764 -0.932702 -0.203659
-40.4951 81.7718 6.20857 0.299134 -0.927746 -0.223174
-39.2185 82.1351 6.33403 0.285097 -0.929665 -0.23333
-38.124 82.4393 6.44242 0.283382 -0.923263 -0.259384
-36.9254 82.7745 6.57107 0.273617 -0.921201 -0.276627
-35.8966 83.0315 6.67515 0.26208 -0.919369 -0.293386
-34.4501 83.3989 6.82935 0.255537 -0.917545 -0.304652
-32.9668 83.7318 6.9654 0.236209 -0.911211 -0.337491
-31.8029 83.9902 7.07605 0.233965 -0.911576 -0.338068
-30.2962 84.3371 7.2322 0.247654 -0.887511 -0.388576
-28.9404 84.6432 7.36453 0.21741 -0.869331 -0.443843
-28.6476 84.6967 7.38874 0.268372 -0.842491 -0.467103
-27.8153 85.36 6.62978 0.322676 -0.877053 -0.355891
-29.5232 84.8597 6.44438 0.251963 -0.905306 -0.341957
-30.7525 84.5602 6.31533 0.250012 -0.903275 -0.348694
-32.3773 84.1846 6.15435 0.23889 -0.907999 -0.344193
-33.4119 83.9482 6.05268 0.243847 -0.914955 -0.321554
-34.6338 83.6538 5.92726 0.276193 -0.907143 -0.317504
-35.9472 83.3038 5.78473 0.285189 -0.908622 -0.30508
-36.914 83.0309 5.67415 0.287597 -0.921819 -0.25988
-38.4939 82.5884 5.50727 0.294801 -0.922136 -0.250515
-39.4721 82.2905 5.40305 0.306156 -0.920815 -0.241597
-40.9853 81.8354 5.24405 0.311074 -0.924799 -0.21904
-42.2085 81.4535 5.11084 0.325372 -0.924881 -0.196792
-43.1863 81.1135 5.00331 0.339567 -0.92309 -0.180551
-44.3429 80.7085 4.87651 0.364365 -0.915779 -0.169079
-45.4301 80.2854 4.74895 0.374086 -0.914068 -0.156653
-46.5479 79.8222 4.61221 0.409453 -0.89964 -0.151646
-47.5335 79.3895 4.48692 0.424486 -0.89355 -0.146217
-48.9526 78.7249 4.2941 0.439271 -0.887405 -0.139833
-49.9221 78.2415 4.16125 0.457196 -0.881617 -0.117146
-51.4517 77.4534 3.94831 0.477841 -0.8705 -0.11789
-52.4009 76.9506 3.80758 0.484821 -0.866734 -0.117137
-53.5086 76.3415 3.65 0.491943 -0.862532 -0.118453
-54.4205 75.8367 3.52207 0.493838 -0.861042 -0.121372
-54.9808 75.5271 3.44446 0.492926 -0.861236 -0.123676
-53.8898 76.2653 2.6451 0.490098 -0.86298 -0.122762
-52.4714 77.0404 2.85117 0.484821 -0.866733 -0.117143
-51.4372 77.5876 3.00971 0.479977 -0.86892 -0.120831
-50.3166 78.1776 3.17557 0.466417 -0.875059 -0.129332
-49.2009 78.7463 3.33031 0.453736 -0.881121 -0.133224
-47.7641 79.434 3.52773 0.439269 -0.887406 -0.139836
-46.7407 79.8889 3.66034 0.414185 -0.897729 -0.150113
-45.578 80.3936 3.80797 0.388437 -0.907176 -0.161706
-44.4986 80.8183 3.93762 0.378571 -0.909043 -0.174142
-43.5496 81.1795 4.04524 0.362955 -0.915624 -0.172907
-42.5394 81.5315 4.1562 0.33574 -0.922217 -0.191819
-40.9177 82.0609 4.33357 0.314956 -0.927418 -0.20174
-39.3305 82.5684 4.50948 0.307354 -0.922967 -0.23166
-38.0702 82.9535 4.64737 0.318736 -0.916353 -0.242288
-37.0091 83.2776 4.76783 0.302811 -0.907176 -0.292126
-36.0546 83.56 4.88025 0.298467 -0.90854 -0.292356
-34.7992 83.9187 5.02651 0.28519 -0.908621 -0.305081
-33.6397 84.2052 5.14862 0.250805 -0.909989 -0.330177
-32.3742 84.5141 5.28624 0.252301 -0.905858 -0.340243
-30.7532 84.8937 5.44998 0.243644 -0.909192 -0.337649
-29.7 85.1411 5.55552 0.247696 -0.908407 -0.336814
-28.2144 85.5529 5.70597 0.337994 -0.881376 -0.330055
-27.5542 85.7798 5.77624 0.286025 -0.924868 -0.250615
-26.6578 86.1276 4.9265 0.18195 -0.968664 -0.169067
-27.8986 85.8601 4.84726 0.230949 -0.958276 -0.168436
-28.9903 85.6295 4.75721 0.231567 -0.924276 -0.303466
-30.4248 85.2863 4.61751 0.249926 -0.909532 -0.332096
-32.0283 84.922 4.45364 0.243643 -0.909192 -0.33765
-33.1182 84.6557 4.33227 0.263025 -0.910741 -0.318386
-34.3522 84.3347 4.19048 0.295689 -0.907772 -0.29752
-35.5401 83.9945 4.04616 0.29512 -0.908754 -0.295076
-36.9842 83.5584 3.87061 0.325181 -0.91094 -0.25386
-38.1373 83.1835 3.73248 0.330026 -0.90948 -0.252841
-39.7581 82.6673 3.54798 0.322626 -0.919164 -0.225943
-41.3092 82.1371 3.37197 0.326419 -0.921379 -0.210976
-42.9486 81.58 3.19307 0.351408 -0.918861 -0.179462
-44.3573 81.0506 3.03227 0.370778 -0.912365 -0.173535
-45.7128 80.49 2.86398 0.398206 -0.905075 -0.149237
-46.7846 80.0247 2.72747 0.41452 -0.897647 -0.149677
-47.8389 79.55 2.58994 0.448607 -0.881341 -0.148289
-49.0761 78.9493 2.41776 0.451487 -0.880692 -0.143325
-49.9706 78.4904 2.28976 0.46822 -0.874599 -0.125885
-51.2255 77.8353 2.10359 0.481568 -0.867498 -0.12466
-52.4366 77.1913 1.91299 0.484775 -0.865584 -0.125529
-51.4938 77.829 1.12181 0.480614 -0.867739 -0.126644
-50.5175 78.3464 1.2765 0.474054 -0.870016 -0.135443
-49.2795 78.9924 1.45782 0.473893 -0.87005 -0.135787
-47.9178 79.6677 1.65198 0.451487 -0.880692 -0.143325
-46.9525 80.1047 1.77945 0.417617 -0.894627 -0.158865
-45.8741 80.58 1.9171 0.399911 -0.901484 -0.165523
-44.8399 81.0179 2.04579 0.401897 -0.901015 -0.16325
-43.7605 81.4531 2.17958 0.37192 -0.912748 -0.169017
-42.521 81.908 2.31968 0.338056 -0.923507 -0.181252
-41.2691 82.3671 2.4639 0.35353 -0.911395 -0.210655
-39.8689 82.848 2.61978 0.328166 -0.921585 -0.207336
-38.6532 83.2663 2.75914 0.347508 -0.918482 -0.188758
-37.2203 83.7359 2.93112 0.326905 -0.909614 -0.256391
-36.0325 84.1218 3.08504 0.324547 -0.909511 -0.259728
-34.5528 84.5683 3.27848 0.295691 -0.907773 -0.297515
-33.4948 84.8681 3.41356 0.279199 -0.909503 -0.307981
-32.3215 85.1678 3.55589 0.275054 -0.902824 -0.330536
-31.2974 85.4036 3.66908 0.238837 -0.910611 -0.33726
-29.6583 85.7504 3.82576 0.212889 -0.937749 -0.274419
-28.6265 85.9517 3.90954 0.17544 -0.945123 -0.275614
-27.0136 86.2202 4.01559 0.134998 -0.965521 -0.222586
-27.0027 86.2205 4.01596 0.0259131 -0.994585 -0.100643
-26.6542 86.378 3.13767 -0.0117406 -0.983404 -0.181051
-27.9079 86.2946 3.08393 0.093891 -0.981224 -0.168475
-29.3595 86.0659 2.97947 0.193306 -0.934148 -0.300002
-30.5012 85.8835 2.8916 0.173532 -0.92956 -0.325275
-31.7756 85.6147 2.76045 0.233869 -0.914174 -0.331046
-33.0536 85.2855 2.59175 0.28738 -0.906959 -0.307958
-34.1131 84.9916 2.44715 0.297024 -0.903559 -0.308801
-35.1244 84.6712 2.29931 0.338675 -0.897156 -0.283569
-36.595 84.2005 2.09496 0.337229 -0.910136 -0.240685
-37.6261 83.8429 1.95808 0.360649 -0.906645 -0.218922
-38.6911 83.4436 1.82668 0.347511 -0.91848 -0.18876
-40.1639 82.951 1.66688 0.317696 -0.927162 -0.198597
-41.7525 82.3904 1.49328 0.368407 -0.906732 -0.205214
-42.812 81.9881 1.36845 0.35331 -0.915323 -0.193277
-43.7547 81.6183 1.25432 0.379099 -0.911352 -0.160381
-45.0531 81.0954 1.09341 0.399911 -0.901484 -0.165525
-46.2026 80.6141 0.954321 0.409168 -0.896831 -0.168152
-47.6814 79.9311 0.755684 0.448224 -0.883022 -0.139162
-49.1408 79.21 0.546853 0.454455 -0.879924 -0.13858
-50.4848 78.5092 0.343159 0.474217 -0.869981 -0.135096
-50.5971 78.4499 0.325037 0.484138 -0.864946 -0.132206
-49.1684 79.3425 -0.389871 0.475445 -0.86905 -0.136762
-48.0796 79.8811 -0.231846 0.453534 -0.880105 -0.140436
-47.0209 80.3924 -0.0823811 0.441867 -0.886166 -0.139512
-46.0663 80.8464 0.049915 0.415004 -0.894907 -0.164052
-44.8715 81.3495 0.196499 0.382449 -0.907097 -0.175806
-43.4486 81.9037 0.37012 0.379633 -0.910647 -0.163098
-42.3363 82.318 0.500437 0.374688 -0.91654 -0.139872
-41.3094 82.7192 0.622292 0.361373 -0.923017 -0.132096
-40.3169 83.0677 0.724997 0.331407 -0.934409 -0.130574
-39.198 83.4486 0.839111 0.347028 -0.926901 -0.142918
-38.1044 83.8805 0.967232 0.37552 -0.901425 -0.215448
-36.7409 84.3787 1.13759 0.353429 -0.905868 -0.233435
-34.9461 85.0137 1.41324 0.352109 -0.902899 -0.24656
-33.9553 85.3397 1.58057 0.31795 -0.900626 -0.296277
-32.8354 85.6415 1.74665 0.287039 -0.907214 -0.307523
-31.7988 85.9157 1.90523 0.256779 -0.91222 -0.319248
-30.6258 86.1606 2.02914 0.204282 -0.927286 -0.313702
-29.5152 86.3313 2.12103 0.168581 -0.936137 -0.308589
-27.8908 86.4517 2.19689 0.0787818 -0.975103 -0.207286
-27.6971 86.4657 2.20475 0.086349 -0.978381 -0.187921
-36.5399 84.7037 0.219377 0.391527 -0.905757 -0.162205
-37.8705 84.146 0.0465732 0.40218 -0.903461 -0.148355
-38.8039 83.7561 -0.0610787 0.37907 -0.913332 -0.148763
-39.9401 83.3269 -0.17382 0.347026 -0.926902 -0.142919
-40.9479 82.974 -0.270604 0.347959 -0.929236 -0.124282
-42.2788 82.4811 -0.414121 0.361737 -0.920891 -0.145282
-43.6142 82.0034 -0.571962 0.36423 -0.917996 -0.156906
-44.6518 81.605 -0.695188 0.36439 -0.915142 -0.172438
-45.7645 81.1399 -0.834395 0.42947 -0.890713 -0.148947
-46.9734 80.5732 -1.00818 0.446055 -0.882339 -0.150041
-48.04 80.0537 -1.15867 0.45624 -0.877481 -0.147895
-46.2646 81.054 -1.83163 0.4075 -0.903774 -0.130908
-45.3318 81.4693 -1.69868 0.417663 -0.901227 -0.115535
-44.217 81.9115 -1.56579 0.353398 -0.929666 -0.104072
-43.1838 82.2754 -1.4351 0.344688 -0.934715 -0.086592
-41.9216 82.7014 -1.29793 0.316503 -0.947554 -0.0443619
-40.5228 83.2098 -1.16467 0.368328 -0.92884 -0.039892
-39.3445 83.6846 -1.06507 0.371013 -0.926563 -0.0618886
-38.0021 84.2538 -0.929611 0.415036 -0.901583 -0.122039
-37.666 84.4002 -0.89217 0.408809 -0.89946 -0.154423
-38.4354 84.1553 -1.95225 0.41538 -0.904962 -0.0922093
-39.7865 83.5737 -2.05493 0.381777 -0.922536 -0.0563291
-40.9101 83.0978 -2.13212 0.368322 -0.928842 -0.039891
-42.568 82.5677 -2.2842 0.288797 -0.955527 -0.0597003
-43.7105 82.1738 -2.40898 0.336871 -0.937313 -0.0892342
-44.3066 81.9665 -2.48158 0.336874 -0.937312 -0.0892329
-42.2342 82.7136 -3.1603 0.272485 -0.961947 0.0202432
-41.2613 82.9908 -3.08395 0.28541 -0.958271 0.0160723
-40.1311 83.4266 -3.02333 0.373666 -0.92486 0.0707697
-39.3098 83.781 -2.98653 0.412847 -0.908942 0.0581504
-28.7015 77.3166 21.1134 -0.11757 -0.868777 -0.481044
-30.1206 77.4673 21.2017 -0.125878 -0.869821 -0.477039
-31.5244 77.6125 21.2933 -0.116722 -0.871014 -0.477191
-32.9717 77.7019 21.3676 -0.0418555 -0.876645 -0.479314
-34.0769 77.734 21.4054 -0.05002 -0.879903 -0.472513
-35.4573 77.7449 21.4366 -0.0169204 -0.882723 -0.46959
-36.7606 77.7308 21.4592 0.0123967 -0.884963 -0.465496
-37.7654 77.7294 21.478 0.0152399 -0.899645 -0.436356
-39.1912 77.6626 21.4791 0.0536155 -0.911192 -0.408478
-40.6555 77.5291 21.4548 0.108571 -0.908703 -0.403076
-41.6547 77.4182 21.4313 0.183278 -0.903242 -0.388024
-42.8767 77.1983 21.3659 0.179093 -0.906045 -0.383417
-44.079 76.9309 21.292 0.25145 -0.902067 -0.350783
-45.1857 76.6483 21.2117 0.303491 -0.884866 -0.353419
-46.3004 76.3271 21.1194 0.286297 -0.895434 -0.340927
-47.3947 75.9702 21.0166 0.372994 -0.866195 -0.332539
-48.4438 75.5284 20.8843 0.400633 -0.84587 -0.352131
-49.5012 75.0424 20.7433 0.429495 -0.841459 -0.327843
-50.4803 74.5981 20.6217 0.445586 -0.839303 -0.311487
-51.6463 74.0039 20.4552 0.463319 -0.835168 -0.29636
-52.7498 73.4256 20.2964 0.488907 -0.826808 -0.278135
-53.7801 72.8668 20.1501 0.502126 -0.820266 -0.273923
-54.7968 72.2967 19.9995 0.497521 -0.83018 -0.251545
-55.706 71.7948 19.8579 0.488144 -0.835874 -0.251056
-57.2842 70.9382 19.6346 0.492052 -0.839079 -0.232014
-58.2159 70.4494 19.5156 0.473851 -0.84988 -0.230586
-59.5901 69.7435 19.3446 0.44637 -0.868176 -0.216851
-60.6468 69.236 19.2249 0.440953 -0.872059 -0.212305
-60.7511 69.1864 19.2128 0.439433 -0.872654 -0.213009
-60.0773 69.2885 20.1858 0.439713 -0.86911 -0.226495
-58.8837 69.8603 20.3195 0.459255 -0.859321 -0.225061
-57.6876 70.4848 20.4705 0.473488 -0.85045 -0.229226
-56.3644 71.185 20.6478 0.478711 -0.841471 -0.250525
-54.6805 72.0958 20.8927 0.497521 -0.830179 -0.251546
-53.7848 72.5673 21.0196 0.483764 -0.828606 -0.281753
-52.8407 73.0807 21.162 0.489887 -0.825687 -0.279735
-51.8063 73.6163 21.3106 0.459786 -0.838062 -0.293684
-50.8065 74.1172 21.4508 0.445583 -0.839303 -0.31149
-49.8757 74.5405 21.5637 0.422578 -0.843026 -0.332768
-48.9511 74.9573 21.6819 0.406968 -0.847035 -0.34192
-48.0254 75.3454 21.7959 0.399878 -0.843988 -0.357467
-47.1013 75.7332 21.9141 0.348853 -0.854093 -0.38578
-45.4928 76.1903 22.0421 0.272834 -0.877861 -0.3936
-44.4605 76.4917 22.1317 0.29195 -0.87545 -0.385166
-43.1256 76.7954 22.2177 0.174902 -0.908803 -0.378795
-41.8092 77.0234 22.2785 0.16226 -0.89505 -0.4154
-40.8005 77.1151 22.2916 0.0838093 -0.881273 -0.465117
-39.1341 77.2503 22.3112 0.0674324 -0.881137 -0.468028
-37.867 77.3224 22.3137 0.0152435 -0.899645 -0.436356
-36.5994 77.3204 22.2849 -0.018426 -0.890256 -0.455088
-35.1669 77.3136 22.2491 -0.0126754 -0.8877 -0.460249
-33.647 77.2867 22.2 -0.0581769 -0.883055 -0.46565
-32.4381 77.247 22.1532 -0.0750297 -0.872382 -0.483033
-30.9677 77.118 22.0562 -0.107546 -0.86776 -0.485208
-29.4583 76.9544 21.9541 -0.12846 -0.867788 -0.480044
-29.2228 76.9298 21.9386 -0.117331 -0.868588 -0.481444
-29.2592 76.4935 22.7346 -0.132172 -0.858755 -0.495045
-30.7483 76.6521 22.8412 -0.126969 -0.866786 -0.482245
-32.3197 76.7891 22.9447 -0.10456 -0.866783 -0.4876
-33.4852 76.8506 23.0068 -0.058176 -0.883056 -0.465647
-34.8674 76.8884 23.061 -0.00857607 -0.885687 -0.464203
-36.1351 76.8816 23.086 -0.00447736 -0.883643 -0.468141
-37.4432 76.8963 23.1244 -0.017676 -0.877722 -0.478844
-38.889 76.8329 23.1317 0.0660525 -0.879492 -0.471307
-39.9769 76.7535 23.125 0.075626 -0.881232 -0.466595
-41.9432 76.5769 23.1034 0.084425 -0.880801 -0.465899
-43.3478 76.3644 23.0542 0.167744 -0.86527 -0.472409
-44.6157 76.0598 22.9655 0.269437 -0.843032 -0.465511
-45.6493 75.7669 22.8779 0.282408 -0.876704 -0.389404
-46.9284 75.383 22.7689 0.296603 -0.861204 -0.412739
-48.0206 74.9848 22.6525 0.395557 -0.847387 -0.354218
-49.1119 74.5371 22.5213 0.391218 -0.850752 -0.350956
-50.2041 74.0524 22.3833 0.431252 -0.835893 -0.339564
-51.1658 73.5939 22.2589 0.447436 -0.826544 -0.341505
-52.1519 73.1058 22.1214 0.45358 -0.825395 -0.336136
-53.1653 72.6063 21.986 0.471777 -0.825935 -0.308639
-54.3803 71.9607 21.8037 0.476646 -0.832588 -0.282146
-55.3861 71.4337 21.6628 0.467693 -0.839595 -0.276303
-56.7062 70.7408 21.4833 0.479063 -0.840868 -0.251873
-57.77 70.2034 21.3476 0.454881 -0.854815 -0.249747
-58.8898 69.6286 21.2116 0.44525 -0.867398 -0.222202
-60.1527 69.0196 21.0711 0.433358 -0.873693 -0.221044
-60.5002 68.8594 21.0355 0.426965 -0.878197 -0.215573
-60.239 68.7569 21.958 0.42551 -0.87758 -0.220893
-59.1693 69.2661 22.0734 0.444441 -0.86869 -0.218744
-57.8569 69.902 22.221 0.454165 -0.855981 -0.247043
-56.8282 70.4129 22.3461 0.467019 -0.847926 -0.250829
-55.2911 71.1965 22.5476 0.460146 -0.843975 -0.275628
-54.3753 71.6733 22.6747 0.475205 -0.835148 -0.276963
-52.7822 72.4561 22.8917 0.443914 -0.843541 -0.302288
-51.7101 72.9779 23.0316 0.453581 -0.825399 -0.336127
-50.6222 73.5001 23.1739 0.439851 -0.828617 -0.346302
-49.6394 73.9618 23.3092 0.414515 -0.829038 -0.37533
-48.3492 74.4861 23.464 0.385922 -0.840078 -0.381226
-47.2366 74.8977 23.5846 0.312887 -0.859516 -0.404145
-46.1014 75.2463 23.6831 0.300855 -0.86821 -0.394586
-44.9893 75.516 23.7494 0.229027 -0.874486 -0.427577
-43.5615 75.8564 23.8492 0.185984 -0.849896 -0.493038
-42.161 76.1207 23.9219 0.167744 -0.86527 -0.472408
-41.157 76.2109 23.9285 0.0790971 -0.873689 -0.480012
-39.2029 76.3732 23.9455 0.0702512 -0.876483 -0.476281
-37.7441 76.4463 23.9384 -0.00986344 -0.873568 -0.486602
-36.4281 76.4494 23.9061 -0.0176774 -0.877724 -0.478841
-35.1594 76.4436 23.8723 -0.0182464 -0.861369 -0.507652
-33.8667 76.4206 23.8281 -0.0558332 -0.863376 -0.501463
-32.7377 76.3657 23.7711 -0.0670269 -0.869131 -0.490019
-31.6927 76.2853 23.702 -0.10215 -0.865152 -0.490996
-30.5654 76.1886 23.6262 -0.141586 -0.854604 -0.499606
-29.3382 76.0286 23.5161 -0.156105 -0.841856 -0.516633
-28.9192 75.9752 23.4811 -0.140711 -0.841872 -0.521011
-29.3518 75.5539 24.2937 -0.157548 -0.843061 -0.514225
-30.7122 75.7323 24.4219 -0.137735 -0.846434 -0.514372
-31.7221 75.8258 24.4961 -0.116417 -0.848218 -0.516694
-32.7184 75.9134 24.5708 -0.0846014 -0.867277 -0.490584
-33.7502 75.946 24.6115 -0.0446237 -0.857371 -0.512761
-34.7996 75.9761 24.6525 -0.0314366 -0.859446 -0.510259
-36.3643 75.9916 24.6987 -0.0270972 -0.866044 -0.499233
-37.5152 75.9945 24.7321 -0.0137322 -0.867888 -0.49657
-39.3744 75.915 24.7506 0.0735711 -0.872085 -0.483792
-40.4263 75.8294 24.7432 0.0767694 -0.873559 -0.480627
-42.4125 75.6664 24.7383 0.0712863 -0.879515 -0.470501
-43.8011 75.3793 24.6527 0.220435 -0.874017 -0.433016
-45.1535 75.0691 24.5683 0.224023 -0.866163 -0.446738
-46.3093 74.7996 24.5075 0.265149 -0.872034 -0.411403
-47.5437 74.3902 24.3871 0.324825 -0.850553 -0.41358
-48.655 73.9802 24.2695 0.389266 -0.83732 -0.383883
-49.9231 73.4561 24.1129 0.414514 -0.829038 -0.375332
-50.8258 73.0367 23.9905 0.414971 -0.846419 -0.333729
-52.388 72.3362 23.7998 0.422975 -0.842618 -0.333296
-53.3845 71.8599 23.671 0.449705 -0.840343 -0.302636
-54.9994 71.0593 23.4551 0.465401 -0.83624 -0.290008
-56.1362 70.494 23.3117 0.455889 -0.851673 -0.258493
-57.2271 69.9619 23.1796 0.447829 -0.858231 -0.250776
-58.1533 69.5035 23.0688 0.441076 -0.864169 -0.242206
-59.0634 69.0824 22.9716 0.42862 -0.871018 -0.240025
-60.2317 68.5364 22.8479 0.420143 -0.881812 -0.214212
-59.6008 68.5944 23.7987 0.416555 -0.879879 -0.228682
-58.0445 69.311 23.965 0.427857 -0.873504 -0.232228
-56.954 69.8296 24.091 0.442181 -0.859259 -0.257198
-55.8524 70.3698 24.2216 0.445644 -0.85314 -0.271208
-54.8324 70.8495 24.3419 0.442668 -0.850401 -0.284365
-53.5176 71.4912 24.5126 0.438354 -0.846972 -0.300807
-52.3381 72.0234 24.6538 0.422978 -0.842617 -0.333296
-50.8026 72.7108 24.8459 0.414971 -0.846419 -0.333729
-49.8569 73.1014 24.9563 0.3899 -0.839956 -0.377429
-48.5277 73.6508 25.1207 0.362915 -0.841978 -0.399206
-47.536 73.9911 25.2139 0.324829 -0.850555 -0.413573
-45.4978 74.5674 25.3684 0.228679 -0.862775 -0.450916
-44.458 74.8068 25.4256 0.227516 -0.865773 -0.445728
-42.7935 75.1886 25.5473 0.219894 -0.856975 -0.46609
-41.6909 75.2866 25.5499 0.0677203 -0.874049 -0.481095
-40.6587 75.3676 25.5481 0.0678939 -0.874056 -0.481057
-39.5977 75.4491 25.5514 0.0727077 -0.870737 -0.486345
-38.306 75.5273 25.5455 -0.00452284 -0.862558 -0.505937
-36.9981 75.5407 25.5111 -0.00912836 -0.865246 -0.501265
-35.9383 75.5292 25.4747 -0.0306658 -0.859879 -0.509576
-34.5675 75.5069 25.4299 -0.0362005 -0.862246 -0.505195
-33.3028 75.4738 25.3813 -0.0418685 -0.86454 -0.500817
-32.2133 75.3954 25.3127 -0.116185 -0.847978 -0.51714
-31.0412 75.2867 25.2275 -0.116306 -0.848097 -0.516919
-29.7592 75.1349 25.1129 -0.157355 -0.846498 -0.508607
-29.4651 75.097 25.0849 -0.157357 -0.846499 -0.508604
-29.7449 74.6643 25.8917 -0.144881 -0.839593 -0.52354
-30.8717 74.7856 25.981 -0.13191 -0.832393 -0.538258
-31.8697 74.8914 26.0619 -0.124061 -0.840283 -0.527762
-33.0149 74.9797 26.135 -0.0848224 -0.84723 -0.524411
-34.0495 75.0373 26.1914 -0.0361154 -0.851671 -0.522832
-35.3378 75.0582 26.2333 -0.0305974 -0.859887 -0.509566
-36.7226 75.0747 26.2843 -0.027581 -0.85821 -0.512557
-38.0053 75.0686 26.3232 -0.00504929 -0.861661 -0.507459
-39.8916 74.9853 26.351 0.0640915 -0.867029 -0.494119
-41.2864 74.8757 26.3534 0.0753533 -0.867622 -0.491482
-42.5301 74.7607 26.3451 0.0829703 -0.861014 -0.501767
-43.6943 74.5439 26.2837 0.208633 -0.848028 -0.487155
-45.4789 74.143 26.1795 0.233833 -0.861274 -0.451143
-46.9342 73.7916 26.0969 0.279433 -0.856037 -0.434877
-47.9481 73.4457 25.993 0.332153 -0.844892 -0.419323
-48.9811 73.0881 25.8952 0.362918 -0.841977 -0.399205
-50.2181 72.5816 25.7482 0.386607 -0.841976 -0.376313
-51.3403 72.1328 25.6244 0.386366 -0.8529 -0.351117
-52.7441 71.5219 25.4599 0.416868 -0.852108 -0.316437
-53.8634 71.014 25.3235 0.426509 -0.847248 -0.31664
-55.1098 70.432 25.1732 0.433377 -0.85804 -0.275592
-56.2968 69.8794 25.0387 0.420692 -0.867111 -0.266714
-57.9784 69.1061 24.8625 0.433335 -0.87135 -0.230153
-59.1255 68.5757 24.7394 0.419961 -0.880281 -0.220769
-59.2251 68.5318 24.7297 0.408557 -0.887554 -0.212906
-59.1777 68.3395 25.6329 0.411243 -0.886897 -0.210457
-58.1225 68.8047 25.7344 0.419959 -0.880281 -0.220769
-57.1015 69.2601 25.8297 0.409885 -0.872466 -0.266078
-56.1461 69.6806 25.9224 0.420694 -0.867112 -0.266709
-55.1014 70.1586 26.0393 0.409599 -0.863302 -0.294853
-53.7267 70.768 26.1956 0.418945 -0.85877 -0.294958
-52.8125 71.1697 26.3025 0.387847 -0.858372 -0.335816
-51.5417 71.7012 26.4428 0.393998 -0.849442 -0.351017
-50.1879 72.248 26.5863 0.378707 -0.856298 -0.351191
-49.2577 72.6025 26.6861 0.327202 -0.859258 -0.39321
-48.288 72.9153 26.7679 0.328453 -0.838107 -0.43554
-47.2242 73.2775 26.8733 0.294573 -0.842492 -0.451037
-45.1507 73.8021 27.0095 0.212365 -0.861995 -0.460288
-44.1453 74.0021 27.05 0.190247 -0.860239 -0.47307
-42.9748 74.2434 27.1218 0.165367 -0.845659 -0.50746
-41.3928 74.4103 27.1379 0.0837661 -0.862433 -0.499191
-40.2416 74.5083 27.1403 0.0725011 -0.861081 -0.503272
-38.7848 74.5898 27.1258 0.0017131 -0.857378 -0.514685
-37.4748 74.6138 27.0902 -0.00166711 -0.859534 -0.511076
-36.4658 74.6089 27.0538 -0.0240155 -0.864248 -0.502493
-34.9532 74.5758 26.9876 -0.0526462 -0.850513 -0.523313
-33.8511 74.5482 26.9454 -0.0620649 -0.84231 -0.535408
-32.1212 74.4339 26.8409 -0.114422 -0.835777 -0.537014
-30.8261 74.2917 26.735 -0.133308 -0.838224 -0.528781
-30.7272 74.2812 26.7271 -0.130516 -0.839102 -0.528084
-30.658 73.7954 27.4828 -0.131385 -0.839352 -0.527471
-31.8433 73.922 27.5784 -0.114416 -0.835781 -0.537009
-32.8392 73.9922 27.6419 -0.0935486 -0.834058 -0.543688
-33.8736 74.0672 27.7089 -0.0749644 -0.861103 -0.502874
-35.1647 74.1214 27.7773 -0.0635967 -0.857537 -0.510476
-36.4616 74.1538 27.8363 -0.0197413 -0.861849 -0.50678
-37.4924 74.1523 27.8701 -0.0154561 -0.859421 -0.511035
-38.6331 74.1319 27.9012 0.00429821 -0.863103 -0.505009
-40.3114 74.0467 27.9216 0.0735043 -0.863043 -0.499755
-41.3188 73.9626 27.9187 0.0729999 -0.862064 -0.501514
-42.5727 73.8098 27.893 0.124923 -0.835635 -0.534891
-43.6279 73.6646 27.8735 0.165369 -0.845654 -0.507468
-44.6414 73.4629 27.8321 0.19003 -0.867198 -0.460279
-45.6439 73.264 27.7914 0.232338 -0.866289 -0.442225
-47.5109 72.7638 27.6455 0.294573 -0.842492 -0.451037
-49.0307 72.2939 27.5221 0.296064 -0.867153 -0.400489
-50.2316 71.8654 27.4078 0.357983 -0.850433 -0.385503
-51.2645 71.4783 27.3107 0.372016 -0.86503 -0.336641
-52.8365 70.8449 27.1528 0.38156 -0.867002 -0.320498
-54.1443 70.2863 27.0051 0.411098 -0.858384 -0.30688
-55.0589 69.8839 26.9027 0.406832 -0.868901 -0.281954
-55.9789 69.4884 26.8066 0.397244 -0.877678 -0.268101
-57.5717 68.8016 26.6573 0.406026 -0.879362 -0.248726
-58.6902 68.3379 26.563 0.397989 -0.887918 -0.230665
-58.7208 68.3244 26.5601 0.410741 -0.885305 -0.218005
-59.3916 67.8133 27.376 0.371815 -0.903575 -0.212853
-58.4235 68.209 27.4569 0.385106 -0.890238 -0.243249
-57.4756 68.5974 27.5364 0.395595 -0.884865 -0.246006
-56.1105 69.17 27.664 0.390484 -0.880985 -0.267186
-55.0592 69.617 27.7698 0.392966 -0.875261 -0.28195
-54.0871 70.0097 27.8699 0.391951 -0.871412 -0.294985
-53.0158 70.4528 27.9843 0.397606 -0.864712 -0.306893
-51.9534 70.8734 28.0827 0.362336 -0.862752 -0.352665
-50.2572 71.5022 28.234 0.342596 -0.869789 -0.355099
-49.3069 71.8325 28.3179 0.297081 -0.868684 -0.396398
-47.7925 72.2951 28.4411 0.297474 -0.868254 -0.397045
-46.6279 72.6027 28.5269 0.2627 -0.871349 -0.414415
-45.1605 72.9332 28.613 0.196041 -0.86428 -0.463237
-44.1628 73.1306 28.6559 0.163715 -0.864094 -0.475962
-42.9919 73.3057 28.6763 0.132347 -0.862703 -0.488086
-41.9516 73.4472 28.6973 0.127448 -0.865201 -0.484958
-40.8574 73.5479 28.7005 0.0764699 -0.860908 -0.502981
-39.2166 73.6507 28.6903 0.0150093 -0.856218 -0.516396
-38.0864 73.6854 28.6657 0.0180206 -0.862298 -0.506081
-37.0372 73.694 28.6321 -0.012581 -0.865549 -0.500666
-35.5704 73.6826 28.5809 -0.0523038 -0.862426 -0.503474
-34.3009 73.6334 28.5143 -0.059632 -0.865306 -0.497684
-32.9998 73.5442 28.4303 -0.098251 -0.858256 -0.50373
-31.3798 73.4014 28.3111 -0.128128 -0.847156 -0.515664
-31.3085 73.3939 28.3053 -0.131546 -0.847809 -0.513727
-31.9197 72.9856 29.1255 -0.122948 -0.867657 -0.481721
-33.2494 73.1034 29.2234 -0.0885764 -0.865604 -0.492832
-34.6555 73.198 29.3139 -0.0749621 -0.8611 -0.50288
-35.8555 73.2315 29.3674 -0.0449695 -0.859463 -0.509216
-36.995 73.2429 29.4109 -0.0105941 -0.864493 -0.502533
-38.1869 73.2327 29.4488 -0.0086111 -0.863429 -0.504397
-39.2242 73.1979 29.4712 0.0210353 -0.868244 -0.495691
-40.761 73.1046 29.483 0.081499 -0.86859 -0.488784
-41.7889 73.0099 29.4798 0.0789823 -0.864781 -0.495899
-42.9987 72.8558 29.4623 0.13536 -0.870313 -0.473532
-44.4522 72.6469 29.4404 0.155439 -0.872755 -0.46275
-45.835 72.376 29.3796 0.19427 -0.869879 -0.453398
-47.0076 72.1071 29.3123 0.236391 -0.858571 -0.454944
-48.5715 71.6834 29.1967 0.296691 -0.869117 -0.39574
-50.2015 71.1647 29.0641 0.316654 -0.862231 -0.395334
-51.3194 70.7759 28.9727 0.355442 -0.871448 -0.337992
-52.3697 70.3903 28.8902 0.348423 -0.879851 -0.323208
-53.4967 69.9546 28.789 0.379324 -0.86897 -0.317812
-54.8446 69.4147 28.6545 0.379435 -0.881289 -0.281706
-55.8889 69.0023 28.5545 0.378783 -0.885813 -0.268065
-56.927 68.5739 28.4581 0.388901 -0.884579 -0.25744
-57.98 68.1628 28.3715 0.373842 -0.895801 -0.240382
-58.9096 67.7839 28.2936 0.383835 -0.894377 -0.229697
-59.0803 67.7149 28.2794 0.362076 -0.905018 -0.223256
-59.6366 67.2881 29.1169 0.360435 -0.908276 -0.212417
-58.5357 67.7049 29.2025 0.363335 -0.898708 -0.245582
-56.8857 68.3379 29.3317 0.37637 -0.890898 -0.254255
-55.6479 68.8236 29.4422 0.368581 -0.886852 -0.278642
-54.4225 69.2993 29.5572 0.357259 -0.884427 -0.300257
-53.4421 69.6673 29.6396 0.368341 -0.876813 -0.309069
-52.0536 70.1972 29.7565 0.334067 -0.877834 -0.343229
-50.8732 70.5946 29.8374 0.311777 -0.87852 -0.361936
-49.2153 71.1158 29.9606 0.310407 -0.872155 -0.378145
-47.9507 71.4787 30.0642 0.282005 -0.863329 -0.418492
-46.9037 71.7197 30.1207 0.214094 -0.880366 -0.423226
-45.6855 71.9892 30.1858 0.185836 -0.867456 -0.461504
-44.4117 72.2263 30.2304 0.177379 -0.86491 -0.46954
-43.0761 72.4312 30.2597 0.122222 -0.875868 -0.466816
-42.0232 72.5605 30.2685 0.0912003 -0.875568 -0.474407
-40.733 72.6665 30.2662 0.0764347 -0.874031 -0.47982
-39.5128 72.7368 30.2528 0.02712 -0.864518 -0.501869
-38.4451 72.7808 30.2357 -0.00014182 -0.880593 -0.473873
-37.2655 72.7977 30.2013 -0.00112077 -0.881062 -0.473
-36.0778 72.7992 30.1605 -0.0320637 -0.878009 -0.477569
-34.9979 72.7783 30.1161 -0.0365499 -0.880061 -0.473452
-33.931 72.7188 30.0514 -0.0842042 -0.873193 -0.480046
-32.9604 72.6511 29.9887 -0.120299 -0.86685 -0.483837
-34.1227 72.2999 30.8495 -0.0756714 -0.888807 -0.451992
-35.1442 72.3571 30.9104 -0.0590709 -0.876316 -0.478102
-36.3777 72.3693 30.9595 -0.0275842 -0.875919 -0.481669
-37.5661 72.369 31.0006 -0.000141566 -0.880594 -0.473872
-38.9302 72.3465 31.04 0.000837405 -0.880124 -0.474744
-39.9634 72.3005 31.055 0.0517259 -0.882449 -0.467555
-41.2868 72.1975 31.0583 0.0692418 -0.878286 -0.473095
-42.7006 72.0449 31.0514 0.110999 -0.87141 -0.477832
-43.723 71.931 31.047 0.119308 -0.892994 -0.433968
-45.1973 71.6783 31.0002 0.171487 -0.892803 -0.416528
-46.274 71.4797 30.9664 0.201091 -0.88882 -0.411778
-47.6353 71.1747 30.8967 0.226118 -0.885839 -0.405166
-48.9605 70.8305 30.8046 0.263998 -0.886721 -0.379514
-50.2519 70.4504 30.7133 0.294987 -0.880158 -0.371894
-51.704 69.9723 30.6064 0.3195 -0.875283 -0.363043
-52.7125 69.6435 30.5438 0.308398 -0.900808 -0.305673
-53.8754 69.2228 30.4565 0.356187 -0.891309 -0.280535
-54.9117 68.8353 30.372 0.35193 -0.893234 -0.279782
-56.4352 68.2606 30.2406 0.366415 -0.893613 -0.259223
-57.4763 67.8769 30.1587 0.36289 -0.900353 -0.240155
-58.7045 67.4155 30.0662 0.339871 -0.911243 -0.232646
-59.5104 67.1294 30.0096 0.35019 -0.909855 -0.222555
-59.906 66.7684 30.8604 0.325303 -0.920245 -0.21755
-58.7598 67.172 30.9393 0.338627 -0.913194 -0.226734
-57.0653 67.7866 31.0645 0.348531 -0.902886 -0.251641
-56.1139 68.1341 31.1369 0.343673 -0.905361 -0.24942
-54.6736 68.6546 31.2484 0.351935 -0.893234 -0.279777
-53.7248 69.0041 31.3195 0.339318 -0.891302 -0.300738
-52.7539 69.346 31.3846 0.306277 -0.902086 -0.304032
-51.112 69.8718 31.4927 0.294132 -0.899385 -0.323409
-49.9667 70.1948 31.5667 0.271508 -0.90125 -0.337685
-48.7993 70.5184 31.6417 0.278795 -0.89015 -0.360424
-47.6194 70.8036 31.7081 0.232477 -0.882762 -0.408272
-46.1476 71.1226 31.7741 0.18235 -0.888374 -0.421355
-44.6204 71.4045 31.8245 0.155952 -0.89031 -0.427817
-43.4383 71.5761 31.8556 0.119307 -0.892997 -0.433962
-42.3683 71.6914 31.8592 0.0928064 -0.895893 -0.434469
-40.978 71.8104 31.8536 0.0581685 -0.898987 -0.434095
-39.4914 71.9118 31.8428 0.0567031 -0.898232 -0.435848
-38.4172 71.9378 31.8176 0.00962666 -0.896096 -0.443756
-37.3749 71.9613 31.7927 -0.00397998 -0.894166 -0.447718
-35.5184 71.9551 31.7251 -0.0203719 -0.893231 -0.449136
-35.3284 71.9483 31.7152 -0.0633829 -0.884193 -0.462802
-35.7009 71.5483 32.5305 -0.0596785 -0.893316 -0.445449
-36.7479 71.5552 32.5704 -0.0175858 -0.892057 -0.45158
-37.8292 71.5541 32.6051 0.00657983 -0.898616 -0.438686
-39.2842 71.53 32.6434 0.00352607 -0.901094 -0.43361
-40.3155 71.4658 32.6535 0.0552312 -0.897473 -0.437598
-41.3366 71.3958 32.6641 0.0727963 -0.896423 -0.43718
-42.5955 71.2738 32.6619 0.0840103 -0.899962 -0.427797
-43.9343 71.1183 32.6451 0.136748 -0.903109 -0.407056
-45.1643 70.9416 32.6133 0.164708 -0.900691 -0.402027
-46.5778 70.6752 32.5673 0.180862 -0.902103 -0.391789
-48.2079 70.3259 32.5029 0.224973 -0.904811 -0.361529
-49.2157 70.0772 32.4496 0.245278 -0.897336 -0.366916
-50.5918 69.7028 32.3657 0.272648 -0.905504 -0.325156
-52.2084 69.2343 32.2656 0.303579 -0.901367 -0.308832
-53.6616 68.7409 32.1709 0.331161 -0.900357 -0.282294
-55.1055 68.2506 32.079 0.333248 -0.907109 -0.257098
-56.1221 67.8917 32.0053 0.343673 -0.905363 -0.249413
-57.1229 67.5254 31.9318 0.337425 -0.91174 -0.234254
-58.5283 67.0411 31.8365 0.338322 -0.915044 -0.219619
-59.6154 66.6578 31.7631 0.325302 -0.920247 -0.217542
-59.8858 66.5701 31.7464 0.313163 -0.925218 -0.214242
-59.6653 66.4388 32.6471 0.317834 -0.926331 -0.202219
-58.673 66.7792 32.7104 0.33325 -0.92104 -0.201569
-57.0579 67.3373 32.816 0.325702 -0.919621 -0.219579
-56.0822 67.6665 32.8783 0.314949 -0.920786 -0.230131
-55.0184 68.0292 32.947 0.328136 -0.90693 -0.264206
-53.692 68.4801 33.0325 0.319484 -0.908474 -0.269452
-52.1532 68.9607 33.1184 0.281083 -0.919259 -0.275601
-50.7798 69.3636 33.199 0.262133 -0.910944 -0.31854
-49.3329 69.7249 33.275 0.22278 -0.9195 -0.323865
-48.0977 70.0204 33.3358 0.235138 -0.901129 -0.364248
-46.6226 70.3146 33.3797 0.179072 -0.902852 -0.390885
-45.594 70.5083 33.408 0.164709 -0.900692 -0.402027
-44.3012 70.7029 33.4435 0.141727 -0.9014 -0.409134
-43.1005 70.8529 33.4701 0.117476 -0.899161 -0.421556
-42.0447 70.9524 33.4699 0.0806025 -0.906081 -0.415357
-40.4886 71.0709 33.4618 0.0462164 -0.911803 -0.408018
-39.2686 71.1426 33.4486 0.029392 -0.899589 -0.435747
-37.3615 71.1778 33.4039 0.00696456 -0.903444 -0.428649
-37.3614 71.1778 33.4039 -0.00426051 -0.905419 -0.424498
-38.0837 70.7926 34.2338 -0.0020558 -0.916443 -0.400161
-39.148 70.7822 34.2632 0.0229309 -0.91479 -0.403277
-40.2338 70.7214 34.2716 0.0470591 -0.912183 -0.407071
-41.5743 70.626 34.2782 0.0822753 -0.906753 -0.413558
-42.7726 70.5199 34.2791 0.0917345 -0.918732 -0.384078
-44.1158 70.373 34.2584 0.105431 -0.91319 -0.393661
-45.2916 70.1987 34.2256 0.141635 -0.914932 -0.37794
-46.5341 69.9967 34.2029 0.180747 -0.918012 -0.352966
-47.6022 69.796 34.1778 0.179795 -0.918443 -0.35233
-48.6378 69.5844 34.1427 0.219507 -0.916525 -0.334363
-49.6303 69.3626 34.0992 0.221151 -0.918027 -0.329118
-50.647 69.1065 34.0451 0.249083 -0.920371 -0.301456
-51.8357 68.7961 33.991 0.268661 -0.918593 -0.289842
-53.2615 68.3624 33.9153 0.316108 -0.907941 -0.275169
-54.494 67.9768 33.8482 0.308447 -0.919855 -0.242335
-55.4933 67.641 33.7871 0.322462 -0.917035 -0.234658
-56.4718 67.3282 33.734 0.307413 -0.924451 -0.225581
-57.4788 66.9887 33.6726 0.322187 -0.922729 -0.211581
-58.8958 66.5071 33.5854 0.328108 -0.923332 -0.199506
-59.5634 66.2828 33.5451 0.322946 -0.925596 -0.197427
-59.4119 66.1668 34.4504 0.313384 -0.934634 -0.168079
-58.0773 66.6027 34.5247 0.315018 -0.934269 -0.16705
-57.0841 66.9276 34.5801 0.305654 -0.935909 -0.175074
-55.9691 67.2775 34.6355 0.304083 -0.934008 -0.18752
-54.9555 67.5992 34.6899 0.314955 -0.920785 -0.230129
-53.8655 67.9341 34.746 0.296121 -0.927334 -0.228833
-52.7439 68.2802 34.8013 0.266466 -0.937655 -0.223156
-51.6885 68.5557 34.8408 0.256143 -0.917599 -0.303978
-50.6885 68.8206 34.8839 0.252615 -0.91899 -0.302727
-49.2855 69.1391 34.9458 0.211177 -0.920705 -0.328188
-47.9571 69.4142 34.995 0.178839 -0.918874 -0.351691
-46.9512 69.6003 35.0201 0.179794 -0.918443 -0.35233
-45.7754 69.8016 35.0449 0.132216 -0.920355 -0.368055
-44.3952 69.9914 35.066 0.135776 -0.922977 -0.36011
-42.7271 70.1825 35.0925 0.110491 -0.915826 -0.386075
-41.72 70.2659 35.0929 0.0729489 -0.921301 -0.381945
-40.0283 70.3758 35.0837 0.0361777 -0.928522 -0.36951
-39.0233 70.427 35.0759 0.0229309 -0.914793 -0.403272
-38.6329 70.4303 35.0665 0.00468339 -0.920647 -0.390369
-39.792 70.0581 35.9053 0.0419292 -0.930806 -0.3631
-41.1368 69.9816 35.9138 0.079691 -0.924066 -0.373834
-42.4467 69.8704 35.9094 0.0742499 -0.930485 -0.358727
-44.1395 69.7047 35.8976 0.0942667 -0.930648 -0.353566
-45.3455 69.5395 35.8779 0.13933 -0.92552 -0.352136
-46.3559 69.3965 35.8633 0.136608 -0.937468 -0.320145
-47.7477 69.1527 35.8268 0.173688 -0.936702 -0.304008
-48.7582 68.9773 35.8015 0.188234 -0.938245 -0.290282
-50.1621 68.6768 35.7478 0.203497 -0.939361 -0.276026
-51.1679 68.4536 35.7137 0.245391 -0.938032 -0.244701
-53.1079 67.975 35.649 0.266466 -0.937655 -0.223156
-54.1814 67.6432 35.5986 0.29775 -0.931796 -0.207607
-55.2617 67.3205 35.5499 0.285873 -0.936975 -0.200886
-56.3476 66.9812 35.4976 0.300164 -0.935719 -0.185289
-57.7484 66.551 35.4336 0.305648 -0.935912 -0.175068
-58.8353 66.1953 35.3769 0.310632 -0.937917 -0.154336
-58.9179 66.169 35.3728 0.306811 -0.94114 -0.141857
-57.7443 66.4017 36.3232 0.294912 -0.944015 -0.147862
-56.0229 66.9157 36.3942 0.28393 -0.947082 -0.149731
-54.8707 67.2494 36.4381 0.285873 -0.936975 -0.200886
-53.9125 67.5333 36.4774 0.29182 -0.93441 -0.204252
-52.7479 67.845 36.5176 0.234841 -0.942342 -0.238414
-51.5632 68.1312 36.5531 0.24012 -0.940208 -0.24156
-50.5581 68.3544 36.5843 0.195794 -0.942566 -0.270617
-49.5077 68.5643 36.6129 0.203494 -0.939359 -0.276033
-48.2801 68.7917 36.6493 0.165169 -0.939858 -0.298976
-46.9277 69.0184 36.684 0.154797 -0.933851 -0.322428
-45.2752 69.2463 36.7106 0.11837 -0.940753 -0.317761
-43.907 69.4132 36.7268 0.0969282 -0.931817 -0.349746
-42.6767 69.5408 36.7369 0.0995731 -0.932968 -0.345914
-41.4937 69.636 36.7394 0.0687932 -0.936627 -0.343509
-39.8223 69.7344 36.7316 0.0376303 -0.936895 -0.34758
-39.6294 69.7437 36.73 0.0419262 -0.930805 -0.363103
-40.1119 69.4281 37.5724 0.0333343 -0.942707 -0.331952
-41.3792 69.3425 37.5718 0.0746266 -0.938549 -0.336982
-42.8974 69.2108 37.5635 0.0894884 -0.942054 -0.323304
-44.2788 69.0958 37.5625 0.103575 -0.948046 -0.300799
-45.5052 68.9358 37.5444 0.123063 -0.942944 -0.309375
-46.7939 68.7587 37.5208 0.135025 -0.948917 -0.285176
-47.8084 68.6129 37.4997 0.166795 -0.943877 -0.285087
-49.2618 68.3878 37.469 0.164104 -0.956664 -0.24055
-50.3296 68.1746 37.4419 0.196056 -0.952256 -0.234031
-51.4592 67.9654 37.4181 0.20178 -0.95895 -0.199249
-52.6198 67.6832 37.3848 0.237151 -0.95324 -0.187329
-53.7119 67.4288 37.3587 0.242937 -0.956617 -0.160826
-54.7725 67.1297 37.3216 0.274448 -0.949533 -0.151876
-55.7523 66.8504 37.2888 0.279272 -0.947832 -0.153696
-56.7008 66.5764 37.2547 0.283934 -0.94708 -0.149736
-55.9615 66.6565 38.1678 0.280293 -0.952655 -0.117831
-54.9262 66.9433 38.1975 0.261825 -0.954518 -0.142626
-53.8272 67.2528 38.2311 0.242937 -0.956617 -0.160825
-52.8185 67.4735 38.2482 0.21343 -0.962757 -0.165969
-51.7105 67.7345 38.2749 0.201774 -0.958952 -0.199243
-50.5021 67.9389 38.2934 0.166116 -0.963294 -0.21088
-49.4023 68.15 38.3187 0.164106 -0.956662 -0.240555
-47.6915 68.3794 38.3411 0.149442 -0.952307 -0.266041
-46.336 68.5763 38.3725 0.143725 -0.952617 -0.268074
-45.1854 68.7101 38.3888 0.115953 -0.951171 -0.286057
-43.405 68.9024 38.4049 0.0793396 -0.950486 -0.300471
-42.2224 69.005 38.4096 0.0725719 -0.953649 -0.292038
-40.3942 69.1196 38.4108 0.0673464 -0.946936 -0.314287
-41.2245 68.8105 39.2568 0.0674379 -0.956907 -0.282454
-42.8456 68.6912 39.2497 0.0851098 -0.952428 -0.292637
-44.1741 68.5766 39.2445 0.0785469 -0.958696 -0.273374
-45.2905 68.46 39.2314 0.105275 -0.959124 -0.262677
-46.7544 68.2892 39.2083 0.124236 -0.964308 -0.233829
-47.8192 68.1514 39.1905 0.136437 -0.962326 -0.235187
-49.5112 67.9169 39.1685 0.127322 -0.967696 -0.217608
-50.6283 67.7339 39.1502 0.163442 -0.970735 -0.175957
-51.7249 67.552 39.1348 0.15158 -0.974113 -0.167715
-52.7838 67.336 39.1178 0.216523 -0.96667 -0.136623
-53.8868 67.091 39.1034 0.203017 -0.971285 -0.124056
-53.9611 67.0766 39.103 0.225211 -0.969871 -0.0928999
-52.1886 67.3452 39.9961 0.178256 -0.972768 -0.148144
-51.1036 67.4987 40.006 0.151584 -0.974113 -0.167708
-50.0918 67.6614 40.0209 0.131481 -0.97057 -0.201758
-48.7776 67.8281 40.0337 0.118153 -0.972659 -0.199936
-47.3075 68.0142 40.0487 0.130342 -0.963334 -0.234517
-45.8887 68.1718 40.0705 0.105827 -0.961372 -0.254096
-44.8886 68.2789 40.0841 0.0923655 -0.960134 -0.26384
-43.8096 68.3655 40.0895 0.0788256 -0.958654 -0.27344
-42.4226 68.4773 40.0975 0.0789708 -0.958682 -0.273299
-42.1006 68.5031 40.1002 0.0711265 -0.959392 -0.272962
-42.8473 68.202 40.9406 0.0791172 -0.95871 -0.273159
-44.4346 68.0753 40.9283 0.0782687 -0.958737 -0.273308
-45.4654 67.9934 40.9219 0.0794706 -0.964944 -0.250134
-46.6286 67.8759 40.9071 0.100864 -0.966037 -0.237904
-47.9926 67.746 40.8971 0.1037 -0.970398 -0.218117
-49.2527 67.5948 40.888 0.124817 -0.971638 -0.200851
-49.9494 67.5022 40.8796 0.131481 -0.97057 -0.201758
-48.0624 67.5323 41.7462 0.0891894 -0.967608 -0.236179
-47.0134 67.6278 41.7512 0.0950246 -0.966839 -0.23705
-45.7043 67.7521 41.7648 0.0852039 -0.964034 -0.25175
-44.3245 67.861 41.775 0.0737282 -0.965818 -0.248516
-44.0263 67.8832 41.777 0.068636 -0.965202 -0.252336
-43.5331 67.9148 41.7804 0.0684695 -0.964028 -0.256831
