-59.3958 76.5581 20.615 0.590468 -0.767545 -0.249445
-59.3803 76.8976 19.607 0.604368 -0.75083 -0.265097
-59.3513 77.2211 18.6132 0.636464 -0.740216 -0.216779
-59.283 77.5562 17.6696 0.644844 -0.729366 -0.227797
-59.12 77.9827 16.726 0.661177 -0.72017 -0.21024
-58.9341 78.426 15.7908 0.665211 -0.720512 -0.195286
-58.6789 79.0495 14.2564 0.665967 -0.725122 -0.174949
-58.3836 79.5228 13.2434 0.668952 -0.729802 -0.141042
-57.6588 80.3831 11.681 0.637174 -0.765701 -0.0878142
-57.1281 80.9336 10.7317 0.639782 -0.763503 -0.0879219
-56.6067 81.4101 9.63551 0.612593 -0.789091 -0.0454469
-56.138 81.8332 8.60728 0.587865 -0.807712 -0.0192093
-55.5738 82.2401 7.57986 0.556464 -0.830306 -0.0306506
-54.9762 82.659 6.57382 0.547452 -0.836662 -0.0170923
-53.94 83.3489 5.28531 0.498519 -0.865259 -0.0529758
-53.2309 83.8117 4.50986 0.509597 -0.857217 -0.0740891
-52.3944 84.3753 3.49859 0.470965 -0.876107 -0.0991196
-51.5895 84.9569 2.53061 0.474256 -0.871502 -0.124713
-50.6598 85.6276 1.53154 0.495393 -0.849592 -0.177225
-49.576 86.5198 0.631233 0.529669 -0.801514 -0.266552
-48.8966 87.1656 0.00277101 0.469129 -0.822216 -0.322303
-48.333 87.7488 -0.664692 0.473879 -0.752361 -0.437332
-47.8686 88.3918 -1.40122 0.316044 -0.828051 -0.463085
-47.4251 89.0084 -2.22471 0.262753 -0.878578 -0.398518
-46.9778 89.7178 -3.44599 0.230252 -0.896151 -0.375802
-46.6529 90.3136 -4.68454 0.165331 -0.897463 -0.408932
-46.4357 90.7473 -5.78782 0.137045 -0.942336 -0.305321
-46.3985 91.0992 -6.90075 -0.00162354 -0.973508 -0.220675
-46.3337 91.3726 -7.98749 0.0267673 -0.981468 -0.175655
-46.097 91.5371 -9.39827 -0.0430193 -0.993727 -0.0295263
-46.0271 91.4682 -10.3937 -0.0766217 -0.995036 0.0634942
-45.8663 91.3124 -11.5864 -0.029842 -0.989884 0.138066
-45.7145 91.1557 -12.7801 -0.0169846 -0.990681 0.134825
-45.7882 90.8127 -14.036 -0.0587156 -0.94086 0.333669
-45.8528 90.113 -15.7452 -0.089741 -0.904593 0.416723
-45.5002 89.6759 -16.6182 -0.0993908 -0.846998 0.510418
-44.8837 89.1317 -17.2179 -0.106502 -0.790964 0.602512
-43.9576 88.5646 -17.8057 -0.0627111 -0.792628 0.605054
-42.6321 88.2582 -18.1333 -0.0305429 -0.781709 0.622895
-41.4295 88.3182 -18.0494 0.0074054 -0.783424 0.621444
-40.2931 88.7251 -17.4539 0.0309729 -0.836364 0.547299
-39.5084 89.4331 -16.3894 0.0196497 -0.845948 0.532903
-39.0543 90.0745 -15.1535 0.0207293 -0.911484 0.410813
-38.8825 90.4943 -14.2308 0.0331898 -0.922669 0.382771
-38.8313 90.9084 -13.0416 0.00560859 -0.947682 0.319167
-38.791 91.2176 -11.8412 0.00703214 -0.978248 0.207318
-38.8644 91.5243 -10.1318 0.0951129 -0.982867 0.157879
-39.0351 91.6768 -8.94885 0.0741835 -0.995819 0.0523182
-39.1669 91.711 -7.95221 0.0811716 -0.995689 0.0448908
-39.3434 91.6986 -6.94421 0.0808895 -0.996175 -0.0330556
-39.6282 91.5949 -5.62214 0.119506 -0.990316 -0.0706566
-39.8994 91.4525 -4.47222 0.193358 -0.971533 -0.136787
-40.1073 91.1819 -2.90173 0.223226 -0.95914 -0.168635
-40.0113 91.0029 -1.81507 0.334186 -0.928372 -0.162619
-39.7974 90.8622 -0.63388 0.329895 -0.924244 -0.192203
-39.4902 90.7357 0.502113 0.391797 -0.899793 -0.17967
-38.8219 90.6961 1.68806 0.405244 -0.874312 -0.267125
-38.068 90.771 2.44421 0.366932 -0.865114 -0.341762
-37.2136 90.9264 2.93722 0.356055 -0.86924 -0.342997
-35.5477 91.4319 3.27745 0.321135 -0.873949 -0.364746
-34.5506 91.8189 3.23686 0.295353 -0.879554 -0.371905
-33.0526 92.4313 2.85418 0.275458 -0.890383 -0.36215
-31.9568 92.9155 2.39825 0.260858 -0.91362 -0.311851
-31.114 93.2936 1.99551 0.249159 -0.916473 -0.312813
-30.2055 93.6719 1.5086 0.224907 -0.92905 -0.293739
-29.3747 94.034 0.990363 0.240286 -0.929121 -0.280878
-28.4138 94.4254 0.203824 0.185844 -0.952039 -0.243071
-27.5967 94.7281 -0.461268 0.155107 -0.963688 -0.217366
-26.6163 95.0621 -1.29043 0.129157 -0.966853 -0.220257
-25.1928 95.4044 -2.3544 0.0336283 -0.978902 -0.201545
-24.2484 95.568 -3.00568 -0.0069834 -0.984302 -0.173043
-23.3494 95.6277 -3.58006 -0.0400086 -0.985482 -0.164996
-22.4278 95.6727 -4.06406 -0.0469566 -0.991212 -0.11862
-21.4404 95.6619 -4.5337 -0.0524748 -0.994991 -0.0850855
-20.4281 95.4881 -4.81869 -0.240562 -0.967197 -0.0816044
-19.4011 95.2411 -4.91878 -0.223121 -0.972635 -0.0571588
-18.4438 94.8356 -4.89409 -0.393049 -0.914075 0.0998975
-17.4595 94.435 -4.68616 -0.425853 -0.89772 0.10658
-16.5759 94.0785 -4.38168 -0.412803 -0.898617 0.148594
-15.0481 93.5486 -3.29052 -0.460894 -0.864015 0.20262
-14.164 93.4198 -2.02661 -0.423537 -0.86755 0.260716
-13.8028 93.5672 -0.949133 -0.418087 -0.873322 0.249655
-13.8792 93.9004 -0.000625187 -0.391258 -0.876051 0.281872
-14.311 94.3944 0.954458 -0.376421 -0.878328 0.293827
-14.8471 94.8723 1.65954 -0.264603 -0.929696 0.194877
-15.6378 95.048 2.25111 -0.162174 -0.983868 0.0755172
-16.8934 95.1979 2.83851 0.0032831 -0.995415 0.092107
-18.1074 95.2255 3.40194 0.00845674 -0.997706 0.0671662
-19.0533 95.1495 3.93316 0.144894 -0.989368 0.0125186
-20.1589 94.9591 4.3894 0.170174 -0.982806 -0.0681169
-21.6648 94.6671 4.71953 0.183795 -0.978622 -0.0922604
-22.8109 94.372 5.09568 0.227695 -0.96234 -0.14514
-23.7116 94.0926 5.64389 0.242191 -0.950873 -0.186225
-24.4541 93.7337 6.2402 0.285923 -0.938351 -0.193485
-25.8702 92.9429 7.38211 0.326973 -0.899735 -0.286314
-26.6909 92.4705 8.02773 0.318367 -0.878116 -0.350563
-27.6085 91.734 8.78326 0.323047 -0.85413 -0.406782
-28.3292 91.1192 9.46257 0.309572 -0.835684 -0.453648
-29.0315 90.3023 10.3942 0.294929 -0.810237 -0.50475
-29.3646 89.7165 11.1841 0.257162 -0.821919 -0.50822
-29.6276 88.7674 12.5038 0.171856 -0.818085 -0.547461
-30.0306 87.9049 13.7734 0.13722 -0.815442 -0.560301
-30.2325 87.3885 14.6272 -0.00761555 -0.866335 -0.499405
-30.4815 86.8278 15.6563 -0.0113188 -0.891376 -0.453113
-30.8245 86.1833 17.064 -0.0253926 -0.922754 -0.384552
-31.0238 85.7132 18.1312 -0.12562 -0.896054 -0.425187
-31.1218 85.2447 19.1994 -0.140067 -0.901948 -0.408498
-31.2535 84.7175 20.3556 -0.162093 -0.88887 -0.428152
-31.363 84.263 21.3753 -0.17532 -0.892095 -0.416449
-31.5791 83.6944 22.4828 -0.2118 -0.852894 -0.477192
-32.0745 83.0597 23.788 -0.226063 -0.831068 -0.507931
-32.6144 82.6602 24.7133 -0.24147 -0.821642 -0.515876
-33.1817 82.291 25.4731 -0.215193 -0.802447 -0.556571
-34.1498 81.7296 26.5593 -0.150331 -0.783479 -0.60296
-35.3492 81.1004 27.6743 -0.166919 -0.76156 -0.626101
-36.2173 80.697 28.3926 -0.154765 -0.75467 -0.63759
-37.0551 80.2202 29.1599 -0.156738 -0.753444 -0.638552
-37.9814 79.5886 30.1307 -0.147432 -0.759105 -0.634054
-38.7629 78.855 31.2059 -0.150871 -0.767904 -0.622544
-39.4051 78.1294 32.2482 -0.141995 -0.777471 -0.612465
-40.0716 77.3066 33.4859 -0.141133 -0.787482 -0.599961
-40.4976 76.8326 34.3461 -0.125711 -0.851316 -0.50937
-40.9175 76.3934 35.1838 -0.113889 -0.848111 -0.517229
-41.5283 75.8232 36.5045 -0.129872 -0.899304 -0.416908
-42.2782 75.4066 37.6654 -0.117804 -0.921772 -0.367436
-43.2135 75.0757 38.9617 -0.0833874 -0.932459 -0.346076
-44.4338 74.8666 40.0381 -0.0610309 -0.958134 -0.278723
-45.2139 74.8435 40.6784 -0.105965 -0.980996 -0.162538
-46.3708 74.8793 41.0941 -0.0752591 -0.98706 -0.135711
-47.3639 74.9405 41.4666 -0.0999311 -0.989562 -0.103828
-49.0061 75.0171 41.805 -0.0647031 -0.995991 -0.01868
-50.3564 75.1194 41.66 -0.0711638 -0.996792 0.0355471
-51.6051 75.1456 41.2211 -0.0264387 -0.999602 0.009864
-52.6152 75.1672 40.7094 0.00659115 -0.998877 0.0279715
-53.5931 75.0973 40.0359 0.0396182 -0.998152 0.0460776
-54.4866 75.0326 39.2389 0.027999 -0.994099 0.0973015
-55.2162 74.9374 38.3644 0.148206 -0.987913 -0.0454087
-55.8131 74.8864 37.5266 0.159363 -0.986634 -0.0229673
-56.5646 74.757 36.285 0.144706 -0.989065 0.00780033
-57.3046 74.5877 35.1102 0.316918 -0.945613 -0.0733423
-57.9655 74.45 33.883 0.32861 -0.942892 -0.0545016
-58.3793 74.3876 32.485 0.421452 -0.902622 -0.0874739
-58.532 74.4336 31.3864 0.414246 -0.903264 -0.111866
-58.6227 74.5397 30.1941 0.437344 -0.887384 -0.140305
-58.6303 74.7484 29.053 0.463552 -0.871449 -0.160301
-58.6942 75.0674 27.4355 0.501608 -0.837659 -0.21614
-58.9022 75.2519 26.1484 0.511403 -0.839963 -0.181461
-59.0603 75.4062 25.1176 0.559932 -0.795258 -0.232464
-59.2525 75.7459 23.5007 0.564602 -0.787733 -0.245899
-59.3478 76.0618 22.275 0.579794 -0.777901 -0.242299
-59.3893 76.3198 21.3637 0.589615 -0.76736 -0.252001
-60.1706 75.9344 20.755 0.565962 -0.788178 -0.240953
-60.155 75.665 21.7383 0.551214 -0.800013 -0.236732
-60.0879 75.4093 22.7211 0.546682 -0.800513 -0.245596
-59.974 75.1519 23.9264 0.528177 -0.817556 -0.22925
-59.8548 74.9338 24.9479 0.515965 -0.830048 -0.20962
-59.735 74.763 26.0643 0.510247 -0.840466 -0.182382
-59.5324 74.5311 27.5688 0.487527 -0.851663 -0.18942
-59.4727 74.2567 29.2283 0.47449 -0.865982 -0.157909
-59.4911 74.1124 30.2611 0.437686 -0.892355 -0.110105
-59.4277 73.9896 31.5445 0.424843 -0.900301 -0.0920783
-59.2739 74.0037 32.6818 0.398905 -0.915822 -0.0303616
-59.1368 74.008 33.8126 0.363699 -0.930191 -0.0488446
-58.4548 74.2535 35.067 0.309365 -0.949818 0.00312331
-57.955 74.3927 35.962 0.275102 -0.953894 0.120018
-57.3891 74.6674 36.8482 0.196995 -0.973336 0.0680636
-56.455 74.8518 38.3453 0.0885682 -0.992869 0.073486
-55.8565 74.9393 39.1941 0.0623666 -0.993988 0.0860272
-55.0391 75.0951 40.1051 0.0638464 -0.991621 0.112299
-54.0041 75.1723 40.9768 -0.00784851 -0.996576 0.0823143
-53.0265 75.2273 41.5326 -0.051519 -0.991867 0.106786
-52.1507 75.2054 42.0932 -0.0312973 -0.998117 0.0527573
-51.1498 75.1992 42.5699 -0.0470391 -0.997803 0.0427742
-50.1753 75.1464 42.8287 -0.0627729 -0.997489 0.0327884
-49.1697 75.0701 42.8443 -0.0795583 -0.996094 0.0382942
-47.9931 74.9237 42.6957 -0.153638 -0.987857 -0.0222583
-46.3788 74.7655 42.1511 -0.101644 -0.988784 -0.10943
-44.893 74.5962 41.6217 -0.155185 -0.973486 -0.161355
-44.0016 74.5837 41.0581 -0.161326 -0.966443 -0.199019
-43.0442 74.6932 40.133 -0.0989796 -0.951446 -0.291468
-42.0531 74.8698 39.0847 -0.130208 -0.937199 -0.323581
-41.1615 75.2652 37.6555 -0.133477 -0.91176 -0.388304
-40.5158 75.5443 36.7907 -0.129881 -0.899305 -0.416905
-39.9877 76.2074 35.1936 -0.170846 -0.894887 -0.412297
-39.5461 76.6464 34.341 -0.170875 -0.833694 -0.525124
-39.1161 77.1313 33.4988 -0.1341 -0.809209 -0.571128
-38.5765 77.708 32.6122 -0.142388 -0.791616 -0.594154
-37.9886 78.3241 31.6731 -0.147694 -0.771274 -0.619104
-37.2974 78.8749 30.8261 -0.149153 -0.763503 -0.628301
-36.6704 79.5609 29.851 -0.156961 -0.760218 -0.630422
-35.8607 79.9846 29.1493 -0.154763 -0.754674 -0.637585
-35.019 80.3735 28.4843 -0.154988 -0.754698 -0.637503
-34.2806 80.7747 27.8017 -0.160808 -0.76941 -0.618182
-33.4451 81.2447 27.0137 -0.150332 -0.783479 -0.60296
-32.5172 81.635 26.1601 -0.214425 -0.800214 -0.560071
-31.8876 82.0571 25.2942 -0.245486 -0.809507 -0.533324
-31.3624 82.4919 24.4036 -0.200754 -0.826655 -0.525416
-30.9101 82.9262 23.5186 -0.214685 -0.828355 -0.517434
-30.5074 83.6323 22.1239 -0.208742 -0.851481 -0.481047
-30.386 84.2261 21.0329 -0.179894 -0.861222 -0.474925
-30.1995 84.7505 19.9324 -0.148866 -0.885645 -0.439855
-30.1046 85.2794 18.7739 -0.125615 -0.896057 -0.425184
-29.9849 85.7831 17.729 -0.111169 -0.89016 -0.441878
-29.8141 86.2266 16.7489 -0.0727961 -0.885334 -0.45655
-29.5615 86.7357 15.8201 -0.00842741 -0.891152 -0.453626
-29.2791 87.3969 14.598 0.0571981 -0.828932 -0.549117
-29.0337 88.1113 13.7038 0.122011 -0.791528 -0.598829
-28.6538 88.9732 12.5427 0.191273 -0.796819 -0.573144
-28.4634 89.8657 11.4373 0.301306 -0.764894 -0.569102
-27.7502 90.7544 10.5297 0.321876 -0.815573 -0.479591
-26.9661 91.6449 9.52997 0.366824 -0.82487 -0.42825
-26.1098 92.3136 8.8605 0.387489 -0.834647 -0.389213
-25.3167 92.8956 8.26636 0.359144 -0.886113 -0.292395
-24.2468 93.5467 7.57741 0.326371 -0.915378 -0.225904
-23.5577 93.8932 6.85644 0.281248 -0.942905 -0.178232
-22.7918 94.2253 6.22885 0.25596 -0.955883 -0.143322
-21.8765 94.5154 5.87457 0.219152 -0.968458 -0.1116
-20.1919 94.9049 5.34103 0.19412 -0.978484 -0.0666513
-19.0614 95.112 5.04415 0.147857 -0.988074 -0.0429785
-18.0443 95.3343 4.44603 0.189609 -0.971273 0.102244
-16.7584 95.3422 3.8627 0.0867048 -0.97863 0.186458
-15.4916 95.3146 3.25993 0.0255775 -0.952615 0.260314
-14.6079 95.0969 2.83039 -0.0310511 -0.915923 0.400152
-13.8979 94.6602 2.13788 -0.297414 -0.852815 0.417322
-13.416 94.1905 1.35817 -0.331206 -0.884634 0.328216
-13.0581 93.6523 0.589117 -0.431531 -0.833813 0.335766
-12.8856 93.1979 -0.491232 -0.495179 -0.801748 0.334662
-13.225 92.864 -2.00603 -0.519532 -0.811545 0.267359
-13.7571 92.9021 -2.8971 -0.537803 -0.801249 0.260975
-14.4106 93.0537 -3.8391 -0.472711 -0.851363 0.227433
-15.1573 93.2865 -4.52005 -0.492486 -0.846139 0.200967
-16.0984 93.7272 -5.15859 -0.51226 -0.840915 0.174501
-17.6377 94.393 -5.7349 -0.458662 -0.881363 0.113265
-18.6415 94.84 -5.9471 -0.58028 -0.806895 -0.110436
-19.9697 95.5384 -5.82096 -0.276784 -0.95084 -0.138904
-20.936 95.7602 -5.67353 -0.237142 -0.955429 -0.175836
-21.8964 95.8451 -5.31588 -0.120439 -0.974831 -0.187615
-22.9644 95.832 -4.78144 -0.0285868 -0.979488 -0.199466
-24.494 95.7423 -3.98727 -0.0069798 -0.984302 -0.173044
-25.3687 95.6109 -3.39974 0.0260408 -0.98312 -0.181097
-26.2309 95.4566 -2.78071 0.0819166 -0.972413 -0.212615
-27.0481 95.2077 -2.18193 0.130207 -0.965929 -0.22367
-27.8942 94.946 -1.56821 0.152956 -0.960253 -0.233492
-28.6438 94.661 -0.879568 0.159534 -0.956692 -0.242882
-29.7301 94.2548 -0.0866673 0.174438 -0.952765 -0.248617
-30.7278 93.798 0.63414 0.234622 -0.932901 -0.273216
-31.8146 93.3574 1.27036 0.23129 -0.924368 -0.301318
-32.6542 92.9651 1.71713 0.251537 -0.910892 -0.327117
-33.7214 92.516 2.16258 0.246704 -0.911876 -0.328055
-35.3748 91.8674 2.40453 0.322934 -0.870895 -0.370481
-36.5879 91.4754 2.37863 0.341159 -0.829923 -0.435848
-37.6209 91.2566 1.84059 0.437425 -0.817254 -0.363375
-38.4005 91.1553 0.88372 0.418797 -0.862662 -0.283591
-38.8839 91.2068 -0.319438 0.4537 -0.875341 -0.167136
-39.0287 91.2504 -1.3925 0.314879 -0.941567 -0.105114
-39.1758 91.3629 -2.42877 0.272555 -0.951602 -0.14201
-39.0729 91.5528 -3.80972 0.24087 -0.961728 -0.130617
-38.8828 91.6897 -4.82005 0.217754 -0.975028 -0.0436246
-38.4262 91.7657 -6.72234 0.110535 -0.992804 0.00200721
-38.1858 91.7822 -8.14695 0.0741797 -0.99582 0.052313
-38.0349 91.7247 -9.27659 0.0671876 -0.995951 0.0597356
-37.9309 91.5777 -10.3616 0.0741131 -0.979905 0.182333
-37.8929 91.3343 -11.5215 0.0570006 -0.975024 0.21448
-37.8753 90.9736 -12.9673 0.0510281 -0.955467 0.289647
-38.0133 90.3276 -14.8391 0.0906563 -0.92557 0.364412
-38.2369 89.8709 -15.8257 0.103997 -0.877081 0.462069
-38.7391 89.1145 -16.9712 0.068753 -0.850759 0.52104
-39.2886 88.5424 -17.7763 0.0224435 -0.830851 0.556043
-40.6474 87.83 -18.6529 0.0219053 -0.772652 0.63405
-41.7875 87.6135 -18.9171 0.0147464 -0.756803 0.65288
-42.9601 87.615 -18.9157 -0.0184576 -0.748416 0.662776
-44.0141 87.8205 -18.6946 -0.0110706 -0.758052 0.6521
-45.2121 88.4633 -18.0866 -0.0716363 -0.754869 0.651952
-45.912 88.9907 -17.5857 -0.10713 -0.788596 0.605508
-46.5713 89.6724 -16.8318 -0.125782 -0.80428 0.579156
-46.9029 90.3486 -15.6909 -0.194553 -0.883201 0.426739
-46.7954 90.9112 -14.342 -0.167233 -0.909553 0.380456
-46.7528 91.0694 -13.3745 -0.0396595 -0.96661 -0.0677892
-46.773 91.2354 -12.2383 -0.0153026 -0.958027 0.248895
-46.9937 91.4214 -11.1463 -0.0375029 -0.988152 0.148826
-47.1592 91.5945 -9.78116 -0.0430173 -0.993727 -0.0295313
-47.2903 91.4855 -8.44272 -0.136721 -0.975551 -0.132144
-47.3719 91.2677 -7.44106 -0.0578871 -0.977928 -0.200761
-47.4184 90.8155 -6.11718 0.015514 -0.922369 -0.385999
-47.6401 90.2322 -4.92165 0.166301 -0.88913 -0.42562
-47.9707 89.6907 -3.88229 0.18331 -0.894513 -0.407731
-48.2482 89.1305 -2.8602 0.191022 -0.881981 -0.430837
-48.9233 88.1198 -1.63463 0.397339 -0.755279 -0.507718
-49.3463 87.2951 -0.982115 0.473884 -0.75236 -0.437327
-49.9143 86.6995 -0.318672 0.537847 -0.772441 -0.337721
-50.5809 86.0157 0.183852 0.537847 -0.77244 -0.337724
-51.561 85.2266 1.06212 0.469306 -0.868591 -0.159064
-52.2568 84.664 1.95974 0.492408 -0.859617 -0.134759
-53.3226 83.8697 3.20697 0.513612 -0.852202 -0.0969171
-53.9493 83.438 3.89272 0.516097 -0.853115 -0.0760023
-54.6758 82.944 4.73277 0.512556 -0.857461 -0.0452357
-55.5226 82.3473 5.6893 0.536948 -0.841953 -0.0529394
-56.0433 81.978 6.49892 0.547811 -0.835079 -0.047384
-56.5665 81.5771 7.54583 0.555434 -0.830977 -0.0311525
-57.4165 80.8421 9.40026 0.579875 -0.811891 -0.0676624
-58.0347 80.2185 10.6595 0.617886 -0.777903 -0.114058
-58.564 79.6705 11.5962 0.619031 -0.778252 -0.105473
-58.9989 79.1007 12.6798 0.651701 -0.744592 -0.14386
-59.2909 78.6608 13.564 0.652587 -0.739863 -0.163231
-59.5052 78.2596 14.4699 0.652443 -0.735886 -0.180701
-59.6752 77.8678 15.4027 0.648245 -0.736824 -0.192013
-59.9172 77.2848 16.6975 0.645989 -0.731911 -0.216806
-60.0793 76.8779 17.8493 0.612757 -0.76832 -0.184969
-60.1183 76.561 18.8146 0.598678 -0.767549 -0.229026
-60.1717 75.9668 20.6531 0.576175 -0.776842 -0.254045
-58.9447 76.618 21.4934 0.588759 -0.767178 -0.254559
-57.8466 77.3842 21.7058 0.608191 -0.7442 -0.276172
-57.0277 78.0322 21.8908 0.633016 -0.715879 -0.294631
-55.6878 79.2173 22.2383 0.679034 -0.66671 -0.307264
-54.9235 79.8775 22.4365 0.665883 -0.676189 -0.315226
-53.6701 80.9584 22.7957 0.667168 -0.669498 -0.326587
-52.8905 81.581 22.9959 0.588909 -0.707458 -0.390756
-51.7433 82.3022 23.2236 0.544531 -0.743872 -0.38748
-50.7698 82.8627 23.4089 0.516359 -0.800295 -0.304797
-49.3925 83.4785 23.6145 0.327846 -0.885389 -0.329551
-48.3725 83.8329 23.7179 0.326332 -0.844008 -0.425627
-47.0266 84.2848 23.8413 0.262185 -0.851488 -0.454122
-46.0392 84.4697 23.8758 0.124691 -0.910026 -0.395354
-45.0074 84.6003 23.8849 0.0671744 -0.913706 -0.400785
-43.4403 84.7286 23.855 0.0802207 -0.905175 -0.417401
-42.0906 84.8642 23.8848 0.0876671 -0.85115 -0.51755
-40.7871 84.8237 23.8317 -0.102834 -0.889856 -0.444502
-39.7148 84.7302 23.766 -0.122019 -0.892393 -0.43445
-38.517 84.5861 23.6794 -0.138307 -0.895708 -0.422586
-37.2406 84.4294 23.5873 -0.13434 -0.892946 -0.429652
-36.1983 84.3097 23.5101 -0.131869 -0.89055 -0.435353
-34.9408 84.0925 23.3735 -0.238764 -0.847975 -0.473213
-33.653 83.8251 23.2126 -0.228513 -0.85038 -0.473957
-32.3782 83.5707 23.0586 -0.218737 -0.850933 -0.477563
-32.2172 83.9882 22.2409 -0.218742 -0.850935 -0.477558
-33.572 84.2592 22.3992 -0.207599 -0.87629 -0.434763
-34.9343 84.5166 22.5453 -0.214425 -0.875269 -0.433505
-36.2656 84.738 22.6674 -0.129394 -0.888115 -0.441031
-37.2779 84.852 22.7347 -0.118757 -0.898388 -0.422843
-38.7668 85.0289 22.8246 -0.138495 -0.8947 -0.424653
-39.8625 85.1645 22.8963 -0.114785 -0.902612 -0.414869
-41.3764 85.294 22.9775 -0.105063 -0.91346 -0.393131
-42.5851 85.2726 22.9952 0.148121 -0.891418 -0.428291
-44.1302 85.0906 22.9589 0.0932242 -0.896174 -0.4338
-45.6003 84.9324 22.9492 0.148853 -0.930556 -0.334528
-46.8747 84.7101 22.9156 0.191183 -0.943986 -0.26896
-48.2039 84.3377 22.8231 0.330542 -0.847337 -0.415647
-49.3618 83.8991 22.6948 0.378887 -0.83247 -0.404275
-50.4203 83.4478 22.5533 0.463635 -0.801279 -0.378146
-51.66 82.8186 22.3493 0.50636 -0.769805 -0.388587
-53.0771 81.8735 22.0512 0.624016 -0.727517 -0.285173
-54.2125 80.9334 21.739 0.670892 -0.666537 -0.325012
-55.3857 79.8983 21.4154 0.670267 -0.669897 -0.319343
-56.1354 79.2144 21.2096 0.691961 -0.657012 -0.299207
-56.8572 78.5449 21.0113 0.647014 -0.706537 -0.286668
-57.6786 77.8855 20.8318 0.637992 -0.720552 -0.271607
-58.5716 77.1863 20.6332 0.604584 -0.751098 -0.265197
-58.8605 76.9822 20.5774 0.590468 -0.767545 -0.249445
-58.7619 77.3895 19.6827 0.618267 -0.734115 -0.280752
-57.557 78.3279 19.9439 0.649335 -0.706255 -0.28208
-56.6657 79.0858 20.1641 0.678468 -0.679053 -0.2803
-55.8441 79.8532 20.3911 0.699466 -0.661975 -0.269324
-55.0847 80.5718 20.5948 0.67778 -0.672798 -0.296576
-54.0212 81.4819 20.8772 0.641912 -0.7093 -0.291277
-53.1474 82.1874 21.0966 0.624016 -0.727518 -0.28517
-51.7613 83.1478 21.4033 0.552287 -0.79654 -0.245974
-50.6603 83.7482 21.5919 0.460078 -0.808326 -0.367339
-49.3709 84.3216 21.7692 0.394196 -0.838328 -0.376585
-48.038 84.7412 21.8863 0.20182 -0.936697 -0.286125
-46.7554 85.011 21.9444 0.191184 -0.943984 -0.268966
-45.4934 85.2332 21.9893 0.181207 -0.94192 -0.282757
-44.0037 85.4669 22.0336 0.139876 -0.946001 -0.292433
-42.3481 85.6081 22.0695 0.0530712 -0.970442 -0.235428
-41.2979 85.6644 22.0742 0.0386748 -0.974129 -0.222659
-40.2301 85.5883 22.0262 -0.0909883 -0.909869 -0.404795
-39.1314 85.4908 21.9703 -0.146119 -0.897226 -0.416694
-37.9029 85.3148 21.8956 -0.153737 -0.899634 -0.408686
-36.7067 85.1837 21.8374 -0.108059 -0.908167 -0.404419
-35.5232 85.0305 21.7608 -0.201143 -0.917694 -0.342607
-33.9888 84.6985 21.5895 -0.236108 -0.890248 -0.389503
-32.5948 84.4622 21.4577 -0.178683 -0.897587 -0.403001
-32.0401 84.379 21.4118 -0.171856 -0.892976 -0.416004
-31.8415 84.7338 20.5682 -0.171856 -0.892976 -0.416004
-32.8824 84.8915 20.6507 -0.16839 -0.893845 -0.415554
-33.9005 85.0504 20.7319 -0.21258 -0.895926 -0.390035
-34.8951 85.2149 20.8181 -0.165338 -0.941311 -0.294275
-35.9124 85.3689 20.8971 -0.16899 -0.940802 -0.293827
-37.242 85.5853 20.986 -0.135704 -0.960055 -0.244701
-38.2612 85.6821 21.028 -0.0914009 -0.96606 -0.241605
-39.8417 85.8199 21.0818 -0.0934955 -0.965734 -0.242107
-41.0899 85.8764 21.1105 0.0242635 -0.977442 -0.209804
-42.2058 85.8501 21.1043 0.0386745 -0.974129 -0.222659
-43.2891 85.7847 21.0816 0.06912 -0.971204 -0.228001
-44.3813 85.7122 21.0594 0.104621 -0.959778 -0.260538
-45.389 85.5429 21.0246 0.18055 -0.941527 -0.284479
-46.6653 85.3139 20.9752 0.178735 -0.941314 -0.286323
-47.9977 85.0689 20.9149 0.193555 -0.932016 -0.306403
-49.335 84.6708 20.8081 0.345539 -0.894619 -0.2833
-50.7951 84.0162 20.6145 0.513951 -0.827361 -0.226555
-51.7319 83.4637 20.4467 0.552284 -0.796542 -0.245974
-52.6374 82.8663 20.2661 0.542534 -0.780606 -0.310339
-53.6112 82.1866 20.0603 0.641102 -0.711064 -0.288747
-54.3831 81.5623 19.8838 0.641506 -0.710184 -0.290016
-55.4504 80.5936 19.6137 0.702797 -0.657895 -0.270649
-56.2345 79.8468 19.3928 0.699464 -0.661977 -0.269326
-57.182 79.0214 19.1505 0.660389 -0.691643 -0.292431
-57.9851 78.3132 18.9421 0.665876 -0.70856 -0.233562
-58.6827 77.7471 18.7802 0.636465 -0.740215 -0.216779
-58.6092 78.0977 17.8833 0.653225 -0.718516 -0.238815
-57.3603 79.1665 18.1879 0.678336 -0.698402 -0.228245
-56.4134 80.0005 18.428 0.69081 -0.689737 -0.216899
-55.146 81.2058 18.7765 0.701542 -0.677247 -0.221756
-54.2553 82.0121 18.9963 0.65807 -0.711703 -0.245809
-53.2347 82.8627 19.2313 0.592932 -0.74724 -0.300107
-52.2605 83.4313 19.3906 0.497457 -0.845727 -0.193088
-51.0171 84.1277 19.5911 0.50505 -0.840542 -0.195992
-49.6706 84.7999 19.7844 0.378347 -0.89863 -0.222075
-48.3921 85.2719 19.9156 0.27438 -0.958709 -0.0747852
-47.2977 85.4989 19.9752 0.177584 -0.941493 -0.286453
-45.8006 85.7624 20.044 0.141423 -0.963663 -0.226613
-44.7057 85.87 20.082 0.102472 -0.980823 -0.165787
-43.0351 86.0071 20.1271 0.0407573 -0.982971 -0.179182
-41.1902 86.044 20.1596 0.0322605 -0.988607 -0.147019
-39.9078 86.0316 20.157 -0.0879818 -0.98028 -0.176948
-38.607 85.915 20.1244 -0.110024 -0.977547 -0.179714
-37.4233 85.7848 20.0788 -0.0982124 -0.97587 -0.195017
-36.0811 85.6624 20.0154 -0.0894662 -0.971733 -0.218473
-35.0727 85.5346 19.9514 -0.150542 -0.928634 -0.339081
-33.4533 85.3464 19.8553 -0.130241 -0.918477 -0.373414
-31.9464 85.1258 19.7463 -0.151651 -0.90454 -0.398509
-32.1899 85.533 18.9333 -0.14235 -0.901437 -0.408838
-33.7108 85.6988 19.0136 -0.0993946 -0.928319 -0.358251
-34.8671 85.8219 19.0733 -0.107056 -0.949933 -0.293541
-36.202 85.8971 19.1197 -0.0631092 -0.967035 -0.246699
-37.6572 86.0037 19.1766 -0.0515248 -0.976322 -0.210097
-38.7742 86.0888 19.2072 -0.10387 -0.984538 -0.141056
-40.334 86.1792 19.2206 0.0108205 -0.990545 -0.136762
-41.6823 86.1692 19.2004 0.0112411 -0.989088 -0.146896
-43.0593 86.1545 19.1713 0.0139425 -0.988937 -0.147677
-44.0804 86.0888 19.1391 0.087179 -0.987083 -0.134415
-45.2078 85.9845 19.095 0.111089 -0.983903 -0.139977
-46.5129 85.8327 19.0359 0.188961 -0.976484 -0.103792
-47.5644 85.5613 18.9667 0.246889 -0.965802 -0.0791956
-48.8266 85.2114 18.8701 0.301644 -0.950825 -0.0703038
-50.0911 84.8389 18.7451 0.374104 -0.920367 -0.113891
-51.6653 83.9841 18.5027 0.502472 -0.842955 -0.19222
-52.8686 83.29 18.3128 0.522884 -0.840377 -0.142685
-53.7432 82.7287 18.165 0.560486 -0.818079 -0.128849
-54.8112 81.8264 17.9198 0.697983 -0.681451 -0.2201
-55.9412 80.752 17.6185 0.707465 -0.673923 -0.212888
-56.7973 79.9542 17.4042 0.673783 -0.705171 -0.220795
-57.6105 79.2384 17.2089 0.677443 -0.704533 -0.211434
-58.5134 78.464 16.9848 0.661175 -0.72017 -0.210244
-58.4312 78.8047 16.0737 0.660621 -0.720926 -0.209394
-57.6229 79.4973 16.2651 0.681033 -0.703826 -0.202048
-56.6372 80.3858 16.4926 0.676107 -0.711128 -0.192811
-55.85 81.1324 16.6779 0.702383 -0.682176 -0.203209
-54.863 82.0719 16.9331 0.70168 -0.682776 -0.203623
-53.7308 82.902 17.1731 0.555686 -0.818 -0.148627
-52.8968 83.4426 17.3173 0.55172 -0.816865 -0.168337
-52.0261 83.9817 17.4613 0.539299 -0.821632 -0.184601
-50.9752 84.4956 17.6091 0.438263 -0.88759 -0.14181
-49.9857 85.0048 17.7504 0.374103 -0.920367 -0.11389
-48.6335 85.3817 17.8828 0.269769 -0.95552 -0.119193
-47.2763 85.7299 17.9935 0.251334 -0.9614 -0.111983
-45.9118 86.0161 18.0818 0.107839 -0.989249 -0.0987823
-44.7727 86.1211 18.1403 0.0957166 -0.991904 -0.0834513
-43.3455 86.2706 18.2055 0.0987871 -0.992701 -0.0691776
-42.2599 86.3044 18.2356 0.0129574 -0.989147 -0.146357
-40.669 86.3184 18.2651 -0.0104332 -0.991956 -0.126153
-39.2997 86.2762 18.2689 -0.0303865 -0.994034 -0.10475
-38.2093 86.1831 18.2538 -0.0222888 -0.983778 -0.177998
-36.5823 86.1503 18.2316 -0.051525 -0.976322 -0.210097
-35.2304 86.0648 18.1921 -0.0678845 -0.969964 -0.233582
-33.9243 86.0222 18.164 -0.0610932 -0.95593 -0.287169
-32.8785 85.9247 18.1192 -0.0918659 -0.93959 -0.329744
-32.1743 85.8665 18.0888 -0.0918671 -0.939592 -0.329739
-31.5232 86.1404 17.213 -0.0534166 -0.925493 -0.37498
-33.0217 86.2488 17.2718 -0.0483798 -0.941206 -0.334352
-34.146 86.2507 17.2812 -0.0171386 -0.968987 -0.246517
-35.6116 86.3057 17.3026 -0.0344898 -0.979091 -0.200476
-36.6993 86.306 17.307 -0.0146908 -0.986375 -0.163856
-37.7638 86.3352 17.3156 -0.0283666 -0.986583 -0.160779
-38.8222 86.3601 17.3175 0.0206594 -0.996378 -0.0824919
-39.9596 86.3815 17.3127 -0.0205379 -0.998875 -0.0427479
-41.1145 86.4059 17.298 -0.00283271 -0.999239 -0.0389006
-42.2337 86.3842 17.2698 0.0363531 -0.997075 -0.0672284
-43.3706 86.3243 17.2269 0.0892821 -0.994381 -0.0568856
-44.5321 86.226 17.1757 0.0883132 -0.991978 -0.0904429
-45.8701 86.1019 17.1086 0.0957647 -0.991915 -0.0832733
-47.014 85.9064 17.0273 0.194655 -0.979605 -0.0498397
-48.4715 85.538 16.8968 0.261551 -0.959013 -0.109017
-49.7596 85.2005 16.7752 0.263775 -0.959671 -0.0972334
-50.8352 84.7598 16.648 0.408939 -0.893414 -0.185958
-51.7841 84.3519 16.5207 0.475435 -0.859909 -0.185792
-53.0492 83.5259 16.307 0.563895 -0.811739 -0.151994
-54.2234 82.7222 16.095 0.600098 -0.790975 -0.119336
-55.0889 82.0902 15.9102 0.624832 -0.77448 -0.0988217
-56.3148 80.916 15.6219 0.714036 -0.679977 -0.166686
-57.6681 79.7202 15.3287 0.675987 -0.716392 -0.1727
-58.329 79.1476 15.16 0.669801 -0.720098 -0.181177
-58.2106 79.4802 14.23 0.662133 -0.730146 -0.16872
-57.4118 80.1689 14.4262 0.680814 -0.714356 -0.161824
-56.5844 80.9124 14.6249 0.675986 -0.716392 -0.172702
-55.6067 81.7757 14.8365 0.645958 -0.758112 -0.0894672
-54.6903 82.5142 15.0345 0.603204 -0.790229 -0.10809
-53.8435 83.1379 15.2005 0.58928 -0.802642 -0.0922821
-52.7303 83.872 15.3765 0.550623 -0.831282 -0.0760645
-51.8907 84.4154 15.5159 0.472002 -0.879004 -0.0675754
-50.1013 85.1484 15.7529 0.383063 -0.921373 -0.0658368
-48.6287 85.592 15.8946 0.26596 -0.960191 -0.0854363
-47.5745 85.8629 15.9883 0.216194 -0.973418 -0.0756171
-46.0311 86.1472 16.1318 0.191458 -0.979159 -0.0677541
-44.775 86.2878 16.2056 0.100311 -0.991041 -0.0881739
-43.6345 86.3807 16.2579 0.0763056 -0.992768 -0.0926812
-41.8476 86.4293 16.319 0.0148499 -0.999272 -0.0351316
-40.2829 86.4293 16.3517 -0.00707848 -0.998057 -0.0619105
-38.9986 86.4361 16.3697 0.0063818 -0.996691 -0.0810346
-37.9438 86.47 16.3791 0.0349279 -0.99586 -0.0839199
-36.9096 86.4624 16.3848 -0.0146957 -0.986374 -0.163862
-35.1814 86.486 16.3964 0.057316 -0.967969 -0.24444
-33.5429 86.5306 16.4076 0.00892731 -0.951574 -0.30729
-32.0933 86.5133 16.3929 -0.0483739 -0.941204 -0.334357
-31.1432 86.4804 16.372 -0.0253916 -0.922753 -0.384555
-31.0556 86.8819 15.5677 0.00660827 -0.902525 -0.430588
-32.4694 86.8334 15.5499 0.0503087 -0.911602 -0.407985
-33.6671 86.809 15.5419 -0.00316328 -0.952312 -0.30511
-34.9119 86.736 15.5181 0.0816303 -0.964904 -0.249593
-36.2003 86.6742 15.4923 0.0381264 -0.972467 -0.229902
-37.3746 86.5965 15.4636 0.0849319 -0.978972 -0.185476
-38.981 86.5177 15.4318 0.0664744 -0.986447 -0.150009
-40.1652 86.5067 15.4117 0.00619943 -0.996638 -0.0816999
-41.522 86.4742 15.3782 0.0369425 -0.996665 -0.072759
-42.6434 86.4521 15.3379 0.0271344 -0.999081 -0.0331731
-43.6635 86.4065 15.2963 0.0565042 -0.998399 0.00249108
-45.2261 86.2708 15.2213 0.114869 -0.993311 -0.0117596
-46.3111 86.1482 15.1224 0.113321 -0.993477 -0.0127247
-47.9335 85.841 14.9745 0.24398 -0.967564 -0.0655189
-49.3444 85.4473 14.8433 0.31221 -0.947899 -0.0633444
-50.3467 85.1189 14.7378 0.386214 -0.920311 -0.0621799
-51.3685 84.6953 14.5934 0.389356 -0.919227 -0.0585168
-52.3749 84.1929 14.4424 0.54907 -0.832112 -0.0781726
-53.4531 83.4998 14.2808 0.561336 -0.823869 -0.0783631
-54.6823 82.651 14.0789 0.589276 -0.802645 -0.0922806
-55.7117 81.7956 13.8323 0.648747 -0.757363 -0.0743538
-56.5904 81.0682 13.624 0.656119 -0.749987 -0.0838223
-57.3744 80.3815 13.4537 0.653368 -0.749705 -0.105133
-57.9561 79.8994 13.3223 0.668952 -0.729802 -0.141042
-57.5993 80.3485 12.4145 0.637174 -0.765701 -0.0878142
-56.6408 81.1262 12.6221 0.643628 -0.760902 -0.0822815
-55.8081 81.812 12.8251 0.646803 -0.758916 -0.0754477
-54.4366 82.9089 13.1391 0.6224 -0.781102 -0.0499827
-53.5959 83.493 13.279 0.555463 -0.829074 -0.0640136
-52.4535 84.2162 13.4353 0.540742 -0.839884 -0.0468214
-51.5071 84.6561 13.5748 0.376546 -0.926393 0.00308023
-50.4824 85.0692 13.7193 0.373892 -0.927472 -5.74045e-05
-49.4523 85.4591 13.8514 0.348839 -0.937182 -0.000611501
-48.1234 85.8657 13.975 0.207403 -0.978057 -0.0197188
-46.8866 86.0842 14.0718 0.144369 -0.989337 0.019242
-45.7877 86.2146 14.1782 0.117086 -0.993091 0.00775815
-44.6943 86.3435 14.2775 0.114095 -0.993394 -0.0122423
-43.5937 86.4183 14.3329 0.0694162 -0.996936 -0.0360433
-42.5133 86.4918 14.3801 0.0607113 -0.997467 -0.0370672
-41.4178 86.5471 14.4273 0.0520016 -0.99792 -0.0380883
-40.3891 86.5825 14.47 0.0215737 -0.996779 -0.0772431
-38.9468 86.6507 14.5138 0.0813829 -0.986805 -0.139974
-37.5627 86.7701 14.5582 0.118166 -0.9704 -0.210621
-36.2958 86.8728 14.5966 0.0432891 -0.974395 -0.220636
-35.0109 86.9908 14.6405 0.0835853 -0.946214 -0.312559
-33.6325 87.1274 14.6919 0.108118 -0.927446 -0.357988
-31.923 87.2284 14.7348 0.0388709 -0.912116 -0.408084
-31.134 87.2575 14.7477 0.0802515 -0.87467 -0.478029
-30.6926 87.7227 13.9707 0.0869757 -0.881979 -0.463193
-31.8407 87.6267 13.921 0.12548 -0.888353 -0.441684
-33.0036 87.5031 13.8648 0.0749517 -0.928117 -0.364665
-34.2906 87.3623 13.8074 0.14116 -0.925712 -0.350901
-35.8584 87.1819 13.7376 0.125137 -0.945292 -0.301271
-37.0197 87.015 13.6765 0.170117 -0.962038 -0.21341
-38.0663 86.8824 13.628 0.13155 -0.976499 -0.17072
-39.2706 86.7732 13.5804 0.0874012 -0.981698 -0.169203
-40.2681 86.6844 13.5322 0.102627 -0.983324 -0.15014
-41.2941 86.5899 13.4739 0.052005 -0.99792 -0.0380879
-42.4024 86.5344 13.4148 0.0607113 -0.997467 -0.0370674
-43.4418 86.4643 13.3594 0.0687257 -0.996938 -0.0373013
-44.868 86.3351 13.2572 0.140131 -0.989994 -0.0165941
-46.4872 86.1238 13.11 0.144366 -0.989337 0.019234
-47.8357 85.8952 13.0016 0.15831 -0.987385 -0.00303843
-48.9486 85.6211 12.9037 0.309956 -0.94918 0.0546419
-50.2522 85.1621 12.755 0.361399 -0.932411 -0.000337483
-51.3139 84.7287 12.6067 0.379188 -0.925299 0.00622455
-52.4998 84.2417 12.4433 0.462061 -0.886614 -0.0203892
-53.3752 83.691 12.3322 0.53552 -0.842949 -0.0515312
-54.8217 82.6675 12.0829 0.623107 -0.781033 -0.0415458
-56.1474 81.6403 11.7768 0.627638 -0.775562 -0.0676338
-56.936 80.9944 11.608 0.642386 -0.761308 -0.0880295
-57.059 80.8934 11.5843 0.639785 -0.763508 -0.0879224
-56.2169 81.6429 10.8309 0.612355 -0.789173 -0.0471874
-55.2783 82.3584 11.0455 0.617747 -0.785124 -0.0443679
-53.6607 83.487 11.3302 0.528648 -0.848506 0.0238644
-52.8145 84.0215 11.4411 0.48324 -0.873808 0.0542128
-51.1773 84.8051 11.6388 0.379888 -0.924519 -0.0308199
-49.7566 85.3384 11.8319 0.314713 -0.948943 -0.0215287
-48.0658 85.861 12.0112 0.242443 -0.969953 -0.0202973
-46.9223 86.0513 12.1055 0.165295 -0.985967 -0.0233724
-45.2454 86.3016 12.2333 0.131983 -0.990321 -0.0429446
-44.1269 86.4555 12.3317 0.104503 -0.994159 -0.0269678
-43.0938 86.5301 12.4054 0.10328 -0.990071 -0.0953547
-41.6239 86.6996 12.5041 0.121678 -0.985224 -0.120532
-40.357 86.8198 12.5849 0.102627 -0.983324 -0.15014
-39.3436 86.9163 12.6441 0.102405 -0.98335 -0.150123
-38.3393 87.0086 12.6962 0.109504 -0.97934 -0.170004
-36.8121 87.2979 12.7993 0.208074 -0.944192 -0.255357
-35.7758 87.445 12.8589 0.13454 -0.953319 -0.270338
-34.4487 87.6698 12.9461 0.137065 -0.921865 -0.362462
-33.3279 87.8128 13.0062 0.139113 -0.923807 -0.356691
-32.0091 88.0029 13.0928 0.157159 -0.886757 -0.434698
-30.8627 88.1192 13.1486 0.0936678 -0.889011 -0.448204
-30.7835 88.1258 13.1521 0.139695 -0.864634 -0.482591
-30.6978 88.6182 12.3829 0.185177 -0.836885 -0.515105
-32.3112 88.3626 12.2526 0.155884 -0.885733 -0.437239
-33.6142 88.147 12.1571 0.21129 -0.882122 -0.420971
-34.8026 87.9594 12.0758 0.176464 -0.918475 -0.353927
-36.1857 87.6763 11.961 0.214382 -0.91277 -0.347694
-37.2167 87.4706 11.8789 0.19825 -0.93668 -0.288664
-38.5882 87.1736 11.7667 0.193803 -0.952216 -0.236061
-40.3077 86.9782 11.6521 0.154265 -0.970932 -0.18301
-41.3049 86.8298 11.5835 0.140364 -0.985932 -0.0907567
-43.0392 86.6271 11.4572 0.103284 -0.990071 -0.0953542
-44.3927 86.4586 11.3539 0.148334 -0.986998 -0.0618943
-45.8346 86.2503 11.2381 0.16046 -0.98679 -0.0223317
-47.1036 86.0441 11.1269 0.175242 -0.984444 -0.012683
-48.3713 85.8055 11.0164 0.242443 -0.969953 -0.0203074
-49.3885 85.4717 10.8986 0.330444 -0.943815 -0.00452128
-50.7176 84.9923 10.717 0.3582 -0.933632 -0.00499954
-51.7372 84.5683 10.5901 0.443963 -0.894255 0.0566079
-52.9373 83.8955 10.4602 0.472438 -0.880837 0.0304672
-53.9195 83.3035 10.3264 0.534752 -0.844951 -0.00994524
-54.9768 82.6362 10.1705 0.537703 -0.843124 -0.00426692
-55.9126 81.9294 9.97628 0.612593 -0.789091 -0.0454506
-55.811 82.06 9.07647 0.58835 -0.808378 -0.0192251
-54.852 82.7148 9.22274 0.551934 -0.833877 0.00421828
-53.8632 83.3505 9.36205 0.537703 -0.843124 -0.00426691
-52.9603 83.8657 9.4804 0.459817 -0.887866 0.0162226
-51.9421 84.4038 9.59876 0.443957 -0.894259 0.0565987
-50.3185 85.1489 9.80249 0.383701 -0.923453 -0.00299623
-49.1177 85.5706 9.95374 0.330132 -0.943929 -0.00341464
-48.1679 85.8678 10.0653 0.22834 -0.97348 -0.0140361
-46.8798 86.1111 10.1859 0.200882 -0.978499 -0.0467496
-45.5441 86.3549 10.3117 0.168478 -0.9824 -0.0806545
-44.4305 86.5137 10.4131 0.138595 -0.987374 -0.0767055
-42.9918 86.6992 10.5213 0.117456 -0.990651 -0.069393
-41.7058 86.8923 10.6218 0.169012 -0.974412 -0.148173
-40.6231 87.0665 10.7056 0.168298 -0.974386 -0.14916
-39.3428 87.2913 10.8047 0.154266 -0.970932 -0.18301
-38.2106 87.5163 10.9032 0.262094 -0.930795 -0.254808
-36.9458 87.8256 11.0253 0.257989 -0.904112 -0.340622
-35.4895 88.1476 11.1586 0.21319 -0.911947 -0.350574
-33.8866 88.4882 11.3054 0.214208 -0.885151 -0.413064
-32.8907 88.6848 11.3933 0.183666 -0.884297 -0.429286
-31.3636 88.9608 11.5277 0.213475 -0.850284 -0.481088
-30.2918 89.148 11.6245 0.224017 -0.835231 -0.502201
-29.8354 89.7457 10.8975 0.25568 -0.825012 -0.503967
-30.8853 89.508 10.7728 0.201276 -0.850377 -0.486155
-32.0764 89.2606 10.6511 0.233145 -0.872133 -0.430148
-33.2762 88.9935 10.5247 0.230951 -0.879737 -0.415602
-34.3477 88.7758 10.4277 0.238615 -0.886231 -0.397062
-35.825 88.4114 10.2683 0.236721 -0.89841 -0.369895
-36.9005 88.1581 10.1622 0.271825 -0.90677 -0.322302
-38.3147 87.7852 10.0145 0.279309 -0.906856 -0.315592
-39.4265 87.4915 9.89729 0.253515 -0.915967 -0.311022
-40.5269 87.2236 9.78937 0.219581 -0.947777 -0.231308
-41.8294 87.0123 9.68498 0.169739 -0.974435 -0.147192
-43.0689 86.812 9.58655 0.170883 -0.9746 -0.144754
-44.35 86.5983 9.46963 0.157985 -0.981356 -0.109454
-45.3459 86.4658 9.37471 0.153555 -0.985002 -0.0786888
-46.6385 86.2119 9.2486 0.212367 -0.975897 -0.0502478
-48.0573 85.8832 9.10516 0.266751 -0.963646 0.015193
-49.3614 85.489 8.95814 0.335105 -0.942179 0.0016153
-50.5039 85.075 8.83419 0.383701 -0.923453 -0.00299626
-51.4193 84.6431 8.71346 0.436848 -0.899535 0.000797694
-52.409 84.1573 8.57607 0.463493 -0.886031 -0.0110752
-53.5657 83.5192 8.42643 0.521621 -0.852703 0.0284335
-54.6842 82.8211 8.26651 0.551936 -0.833876 0.00422282
-55.2607 82.4275 8.18864 0.559903 -0.828474 -0.0118151
-54.5798 82.9035 7.30159 0.529318 -0.848198 -0.0195605
-53.6319 83.4634 7.44447 0.510942 -0.859333 -0.0220231
-52.73 84.0019 7.57218 0.492933 -0.870024 0.00868161
-51.6667 84.5234 7.72198 0.441848 -0.89689 -0.0189231
-50.6762 85.0083 7.8674 0.419759 -0.907506 -0.0153497
-49.4418 85.4885 8.00011 0.357941 -0.931601 -0.0632255
-48.4122 85.8255 8.1064 0.277854 -0.957388 -0.0787683
-47.0278 86.2027 8.25434 0.233663 -0.968996 -0.0802993
-45.7263 86.473 8.38604 0.218396 -0.971106 -0.0962066
-44.4709 86.7149 8.51898 0.177153 -0.97388 -0.142035
-43.2638 86.916 8.63715 0.172775 -0.974635 -0.142252
-42.0414 87.1177 8.74038 0.213744 -0.955515 -0.203234
-40.6374 87.4828 8.8887 0.26938 -0.916336 -0.296248
-39.4595 87.7831 9.01189 0.258917 -0.91681 -0.30401
-38.4001 88.0627 9.1255 0.300224 -0.895193 -0.329386
-37.3619 88.3575 9.24432 0.273032 -0.899482 -0.341153
-35.9213 88.7527 9.41028 0.281741 -0.886509 -0.367048
-34.0971 89.208 9.61217 0.273444 -0.882012 -0.383775
-33.1179 89.4335 9.71575 0.2447 -0.871039 -0.425926
-31.9734 89.6901 9.8361 0.242259 -0.863165 -0.443008
-30.8711 89.9482 9.96032 0.271823 -0.848232 -0.454549
-29.829 90.2331 10.1029 0.274093 -0.834029 -0.478821
-29.2041 90.8429 9.36182 0.302194 -0.844076 -0.442961
-30.9403 90.3684 9.13487 0.271822 -0.848232 -0.45455
-32.0736 90.0863 9.0026 0.277209 -0.863343 -0.421656
-33.5377 89.7316 8.83772 0.24657 -0.876484 -0.413497
-34.618 89.444 8.70663 0.28348 -0.875532 -0.391258
-36.1049 89.0465 8.53002 0.300003 -0.884323 -0.357729
-37.2265 88.7221 8.39146 0.28656 -0.89204 -0.349497
-38.4583 88.3706 8.24579 0.296651 -0.892744 -0.339126
-39.6943 88.0205 8.10168 0.290466 -0.894021 -0.341108
-40.7172 87.7499 7.99009 0.28248 -0.91849 -0.276733
-41.789 87.4407 7.86491 0.29542 -0.920133 -0.257066
-43.4491 87.0313 7.68967 0.268755 -0.933138 -0.238798
-45.0646 86.7136 7.51254 0.19754 -0.974497 -0.10646
-46.4402 86.4131 7.37026 0.218391 -0.971107 -0.0962116
-47.9595 86.0308 7.20798 0.266873 -0.960879 -0.0740941
-49.4481 85.5505 7.05201 0.336983 -0.939765 -0.0573117
-50.5052 85.0943 6.93079 0.397405 -0.917568 -0.0117786
-51.6744 84.5398 6.76538 0.440819 -0.897357 -0.0207346
-52.6399 84.0702 6.62866 0.474514 -0.880012 -0.0203682
-53.5589 83.5302 6.49491 0.508513 -0.860863 -0.0181655
-53.8499 83.3592 6.45252 0.509732 -0.860099 -0.0200901
-53.5064 83.5827 5.54658 0.498519 -0.865259 -0.0529714
-52.6018 84.113 5.6688 0.474517 -0.880011 -0.0203757
-51.627 84.587 5.80639 0.451728 -0.890822 -0.0487605
-50.3264 85.197 5.98929 0.399358 -0.915144 -0.054998
-49.2668 85.6653 6.1164 0.361998 -0.931134 -0.0441146
-47.6653 86.2135 6.30247 0.299585 -0.949264 -0.0956417
-46.2686 86.5549 6.45067 0.220497 -0.969091 -0.110649
-45.0722 86.8142 6.57746 0.211509 -0.97184 -0.10388
-43.6508 87.1861 6.74587 0.285262 -0.934228 -0.21411
-42.6456 87.4646 6.86413 0.283803 -0.934617 -0.214351
-41.539 87.7654 6.99006 0.309421 -0.90953 -0.277513
-40.3541 88.1419 7.14046 0.316643 -0.900123 -0.299191
-39.1105 88.5173 7.29693 0.300343 -0.898212 -0.32095
-37.9099 88.8646 7.4422 0.308519 -0.883126 -0.353418
-36.1573 89.3785 7.66406 0.300147 -0.884584 -0.356963
-34.3481 89.8924 7.89494 0.286071 -0.879287 -0.380812
-33.1571 90.2137 8.04267 0.265087 -0.876212 -0.402468
-32.0273 90.5044 8.17686 0.277114 -0.86351 -0.421376
-31.0065 90.772 8.29975 0.289374 -0.859851 -0.420617
-29.2711 91.2592 8.52287 0.302198 -0.844075 -0.442961
-28.3573 91.538 8.64845 0.308126 -0.850742 -0.425789
-27.6358 92.1519 7.8841 0.323152 -0.854399 -0.406909
-29.2932 91.6654 7.68162 0.298643 -0.867752 -0.397265
-31.0703 91.162 7.45859 0.289377 -0.859853 -0.42061
-32.0662 90.8969 7.33857 0.290003 -0.870219 -0.398268
-33.645 90.4558 7.13622 0.299207 -0.868011 -0.396273
-34.9322 90.1015 6.97328 0.299546 -0.877367 -0.374833
-36.7345 89.5603 6.72816 0.306567 -0.87996 -0.362886
-38.1214 89.1433 6.54543 0.312568 -0.886156 -0.342095
-39.4062 88.7328 6.37205 0.334201 -0.881092 -0.334644
-40.7365 88.3158 6.20077 0.326508 -0.899015 -0.291829
-41.7746 87.9784 6.06501 0.334778 -0.898244 -0.284748
-42.8137 87.6288 5.92561 0.312148 -0.91675 -0.249265
-43.861 87.3382 5.80193 0.276185 -0.932959 -0.230887
-44.9897 87.0485 5.67468 0.289511 -0.925503 -0.244187
-46.0111 86.7365 5.54246 0.311852 -0.919145 -0.240666
-47.2306 86.4407 5.40971 0.299585 -0.949263 -0.0956489
-48.3008 86.0645 5.27625 0.335504 -0.938057 -0.0865181
-49.6058 85.5779 5.11306 0.393639 -0.91574 -0.080423
-50.6053 85.1625 4.98345 0.391187 -0.917087 -0.0769674
-51.7531 84.6048 4.81703 0.463275 -0.883041 -0.0749302
-52.6236 84.1569 4.69265 0.487455 -0.870079 -0.0731395
-51.9802 84.5678 3.81419 0.464989 -0.882373 -0.0721344
-51.0563 85.0435 3.95006 0.47116 -0.876456 -0.0991613
-49.9215 85.533 4.11174 0.396083 -0.914375 -0.083877
-48.9225 85.9528 4.25326 0.36429 -0.92676 -0.0917008
-47.921 86.2942 4.37739 0.332049 -0.938011 -0.0993971
-46.8404 86.7154 4.52177 0.341373 -0.915671 -0.212156
-45.828 87.0316 4.65286 0.311854 -0.919144 -0.240669
-44.0919 87.5209 4.86551 0.267016 -0.931347 -0.24758
-42.5004 88.0188 5.06962 0.335575 -0.895833 -0.291328
-40.9731 88.524 5.27262 0.341902 -0.890435 -0.300382
-39.4495 89.0486 5.4862 0.340619 -0.884424 -0.319018
-38.3245 89.4198 5.64352 0.323408 -0.883684 -0.338392
-36.7924 89.9018 5.86032 0.331693 -0.870633 -0.363287
-35.5549 90.2774 6.03406 0.312008 -0.873852 -0.372872
-33.915 90.7621 6.25908 0.302149 -0.871215 -0.386898
-32.9144 91.0479 6.39087 0.294611 -0.869127 -0.39727
-31.7847 91.3577 6.53205 0.286787 -0.874522 -0.391106
-30.2271 91.7914 6.72415 0.294958 -0.872312 -0.389964
-29.2667 92.0605 6.8386 0.298646 -0.867748 -0.39727
-27.6552 92.515 7.01877 0.267811 -0.901196 -0.340769
-26.7018 92.7674 7.10813 0.289924 -0.909745 -0.297167
-25.6382 93.3604 6.30679 0.246077 -0.940297 -0.235134
-26.6745 93.0978 6.23117 0.262393 -0.902619 -0.341216
-27.6675 92.8416 6.14554 0.267812 -0.901198 -0.340761
-29.1956 92.4345 5.99115 0.271156 -0.901166 -0.338193
-30.1595 92.187 5.88814 0.267759 -0.901895 -0.338956
-31.792 91.7323 5.68912 0.296496 -0.878806 -0.373885
-32.847 91.4232 5.54865 0.295111 -0.885631 -0.358562
-33.9659 91.1226 5.40774 0.293174 -0.879959 -0.373792
-34.9843 90.8184 5.26266 0.319166 -0.86893 -0.378276
-36.1619 90.4625 5.0921 0.321871 -0.872294 -0.368107
-37.1463 90.1462 4.9407 0.338381 -0.876123 -0.343375
-38.1815 89.8072 4.78569 0.346309 -0.873827 -0.341315
-39.2101 89.4485 4.63307 0.347449 -0.878027 -0.329162
-40.7095 88.9338 4.42218 0.35459 -0.881089 -0.312967
-42.2345 88.3982 4.20917 0.343215 -0.889431 -0.301856
-43.1817 88.0844 4.08303 0.32057 -0.900412 -0.294097
-44.2475 87.7679 3.95095 0.311272 -0.906604 -0.284919
-45.2287 87.4433 3.81813 0.340489 -0.908291 -0.243054
-46.504 87.0441 3.64431 0.341368 -0.915673 -0.212159
-47.4809 86.6834 3.50874 0.377802 -0.902795 -0.205492
-48.7675 86.1559 3.33143 0.403637 -0.894266 -0.193304
-50.4697 85.4704 3.07552 0.383135 -0.908412 -0.167318
-51.2869 85.0613 2.94911 0.471564 -0.873167 -0.123318
-50.2956 85.7123 2.14338 0.495733 -0.850175 -0.177346
-49.3513 86.1133 2.29571 0.406742 -0.893036 -0.19248
-48.3301 86.5415 2.45541 0.420012 -0.880022 -0.221703
-47.2468 86.9981 2.62 0.34796 -0.900144 -0.262038
-46.1959 87.3612 2.76836 0.356037 -0.905275 -0.231764
-44.9733 87.8015 2.95117 0.361855 -0.894382 -0.262947
-43.9179 88.141 3.09243 0.317003 -0.908286 -0.272996
-42.5293 88.6096 3.28046 0.349809 -0.882439 -0.314539
-41.4517 88.9854 3.42846 0.353055 -0.882133 -0.311759
-39.7934 89.5771 3.66224 0.361707 -0.876214 -0.31846
-38.7006 89.9695 3.82653 0.358355 -0.873778 -0.328777
-37.4461 90.3925 4.01682 0.34289 -0.871195 -0.35135
-36.1848 90.8131 4.22238 0.333393 -0.871683 -0.35919
-34.4022 91.3494 4.49471 0.318267 -0.876861 -0.360306
-33.1329 91.6921 4.66084 0.284904 -0.888671 -0.359296
-32.1725 91.9647 4.78691 0.299869 -0.890177 -0.343022
-31.0803 92.2717 4.92406 0.282664 -0.900555 -0.330304
-30.0461 92.54 5.03852 0.267759 -0.901895 -0.338956
-29.0819 92.7885 5.13907 0.271153 -0.901164 -0.3382
-27.2976 93.2197 5.29568 0.240194 -0.92747 -0.286543
-26.3087 93.4644 5.37193 0.250897 -0.926892 -0.279146
-25.1081 93.7164 5.43783 0.246077 -0.940297 -0.235134
-25.0432 93.7351 5.44207 0.283139 -0.935665 -0.210627
-23.403 94.3272 4.627 0.201243 -0.966083 -0.161815
-24.5828 94.0692 4.57675 0.246077 -0.940297 -0.235134
-25.6633 93.8454 4.52167 0.208524 -0.943052 -0.259172
-26.6984 93.6331 4.46127 0.229781 -0.935259 -0.269242
-27.7979 93.3844 4.38029 0.231015 -0.93145 -0.281129
-28.8515 93.1492 4.29375 0.231805 -0.931409 -0.280615
-30.0551 92.8534 4.1778 0.271712 -0.903623 -0.331116
-31.1024 92.5805 4.06316 0.282665 -0.900558 -0.330298
-32.1552 92.2897 3.93318 0.280461 -0.8933 -0.351221
-33.1594 92.0228 3.80686 0.283152 -0.892547 -0.350977
-33.6483 91.893 3.74259 0.283152 -0.892547 -0.350977
-32.0905 92.6391 3.0961 0.270741 -0.903726 -0.33163
-31.1136 92.8806 3.20587 0.249176 -0.916537 -0.312843
-30.1365 93.1088 3.30027 0.255642 -0.923176 -0.28704
-28.4917 93.4934 3.44814 0.232599 -0.931362 -0.280112
-27.2983 93.7617 3.54064 0.209854 -0.94016 -0.268442
-26.2327 93.957 3.60222 0.199114 -0.947773 -0.24916
-25.1544 94.1801 3.66327 0.209649 -0.947174 -0.24271
-23.9397 94.3491 3.70548 0.158929 -0.972952 -0.167646
-22.9159 94.5545 3.74359 0.199695 -0.970449 -0.135466
-21.822 94.7309 3.77138 0.150181 -0.980591 -0.12604
-20.5809 94.9436 3.79508 0.158047 -0.98362 -0.0866793
-20.2204 95.0011 3.79982 0.133084 -0.990012 -0.0465198
-18.7031 95.1879 2.91839 0.0768796 -0.99624 0.039944
-19.8829 95.0434 2.90692 0.107836 -0.994149 -0.00624804
-21.0141 94.9418 2.89205 0.103536 -0.992498 -0.0650231
-22.0111 94.8176 2.87123 0.150181 -0.980591 -0.12604
-23.2675 94.6091 2.83395 0.158933 -0.972952 -0.167644
-24.5366 94.463 2.79714 0.117742 -0.972824 -0.199376
-25.729 94.2872 2.74879 0.199114 -0.947773 -0.24916
-26.7793 94.0936 2.69218 0.188549 -0.948226 -0.255572
-27.8368 93.9004 2.62799 0.186992 -0.949435 -0.252203
-28.9159 93.6616 2.54484 0.231336 -0.928075 -0.291823
-30.1499 93.3908 2.4403 0.231206 -0.92426 -0.303789
-30.583 93.2926 2.40039 0.23746 -0.919321 -0.313785
-29.4047 93.8227 1.64495 0.228123 -0.928568 -0.292783
-27.5428 94.1856 1.77283 0.18462 -0.949635 -0.253198
-26.4132 94.3934 1.83821 0.189364 -0.94923 -0.251205
-25.0504 94.5838 1.89306 0.108332 -0.973045 -0.203587
-23.786 94.7287 1.93306 0.117751 -0.973739 -0.194851
-21.9875 94.878 1.97349 0.0975873 -0.988646 -0.114262
-20.8515 95.0173 1.99884 0.103535 -0.992498 -0.0650233
-19.8381 95.1022 2.01282 0.0842458 -0.994076 -0.0686684
-18.4689 95.106 2.03317 -0.0354104 -0.99609 0.0809427
-16.9184 95.1073 2.06968 -0.0018818 -0.993125 0.117048
-16.5771 95.1076 2.07722 -0.0346875 -0.991269 0.127212
-15.2315 94.8862 1.24011 -0.25812 -0.920351 0.293817
-16.2506 94.9632 1.19817 -0.0674523 -0.988239 0.137236
-17.524 95.0018 1.16451 -0.0354035 -0.99609 0.0809415
-18.5875 95.0741 1.13803 -0.068849 -0.996628 0.0446358
-19.594 95.0861 1.12118 0.0237798 -0.998969 0.0386839
-20.6773 95.0851 1.10824 -0.0195675 -0.997877 -0.0621138
-22.121 95.0189 1.08482 0.072041 -0.983358 -0.166784
-23.3291 94.9321 1.06021 0.0751709 -0.983292 -0.16579
-24.8018 94.7994 1.02151 0.0988953 -0.97219 -0.21229
-25.9081 94.6736 0.983715 0.154708 -0.964934 -0.212055
-27.1678 94.4844 0.925604 0.1721 -0.957439 -0.231716
-28.1584 94.3057 0.867944 0.185848 -0.952039 -0.243069
-28.341 94.273 0.856553 0.185847 -0.952038 -0.243073
-27.1501 94.6841 0.0527687 0.155107 -0.963688 -0.217366
-25.7617 94.8893 0.114598 0.148117 -0.966094 -0.211478
-24.3024 95.025 0.1564 0.0901087 -0.977505 -0.190694
-23.1589 95.1026 0.181 0.065286 -0.979347 -0.191356
-21.3674 95.148 0.20751 -0.0120258 -0.9981 -0.060425
-20.1834 95.1285 0.220282 -0.027116 -0.997594 -0.0637968
-18.877 95.0693 0.235178 -0.0699441 -0.997516 -0.00840454
-17.845 95.0022 0.258188 -0.0648069 -0.99788 -0.00591114
-16.2616 94.7244 0.327199 -0.172639 -0.959408 0.223008
-15.1821 94.594 0.368355 -0.258124 -0.92035 0.293817
-14.8437 94.4594 0.411984 -0.385824 -0.881125 0.273421
-14.432 94.012 -0.420982 -0.391261 -0.876051 0.281868
-15.6663 94.4682 -0.547197 -0.248152 -0.950699 0.185989
-16.6437 94.6817 -0.595223 -0.243524 -0.961597 0.126602
-17.8162 95.0056 -0.644384 -0.168139 -0.984141 0.0565263
-18.9421 95.084 -0.664636 -0.075071 -0.997119 -0.0109024
-20.0859 95.1703 -0.675412 -0.0808245 -0.996245 -0.0310268
-21.2054 95.2249 -0.685826 -0.0346894 -0.992754 -0.115048
-22.5441 95.2534 -0.696165 0.0122454 -0.994021 -0.1085
-23.6962 95.2404 -0.707903 0.0388132 -0.987907 -0.150109
-24.8834 95.1474 -0.735033 0.0865564 -0.976959 -0.19509
-26.4195 94.9824 -0.785977 0.144078 -0.968039 -0.205285
-25.0332 95.298 -1.61625 0.0664123 -0.98652 -0.14956
-23.2545 95.351 -1.59314 -0.00723851 -0.989592 -0.143723
-22.0046 95.357 -1.58454 -0.0112252 -0.993667 -0.111806
-20.1961 95.227 -1.57986 -0.0907027 -0.99451 -0.0521783
-19.0619 95.1274 -1.57471 -0.0865302 -0.994936 -0.0511325
-17.8823 94.9206 -1.55474 -0.270835 -0.9583 0.0911561
-16.5988 94.5671 -1.50664 -0.315684 -0.943125 0.104206
-15.2731 94.1284 -1.42446 -0.345977 -0.907536 0.238073
-14.3789 93.7366 -1.32141 -0.418125 -0.873402 0.249679
-14.807 93.655 -2.28836 -0.442479 -0.866302 0.231804
-16.0317 94.2251 -2.39888 -0.393779 -0.899051 0.191432
-17.0984 94.6137 -2.45237 -0.27083 -0.958302 0.0911513
-18.2694 94.9463 -2.47926 -0.237422 -0.967607 0.0858382
-19.6163 95.2224 -2.48493 -0.144086 -0.989433 0.0161808
-20.7752 95.336 -2.48537 -0.109022 -0.985905 -0.126905
-22.0336 95.4642 -2.47718 -0.0469876 -0.99182 -0.118684
-23.0545 95.4777 -2.47841 -0.0130305 -0.991802 -0.127118
-24.1786 95.4867 -2.48131 0.0296072 -0.988732 -0.146741
-22.2549 95.5813 -3.36795 -0.0469854 -0.991819 -0.118692
-21.1436 95.4918 -3.37997 -0.0949646 -0.9884 -0.118524
-20.095 95.3359 -3.3907 -0.205676 -0.978073 -0.0327206
-18.9754 95.0683 -3.40232 -0.250293 -0.967333 -0.040262
-17.7262 94.69 -3.39564 -0.286327 -0.949388 0.129151
-16.3496 94.1635 -3.34643 -0.418196 -0.892984 0.16641
-16.317 94.1486 -3.34489 -0.406051 -0.896159 0.178949
-18.1341 94.7433 -4.3346 -0.3894 -0.919334 0.0565045
-19.4938 95.2404 -4.31542 -0.228046 -0.972966 -0.0365012
-20.2228 95.3932 -4.29837 -0.223215 -0.97309 -0.0571859
-38.0498 90.5445 3.03722 0.366956 -0.865176 -0.341779
-38.9966 90.1886 2.88661 0.370173 -0.868589 -0.329431
-40.4605 89.6605 2.6771 0.360962 -0.876451 -0.318654
-41.817 89.1746 2.49157 0.33995 -0.889135 -0.306388
-43.0147 88.759 2.32989 0.350585 -0.881484 -0.316349
-44.505 88.238 2.12064 0.347786 -0.879378 -0.325177
-46.0642 87.7302 1.90835 0.33126 -0.884361 -0.328896
-47.4831 87.1817 1.67579 0.370689 -0.881354 -0.292925
-49.003 86.5462 1.42679 0.412375 -0.863707 -0.289754
-49.0494 86.5267 1.41879 0.405879 -0.867889 -0.286412
-48.6623 87.0406 0.583903 0.43503 -0.824666 -0.361489
-47.4294 87.5569 0.813589 0.371218 -0.857195 -0.35695
-46.243 87.9981 1.00802 0.362205 -0.873135 -0.326256
-44.6526 88.5207 1.22835 0.336606 -0.879837 -0.335534
-42.9702 89.092 1.45417 0.331098 -0.88867 -0.317237
-41.586 89.5458 1.62603 0.330992 -0.896023 -0.295951
-40.6509 89.8829 1.74729 0.373451 -0.882623 -0.285502
-39.5965 90.2752 1.89041 0.384981 -0.882153 -0.271285
-40.2071 90.3324 0.897148 0.364536 -0.889563 -0.275303
-41.3365 89.9242 0.761683 0.31154 -0.908454 -0.278665
-42.659 89.4885 0.60587 0.330147 -0.895612 -0.298131
-43.7174 89.1522 0.479427 0.318806 -0.899117 -0.299918
-44.8279 88.7939 0.336145 0.330525 -0.876818 -0.349203
-45.8297 88.4771 0.20321 0.324366 -0.873594 -0.362794
-46.8388 88.1297 0.0483353 0.368786 -0.859738 -0.353338
-48.0065 87.7083 -0.150155 0.403385 -0.84147 -0.359455
-47.2341 88.3553 -0.870624 0.334096 -0.825412 -0.455056
-46.1398 88.7332 -0.690753 0.346676 -0.866909 -0.358168
-44.6703 89.1742 -0.506173 0.303019 -0.893011 -0.332731
-43.6897 89.4603 -0.394739 0.298273 -0.894485 -0.33306
-42.3581 89.882 -0.243118 0.311536 -0.908454 -0.278669
-41.1345 90.2379 -0.125175 0.292647 -0.920488 -0.258959
-40.1661 90.5965 -0.0215388 0.376029 -0.89638 -0.234746
-40.7301 90.6011 -0.997839 0.293435 -0.937868 -0.185201
-42.0341 90.2202 -1.10858 0.296034 -0.925081 -0.237883
-43.093 89.9414 -1.20086 0.261286 -0.922168 -0.285193
-44.5747 89.5202 -1.35621 0.261907 -0.911759 -0.316386
-45.6932 89.2153 -1.48145 0.286932 -0.880441 -0.377484
-46.6793 88.9608 -1.59702 0.267074 -0.883705 -0.384366
-46.8992 88.9056 -1.62301 0.30107 -0.855937 -0.420391
-46.7389 89.3117 -2.43692 0.258433 -0.873452 -0.412667
-45.758 89.556 -2.32524 0.277017 -0.882121 -0.380953
-44.4605 89.8587 -2.20232 0.233755 -0.913213 -0.333767
-43.1248 90.1904 -2.08503 0.232499 -0.933955 -0.271426
-41.5626 90.591 -1.96391 0.274139 -0.935544 -0.22272
-41.258 90.6679 -1.94422 0.25202 -0.945243 -0.207369
-40.8749 90.96 -2.82244 0.253618 -0.947345 -0.195486
-41.8455 90.7124 -2.88145 0.216764 -0.953577 -0.209057
-43.2021 90.4214 -2.96511 0.232879 -0.937263 -0.259433
-44.6165 90.1303 -3.0658 0.234594 -0.915359 -0.327235
-46.1964 89.8004 -3.20417 0.202076 -0.918855 -0.338926
-46.4422 89.7537 -3.22413 0.202075 -0.918854 -0.338929
-46.1873 90.1105 -4.03948 0.202075 -0.918854 -0.338929
-44.6705 90.42 -3.91504 0.205555 -0.927708 -0.311618
-43.0707 90.6925 -3.82651 0.204685 -0.938615 -0.277681
-41.9091 90.9064 -3.76905 0.17957 -0.958296 -0.222312
-40.8176 91.1596 -3.7154 0.223425 -0.959996 -0.168785
-40.6146 91.1989 -3.70842 0.192833 -0.970934 -0.141784
-40.4105 91.3681 -4.60167 0.193882 -0.972132 -0.13179
-41.6541 91.1557 -4.63808 0.148219 -0.970179 -0.19179
-42.7113 90.9675 -4.68131 0.179644 -0.958333 -0.222094
-44.019 90.7614 -4.74028 0.157029 -0.961935 -0.22366
-45.0421 90.6185 -4.78989 0.105783 -0.954222 -0.279767
-46.0221 90.4996 -4.83771 0.151444 -0.921462 -0.357731
-45.731 90.8086 -5.66069 0.11479 -0.949019 -0.293576
-43.9611 90.9896 -5.59967 0.119091 -0.95321 -0.277864
-42.948 91.1272 -5.56173 0.168347 -0.960197 -0.222892
-41.4213 91.3281 -5.51862 0.1165 -0.980041 -0.161084
-40.3831 91.4946 -5.4946 0.156887 -0.982403 -0.10134
-40.1478 91.5806 -6.38678 0.120722 -0.991246 -0.0534645
-41.6062 91.4185 -6.40842 0.119391 -0.989158 -0.0855177
-42.6515 91.2943 -6.4313 0.0918353 -0.990558 -0.101788
-43.7374 91.2247 -6.45186 0.0674063 -0.990529 -0.119619
-44.8399 91.1362 -6.4791 0.10578 -0.954221 -0.279774
-45.5604 91.0723 -6.49876 0.0924552 -0.955059 -0.281627
-45.729 91.2513 -7.36161 0.074508 -0.970937 -0.227441
-44.4728 91.2947 -7.34196 0.0103143 -0.986791 -0.161672
-43.1629 91.3669 -7.31922 0.0641863 -0.990943 -0.117953
-42.1436 91.431 -7.30311 0.0918319 -0.990559 -0.101781
-41.0815 91.5431 -7.28797 0.0955657 -0.993028 -0.0690093
-40.0066 91.6459 -7.27855 0.108157 -0.992245 -0.0612505
-40.364 91.6191 -8.17019 0.0613207 -0.997444 0.0366674
-41.4096 91.5269 -8.17688 0.089688 -0.995888 0.0127867
-42.6988 91.4561 -8.19149 0.0578727 -0.997974 -0.0264445
-43.7133 91.3976 -8.20665 0.0171166 -0.998777 -0.0463908
-45.2927 91.4014 -8.22249 0.0151716 -0.993775 -0.110368
-45.5188 91.3982 -8.22494 0.00702869 -0.993847 -0.110541
-45.5011 91.4955 -9.09858 0.00702869 -0.993847 -0.110541
-44.4133 91.4729 -9.09016 -0.0236812 -0.997523 -0.0662281
-43.2873 91.4455 -9.07931 0.0171134 -0.998777 -0.046384
-42.1303 91.5067 -9.06702 0.048375 -0.998603 -0.0212636
-40.9682 91.5447 -9.05762 0.0414795 -0.99762 0.0550853
-39.5356 91.6375 -9.05487 0.0628695 -0.99694 0.0464624
-39.536 91.541 -9.93435 -0.00209168 -0.990345 0.138608
-40.9207 91.498 -9.93903 0.0414795 -0.99762 0.0550852
-41.9607 91.4783 -9.94583 0.0185289 -0.998375 0.0538889
-42.9853 91.4429 -9.95304 0.0121183 -0.994646 0.102625
-44.1699 91.4478 -9.965 0.00203671 -0.997093 0.0761714
-45.3735 91.4447 -9.97385 -0.0373222 -0.996856 0.0698882
-45.2339 91.378 -10.8507 -0.0373221 -0.996856 0.0698883
-44.0574 91.3692 -10.8402 -0.0143028 -0.994889 0.0999532
-42.8963 91.3538 -10.8269 0.0121183 -0.994646 0.102625
-41.8763 91.3939 -10.8217 0.0385276 -0.993703 0.105218
-40.7772 91.4005 -10.8121 -0.00970025 -0.981508 0.191174
-39.7009 91.4188 -10.8097 0.00709038 -0.985583 0.169044
-39.3311 91.2493 -11.6732 0.0116463 -0.979043 0.203319
-40.4955 91.2298 -11.6741 -0.00969491 -0.981509 0.191168
-41.7065 91.2706 -11.691 -0.0356476 -0.982487 0.182888
-42.8072 91.2647 -11.701 0.0121157 -0.994647 0.102619
-43.8486 91.2784 -11.7133 -0.00813899 -0.993496 0.113578
-45.1971 91.2795 -11.7258 -0.012072 -0.991797 0.127251
-45.2044 91.1674 -12.6006 -0.0120721 -0.991797 0.127251
-44.1444 91.1666 -12.5897 -0.00196387 -0.991878 0.127178
-42.8946 91.1021 -12.5614 -0.0415221 -0.94975 0.310242
-41.6392 91.0881 -12.5505 -0.0160944 -0.956196 0.292283
-40.2141 91.0593 -12.5351 -0.00969491 -0.981509 0.191168
-40.1105 91.061 -12.5351 0.0116463 -0.979043 0.203319
-39.4188 90.7937 -13.372 0.00560844 -0.947682 0.319167
-40.8018 90.8006 -13.3771 -0.0818491 -0.928219 0.362919
-42.0633 90.8367 -13.3963 -0.0107988 -0.955404 0.295104
-43.1264 90.8408 -13.4027 -0.00549974 -0.954576 0.297915
-44.279 90.9177 -13.4345 -0.0774761 -0.943524 0.322118
-44.8047 90.956 -13.4487 -0.0713009 -0.941653 0.328946
-45.1468 90.6791 -14.2899 -0.0651195 -0.939699 0.335746
-43.8057 90.599 -14.2542 -0.0713011 -0.941653 0.328947
-42.6927 90.5695 -14.2381 -0.0365336 -0.913784 0.404555
-41.2903 90.5173 -14.2119 -0.0660145 -0.920604 0.384876
-39.782 90.4662 -14.189 0.0456607 -0.933855 0.354725
-39.4868 90.4789 -14.1934 0.0456562 -0.933855 0.354725
-39.598 90.1309 -15.0008 0.0207324 -0.911482 0.410816
-40.8219 90.138 -15.0053 -0.0655951 -0.898917 0.43318
-41.9675 90.1895 -15.0308 -0.0433337 -0.913046 0.405547
-43.7607 90.2387 -15.0586 -0.0539367 -0.905998 0.41983
-44.8496 90.3179 -15.0986 -0.0812161 -0.901779 0.424498
-45.0292 89.9562 -15.9083 -0.0897374 -0.904594 0.416722
-43.9541 89.8773 -15.8632 -0.0539357 -0.905996 0.419836
-42.6116 89.8467 -15.8443 -0.0534874 -0.880625 0.470785
-41.286 89.7668 -15.8018 -0.0809951 -0.884562 0.459335
-40.3081 89.7161 -15.7757 0.0598967 -0.891905 0.448239
-40.4984 89.3077 -16.552 0.0253055 -0.841199 0.540134
-41.9531 89.3459 -16.5716 -0.0308442 -0.851513 0.523426
-43.1291 89.4194 -16.6138 -0.0801191 -0.847623 0.524515
-44.3087 89.4858 -16.6515 -0.106498 -0.790966 0.602521
-43.7838 88.9216 -17.3351 -0.0214575 -0.79273 0.609195
-42.2783 88.8901 -17.323 -0.0260058 -0.787257 0.616076
-41.3882 88.8578 -17.305 -0.0468639 -0.834534 0.54896
-33.028 83.2463 23.9331 -0.240473 -0.832823 -0.498577
-34.1271 83.4713 24.076 -0.233641 -0.849186 -0.473598
-35.556 83.7206 24.2389 -0.192623 -0.812003 -0.550951
-37.1043 84.0036 24.4294 -0.177381 -0.85337 -0.490199
-38.1096 84.1245 24.5133 -0.144168 -0.89325 -0.425817
-40.0263 84.3185 24.6599 -0.105673 -0.88871 -0.446125
-41.1453 84.4086 24.7456 -0.104256 -0.889284 -0.445315
-42.1939 84.3582 24.7473 0.0555646 -0.887749 -0.456962
-43.3196 84.2832 24.7637 0.0357408 -0.889821 -0.454907
-45.1169 84.1809 24.8227 0.051484 -0.902269 -0.428088
-46.1885 83.9719 24.7701 0.201232 -0.85896 -0.470844
-47.2029 83.7639 24.7162 0.262187 -0.851491 -0.454117
-48.8752 83.2523 24.5805 0.282933 -0.872108 -0.399219
-50.3188 82.6902 24.4039 0.510094 -0.724844 -0.463038
-51.8762 81.7439 24.0761 0.517865 -0.743573 -0.422983
-53.2142 80.8228 23.7664 0.627169 -0.685226 -0.370304
-54.0596 80.1796 23.5501 0.629424 -0.6939 -0.349755
-54.8623 79.5122 23.3332 0.662672 -0.671028 -0.332547
-55.7319 78.7626 23.1129 0.645924 -0.692715 -0.320824
-56.5039 78.1127 22.9288 0.659366 -0.693558 -0.290195
-57.815 77.0921 22.6533 0.582299 -0.771213 -0.257215
-58.5685 76.5694 22.5098 0.584295 -0.772578 -0.24844
-58.8162 76.0967 23.4035 0.569797 -0.780166 -0.258211
-57.5284 76.9741 23.6412 0.58203 -0.770109 -0.2611
-56.6888 77.5822 23.7941 0.597566 -0.761933 -0.249746
-55.9031 78.2403 23.9715 0.6286 -0.713787 -0.308821
-55.1277 78.8506 24.1393 0.645923 -0.692714 -0.320826
-54.3217 79.5282 24.347 0.636281 -0.686531 -0.351884
-53.1888 80.4035 24.6579 0.598941 -0.702515 -0.384372
-52.3248 80.9895 24.8589 0.546064 -0.724617 -0.420409
-50.9464 81.796 25.1242 0.487061 -0.747644 -0.451442
-50.0334 82.2704 25.2883 0.472854 -0.734149 -0.487272
-49.1523 82.7273 25.4549 0.415158 -0.739721 -0.529581
-48.0058 83.0545 25.5171 0.246726 -0.816653 -0.521732
-46.79 83.3979 25.6197 0.258553 -0.844551 -0.468919
-45.6929 83.63 25.6895 0.155531 -0.873631 -0.461064
-43.9011 83.786 25.6732 0.0448186 -0.879403 -0.473963
-42.8912 83.8486 25.6525 0.0127871 -0.852077 -0.52326
-41.387 83.8505 25.5725 -0.0300811 -0.810015 -0.585638
-40.3852 83.7968 25.5003 -0.101487 -0.809457 -0.578342
-39.2733 83.7118 25.4043 -0.120808 -0.811515 -0.571708
-38.1088 83.5995 25.2983 -0.138517 -0.812495 -0.566273
-36.588 83.3754 25.1327 -0.206779 -0.798566 -0.565273
-34.9145 83.0943 24.9346 -0.194875 -0.808936 -0.554658
-33.7476 82.8986 24.8021 -0.208463 -0.807497 -0.551807
-33.4021 82.8382 24.76 -0.208464 -0.807497 -0.551807
-33.9577 82.4163 25.5873 -0.201672 -0.808235 -0.553249
-35.856 82.7039 25.8005 -0.181542 -0.799287 -0.572873
-37.0733 82.9117 25.9571 -0.190446 -0.781141 -0.5946
-38.3312 83.0587 26.0881 -0.137492 -0.779733 -0.61083
-39.4639 83.1695 26.2018 -0.149677 -0.785789 -0.60011
-40.4859 83.2337 26.2897 -0.0891999 -0.818065 -0.568167
-42.0639 83.3032 26.4159 -0.0700007 -0.850934 -0.520587
-43.5665 83.3094 26.5158 -0.0107684 -0.845183 -0.534369
-44.6733 83.2486 26.563 0.101843 -0.850333 -0.516297
-45.9757 83.0993 26.5375 0.175601 -0.812969 -0.555198
-47.3247 82.7082 26.3983 0.302804 -0.807032 -0.50696
-48.3519 82.4257 26.3377 0.246723 -0.816653 -0.521732
-49.3783 82.0269 26.2263 0.355326 -0.741478 -0.569169
-50.2882 81.5896 26.0668 0.464463 -0.741138 -0.484756
-51.2323 81.1151 25.9102 0.456009 -0.748037 -0.482178
-52.5535 80.3276 25.6525 0.567814 -0.71485 -0.408139
-53.5031 79.7078 25.4444 0.597193 -0.704935 -0.382658
-54.4477 78.9723 25.1848 0.619106 -0.700247 -0.355475
-55.2746 78.3419 24.9974 0.62482 -0.706428 -0.332505
-56.0606 77.7259 24.8292 0.607288 -0.728456 -0.3171
-56.9655 77.0758 24.664 0.592518 -0.747772 -0.299599
-57.838 76.4465 24.5092 0.595241 -0.75511 -0.274768
-58.608 75.9424 24.375 0.559406 -0.7953 -0.233588
-58.163 75.9621 25.3806 0.560471 -0.795206 -0.231344
-57.2831 76.5009 25.5063 0.526147 -0.814125 -0.245702
-56.3469 77.1629 25.6701 0.590826 -0.748755 -0.300484
-55.3425 77.8756 25.8604 0.607287 -0.728456 -0.317102
-54.5134 78.5072 26.0459 0.605742 -0.718482 -0.34185
-53.6046 79.1664 26.2707 0.6191 -0.700249 -0.355481
-52.5862 79.8399 26.4986 0.559545 -0.725765 -0.400217
-51.6569 80.39 26.6751 0.462677 -0.763306 -0.450882
-50.7233 80.8614 26.8163 0.455964 -0.768791 -0.448395
-48.8222 81.6509 27.0711 0.343565 -0.810303 -0.474734
-47.7752 82.0555 27.1899 0.301772 -0.780991 -0.546796
-46.6781 82.3518 27.2732 0.24395 -0.786988 -0.566691
-45.6502 82.6072 27.361 0.175602 -0.812969 -0.555198
-44.3092 82.7007 27.343 0.0370866 -0.792739 -0.608431
-42.5825 82.811 27.2843 0.00948183 -0.820295 -0.571861
-40.9293 82.7057 27.1206 -0.111761 -0.822355 -0.557891
-38.9996 82.5448 26.9135 -0.161815 -0.791606 -0.589217
-38.0037 82.4399 26.8043 -0.154568 -0.774239 -0.613728
-36.9873 82.3093 26.6843 -0.171592 -0.768497 -0.616416
-35.9633 82.1719 26.5682 -0.17493 -0.753237 -0.634061
-34.5452 81.9561 26.3951 -0.192741 -0.767787 -0.611027
-36.0094 81.5737 27.2918 -0.173022 -0.753708 -0.634025
-37.175 81.7262 27.4352 -0.176833 -0.752766 -0.634092
-38.2936 81.8603 27.5693 -0.171369 -0.740016 -0.650392
-39.3845 81.9978 27.7175 -0.181391 -0.736725 -0.651409
-40.4386 82.1283 27.8635 -0.171668 -0.730518 -0.660964
-41.487 82.1708 27.9506 -0.0793213 -0.775969 -0.625764
-42.5055 82.1974 28.0467 -0.0334803 -0.777451 -0.628051
-44.1342 82.1195 28.1108 0.0210727 -0.785449 -0.618567
-45.4875 82.0042 28.109 0.0660818 -0.756812 -0.650283
-46.6058 81.7497 28.0253 0.214654 -0.759314 -0.614301
-47.787 81.4901 27.9796 0.237929 -0.781536 -0.576707
-48.7711 81.1816 27.9091 0.314238 -0.795346 -0.518343
-49.8894 80.7476 27.7721 0.409825 -0.772484 -0.48509
-51.1417 80.1688 27.5784 0.462679 -0.763308 -0.450877
-52.3343 79.5407 27.3935 0.515224 -0.742874 -0.427414
-53.6683 78.687 27.1099 0.547627 -0.738648 -0.393071
-54.5696 78.0398 26.8989 0.579741 -0.740101 -0.34081
-55.5508 77.3674 26.7121 0.587723 -0.748112 -0.308075
-56.4866 76.7042 26.5374 0.563899 -0.774551 -0.286512
-57.3558 76.1811 26.41 0.52615 -0.814123 -0.245702
-58.1957 75.6717 26.2994 0.543427 -0.804839 -0.238582
-57.6417 75.7064 27.287 0.47655 -0.849289 -0.227176
-56.7856 76.2157 27.4049 0.530334 -0.80386 -0.269359
-55.8243 76.8169 27.5467 0.539101 -0.799646 -0.264455
-54.7807 77.536 27.7378 0.558612 -0.765583 -0.319116
-53.8085 78.151 27.926 0.535497 -0.752841 -0.382718
-52.6443 78.8869 28.1674 0.500353 -0.753668 -0.426183
-51.4904 79.4886 28.3367 0.465316 -0.749219 -0.47133
-50.28 80.0522 28.5077 0.403777 -0.753108 -0.519416
-48.8618 80.5914 28.6825 0.291675 -0.771524 -0.565399
-47.7247 80.9234 28.7498 0.191307 -0.783192 -0.591618
-46.3915 81.2129 28.8032 0.197005 -0.780753 -0.592971
-45.1817 81.4255 28.8521 0.109674 -0.773179 -0.624633
-44.1182 81.5422 28.8679 0.0455764 -0.793781 -0.606494
-42.6498 81.5821 28.8043 0.00388351 -0.78653 -0.617539
-41.5726 81.5483 28.6982 -0.112685 -0.736502 -0.666984
-40.1742 81.4425 28.5404 -0.161908 -0.724146 -0.670371
-38.567 81.2604 28.3238 -0.171367 -0.740012 -0.650397
-37.4107 81.131 28.1847 -0.161326 -0.743223 -0.649302
-36.5231 81.0339 28.0753 -0.169092 -0.748049 -0.64174
-37.8832 80.5657 28.9593 -0.15894 -0.75224 -0.639432
-39.7676 80.7499 29.1904 -0.154701 -0.73816 -0.656649
-40.8946 80.8628 29.3405 -0.137341 -0.73056 -0.668894
-42.1995 80.9395 29.4767 -0.112953 -0.736706 -0.666713
-43.4641 80.9642 29.5731 -0.0280809 -0.758283 -0.65132
-44.7106 80.875 29.5894 0.123561 -0.755703 -0.643153
-45.7608 80.7193 29.5569 0.145501 -0.750758 -0.644354
-47.2343 80.4604 29.526 0.193618 -0.789161 -0.58287
-48.2245 80.2392 29.4944 0.254018 -0.780775 -0.570846
-49.8159 79.7167 29.3549 0.352161 -0.760325 -0.545791
-50.9631 79.2201 29.2041 0.394436 -0.760386 -0.515978
-52.2408 78.5995 29.0271 0.449737 -0.76207 -0.465817
-53.4844 77.9208 28.8323 0.535501 -0.75284 -0.382715
-54.7384 77.1711 28.6161 0.51677 -0.779881 -0.353178
-55.9421 76.4486 28.4326 0.53867 -0.805393 -0.247341
-56.8427 75.8861 28.303 0.494366 -0.839326 -0.226127
-57.7496 75.4059 28.2018 0.485099 -0.855258 -0.182243
-58.1577 75.1837 28.1583 0.480952 -0.8525 -0.204764
-58.1473 74.9965 29.1011 0.463547 -0.871451 -0.160303
-57.0747 75.555 29.2051 0.448306 -0.870263 -0.204116
-55.7107 76.3161 29.3679 0.502508 -0.817644 -0.280969
-54.772 76.8016 29.4782 0.465049 -0.827778 -0.313867
-53.6251 77.4607 29.6564 0.473504 -0.803323 -0.361201
-52.6762 77.9265 29.7774 0.456797 -0.792595 -0.403892
-51.3275 78.5541 29.9454 0.383073 -0.792969 -0.473768
-50.114 79.0849 30.1004 0.344168 -0.7872 -0.511727
-48.5716 79.5827 30.2234 0.306306 -0.775296 -0.552352
-47.5926 79.8255 30.2623 0.200948 -0.783827 -0.587567
-46.2219 80.0741 30.2974 0.10774 -0.793638 -0.598775
-44.5021 80.2546 30.2759 0.0548818 -0.757262 -0.650801
-43.4397 80.3505 30.2866 0.0219603 -0.740092 -0.672147
-42.1324 80.3008 30.1711 -0.10641 -0.746132 -0.657239
-41.1249 80.2487 30.0765 -0.118557 -0.750624 -0.650005
-40.1131 80.1621 29.9574 -0.147426 -0.751852 -0.642639
-39.0944 80.0713 29.8299 -0.151171 -0.750748 -0.643059
-38.2376 79.9876 29.7211 -0.154913 -0.749628 -0.643475
-39.2495 79.4678 30.5702 -0.151181 -0.75439 -0.63878
-40.3633 79.5637 30.6994 -0.137224 -0.745576 -0.65214
-41.3712 79.6499 30.8129 -0.118554 -0.750624 -0.650006
-42.3762 79.7044 30.9043 -0.10366 -0.759865 -0.641763
-43.8251 79.7228 31.0102 0.0228103 -0.780831 -0.624326
-45.1771 79.6305 31.0467 0.0691914 -0.789962 -0.609239
-46.3127 79.4904 31.04 0.0993841 -0.787848 -0.607798
-47.5898 79.2635 31.0148 0.202615 -0.786232 -0.583769
-48.6206 79.0298 30.9723 0.254022 -0.780775 -0.570845
-49.7923 78.6644 30.8869 0.284716 -0.792114 -0.539901
-50.8032 78.3 30.7946 0.383071 -0.792969 -0.473769
-51.7428 77.9302 30.7012 0.363775 -0.806581 -0.465934
-53.1748 77.2724 30.5352 0.434675 -0.808861 -0.395982
-54.2073 76.7763 30.4153 0.473506 -0.803321 -0.361202
-55.1767 76.2694 30.3 0.448941 -0.864568 -0.225775
-56.3219 75.7248 30.1986 0.421572 -0.886544 -0.190571
-57.5248 75.1394 30.0928 0.451886 -0.876026 -0.168456
-58.1807 74.8033 30.0386 0.460435 -0.871506 -0.168752
-57.8215 74.808 30.9943 0.437689 -0.888094 -0.14042
-56.6033 75.3884 31.0801 0.399419 -0.891729 -0.212798
-55.1866 76.0319 31.1898 0.448938 -0.864569 -0.225775
-54.0021 76.5335 31.281 0.397407 -0.863657 -0.310104
-52.6714 77.1574 31.4258 0.371131 -0.854028 -0.364551
-51.6778 77.5181 31.5012 0.367322 -0.822784 -0.433707
-50.749 77.8823 31.5969 0.310808 -0.82891 -0.465088
-49.7793 78.1678 31.6514 0.291628 -0.80427 -0.517787
-48.1631 78.5937 31.736 0.173314 -0.809099 -0.561535
-47.0832 78.824 31.7824 0.15058 -0.788788 -0.595936
-45.2008 79.0569 31.784 0.106082 -0.799926 -0.590648
-44.1501 79.1121 31.7401 0.00793794 -0.768664 -0.639604
-43.0272 79.1415 31.691 -0.107468 -0.764287 -0.635858
-41.9492 79.0793 31.5835 -0.103293 -0.76724 -0.632987
-40.8859 79.0106 31.4813 -0.126935 -0.775618 -0.618307
-39.9694 78.9365 31.3861 -0.134696 -0.771535 -0.621764
-39.8606 78.3307 32.1048 -0.142446 -0.767384 -0.625164
-40.8886 78.4262 32.2149 -0.113039 -0.772985 -0.624272
-42.0999 78.4966 32.3194 -0.0991141 -0.770167 -0.630094
-43.1797 78.5568 32.4195 -0.0498475 -0.767757 -0.638799
-44.2253 78.5291 32.467 -0.0192684 -0.797472 -0.603048
-45.3407 78.5055 32.5338 0.0474784 -0.805836 -0.590232
-46.939 78.2935 32.5158 0.0942023 -0.825949 -0.555818
-47.9365 78.1166 32.4934 0.186776 -0.827148 -0.530039
-49.1217 77.8824 32.4651 0.232935 -0.808296 -0.540739
-50.0909 77.6032 32.4029 0.252978 -0.831545 -0.494504
-51.1088 77.3224 32.3543 0.310804 -0.82891 -0.46509
-52.0947 76.9657 32.2717 0.309758 -0.85974 -0.406075
-53.1518 76.6136 32.2107 0.371128 -0.854028 -0.364554
-54.2438 76.149 32.1225 0.363725 -0.882317 -0.298699
-55.3975 75.697 32.053 0.406986 -0.874856 -0.262658
-56.5901 75.2033 31.9841 0.3846 -0.912046 -0.142323
-57.609 74.8005 31.936 0.384018 -0.916886 -0.108854
-57.5931 74.6785 32.8499 0.345785 -0.929265 -0.129996
-56.1133 75.2597 32.9105 0.35103 -0.919978 -0.174409
-55.1015 75.5988 32.9421 0.332727 -0.919133 -0.210921
-53.6458 76.1373 33.0179 0.293799 -0.921592 -0.253675
-52.5438 76.4632 33.0622 0.314451 -0.886733 -0.338858
-51.4899 76.8116 33.1284 0.261194 -0.891924 -0.36912
-50.4369 77.0771 33.1685 0.262001 -0.860833 -0.43626
-49.4207 77.357 33.2264 0.217759 -0.862682 -0.456466
-48.4354 77.5518 33.2506 0.199957 -0.843957 -0.497748
-47.4162 77.7582 33.2885 0.0743078 -0.840659 -0.536443
-45.9183 77.9037 33.268 0.0942067 -0.825951 -0.555814
-44.8788 77.9638 33.2354 -0.0067609 -0.815117 -0.579258
-43.3921 78.0139 33.1758 -0.0451574 -0.821586 -0.568293
-41.5255 77.9072 33.0161 -0.0958445 -0.80886 -0.580138
-40.4484 77.8156 32.9064 -0.14114 -0.787477 -0.599966
-40.29 77.8002 32.8893 -0.141543 -0.787557 -0.599767
-40.9027 77.2944 33.6968 -0.14073 -0.787405 -0.600157
-42.1023 77.3999 33.8186 -0.0958898 -0.808879 -0.580103
-43.3509 77.4752 33.9202 -0.0959356 -0.808895 -0.580074
-44.4877 77.4721 33.9768 0.00574962 -0.831917 -0.554871
-45.7916 77.4619 34.0435 0.0325259 -0.865131 -0.50049
-47.4494 77.2727 34.0447 0.0866897 -0.856004 -0.509649
-48.7453 77.0538 34.022 0.173002 -0.862485 -0.475594
-49.7536 76.8634 34.0005 0.217758 -0.862679 -0.456472
-50.8046 76.6026 33.9541 0.206949 -0.893744 -0.397986
-51.8999 76.3609 33.9273 0.261194 -0.891924 -0.36912
-52.9951 76.0347 33.8773 0.237603 -0.92689 -0.29055
-54.1571 75.7442 33.8539 0.2938 -0.921589 -0.253684
-55.4181 75.2975 33.8092 0.316685 -0.925864 -0.20612
-56.6828 74.8989 33.7844 0.292539 -0.953358 -0.0743564
-57.3911 74.6567 33.771 0.328611 -0.942891 -0.054507
-56.7123 74.8192 34.6841 0.316919 -0.945613 -0.0733395
-55.6303 75.1218 34.6868 0.267967 -0.960479 -0.0753246
-54.5636 75.4078 34.6981 0.190008 -0.972611 -0.133885
-53.4349 75.6742 34.7127 0.242835 -0.94043 -0.237957
-52.2557 75.9718 34.7398 0.195249 -0.94706 -0.254863
-51.1926 76.1837 34.7597 0.214148 -0.920226 -0.327605
-50.0972 76.4266 34.7934 0.173237 -0.921994 -0.346289
-49.02 76.613 34.8109 0.189903 -0.893576 -0.406766
-47.9956 76.8168 34.8413 0.127027 -0.895254 -0.427066
-46.9018 76.9051 34.8205 0.081317 -0.882054 -0.464078
-45.4119 76.9965 34.7899 -0.0340888 -0.855727 -0.516303
-44.1175 76.9873 34.7197 -0.0197652 -0.877516 -0.479141
-43.0774 76.9488 34.6521 -0.0692081 -0.852093 -0.518794
-41.4685 76.8575 34.5441 -0.113899 -0.8482 -0.517284
-41.3833 76.85 34.5356 -0.125712 -0.851316 -0.509369
-41.6164 76.3889 35.3367 -0.0954609 -0.900252 -0.424775
-43.0618 76.5082 35.4429 -0.118059 -0.891452 -0.437465
-44.4476 76.5847 35.5387 -0.0448557 -0.887243 -0.459115
-45.9217 76.5682 35.5946 -0.0234369 -0.905588 -0.42351
-47.2646 76.4811 35.6187 0.063592 -0.893022 -0.445496
-48.8853 76.2744 35.6176 0.16106 -0.908413 -0.385805
-49.9836 76.1197 35.6113 0.131975 -0.921896 -0.364267
-51.1178 75.9059 35.5889 0.180846 -0.936743 -0.299677
-52.2422 75.7336 35.583 0.147158 -0.951234 -0.271108
-53.4712 75.4496 35.5634 0.194378 -0.962887 -0.187257
-54.5753 75.2857 35.5687 0.190008 -0.972611 -0.133885
-55.6431 75.0255 35.568 0.234752 -0.963058 -0.131952
-56.3226 74.8591 35.574 0.251496 -0.962287 -0.103697
-55.8239 74.8851 36.4451 0.170516 -0.985355 -0.000513309
-54.5869 75.1638 36.4374 0.190012 -0.972609 -0.133891
-53.1814 75.3727 36.4293 0.147957 -0.980827 -0.126837
-51.8014 75.5785 36.432 0.156439 -0.967123 -0.200499
-50.8097 75.7376 36.4384 0.132732 -0.968474 -0.21081
-49.3296 75.9305 36.4441 0.132557 -0.962817 -0.235398
-47.937 76.0601 36.4328 0.0582057 -0.940315 -0.33529
-46.6878 76.1873 36.4252 0.0910665 -0.916994 -0.388366
-45.6755 76.2022 36.3931 -0.0414644 -0.913046 -0.405742
-44.2309 76.1663 36.326 -0.0448512 -0.887243 -0.459117
-43.0104 76.1055 36.2496 -0.106592 -0.895907 -0.431263
-42.2339 76.0474 36.199 -0.0951056 -0.900193 -0.424979
-42.5586 75.7002 37.0473 -0.0908769 -0.914852 -0.39343
-43.833 75.7798 37.1209 -0.04236 -0.927096 -0.372423
-44.8789 75.8276 37.176 -0.0492176 -0.917098 -0.395611
-46.4712 75.8632 37.2373 -0.0386336 -0.915018 -0.401559
-48.193 75.8045 37.2835 0.0250957 -0.959462 -0.28072
-49.4837 75.7012 37.295 0.104965 -0.959706 -0.260664
-50.7693 75.5474 37.2922 0.108932 -0.969176 -0.220978
-51.7892 75.4025 37.2903 0.118743 -0.978921 -0.166175
-52.9097 75.3097 37.3001 0.115955 -0.985376 -0.124852
-53.9743 75.1454 37.3043 0.127369 -0.9886 -0.0802921
-55.3311 74.9682 37.3197 0.148202 -0.987914 -0.0454081
-55.3572 74.9643 37.32 0.148205 -0.987914 -0.0454118
-54.4985 75.0532 38.1868 0.125856 -0.991078 -0.0438606
-53.3244 75.1759 38.175 0.0834732 -0.994315 -0.0660983
-52.3021 75.2538 38.1639 0.0838552 -0.991157 -0.102836
-50.9852 75.3455 38.1499 0.0789465 -0.985454 -0.150493
-49.8324 75.4811 38.1496 0.0689606 -0.97882 -0.19276
-48.7598 75.5106 38.1286 0.0501689 -0.968514 -0.243853
-47.6096 75.5775 38.1113 0.00521885 -0.952566 -0.304287
-46.346 75.5717 38.0715 -0.0432687 -0.9454 -0.323026
-44.9012 75.4855 38.0015 -0.0546933 -0.952202 -0.300532
-43.349 75.4586 37.9482 -0.0220428 -0.936224 -0.350712
-43.2063 75.4497 37.9415 -0.144732 -0.928693 -0.341441
-43.9392 75.1729 38.8184 -0.0845442 -0.957775 -0.274806
-45.4162 75.2474 38.8774 -0.0375171 -0.958493 -0.282638
-46.8088 75.2831 38.9245 -0.0395165 -0.96595 -0.255694
-47.9565 75.3497 38.9701 -0.0546397 -0.981049 -0.185899
-49.1352 75.3297 38.9931 0.038194 -0.986462 -0.159482
-50.1763 75.2794 39.0071 0.0789515 -0.985454 -0.150488
-51.3112 75.2283 39.0235 0.0429138 -0.992204 -0.117004
-52.8665 75.1269 39.0408 0.0634286 -0.993935 -0.0898362
-53.3796 75.0936 39.0473 0.063426 -0.993935 -0.0898393
-52.7519 75.125 39.9113 0.0396211 -0.998152 0.0460791
-51.6823 75.1345 39.8981 0.0142012 -0.999629 -0.0232556
-50.5682 75.1966 39.8829 0.0548024 -0.996908 -0.0563114
-49.5582 75.1915 39.8636 -0.0493955 -0.995962 -0.0749625
-48.3304 75.1983 39.8423 -0.0451532 -0.980835 -0.189537
-46.9228 75.1282 39.7989 -0.0573552 -0.982909 -0.174929
-45.4839 75.0279 39.7417 -0.105965 -0.980996 -0.162538
-45.047 74.9841 39.7211 -0.0719182 -0.972131 -0.223136
-46.733 74.9706 40.6675 -0.0505841 -0.984557 -0.167597
-47.9731 75.0585 40.7039 -0.036713 -0.995992 -0.0815595
-49.3588 75.1162 40.7328 -0.0496195 -0.995925 -0.0753048
-50.9784 75.1245 40.7618 0.0142014 -0.999629 -0.0232556
-51.3562 75.1345 40.7674 -0.0264387 -0.999602 0.009864
