-59.2246 82.5989 16.6475 0.781001 -0.586747 -0.211315
-59.105 82.1693 18.0663 0.790465 -0.566302 -0.23329
-58.8933 81.9802 19.1548 0.807264 -0.522069 -0.275261
-58.5069 81.7764 20.6135 0.79191 -0.528553 -0.305793
-58.2478 81.6073 21.5768 0.790439 -0.53183 -0.303885
-57.9664 81.3499 22.7597 0.78055 -0.543268 -0.309004
-57.7526 81.0083 23.8913 0.775373 -0.551231 -0.308088
-57.6978 80.6273 24.8213 0.730773 -0.626954 -0.269999
-57.7098 80.1695 25.8734 0.730706 -0.635032 -0.250606
-57.7557 79.7509 26.8002 0.716906 -0.640964 -0.272923
-57.8229 79.2813 27.9172 0.672754 -0.709012 -0.211434
-57.8825 78.926 28.9191 0.659388 -0.711733 -0.240078
-57.8533 78.7246 30.0228 0.59123 -0.794961 -0.135954
-57.7094 78.6128 31.0408 0.515078 -0.832004 -0.196017
-57.4416 78.564 32.2326 0.488701 -0.859923 -0.147302
-57.0291 78.5784 33.497 0.430964 -0.881292 -0.181247
-56.5436 78.5824 34.4243 0.376129 -0.908099 -0.184075
-55.8651 78.625 35.4644 0.284098 -0.936236 -0.204726
-55.2254 78.6708 36.2676 0.289218 -0.940832 -0.176599
-54.4917 78.7187 37.017 0.192474 -0.965897 -0.167632
-53.5515 78.8125 37.818 0.204239 -0.97078 -0.125983
-52.6253 78.8485 38.5117 0.0637539 -0.987226 -0.145856
-51.7428 78.8045 39.1498 0.0607563 -0.986517 -0.151965
-50.765 78.7714 39.6773 0.00972868 -0.989698 -0.142816
-49.253 78.7329 40.0703 0.0282384 -0.988487 -0.147527
-48.0894 78.6744 40.1877 -0.0560286 -0.974349 -0.217956
-47.0822 78.6399 40.0791 -0.113838 -0.957495 -0.255674
-45.8795 78.5405 39.7043 -0.169437 -0.940551 -0.294372
-44.5941 78.5457 39.0759 -0.195429 -0.918503 -0.337552
-43.4829 78.7249 38.0786 -0.216542 -0.866371 -0.449266
-42.608 79.0934 37.0277 -0.200402 -0.828719 -0.519058
-42.0409 79.4965 36.2112 -0.233972 -0.799947 -0.552577
-41.5502 79.908 35.4078 -0.225338 -0.763909 -0.601575
-41.0476 80.4393 34.5849 -0.259525 -0.7332 -0.628542
-40.5867 80.985 33.7949 -0.265368 -0.667979 -0.694773
-39.9949 81.7537 32.7909 -0.28226 -0.654592 -0.700888
-39.3436 82.4984 31.8631 -0.290384 -0.625334 -0.724057
-38.3815 83.3597 30.7782 -0.259919 -0.613318 -0.745483
-37.6729 83.7932 30.1435 -0.261322 -0.638552 -0.723852
-36.9744 84.2227 29.5163 -0.246243 -0.641014 -0.726949
-36.2014 84.7131 28.8176 -0.247193 -0.643152 -0.724742
-35.453 85.2784 28.0343 -0.283172 -0.678573 -0.676164
-34.6732 85.9459 26.9827 -0.264957 -0.734708 -0.622052
-33.9879 86.3208 26.1468 -0.293916 -0.760702 -0.57872
-33.2587 86.7188 25.2059 -0.274653 -0.790461 -0.547482
-32.7851 87.1824 24.252 -0.338541 -0.824518 -0.453388
-32.4169 87.5306 23.3437 -0.329917 -0.837574 -0.434779
-32.1336 87.9085 22.385 -0.308609 -0.849551 -0.427812
-31.873 88.2266 21.403 -0.273764 -0.897032 -0.345141
-31.5069 88.5756 20.3023 -0.241787 -0.90678 -0.344571
-31.3187 88.9251 19.1722 -0.219487 -0.905503 -0.360568
-31.1886 89.5164 17.6659 -0.129341 -0.926368 -0.353191
-31.0291 90.1879 16.004 -0.0739939 -0.916091 -0.394081
-31.0458 90.6946 14.782 0.00863237 -0.920694 -0.388636
-31.1973 91.3607 13.3476 0.0671627 -0.871939 -0.480003
-31.2399 91.8706 12.3005 0.182846 -0.894454 -0.408067
-31.2121 92.3387 11.3894 0.251727 -0.831667 -0.492382
-30.9234 93.0559 10.2395 0.284325 -0.846784 -0.449573
-30.4928 93.6571 9.49783 0.393301 -0.823074 -0.402551
-29.6256 94.3706 8.64015 0.360842 -0.869552 -0.33685
-28.7655 94.9716 7.94776 0.350309 -0.878308 -0.325359
-27.8169 95.5503 7.30139 0.328531 -0.89398 -0.30474
-26.4096 96.3006 6.58318 0.318939 -0.90718 -0.274413
-25.4056 96.8162 6.01068 0.310302 -0.913698 -0.262429
-24.4231 97.3277 5.35187 0.290514 -0.930071 -0.224385
-23.2945 97.8838 4.41453 0.273301 -0.938756 -0.209462
-22.4476 98.2628 3.67808 0.249898 -0.948858 -0.192925
-21.3018 98.6945 2.75675 0.182577 -0.969829 -0.161546
-20.3806 99.0013 1.96634 0.160252 -0.973351 -0.162092
-19.5062 99.2588 1.11995 0.124093 -0.98365 -0.126152
-18.4757 99.4604 0.122964 0.0869063 -0.992454 -0.08584
-17.5309 99.5982 -0.655735 0.036033 -0.996496 -0.0564987
-16.178 99.6194 -1.39499 -0.0569606 -0.99529 -0.0632272
-15.0801 99.5399 -1.72176 -0.0792999 -0.996353 -0.031507
-13.4806 99.2936 -2.02083 -0.197478 -0.979871 0.0292251
-12.3364 99.0611 -2.08349 -0.247292 -0.963727 0.0733869
-11.3575 98.7732 -2.10844 -0.273252 -0.953512 0.127075
-9.63591 98.2286 -2.02791 -0.35155 -0.905821 0.236434
-8.13957 97.7061 -1.94489 -0.345174 -0.888252 0.297376
-7.32525 97.2129 -2.28365 -0.383302 -0.861538 0.332914
-6.98386 96.756 -3.20284 -0.440344 -0.846165 0.29387
-7.40461 96.5109 -4.4278 -0.483915 -0.818625 0.308675
-8.07563 96.6226 -5.36692 -0.547287 -0.797232 0.254751
-8.88879 96.9348 -6.1368 -0.561216 -0.798746 0.212217
-9.71799 97.3242 -6.75712 -0.462668 -0.878473 0.119261
-10.801 97.8454 -7.41131 -0.526605 -0.847032 0.0722711
-11.7519 98.391 -7.94541 -0.45965 -0.883212 0.0474195
-12.6344 98.8448 -8.27432 -0.45991 -0.886982 -0.0417791
-13.5579 99.3167 -8.4519 -0.347383 -0.931979 -0.100379
-15.0048 99.8744 -8.31658 -0.308704 -0.939481 -0.134458
-16.3634 100.149 -7.74906 -0.211357 -0.959309 -0.178524
-17.3548 100.204 -7.15295 -0.164526 -0.97408 -0.155243
-18.7144 100.212 -6.40568 -0.05309 -0.983516 -0.17285
-20.3115 100.081 -5.45369 0.0254139 -0.986898 -0.159329
-21.1565 99.9562 -4.81247 0.0240769 -0.987472 -0.155903
-22.1498 99.7435 -4.14587 0.109217 -0.980499 -0.163381
-23.1373 99.52 -3.46466 0.110931 -0.979104 -0.170283
-24.4186 99.0753 -2.51628 0.18608 -0.961336 -0.202994
-25.3694 98.7088 -1.75153 0.200057 -0.95735 -0.208372
-26.2767 98.3132 -0.960177 0.236588 -0.944612 -0.227452
-27.0819 97.949 -0.276665 0.227487 -0.943964 -0.239069
-27.9482 97.5506 0.354627 0.260128 -0.937532 -0.231011
-28.7121 97.1873 0.968916 0.27143 -0.930051 -0.246779
-29.8956 96.5064 2.05663 0.29282 -0.920201 -0.259781
-30.7575 96.0135 2.76904 0.300778 -0.913411 -0.274249
-31.5215 95.573 3.39752 0.306945 -0.90679 -0.288505
-32.3286 95.0746 4.04552 0.312729 -0.90026 -0.302874
-33.2492 94.5588 4.66629 0.292147 -0.902501 -0.316373
-34.2437 94.0235 5.25218 0.294252 -0.899653 -0.322553
-35.3378 93.5126 5.71797 0.276524 -0.90623 -0.319814
-36.2958 93.1465 5.93033 0.270015 -0.910719 -0.312477
-37.5637 92.7791 5.86886 0.281858 -0.913477 -0.293454
-38.5516 92.5705 5.58687 0.277892 -0.917728 -0.283619
-39.4944 92.4227 5.1078 0.283699 -0.918665 -0.2749
-40.3038 92.3596 4.43987 0.310308 -0.910103 -0.27462
-41.2985 92.4207 3.12683 0.330305 -0.893102 -0.303086
-41.7826 92.5447 2.14198 0.30732 -0.913954 -0.265034
-42.1695 92.787 0.858463 0.297856 -0.922046 -0.24616
-42.3232 93.0037 -0.225006 0.28859 -0.930153 -0.227004
-42.3194 93.267 -1.2084 0.240305 -0.940255 -0.238292
-42.1212 93.5754 -2.41515 0.220385 -0.953385 -0.206068
-41.8757 93.8131 -3.40473 0.160788 -0.970455 -0.175124
-41.5733 94.1111 -4.62375 0.113568 -0.977194 -0.176097
-41.3227 94.2904 -5.65645 0.0867803 -0.981953 -0.166734
-41.0641 94.4683 -6.65914 0.025408 -0.991108 -0.13061
-40.6051 94.6335 -7.85187 0.0174194 -0.992856 -0.117704
-40.0943 94.7717 -9.01945 0.00507151 -0.99554 -0.0914859
-39.6046 94.8625 -10.3744 -0.00458025 -0.997723 -0.0672893
-39.24 94.9024 -11.6501 -0.042671 -0.999079 -0.00440235
-38.8808 94.8648 -13.3542 -0.026772 -0.99902 0.034855
-38.7209 94.8286 -14.3672 -0.0223322 -0.999232 0.0322016
-38.5362 94.6856 -15.5525 -0.0156811 -0.990556 0.134264
-38.4261 94.468 -16.8016 -0.0225057 -0.980776 0.193833
-38.4053 94.2497 -17.9038 -0.00578347 -0.976771 0.212681
-38.4471 93.9106 -18.9851 -0.0320662 -0.942778 0.331875
-38.5324 93.5433 -20.0369 -0.013847 -0.936238 0.350086
-38.666 93.0846 -21.0044 -0.0295669 -0.894768 0.445551
-38.8986 92.6545 -21.8837 0.0111876 -0.873925 0.482368
-39.3704 91.9967 -22.8312 0.0329175 -0.823975 0.565669
-39.8954 91.4183 -23.5697 0.0764747 -0.772942 0.629323
-40.5625 90.8619 -24.1471 0.0798717 -0.748703 0.657883
-41.5173 90.2632 -24.683 0.0687793 -0.736884 0.672158
-42.5353 89.9177 -24.9441 0.0786143 -0.705283 0.704554
-43.6721 89.9422 -24.8038 0.048421 -0.703375 0.709168
-44.464 90.4239 -24.2645 0.0590969 -0.71589 0.695708
-44.7698 91.1098 -23.5327 0.050185 -0.73219 0.678784
-44.839 91.9943 -22.5823 0.0107209 -0.72474 0.688939
-44.8138 92.6518 -21.7981 -0.0878772 -0.794937 0.598397
-44.803 93.5044 -20.7444 -0.148059 -0.81612 0.551057
-44.909 94.2988 -19.3933 -0.210457 -0.879189 0.419685
-45.3281 94.9285 -17.9873 -0.249805 -0.891228 0.37484
-46.101 95.215 -16.9973 -0.154212 -0.976965 0.147485
-46.9337 95.5035 -15.8157 -0.185673 -0.977317 0.101866
-47.4163 95.6637 -14.5426 -0.140091 -0.990062 -0.0123022
-47.5153 95.6551 -13.4256 -0.169862 -0.984637 -0.0369594
-47.4884 95.5657 -12.0796 -0.173823 -0.972008 -0.158069
-47.4344 95.3741 -10.961 -0.150161 -0.978112 -0.140914
-47.2641 95.139 -9.96269 -0.0872805 -0.966555 -0.241151
-47.0285 94.8147 -8.63695 -0.0266059 -0.965757 -0.249149
-46.9243 94.4472 -7.52064 -0.00826608 -0.950055 -0.311974
-46.8092 94.0962 -6.45496 0.0213792 -0.957782 -0.283646
-46.7715 93.7474 -5.47054 0.135267 -0.92971 -0.342552
-46.7735 93.4005 -4.52984 0.134453 -0.919895 -0.367423
-46.9038 92.9331 -3.48994 0.162626 -0.915813 -0.364996
-47.0063 92.4553 -2.35386 0.204195 -0.897672 -0.390499
-47.2707 91.8819 -1.17414 0.237174 -0.903895 -0.352334
-47.7036 91.3428 -0.297915 0.383257 -0.853711 -0.352551
-48.256 90.8 0.416047 0.37285 -0.869192 -0.322893
-49.0375 90.1121 1.2286 0.474559 -0.830117 -0.292744
-49.6644 89.602 1.85223 0.436073 -0.871773 -0.223276
-50.6426 88.868 2.84768 0.457229 -0.87924 -0.133713
-51.4158 88.395 3.59385 0.443449 -0.895898 -0.0103154
-52.096 88.0254 4.26102 0.464958 -0.885181 -0.0163561
-52.7637 87.6849 5.13513 0.461187 -0.883629 0.0763516
-53.5048 87.3624 6.20261 0.476658 -0.87488 0.0846945
-54.2607 87.0717 7.23071 0.470812 -0.874882 0.112502
-54.9729 86.7914 8.18509 0.496469 -0.861407 0.107217
-55.6043 86.5188 8.96103 0.543078 -0.831184 0.116483
-56.2708 86.1748 9.83591 0.565465 -0.817397 0.110053
-57.0213 85.7191 10.9478 0.631371 -0.77456 0.0377961
-57.5866 85.3047 11.8981 0.631775 -0.774071 0.0407978
-58.1741 84.66 12.9936 0.726052 -0.687384 -0.0187424
-58.6016 84.0845 13.8899 0.769159 -0.629092 -0.11242
-58.9099 83.5318 14.8736 0.774134 -0.62553 -0.0953994
-59.1066 83.0135 15.7823 0.774676 -0.604965 -0.184104
-59.1863 82.7272 16.3872 0.774676 -0.604965 -0.184104
-59.8645 81.9767 16.0374 0.759439 -0.620221 -0.194471
-59.7856 81.4231 17.7508 0.751153 -0.61546 -0.238701
-59.538 81.2234 18.8056 0.776267 -0.56393 -0.281765
-59.2365 81.0323 20.0187 0.777274 -0.56149 -0.283835
-58.9435 80.8642 21.0759 0.774148 -0.551025 -0.310673
-58.6445 80.5146 22.4765 0.788136 -0.535353 -0.303701
-58.3431 80.1742 23.9927 0.768217 -0.590085 -0.248201
-58.3677 79.7249 25.0102 0.749907 -0.621523 -0.222752
-58.4506 79.0971 26.5196 0.704515 -0.661849 -0.256153
-58.6119 78.4143 28.2651 0.681961 -0.700909 -0.20894
-58.7053 78.1825 29.5369 0.596801 -0.793685 -0.115175
-58.58 78.0456 31.2095 0.550206 -0.827465 -0.104642
-58.2879 78.0364 32.7154 0.473939 -0.87521 -0.0840021
-57.528 78.225 34.5948 0.368215 -0.920867 -0.0980685
-57.0174 78.2617 35.4564 0.299501 -0.944164 -0.137307
-56.4305 78.4127 36.3708 0.240099 -0.966464 -0.0560494
-55.7794 78.4625 37.1654 0.174581 -0.981266 -0.0814781
-55.0043 78.5924 37.9549 0.112066 -0.993271 -0.0292074
-54.2183 78.662 38.606 0.112066 -0.993271 -0.0292077
-52.8511 78.7679 39.6332 0.0229675 -0.998889 -0.0218468
-51.7098 78.7476 40.3747 -0.0102996 -0.999881 -0.0114638
-50.4878 78.6766 40.8637 -0.0270565 -0.997983 -0.0550744
-49.4897 78.648 41.1261 -0.0531376 -0.994169 -0.0819903
-48.0329 78.5285 41.2529 -0.0587566 -0.992159 -0.110311
-47.0021 78.4139 41.1129 -0.151841 -0.975203 -0.160244
-45.7231 78.254 40.7449 -0.218984 -0.954512 -0.190661
-44.7077 78.0927 40.2571 -0.250634 -0.916812 -0.303467
-43.5709 78.0004 39.7136 -0.233307 -0.893625 -0.382798
-42.5546 78.2537 38.4029 -0.302818 -0.843867 -0.43775
-41.5733 78.7132 37.0473 -0.293597 -0.796444 -0.526254
-41.0662 79.1199 36.2436 -0.282537 -0.772272 -0.569006
-40.5722 79.5827 35.3272 -0.301377 -0.741541 -0.597147
-40.0989 80.0894 34.5448 -0.296176 -0.711014 -0.637758
-39.6349 80.682 33.6662 -0.302647 -0.683975 -0.662689
-38.8394 81.5717 32.4808 -0.297157 -0.643652 -0.705211
-38.0703 82.3613 31.491 -0.25992 -0.613317 -0.745484
-36.8785 83.171 30.4056 -0.253305 -0.638714 -0.726505
-36.0599 83.665 29.6974 -0.245288 -0.638879 -0.729156
-35.0957 84.3016 28.7858 -0.276876 -0.647452 -0.710032
-34.426 84.9132 28.0061 -0.221868 -0.688331 -0.689583
-33.7893 85.4054 27.2586 -0.232625 -0.742592 -0.625337
-32.8933 85.8855 26.2466 -0.250879 -0.785999 -0.56422
-32.2362 86.3256 25.2739 -0.275672 -0.796064 -0.538695
-31.8292 86.7696 24.3556 -0.288814 -0.831377 -0.474472
-31.3728 87.1159 23.4517 -0.287345 -0.849075 -0.442654
-31.216 87.5155 22.5296 -0.292038 -0.857797 -0.422954
-30.7369 88.0424 21.0943 -0.268821 -0.881732 -0.386094
-30.242 88.3481 20.0133 -0.24179 -0.90678 -0.34457
-30.279 88.7881 18.9567 -0.200494 -0.895142 -0.398149
-30.2418 89.283 17.8692 -0.146805 -0.888669 -0.434198
-30.0596 89.6957 16.9702 -0.0742856 -0.916785 -0.392412
-30.0374 90.2845 15.5957 -0.0737028 -0.915397 -0.395749
-30.101 90.8208 14.5829 0.0246968 -0.891316 -0.451718
-30.1021 91.3014 13.6432 0.0983955 -0.840252 -0.533193
-30.1838 91.9397 12.6222 0.140622 -0.867354 -0.470628
-30.1816 92.3973 11.7232 0.217709 -0.821016 -0.527764
-29.9415 93.2769 10.6305 0.37681 -0.760958 -0.523106
-29.4562 93.9061 10.0015 0.393301 -0.823074 -0.402551
-28.8321 94.4188 9.34473 0.348773 -0.876106 -0.332859
-27.8845 95.1073 8.55321 0.365178 -0.881343 -0.298692
-26.8218 95.6883 8.0462 0.348042 -0.88989 -0.294894
-25.9253 96.1833 7.5337 0.318936 -0.907181 -0.274414
-24.901 96.7599 6.87314 0.33532 -0.907354 -0.252962
-23.3497 97.5689 5.84031 0.309174 -0.927192 -0.209937
-22.5834 97.9434 5.22045 0.279261 -0.944555 -0.169486
-21.5457 98.391 4.2832 0.260868 -0.94841 -0.180184
-20.2092 98.859 3.16555 0.204218 -0.969691 -0.134145
-19.4318 99.1054 2.40154 0.177353 -0.977193 -0.11605
-18.0974 99.3908 1.21326 0.0942243 -0.992344 -0.0779114
-17.0501 99.5535 0.439497 0.0360329 -0.996496 -0.0564986
-15.7281 99.6186 -0.484855 -0.000324604 -0.997332 0.0159366
-14.7376 99.5401 -0.790365 -0.065962 -0.996769 0.0458129
-13.7508 99.4473 -1.05233 -0.178036 -0.974583 0.13598
-12.7468 99.2476 -1.1687 -0.196842 -0.972414 0.123034
-11.5048 98.9717 -1.1673 -0.242026 -0.960053 0.135235
-10.5121 98.7075 -1.10782 -0.183448 -0.96687 0.177508
-9.38014 98.4472 -0.810122 -0.329296 -0.910392 0.249143
-8.36401 98.0907 -0.864423 -0.307046 -0.914965 0.261844
-7.29745 97.7149 -0.977731 -0.311297 -0.81184 0.478827
-6.19236 96.9859 -1.65522 -0.350824 -0.868294 0.350696
-5.97606 96.4523 -2.48128 -0.488497 -0.776338 0.398253
-6.14807 95.9341 -3.88621 -0.558259 -0.770621 0.307391
-6.65229 95.8998 -4.89741 -0.543509 -0.78156 0.298098
-7.36599 95.9166 -6.05168 -0.517642 -0.810299 0.272226
-8.70133 96.5797 -7.17621 -0.575144 -0.80026 0.169686
-9.44242 96.9509 -7.75956 -0.545598 -0.817999 0.182211
-10.3325 97.4577 -8.31457 -0.540275 -0.833595 0.114127
-11.2877 97.9976 -8.78719 -0.529539 -0.841234 0.109149
-12.038 98.6541 -9.13883 -0.550718 -0.820538 -0.0741566
-13.9135 99.7539 -9.43986 -0.433837 -0.864613 -0.232493
-15.8112 100.233 -9.09369 -0.239287 -0.948023 -0.204801
-17.0534 100.423 -8.5827 -0.156824 -0.969397 -0.188879
-18.0981 100.482 -7.85358 -0.149954 -0.937058 -0.292944
-19.502 100.411 -7.09252 -0.0881847 -0.973748 -0.209854
-20.6389 100.285 -6.40297 -0.014623 -0.977425 -0.210778
-21.5118 100.161 -5.7694 -0.0146395 -0.977438 -0.210716
-23.1283 99.792 -4.69389 0.115979 -0.968817 -0.213806
-24.1098 99.465 -3.95498 0.162814 -0.963962 -0.210402
-25.0069 99.1596 -3.37754 0.203016 -0.950253 -0.234448
-26.0801 98.7002 -2.4629 0.225015 -0.954802 -0.194219
-27.1176 98.2669 -1.57459 0.22268 -0.945467 -0.237708
-28.055 97.8699 -0.90686 0.232293 -0.942463 -0.240424
-28.8824 97.4624 -0.206671 0.243579 -0.934193 -0.260675
-29.6563 97.0407 0.46959 0.282759 -0.921912 -0.264715
-30.3541 96.6456 1.07564 0.285223 -0.919355 -0.270988
-31.2376 96.1478 1.84822 0.279044 -0.909734 -0.30744
-32.2618 95.5477 2.69435 0.294814 -0.907267 -0.299385
-33.4607 94.8733 3.55053 0.290044 -0.90535 -0.310186
-34.5061 94.3378 4.13615 0.29215 -0.902502 -0.316367
-35.7271 93.7113 4.81853 0.276524 -0.906232 -0.319811
-36.6796 93.397 5.07115 0.297995 -0.865488 -0.402653
-37.6636 93.1245 4.92868 0.321028 -0.867789 -0.377796
-39.2006 92.8089 4.26398 0.320704 -0.880854 -0.348202
-40.0008 92.8054 3.48709 0.340259 -0.880627 -0.32952
-40.5841 92.9129 2.57882 0.367267 -0.879559 -0.300664
-41.0585 92.9972 1.6367 0.36426 -0.898172 -0.243257
-41.3214 93.1417 0.598438 0.339596 -0.914274 -0.220698
-41.4153 93.3601 -0.420816 0.334012 -0.914868 -0.22683
-41.2719 93.5747 -1.52121 0.243254 -0.954065 -0.168698
-40.9365 93.8592 -2.48955 0.202729 -0.962741 -0.175785
-40.7774 94.0488 -3.54498 0.162426 -0.976654 -0.137539
-40.5251 94.2324 -4.64819 0.131035 -0.980969 -0.143283
-40.1706 94.425 -5.93063 0.0729593 -0.99187 -0.103381
-39.7359 94.5749 -7.16389 0.0149289 -0.996124 -0.0824348
-39.0826 94.791 -8.88985 0.043435 -0.995085 -0.0825939
-38.7002 94.8626 -10.013 0.016417 -0.998722 -0.0400063
-38.3962 94.8907 -11.021 -0.00142619 -0.999733 -0.0111336
-38.141 94.8842 -11.9894 0.00499692 -0.999955 0.00802131
-37.8939 94.8664 -13.139 0.0126571 -0.998898 0.0451982
-37.643 94.7953 -14.4888 -0.006077 -0.995318 0.0930692
-37.5291 94.6655 -15.6158 -0.00696617 -0.990781 0.133341
-37.4232 94.4852 -16.7292 0.0154291 -0.981061 0.193085
-37.4109 94.2792 -17.7768 0.00142442 -0.975275 0.218949
-37.4437 94.0248 -18.7861 0.0261429 -0.957322 0.282463
-37.5245 93.6605 -19.8454 0.064866 -0.945156 0.320112
-37.6251 93.3165 -20.8481 0.111961 -0.922408 0.363151
-37.8001 92.8635 -21.7771 0.158163 -0.898923 0.40856
-38.1367 92.2353 -22.6862 0.117634 -0.833098 0.540461
-38.5094 91.6793 -23.4563 0.113853 -0.796687 0.590531
-39.17 90.8862 -24.2967 0.104464 -0.764367 0.636263
-39.8919 90.3304 -24.8236 0.110365 -0.734133 0.669555
-40.8049 89.7734 -25.3144 0.0868206 -0.734899 0.672596
-41.726 89.3042 -25.6237 0.09574 -0.691609 0.715474
-42.9959 89.1086 -25.6858 0.0808615 -0.681347 0.727297
-43.998 89.1491 -25.5395 0.0669877 -0.670319 0.739011
-44.9343 89.3602 -25.256 0.0704118 -0.67456 0.734854
-45.5735 90.023 -24.6008 0.0352088 -0.711779 0.701486
-45.7807 90.7449 -23.8486 0.0290625 -0.712937 0.700592
-45.7859 92.018 -22.5372 0.0161789 -0.72455 0.689032
-45.6912 92.8836 -21.6902 -0.0759412 -0.732612 0.671352
-45.7068 93.5336 -20.8907 -0.118891 -0.786792 0.605011
-45.8215 94.1197 -20.0877 -0.209477 -0.84439 0.493077
-46.0811 94.7679 -18.8709 -0.249808 -0.891226 0.374842
-46.7853 95.214 -17.738 -0.187069 -0.969962 0.152095
-47.4979 95.5295 -16.8011 -0.210426 -0.969209 0.122237
-48.0347 95.7146 -15.9673 -0.196765 -0.976876 0.0833704
-48.4813 95.8124 -14.4552 -0.153803 -0.987488 -0.0274979
-48.5714 95.8383 -13.0438 -0.139397 -0.989222 0.0448045
-48.5571 95.6957 -11.704 -0.144828 -0.970552 -0.187932
-48.3887 95.4215 -10.5736 -0.11816 -0.966318 -0.22835
-48.2323 95.1596 -9.59609 -0.120503 -0.96354 -0.238892
-48.0363 94.6514 -8.01431 -0.0858329 -0.940652 -0.32525
-47.9776 94.2322 -6.70013 -0.0213753 -0.914201 -0.391699
-47.882 93.514 -5.1938 0.0746292 -0.926336 -0.369232
-48.0031 92.9157 -3.82086 0.131063 -0.910618 -0.391915
-48.0633 92.3311 -2.72661 0.193727 -0.843698 -0.484516
-48.232 91.8333 -1.69776 0.26001 -0.885234 -0.385689
-48.7975 91.0772 -0.52655 0.26283 -0.850839 -0.454965
-49.3001 90.3483 0.0753563 0.491454 -0.770374 -0.385389
-50.345 89.3814 1.06228 0.51366 -0.82242 -0.24125
-51.2931 88.651 2.04986 0.457231 -0.879239 -0.13371
-51.8624 88.1899 2.77943 0.514676 -0.851287 -0.0910299
-52.5937 87.746 3.35682 0.487639 -0.873014 0.00738895
-53.2303 87.3968 4.1061 0.487637 -0.873015 0.00739027
-53.9638 87.0085 5.19341 0.495459 -0.863947 0.0900842
-54.5518 86.7593 6.03193 0.49784 -0.860045 0.1117
-55.2965 86.4369 7.12879 0.527171 -0.842974 0.105133
-55.9852 86.1262 7.9643 0.56327 -0.819252 0.107483
-56.6689 85.7829 8.93469 0.563692 -0.819108 0.106364
-57.4433 85.3181 9.99826 0.636237 -0.768686 0.0626452
-57.9095 84.9784 10.8683 0.639541 -0.767557 0.0429447
-58.334 84.5866 11.6886 0.697483 -0.715224 -0.023289
-58.7935 84.0621 12.5039 0.731014 -0.677684 -0.0672112
-59.2566 83.4021 13.4106 0.751538 -0.648193 -0.12262
-59.5899 82.7777 14.4966 0.773847 -0.613186 -0.158629
-59.8361 82.1062 15.686 0.763848 -0.620061 -0.177814
-58.7929 83.3075 16.1358 0.774675 -0.604966 -0.184105
-58.1937 84.091 16.3949 0.811174 -0.553868 -0.187688
-57.0477 85.4121 16.8206 0.72408 -0.664163 -0.186
-55.8511 86.4968 17.1506 0.674383 -0.731754 -0.0987101
-54.9415 87.2988 17.389 0.640916 -0.75969 -0.109987
-54.1214 87.9083 17.558 0.562667 -0.82434 -0.0622039
-52.9364 88.5466 17.7457 0.3827 -0.922042 -0.0581355
-51.6841 89.0566 17.9007 0.372365 -0.926898 -0.0469452
-50.404 89.4475 18.0346 0.281419 -0.950931 -0.128586
-49.334 89.7516 18.1277 0.262861 -0.954891 -0.138157
-48.0727 89.9518 18.1898 0.129366 -0.988319 -0.0805543
-46.9891 90.0943 18.24 0.0993327 -0.991272 -0.0866755
-45.99 90.1862 18.2907 0.103153 -0.993646 -0.0450227
-44.9438 90.2924 18.3431 0.0865323 -0.995711 -0.0327517
-43.7653 90.3124 18.3879 0.000229344 -0.998628 -0.052374
-42.7053 90.3084 18.416 0.00104131 -0.99806 -0.0622528
-41.6914 90.3077 18.4347 -0.00296105 -0.998666 -0.0515427
-39.9788 90.2905 18.4509 -0.0176828 -0.998529 -0.0512545
-38.4708 90.2126 18.45 -0.0625054 -0.99119 -0.116773
-36.616 90.0614 18.4106 -0.09771 -0.984519 -0.14552
-35.1919 89.9351 18.3668 -0.128026 -0.976574 -0.172952
-33.4317 89.71 18.281 -0.120228 -0.963589 -0.238833
-32.4436 89.5027 18.203 -0.176912 -0.935653 -0.305377
-32.2509 89.4791 18.192 -0.133359 -0.932575 -0.335439
-31.9566 89.7561 17.3307 -0.125323 -0.920159 -0.370947
-33.0002 89.8775 17.3822 -0.129366 -0.926539 -0.353256
-34.0213 89.9883 17.4247 -0.112274 -0.970358 -0.214007
-35.3968 90.1244 17.4715 -0.0812886 -0.972728 -0.217236
-36.768 90.2319 17.5033 -0.0575817 -0.982077 -0.179471
-38.1165 90.285 17.5144 -0.0546298 -0.995199 -0.0812065
-39.144 90.3416 17.5123 -0.0300946 -0.996452 -0.0785983
-40.6515 90.3518 17.4877 -0.0116104 -0.997907 -0.0636088
-42.1573 90.359 17.4582 -0.00262144 -0.998714 -0.0506379
-43.2806 90.3549 17.4267 0.00857148 -0.998788 -0.0484725
-44.3628 90.3528 17.3868 0.0362606 -0.998857 -0.0311426
-45.6955 90.2608 17.3196 0.0865323 -0.995711 -0.0327517
-47.0666 90.1566 17.2503 0.0625674 -0.995747 -0.0676266
-48.2104 90.0388 17.1854 0.173779 -0.983695 -0.046307
-50.0617 89.6225 17.0391 0.257854 -0.965894 -0.0236826
-51.1685 89.2946 16.9188 0.326103 -0.94406 -0.0490651
-52.7688 88.6799 16.7354 0.372363 -0.926899 -0.0469422
-53.8786 88.0618 16.5655 0.510827 -0.856489 -0.0740417
-54.7991 87.5397 16.4179 0.521182 -0.843653 -0.128913
-55.652 86.8008 16.225 0.675877 -0.73091 -0.0946664
-56.4043 86.1313 16.0232 0.681141 -0.726046 -0.0943584
-57.7186 84.9269 15.6441 0.735115 -0.672665 -0.0844269
-58.3527 84.1627 15.4056 0.779112 -0.621966 -0.078379
-58.6031 83.8623 15.3006 0.7969 -0.589215 -0.133326
-58.3361 84.3106 14.441 0.769158 -0.629092 -0.112422
-57.1077 85.6105 14.8422 0.687777 -0.720312 -0.0900758
-56.0038 86.6977 15.1548 0.733616 -0.66992 -0.114082
-55.0204 87.5439 15.3722 0.536649 -0.835654 -0.117004
-53.6247 88.372 15.6016 0.433708 -0.897741 -0.0771931
-52.5496 88.781 15.7419 0.361377 -0.932365 -0.0101566
-51.2541 89.2889 15.8876 0.346821 -0.937869 0.0107944
-50.0276 89.6147 16.0215 0.221912 -0.975067 -8.41095e-05
-48.9857 89.8576 16.1437 0.218034 -0.975839 0.014111
-47.9167 90.0603 16.2185 0.157114 -0.984719 0.0751204
-46.6463 90.185 16.2971 0.0609723 -0.997345 0.0398186
-45.4635 90.2947 16.359 0.0701361 -0.997404 -0.0162947
-44.4577 90.3645 16.4115 0.055018 -0.998476 -0.00438682
-43.3108 90.396 16.4653 0.0202499 -0.999795 0.000649247
-42.0422 90.4066 16.5131 -0.000636546 -0.998574 -0.0533754
-40.838 90.4063 16.5475 0.00134496 -0.998423 -0.0561212
-39.0442 90.4117 16.585 -0.000577352 -0.997823 -0.0659503
-37.3798 90.38 16.5889 -0.0184683 -0.989688 -0.142042
-36.1211 90.3413 16.5829 -0.0337483 -0.989385 -0.141345
-35.0789 90.299 16.5707 -0.0967917 -0.971663 -0.215646
-33.4685 90.1748 16.5308 -0.0761495 -0.954585 -0.288042
-32.2939 90.1172 16.504 -0.0478667 -0.954479 -0.294411
-32.0777 90.1077 16.4995 -0.0867363 -0.93885 -0.333223
-31.6436 90.3663 15.6369 -0.0158157 -0.937155 -0.348555
-33.4293 90.4332 15.6641 -0.0620155 -0.954631 -0.291264
-35.0279 90.4949 15.6805 -0.0258014 -0.976181 -0.215418
-36.2183 90.506 15.6788 -0.00526621 -0.975704 -0.21903
-37.2877 90.5053 15.6726 0.0222484 -0.991348 -0.129363
-38.929 90.5026 15.659 0.00244823 -0.995234 -0.0974837
-40.4342 90.473 15.628 0.0357963 -0.995601 -0.0865922
-41.7785 90.4545 15.5836 0.00373702 -0.998829 -0.0482304
-42.8671 90.4085 15.5326 0.0524016 -0.998243 -0.0276758
-44.1536 90.3695 15.4658 0.0398891 -0.999176 0.0075343
-45.2473 90.3254 15.4064 0.0550228 -0.998475 -0.004381
-46.3118 90.2133 15.3494 0.115078 -0.993356 -0.000427568
-47.9532 90.0027 15.2446 0.140097 -0.990137 -0.0013653
-49.5933 89.7266 15.0756 0.189795 -0.981731 0.0135037
-50.9467 89.3654 14.9124 0.327642 -0.944352 0.0291635
-52.0658 88.9788 14.7914 0.364062 -0.931339 -0.00818169
-53.2345 88.5123 14.6476 0.360109 -0.93131 0.0546181
-54.2189 88.059 14.4941 0.48343 -0.868087 0.112784
-55.2664 87.4042 14.315 0.561487 -0.818164 0.123851
-56.3825 86.3322 14.0496 0.716126 -0.696127 -0.0506945
-57.6981 85.1437 13.6928 0.703963 -0.709906 -0.021649
-57.2785 85.5628 12.8438 0.681169 -0.731715 -0.0245349
-56.2887 86.4329 13.0923 0.612504 -0.789549 0.0380943
-54.8442 87.5549 13.3969 0.561492 -0.818162 0.123847
-53.6673 88.2095 13.5925 0.45057 -0.883501 0.128113
-52.7099 88.661 13.7239 0.387694 -0.921021 0.0375885
-51.6092 89.1656 13.8431 0.36406 -0.931339 -0.00819194
-50.1459 89.587 14.0129 0.21444 -0.974384 0.0677651
-48.4875 89.9285 14.2169 0.165004 -0.986274 0.00607597
-46.8759 90.1387 14.3483 0.124174 -0.992191 0.0117416
-45.1281 90.3152 14.4494 0.0594055 -0.997904 0.0256616
-43.8177 90.3709 14.5239 0.0596081 -0.998207 0.00552375
-42.5894 90.4478 14.5942 0.0553299 -0.998346 -0.0156065
-41.5856 90.5002 14.6521 0.0280791 -0.998884 -0.0379663
-40.2074 90.5522 14.7077 0.0473402 -0.99613 -0.0740528
-39.1825 90.5922 14.7376 0.0133426 -0.995068 -0.0982961
-37.4148 90.6478 14.7671 0.0420141 -0.986051 -0.161053
-36.2925 90.6802 14.7835 0.0278934 -0.986505 -0.161335
-35.2371 90.6958 14.7953 -0.0102853 -0.96654 -0.25631
-34.0933 90.6991 14.8046 0.00524184 -0.954959 -0.296693
-32.883 90.6996 14.8084 -0.00148488 -0.955292 -0.295661
-31.5704 90.6837 14.8071 0.00224922 -0.934046 -0.357147
-31.7903 91.0473 13.9937 0.0150363 -0.907341 -0.420126
-32.966 90.9765 13.9573 0.0715013 -0.917235 -0.391877
-34.3761 90.9661 13.9405 0.0325057 -0.963864 -0.264406
-35.423 90.9081 13.9136 0.0597062 -0.97097 -0.231629
-36.454 90.8555 13.8897 0.0534254 -0.971771 -0.229798
-37.9297 90.7725 13.8535 0.0433839 -0.987023 -0.154606
-39.5931 90.6509 13.7904 0.0811908 -0.992213 -0.0944562
-40.7546 90.5996 13.7385 0.0473784 -0.99599 -0.0758892
-42.133 90.4884 13.6625 0.0995713 -0.993624 -0.052877
-43.3959 90.4109 13.5849 0.0778137 -0.996939 -0.00754697
-44.5337 90.3226 13.5226 0.0596099 -0.998206 0.00553219
-45.5392 90.2511 13.4684 0.0774101 -0.996462 0.0327162
-47.2415 90.0805 13.3583 0.124503 -0.99212 0.0140444
-48.8492 89.8038 13.1959 0.207907 -0.976196 0.0617752
-49.8699 89.5818 13.0652 0.214443 -0.974382 0.0677735
-51.4908 89.13 12.8576 0.347206 -0.925751 0.149779
-52.4372 88.6873 12.7584 0.365355 -0.925985 0.0952235
-53.9734 87.9895 12.5673 0.471081 -0.882082 0.00379371
-55.2543 87.164 12.3416 0.566877 -0.821361 0.0633747
-56.1029 86.5327 12.1719 0.612506 -0.789547 0.038095
-56.8512 85.9122 12.0152 0.632181 -0.773582 0.0438035
-56.5666 86.0988 11.1343 0.631373 -0.774557 0.0377946
-55.5976 86.8264 11.3144 0.54184 -0.834456 0.100459
-54.4549 87.5894 11.5335 0.531586 -0.841879 0.0930393
-53.5688 88.1487 11.65 0.484457 -0.864008 0.13708
-52.5517 88.5804 11.7634 0.32494 -0.937075 0.127688
-50.6626 89.2287 11.9958 0.284455 -0.944353 0.165174
-49.6234 89.5704 12.1307 0.287799 -0.95582 0.059834
-48.6179 89.7975 12.2591 0.211724 -0.975559 0.0587943
-47.6376 90.0168 12.3676 0.168323 -0.985057 0.036458
-46.1277 90.1926 12.4792 0.107633 -0.99392 0.0232144
-44.3382 90.3586 12.5862 0.0908021 -0.995667 -0.0200528
-43.0491 90.4513 12.651 0.0834015 -0.995742 -0.0392743
-41.7409 90.577 12.7361 0.0995673 -0.993625 -0.0528788
-40.1271 90.6989 12.8279 0.081188 -0.992212 -0.0944614
-38.9676 90.8262 12.8948 0.114881 -0.986945 -0.112882
-37.8129 90.9195 12.948 0.070772 -0.982993 -0.169461
-36.0314 91.0853 13.016 0.0757969 -0.975383 -0.207079
-34.9997 91.1523 13.0455 0.0754686 -0.952667 -0.294501
-33.6636 91.266 13.0974 0.105813 -0.936702 -0.333755
-32.5399 91.3453 13.1408 0.0793278 -0.935961 -0.343051
-32.2898 91.6852 12.3058 0.150341 -0.899549 -0.410133
-33.3602 91.5985 12.2604 0.105806 -0.936705 -0.333751
-34.5889 91.4476 12.1955 0.103892 -0.9452 -0.309521
-36.0053 91.3084 12.1345 0.128609 -0.960751 -0.245797
-37.2199 91.1805 12.0783 0.108958 -0.96454 -0.240396
-38.8746 90.9738 11.9813 0.124734 -0.974504 -0.186502
-40.2087 90.8195 11.8953 0.15039 -0.975849 -0.158433
-41.5312 90.6446 11.8083 0.100882 -0.9937 -0.0488087
-42.6081 90.539 11.7343 0.0972739 -0.99403 -0.0494211
-43.7883 90.4307 11.677 0.0970337 -0.994284 -0.044536
-44.8253 90.3201 11.6183 0.109861 -0.993131 -0.0402657
-46.3463 90.1535 11.5142 0.105237 -0.994417 -0.00767916
-47.4828 90.0116 11.4252 0.183107 -0.982803 0.0238804
-48.6977 89.7539 11.2935 0.205757 -0.978459 0.0167885
-49.9053 89.4219 11.1138 0.287799 -0.95582 0.059834
-50.9255 89.0843 10.974 0.30706 -0.950175 0.0536698
-52.0016 88.6577 10.8438 0.370534 -0.923702 0.0973609
-53.2686 88.1081 10.7208 0.444241 -0.877258 0.181848
-54.271 87.5871 10.6027 0.466889 -0.873483 0.13799
-55.7262 86.6175 10.3386 0.543383 -0.832683 0.106643
-55.8099 86.5593 10.3234 0.565464 -0.817397 0.110056
-55.2874 86.7952 9.49035 0.521503 -0.843427 0.129095
-54.0284 87.5666 9.68754 0.499045 -0.853247 0.151406
-52.8609 88.1624 9.81043 0.433044 -0.892639 0.125171
-51.4562 88.7819 9.94624 0.370963 -0.923316 0.099372
-50.1875 89.2732 10.0957 0.287799 -0.95582 0.0598333
-48.9821 89.6228 10.2854 0.268411 -0.961043 0.0659704
-47.7754 89.9332 10.4417 0.1831 -0.982804 0.0238748
-46.7844 90.0969 10.5264 0.160344 -0.986576 0.0309526
-45.679 90.2373 10.6129 0.136847 -0.990496 -0.0138155
-44.0943 90.4371 10.7265 0.105133 -0.993667 -0.0396597
-42.5994 90.585 10.8054 0.11554 -0.990409 -0.0757674
-41.5358 90.739 10.8772 0.152518 -0.979892 -0.128645
-39.6151 91.0437 11.0162 0.175827 -0.975781 -0.130141
-38.4968 91.1921 11.0935 0.139291 -0.971731 -0.190622
-37.5073 91.3357 11.1606 0.153812 -0.968729 -0.194696
-36.5181 91.4724 11.2251 0.118789 -0.962697 -0.243111
-35.4702 91.6171 11.288 0.155761 -0.93576 -0.316373
-34.2769 91.78 11.3556 0.132851 -0.938308 -0.319262
-33.004 91.9585 11.4357 0.177291 -0.907187 -0.381549
-32.218 92.0682 11.4871 0.152294 -0.905503 -0.396069
-31.9956 92.4622 10.6719 0.219724 -0.876707 -0.427909
-33.7933 92.1487 10.5296 0.202135 -0.908116 -0.366696
-35.5966 91.8907 10.4163 0.188148 -0.942747 -0.275371
-36.778 91.642 10.312 0.190142 -0.95522 -0.226716
-37.776 91.4923 10.2407 0.160083 -0.962368 -0.219591
-38.7616 91.3206 10.1636 0.197979 -0.967003 -0.160343
-39.9426 91.1111 10.0687 0.180318 -0.973033 -0.143846
-41.0111 90.9373 9.98834 0.157312 -0.980136 -0.120773
-42.4423 90.7115 9.8945 0.162088 -0.980299 -0.112881
-43.7494 90.5454 9.81703 0.145043 -0.984989 -0.0935924
-44.8626 90.3812 9.72987 0.145258 -0.986668 -0.0733971
-46.088 90.1925 9.62577 0.180341 -0.983428 -0.0186001
-47.0779 90.0338 9.54663 0.159199 -0.987173 -0.0120531
-48.6804 89.6577 9.36448 0.27215 -0.96153 0.0373445
-49.8433 89.3216 9.18524 0.295473 -0.953139 0.0649709
-51.0457 88.8489 9.0376 0.38125 -0.920555 0.085008
-52.0431 88.4344 8.93353 0.402009 -0.908542 0.113755
-53.5572 87.6837 8.80547 0.433041 -0.892641 0.125171
-54.4271 87.1696 8.69599 0.496469 -0.861408 0.107213
-54.7583 86.9739 8.65775 0.49647 -0.861408 0.107213
-53.9506 87.3267 7.82196 0.472456 -0.871967 0.128296
-53.0595 87.8184 7.90699 0.430717 -0.896511 0.103685
-52.1449 88.2666 7.98258 0.417704 -0.901793 0.110873
-51.185 88.7026 8.07803 0.38125 -0.920555 0.0850074
-50.0828 89.1441 8.19943 0.318388 -0.943437 0.092501
-48.9526 89.5419 8.36642 0.295469 -0.953141 0.0649681
-47.806 89.8571 8.52411 0.21686 -0.975238 0.0433875
-46.7271 90.1016 8.62682 0.188184 -0.982009 0.0156784
-45.2574 90.3859 8.74392 0.201391 -0.979188 -0.0251381
-44.0445 90.5709 8.85125 0.15952 -0.984358 -0.0747782
-42.6486 90.7887 8.96237 0.145046 -0.984988 -0.0935995
-41.6491 90.9515 9.02921 0.176799 -0.97377 -0.143227
-39.9547 91.2571 9.15313 0.195286 -0.969995 -0.144818
-38.633 91.501 9.26453 0.211158 -0.963743 -0.163131
-37.3968 91.7538 9.3708 0.185755 -0.963754 -0.1915
-35.9751 92.0305 9.49302 0.220014 -0.947114 -0.2336
-34.7204 92.3049 9.60725 0.247223 -0.913695 -0.322556
-33.542 92.5416 9.70674 0.204169 -0.901978 -0.380461
-32.3931 92.7602 9.80503 0.264713 -0.881331 -0.391387
-31.5223 93.0211 9.92635 0.284326 -0.846784 -0.449573
-31.3162 93.4844 9.12736 0.31873 -0.866843 -0.383398
-32.6537 93.0663 8.93944 0.264713 -0.881331 -0.391386
-33.6488 92.8651 8.85167 0.240112 -0.911845 -0.332994
-35.1985 92.496 8.69956 0.247223 -0.913695 -0.322556
-36.3224 92.2442 8.59133 0.236314 -0.918248 -0.317768
-37.3194 92.0013 8.49125 0.251833 -0.922366 -0.292953
-38.9662 91.6203 8.33415 0.253553 -0.926289 -0.278746
-40.0013 91.3895 8.24127 0.220628 -0.941732 -0.253897
-41.1132 91.1775 8.15407 0.165599 -0.97235 -0.164659
-42.1295 91.029 8.08598 0.154301 -0.970359 -0.185994
-43.3908 90.792 7.97906 0.206733 -0.962654 -0.174809
-44.3928 90.5934 7.87983 0.239249 -0.960367 -0.143022
-45.9265 90.2898 7.74511 0.195102 -0.979169 -0.0562356
-47.1723 89.9915 7.63241 0.248969 -0.967912 -0.0340687
-48.2031 89.7205 7.52176 0.33398 -0.942572 0.00388416
-49.2244 89.3646 7.3785 0.328132 -0.9446 0.00772013
-50.3762 88.9632 7.22455 0.358966 -0.932687 0.0351858
-51.5148 88.4361 7.10691 0.418808 -0.906553 0.0525476
-52.5607 87.9531 6.99967 0.417704 -0.901793 0.110873
-52.9456 87.7458 6.96934 0.470878 -0.874994 0.112516
-52.6814 87.8058 6.03651 0.461347 -0.883926 0.076375
-51.7377 88.2773 6.14395 0.428585 -0.901066 0.0662886
-50.7778 88.7273 6.25687 0.404025 -0.912935 0.0575699
-49.7015 89.1906 6.36854 0.358966 -0.932687 0.0351858
-48.6061 89.5749 6.51005 0.339815 -0.940492 5.7546e-05
-46.8016 90.1233 6.72014 0.244962 -0.968492 -0.0449077
-45.7718 90.374 6.8147 0.227225 -0.968969 -0.0973043
-44.5606 90.6847 6.93347 0.258708 -0.956033 -0.138096
-43.2173 90.9849 7.07302 0.219691 -0.964295 -0.147891
-42.2228 91.1898 7.16977 0.180583 -0.96686 -0.180475
-40.6855 91.4862 7.29183 0.217153 -0.941945 -0.256093
-39.561 91.7228 7.3877 0.242976 -0.934398 -0.260506
-38.583 91.9733 7.48998 0.265176 -0.926503 -0.266972
-37.006 92.3603 7.65228 0.261777 -0.9188 -0.295429
-35.9123 92.6349 7.76727 0.249081 -0.918656 -0.306643
-34.8723 92.8863 7.87297 0.258092 -0.908993 -0.327292
-33.7726 93.1499 7.98257 0.24941 -0.902358 -0.351488
-32.8035 93.3893 8.08239 0.285941 -0.884717 -0.368122
-31.4536 93.7986 8.25733 0.313183 -0.876346 -0.36597
-30.3377 94.1677 8.41278 0.355103 -0.8608 -0.36459
-29.4996 94.7884 7.65173 0.343134 -0.88021 -0.327855
-30.7423 94.3746 7.49289 0.336423 -0.882262 -0.329293
-31.9589 93.9996 7.34406 0.313072 -0.876313 -0.366144
-33.4307 93.5839 7.17435 0.275023 -0.894864 -0.351541
-34.4722 93.2945 7.05606 0.258098 -0.908801 -0.32782
-35.9958 92.9051 6.893 0.270021 -0.910738 -0.312483
-37.3425 92.5653 6.74692 0.273014 -0.913265 -0.302342
-38.5476 92.2449 6.61159 0.272082 -0.916794 -0.292335
-39.7121 91.9397 6.48516 0.268661 -0.921738 -0.279679
-40.9394 91.6602 6.37011 0.23328 -0.952628 -0.19514
-41.9548 91.4312 6.27432 0.244044 -0.9508 -0.190848
-42.957 91.1832 6.16695 0.23732 -0.956922 -0.167272
-44.0129 90.9593 6.05836 0.239245 -0.960368 -0.143023
-45.2339 90.638 5.93092 0.275421 -0.954551 -0.113913
-46.533 90.2617 5.80186 0.294922 -0.949004 -0.111409
-47.8882 89.8342 5.64585 0.336608 -0.940892 -0.0376388
-49.1138 89.4123 5.49448 0.375234 -0.925331 -0.0544237
-50.213 88.9285 5.37707 0.401783 -0.915375 -0.0256865
-51.8834 88.1201 5.18114 0.464958 -0.885182 -0.0163558
-51.8887 88.1173 5.18051 0.452166 -0.891364 0.0318687
-51.2504 88.4686 4.31244 0.443585 -0.896173 -0.0103186
-50.0697 89.0175 4.44817 0.411911 -0.911101 -0.0149775
-49.0026 89.4975 4.56329 0.416643 -0.908455 -0.0334306
-47.9637 89.8838 4.69314 0.362516 -0.926531 -0.100605
-46.7977 90.3179 4.84236 0.27222 -0.949073 -0.158606
-45.6997 90.6202 4.95403 0.285184 -0.951827 -0.112671
-43.9315 91.1235 5.14212 0.293339 -0.933987 -0.204011
-42.722 91.4231 5.26773 0.254769 -0.94884 -0.186538
-41.6429 91.6904 5.38173 0.244042 -0.950799 -0.190855
-40.3647 92.0162 5.51773 0.311198 -0.910454 -0.272452
-39.9076 92.1562 5.57197 0.297481 -0.914654 -0.273703
-41.4496 91.9549 4.48919 0.293972 -0.914408 -0.278278
-42.7713 91.6276 4.35576 0.242953 -0.941438 -0.233813
-44.3053 91.2127 4.19624 0.292394 -0.934362 -0.203649
-45.2935 90.925 4.08752 0.302872 -0.931991 -0.199153
-46.441 90.5684 3.9554 0.291941 -0.940041 -0.176335
-47.6224 90.1527 3.8063 0.391511 -0.911538 -0.125767
-48.8301 89.6465 3.64101 0.428814 -0.892512 -0.13979
-49.7461 89.2533 3.53529 0.402785 -0.908542 -0.110971
-50.0429 89.109 3.49966 0.46876 -0.877325 -0.102783
-49.0885 89.6986 2.67345 0.454084 -0.874906 -0.168364
-47.7365 90.2919 2.86792 0.372144 -0.909549 -0.185011
-46.7757 90.6812 3.00882 0.350373 -0.906803 -0.234409
-45.7833 90.9714 3.12632 0.298723 -0.921951 -0.246517
-44.715 91.2915 3.24663 0.293346 -0.933986 -0.204006
-42.9558 91.8099 3.43693 0.298446 -0.92266 -0.244191
-41.9099 92.1021 3.54709 0.278463 -0.918819 -0.279696
-42.272 92.2478 2.60874 0.295825 -0.923534 -0.244076
-43.8261 91.7885 2.44542 0.298152 -0.921644 -0.248349
-45.5791 91.271 2.25318 0.301187 -0.920508 -0.248899
-46.6497 90.9585 2.12452 0.350373 -0.906803 -0.234409
-47.8832 90.4497 1.93359 0.382011 -0.887522 -0.257627
-48.8021 90.0508 1.78428 0.455775 -0.851802 -0.258268
-48.0489 90.6857 1.01689 0.362437 -0.884676 -0.293237
-46.5361 91.2301 1.24435 0.373075 -0.869727 -0.323094
-45.4695 91.5477 1.37366 0.303655 -0.919052 -0.251273
-44.018 91.9769 1.53287 0.297687 -0.919007 -0.258474
-42.7 92.3739 1.66746 0.307221 -0.913946 -0.265176
-42.4324 92.4558 1.69538 0.30732 -0.913954 -0.265034
-42.8846 92.5756 0.7588 0.307124 -0.913939 -0.265312
-44.0504 92.2228 0.64417 0.283557 -0.916345 -0.282679
-45.0566 91.9544 0.547283 0.297634 -0.904104 -0.30661
-46.8434 91.464 0.343845 0.328682 -0.880989 -0.340333
-47.1363 91.3522 0.296138 0.383257 -0.853711 -0.352551
-46.5045 91.8624 -0.47657 0.272836 -0.904856 -0.326796
-45.2595 92.1885 -0.33996 0.285272 -0.904597 -0.31674
-44.2372 92.4561 -0.243709 0.258141 -0.927582 -0.270103
-43.1065 92.7429 -0.152 0.272173 -0.92956 -0.248676
-43.3056 92.9474 -1.043 0.255543 -0.928285 -0.270157
-44.3711 92.6763 -1.12807 0.258145 -0.927582 -0.270099
-45.6699 92.3801 -1.24083 0.27016 -0.910116 -0.314169
-46.3515 92.2028 -1.31329 0.270159 -0.910117 -0.314166
-46.4451 92.4994 -2.1619 0.204196 -0.89767 -0.390502
-45.4474 92.7311 -2.06625 0.245778 -0.917738 -0.312008
-43.8058 93.0835 -1.94576 0.214672 -0.933717 -0.286512
-42.8219 93.2945 -1.88335 0.225068 -0.952225 -0.206427
-42.5838 93.5386 -2.74951 0.201014 -0.951347 -0.23352
-43.7249 93.3408 -2.80295 0.19236 -0.945764 -0.26178
-45.1004 93.0631 -2.89588 0.174854 -0.938158 -0.298806
-46.2535 92.8776 -2.96946 0.191612 -0.921543 -0.337702
-45.7142 93.2801 -3.76169 0.166517 -0.927091 -0.33582
-44.1968 93.4845 -3.6901 0.174852 -0.938158 -0.298809
-43.0619 93.6848 -3.63125 0.149372 -0.967139 -0.205744
-42.9205 93.7056 -3.62627 0.149377 -0.967138 -0.205744
-42.3553 93.9727 -4.4716 0.140596 -0.968597 -0.205069
-44.053 93.7582 -4.52959 0.114201 -0.960438 -0.254003
-45.7407 93.5649 -4.59717 0.0908054 -0.955082 -0.282086
-45.8749 93.5573 -4.60049 0.0983949 -0.940325 -0.325742
-45.2377 93.8649 -5.42085 0.0613506 -0.949291 -0.308356
-43.6631 94.0229 -5.36996 0.108283 -0.961485 -0.252628
-42.4403 94.1407 -5.33741 0.0806494 -0.979288 -0.185717
-42.0776 94.1685 -5.33117 0.0867916 -0.982169 -0.166768
-42.3493 94.3112 -6.19895 0.0782315 -0.979498 -0.185642
-43.4677 94.2216 -6.22298 0.0830649 -0.979071 -0.185798
-44.5287 94.1611 -6.24448 0.0399333 -0.966811 -0.252354
-45.5551 94.1122 -6.26486 0.0510181 -0.96551 -0.255317
-46.1598 94.0837 -6.27779 0.0562125 -0.957782 -0.281947
-46.1152 94.3096 -7.12307 0.0213978 -0.958617 -0.283893
-44.7811 94.3729 -7.09607 0.0399333 -0.966811 -0.252354
-43.6007 94.4041 -7.08057 0.0288432 -0.967982 -0.249358
-42.5232 94.461 -7.06228 0.0806499 -0.979287 -0.185723
-41.5742 94.5068 -7.05042 0.0254044 -0.991109 -0.130607
-41.166 94.627 -7.91459 0.0252122 -0.99221 -0.122002
-42.2659 94.6002 -7.92375 0.0056703 -0.990959 -0.134046
-43.6715 94.6041 -7.93226 0.00416648 -0.988126 -0.153591
-45.0332 94.5845 -7.94641 0.0399333 -0.966811 -0.252354
-46.1546 94.5833 -7.95546 -0.00826934 -0.950055 -0.311973
-46.3781 94.816 -8.80096 -0.0449458 -0.98146 -0.186323
-45.2603 94.7653 -8.80365 -0.038042 -0.981414 -0.188096
-44.2437 94.7367 -8.80132 0.00416648 -0.988126 -0.153591
-43.1058 94.7401 -8.79174 -0.00485024 -0.988704 -0.149805
-41.7272 94.7198 -8.78552 0.0056703 -0.990959 -0.134046
-41.1252 94.7345 -8.78066 0.0174124 -0.992895 -0.117713
-40.8149 94.8152 -9.64819 0.000514875 -0.997578 -0.0695606
-42.2898 94.8441 -9.65315 -0.0232614 -0.99547 -0.0921858
-43.456 94.8718 -9.65837 -0.0391329 -0.993718 -0.104848
-44.4781 94.9065 -9.66148 -0.0311336 -0.98132 -0.189846
-45.4815 94.9388 -9.66393 -0.0380407 -0.981415 -0.18809
-46.5565 94.9999 -9.66114 -0.0872804 -0.966555 -0.241151
-46.7545 95.2305 -10.5138 -0.107099 -0.977297 -0.182813
-45.734 95.1012 -10.5285 -0.0992245 -0.986092 -0.133328
-44.731 95.0397 -10.5286 -0.0490664 -0.991647 -0.119286
-42.7579 94.9358 -10.5251 -0.0391329 -0.993718 -0.104848
-41.7466 94.9116 -10.5198 -0.0257879 -0.995471 -0.0914959
-40.5014 94.8759 -10.5167 -0.0138935 -0.996682 -0.0801986
-40.4476 94.8759 -10.5165 -0.00203256 -0.997654 -0.0684252
-40.2802 94.9102 -11.3865 0.000568704 -0.999296 -0.0375205
-41.8815 94.9948 -11.3898 -0.0411838 -0.996765 -0.0690147
-42.9937 95.0517 -11.3934 -0.0549966 -0.991554 -0.117458
-44.0051 95.1081 -11.3959 -0.0520351 -0.991605 -0.118375
-45.0136 95.1746 -11.3987 -0.0718669 -0.987141 -0.142785
-46.029 95.2485 -11.3982 -0.0992244 -0.986092 -0.133329
-46.347 95.2889 -11.395 -0.126499 -0.984216 -0.12376
-46.4746 95.4154 -12.2703 -0.150228 -0.978548 -0.140977
-45.2517 95.295 -12.2719 -0.104603 -0.993313 -0.0488562
-44.1462 95.1785 -12.2699 -0.0889944 -0.994743 -0.0506533
-42.5645 95.0738 -12.2646 -0.0613777 -0.997197 -0.0427884
-41.4233 94.9906 -12.2612 -0.0367217 -0.999286 -0.0088553
-40.2491 94.9474 -12.2565 -0.0453845 -0.998576 -0.0280238
-40.127 94.9429 -12.2561 -0.0210567 -0.999558 -0.020971
-39.698 94.899 -13.1236 -0.0312069 -0.998809 0.0375055
-40.7663 94.9688 -13.1294 -0.0752683 -0.99683 0.0257866
-42.0372 95.0473 -13.1363 -0.0944778 -0.995253 -0.0233358
-43.108 95.1479 -13.141 -0.102141 -0.994757 0.005017
-44.2423 95.2318 -13.1474 -0.0889944 -0.994743 -0.0506533
-45.3245 95.3452 -13.1529 -0.0969308 -0.994609 -0.0368368
-46.7179 95.5128 -13.1523 -0.159125 -0.986023 -0.0493665
-46.8494 95.5772 -14.0414 -0.140091 -0.990062 -0.0123025
-45.2511 95.3707 -14.0345 -0.0969306 -0.994609 -0.0368367
-43.9786 95.207 -14.0231 -0.127239 -0.989653 0.0663182
-42.9287 95.0692 -14.0133 -0.0931811 -0.993666 0.0628138
-41.7913 95.0059 -14.0071 -0.0655081 -0.995006 0.0753097
-40.7841 94.9476 -14.0001 -0.0616739 -0.996421 0.0578008
-39.7115 94.8668 -13.9921 -0.0532515 -0.998079 0.0316543
-39.2313 94.791 -14.8561 -0.0156852 -0.990817 0.1343
-40.4482 94.8534 -14.8646 -0.0480052 -0.994807 0.0897453
-41.4765 94.9058 -14.873 -0.075265 -0.993316 0.0875149
-42.8918 95.0118 -14.8869 -0.0655152 -0.995006 0.075306
-44.3416 95.1899 -14.9058 -0.123996 -0.989798 0.0701778
-45.5268 95.3606 -14.9206 -0.138117 -0.987153 0.0803307
-46.0693 95.4319 -14.9265 -0.158262 -0.98284 0.0947553
-46.3099 95.3848 -15.8174 -0.158262 -0.98284 0.0947553
-44.6837 95.1717 -15.7928 -0.138117 -0.987153 0.0803303
-43.3407 94.9651 -15.7632 -0.157464 -0.978797 0.131
-42.1122 94.8607 -15.7472 -0.0517151 -0.990253 0.129326
-40.4472 94.7403 -15.7262 -0.0975513 -0.983335 0.153416
-39.5808 94.6604 -15.7139 0.000636416 -0.988646 0.150261
-39.159 94.5303 -16.5715 -0.0109445 -0.985019 0.1721
-40.4431 94.6019 -16.5845 -0.0867845 -0.981599 0.170093
-41.852 94.7221 -16.6081 -0.086369 -0.981627 0.170145
-42.9775 94.7916 -16.6229 -0.10474 -0.98592 0.130351
-44.1173 94.9647 -16.656 -0.143712 -0.978672 0.146794
-45.1205 95.1105 -16.6814 -0.152286 -0.976992 0.149316
-44.1834 94.8431 -17.5312 -0.143713 -0.978671 0.146798
-43.1315 94.6532 -17.4845 -0.147764 -0.931771 0.331615
-42.0342 94.5876 -17.4717 -0.0494423 -0.943444 0.327825
-40.702 94.4752 -17.4477 -0.109067 -0.972146 0.207454
-38.974 94.358 -17.4222 -0.0057917 -0.977089 0.212754
-38.9813 94.1569 -18.2664 0.0109388 -0.972767 0.231528
-40.4506 94.2283 -18.2835 -0.0874583 -0.954394 0.285454
-41.6444 94.2821 -18.292 -0.0494422 -0.943444 0.327825
-43.4554 94.4166 -18.3241 -0.0998981 -0.946968 0.305406
-44.6296 94.6204 -18.3878 -0.195157 -0.913586 0.356755
-44.3975 94.2552 -19.1961 -0.203311 -0.913829 0.351541
-43.2508 94.1276 -19.1532 -0.0999013 -0.946968 0.305405
-42.127 94.0198 -19.1199 -0.0746986 -0.945568 0.316737
-40.9966 93.9688 -19.1095 -0.0434554 -0.944552 0.325474
-39.9236 93.9097 -19.0954 -0.0289512 -0.927807 0.371936
-39.0842 93.8945 -19.0924 -0.0320662 -0.942778 0.331875
-39.1906 93.5922 -19.9057 0.00437259 -0.929698 0.368297
-40.2249 93.6019 -19.9042 -0.062243 -0.92487 0.375155
-41.4053 93.6733 -19.924 -0.0182408 -0.904329 0.426447
-42.9372 93.7172 -19.9265 -0.0693211 -0.855734 0.512752
-44.0779 93.7936 -19.9532 -0.123294 -0.859774 0.495568
-43.8053 93.3246 -20.6991 -0.123293 -0.859773 0.495569
-42.115 93.2524 -20.6779 -0.0341439 -0.877288 0.478748
-41.0726 93.2654 -20.6962 0.0258525 -0.879276 0.475611
-39.8511 93.2706 -20.7096 -0.0126067 -0.913187 0.407347
-39.312 93.2548 -20.7055 -0.0295649 -0.89477 0.445547
-39.368 92.8684 -21.4852 0.0112069 -0.875437 0.483203
-40.7007 92.8323 -21.4538 -0.00466884 -0.84785 0.530216
-42.0555 92.833 -21.4422 -0.00414734 -0.878679 0.477395
-43.132 92.8397 -21.4353 0.0197317 -0.817383 0.575757
-43.6781 92.8334 -21.4255 -0.018399 -0.818626 0.574032
-44.1868 92.357 -22.1583 -0.0565003 -0.818676 0.571469
-42.952 92.3383 -22.1533 0.00611562 -0.807087 0.590401
-41.7747 92.3436 -22.165 0.0557815 -0.796607 0.601919
-40.4974 92.3685 -22.1936 0.0236485 -0.850821 0.524923
-39.6072 92.405 -22.2227 0.0424486 -0.838879 0.54266
-40.7589 91.8507 -22.8931 0.0649781 -0.785448 0.615508
-42.009 91.8073 -22.8531 0.0514117 -0.789509 0.611582
-43.5312 91.7957 -22.8342 0.0269184 -0.750633 0.660171
-44.0419 91.782 -22.818 0.0260006 -0.736825 0.675584
-44.2165 91.1975 -23.4681 0.0412727 -0.748491 0.661859
-42.7373 91.2251 -23.5018 0.0365817 -0.7637 0.644534
-41.3828 91.2851 -23.5582 0.0537976 -0.778234 0.625666
-41.0684 91.296 -23.5682 0.0649771 -0.785448 0.615507
-41.6799 90.6949 -24.2038 0.0478409 -0.733931 0.677537
-42.9981 90.65 -24.1595 0.0632476 -0.71983 0.691263
-43.5657 90.6249 -24.1339 0.0537624 -0.709672 0.702478
-25.5537 98.4483 -0.769216 0.236591 -0.944612 -0.22745
-24.1481 98.7487 -0.696243 0.214947 -0.957243 -0.193608
-23.0371 98.9874 -0.643008 0.199268 -0.963278 -0.179964
-21.9234 99.1482 -0.60864 0.13694 -0.978704 -0.152922
-20.8079 99.3123 -0.576993 0.122819 -0.984367 -0.12624
-19.8102 99.4088 -0.560001 0.0969647 -0.987651 -0.123056
-19.0569 99.4809 -0.548528 0.0754895 -0.989838 -0.120509
-19.6315 99.3215 0.322704 0.112072 -0.989109 -0.0954079
-20.7295 99.2089 0.30614 0.122819 -0.984367 -0.12624
-21.8402 99.036 0.275983 0.172216 -0.967648 -0.184385
-23.1001 98.8026 0.230329 0.209229 -0.959712 -0.187555
-24.138 98.5788 0.181721 0.215342 -0.959297 -0.182694
-25.6902 98.2103 0.0927204 0.237787 -0.946717 -0.217219
-26.0281 98.1301 0.0721072 0.237787 -0.946717 -0.217219
-27.286 97.6104 0.857542 0.260128 -0.937532 -0.231011
-26.2627 97.8716 0.930922 0.256047 -0.938375 -0.232148
-25.2151 98.1223 0.996134 0.245045 -0.945419 -0.21479
-23.7568 98.4931 1.08046 0.250766 -0.943722 -0.215653
-22.7661 98.6945 1.12205 0.203102 -0.960066 -0.192414
-21.457 98.9349 1.16479 0.178319 -0.968131 -0.175853
-20.5673 99.0999 1.19012 0.160297 -0.973659 -0.162151
-21.334 98.806 2.05088 0.18258 -0.969829 -0.161542
-22.5963 98.5406 2.00635 0.226664 -0.954434 -0.194113
-23.6083 98.3271 1.96471 0.229694 -0.948817 -0.216766
-25.2609 97.9122 1.8711 0.249633 -0.94305 -0.219865
-26.4479 97.6077 1.79333 0.256047 -0.938375 -0.232148
-27.4411 97.3544 1.72213 0.258089 -0.937955 -0.231581
-28.2562 97.1313 1.65652 0.282729 -0.92257 -0.262544
-29.2321 96.6084 2.44333 0.287781 -0.921398 -0.261166
-28.0883 96.9339 2.54306 0.286597 -0.923617 -0.254547
-27.0235 97.2371 2.63073 0.269116 -0.930627 -0.248013
-26.0439 97.4866 2.69839 0.264454 -0.935794 -0.233138
-25.0603 97.7561 2.76487 0.250015 -0.942739 -0.220763
-23.6285 98.1173 2.84365 0.259921 -0.94271 -0.209138
-22.6536 98.365 2.89122 0.24312 -0.954336 -0.173596
-22.402 98.4271 2.90194 0.243122 -0.954335 -0.173601
-23.3857 97.9979 3.74561 0.26977 -0.942461 -0.197462
-24.6047 97.6633 3.67678 0.259927 -0.942707 -0.209143
-25.6529 97.3801 3.61027 0.273736 -0.934751 -0.226515
-27.1071 96.9702 3.50133 0.28259 -0.923817 -0.258272
-28.0808 96.694 3.42184 0.284808 -0.923939 -0.255383
-29.1486 96.3728 3.32274 0.307706 -0.90944 -0.279707
-30.1103 96.087 3.23144 0.293869 -0.912628 -0.284167
-30.1704 96.0695 3.22553 0.297138 -0.913084 -0.27926
-31.3799 95.4292 3.97088 0.308849 -0.89964 -0.308642
-30.3817 95.7307 4.07455 0.303533 -0.899433 -0.314463
-29.0102 96.1462 4.21019 0.306901 -0.909169 -0.281465
-28.051 96.4434 4.30075 0.310218 -0.908522 -0.279916
-26.859 96.7948 4.40259 0.291099 -0.922329 -0.254106
-25.5798 97.1624 4.49798 0.278444 -0.926936 -0.251512
-24.3753 97.5241 4.58212 0.276829 -0.93505 -0.221465
-25.9795 96.809 5.35726 0.314783 -0.911762 -0.263821
-26.9937 96.4975 5.27296 0.299389 -0.910533 -0.285126
-28.0777 96.1636 5.17636 0.308109 -0.907797 -0.284559
-29.4577 95.727 5.03871 0.3255 -0.89821 -0.295412
-30.8478 95.2883 4.8901 0.304244 -0.899204 -0.314431
-31.8364 94.9901 4.78371 0.304958 -0.898974 -0.314399
-32.8357 94.3806 5.52879 0.299089 -0.896494 -0.326869
-31.8221 94.6875 5.64544 0.308167 -0.893874 -0.32561
-30.8223 94.9899 5.7568 0.319074 -0.887428 -0.33266
-29.2982 95.4816 5.92768 0.321262 -0.894313 -0.31144
-28.105 95.8734 6.05257 0.32712 -0.89305 -0.308956
-26.9646 96.2302 6.15703 0.30935 -0.910261 -0.275186
-28.3918 95.4755 6.90126 0.328531 -0.89398 -0.30474
-29.5875 95.0844 6.76995 0.329107 -0.888465 -0.319873
-30.9193 94.6369 6.60607 0.336896 -0.88247 -0.32825
-31.8814 94.3526 6.49734 0.301135 -0.892066 -0.336951
-32.8624 94.0604 6.3825 0.299086 -0.896495 -0.326871
-34.2738 93.6634 6.22287 0.290642 -0.897909 -0.330587
-34.6561 93.5582 6.18008 0.267018 -0.908725 -0.320811
-31.9457 89.1394 19.0275 -0.230559 -0.918667 -0.320771
-33.7731 89.5279 19.1811 -0.234787 -0.922137 -0.307471
-34.8031 89.6912 19.2452 -0.163872 -0.966821 -0.195966
-35.8177 89.8508 19.3059 -0.128027 -0.976574 -0.172952
-36.9877 89.9646 19.3569 -0.103479 -0.984526 -0.141425
-38.1397 90.0811 19.3884 -0.0830144 -0.988146 -0.129136
-39.3305 90.1627 19.4007 -0.0705236 -0.991307 -0.11107
-40.6096 90.2522 19.4134 -0.0441406 -0.995718 -0.0812238
-41.8138 90.2505 19.4164 0.00424309 -0.998095 -0.0615506
-42.9236 90.2462 19.4088 0.00103974 -0.99806 -0.062245
-43.9267 90.2466 19.3848 0.036699 -0.993471 -0.108024
-45.0177 90.2098 19.3524 0.071187 -0.992883 -0.0954761
-46.0918 90.0994 19.3051 0.105586 -0.990957 -0.0828047
-47.1509 89.9811 19.2601 0.116467 -0.989097 -0.0901229
-48.3729 89.829 19.2148 0.187209 -0.975639 -0.114372
-49.3812 89.5811 19.1563 0.244186 -0.958421 -0.147656
-50.6263 89.2442 19.0513 0.312014 -0.936749 -0.158581
-51.7236 88.8628 18.9237 0.352126 -0.917476 -0.185054
-53.0737 88.3605 18.7594 0.384486 -0.899667 -0.20681
-54.2239 87.6806 18.5539 0.597757 -0.786683 -0.154326
-55.5917 86.5855 18.2176 0.683191 -0.719866 -0.122646
-56.339 85.8948 18.0081 0.720179 -0.67979 -0.138665
-57.5512 84.6418 17.6113 0.771861 -0.608869 -0.183053
-58.5019 83.3666 17.2006 0.813356 -0.552099 -0.183408
-58.7014 83.1248 17.1212 0.781433 -0.587076 -0.211434
-58.6812 82.7677 18.061 0.793604 -0.564078 -0.228054
-57.9003 83.81 18.3988 0.82389 -0.519587 -0.22635
-56.9088 85.0778 18.8053 0.769424 -0.60416 -0.207309
-55.8318 86.1587 19.1663 0.685303 -0.709286 -0.165146
-55.023 86.8697 19.3895 0.63714 -0.74533 -0.196305
-53.5822 87.8803 19.7006 0.499263 -0.839957 -0.212623
-52.0109 88.5474 19.9105 0.402854 -0.882249 -0.243607
-51.0719 88.8926 20.0214 0.349863 -0.926506 -0.138498
-49.7393 89.3284 20.1588 0.254163 -0.95244 -0.168105
-48.7291 89.5762 20.2263 0.245289 -0.955753 -0.162385
-46.762 89.9208 20.3021 0.151133 -0.959335 -0.238401
-45.5954 90.0646 20.3541 0.111028 -0.990049 -0.0864602
-44.2809 90.1175 20.393 0.0200717 -0.982941 -0.182823
-43.1509 90.1379 20.4078 0.00890733 -0.982613 -0.185451
-41.3223 90.1083 20.3986 -0.0211192 -0.985028 -0.171096
-40.0904 90.0528 20.3826 -0.060632 -0.982214 -0.177708
-38.8828 89.9723 20.3593 -0.0688432 -0.982717 -0.171836
-37.7399 89.8385 20.3161 -0.116709 -0.969521 -0.215427
-36.6215 89.7269 20.2667 -0.106554 -0.969195 -0.222055
-35.4594 89.5571 20.192 -0.163708 -0.952217 -0.257842
-34.3741 89.3855 20.1148 -0.168735 -0.952119 -0.254946
-33.2308 89.1186 20.0034 -0.246898 -0.922624 -0.296322
-32.274 88.9118 19.9155 -0.230558 -0.918667 -0.320772
-32.3249 88.6065 20.7742 -0.273938 -0.897599 -0.34536
-33.5887 88.9204 20.9165 -0.247781 -0.920727 -0.301441
-34.8945 89.2253 21.0575 -0.208043 -0.938391 -0.275934
-36.055 89.3969 21.1486 -0.161425 -0.965864 -0.202604
-37.1522 89.5639 21.2264 -0.161752 -0.965847 -0.202423
-38.258 89.7003 21.285 -0.124655 -0.975942 -0.17888
-39.3905 89.8345 21.3422 -0.0748723 -0.973675 -0.215292
-40.4648 89.8887 21.367 -0.0524107 -0.98161 -0.183561
-41.5018 89.9411 21.3828 -0.0367723 -0.98346 -0.177354
-42.8168 89.9496 21.387 -0.00225841 -0.982156 -0.188054
-44.0726 89.9364 21.3896 0.0282013 -0.980201 -0.195985
-45.2455 89.8944 21.3822 0.0953367 -0.970203 -0.222748
-46.2658 89.7378 21.3533 0.152562 -0.959459 -0.236987
-47.5152 89.553 21.3047 0.153064 -0.958898 -0.238928
-49.0408 89.3273 21.2208 0.200503 -0.958794 -0.201279
-50.5222 88.9383 21.1042 0.306789 -0.93885 -0.156336
-52 88.2674 20.9069 0.452744 -0.858211 -0.241863
-53.1302 87.792 20.7634 0.435986 -0.850637 -0.293826
-54.2755 87.1257 20.5617 0.548209 -0.774183 -0.316398
-55.4887 86.1925 20.2758 0.705345 -0.667085 -0.23976
-56.2361 85.4272 20.0293 0.760534 -0.585218 -0.281262
-57.1382 84.3255 19.6481 0.787376 -0.550091 -0.278278
-57.9679 83.3118 19.2964 0.806614 -0.534443 -0.252475
-58.2092 82.9744 19.1925 0.809041 -0.542028 -0.227285
-58.1026 82.6481 20.1539 0.787186 -0.534128 -0.308294
-57.2057 83.7354 20.5356 0.784515 -0.535415 -0.312837
-56.5737 84.5389 20.8265 0.804444 -0.512485 -0.300381
-55.6918 85.5363 21.1641 0.710865 -0.620941 -0.330309
-54.9407 86.2436 21.378 0.646896 -0.660408 -0.381297
-53.5743 87.1742 21.6578 0.510097 -0.796765 -0.323986
-52.3273 87.8133 21.8533 0.465039 -0.815654 -0.344162
-51.0576 88.4366 22.037 0.447786 -0.856469 -0.256804
-49.918 88.8226 22.1408 0.263952 -0.919253 -0.292069
-48.8542 89.0603 22.2217 0.180668 -0.941227 -0.285396
-47.3714 89.3134 22.3253 0.175448 -0.938081 -0.298699
-46.0824 89.513 22.3887 0.153993 -0.959581 -0.235564
-44.9845 89.6857 22.4032 0.0953337 -0.970204 -0.222747
-43.9321 89.7221 22.3874 0.019733 -0.973156 -0.229298
-42.8504 89.7393 22.3719 -0.00433883 -0.975749 -0.218851
-40.9778 89.6634 22.3277 -0.0736659 -0.962688 -0.260393
-39.8965 89.5991 22.3003 -0.0443995 -0.964654 -0.259751
-38.7034 89.5775 22.2656 -0.0748725 -0.973675 -0.215292
-37.6341 89.4425 22.1924 -0.162077 -0.965833 -0.202233
-36.099 89.2104 22.0726 -0.22499 -0.933158 -0.280348
-35.0307 88.92 21.9398 -0.246335 -0.902033 -0.35448
-33.9399 88.7145 21.8342 -0.227115 -0.917118 -0.327586
-32.719 88.4098 21.6857 -0.302447 -0.896365 -0.324122
-32.6986 88.0427 22.526 -0.308612 -0.849549 -0.427813
-34.2549 88.437 22.7303 -0.235042 -0.880894 -0.410829
-35.6915 88.7525 22.8924 -0.279009 -0.888129 -0.365212
-36.7546 89.021 23.0288 -0.229791 -0.90258 -0.364069
-38.0357 89.2359 23.1499 -0.163449 -0.91494 -0.369011
-39.4672 89.3211 23.2301 -0.0390304 -0.940492 -0.337567
-40.9722 89.4109 23.2909 -0.0913422 -0.955236 -0.281392
-42.3861 89.519 23.345 -0.043879 -0.970819 -0.235765
-43.5192 89.5003 23.3641 0.0325251 -0.964845 -0.260801
-44.7889 89.4295 23.3988 0.0688817 -0.953059 -0.294845
-46.5271 89.2043 23.3656 0.201759 -0.944051 -0.260884
-47.5163 88.9648 23.291 0.170186 -0.934737 -0.311933
-48.872 88.7449 23.2104 0.189065 -0.924558 -0.330829
-50.0272 88.456 23.1228 0.276909 -0.905669 -0.32107
-51.245 88.0469 23.0099 0.494346 -0.81738 -0.295825
-52.2304 87.445 22.8161 0.499192 -0.794546 -0.345694
-53.5084 86.7832 22.6107 0.550754 -0.729997 -0.404691
-54.8194 85.8215 22.3149 0.646897 -0.660407 -0.381297
-56.0419 84.6527 21.9539 0.74368 -0.55658 -0.37035
-56.8134 83.699 21.6176 0.794797 -0.511753 -0.326199
-57.5384 82.8183 21.2787 0.782415 -0.539674 -0.310771
-58.0519 82.1978 21.0635 0.787186 -0.534131 -0.30829
-57.4923 82.3632 22.175 0.779054 -0.539329 -0.319686
-56.5984 83.4017 22.5677 0.767726 -0.551786 -0.325773
-55.9366 84.196 22.8518 0.74368 -0.556582 -0.370347
-54.7134 85.4001 23.2393 0.657943 -0.657589 -0.366998
-53.812 86.0493 23.4426 0.598322 -0.696499 -0.396107
-52.8058 86.6834 23.6502 0.50128 -0.76097 -0.411876
-51.7072 87.3329 23.8607 0.527596 -0.763202 -0.373049
-50.285 88.0261 24.0738 0.327465 -0.862996 -0.384714
-49.0496 88.3369 24.1715 0.207777 -0.913623 -0.349461
-47.7475 88.6008 24.2557 0.18906 -0.924557 -0.330833
-46.7189 88.8428 24.3235 0.23777 -0.913766 -0.329388
-45.4367 89.0627 24.3692 0.107134 -0.940404 -0.322744
-43.6682 89.1929 24.3469 0.00279521 -0.933004 -0.359856
-42.5428 89.1661 24.2987 -0.0241139 -0.904437 -0.425924
-41.3056 89.1302 24.2531 -0.0992556 -0.945453 -0.310268
-39.8272 89.0227 24.17 -0.0723272 -0.949534 -0.305213
-38.276 88.8888 24.0574 -0.139617 -0.91197 -0.38577
-37.1138 88.7393 23.9538 -0.229789 -0.902583 -0.364062
-35.9961 88.455 23.7953 -0.285484 -0.86834 -0.405567
-34.4994 88.0967 23.6 -0.236226 -0.881315 -0.409245
-33.2695 87.8071 23.4368 -0.321293 -0.850628 -0.416176
-32.9721 87.7177 23.3899 -0.321294 -0.850628 -0.416175
-33.2906 87.3877 24.256 -0.307137 -0.808918 -0.501317
-34.2985 87.6637 24.4194 -0.281553 -0.833964 -0.474586
-35.2897 87.8712 24.5479 -0.261525 -0.875308 -0.406744
-36.2675 88.1164 24.6936 -0.197402 -0.819025 -0.53873
-38.0426 88.4726 24.9211 -0.201995 -0.861881 -0.465143
-39.2507 88.6021 25.0356 -0.123805 -0.906103 -0.404537
-40.3046 88.7084 25.1201 -0.115288 -0.899453 -0.421537
-41.6126 88.7333 25.198 -0.0085121 -0.90445 -0.426494
-43.1779 88.7399 25.2644 -0.0397132 -0.904208 -0.425241
-44.6005 88.7668 25.3225 0.0241944 -0.900132 -0.434944
-45.7062 88.6756 25.3098 0.100517 -0.915403 -0.389786
-47.0662 88.4099 25.258 0.248021 -0.907054 -0.340204
-48.7003 88.0392 25.1589 0.208151 -0.913872 -0.348584
-49.9488 87.6715 25.0393 0.374273 -0.814682 -0.442959
-51.2511 87.1498 24.8806 0.455523 -0.793146 -0.404251
-52.4501 86.4353 24.638 0.530618 -0.760732 -0.373806
-53.5799 85.7164 24.399 0.588893 -0.708784 -0.388369
-54.6268 84.9779 24.1508 0.657942 -0.657587 -0.367003
-55.4368 84.1653 23.8788 0.725267 -0.588721 -0.356925
-56.3963 83.1154 23.5281 0.754947 -0.549917 -0.357276
-57.2546 82.1186 23.1669 0.776444 -0.545148 -0.316145
-57.4524 81.8905 23.0793 0.773793 -0.550941 -0.312585
-57.4202 81.4242 23.9863 0.77695 -0.551527 -0.30359
-56.3926 82.5634 24.3855 0.745952 -0.571555 -0.341878
-55.7239 83.3237 24.6282 0.742862 -0.563021 -0.362166
-54.7015 84.3916 24.9874 0.718242 -0.574878 -0.391974
-53.8939 85.0028 25.2185 0.586558 -0.708574 -0.392266
-52.9028 85.6648 25.4513 0.543767 -0.735328 -0.404488
-51.6944 86.4216 25.7002 0.544001 -0.735419 -0.404007
-50.4045 86.9953 25.8801 0.368252 -0.811763 -0.453244
-49.4394 87.3678 25.9971 0.335508 -0.823559 -0.457368
-48.1353 87.7585 26.1453 0.323155 -0.84466 -0.426756
-46.7365 88.0652 26.2181 0.19957 -0.870654 -0.449593
-45.5457 88.2391 26.2446 0.12006 -0.87425 -0.470396
-44.0335 88.3044 26.2323 -0.0307576 -0.89865 -0.437587
-42.7816 88.286 26.1821 -0.0475962 -0.87934 -0.47381
-41.47 88.282 26.0972 -0.0301915 -0.890273 -0.454425
-40.0759 88.249 25.9995 -0.106727 -0.89244 -0.438361
-38.8689 88.1077 25.871 -0.230015 -0.781297 -0.58023
-37.4612 87.8083 25.6558 -0.263724 -0.810051 -0.523705
-36.1628 87.5746 25.4791 -0.197402 -0.819025 -0.53873
-34.9213 87.316 25.298 -0.30763 -0.771826 -0.556461
-33.8307 87.0021 25.097 -0.323247 -0.778931 -0.53738
-34.4506 86.639 25.9588 -0.291819 -0.76421 -0.575174
-35.4835 86.8817 26.141 -0.251505 -0.77117 -0.584844
-36.8439 87.159 26.3604 -0.224661 -0.795826 -0.562307
-37.8407 87.3408 26.5043 -0.224998 -0.781858 -0.581441
-39.3555 87.615 26.7328 -0.235029 -0.780709 -0.579012
-40.5662 87.8094 26.9189 -0.0781254 -0.827316 -0.556278
-41.8049 87.784 26.9862 -0.00981764 -0.862217 -0.506444
-42.8143 87.7809 27.0378 -0.0447179 -0.862233 -0.504534
-44.1559 87.827 27.1295 -0.0736486 -0.867264 -0.492371
-45.6935 87.7367 27.1359 0.100337 -0.841117 -0.531465
-46.9116 87.5573 27.1241 0.185734 -0.879548 -0.438062
-48.0754 87.359 27.068 0.258648 -0.874301 -0.41073
-49.3437 86.8961 26.8864 0.345074 -0.788309 -0.509405
-50.6163 86.4407 26.7414 0.360389 -0.825076 -0.435166
-51.6217 85.9843 26.5952 0.492104 -0.75619 -0.431289
-53.0875 85.0567 26.309 0.575692 -0.692184 -0.435271
-54.1201 84.2711 26.0125 0.620757 -0.640343 -0.452351
-55.0504 83.4439 25.7009 0.705396 -0.573376 -0.41672
-55.8008 82.7091 25.4565 0.726733 -0.592481 -0.3476
-56.6475 81.8105 25.178 0.73637 -0.592743 -0.326212
-57.3206 81.0549 24.9121 0.776949 -0.551529 -0.303589
-56.9494 81.0072 25.9677 0.717166 -0.641196 -0.273022
-56.1734 81.799 26.193 0.716702 -0.591886 -0.368794
-55.4268 82.56 26.4226 0.705473 -0.603796 -0.37113
-54.6116 83.3103 26.7011 0.655737 -0.630695 -0.41501
-53.511 84.1476 27.0124 0.618294 -0.639011 -0.457578
-52.5897 84.8414 27.2551 0.604919 -0.646173 -0.465331
-51.1999 85.6742 27.5239 0.438047 -0.773909 -0.457362
-50.2618 86.0951 27.6525 0.300998 -0.786713 -0.538965
-49.1249 86.4346 27.7487 0.345074 -0.788308 -0.509405
-47.8488 86.8823 27.9369 0.217018 -0.783224 -0.582635
-46.1981 87.1347 27.9933 0.124378 -0.829897 -0.543876
-45.1482 87.2636 27.9875 0.0856589 -0.839515 -0.536542
-44.0873 87.3616 27.975 -0.00600057 -0.85995 -0.510343
-42.8789 87.2623 27.8678 -0.0817445 -0.819808 -0.566774
-41.4857 87.2908 27.8168 -0.0596891 -0.777266 -0.626334
-40.1655 87.1775 27.6471 -0.145779 -0.785492 -0.601457
-39.1623 87.0212 27.4893 -0.246066 -0.795056 -0.55438
-38.1105 86.7987 27.2949 -0.23376 -0.755588 -0.611918
-36.6121 86.5199 27.0471 -0.240825 -0.747216 -0.619412
-35.1812 86.2566 26.8311 -0.260686 -0.728669 -0.633312
-35.0983 86.2397 26.8168 -0.265362 -0.735832 -0.623004
-35.7518 85.7681 27.628 -0.260684 -0.72867 -0.633312
-36.7854 85.9576 27.8008 -0.250061 -0.747628 -0.615241
-37.8861 86.1642 27.9927 -0.263148 -0.76076 -0.593293
-39.456 86.4897 28.3038 -0.235507 -0.677893 -0.696418
-41.0731 86.6269 28.4941 -0.123336 -0.745056 -0.6555
-42.325 86.7118 28.6153 -0.059694 -0.777265 -0.626336
-43.3995 86.7671 28.709 -0.0946877 -0.752994 -0.651179
-44.685 86.7446 28.7878 0.00915584 -0.753017 -0.657938
-46.2996 86.5612 28.8103 0.148331 -0.827079 -0.54216
-47.3863 86.3905 28.7753 0.228075 -0.805036 -0.54763
-48.8439 85.9703 28.5983 0.298407 -0.761212 -0.575769
-50.2964 85.4806 28.4526 0.315733 -0.759016 -0.569393
-51.2342 85.0632 28.3244 0.407874 -0.721722 -0.559246
-52.3115 84.4565 28.1429 0.602029 -0.643682 -0.472476
-53.3479 83.6944 27.8605 0.591621 -0.659794 -0.463311
-54.235 83.022 27.6175 0.615167 -0.643691 -0.455228
-55.0213 82.424 27.4007 0.655736 -0.630698 -0.415006
-56.0186 81.4704 27.091 0.688125 -0.661447 -0.298283
-56.8127 80.7321 26.896 0.695656 -0.654208 -0.296775
-57.08 80.4727 26.8277 0.703108 -0.646895 -0.295239
-57.3442 79.8174 27.643 0.672754 -0.709012 -0.211434
-55.9974 81.0945 27.9732 0.669067 -0.659347 -0.342946
-55.173 81.7851 28.1846 0.625229 -0.672412 -0.396169
-53.6224 82.9641 28.5839 0.622663 -0.653573 -0.430271
-52.8076 83.5301 28.7965 0.580942 -0.675606 -0.453941
-51.4153 84.3532 29.0941 0.412866 -0.715827 -0.563146
-50.2945 84.8783 29.2483 0.40787 -0.721725 -0.559246
-49.0611 85.2945 29.3684 0.3071 -0.75658 -0.577301
-48.0492 85.6111 29.4784 0.297897 -0.766879 -0.568467
-46.9995 85.9225 29.6243 0.228076 -0.805036 -0.547629
-45.7571 86.0604 29.6075 0.0119103 -0.776528 -0.62997
-44.629 86.1153 29.5276 -0.0135689 -0.777702 -0.628487
-43.4844 86.1367 29.4504 -0.0954053 -0.752364 -0.651802
-42.3151 86.0803 29.3431 -0.108253 -0.752595 -0.649524
-40.7671 85.9708 29.1825 -0.164563 -0.713708 -0.680838
-39.3965 85.7816 28.9626 -0.206853 -0.675634 -0.707623
-38.3534 85.5977 28.7642 -0.263933 -0.679505 -0.684552
-37.2789 85.3874 28.5495 -0.220977 -0.659373 -0.718607
-36.7758 85.3094 28.4663 -0.220977 -0.659373 -0.718607
-37.3005 84.7016 29.1854 -0.254522 -0.661277 -0.705643
-38.5904 84.9597 29.4748 -0.279798 -0.646117 -0.710102
-39.6882 85.1271 29.6675 -0.203497 -0.670529 -0.713428
-41.3068 85.3441 29.9305 -0.207987 -0.670715 -0.711957
-42.3313 85.4494 30.0723 -0.100472 -0.757597 -0.644943
-43.7032 85.516 30.2181 -0.0682346 -0.763129 -0.642634
-44.9067 85.4875 30.3105 -0.0225836 -0.76986 -0.637813
-46.1044 85.4144 30.3816 0.0519133 -0.718316 -0.693777
-47.1586 85.263 30.3641 0.304974 -0.717997 -0.625677
-48.5337 84.8406 30.1916 0.301878 -0.726367 -0.617464
-49.5846 84.4852 30.0833 0.308981 -0.726615 -0.613645
-50.5782 84.1421 30.006 0.418882 -0.725302 -0.546328
-51.6818 83.6259 29.8452 0.424322 -0.71953 -0.549752
-52.5967 83.1194 29.6467 0.566472 -0.661028 -0.492089
-53.563 82.4772 29.3969 0.573844 -0.668473 -0.473125
-54.4079 81.8593 29.1942 0.60146 -0.688528 -0.405186
-55.7484 80.8098 28.8734 0.648429 -0.655687 -0.3868
-56.6348 80.1352 28.7038 0.61863 -0.736127 -0.274617
-57.3712 79.5154 28.5695 0.672753 -0.709013 -0.211436
-57.3863 79.1657 29.4748 0.620734 -0.757278 -0.203026
-56.5912 79.8337 29.6103 0.618628 -0.736129 -0.274615
-55.564 80.5714 29.7822 0.576199 -0.754039 -0.315308
-54.3748 81.3625 30.013 0.579613 -0.674726 -0.45694
-53.4323 82.0141 30.2289 0.548132 -0.693844 -0.467045
-52.5497 82.5715 30.4367 0.557445 -0.677611 -0.479686
-51.6793 83.0353 30.6091 0.429731 -0.713706 -0.553132
-49.9515 83.7323 30.818 0.293752 -0.737782 -0.607773
-48.9428 84.0652 30.9039 0.301874 -0.726371 -0.61746
-47.1614 84.621 31.0994 0.299865 -0.722052 -0.623476
-45.937 84.7505 31.0655 0.0384789 -0.700369 -0.712743
-44.6596 84.8485 31.0129 0.0130963 -0.700462 -0.713569
-43.5936 84.8878 30.9525 -0.0682346 -0.76313 -0.642633
-42.3152 84.7806 30.7757 -0.182216 -0.691754 -0.698766
-41.0987 84.6226 30.5643 -0.22277 -0.691018 -0.687653
-39.4602 84.381 30.265 -0.242611 -0.628993 -0.738585
-38.6106 84.2445 30.1008 -0.271678 -0.629483 -0.727971
-39.2458 83.6258 30.8494 -0.254254 -0.645788 -0.719939
-40.4159 83.8192 31.0938 -0.263381 -0.645688 -0.716741
-41.7597 84.0341 31.3698 -0.202536 -0.691536 -0.693366
-42.8159 84.1414 31.5322 -0.173833 -0.679314 -0.712962
-44.3608 84.17 31.6843 -0.00548862 -0.684641 -0.72886
-45.3921 84.1039 31.7303 0.0257917 -0.700471 -0.713214
-47.4162 83.8826 31.8061 0.0554343 -0.686393 -0.725115
-48.6406 83.5196 31.6775 0.242896 -0.747585 -0.618157
-50.2278 83.0418 31.55 0.315344 -0.734069 -0.601416
-51.1839 82.6754 31.4456 0.427936 -0.709294 -0.560154
-52.3041 82.1218 31.2451 0.479299 -0.668409 -0.568772
-53.2465 81.5936 31.0717 0.514731 -0.68247 -0.518929
-54.3614 80.8997 30.8482 0.512049 -0.777721 -0.364631
-55.7652 80.0276 30.625 0.544288 -0.783532 -0.299713
-57.2042 79.1346 30.4483 0.567136 -0.800984 -0.191784
-57.3301 79.0437 30.4322 0.59123 -0.794961 -0.135954
-57.0967 78.9228 31.3736 0.540927 -0.804014 -0.246899
-55.8311 79.7128 31.5176 0.492778 -0.819096 -0.293687
-54.9077 80.1878 31.616 0.486129 -0.801895 -0.347337
-53.9826 80.7272 31.7654 0.463771 -0.789581 -0.401843
-52.8214 81.2796 31.9103 0.449569 -0.772057 -0.449239
-51.8207 81.7757 32.0591 0.465943 -0.722581 -0.510661
-50.5669 82.3054 32.2322 0.334344 -0.71874 -0.609612
-49.5808 82.6551 32.3535 0.254345 -0.740306 -0.622299
-47.7517 83.1383 32.4879 0.196216 -0.74183 -0.641239
-46.6196 83.288 32.4455 0.0742315 -0.770333 -0.633307
-45.4955 83.4183 32.4188 0.0253174 -0.755657 -0.654478
-44.3173 83.4544 32.3261 -0.0240673 -0.668245 -0.743552
-43.2532 83.4854 32.2638 -0.0992408 -0.675766 -0.730405
-41.5397 83.2983 31.9817 -0.236657 -0.649449 -0.722641
-40.3759 83.0975 31.7293 -0.264942 -0.647978 -0.714094
-39.8695 83.0118 31.6205 -0.258819 -0.645747 -0.718347
-40.4867 82.4102 32.3961 -0.275894 -0.638719 -0.718276
-42.1489 82.6571 32.7201 -0.206567 -0.647983 -0.733109
-43.3964 82.804 32.9461 -0.115735 -0.712772 -0.691781
-44.8129 82.7988 33.0677 -0.054218 -0.746555 -0.66311
-45.9741 82.7549 33.1631 -0.0236739 -0.738671 -0.67365
-47.0601 82.6243 33.2013 0.0742315 -0.770333 -0.633307
-48.0709 82.4472 33.1816 0.148985 -0.733951 -0.66266
-49.1261 82.174 33.1093 0.265738 -0.732802 -0.626406
-50.6862 81.6745 32.9383 0.308923 -0.761229 -0.570172
-51.9536 81.2254 32.8166 0.387806 -0.755387 -0.528201
-53.0598 80.6963 32.6743 0.4311 -0.783455 -0.447605
-54.404 80.0856 32.5192 0.406786 -0.812138 -0.418279
-55.3666 79.6161 32.4239 0.453496 -0.85262 -0.259579
-56.5615 79.0448 32.3409 0.431995 -0.883387 -0.181682
-56.5795 78.8258 33.2375 0.373755 -0.902731 -0.213036
-55.0993 79.4872 33.3143 0.386243 -0.86688 -0.315174
-53.5269 80.0787 33.4341 0.400699 -0.828909 -0.39032
-52.2006 80.5891 33.5453 0.359599 -0.803007 -0.475256
-50.8174 81.1158 33.6818 0.278097 -0.790835 -0.545199
-49.5014 81.4904 33.7889 0.264036 -0.789854 -0.553549
-48.48 81.7574 33.8714 0.166293 -0.778559 -0.605139
-47.2857 81.969 33.8878 0.148354 -0.760463 -0.632208
-45.5863 82.1383 33.8255 -0.0236739 -0.738671 -0.67365
-44.5569 82.175 33.7491 -0.0389513 -0.742716 -0.668473
-42.9106 82.0689 33.5188 -0.176586 -0.674894 -0.716474
-41.8416 81.934 33.3256 -0.222323 -0.680697 -0.698014
-40.9844 81.8072 33.1563 -0.265457 -0.668203 -0.695008
-41.3232 81.1677 33.8752 -0.242114 -0.665487 -0.706051
-42.3443 81.3288 34.0827 -0.238183 -0.73075 -0.639745
-43.5831 81.4733 34.2934 -0.194357 -0.741387 -0.642317
-44.7404 81.5638 34.4672 -0.0728116 -0.749744 -0.65771
-45.9305 81.5317 34.5558 -0.0266315 -0.770255 -0.637179
-47.0795 81.4517 34.615 0.0904392 -0.770527 -0.630958
-48.1025 81.2753 34.5946 0.147475 -0.785735 -0.600726
-49.2995 81.0242 34.5503 0.224814 -0.781402 -0.582125
-50.4125 80.7119 34.4563 0.271033 -0.787091 -0.554102
-51.9105 80.29 34.3761 0.3055 -0.83717 -0.453669
-53.273 79.7799 34.2651 0.380632 -0.825805 -0.416132
-54.4074 79.4161 34.2012 0.323166 -0.909243 -0.262377
-55.5684 79.0405 34.1571 0.328069 -0.921291 -0.208789
-56.0508 78.8439 34.1415 0.376129 -0.908098 -0.184075
-55.4845 78.8469 35.0324 0.278989 -0.931635 -0.232853
-54.513 79.1322 35.0549 0.301201 -0.920822 -0.247721
-53.552 79.4202 35.0949 0.269608 -0.91478 -0.300815
-52.2708 79.7264 35.125 0.221833 -0.886137 -0.40688
-51.2313 80.0434 35.1869 0.259578 -0.833117 -0.488401
-50.152 80.3172 35.242 0.228186 -0.834999 -0.500708
-48.7739 80.5997 35.2771 0.160179 -0.847496 -0.506057
-47.7747 80.7905 35.3092 0.166298 -0.778562 -0.605134
-46.4864 80.9056 35.2684 0.0330046 -0.75193 -0.658416
-45.3372 80.9671 35.2135 -0.072814 -0.749741 -0.657713
-44.1953 80.9092 35.0752 -0.118775 -0.726997 -0.67629
-43.0467 80.7997 34.9086 -0.20555 -0.734698 -0.646505
-41.984 80.6495 34.7227 -0.216701 -0.727872 -0.650571
-41.9226 80.6406 34.7114 -0.259525 -0.7332 -0.628542
-42.4277 80.0939 35.5103 -0.233971 -0.799946 -0.552579
-43.6335 80.2882 35.7204 -0.163844 -0.814364 -0.556747
-44.7556 80.3715 35.8538 -0.126093 -0.830646 -0.542335
-45.9515 80.4222 35.9786 -0.0155832 -0.834598 -0.550639
-47.0868 80.3603 36.0228 0.025824 -0.849525 -0.526916
-48.2786 80.2347 36.045 0.128787 -0.839026 -0.528629
-49.3731 80.0407 36.0235 0.189399 -0.839588 -0.509137
-51.0389 79.6444 35.956 0.158495 -0.899562 -0.407023
-52.5033 79.4024 35.9508 0.159529 -0.933443 -0.321302
-53.5779 79.139 35.9268 0.269607 -0.914779 -0.300818
-54.8142 78.8637 35.9132 0.289215 -0.940834 -0.176597
-53.9796 78.8674 36.776 0.180707 -0.961013 -0.209281
-52.9658 79.0707 36.7782 0.135826 -0.98174 -0.133186
-51.3338 79.3473 36.7835 0.175775 -0.941391 -0.287901
-50.164 79.4813 36.7662 0.0954931 -0.950882 -0.294455
-48.96 79.6671 36.78 0.128781 -0.839028 -0.528628
-47.7513 79.8134 36.7729 0.0971882 -0.829244 -0.550372
-46.5769 79.9216 36.7552 -0.0155833 -0.834598 -0.550639
-45.306 79.8977 36.6629 -0.0569515 -0.817584 -0.572985
-44.1501 79.8249 36.5502 -0.163844 -0.81436 -0.556752
-43.0778 79.6682 36.3906 -0.201285 -0.796531 -0.570107
-42.8993 79.6407 36.366 -0.217665 -0.798379 -0.561438
-43.4517 79.19 37.2098 -0.199523 -0.860906 -0.468007
-44.4894 79.355 37.3487 -0.216611 -0.866664 -0.449414
-45.6219 79.433 37.4441 -0.0784685 -0.909104 -0.409111
-46.6865 79.4874 37.5275 -0.0655336 -0.907788 -0.414278
-47.6985 79.4521 37.5612 0.0903928 -0.939715 -0.329796
-48.7783 79.3438 37.574 0.0631049 -0.946692 -0.315899
-49.9259 79.2542 37.5915 0.102054 -0.954332 -0.280777
-51.2409 79.113 37.6065 0.135746 -0.946914 -0.291424
-52.9184 78.9533 37.6303 0.0667535 -0.987935 -0.139743
-51.1678 78.9484 38.4459 0.0344391 -0.988322 -0.148439
-49.6031 79.0451 38.4194 0.0689535 -0.95411 -0.29141
-48.3016 79.1036 38.3891 0.0631116 -0.946692 -0.315897
-47.2881 79.1381 38.3578 -0.0525855 -0.906294 -0.419365
-45.5758 79.0663 38.2501 -0.101149 -0.898211 -0.427768
-44.5332 78.9646 38.1629 -0.178922 -0.880517 -0.43895
-44.448 78.9472 38.152 -0.233551 -0.87184 -0.430522
-45.9724 78.7476 39.0963 -0.155913 -0.940803 -0.300968
-47.3948 78.8576 39.1854 -0.0582396 -0.974438 -0.216977
-48.7378 78.8858 39.2426 0.0451154 -0.987002 -0.154248
-50.2625 78.8343 39.2761 0.00972925 -0.989701 -0.142817
-24.1252 98.9302 -1.56834 0.207672 -0.957955 -0.197974
-22.9544 99.153 -1.51681 0.183485 -0.968865 -0.166235
-21.6477 99.3414 -1.47461 0.125814 -0.976012 -0.177684
-20.1737 99.4824 -1.44462 0.0842616 -0.986151 -0.142851
-19.1189 99.583 -1.42615 0.0754937 -0.989837 -0.120509
-17.6062 99.6458 -1.41284 0.00460288 -0.99658 -0.0825024
-15.4898 99.5902 -2.27965 -0.0793046 -0.996352 -0.031509
-16.6193 99.6973 -2.28626 -0.0966184 -0.994553 -0.0391066
-17.7865 99.7096 -2.29319 0.0265061 -0.996631 -0.0776155
-19.1778 99.6844 -2.30364 0.027261 -0.993019 -0.114763
-20.321 99.6172 -2.31894 0.072129 -0.983841 -0.163872
-21.6213 99.4932 -2.3466 0.120225 -0.978645 -0.166734
-22.6644 99.377 -2.37485 0.145874 -0.970486 -0.192034
-23.6987 99.194 -2.41852 0.182492 -0.96164 -0.204807
-22.2591 99.5793 -3.23363 0.110934 -0.97913 -0.170288
-21.0343 99.7104 -3.20152 0.0660405 -0.985214 -0.158087
-19.4955 99.7717 -3.18472 0.0488097 -0.992054 -0.115958
-18.2293 99.7895 -3.17589 0.00569302 -0.99352 -0.113518
-17.1925 99.788 -3.17 -0.112188 -0.992214 -0.0540884
-15.2619 99.6001 -3.16642 -0.0879655 -0.995498 -0.0353094
-14.2533 99.4111 -3.15754 -0.19138 -0.980987 0.0322271
-13.2236 99.2085 -3.13808 -0.247874 -0.965996 0.0735597
-12.1057 98.8632 -3.0961 -0.297105 -0.947582 0.117549
-11.0611 98.5633 -3.04583 -0.305809 -0.939884 0.151982
-9.92622 98.1585 -2.95677 -0.367256 -0.91568 0.163255
-8.85428 97.7488 -2.84317 -0.415759 -0.88795 0.196697
-8.48022 97.561 -2.79026 -0.43196 -0.868018 0.24486
-8.18251 97.1649 -3.66922 -0.431958 -0.86802 0.244854
-9.49863 97.8288 -3.84405 -0.415755 -0.88795 0.196702
-10.6219 98.2338 -3.93068 -0.337801 -0.924501 0.176601
-11.56 98.5792 -3.98844 -0.360357 -0.92627 0.110303
-12.9041 99.0318 -4.03539 -0.310397 -0.949175 0.0521593
-13.9175 99.3248 -4.0563 -0.19275 -0.981051 0.0196433
-15.5043 99.6629 -4.06015 -0.161425 -0.986634 -0.0222555
-16.5177 99.7616 -4.05872 -0.0968672 -0.994326 -0.0439718
-17.7711 99.8755 -4.05542 -0.00617455 -0.996046 -0.0886295
-19.2112 99.8847 -4.05861 -0.000240769 -0.994878 -0.101084
-20.2183 99.8625 -4.0656 0.0227399 -0.988045 -0.152476
-21.1558 99.8422 -4.07382 0.0660414 -0.985215 -0.15808
-19.666 100.014 -4.93221 0.0254139 -0.986898 -0.159329
-18.5103 99.9661 -4.93689 -0.0613233 -0.987158 -0.147506
-17.0663 99.8868 -4.94461 -0.12747 -0.989763 -0.0641865
-16.0197 99.7526 -4.9535 -0.112188 -0.992214 -0.0540884
-14.9758 99.5411 -4.96145 -0.225228 -0.974306 -0.000433058
-13.4561 99.143 -4.96176 -0.288946 -0.955204 0.0639937
-12.0268 98.6547 -4.93606 -0.368517 -0.923326 0.108005
-10.4638 98.0576 -4.8639 -0.352164 -0.929141 0.112598
-9.4926 97.5995 -4.78166 -0.461524 -0.864585 0.198718
-8.07266 96.8658 -4.59954 -0.509438 -0.830563 0.225027
-9.18633 97.2236 -5.70577 -0.461526 -0.864582 0.198723
-10.1821 97.7236 -5.79021 -0.453157 -0.868033 0.2029
-11.17 98.2062 -5.84644 -0.360354 -0.92627 0.110309
-12.7464 98.8866 -5.88385 -0.400478 -0.914913 0.0505208
-13.8833 99.264 -5.87999 -0.340256 -0.940217 -0.0147439
-15.2047 99.6299 -5.86278 -0.221011 -0.974144 -0.0468817
-16.389 99.8864 -5.84077 -0.116556 -0.986508 -0.114963
-17.4787 100.013 -5.82438 -0.140613 -0.980794 -0.135172
-18.5227 100.097 -5.81036 -0.0572118 -0.985426 -0.160193
-18.6733 100.107 -5.80904 -0.0613233 -0.987158 -0.147506
-17.0406 100.081 -6.71329 -0.164526 -0.97408 -0.155243
-15.6867 99.8298 -6.75435 -0.26635 -0.960466 -0.0810071
-14.7183 99.5639 -6.78497 -0.243784 -0.967717 -0.0639717
-13.0459 98.9899 -6.82441 -0.395106 -0.91641 -0.0639092
-11.6591 98.3787 -6.82934 -0.392695 -0.919392 0.0225804
-11.4016 98.2689 -6.82352 -0.461129 -0.886057 0.0475779
-13.0928 99.0592 -7.78014 -0.459913 -0.886981 -0.041778
-14.0561 99.4251 -7.73437 -0.347499 -0.932289 -0.100413
-14.8359 99.7291 -7.68907 -0.309323 -0.941365 -0.134728
-14.8975 99.7449 -7.68701 -0.250749 -0.955752 -0.15383
