-27.3384 100.529 3.02759 0.313613 -0.913609 -0.258777
-26.6514 101.114 1.84262 0.328444 -0.90721 -0.262856
-26.0621 101.545 1.0963 0.332682 -0.908381 -0.2532
-25.4063 102.016 0.258819 0.32681 -0.909448 -0.2571
-24.7386 102.453 -0.490926 0.29227 -0.921206 -0.256485
-24.0636 102.868 -1.17429 0.291689 -0.917858 -0.269173
-23.3423 103.268 -1.83876 0.266199 -0.929219 -0.256302
-22.622 103.648 -2.45997 0.255044 -0.932844 -0.254112
-21.5108 104.145 -3.24447 0.237306 -0.937967 -0.252595
-20.4293 104.593 -4.02146 0.207713 -0.949157 -0.236552
-19.1794 105.041 -4.83465 0.16572 -0.958215 -0.233067
-18.3638 105.333 -5.42972 0.168416 -0.956402 -0.238604
-17.5868 105.6 -6.03504 0.115278 -0.967615 -0.223845
-16.4999 105.886 -6.81085 0.092418 -0.973349 -0.209355
-15.1729 106.143 -7.70211 0.0560673 -0.983459 -0.172233
-13.892 106.239 -8.504 -0.0847464 -0.979815 -0.181053
-12.4845 106.209 -9.20959 -0.186665 -0.968075 -0.162952
-11.0546 106.023 -10.1287 -0.287403 -0.944491 -0.138986
-10.1921 105.744 -10.6472 -0.374709 -0.919091 -0.12192
-8.91085 105.173 -11.2789 -0.508244 -0.854345 -0.108548
-7.80524 104.529 -11.5867 -0.544596 -0.833208 -0.0958131
-6.92842 103.963 -11.676 -0.570374 -0.817576 -0.0753419
-5.97879 103.264 -11.3664 -0.583018 -0.812124 -0.02336
-4.8354 102.492 -10.822 -0.545362 -0.838146 -0.00956086
-3.95858 101.923 -10.5488 -0.498805 -0.864142 0.0464866
-2.93826 101.314 -10.3972 -0.532095 -0.835154 0.139257
-2.06051 100.841 -9.88108 -0.526607 -0.837988 0.142867
-1.02327 100.348 -9.02419 -0.513155 -0.835225 0.192083
-1.58246 100.822 -8.5571 -0.505196 -0.829626 0.237692
-2.57508 101.389 -8.46024 -0.445443 -0.884901 0.135968
-3.5487 101.845 -8.67821 -0.459759 -0.88575 0.0637859
-4.55423 102.37 -8.64708 -0.498805 -0.864142 0.0464867
-5.62168 102.983 -8.54852 -0.477064 -0.878424 -0.0279683
-6.76854 103.601 -8.40468 -0.502081 -0.863123 -0.0429837
-7.71077 104.131 -8.2015 -0.495996 -0.863938 -0.087091
-8.62133 104.605 -7.9364 -0.462587 -0.878366 -0.118531
-9.66487 105.049 -7.42051 -0.373683 -0.918993 -0.12286
-10.6454 105.391 -6.79723 -0.325063 -0.934107 -0.130994
-11.7424 105.58 -6.10337 -0.253867 -0.960022 -0.0767862
-12.55 105.642 -5.46897 -0.0762827 -0.992264 -0.0979433
-13.7112 105.546 -4.4109 -0.0123362 -0.984922 -0.172556
-14.4898 105.37 -3.59532 0.0864499 -0.978665 -0.186225
-15.3574 105.128 -2.69311 0.0878319 -0.979999 -0.178573
-16.1139 104.827 -1.68178 0.137525 -0.968661 -0.205709
-16.9048 104.462 -0.621069 0.163702 -0.962487 -0.216379
-17.6092 104.147 0.244585 0.180394 -0.958696 -0.219222
-18.3543 103.832 0.964348 0.195329 -0.956586 -0.216307
-19.1322 103.545 1.52979 0.214616 -0.95153 -0.219369
-20.2075 103.168 2.0368 0.230616 -0.949595 -0.212333
-21.5051 102.679 2.58959 0.265149 -0.937946 -0.223501
-22.5439 102.263 2.92615 0.301333 -0.922386 -0.241667
-23.4777 101.89 3.19631 0.317457 -0.922705 -0.218314
-24.4278 101.465 3.49476 0.324726 -0.910587 -0.255704
-25.3203 101.07 3.76659 0.332057 -0.908261 -0.254441
-26.6871 100.533 3.83413 0.343164 -0.902927 -0.258768
-27.3139 100.393 3.5383 0.313115 -0.913634 -0.259291
-28.5045 100.218 2.71036 0.314116 -0.913581 -0.258265
-27.941 100.714 1.62738 0.313573 -0.914909 -0.254192
-27.2029 101.202 0.849758 0.328444 -0.907212 -0.262853
-26.1013 101.978 -0.459568 0.319482 -0.910439 -0.26274
-25.3066 102.514 -1.29654 0.302246 -0.912099 -0.276421
-24.6319 102.941 -2.02687 0.284327 -0.921194 -0.265489
-23.8535 103.385 -2.7734 0.265007 -0.928025 -0.261804
-22.552 104.011 -3.77169 0.245946 -0.932043 -0.265359
-21.642 104.445 -4.39466 0.216836 -0.93753 -0.26979
-20.8576 104.764 -5.00773 0.186865 -0.948639 -0.255276
-20.0164 105.061 -5.47187 0.178456 -0.946657 -0.268149
-18.7999 105.532 -6.44903 0.148276 -0.951828 -0.268398
-17.9841 105.793 -7.04333 0.107088 -0.966178 -0.233644
-17.0271 106.039 -7.70209 0.0880458 -0.966987 -0.239096
-15.5755 106.349 -8.68379 0.0105929 -0.96938 -0.245336
-14.5836 106.52 -9.3339 -0.0641135 -0.963347 -0.249848
-13.699 106.526 -9.82396 -0.136868 -0.956152 -0.258921
-12.6561 106.513 -10.445 -0.239889 -0.937896 -0.250338
-11.6279 106.406 -11.0694 -0.250651 -0.934393 -0.253148
-10.4244 106.054 -11.7319 -0.401829 -0.897842 -0.180036
-9.1412 105.489 -12.2889 -0.533687 -0.83054 -0.159317
-7.82207 104.639 -12.5923 -0.567802 -0.815894 -0.103181
-6.8968 104.046 -12.8135 -0.570374 -0.817576 -0.0753421
-5.97085 103.331 -12.4332 -0.616689 -0.78473 -0.0376219
-5.07627 102.631 -12.1264 -0.569346 -0.821036 0.0416007
-3.99688 101.898 -11.7416 -0.570634 -0.820319 0.038122
-3.02939 101.243 -11.4412 -0.532037 -0.841196 0.0965701
-2.09994 100.699 -11.0564 -0.567778 -0.812612 0.120854
-1.22387 100.151 -10.455 -0.585983 -0.785787 0.194413
-0.318182 99.6844 -9.74453 -0.582684 -0.779284 0.230643
0.351643 99.4669 -8.98881 -0.538171 -0.785487 0.305585
0.815496 99.5326 -8.00286 -0.538265 -0.785448 0.305521
0.100072 100.214 -7.36732 -0.465514 -0.813765 0.347969
-0.884806 100.716 -7.43563 -0.409845 -0.868619 0.276894
-1.8191 101.156 -7.45173 -0.451179 -0.882296 0.134129
-2.79162 101.661 -7.39967 -0.445443 -0.884901 0.135968
-3.77813 102.117 -7.61064 -0.43971 -0.887505 0.137806
-5.20504 102.704 -7.56314 -0.466493 -0.883209 -0.0456971
-6.37197 103.33 -7.44353 -0.476761 -0.877276 -0.0555495
-7.43454 103.87 -7.22959 -0.479197 -0.873871 -0.0786546
-8.55116 104.449 -6.88866 -0.452175 -0.886065 -0.102111
-9.67117 104.926 -6.28696 -0.386914 -0.916283 -0.103554
-10.5591 105.293 -5.67178 -0.323933 -0.941671 -0.00755755
-11.5827 105.479 -4.89391 -0.110714 -0.987686 -0.110538
-12.4703 105.538 -4.13416 -0.02701 -0.995213 -0.0367615
-13.8202 105.275 -2.76891 0.0790659 -0.980179 -0.181649
-14.4933 105.066 -1.94042 0.0730584 -0.985255 -0.151399
-15.3068 104.813 -0.946034 0.163063 -0.975976 -0.1445
-15.9055 104.551 -0.132889 0.182781 -0.964501 -0.190509
-16.6176 104.247 0.693263 0.18845 -0.96322 -0.191557
-17.4061 103.926 1.52237 0.201274 -0.959946 -0.194499
-18.1669 103.626 2.16302 0.213621 -0.957077 -0.195884
-19.0737 103.322 2.69585 0.232077 -0.954091 -0.187997
-20.2303 102.89 3.26134 0.268212 -0.941362 -0.204694
-21.8157 102.295 3.84228 0.294959 -0.931165 -0.213856
-22.7825 101.901 4.15315 0.326762 -0.917618 -0.226283
-24.022 101.377 4.45894 0.341107 -0.912829 -0.224476
-25.5341 100.687 4.8134 0.351816 -0.899154 -0.260025
-26.4995 100.277 4.96518 0.339835 -0.903102 -0.262516
-27.5511 99.8868 4.97704 0.316153 -0.906113 -0.281083
-28.5972 99.7284 4.31569 0.284672 -0.909537 -0.301102
-28.7107 100.003 3.22021 0.314115 -0.913582 -0.258262
-26.1617 100.961 3.02845 0.339383 -0.905931 -0.253195
-25.0668 101.339 3.13109 0.32473 -0.910586 -0.255704
-25.9081 101.3 2.16085 0.338574 -0.905254 -0.256677
-24.5905 101.746 2.28137 0.323609 -0.911996 -0.252072
-23.1432 102.206 2.39792 0.300124 -0.922589 -0.242394
-22.8845 102.285 2.41623 0.301335 -0.922385 -0.241668
-21.062 103.029 1.64957 0.265153 -0.937944 -0.223507
-22.3085 102.695 1.57117 0.283312 -0.930382 -0.232644
-23.2999 102.392 1.49682 0.29891 -0.922793 -0.243118
-24.5246 102.013 1.39802 0.325199 -0.911755 -0.250895
-25.4131 101.717 1.31666 0.326794 -0.911507 -0.249721
-24.8401 102.156 0.482792 0.326807 -0.909449 -0.257099
-23.7312 102.493 0.575172 0.299119 -0.923718 -0.239318
-22.1973 102.941 0.691988 0.268392 -0.93535 -0.230406
-20.9369 103.277 0.772899 0.249159 -0.941299 -0.227763
-19.4114 103.635 0.8538 0.233905 -0.946476 -0.222424
-19.2705 103.668 0.860727 0.21466 -0.951724 -0.219414
-18.4969 104.018 0.0125368 0.19709 -0.954905 -0.222065
-19.7166 103.77 -0.0420608 0.234092 -0.946474 -0.222234
-20.7405 103.53 -0.098865 0.234281 -0.94647 -0.222051
-22.2683 103.137 -0.198619 0.272808 -0.934809 -0.227394
-23.2362 102.872 -0.26946 0.285992 -0.929375 -0.23339
-24.1526 102.6 -0.344919 0.292858 -0.924552 -0.2438
-22.936 103.188 -1.12649 0.268421 -0.928955 -0.254937
-21.7765 103.503 -1.04097 0.249825 -0.937206 -0.243376
-20.7866 103.73 -0.981629 0.234583 -0.944843 -0.228567
-18.9771 104.128 -0.884761 0.201039 -0.954862 -0.218682
-17.8395 104.351 -0.835765 0.180423 -0.958842 -0.219249
-17.7686 104.363 -0.833319 0.1637 -0.962488 -0.216376
-16.8453 104.706 -1.67596 0.158903 -0.965718 -0.205278
-18.0272 104.517 -1.71657 0.180423 -0.958842 -0.219249
-19.1137 104.298 -1.76824 0.204988 -0.954791 -0.215302
-20.2666 104.063 -1.82692 0.219818 -0.949952 -0.221971
-21.2614 103.836 -1.88706 0.228845 -0.945155 -0.233049
-22.2649 103.609 -1.95086 0.249822 -0.937206 -0.243382
-20.8268 104.17 -2.72872 0.229526 -0.938278 -0.258751
-19.8444 104.374 -2.67381 0.20614 -0.945873 -0.25066
-18.747 104.595 -2.61767 0.203443 -0.945952 -0.252558
-17.2115 104.833 -2.56133 0.152605 -0.964895 -0.21375
-16.9076 104.881 -2.55112 0.158903 -0.965718 -0.205278
-15.7926 105.216 -3.387 0.0864446 -0.978695 -0.186235
-17.075 105.053 -3.4246 0.146288 -0.963965 -0.222198
-18.3863 104.857 -3.47334 0.167652 -0.960823 -0.220708
-19.4122 104.689 -3.51644 0.185417 -0.954855 -0.232103
-18.8243 104.989 -4.35943 0.163023 -0.960029 -0.227527
-17.1641 105.238 -4.29496 0.143819 -0.965528 -0.216962
-15.9443 105.382 -4.25899 0.0682836 -0.976582 -0.20402
-14.6507 105.483 -4.23295 0.0850638 -0.97733 -0.19388
-13.8826 105.668 -5.09347 0.0179186 -0.985534 -0.168526
-15.1353 105.619 -5.11148 0.0475461 -0.975073 -0.21673
-16.4893 105.527 -5.13708 0.106135 -0.971784 -0.210646
-17.2851 105.422 -5.16407 0.123369 -0.963077 -0.239298
-16.5377 105.709 -6.00527 0.0924273 -0.973455 -0.209386
-15.1185 105.812 -5.97683 0.0475462 -0.975073 -0.21673
-13.6869 105.799 -5.96935 -0.0692193 -0.987115 -0.144266
-12.8895 105.726 -5.97074 -0.090405 -0.984428 -0.150763
-11.5812 105.666 -6.86337 -0.267932 -0.949283 -0.164541
-12.584 105.824 -6.85881 -0.138195 -0.98444 -0.108534
-13.9861 105.936 -6.85125 -0.047999 -0.989311 -0.137698
-15.0642 105.999 -6.84531 -0.00755861 -0.982546 -0.185869
-15.4554 105.978 -6.8507 0.0668778 -0.979247 -0.19132
-14.0149 106.103 -7.73131 -0.0711525 -0.977471 -0.198717
-12.3349 105.9 -7.75855 -0.159976 -0.968702 -0.1898
-11.2977 105.745 -7.77728 -0.203609 -0.969434 -0.136897
-10.3023 105.366 -7.81648 -0.36516 -0.919064 -0.148254
-10.0122 105.253 -7.82685 -0.365162 -0.919063 -0.148258
-10.3203 105.668 -9.69555 -0.361452 -0.921536 -0.141861
-8.94655 105.016 -9.79565 -0.513184 -0.852564 -0.0988773
-7.98593 104.45 -9.86842 -0.501877 -0.860787 -0.0846537
-7.04339 103.876 -9.91845 -0.527099 -0.847823 -0.0579985
-6.04987 103.26 -9.94971 -0.502356 -0.863591 -0.0430012
-5.85322 103.154 -9.95222 -0.507978 -0.86137 0.000615383
-6.41799 103.568 -10.9652 -0.583018 -0.812124 -0.02336
-7.37409 104.169 -10.914 -0.535612 -0.839937 -0.0873248
-8.52108 104.883 -10.8197 -0.508244 -0.854345 -0.108548
-7.24219 103.931 -8.91187 -0.511686 -0.856258 -0.0707106
-8.19018 104.471 -8.87178 -0.501875 -0.860787 -0.0846602
-9.05169 104.976 -8.81814 -0.490581 -0.864362 -0.110495
-10.0309 105.412 -8.76686 -0.363307 -0.920307 -0.145062
-11.1645 105.847 -8.7044 -0.288277 -0.947346 -0.1394
-12.0865 106.037 -8.66952 -0.15998 -0.968701 -0.1898
-3.31292 101.634 -9.91006 -0.496767 -0.861906 0.101693
