-16.3594 109.071 -2.00316 0.214616 -0.934741 -0.283194
-15.0216 109.477 -2.41216 0.179554 -0.945859 -0.270389
-14.0772 109.844 -3.0694 0.179925 -0.945151 -0.272602
-13.1564 110.185 -3.75039 0.147175 -0.953762 -0.262064
-11.9522 110.617 -4.75452 0.114451 -0.96478 -0.236857
-11.0479 111.013 -6.02936 0.0922901 -0.971819 -0.216911
-10.4182 111.262 -7.03746 0.0160629 -0.986381 -0.162818
-10.3187 111.402 -7.87787 0.0160629 -0.986381 -0.162818
-11.2688 111.269 -7.25114 0.0328147 -0.986434 -0.160844
-12.0356 111.04 -6.4865 0.0896287 -0.964512 -0.248141
-13.0969 110.692 -5.55788 0.0994639 -0.964146 -0.246028
-14.1902 110.328 -4.86932 0.150747 -0.952198 -0.265637
-15.029 109.972 -4.13376 0.180301 -0.944443 -0.274805
-15.7242 109.63 -3.41445 0.17993 -0.945151 -0.272597
-16.2 109.323 -2.71368 0.214613 -0.934743 -0.283192
-17.2601 109.396 -3.61904 0.182508 -0.930591 -0.317319
-16.5316 109.802 -4.47498 0.174258 -0.94146 -0.288506
-15.8263 110.131 -5.14721 0.16771 -0.943364 -0.286247
-15.0684 110.467 -5.74931 0.149355 -0.941888 -0.299884
-14.2188 110.783 -6.40815 0.124055 -0.950813 -0.283671
-13.035 111.172 -7.35167 0.0865752 -0.960474 -0.264566
-12.2458 111.438 -8.07129 0.0329677 -0.965717 -0.251891
-11.33 111.604 -8.80766 -0.0197408 -0.969564 -0.244039
-10.5019 111.739 -9.48142 -0.11068 -0.969369 -0.200985
-9.54237 111.702 -10.337 -0.204308 -0.967484 -0.145334
-8.48095 111.407 -11.5531 -0.382314 -0.923682 -0.0254493
-7.71546 111.163 -12.4114 -0.436447 -0.894919 -0.0605558
-6.99413 110.78 -13.1356 -0.496309 -0.867419 -0.0355189
-6.24339 110.401 -13.7346 -0.523045 -0.849408 -0.0557968
-4.98331 109.591 -14.4907 -0.556853 -0.829649 -0.0399735
-4.2088 109.066 -14.9339 -0.566785 -0.823781 -0.0117937
-2.7513 108.039 -15.3524 -0.598934 -0.800627 -0.00122423
-1.9572 107.428 -15.417 -0.610506 -0.791959 -0.0091453
-1.01759 106.605 -15.3881 -0.649555 -0.745448 0.0900649
-0.0782809 105.875 -15.5247 -0.586629 -0.789206 0.181715
1.08244 105.104 -15.5161 -0.535979 -0.821382 0.194576
2.08549 104.541 -15.4419 -0.435827 -0.875572 0.208394
3.41024 103.879 -15.3343 -0.416913 -0.869785 0.263927
4.31605 103.562 -14.8291 -0.456372 -0.83134 0.316778
4.02245 104.113 -13.7773 -0.431914 -0.845105 0.314391
2.75392 104.893 -13.2374 -0.374862 -0.877853 0.298081
1.3087 105.502 -13.0513 -0.370174 -0.913077 0.16766
0.381086 106.008 -12.7432 -0.513762 -0.855741 0.0612882
-0.621315 106.623 -12.5589 -0.512361 -0.856615 0.0607806
-1.9417 107.511 -12.2983 -0.574811 -0.818157 0.0145474
-2.84262 108.179 -11.8949 -0.577029 -0.815755 0.0346475
-3.64884 108.76 -11.2973 -0.549302 -0.834626 0.0367201
-4.48022 109.297 -11.0332 -0.5358 -0.843828 0.0295288
-5.44024 109.915 -10.4534 -0.512452 -0.85826 0.0142573
-6.17843 110.341 -9.8248 -0.491845 -0.870594 0.0124625
-6.97335 110.85 -9.10645 -0.234182 -0.968869 0.0803243
-7.54932 111.074 -8.3144 -0.20227 -0.968967 0.0952677
-8.28206 111.191 -7.22892 -0.152724 -0.988187 -0.0046053
-9.09989 111.151 -6.29387 0.0060745 -0.989558 -0.14401
-9.76031 110.984 -5.40883 0.0803557 -0.972107 -0.220342
-10.6135 110.701 -4.38408 0.111857 -0.972703 -0.20024
-11.29 110.415 -3.55911 0.140008 -0.965272 -0.22056
-12.0416 110.127 -2.79706 0.161248 -0.96204 -0.22018
-13.1865 109.703 -1.82204 0.167289 -0.958826 -0.229492
-14.0899 109.352 -1.20027 0.207811 -0.945073 -0.252049
-15.0483 109.017 -0.773741 0.221849 -0.937674 -0.267489
-16.277 108.658 -0.538135 0.223351 -0.937098 -0.268252
-17.3843 108.408 -0.593022 0.229806 -0.936068 -0.266393
-18.1605 108.486 -1.50939 0.234467 -0.928399 -0.288253
-17.7974 109.019 -2.82195 0.206615 -0.920368 -0.330709
-17.7027 109.103 -3.01443 0.182508 -0.930589 -0.317324
-9.34867 111.362 -8.09711 -0.162826 -0.986655 -0.000536196
-8.53228 111.336 -9.26746 -0.166096 -0.97409 -0.153494
-9.01417 111.307 -8.45529 -0.162826 -0.986655 -0.00053623
-7.81731 111.119 -10.1263 -0.363827 -0.931454 -0.00495776
-6.42802 110.441 -11.2466 -0.47663 -0.878465 0.0334989
-5.67322 110.031 -11.8577 -0.505843 -0.861525 0.0110168
-5.10957 109.64 -12.8807 -0.540298 -0.841128 0.0241339
-4.12678 109.02 -12.5278 -0.549304 -0.834625 0.036715
-3.61703 108.656 -13.5821 -0.566039 -0.824376 0.00220085
-2.65089 107.993 -13.5114 -0.585807 -0.809861 0.0143536
-1.87104 107.394 -13.8281 -0.571459 -0.818895 0.053335
-0.999195 106.774 -13.9937 -0.577703 -0.814309 0.0562187
-1.85832 107.372 -14.0261 -0.588517 -0.807121 0.0399206
-2.843 108.123 -13.9799 -0.585807 -0.809861 0.0143534
-3.66549 108.689 -13.7045 -0.566198 -0.824267 0.0020569
-4.33475 109.15 -13.0843 -0.551008 -0.834243 -0.00593604
-5.83858 110.121 -12.4313 -0.505842 -0.861526 0.0110094
-6.55293 110.501 -11.6815 -0.471388 -0.881923 -0.0021074
-7.25054 110.901 -10.8675 -0.42023 -0.904959 0.014269
-7.32903 110.931 -10.771 -0.363829 -0.931452 -0.00496084
