-48.4341 104.666 -28.7055 -0.319624 -0.841725 0.434575
-47.4788 103.814 -29.5937 -0.301592 -0.833287 0.463018
-46.606 103.283 -30.0145 -0.292275 -0.833229 0.469282
-45.5767 102.634 -30.5015 -0.304346 -0.815041 0.492423
-44.8204 102.033 -31.0124 -0.283692 -0.811436 0.510971
-44.0068 101.144 -31.8895 -0.317614 -0.765255 0.559916
-43.3913 100.301 -32.7534 -0.242607 -0.758615 0.604686
-42.8982 99.3967 -33.742 -0.191097 -0.794231 0.576739
-42.596 98.7677 -34.5196 -0.192306 -0.798168 0.570918
-42.3233 98.1581 -35.2893 -0.177844 -0.810408 0.558145
-42.0832 97.4641 -36.2392 -0.179032 -0.8154 0.550518
-41.8028 96.841 -37.0709 -0.176108 -0.816514 0.5498
-41.5907 96.2105 -38.0072 -0.194042 -0.83663 0.512248
-41.1898 95.643 -38.7845 -0.181006 -0.848239 0.497723
-40.6674 96.0212 -37.9666 -0.18178 -0.830932 0.525499
-40.1721 96.8029 -36.6134 -0.171352 -0.821431 0.543917
-39.7371 97.46 -35.5339 -0.153037 -0.812574 0.562408
-39.4047 97.9962 -34.6671 -0.14995 -0.813198 0.562327
-39.1692 98.6225 -33.7033 -0.147055 -0.812632 0.563918
-39.0899 99.4245 -32.5397 -0.15225 -0.806512 0.571241
-38.9501 100.088 -31.5303 -0.171808 -0.818022 0.548927
-38.9558 100.853 -30.3742 -0.174198 -0.83289 0.525203
-39.1479 101.542 -29.3313 -0.181643 -0.83568 0.518309
-39.481 102.303 -28.1338 -0.176167 -0.854602 0.488448
-40.1134 102.982 -27.0992 -0.211682 -0.865976 0.452931
-40.656 103.576 -26.1817 -0.243278 -0.886881 0.392757
-41.3052 104.09 -25.2117 -0.173801 -0.933417 0.313888
-42.2496 104.627 -24.2528 -0.242371 -0.926256 0.288628
-43.6233 105.173 -23.4664 -0.247402 -0.955047 0.16333
-44.784 105.441 -23.5709 -0.261333 -0.934412 0.239069
-45.4891 105.459 -24.3827 -0.297754 -0.924571 0.237722
-46.1028 105.401 -25.237 -0.269957 -0.923458 0.27267
-47.0894 105.247 -26.4176 -0.298536 -0.881505 0.365822
-47.7702 105.141 -27.2293 -0.291644 -0.869014 0.398134
-48.3789 104.719 -28.5526 -0.325633 -0.849601 0.414899
-49.3467 105.286 -28.1759 -0.338666 -0.838996 0.425899
-49.6766 104.935 -29.0822 -0.329755 -0.825534 0.457894
-49.1732 104.275 -29.9321 -0.318869 -0.832297 0.453403
-48.3171 103.723 -30.3365 -0.317795 -0.828927 0.460312
-47.4609 103.195 -30.6964 -0.301594 -0.833285 0.463021
-46.4013 102.533 -31.1574 -0.309541 -0.801266 0.512013
-45.5053 101.819 -31.7323 -0.296616 -0.80635 0.511492
-44.8192 101.099 -32.411 -0.317616 -0.765253 0.559918
-44.2867 100.335 -33.0526 -0.221997 -0.757428 0.61402
-43.7248 99.2386 -34.2034 -0.187642 -0.77649 0.600118
-43.3752 98.5577 -35.0335 -0.152688 -0.794688 0.587502
-43.0909 97.8049 -35.993 -0.141762 -0.805853 0.574654
-42.8108 97.0672 -36.9829 -0.136865 -0.826362 0.545474
-42.6282 96.4206 -37.9733 -0.14634 -0.840458 0.521742
-42.4743 95.8336 -38.8944 -0.135891 -0.846123 0.515373
-41.808 95.17 -39.8175 -0.182677 -0.849013 0.495789
-40.8064 94.7305 -40.2111 -0.198617 -0.85662 0.47616
-40.1268 95.0561 -39.366 -0.198186 -0.847457 0.492302
-39.7054 95.5763 -38.3186 -0.206223 -0.840784 0.500553
-39.2696 96.371 -36.958 -0.19108 -0.8188 0.541346
-38.6953 97.2528 -35.5444 -0.156958 -0.811116 0.563432
-38.2167 98.0883 -34.221 -0.150654 -0.811213 0.56501
-38.0635 98.7711 -33.2106 -0.137862 -0.809378 0.570877
-37.9794 99.4279 -32.2603 -0.138578 -0.808918 0.571356
-37.8771 100.023 -31.3416 -0.139287 -0.824801 0.547998
-37.944 100.713 -30.3105 -0.136376 -0.836001 0.531226
-38.1396 101.42 -29.2071 -0.12852 -0.845414 0.518418
-38.4176 102.097 -28.1014 -0.180633 -0.856058 0.48429
-38.901 102.726 -27.1342 -0.154149 -0.875015 0.458897
-39.6814 103.474 -25.808 -0.199531 -0.896703 0.392555
-40.4569 104.128 -24.6282 -0.177777 -0.945262 0.269763
-41.3698 104.528 -23.6643 -0.225668 -0.944257 0.235093
-42.0905 104.889 -22.9599 -0.218298 -0.961802 0.165177
-43.299 105.281 -22.3728 -0.22628 -0.963965 0.134312
-44.4988 105.611 -22.3063 -0.25757 -0.949991 0.176561
-45.9668 105.866 -23.3446 -0.296259 -0.942947 0.151926
-46.8261 105.814 -24.5546 -0.269957 -0.923457 0.272674
-47.5486 105.776 -25.5921 -0.338546 -0.87451 0.344777
-48.1907 105.678 -26.3713 -0.334719 -0.86053 0.383993
-48.8188 105.539 -27.2548 -0.344612 -0.858657 0.379409
-49.2527 105.363 -27.9496 -0.339447 -0.838878 0.42551
-47.6992 104.689 -28.0818 -0.305269 -0.85327 0.422778
-46.7186 104.426 -27.9555 -0.284755 -0.85652 0.43045
-45.3698 104.065 -27.7838 -0.263832 -0.853408 0.44954
-44.1565 103.771 -27.6463 -0.258574 -0.85226 0.454744
-43.1655 103.551 -27.5403 -0.234885 -0.860218 0.452607
-42.1866 103.34 -27.4406 -0.231538 -0.859438 0.455803
-41.2652 103.144 -27.3453 -0.219793 -0.860821 0.458997
-41.5624 103.626 -26.5841 -0.225669 -0.860145 0.457411
-42.605 103.853 -26.6844 -0.231036 -0.85975 0.455469
-43.7331 104.099 -26.7926 -0.224694 -0.886185 0.405202
-44.731 104.326 -26.8925 -0.24239 -0.897867 0.367535
-46.0632 104.645 -27.0307 -0.287299 -0.882281 0.37288
-46.9873 104.909 -27.1491 -0.298536 -0.881505 0.365822
-46.2613 105.065 -26.1983 -0.276004 -0.882905 0.37987
-45.2416 104.794 -26.0872 -0.259247 -0.890554 0.37377
-43.4816 104.385 -25.9228 -0.243796 -0.897876 0.366582
-42.3412 104.141 -25.828 -0.235798 -0.913718 0.330936
-41.6128 103.963 -25.7587 -0.213978 -0.925944 0.311192
-42.2278 104.4 -24.9654 -0.248099 -0.921654 0.298331
-43.5251 104.715 -25.0763 -0.257384 -0.922395 0.287996
-44.7301 105.018 -25.1828 -0.241261 -0.933768 0.264329
-44.9102 105.063 -25.1978 -0.28393 -0.924244 0.255259
-47.6093 104.246 -28.9069 -0.315708 -0.831396 0.457284
-46.428 103.914 -28.7422 -0.297967 -0.84523 0.443624
-45.272 103.614 -28.592 -0.269069 -0.854513 0.444308
-43.7488 103.252 -28.4092 -0.246274 -0.847391 0.470401
-42.4144 102.961 -28.2613 -0.225824 -0.853664 0.46932
-41.2468 102.718 -28.1363 -0.225668 -0.860148 0.457405
-40.2014 102.522 -28.035 -0.203571 -0.871133 0.446863
-40.5624 102.142 -28.8467 -0.203034 -0.843334 0.497559
-41.9418 102.411 -28.992 -0.249125 -0.822973 0.510541
-43.1616 102.677 -29.1369 -0.236061 -0.850581 0.46988
-44.5901 102.992 -29.3064 -0.242135 -0.845877 0.47525
-45.9773 103.352 -29.4963 -0.293329 -0.828057 0.477785
-46.2654 103.431 -29.5391 -0.292287 -0.833262 0.469301
-45.0924 102.651 -30.1707 -0.264895 -0.836823 0.479123
-43.9216 102.377 -30.0131 -0.268805 -0.80571 0.527802
-42.5369 102.067 -29.8365 -0.236338 -0.817809 0.524721
-41.1191 101.777 -29.6699 -0.193837 -0.841232 0.504733
-39.9791 101.582 -29.5583 -0.198436 -0.842299 0.501154
-39.8827 101.566 -29.5495 -0.176695 -0.844524 0.505527
-39.868 101.083 -30.3021 -0.166757 -0.830101 0.532095
-40.9835 101.274 -30.4178 -0.205358 -0.819632 0.534819
-42.4391 101.556 -30.5886 -0.242928 -0.806992 0.538284
-43.6233 101.802 -30.7382 -0.25261 -0.811884 0.52634
-43.3773 101.243 -31.4637 -0.243595 -0.793327 0.557936
-42.1442 100.975 -31.2926 -0.24944 -0.795895 0.551663
-40.4651 100.691 -31.1124 -0.198852 -0.816597 0.541875
-39.4764 100.542 -31.0192 -0.171809 -0.818022 0.548927
-39.5313 100.052 -31.767 -0.164286 -0.814633 0.556222
-41.3466 100.328 -31.9476 -0.203058 -0.798727 0.566394
-42.4062 100.517 -32.0722 -0.24359 -0.793328 0.557938
-43.0756 100.652 -32.165 -0.237723 -0.790698 0.564167
-42.727 100.026 -32.832 -0.216363 -0.774868 0.593941
-41.3299 99.7991 -32.6755 -0.19713 -0.790222 0.580249
-39.8834 99.5852 -32.5322 -0.157284 -0.803629 0.57397
-39.6775 99.558 -32.5138 -0.157281 -0.803631 0.573968
-39.6923 99.0392 -33.2442 -0.152252 -0.806529 0.571253
-41.0776 99.2325 -33.3763 -0.173321 -0.804787 0.567695
-42.3954 99.4387 -33.5211 -0.189888 -0.790293 0.582563
-41.9906 98.8481 -34.2033 -0.184495 -0.801825 0.568365
-40.7472 98.6678 -34.0764 -0.173366 -0.805136 0.567187
-39.8846 98.5498 -33.9945 -0.149947 -0.813206 0.562327
-40.3428 98.0995 -34.7729 -0.152837 -0.813771 0.560729
-41.5697 98.2712 -34.893 -0.176668 -0.805414 0.565772
-41.6659 97.7771 -35.64 -0.179031 -0.8154 0.550519
-40.7634 97.6439 -35.5475 -0.163119 -0.815165 0.555787
-40.6137 97.123 -36.2759 -0.173183 -0.817628 0.549083
-41.3291 97.2268 -36.347 -0.173184 -0.817628 0.549082
-41.4733 97.2479 -36.361 -0.176109 -0.816518 0.549803
