-47.9956 105.808 -30.5005 -0.318919 -0.826978 0.463031
-47.2691 105.149 -31.1712 -0.321733 -0.824274 0.465897
-46.4608 104.643 -31.5159 -0.303451 -0.826286 0.474478
-45.5371 104.053 -31.9378 -0.304259 -0.820636 0.483676
-44.7349 103.495 -32.3774 -0.301924 -0.817647 0.490197
-43.9517 102.832 -32.9547 -0.266715 -0.802296 0.534026
-43.3413 102.244 -33.534 -0.26127 -0.806013 0.531063
-42.8067 101.544 -34.2894 -0.255181 -0.785783 0.563408
-42.3653 100.731 -35.2598 -0.23735 -0.800008 0.551047
-42.0326 100.026 -36.1495 -0.222873 -0.809035 0.543858
-41.5781 99.2209 -37.1539 -0.209487 -0.814465 0.540839
-41.2611 98.6469 -37.9271 -0.195182 -0.824832 0.530619
-40.9713 97.9118 -39.0019 -0.198384 -0.845295 0.496031
-40.6935 97.3672 -39.8095 -0.206407 -0.842698 0.497249
-40.0925 97.5942 -39.1753 -0.201065 -0.841045 0.502157
-39.7535 98.145 -38.1328 -0.200971 -0.829835 0.52028
-39.4972 98.9375 -36.8202 -0.202038 -0.81863 0.537608
-39.3956 99.4782 -35.9623 -0.202254 -0.817552 0.539168
-39.3152 100.072 -35.032 -0.200486 -0.814394 0.544578
-39.2556 100.671 -34.1151 -0.183572 -0.815654 0.548644
-39.2833 101.522 -32.8446 -0.195181 -0.818258 0.540573
-39.4332 102.168 -31.9352 -0.20684 -0.822822 0.52901
-39.9012 103.042 -30.7096 -0.213112 -0.829665 0.515951
-40.3243 103.612 -29.9394 -0.222059 -0.843806 0.48855
-40.8125 104.161 -29.2137 -0.226143 -0.84176 0.49018
-41.4242 104.659 -28.5742 -0.227338 -0.869855 0.437801
-42.1574 105.134 -28.0122 -0.244465 -0.865302 0.437236
-43.0454 105.621 -27.5621 -0.253684 -0.867502 0.427884
-43.9924 105.952 -27.4534 -0.268297 -0.864999 0.423742
-45.3425 106.182 -27.8787 -0.276937 -0.866418 0.415482
-46.1712 106.215 -28.4366 -0.312868 -0.859089 0.405068
-47.056 106.124 -29.239 -0.326014 -0.838103 0.437377
-47.9404 105.861 -30.3692 -0.318919 -0.826979 0.463031
-48.9307 106.49 -29.9877 -0.354773 -0.818359 0.451578
-49.4234 105.938 -31.3041 -0.346989 -0.808474 0.475294
-48.5854 105.215 -31.9499 -0.331927 -0.813141 0.478148
-47.716 104.773 -32.1248 -0.316581 -0.821404 0.474418
-46.6586 104.161 -32.4489 -0.311889 -0.815149 0.487994
-45.9089 103.611 -32.9071 -0.301927 -0.817646 0.490196
-45.1676 103.034 -33.4094 -0.302358 -0.816804 0.491335
-44.4288 102.379 -33.9901 -0.330634 -0.802227 0.497104
-43.7342 101.454 -34.8461 -0.26311 -0.786255 0.559085
-43.1769 100.407 -36.0506 -0.216262 -0.799561 0.560296
-42.8125 99.6881 -36.9605 -0.219046 -0.807104 0.548273
-42.3649 98.7732 -38.1358 -0.206085 -0.817655 0.537353
-42.1265 97.9917 -39.3094 -0.19036 -0.847893 0.494814
-41.6955 97.2278 -40.4649 -0.202605 -0.858191 0.471535
-41.4032 96.6492 -41.4084 -0.224412 -0.857057 0.46378
-40.5657 96.2592 -41.724 -0.223929 -0.857427 0.46333
-39.774 96.3642 -41.1421 -0.239514 -0.844543 0.478645
-39.3002 96.8681 -40.0443 -0.247395 -0.83564 0.49041
-38.976 97.4271 -38.995 -0.218793 -0.83031 0.512525
-38.6209 97.856 -38.1417 -0.20944 -0.826249 0.522649
-38.42 98.689 -36.7942 -0.19991 -0.819134 0.537628
-38.2235 99.3342 -35.7596 -0.185446 -0.817139 0.545796
-38.1242 100.23 -34.3914 -0.185628 -0.814052 0.550329
-37.871 100.892 -33.323 -0.184358 -0.819417 0.542695
-38.1727 101.579 -32.3735 -0.176012 -0.820164 0.544245
-38.4024 102.262 -31.3877 -0.18161 -0.833449 0.52182
-38.795 102.941 -30.455 -0.18968 -0.829975 0.52456
-39.6289 103.977 -29.049 -0.194035 -0.840823 0.505339
-40.2289 104.544 -28.2257 -0.206729 -0.868815 0.449883
-40.9703 105.074 -27.5556 -0.211268 -0.866765 0.451757
-41.7987 105.51 -27.0736 -0.196008 -0.886337 0.419106
-42.5847 105.911 -26.5474 -0.228961 -0.890963 0.388434
-43.5689 106.326 -26.2855 -0.277279 -0.888687 0.365174
-44.9122 106.653 -26.5153 -0.284797 -0.889157 0.358177
-46.0335 106.795 -27.1204 -0.332426 -0.858496 0.389101
-46.9268 106.793 -27.8269 -0.329254 -0.846036 0.419302
-47.6877 106.735 -28.5442 -0.328766 -0.835891 0.439544
-48.3311 106.627 -29.2305 -0.342205 -0.832384 0.435689
-47.0049 105.543 -30.2916 -0.320321 -0.825628 0.464469
-46.0281 105.267 -30.14 -0.303862 -0.834407 0.459818
-44.6784 104.898 -29.9401 -0.272345 -0.844268 0.461562
-43.6276 104.635 -29.7965 -0.274283 -0.842871 0.462966
-42.6404 104.411 -29.6733 -0.250554 -0.84335 0.475378
-41.7477 104.213 -29.5633 -0.230226 -0.839714 0.49181
-41.4852 103.698 -30.3183 -0.226145 -0.84177 0.490186
-43.2216 104.087 -30.5422 -0.262106 -0.822281 0.505128
-44.3624 104.362 -30.6995 -0.266648 -0.827952 0.49335
-45.7253 104.725 -30.9033 -0.303457 -0.826302 0.474488
-45.9713 104.792 -30.9409 -0.29988 -0.829791 0.470658
-45.1336 104.092 -31.6116 -0.30702 -0.822783 0.478296
-43.932 103.787 -31.4323 -0.271024 -0.825426 0.495194
-42.7571 103.498 -31.2598 -0.26211 -0.822275 0.505135
-41.6107 103.25 -31.1112 -0.240795 -0.827103 0.507856
-41.0834 103.142 -31.0471 -0.217754 -0.827016 0.518293
-40.6965 102.585 -31.7731 -0.213112 -0.829677 0.515965
-41.7146 102.794 -31.9022 -0.239055 -0.825313 0.511578
-42.7811 103.025 -32.0448 -0.278218 -0.815964 0.506751
-43.5218 103.207 -32.158 -0.278221 -0.815964 0.50675
-42.7564 102.527 -32.8157 -0.261278 -0.806035 0.531076
-41.429 102.241 -32.6315 -0.246401 -0.80813 0.534989
-40.377 102.03 -32.4974 -0.215931 -0.815757 0.536576
-40.1022 101.981 -32.467 -0.205218 -0.813334 0.544401
-40.5781 101.576 -33.2866 -0.226604 -0.818033 0.528652
-41.6689 101.788 -33.4252 -0.236519 -0.813136 0.531854
-42.547 101.981 -33.5524 -0.255829 -0.809729 0.5281
-41.7147 101.282 -34.1831 -0.237169 -0.798752 0.552944
-40.3032 101.006 -33.9995 -0.225606 -0.7975 0.55955
-40.2207 100.99 -33.9891 -0.213297 -0.806402 0.551561
-40.0837 100.463 -34.7296 -0.200926 -0.815068 0.543409
-41.8769 100.797 -34.9539 -0.237351 -0.800007 0.551048
-41.6243 100.234 -35.6693 -0.223006 -0.810653 0.541397
-40.2662 99.9887 -35.5046 -0.200043 -0.813723 0.545745
-39.9798 99.94 -35.4722 -0.200044 -0.813723 0.545745
-39.987 99.4437 -36.2315 -0.194014 -0.821038 0.536894
-41.0342 99.617 -36.3469 -0.209518 -0.814568 0.540907
-40.9516 99.1086 -37.0967 -0.196234 -0.821511 0.535362
-40.0845 98.964 -37.0014 -0.200701 -0.822576 0.532061
-40.4066 98.5268 -37.7981 -0.206204 -0.820288 0.533486
-40.4698 98.538 -37.8053 -0.200697 -0.822577 0.53206
-42.2333 104.748 -28.8173 -0.244503 -0.865434 0.437312
-43.3997 105.028 -28.9643 -0.25408 -0.853577 0.454807
-44.4652 105.287 -29.0998 -0.270408 -0.845655 0.46016
-45.993 105.696 -29.3138 -0.305145 -0.841079 0.446623
-46.1064 105.728 -29.3304 -0.302483 -0.843247 0.444341
-45.091 105.871 -28.3602 -0.279929 -0.864463 0.417545
-44.0775 105.603 -28.227 -0.282919 -0.86249 0.419605
-43.8519 105.544 -28.1966 -0.268334 -0.865098 0.423795
-43.3251 105.421 -28.1342 -0.253683 -0.867503 0.427883
