29.1177 49.4282 0.431227 0.0133445 -0.999911 -8.41997e-05
29.0765 49.4283 -0.809507 0.0139417 -0.999903 -0.000235464
28.8166 49.4247 -1.86814 0.0143583 -0.999897 -0.000148246
28.3083 49.4173 -1.53032 0.0142867 -0.999898 -1.93465e-05
28.2347 49.4164 -0.155807 0.0144435 -0.999896 7.4584e-05
28.2582 49.4171 0.828372 0.0130948 -0.999914 0.00101378
28.2304 49.4188 2.01434 0.0129587 -0.999914 0.00180139
28.9909 49.4277 1.40838 0.0131779 -0.999912 0.00160797
29.0901 49.4279 0.718927 0.0130994 -0.999914 0.00101143
29.8406 49.4384 0.503103 0.0152236 -0.999884 0.000129015
29.8175 49.4388 -0.527684 0.0156597 -0.999875 -0.00165653
29.7671 49.4398 -1.78658 0.0172363 -0.999851 -0.000295319
29.3349 49.4339 -2.84513 0.0166824 -0.999857 -0.00257284
28.3624 49.4183 -2.94096 0.0159979 -0.999872 -9.10417e-05
27.5578 49.4057 -2.09955 0.0160494 -0.999871 0.000391106
27.4894 49.4054 -1.11957 0.0146719 -0.999892 3.96054e-05
27.4283 49.4056 0.389278 0.0142575 -0.999897 0.00136675
27.3916 49.4067 1.46744 0.0137988 -0.999902 0.00215639
27.6291 49.4126 2.71514 0.0138126 -0.999903 0.00196866
28.5061 49.4249 3.05781 0.0118736 -0.999927 0.00187894
29.645 49.438 2.64136 0.0140762 -0.999901 0.000155173
29.827 49.4398 1.65686 0.0142579 -0.999896 0.00195313
29.8393 49.4391 1.16276 0.0149311 -0.999887 0.00146125
30.5997 49.4509 1.14376 0.0153199 -0.999882 0.000939519
30.5951 49.4503 2.3664 0.0127346 -0.999917 -0.00171945
30.3748 49.4474 3.5113 0.0126036 -0.99992 0.00127957
29.121 49.4325 3.83152 0.0112874 -0.999935 0.00138399
27.9504 49.4189 3.8494 0.0135984 -0.999907 0.000775636
26.8823 49.4036 3.43945 0.0137374 -0.999905 0.00111699
26.658 49.3979 2.23363 0.0141906 -0.999897 0.00214377
26.6144 49.3955 1.29774 0.0145046 -0.999892 0.00215588
26.6652 49.3943 0.164312 0.0150516 -0.999886 0.00131919
26.6919 49.3929 -1.44204 0.01455 -0.999894 0.00103648
26.7437 49.3927 -2.35011 0.0141975 -0.999899 0.000476814
26.8894 49.3952 -3.30814 0.0142217 -0.999898 0.00051587
27.7431 49.4085 -3.7227 0.0160446 -0.999871 -0.000228582
28.9848 49.4298 -3.74662 0.0184674 -0.999829 -0.000499874
30.0955 49.4482 -3.58469 0.0146139 -0.999893 -0.000200367
30.5344 49.454 -2.65338 0.0173587 -0.999848 -0.00171501
30.5445 49.4531 -1.52663 0.0174097 -0.999848 -0.000615975
30.5673 49.4514 -0.616506 0.0164748 -0.999861 -0.00259869
30.5979 49.4507 0.989312 0.0153218 -0.999882 0.000937598
31.3616 49.4623 0.919817 0.0168816 -0.999855 -0.000608629
31.3778 49.4616 2.07523 0.0139368 -0.999901 -0.00192255
31.3678 49.4595 3.10956 0.0139246 -0.999902 -0.00173716
31.0131 49.4545 4.25306 0.0102894 -0.999947 0.000202863
30.1614 49.4455 4.59941 0.0101011 -0.999946 -0.00245658
28.6329 49.428 4.60815 0.0112884 -0.999935 0.00138993
27.2454 49.4099 4.62727 0.0135984 -0.999907 0.000775677
26.0445 49.3931 4.17267 0.0138937 -0.999902 0.00149569
25.9333 49.3891 2.91783 0.0142436 -0.999896 0.00211259
25.8469 49.3857 1.9668 0.0146318 -0.99989 0.00235662
25.866 49.3834 0.867948 0.0147652 -0.999888 0.00259969
25.8954 49.3826 -0.453008 0.0141928 -0.999899 0.000826488
25.8778 49.3807 -1.8046 0.014194 -0.999899 0.000479399
25.9227 49.3815 -3.06071 0.0142263 -0.999898 0.000517404
25.9206 49.38 -4.05662 0.0150231 -0.999886 0.000590715
27.1075 49.3986 -4.54221 0.0157475 -0.999876 -0.000340324
28.2432 49.4167 -4.56389 0.0158518 -0.999874 -0.000188697
29.2318 49.4338 -4.5553 0.0174749 -0.999846 0.00162549
30.5623 49.4552 -4.47338 0.0150673 -0.999886 0.000694263
31.3024 49.4682 -3.87212 0.0178114 -0.999841 -0.000200891
31.3571 49.4688 -2.91169 0.0175958 -0.999844 -0.00128933
31.3149 49.4667 -1.7392 0.0174067 -0.999848 -0.000932034
31.3339 49.4652 -0.589854 0.0183221 -0.999829 -0.00248942
31.3668 49.4631 0.600158 0.0184414 -0.999828 -0.00215486
32.1354 49.4772 0.763038 0.0191866 -0.999814 -0.00198367
32.1364 49.4792 -0.196449 0.0189372 -0.999819 -0.0017407
32.0812 49.4793 -1.15883 0.0187446 -0.999824 -0.00121179
32.1358 49.4824 -2.46502 0.0211109 -0.999775 -0.00183166
32.1346 49.4832 -3.82391 0.0182894 -0.999833 -0.000243802
32.001 49.4816 -4.93722 0.0205897 -0.999785 -0.00036739
31.1227 49.4654 -5.27132 0.0177479 -0.999842 -0.000389582
30.0712 49.4465 -5.31409 0.0181774 -0.999835 -0.000413905
29.1085 49.4304 -5.34892 0.0165961 -0.999861 0.000797587
28.1879 49.4159 -5.36121 0.0157658 -0.999876 -3.63616e-05
27.2585 49.4012 -5.36875 0.0157718 -0.999876 -3.05967e-05
26.0601 49.3819 -5.35932 0.0170488 -0.999854 0.000574841
25.0385 49.3641 -4.66086 0.017724 -0.999842 0.00112268
25.1084 49.3679 -3.41815 0.0178083 -0.999837 0.0029005
25.0964 49.369 -2.2998 0.0181487 -0.999835 -0.000360985
25.0483 49.3684 -1.3294 0.0171591 -0.999851 0.00202149
25.0606 49.3708 -0.369271 0.0157799 -0.999873 0.00183853
25.0876 49.3715 0.768907 0.01492 -0.999889 0.000241295
25.0226 49.3735 1.87251 0.0146264 -0.99989 0.00235572
25.1536 49.3776 3.19674 0.0172379 -0.99985 0.00152974
25.1161 49.3784 4.12955 0.0164236 -0.999864 0.0011822
25.3429 49.3848 5.16869 0.0147303 -0.999889 0.00206472
26.7513 49.4045 5.4204 0.0135734 -0.999907 0.00151505
28.0043 49.4203 5.39677 0.012211 -0.999925 -0.000465755
28.9212 49.4303 5.40692 0.0110003 -0.999938 -0.00152785
30.4001 49.446 5.40669 0.00990478 -0.999948 -0.00237437
31.5951 49.4601 5.20099 0.0146442 -0.999893 -0.000121883
32.1038 49.4695 4.29724 0.0183709 -0.999829 -0.00170953
32.174 49.4719 3.11019 0.0192176 -0.999813 -0.00184145
32.1363 49.4748 1.82281 0.0196097 -0.999804 -0.00284338
32.1291 49.4765 1.06962 0.0191642 -0.999814 -0.00205853
32.9086 49.4919 0.837105 0.0191689 -0.999814 -0.00206076
32.9381 49.494 -0.0959162 0.0186928 -0.999824 -0.00150241
32.8529 49.4945 -1.30551 0.0208675 -0.999778 -0.00293654
32.9315 49.4992 -2.43122 0.0200457 -0.999797 -0.000372659
32.9433 49.4979 -3.75552 0.0186344 -0.999826 0.000421492
32.8955 49.4987 -4.65631 0.0199661 -0.999797 -0.00287305
32.7717 49.4958 -5.738 0.0201493 -0.999791 0.00334431
31.9899 49.4787 -6.11317 0.0183333 -0.999827 0.00231789
30.6346 49.457 -6.08107 0.0168788 -0.999857 0.000390995
29.6462 49.4385 -6.11908 0.0157004 -0.999869 0.00126627
28.5 49.4208 -6.15157 0.0158078 -0.999875 -0.000340704
27.4814 49.4048 -6.15302 0.0157779 -0.999876 -2.48855e-05
26.464 49.3886 -6.15513 0.0155084 -0.999879 -0.000600701
25.3988 49.3729 -6.20599 0.0156568 -0.999875 -0.00188762
24.2788 49.3507 -5.54894 0.0195476 -0.999807 -0.00175372
24.1956 49.3496 -4.5474 0.0170967 -0.999853 0.0012608
24.3133 49.3534 -3.54502 0.0183586 -0.999829 0.00209136
24.2949 49.3545 -2.44384 0.0185308 -0.999828 0.000461941
24.2579 49.3549 -1.35107 0.0170497 -0.999853 0.00179297
24.2857 49.3576 -0.282777 0.0173282 -0.999848 0.00210952
24.2779 49.3594 0.67193 0.0161228 -0.999868 0.00117442
24.1923 49.3597 1.63198 0.0171991 -0.999851 0.00122282
24.3014 49.3625 2.91841 0.0172379 -0.99985 0.00152977
24.2586 49.3638 3.81798 0.0171094 -0.99985 0.00273958
24.2799 49.3669 4.72846 0.015662 -0.999873 0.00278509
24.6082 49.3743 5.87575 0.0157645 -0.999875 0.0011354
25.524 49.3883 6.19762 0.0148305 -0.99989 0.000585077
26.4931 49.4017 6.19656 0.0119833 -0.999928 -0.000209805
27.5713 49.4146 6.17511 0.012102 -0.999927 -0.000331852
28.4724 49.4245 6.17891 0.0107056 -0.999942 -0.00137086
30.0246 49.4404 6.20333 0.00990027 -0.999948 -0.0025499
30.9772 49.4509 6.21208 0.0149863 -0.999887 -0.000550078
31.9849 49.4657 6.0455 0.0161736 -0.999868 -0.000184299
32.818 49.4804 5.62082 0.0175712 -0.999846 -5.61055e-05
32.912 49.4834 4.55306 0.0179886 -0.999835 -0.00250888
32.9683 49.4865 3.50908 0.0192176 -0.999813 -0.00184143
32.9301 49.4894 2.17949 0.0196441 -0.999803 -0.00280156
32.8924 49.4905 1.35145 0.0191437 -0.999814 -0.00213628
33.6778 49.5063 1.19097 0.0197716 -0.999802 -0.00211273
33.7631 49.5098 0.172306 0.0199972 -0.999799 -0.00136037
33.6422 49.5097 -0.738643 0.0221995 -0.999751 -0.00198041
33.6831 49.5132 -1.70221 0.0213542 -0.999768 -0.00294049
33.7525 49.5139 -3.34927 0.0193569 -0.999812 0.00109129
33.6922 49.5147 -4.59899 0.0204 -0.999787 -0.0029738
33.7022 49.5119 -5.5155 0.0150203 -0.999886 0.00171953
33.5953 49.5093 -6.73074 0.0202442 -0.999791 0.000532546
32.5686 49.4872 -7.01515 0.0183332 -0.999827 0.00231784
31.5546 49.4706 -6.98299 0.0162163 -0.999868 0.00119325
30.2934 49.4493 -6.8661 0.0188019 -0.99982 0.00242312
29.2927 49.434 -6.99628 0.0139729 -0.9999 -0.00018908
28.393 49.4194 -6.94496 0.0169755 -0.999856 0.000172169
27.1028 49.3984 -6.95914 0.0155677 -0.999878 0.000947994
25.8501 49.3804 -6.98961 0.014722 -0.999891 -0.00118599
24.948 49.367 -6.9905 0.0193141 -0.999809 -0.00293139
23.5296 49.3366 -6.40946 0.0226079 -0.999744 0.000407139
23.3518 49.3338 -5.21472 0.022034 -0.999757 0.00107144
23.444 49.337 -4.1326 0.0181689 -0.999835 0.00049275
23.4984 49.3391 -2.71544 0.0187425 -0.999824 0.00126596
23.4651 49.3402 -1.77736 0.0180039 -0.999836 0.00172859
23.4896 49.3429 -0.556937 0.0178373 -0.999839 0.00203589
23.4518 49.3457 0.89046 0.0172166 -0.999848 0.00286692
23.3729 49.3455 1.78799 0.0174155 -0.999848 0.000679715
23.493 49.3484 2.77903 0.0174024 -0.999846 0.00180859
23.3814 49.3485 3.70318 0.0171102 -0.99985 0.00273324
23.5559 49.3574 5.32167 0.0146226 -0.999886 0.000738961
23.5839 49.3571 6.32682 0.0175127 -0.999847 0.000258494
24.2433 49.3693 6.95408 0.016764 -0.999859 0.000873532
25.6039 49.3902 7.01506 0.0147077 -0.999891 0.00132579
26.5051 49.4016 7.00511 0.0119061 -0.999929 -0.000472465
28.1615 49.4208 6.95003 0.0113505 -0.999935 -0.000815248
29.0675 49.4303 6.96783 0.00826493 -0.999965 -0.00138616
30.5025 49.4427 7.1361 0.0126047 -0.999915 -0.00177397
31.9733 49.4654 6.929 0.0149805 -0.999887 -0.000550606
32.95 49.4827 6.83186 0.0180818 -0.999836 0.000249846
33.6395 49.4955 6.15021 0.0188551 -0.999822 -0.000181462
33.6881 49.4968 4.93582 0.0189576 -0.999819 -0.00153822
33.7604 49.5007 3.43887 0.0167214 -0.999859 -0.00141796
33.6995 49.5038 2.13645 0.0184978 -0.999815 -0.00523682
33.6832 49.505 1.83817 0.0191317 -0.999809 -0.00367194
33.6821 49.505 1.81954 0.01977 -0.999802 -0.00210986
