29.1067 56.2928 -1.51689 -0.0136369 -0.999901 -4.5803e-05
28.2821 56.3056 -1.73195 -0.0142893 -0.999896 0.00211563
28.3087 56.307 -0.764565 -0.0131357 -0.999911 -0.00192605
28.2561 56.3042 0.177842 -0.0148502 -0.999882 -0.00389954
28.3816 56.3023 1.27292 -0.0108901 -0.99994 0.000969574
29.0486 56.2949 1.88604 -0.0138402 -0.999903 -0.0013366
28.9992 56.2953 0.943357 -0.0108785 -0.99994 0.000816837
29.0878 56.2936 -0.095269 -0.0114394 -0.999934 0.000884931
29.1811 56.2924 -0.996212 -0.0171329 -0.999852 0.000357782
29.886 56.284 -1.07253 -0.00998146 -0.999949 -0.00134627
29.8988 56.2839 -0.0943622 -0.0120078 -0.999927 0.00112534
29.8506 56.2844 1.0212 -0.0152389 -0.999882 -0.00170085
29.8254 56.2839 2.09166 -0.0145991 -0.999892 -0.00112477
29.3519 56.2919 2.88897 -0.0136761 -0.999903 0.00281975
27.9623 56.3102 2.7841 -0.013473 -0.999907 0.00226494
27.6527 56.3122 1.65307 -0.0139279 -0.9999 0.0023327
27.5502 56.3128 0.562348 -0.0160019 -0.999866 -0.00155302
27.4783 56.3174 -0.474759 -0.0131312 -0.999911 -0.00192746
27.4451 56.3181 -1.4451 -0.0134405 -0.999908 0.000874382
27.6514 56.3151 -2.40823 -0.0161097 -0.99987 -0.000390685
28.281 56.3054 -2.93715 -0.0159592 -0.999872 -0.000779594
29.3571 56.2932 -3.03394 -0.00963691 -0.999953 -0.00142165
29.8915 56.2855 -2.07763 -0.0104419 -0.999943 -0.00203428
29.8921 56.2844 -1.34512 -0.00998716 -0.999949 -0.00140192
30.6741 56.2765 -1.28656 -0.0126082 -0.999915 0.000491768
30.6666 56.2752 -0.27897 -0.0132102 -0.999906 -0.00177428
30.6545 56.272 1.13015 -0.0152445 -0.999882 -0.00170612
30.6384 56.2736 2.09825 -0.011864 -0.999928 0.00169344
30.4325 56.2759 3.5183 -0.0138532 -0.999902 0.000558297
28.9303 56.2997 3.74314 -0.0134087 -0.999907 -0.000305059
27.8869 56.313 3.75641 -0.0130086 -0.999911 -0.00299915
26.947 56.3249 2.95347 -0.0150454 -0.999885 0.00168935
26.8735 56.3258 1.69204 -0.0173181 -0.999849 -0.00046055
26.7791 56.327 0.697502 -0.0183262 -0.999832 0.000380983
26.6917 56.3275 -0.265672 -0.014513 -0.999894 0.000609206
26.68 56.3283 -1.31147 -0.0133949 -0.99991 -0.000752766
26.76 56.3279 -2.23573 -0.0133903 -0.99991 -0.00077602
27.0326 56.326 -3.50069 -0.0157526 -0.999875 -0.00122989
28.2198 56.307 -3.81962 -0.0160977 -0.99987 -0.000927875
29.1438 56.2965 -3.87259 -0.00957 -0.999953 -0.00167303
30.2729 56.2839 -3.77548 -0.0153972 -0.99988 0.000956622
30.7373 56.2767 -2.47413 -0.0119365 -0.999926 -0.00220456
30.6836 56.2757 -1.55802 -0.0152264 -0.999881 0.00237912
31.4678 56.2637 -1.4935 -0.0168863 -0.999857 -0.000271241
31.4206 56.2632 -0.436004 -0.0154447 -0.999879 -0.000460038
31.4127 56.2635 0.795744 -0.0113869 -0.999933 -0.00107542
31.4094 56.2642 1.94294 -0.0112253 -0.999936 0.00113206
31.4442 56.2649 2.88591 -0.00966053 -0.999952 0.00139399
31.3524 56.2663 3.97654 -0.00965367 -0.999952 -0.00187226
30.1826 56.281 4.50488 -0.0155333 -0.999879 0.00115348
29.1106 56.2964 4.5204 -0.011144 -0.999936 -0.00168293
27.6531 56.3136 4.56514 -0.0120521 -0.99992 -0.00356449
26.6537 56.3253 4.42155 -0.0110978 -0.99993 -0.00412579
26.1182 56.3359 3.29252 -0.011083 -0.99993 -0.00408932
26.1088 56.3378 2.01978 -0.0163896 -0.999864 -0.00158076
25.9767 56.3392 0.543585 -0.0129415 -0.999914 0.000673921
25.8828 56.3395 -1.07466 -0.0150035 -0.999887 -0.000583038
25.9487 56.3386 -2.11193 -0.0130577 -0.999909 -0.000912672
26.0556 56.3408 -3.45999 -0.0150765 -0.999885 -0.00177988
26.6593 56.3327 -4.46767 -0.0131194 -0.999912 0.00184236
28.1193 56.3096 -4.61721 -0.0162247 -0.999868 -0.00113124
29.0216 56.2992 -4.66399 -0.00987362 -0.999949 -0.00230364
30.1889 56.2856 -4.68002 -0.0164309 -0.999865 -0.000296594
31.1143 56.2704 -4.46018 -0.013612 -0.999907 -3.6327e-05
31.4822 56.2672 -3.62026 -0.0132294 -0.999911 0.00197476
31.5655 56.2656 -2.61513 -0.0144672 -0.999876 -0.00617974
31.4731 56.2637 -1.54688 -0.0160583 -0.999869 0.00105327
32.2383 56.2523 -1.49266 -0.00791331 -0.999968 -0.00106647
32.3261 56.2535 -2.42825 -0.0143051 -0.999878 -0.00628646
32.3265 56.2558 -3.5791 -0.0138514 -0.999903 0.00147796
32.1705 56.2565 -4.62652 -0.0130441 -0.999915 0.000739981
31.375 56.2675 -5.40813 -0.0141789 -0.999899 -0.00081871
30.2846 56.2842 -5.45697 -0.0164217 -0.999865 -0.000316533
29.0386 56.3004 -5.45509 -0.0106483 -0.999941 0.00221017
28.0898 56.3109 -5.41826 -0.0150966 -0.999884 0.000398402
26.7921 56.3293 -5.29336 -0.0135812 -0.999906 0.00194517
25.545 56.3461 -5.13896 -0.0131251 -0.999912 0.00184279
25.2472 56.351 -3.97363 -0.00955816 -0.999954 0.000310922
25.2158 56.3487 -2.72902 -0.0130511 -0.999909 -0.000914151
25.1096 56.352 -1.7136 -0.0153728 -0.999881 0.000412051
25.1021 56.3514 -0.408485 -0.0160794 -0.999867 -0.00214731
25.1691 56.3483 0.520881 -0.0113472 -0.999936 -0.000205356
25.296 56.3486 1.62108 -0.0121253 -0.999922 0.00293684
25.3076 56.3476 2.96736 -0.013516 -0.999903 -0.00311443
25.265 56.3433 4.06962 -0.0147652 -0.999885 -0.00307197
25.7933 56.3345 5.27702 -0.01404 -0.999901 -0.000648706
27.0027 56.3186 5.37786 -0.0111114 -0.999937 -0.00118652
28.2323 56.305 5.31725 -0.0118448 -0.999929 -0.000652281
29.1423 56.2948 5.32643 -0.0111366 -0.999937 -0.00137222
30.2015 56.281 5.32191 -0.0156108 -0.999878 -0.000558352
31.3261 56.2638 5.21327 -0.0126917 -0.999916 -0.00116067
32.1583 56.2559 4.73657 -0.0108666 -0.999938 -0.00245738
32.2413 56.2574 3.45749 -0.0118218 -0.999929 0.00047096
32.2181 56.2561 2.53351 -0.0108511 -0.99994 0.00125239
32.1889 56.2555 1.18174 -0.0106527 -0.999943 0.000570183
32.1848 56.2547 0.0299532 -0.00764081 -0.999966 0.00306542
32.1873 56.2521 -0.876851 -0.00718345 -0.999974 -0.000174793
32.2181 56.2523 -1.35349 -0.00791333 -0.999968 -0.0010665
32.9914 56.2466 -1.22293 -0.00645853 -0.999979 0.000714535
33.1152 56.2468 -2.30666 -0.00849312 -0.999962 -0.00186325
33.1403 56.2453 -3.5648 -0.010955 -0.999935 0.00244914
33.0365 56.246 -4.66962 -0.0121947 -0.999925 1.45234e-05
32.7409 56.251 -5.89632 -0.0108973 -0.999932 -0.00416219
31.2119 56.2713 -6.29186 -0.0119441 -0.999925 -0.000412978
30.2145 56.2835 -6.25827 -0.0141835 -0.999898 0.00136035
29.0539 56.2985 -6.25996 -0.0122562 -0.999922 0.000399685
27.7042 56.317 -6.16306 -0.0140998 -0.999899 -0.0017626
26.6164 56.3325 -6.0839 -0.0143431 -0.999895 -0.00211931
25.6324 56.3452 -6.13264 -0.0108068 -0.999942 0.000161357
24.6253 56.3561 -5.65384 -0.0107228 -0.999943 8.7314e-05
24.4333 56.3585 -4.60419 -0.00956252 -0.999954 0.000309675
24.4466 56.357 -3.19501 -0.00880437 -0.999941 0.00373696
24.3459 56.3634 -2.01383 -0.0156195 -0.999877 0.00170338
24.3182 56.3647 -1.04766 -0.01588 -0.999873 0.000216163
24.3537 56.3617 -0.0435813 -0.0156184 -0.999871 -0.00386275
24.4266 56.3573 0.901226 -0.0154843 -0.999877 0.00171975
24.5513 56.359 2.04357 -0.0137413 -0.999892 -0.00177436
24.4779 56.3575 3.40258 -0.0135123 -0.999903 -0.00311592
24.443 56.3555 4.34432 -0.0139014 -0.999899 -0.00235422
24.5486 56.3509 5.6253 -0.0132863 -0.999909 -0.00206937
25.5298 56.3361 6.1301 -0.0129874 -0.999914 -0.00143367
26.5754 56.3231 6.2013 -0.0113899 -0.999935 -0.000143366
27.4969 56.3135 6.14822 -0.010502 -0.999945 3.40023e-05
28.5136 56.3015 6.09073 -0.0125538 -0.999921 6.54715e-05
29.6305 56.2877 6.16155 -0.0122908 -0.999923 -0.00185231
30.9367 56.2695 6.10101 -0.0145461 -0.999894 -3.60114e-05
32.1685 56.2531 5.90662 -0.00716776 -0.999965 3.97935e-05
32.9362 56.2493 5.4431 -0.00349373 -0.999991 0.00236773
33.0056 56.2476 3.82984 -0.00421428 -0.999991 -0.000665773
32.9916 56.2477 2.32008 -0.0105652 -0.999944 0.000801731
32.9692 56.2473 1.41334 -0.0101676 -0.999948 -0.000176402
32.998 56.2479 0.500626 -0.00968743 -0.999953 -0.000923619
32.9337 56.2476 -0.412052 -0.00704968 -0.999973 0.00188993
32.9506 56.2473 -0.680989 -0.00645968 -0.999979 0.000716791
33.7415 56.2411 -0.711342 -0.00928384 -0.999957 0.000665306
33.793 56.239 0.352113 -0.0106966 -0.999938 -0.00244389
33.7886 56.2379 1.33932 -0.0122623 -0.999924 -0.00121349
33.7901 56.2366 2.5123 -0.01197 -0.99991 0.00413718
33.8019 56.2438 3.43964 -0.00947939 -0.999924 0.00789311
33.8007 56.2461 5.09227 -0.00280079 -0.999993 0.00241452
33.8081 56.2482 6.11807 -0.00332448 -0.999993 0.000941047
33.2267 56.2484 6.76908 -0.00214882 -0.999992 -0.00312997
32.2225 56.2515 6.81272 -0.00431004 -0.999984 -0.0035143
31.281 56.2625 6.87956 -0.0153302 -0.999875 -0.00392928
29.7683 56.2841 6.97999 -0.0128503 -0.999911 -0.00349477
28.7586 56.2982 6.89071 -0.0152659 -0.999877 -0.00192652
27.5662 56.313 6.94419 -0.0112883 -0.999936 -2.92722e-05
26.0589 56.3291 6.99875 -0.0116207 -0.999932 0.000153569
24.9045 56.3434 6.89505 -0.0130745 -0.999914 -0.00100883
23.7916 56.3583 6.75323 -0.011502 -0.999932 -0.00211006
23.6478 56.3619 5.81459 -0.0125689 -0.99992 -0.00163154
23.6042 56.3656 4.4628 -0.0124784 -0.999918 -0.00302341
23.7132 56.3658 3.56088 -0.00968919 -0.999949 -0.00238875
23.7133 56.3686 2.42134 -0.0122317 -0.999924 -0.00157605
23.6584 56.37 1.34771 -0.0154874 -0.999877 0.00172294
23.5619 56.3712 0.277274 -0.0149005 -0.999883 -0.0021555
23.5658 56.3731 -1.16027 -0.00805781 -0.999966 0.000687305
23.5413 56.3738 -2.1562 -0.00570823 -0.99998 0.00137467
23.5864 56.3644 -3.39369 -0.0105744 -0.999906 0.00867279
23.6418 56.3666 -4.33716 -0.0126912 -0.999912 -0.0030824
23.6516 56.3676 -5.58075 -0.012277 -0.999925 -0.000119949
23.9042 56.3646 -6.58218 -0.0131562 -0.99991 0.00176256
25.5538 56.3466 -6.9858 -0.0109696 -0.999939 -0.00109047
26.5271 56.3351 -6.8883 -0.0158197 -0.999872 -0.00193332
27.518 56.3209 -6.95927 -0.0143767 -0.999896 -0.00105245
28.5243 56.3076 -6.99318 -0.0136257 -0.999903 -0.0028574
30.0016 56.2854 -7.0709 -0.0153629 -0.99988 -9.14711e-05
31.0495 56.272 -7.08771 -0.00991567 -0.99995 0.00116383
31.9562 56.2631 -7.06105 -0.0103959 -0.999945 0.000249963
33.0777 56.2507 -6.91813 -0.00589644 -0.999958 -0.00358808
33.73 56.2448 -6.24034 -0.00341074 -0.999973 -0.00556491
33.8311 56.2367 -5.267 1.57388e-06 -0.999979 -0.0060305
33.9425 56.2368 -3.83053 -0.00579247 -0.999974 0.00167441
34.0162 56.2395 -2.92438 -0.00918663 -0.999954 0.00109485
33.8277 56.2398 -1.48154 -0.00874592 -0.999961 4.74289e-05
33.8007 56.2402 -1.31313 -0.0092819 -0.999957 0.00066307
