-43.748 57.7046 1.10097 0.00875874 -0.999961 0.000454351
-43.5424 57.707 2.00821 0.00860474 -0.999963 0.000760033
-42.7786 57.7133 1.53457 0.00881928 -0.999961 0.000527686
-43.5252 57.7065 1.05668 0.00874548 -0.999962 0.000253987
-43.0015 57.7111 0.137531 0.00860348 -0.999963 0.00015558
-42.766 57.7124 -1.06417 0.0087942 -0.999961 0.000281215
-43.4285 57.7071 -1.83939 0.00772567 -0.99997 -0.000385808
-43.6252 57.7051 -1.05554 0.00821395 -0.999966 -8.62096e-05
-43.7626 57.7045 -0.170449 0.0086038 -0.999963 0.000180192
-43.7958 57.7041 0.628043 0.00884681 -0.999961 2.49805e-05
-44.5183 57.6977 0.647956 0.00884474 -0.999961 2.44202e-05
-44.5531 57.6976 -0.48879 0.0086084 -0.999963 0.000181863
-44.5466 57.698 -1.43982 0.00766125 -0.99997 -0.000856879
-44.3026 57.7005 -2.67899 0.00778973 -0.99997 -2.01448e-05
-43.4595 57.7072 -3.02089 0.0079281 -0.999969 -2.34587e-05
-42.3534 57.7162 -2.66462 0.00901982 -0.999959 -8.77348e-05
-42.0357 57.719 -1.60581 0.00898635 -0.99996 -5.11889e-05
-42.0802 57.7186 -0.631801 0.00879421 -0.999961 0.000281269
-42.1235 57.7187 0.494323 0.00860166 -0.999963 0.000147994
-42.0772 57.7194 1.39302 0.00823218 -0.999966 0.000319847
-42.1634 57.719 2.43522 0.00829013 -0.999966 0.000164882
-43.1241 57.7108 3.05234 0.00830676 -0.999965 -0.00040581
-44.3662 57.7004 2.78174 0.00862999 -0.999963 0.00015354
-44.5339 57.6984 1.89902 0.00861335 -0.999963 0.000824325
-44.4938 57.698 0.94798 0.00875874 -0.999961 0.000454351
-44.4994 57.6979 0.892048 0.00884681 -0.999961 2.49805e-05
-45.2752 57.691 0.787686 0.00875436 -0.999961 0.000454343
-45.3256 57.6919 2.26183 0.00900619 -0.999959 0.000455137
-45.0369 57.6944 3.43827 0.00895991 -0.99996 -0.000102868
-43.998 57.7038 3.86599 0.00775154 -0.999969 0.000577222
-42.6097 57.7147 3.82212 0.00830675 -0.999965 -0.00040585
-41.5252 57.7245 3.45744 0.00938498 -0.999956 -0.000256708
-41.347 57.7257 2.25466 0.00821687 -0.999966 0.000211861
-41.3148 57.7256 1.24192 0.00823254 -0.999966 0.000322516
-41.3238 57.7261 0.0714971 0.0101353 -0.999948 0.000576202
-41.3172 57.7257 -0.878994 0.00954766 -0.999954 -6.55141e-05
-41.2654 57.726 -2.28842 0.00924259 -0.999957 5.22204e-05
-41.3432 57.7252 -3.35856 0.00898738 -0.999959 0.000649716
-42.8134 57.7121 -3.79131 0.00849675 -0.999964 0.000196648
-43.7213 57.7049 -3.81333 0.00767815 -0.99997 0.000680372
-44.981 57.6953 -3.5389 0.00786449 -0.999969 0.00027927
-45.2737 57.6931 -2.39906 0.00763688 -0.999971 1.32649e-05
-45.3175 57.6921 -1.25235 0.00805601 -0.999967 -0.00134016
-45.3297 57.6909 -0.0409765 0.00781107 -0.999969 -0.000635236
-45.2862 57.6909 0.677083 0.00880152 -0.999961 -8.5823e-05
-46.0734 57.6848 0.551753 0.00754388 -0.999972 -0.000223146
-46.1131 57.685 -0.408483 0.00781304 -0.999969 -0.00063084
-46.0832 57.6863 -1.48419 0.00873339 -0.999961 2.75936e-05
-46.0324 57.6857 -2.77884 0.0104116 -0.999946 8.0124e-05
-45.9083 57.6878 -4.06775 0.00907028 -0.999958 -0.000200898
-44.7332 57.6967 -4.60701 0.00777852 -0.99997 0.000540765
-43.7657 57.7041 -4.61997 0.00775186 -0.99997 0.000417125
-42.7389 57.7125 -4.59978 0.00851741 -0.999964 0.000418729
-41.5375 57.7228 -4.47975 0.00846657 -0.999964 0.000484194
-40.629 57.7317 -4.17659 0.00961201 -0.999952 0.00164327
-40.4605 57.7337 -3.14629 0.0105199 -0.999945 0.000206352
-40.5027 57.7335 -2.1553 0.0108962 -0.999941 5.04105e-05
-40.5635 57.7329 -1.2195 0.00949665 -0.999955 7.82722e-05
-40.5479 57.7336 -0.307275 0.010072 -0.999949 0.000675831
-40.5421 57.7334 1.13996 0.0104909 -0.999944 -0.00124567
-40.5667 57.7323 2.06205 0.0101954 -0.999948 0.000702959
-40.5773 57.7334 3.24227 0.00958718 -0.999954 0.00100627
-41.146 57.7278 4.43844 0.00938501 -0.999956 -0.00025672
-42.0575 57.7193 4.57806 0.00920379 -0.999958 -0.000485163
-43.609 57.7059 4.68674 0.00746711 -0.999972 -0.000860476
-44.7253 57.6983 4.58653 0.00675747 -0.999977 -0.000361459
-45.6294 57.6898 4.45848 0.00998891 -0.99995 0.000584465
-46.0958 57.6846 3.47697 0.00980482 -0.999952 0.000135126
-46.091 57.6848 2.40881 0.00953732 -0.999954 -4.11207e-05
-46.0589 57.6847 1.4224 0.0081694 -0.999966 0.000311849
-46.0593 57.6848 1.12346 0.007548 -0.999971 -0.000223499
-46.8341 57.6776 1.09671 0.0103693 -0.999946 -0.000467423
-46.8562 57.6774 2.13321 0.00957614 -0.999954 -0.000232157
-46.8979 57.6768 3.31498 0.0102447 -0.999947 -0.000668248
-46.7806 57.6785 4.85784 0.00983072 -0.999951 0.000956441
-45.7824 57.6882 5.31768 0.00984681 -0.999951 -0.000210743
-44.7109 57.6982 5.39564 0.00879342 -0.999961 -0.000708875
-43.7144 57.7049 5.47103 0.00660105 -0.999978 -0.000168716
-42.7172 57.7131 5.4736 0.00887411 -0.999961 -4.15317e-05
-41.4742 57.7243 5.32839 0.0091635 -0.999958 -0.000531509
-40.1201 57.7376 5.16607 0.0100753 -0.999949 -0.000774282
-39.7504 57.7416 4.22156 0.00989806 -0.999951 -0.000115474
-39.7834 57.7411 2.74036 0.0108036 -0.999942 0.000399686
-39.773 57.7416 1.31195 0.0109828 -0.999939 -0.0011766
-39.7487 57.7427 0.280087 0.0107991 -0.999942 -0.00010975
-39.8 57.7417 -0.879817 0.0113505 -0.999935 0.000610536
-39.7013 57.7422 -2.35787 0.0107906 -0.999942 0.000233081
-39.6498 57.7423 -3.58824 0.0111604 -0.999937 0.000765135
-39.7245 57.7399 -4.68481 0.0109797 -0.999939 0.00153533
-40.7082 57.7296 -5.34505 0.00880516 -0.999961 0.00053152
-42.1076 57.7175 -5.35304 0.00841572 -0.999964 0.000549659
-43.3498 57.7072 -5.44406 0.00800397 -0.999968 0.000199548
-44.294 57.6997 -5.43018 0.00787774 -0.999969 0.000265872
-45.4566 57.6905 -5.40504 0.0079487 -0.999968 0.000752212
-46.6083 57.6807 -5.0216 0.0101215 -0.999949 0.000188044
-46.7953 57.6805 -3.77984 0.00831979 -0.999962 0.000216234
-46.8165 57.6783 -2.78721 0.00709735 -0.999972 -0.00223487
-46.8404 57.6787 -1.85023 0.00905849 -0.999958 0.00139687
-46.8836 57.6782 -0.734319 0.0109064 -0.99994 -0.00105443
-46.8618 57.6777 0.271866 0.0104175 -0.999946 -0.000351545
-46.8502 57.6777 0.571199 0.0103693 -0.999946 -0.000467423
-47.629 57.6696 0.590519 0.0104185 -0.999946 -0.00034896
-47.6603 57.6696 -0.54053 0.0106887 -0.999943 -0.000645472
-47.6454 57.6709 -1.50309 0.0108276 -0.999941 -0.00127914
-47.5791 57.6723 -2.55951 0.00718431 -0.999971 -0.00235711
-47.606 57.6723 -3.94445 0.0096224 -0.99995 0.00254354
-47.586 57.671 -5.34595 0.0098423 -0.999952 -0.000151032
-46.6391 57.6797 -6.22453 0.00922749 -0.999956 0.00137751
-45.7068 57.6878 -6.21804 0.00844421 -0.999963 0.00148223
-44.7129 57.696 -6.19887 0.00834763 -0.999965 0.000184603
-43.6609 57.7045 -6.24253 0.00789437 -0.999969 0.000459065
-42.6915 57.7123 -6.19573 0.00830856 -0.999965 0.00033005
-41.5523 57.7218 -6.10626 0.00826812 -0.999966 0.000428721
-40.0267 57.7353 -6.20642 0.0107748 -0.99994 7.91427e-05
-39.1411 57.7464 -5.72141 0.0123637 -0.999923 -0.000434175
-38.9061 57.7488 -4.6934 0.0116678 -0.999931 0.000549701
-38.8623 57.7509 -3.59653 0.0108635 -0.99994 0.00138819
-38.8894 57.7512 -2.58284 0.011843 -0.99993 0.000459537
-38.976 57.7508 -1.49224 0.0122875 -0.999924 0.000470357
-38.9975 57.7509 -0.504335 0.0116153 -0.999932 -5.59473e-06
-38.9603 57.7515 0.556495 0.0123399 -0.999924 -6.08774e-06
-39.026 57.749 1.98698 0.0117251 -0.99993 -0.00125367
-38.987 57.7509 3.13072 0.0124592 -0.999921 0.00133957
-38.929 57.7514 4.22339 0.0121892 -0.999925 -0.00105988
-39.0431 57.749 5.54361 0.0119184 -0.999929 -0.000217274
-39.865 57.7398 6.12361 0.010944 -0.99994 3.64108e-05
-40.9913 57.7283 6.12594 0.00921723 -0.999957 -0.000607977
-42.0212 57.7187 6.18123 0.00886899 -0.99996 -0.00068208
-43.3255 57.7076 6.25974 0.00867354 -0.999962 -0.000367337
-44.4952 57.6997 6.22205 0.00757619 -0.999971 0.000168251
-45.4294 57.6916 6.2014 0.00892495 -0.99996 0.000376567
-46.3766 57.6828 6.14174 0.00897192 -0.99996 0.000478153
-47.2785 57.6749 5.94899 0.00861228 -0.999963 0.000579194
-47.6571 57.6704 5.12676 0.00974614 -0.999951 0.00150815
-47.6644 57.6691 4.05223 0.0112539 -0.999935 0.0015608
-47.6594 57.6687 3.05413 0.0109156 -0.99994 -0.00110586
-47.6227 57.6701 1.92241 0.00962914 -0.999954 0.000122383
-47.6235 57.6696 0.766794 0.010029 -0.99995 1.0907e-06
-48.393 57.6622 0.837406 0.00907917 -0.999956 -0.00128208
-48.4341 57.6635 -0.424156 0.00600257 -0.999982 0.000508532
-48.4455 57.6629 -1.34693 0.00888676 -0.99996 -0.00141602
-48.3931 57.6646 -2.39964 0.0093701 -0.999955 -0.00119385
-48.4076 57.6664 -3.72632 0.00994967 -0.99995 -0.00121642
-48.4598 57.6634 -5.03186 0.00750613 -0.99997 0.0019532
-48.3443 57.6637 -6.37732 0.00921294 -0.999957 0.000113069
-46.992 57.6757 -7.06515 0.00913996 -0.999958 0.000565997
-46.089 57.6842 -7.04316 0.00920947 -0.999957 -0.000114326
-44.9331 57.6942 -7.01938 0.00821467 -0.999966 -0.000131262
-43.9458 57.7021 -7.06538 0.00771495 -0.99997 0.000161347
-42.7341 57.7116 -7.0135 0.00823325 -0.999966 0.000518136
-41.7621 57.7196 -6.99349 0.00797375 -0.999968 0.00059785
-40.6316 57.7292 -6.97433 0.00908445 -0.999958 0.00104153
-39.7086 57.7387 -7.03474 0.0115118 -0.999933 0.000444025
-38.8368 57.7502 -6.99309 0.0145381 -0.999894 -5.75339e-05
-38.2141 57.7587 -5.96358 0.0140994 -0.9999 -0.000896067
-38.1296 57.7594 -5.04484 0.0138203 -0.999904 -0.000463902
-38.1138 57.7589 -4.03769 0.0127848 -0.999917 0.000276388
-38.0812 57.7611 -2.49854 0.0120383 -0.999927 0.000926238
-38.1623 57.7609 -1.27359 0.0123983 -0.999923 0.000604822
-38.0844 57.7623 -0.263105 0.0123399 -0.999924 -6.08774e-06
-38.1358 57.7616 0.701497 0.012245 -0.999925 -0.000107437
-38.1983 57.7603 2.14784 0.0136248 -0.999907 0.000388969
-38.175 57.7615 3.07154 0.0129547 -0.999916 0.000485589
-38.1058 57.7613 4.16448 0.012166 -0.999925 -0.00129367
-37.946 57.7621 5.09611 0.0119462 -0.999928 -0.000697162
-38.2567 57.7588 6.17181 0.0128904 -0.999916 0.00105178
-39.1236 57.7464 6.94842 0.0146713 -0.999891 -0.00159785
-40.7163 57.7304 6.92435 0.00920296 -0.999958 -0.000511157
-41.7012 57.7212 6.95605 0.00959917 -0.999953 -0.000858135
-42.7007 57.7128 7.05204 0.00829514 -0.999966 4.76497e-05
-44.1931 57.7015 7.026 0.00681785 -0.999977 0.000177143
-45.0971 57.6949 7.12795 0.0089199 -0.99996 0.000373949
-46.1512 57.6854 6.93686 0.00886555 -0.99996 0.00108791
-47.6583 57.6721 6.96583 0.00864645 -0.999963 0.000327844
-48.3735 57.6663 6.23414 0.00655476 -0.999978 0.00104273
-48.4406 57.6644 5.2176 0.00710947 -0.999972 0.00213268
-48.4144 57.6616 3.85879 0.00856191 -0.999962 0.00146909
-48.4349 57.6608 2.87576 0.0102528 -0.999947 -0.00117459
-48.3896 57.6626 1.51352 0.0100057 -0.99995 -7.54095e-05
-48.389 57.6626 1.48248 0.00960621 -0.999954 0.000471932
-48.3924 57.6622 0.860503 0.00960534 -0.999954 0.00046901
