-42.5707 62.8624 1.40083 0.00958969 -0.999953 -0.00136496
-42.7536 62.8614 0.293369 0.0114005 -0.999934 -0.00119591
-42.5188 62.8625 -0.580846 0.00602929 -0.999981 0.0012784
-42.4642 62.8616 -1.51322 0.00622108 -0.99998 0.000809378
-41.8836 62.8659 -0.921489 0.0060273 -0.999981 0.00127474
-41.8922 62.8669 0.00489694 0.00587529 -0.999982 0.00123921
-41.9853 62.8669 0.922376 0.00489294 -0.999988 4.5369e-05
-42.096 62.8663 1.8225 0.00724686 -0.999971 -0.000683116
-42.4471 62.863 1.78253 0.00958801 -0.999953 -0.00136694
-42.6613 62.8599 2.68924 0.00945857 -0.999955 -0.00104717
-41.4998 62.8695 2.49589 0.00559034 -0.999984 -0.000346044
-41.2093 62.8707 1.18504 0.00489826 -0.999988 4.40312e-05
-41.1994 62.8706 -0.248892 0.00537846 -0.999985 0.000663408
-41.1547 62.8699 -1.22438 0.00601105 -0.999981 0.000937982
-41.6782 62.8656 -2.48775 0.00605165 -0.999981 0.000926571
-42.8444 62.8576 -2.45686 0.00892451 -0.999958 0.00213564
-43.163 62.8565 -1.65702 0.0107938 -0.999938 0.00185919
-43.2769 62.8555 -0.699153 0.013308 -0.999911 -1.50081e-05
-43.419 62.8538 0.30097 0.0114007 -0.999934 -0.00119932
-43.451 62.8533 1.21883 0.0112711 -0.999936 0.000624439
-43.2537 62.8547 2.31151 0.00946001 -0.999955 -0.00104456
-43.9627 62.8451 2.628 0.0135767 -0.999907 -0.0012534
-43.3374 62.853 3.39605 0.0110556 -0.999935 -0.000213002
-42.3088 62.862 3.48249 0.00921052 -0.999956 -0.00150738
-41.0065 62.8716 3.2457 0.00589135 -0.999982 -0.00111927
-40.4973 62.8747 2.20842 0.00576677 -0.999983 0.000248281
-40.4852 62.8742 0.978115 0.00548535 -0.999984 0.000663999
-40.4633 62.8743 0.00379248 0.00492024 -0.999988 7.9055e-05
-40.4561 62.8742 -1.18305 0.00546511 -0.999985 0.000543771
-40.5403 62.872 -2.57618 0.00452314 -0.999989 0.00136217
-41.2238 62.8675 -3.22532 0.00598448 -0.999981 0.00111851
-42.2122 62.8615 -3.27682 0.00642571 -0.999979 0.00119014
-43.3724 62.8512 -3.30317 0.00966943 -0.999953 0.000201894
-43.8737 62.8473 -1.80733 0.0126617 -0.999919 0.00158864
-43.9557 62.8465 -0.877383 0.0133651 -0.999911 0.000103957
-44.115 62.8448 0.0869579 0.0132309 -0.999912 0.000834495
-44.1337 62.8446 1.09454 0.0162685 -0.999866 -0.00069178
-44.077 62.8443 2.16094 0.0141364 -0.999899 -0.00133713
-44.7873 62.8329 2.42862 0.0168146 -0.999858 0.000543508
-44.8273 62.832 1.06443 0.0178852 -0.99984 -0.000869591
-44.7843 62.8342 -0.0119205 0.0178689 -0.999839 -0.00129189
-44.5962 62.8378 -1.30923 0.0134222 -0.99991 0.000222953
-44.569 62.8375 -2.38345 0.0120797 -0.999926 0.000822796
-44.4684 62.8386 -3.80896 0.0119607 -0.999928 -0.000860294
-43.3671 62.8513 -4.0799 0.00935533 -0.999956 -8.36066e-05
-42.4653 62.8588 -4.03093 0.00671252 -0.999977 0.000537769
-41.305 62.8661 -3.98513 0.00546235 -0.999984 0.00173681
-40.0636 62.8711 -3.88067 0.00305765 -0.999992 0.00224727
-39.7596 62.8751 -2.95228 0.00402943 -0.999989 0.00208944
-39.754 62.8764 -2.05195 0.00453819 -0.999988 0.00159092
-39.7512 62.8773 -0.896471 0.00359965 -0.999993 0.000840554
-39.7597 62.8777 0.284195 0.00548531 -0.999984 0.000663988
-39.7635 62.8789 1.2289 0.00604484 -0.999981 0.00125494
-39.7624 62.8793 2.27751 0.00623683 -0.999981 7.15484e-05
-39.8371 62.8769 3.34071 0.00214035 -0.999994 -0.00138613
-40.9469 62.8716 4.0808 0.00678354 -0.999977 9.22563e-05
-42.5527 62.8594 4.23928 0.00846136 -0.999964 -0.000189419
-44.1226 62.8423 4.08165 0.0136698 -0.999907 -6.59099e-05
-44.6851 62.8351 3.19399 0.0150573 -0.999885 -9.01633e-05
-44.6977 62.8348 3.10763 0.0168314 -0.999858 0.000644655
-45.4709 62.8218 3.15228 0.0168334 -0.999858 0.000643025
-45.539 62.82 1.93081 0.0168048 -0.999859 0.000444135
-45.5067 62.8206 0.415369 0.0179228 -0.999839 -0.00113014
-45.4763 62.8223 -0.569511 0.0181891 -0.999834 -0.000681225
-45.3176 62.8255 -1.76665 0.0178087 -0.999841 -9.57824e-05
-45.3489 62.826 -2.828 0.016935 -0.999855 -0.000815726
-45.3925 62.8251 -3.75886 0.0156432 -0.999878 -0.000213285
-44.8911 62.8331 -4.73867 0.0154692 -0.99988 -2.56349e-05
-43.9079 62.8462 -4.83136 0.00911329 -0.999958 0.000337703
-42.9901 62.855 -4.83436 0.00989063 -0.999951 -0.000296223
-41.5518 62.8638 -4.7369 0.00471893 -0.999989 0.000573857
-40.6316 62.8685 -4.7183 0.00400718 -0.99999 0.00159005
-39.1977 62.8725 -4.49969 0.000964844 -0.999997 0.000598067
-38.9832 62.8758 -3.49583 0.00210621 -0.999993 0.00301177
-39.0414 62.879 -1.98821 -0.000366879 -0.99999 0.00185918
-39.0469 62.8801 -0.660459 0.000345367 -0.999992 -0.00124694
-39.0336 62.8795 0.570046 -0.00306227 -0.99999 0.00317796
-39.0311 62.8824 1.48619 -0.00406342 -0.999989 0.00196085
-39.068 62.8816 2.76975 0.00395108 -0.999989 -0.00231749
-39.1258 62.8775 4.01136 0.00214389 -0.999994 -0.00138373
-39.8391 62.8774 4.68682 0.000464818 -1 0.000310932
-40.8094 62.8725 4.8233 0.00700737 -0.999975 -0.000428137
-42.2341 62.8618 4.98119 0.00779201 -0.999969 -0.000699092
-43.1425 62.854 4.96933 0.0119139 -0.999928 -0.00173961
-44.6795 62.8344 4.77773 0.0145673 -0.999893 -0.000569543
-45.3352 62.824 3.97733 0.0187508 -0.999823 0.000384057
-45.4585 62.8221 3.26146 0.0168338 -0.999858 0.000645658
-46.2063 62.8082 3.36346 0.0185947 -0.999827 -0.000764961
-46.2672 62.8073 2.00897 0.0185322 -0.999828 0.000654195
-46.2428 62.8067 1.01354 0.0177584 -0.999842 -6.68798e-05
-46.2945 62.8068 -0.293062 0.0195258 -0.999809 -0.000454678
-46.0594 62.8122 -1.42398 0.0192573 -0.999812 -0.00180077
-46.0674 62.8127 -2.6506 0.0178173 -0.99984 -0.00115815
-46.1569 62.8123 -3.58506 0.0195727 -0.999808 -0.000136929
-46.0763 62.814 -4.87726 0.0190303 -0.999818 -0.000727588
-45.427 62.8248 -5.52895 0.0154424 -0.999881 -2.38052e-05
-44.4359 62.8401 -5.55664 0.0154045 -0.999881 3.59456e-05
-43.3089 62.8521 -5.57264 0.00985549 -0.999951 -0.000329052
-41.8056 62.8622 -5.48528 0.00471893 -0.999989 0.000573857
-40.8027 62.8666 -5.44543 0.00436473 -0.999989 0.00154734
-39.4231 62.8717 -5.47668 0.000966043 -0.999997 0.000602349
-38.3187 62.8727 -4.96662 0.00515062 -0.999978 0.00294192
-38.2411 62.8749 -3.84734 -0.000412451 -0.999993 -0.00129908
-38.2991 62.874 -2.60502 -0.00416396 -0.999989 0.000978806
-38.3501 62.8793 -1.29733 -0.00207362 -0.999991 0.00167841
-38.2946 62.877 -0.261599 -0.00207909 -0.999997 -0.00154575
-38.305 62.8782 0.892033 -0.00406315 -0.999989 0.0019612
-38.3285 62.879 1.81938 -0.00530465 -0.999984 0.00160432
-38.3464 62.8847 2.93862 0.00228238 -0.999972 0.00257715
-38.3752 62.8814 4.02554 0.00566867 -0.999976 -0.00380942
-38.4914 62.8783 5.27832 0.000950961 -1 0.000227417
-39.4173 62.8774 5.49686 0.00174256 -0.999997 -0.0016837
-40.5991 62.873 5.55579 0.00533676 -0.999983 -0.00237392
-41.64 62.866 5.68187 0.00780358 -0.999969 -0.000805298
-42.7639 62.8571 5.71631 0.00822591 -0.999965 -0.00106862
-43.7262 62.8463 5.66875 0.0118705 -0.999928 0.00161936
-45.0925 62.8275 5.53044 0.0152693 -0.999883 0.000237779
-46.0049 62.8124 4.70127 0.0189059 -0.99982 0.00152742
-46.1725 62.8087 3.59291 0.0185951 -0.999827 -0.000762356
-46.9199 62.7942 3.70594 0.0196772 -0.999806 -0.00035661
-46.8182 62.7964 4.64794 0.020083 -0.999798 0.000850556
-46.7585 62.7982 5.84709 0.0201786 -0.999796 0.000257748
-45.9989 62.8138 6.25534 0.0178252 -0.999838 0.000255401
-44.8369 62.8316 6.31302 0.0148782 -0.999889 2.03622e-05
-43.7935 62.8467 6.40636 0.0131746 -0.999912 0.000708495
-42.8471 62.8555 6.42927 0.00863408 -0.999962 -0.00122796
-41.7959 62.8639 6.41342 0.00714 -0.999973 -0.00170789
-40.5153 62.8718 6.31185 0.00508846 -0.999985 -0.00191247
-39.5145 62.876 6.24761 0.00140085 -0.999997 -0.00213318
-38.4608 62.8769 6.32468 0.000645241 -0.999997 -0.00236141
-37.6906 62.8788 5.50243 0.00165428 -0.999996 -0.00136603
-37.6445 62.8828 4.53856 0.00526472 -0.999975 -0.00475882
-37.6242 62.8876 3.44165 0.0022869 -0.999972 0.00257903
-37.6347 62.8796 2.44281 -0.00352498 -0.999956 0.00844523
-37.6139 62.8752 1.2369 -0.00300037 -0.999995 0.000788392
-37.5857 62.8746 0.287716 -0.00245645 -0.999996 -0.00116946
-37.5857 62.8761 -0.754383 -0.00265228 -0.999996 -0.00107997
-37.6102 62.8771 -1.70624 -0.00206832 -0.999991 0.00167843
-37.5693 62.8757 -2.75833 0.00426025 -0.999991 -0.000546312
-37.4953 62.8776 -4.01262 0.00309332 -0.999994 -0.00129137
-37.5257 62.8786 -5.20965 0.00562925 -0.999979 0.000917233
-37.9919 62.8727 -6.19248 0.00847193 -0.999963 0.00151469
-39.0138 62.8707 -6.25247 -0.000888512 -1 0.000253849
-40.2731 62.8678 -6.22655 0.00444729 -0.999988 0.00201948
-41.9447 62.8606 -6.20642 0.00419318 -0.99999 0.00162541
-42.9086 62.8563 -6.24782 0.00809393 -0.999965 0.000493475
-44.1972 62.8436 -6.22454 0.0110025 -0.999939 -0.000201546
-45.4694 62.8244 -6.36489 0.0153057 -0.999883 -0.000591655
-46.4739 62.8079 -6.18356 0.0173856 -0.999848 -0.000881438
-46.8568 62.7996 -4.93645 0.0185116 -0.999828 -0.0013905
-46.8837 62.7981 -3.97657 0.0195767 -0.999808 -0.000132072
-46.8078 62.7996 -2.95157 0.0185887 -0.999827 0.000146634
-46.7914 62.7993 -1.94592 0.0182672 -0.999833 -0.000737732
-46.9036 62.7952 -0.670697 0.019509 -0.999809 -0.000796465
-47.0361 62.7921 0.347333 0.0195055 -0.99981 -0.000192573
-46.9879 62.7931 1.43416 0.0193091 -0.999814 0.00022158
-46.9912 62.7931 2.51486 0.0197481 -0.999805 -0.000246481
-46.962 62.7935 3.19864 0.0197118 -0.999806 -0.000302903
-47.6744 62.78 2.88502 0.0189383 -0.999821 -0.000393963
-47.7084 62.7791 1.25664 0.019121 -0.999817 0.000326349
-47.7497 62.7782 0.172807 0.0194359 -0.999811 -0.0001557
-47.7979 62.7778 -0.794701 0.0194917 -0.99981 -0.000735351
-47.7133 62.7825 -2.03141 0.0186392 -0.999824 -0.00176946
-47.6467 62.7839 -3.22895 0.018609 -0.999827 0.000106228
-47.6151 62.7849 -4.73298 0.0187086 -0.999824 -0.000969282
-47.6414 62.7855 -5.66592 0.0192211 -0.999815 -0.000377442
-47.2028 62.7947 -6.97986 0.0193887 -0.999812 -0.000666753
-45.9263 62.8175 -7.16296 0.0157443 -0.999876 -0.000299903
-44.9999 62.832 -7.10858 0.0154085 -0.999881 -0.000267098
-44.0355 62.8454 -7.03252 0.0121862 -0.999926 0.000169156
-42.461 62.8578 -7.06076 0.00636909 -0.999979 0.00155931
-41.5744 62.8619 -6.94505 0.00390556 -0.999992 1.15652e-05
-40.5796 62.8646 -6.97093 0.00381996 -0.99999 0.00199418
-39.5884 62.8684 -7.0801 0.00323752 -0.999991 0.00279652
-38.5743 62.8701 -7.19434 0.00209166 -0.999993 -0.000177572
-37.6025 62.8736 -7.10842 0.00176621 -0.999993 0.00325616
-36.8422 62.8778 -6.26072 0.00167458 -0.999993 0.0034617
-36.7726 62.8757 -4.64538 -0.0101496 -0.999947 0.00173395
-36.8066 62.8783 -3.52466 -0.0062615 -0.99998 0.000800143
-36.8168 62.8774 -2.43784 -0.00098444 -0.999996 -0.00273452
-36.8711 62.8748 -1.4254 -0.00178426 -0.999996 -0.00165327
-36.8265 62.8736 -0.443702 -0.00245603 -0.999996 -0.00117478
-36.8568 62.8728 0.585319 -0.00220625 -0.999997 -0.000909756
-36.8651 62.8736 1.60587 -0.00181537 -0.999995 0.00258836
-36.9086 62.8799 2.92212 -0.00554951 -0.999945 0.00887375
-36.8916 62.8866 3.96948 -0.00403905 -0.999969 -1.4535e-05
-36.8893 62.8817 4.88808 0.000744909 -0.999991 -0.00429176
-36.8578 62.8793 6.22502 -0.000380684 -1 0.000426651
-37.254 62.8793 6.95273 0.00396992 -0.999991 0.00052623
-38.9715 62.8744 7.07215 0.00181445 -0.999996 -0.00135476
-39.8722 62.8733 7.01538 0.00554705 -0.999981 -0.00261645
-40.893 62.8681 7.10334 0.00476179 -0.999985 -0.00250884
-42.0826 62.8612 7.09499 0.00696476 -0.999976 -0.00030847
-43.0671 62.8533 7.1229 0.00848308 -0.999964 -0.000220123
-44.3388 62.8389 7.08276 0.0145198 -0.999895 0.000129922
-45.542 62.8209 7.03266 0.0154116 -0.999881 0.000228774
-46.8157 62.7973 7.132 0.020458 -0.999791 -9.44918e-05
-47.6664 62.7805 5.92054 0.0186323 -0.999826 0.000353801
-47.6162 62.7807 4.93272 0.0186362 -0.999826 0.000612766
-47.6629 62.7797 3.77932 0.0194062 -0.999812 -0.000127552
-47.6621 62.7798 3.70332 0.0194042 -0.999812 -0.00013085
-47.6665 62.7797 3.65598 0.0192679 -0.999814 -0.000345884
