27.1277 64.151 1.45447 -0.062312 -0.998057 0.000297838
27.7111 64.1144 0.928338 -0.0654096 -0.997852 -0.00127205
27.6997 64.1155 -0.107692 -0.0619568 -0.998078 -0.000903676
27.6248 64.1251 -1.37647 -0.0640004 -0.997925 -0.00707519
27.0446 64.1566 -0.567648 -0.0629876 -0.998001 -0.00398667
26.8551 64.1679 0.543727 -0.0625046 -0.998045 -0.000191564
26.8782 64.1666 1.33032 -0.0623181 -0.998056 0.000294716
26.1349 64.2101 1.47359 -0.0547299 -0.998496 -0.00213211
26.1874 64.2083 0.179832 -0.0584537 -0.99829 0.000611683
26.2357 64.2086 -1.07574 -0.0555181 -0.998428 -0.00769979
26.481 64.2015 -2.12017 -0.0608547 -0.998131 -0.000672518
27.555 64.1339 -2.36794 -0.0620971 -0.998058 0.00483731
28.3644 64.0764 -1.84084 -0.0795605 -0.996821 -0.00436034
28.4312 64.069 -0.697162 -0.0717426 -0.997412 0.000706171
28.4587 64.0651 0.24959 -0.0681336 -0.997674 -0.00215004
28.454 64.062 1.42867 -0.0684429 -0.997651 -0.00287878
28.1704 64.079 2.31085 -0.0684693 -0.99765 -0.00265743
27.0298 64.156 2.45375 -0.061293 -0.998101 -0.00397029
26.2497 64.2019 1.97072 -0.0567788 -0.998381 -0.0033807
26.146 64.2089 1.63424 -0.0567789 -0.998381 -0.00338065
25.3989 64.2485 1.53458 -0.0452744 -0.998969 -0.00332833
25.4821 64.2425 2.61357 -0.0459069 -0.998946 1.88153e-05
26.4134 64.1889 3.15517 -0.055939 -0.998427 -0.00362903
27.5612 64.117 3.23759 -0.0658447 -0.997818 -0.00496203
28.8829 64.0224 2.98578 -0.0796764 -0.996802 -0.00616459
29.1906 64.0061 1.68317 -0.0791202 -0.996848 -0.00579616
29.1843 64.0138 0.25826 -0.0789305 -0.996868 -0.00499357
29.1499 64.0147 -0.692714 -0.0753541 -0.99715 0.00355737
29.1287 64.016 -1.98181 -0.0790766 -0.996855 -0.00516675
28.858 64.0428 -2.89292 -0.0785994 -0.996888 -0.00597967
27.921 64.1089 -3.12462 -0.0595235 -0.998226 0.00117837
26.8806 64.1721 -3.12127 -0.0621882 -0.998055 0.00414711
25.9487 64.2315 -2.98802 -0.0630872 -0.998002 0.00347724
25.5254 64.2509 -1.63456 -0.0482746 -0.998833 -0.00159366
25.4774 64.2495 -0.480307 -0.055249 -0.998465 -0.00129916
25.4376 64.2475 0.795983 -0.0523531 -0.998626 -0.00204049
25.3997 64.2487 1.47138 -0.0452754 -0.998969 -0.00332298
24.6684 64.2814 1.3938 -0.0411374 -0.999153 -0.00112001
24.6772 64.2788 2.50979 -0.0428019 -0.999081 -0.00243893
24.9078 64.2662 3.51525 -0.0428071 -0.999079 -0.00292128
25.6792 64.2268 3.873 -0.0492459 -0.998766 -0.00641031
27.1125 64.1413 3.97418 -0.0660439 -0.997773 -0.00932819
28.0432 64.0799 3.96698 -0.0648545 -0.997865 -0.00770487
29.0587 64.0064 3.92786 -0.0761871 -0.997084 -0.00434235
29.8615 63.9449 3.06045 -0.0803939 -0.996759 -0.000994044
29.9503 63.9429 2.08764 -0.0794047 -0.996821 -0.00651287
29.9352 63.9524 0.641843 -0.0790247 -0.996861 -0.00491863
29.8866 63.9587 -0.446662 -0.0772559 -0.997007 0.00299121
29.8744 63.9555 -1.71932 -0.0784184 -0.996917 0.00261826
29.884 63.9588 -3.02644 -0.0872398 -0.996175 -0.00487855
29.1062 64.0235 -3.79418 -0.0735481 -0.99729 0.00156209
28.115 64.0964 -3.91733 -0.0665967 -0.997754 0.00150448
26.9456 64.1705 -3.91968 -0.0618008 -0.998069 -0.00595185
25.7627 64.2414 -3.85404 -0.0554976 -0.998438 -0.00255919
24.8884 64.281 -3.24202 -0.0425435 -0.999089 0.00322701
24.8063 64.2838 -2.04703 -0.0389229 -0.999239 -0.00249955
24.7445 64.2835 -0.72901 -0.0401846 -0.999189 -0.00232891
24.7095 64.2811 0.450295 -0.0410041 -0.999155 -0.00270094
24.679 64.2812 1.14136 -0.0411363 -0.999153 -0.00111347
23.9328 64.3119 1.22299 -0.0390438 -0.999231 -0.00263929
23.9693 64.3127 0.0182767 -0.0410078 -0.999155 -0.00271238
24.0381 64.3123 -1.24485 -0.039663 -0.999212 -0.00142784
24.084 64.3123 -2.19001 -0.0386217 -0.999252 -0.00196161
24.0416 64.3159 -3.59593 -0.0404362 -0.999177 0.000902608
24.3309 64.3054 -4.50385 -0.0351205 -0.999381 0.00187896
25.4447 64.2567 -4.64132 -0.050824 -0.998707 0.00114363
26.3936 64.2084 -4.65529 -0.0554992 -0.998438 -0.00254881
27.4721 64.14 -4.6908 -0.0689358 -0.997621 0.00108388
28.44 64.0725 -4.66933 -0.0744517 -0.997224 -0.000511091
29.4588 63.9963 -4.55427 -0.0739993 -0.997258 0.000520962
30.5582 63.8993 -4.01273 -0.0895526 -0.995981 -0.00119155
30.676 63.8912 -2.9479 -0.0755297 -0.997142 0.00137617
30.6078 63.8976 -1.77775 -0.0784119 -0.996917 0.0026178
30.6168 63.9009 -0.266779 -0.0894327 -0.995992 0.000973548
30.7031 63.8872 0.912073 -0.0845443 -0.996399 -0.00643794
30.7133 63.8759 2.3326 -0.0838242 -0.996465 -0.00465309
30.6545 63.8786 3.3282 -0.0826615 -0.996576 -0.00162074
30.0696 63.9271 4.61597 -0.0832596 -0.996526 0.00164917
28.9338 64.0126 4.7009 -0.0731397 -0.997304 0.000615438
28.0278 64.0761 4.71458 -0.0683858 -0.997659 0.000269923
27.0413 64.1423 4.71633 -0.0639462 -0.997953 0.00126746
26.0531 64.2039 4.6569 -0.0526845 -0.998596 -0.00432007
25.02 64.2559 4.56833 -0.0485951 -0.998808 -0.00390812
24.1485 64.2952 4.2653 -0.0400333 -0.999197 -0.00152695
23.929 64.3097 2.99509 -0.0358543 -0.999342 -0.00357575
23.9105 64.3096 1.96466 -0.0371209 -0.999306 -0.00170813
23.9221 64.3112 1.46784 -0.0369508 -0.999308 -0.0041728
23.183 64.3372 1.38695 -0.0306027 -0.999532 8.96176e-05
23.1631 64.3358 2.52088 -0.0320756 -0.99948 -0.00322617
23.1905 64.3315 3.69512 -0.0319326 -0.999487 -0.00251017
23.3137 64.3249 4.62834 -0.0329954 -0.999448 -0.00391861
23.9959 64.2998 5.30005 -0.0365105 -0.999323 -0.00272399
24.9376 64.2559 5.35838 -0.0464944 -0.998918 -0.00111887
26.3647 64.1817 5.42871 -0.0559035 -0.998425 -0.0048038
27.5618 64.1082 5.45496 -0.0688905 -0.997623 -0.000682554
28.5694 64.0381 5.47199 -0.0678795 -0.997691 -0.00141789
29.5761 63.9699 5.48586 -0.078537 -0.996874 -0.0057909
30.5192 63.8887 5.436 -0.101417 -0.994799 -0.00902382
31.3285 63.8125 4.58605 -0.10374 -0.994556 -0.00979912
31.4168 63.814 3.612 -0.091795 -0.99576 -0.00466506
31.4638 63.8114 2.70123 -0.0894476 -0.99599 -0.001775
31.4934 63.81 1.75467 -0.0943293 -0.995507 -0.00523067
31.4546 63.8257 0.549282 -0.0994281 -0.995017 -0.00683335
31.3575 63.8341 -0.450301 -0.0896961 -0.995969 0.000354483
31.3393 63.8344 -1.3686 -0.0866758 -0.996226 -0.00184754
31.4089 63.8331 -2.64947 -0.0836249 -0.996495 -0.00227434
31.4163 63.8287 -3.92016 -0.0831085 -0.996489 0.0101519
31.1035 63.8491 -5.12512 -0.0868557 -0.996218 0.00228141
29.6831 63.9784 -5.30903 -0.0839034 -0.996439 0.00127507
28.7621 64.048 -5.44476 -0.0762373 -0.997089 0.000878522
27.7018 64.1245 -5.46188 -0.0693352 -0.997589 -0.00311103
26.4714 64.2051 -5.42347 -0.0535932 -0.998555 -0.00130185
25.5429 64.2523 -5.4299 -0.0507772 -0.998704 -0.00353946
24.2758 64.306 -5.39612 -0.0350932 -0.999384 0.000662927
23.401 64.3373 -4.91137 -0.0353563 -0.999373 0.00195785
23.2514 64.344 -3.53895 -0.0342942 -0.999411 -0.00058201
23.3183 64.3403 -2.37163 -0.031726 -0.999479 -0.00421306
23.2945 64.3373 -1.21021 -0.029116 -0.999575 -0.00136923
23.2329 64.3378 -0.301475 -0.0291697 -0.999574 -0.00118119
23.2099 64.3367 0.723156 -0.0301182 -0.999543 -0.00245241
23.196 64.3368 1.06813 -0.0306089 -0.999531 9.34158e-05
22.4746 64.3589 0.889061 -0.0313647 -0.999507 0.000557762
22.435 64.3611 1.85409 -0.0321327 -0.999483 0.00102961
22.4218 64.3596 2.75885 -0.0343243 -0.999402 -0.00413658
22.4431 64.3545 4.08137 -0.0311122 -0.999513 -0.00232584
22.5213 64.3495 5.07432 -0.0325965 -0.999464 -0.00281165
22.9048 64.3342 5.94615 -0.0317389 -0.99949 -0.00357077
24.0223 64.2942 6.10318 -0.0404666 -0.999164 -0.0057723
25.4549 64.2268 6.15682 -0.0530087 -0.998573 -0.00642327
26.3846 64.1767 6.22507 -0.055456 -0.998452 -0.00415534
27.6095 64.1036 6.23806 -0.069323 -0.997593 -0.00177394
28.5611 64.0377 6.2435 -0.0695207 -0.997559 -0.0046387
29.8646 63.9428 6.23319 -0.0785346 -0.996875 -0.00579211
30.8253 63.8508 6.18013 -0.101417 -0.994799 -0.00902375
31.7542 63.7625 6.03261 -0.092867 -0.995678 0.00114508
32.1201 63.7331 5.05168 -0.0903989 -0.995862 -0.00935164
32.1885 63.7374 4.08294 -0.0933818 -0.995583 -0.0095016
32.2176 63.7432 2.9544 -0.0917915 -0.99576 -0.00466072
32.2491 63.7416 2.00011 -0.0898639 -0.995954 -0.00068809
32.2232 63.7446 1.03179 -0.0943304 -0.995507 -0.00523179
32.1154 63.7616 -0.0781795 -0.100076 -0.994972 -0.00388858
32.0774 63.7718 -1.31815 -0.0879623 -0.9961 -0.00575721
32.1532 63.769 -2.70846 -0.0882253 -0.9961 0.000507541
32.1703 63.7643 -3.75633 -0.0883656 -0.996062 0.00725754
32.1659 63.758 -4.67823 -0.0949343 -0.995418 0.00915823
31.7482 63.7872 -5.82704 -0.0922504 -0.995702 0.0082448
30.836 63.8704 -6.06377 -0.0906178 -0.995876 0.00358886
29.7256 63.9739 -6.06983 -0.0839003 -0.996439 0.00127546
28.289 64.0845 -6.27245 -0.0739436 -0.997258 -0.000564328
27.3764 64.1495 -6.22012 -0.0702021 -0.99753 -0.0021109
26.2804 64.2151 -6.18699 -0.0564143 -0.998407 0.000950414
25.0305 64.2763 -6.2222 -0.0387535 -0.999246 0.0025111
24.0242 64.3143 -6.19798 -0.0356579 -0.999364 0.000281387
22.9901 64.3517 -5.92834 -0.0362226 -0.999344 -0.000100309
22.5471 64.3678 -4.85207 -0.035971 -0.999352 0.00102265
22.4939 64.3698 -3.21116 -0.0342942 -0.999411 -0.00058205
22.5884 64.3582 -1.93329 -0.0287369 -0.999574 -0.00407733
22.5052 64.3594 -0.666857 -0.0283847 -0.999597 -0.000964267
22.4891 64.3587 0.603378 -0.029675 -0.999558 -0.0017318
22.4841 64.3585 0.712721 -0.030355 -0.999538 -0.00118155
21.7604 64.3777 0.534831 -0.0256481 -0.999671 0.000384874
21.6877 64.3821 2.03857 -0.0249745 -0.999686 0.00213112
21.6666 64.383 3.01737 -0.0283393 -0.999584 -0.00249108
21.7112 64.3764 4.43927 -0.0289331 -0.99956 -0.00533766
21.744 64.3678 5.37425 -0.0246394 -0.999676 -0.00513642
21.9588 64.361 6.6136 -0.0210431 -0.999773 0.00143629
23.3857 64.3133 6.89755 -0.032197 -0.999456 -0.00708687
24.6041 64.2655 6.88962 -0.040427 -0.99916 -0.00671769
25.9682 64.199 6.94275 -0.0530218 -0.998593 0.000256807
26.9005 64.1455 7.01593 -0.0560595 -0.998423 -0.00266567
27.9115 64.0813 6.98614 -0.069323 -0.997593 -0.00177394
29.5023 63.9638 6.97326 -0.0727443 -0.997325 -0.00707939
30.4382 63.8898 6.94805 -0.0960504 -0.995367 0.00429331
31.447 63.7939 6.9544 -0.0935525 -0.995606 0.00416971
32.6461 63.6885 6.8474 -0.070359 -0.997483 0.00806274
32.9362 63.6608 5.97964 -0.0641284 -0.997847 0.0137556
32.9637 63.6648 4.82237 -0.0639807 -0.997863 -0.0132402
32.9578 63.6749 3.77798 -0.0688421 -0.997597 -0.0078397
32.9988 63.6734 2.36803 -0.0879152 -0.996111 0.00334962
32.9866 63.6752 1.40686 -0.0905557 -0.995891 -0.000627587
32.9152 63.6809 0.400247 -0.0972796 -0.995246 -0.00467892
32.848 63.6975 -0.83834 -0.0918655 -0.99569 -0.0127405
32.8621 63.7063 -2.31019 -0.0897764 -0.995949 -0.0032458
32.9439 63.6903 -3.626 -0.10033 -0.994869 0.0128087
32.958 63.6804 -5.28415 -0.0962737 -0.995355 5.30414e-05
32.6682 63.6977 -6.43561 -0.0894476 -0.995952 0.0089195
31.9298 63.768 -6.88258 -0.103585 -0.994606 0.00544267
30.5524 63.8934 -6.96484 -0.0883158 -0.99609 0.00237434
29.6695 63.9737 -6.99866 -0.0883132 -0.996076 0.00569996
28.7589 64.0465 -7.11719 -0.0785069 -0.996913 0.00130165
27.6413 64.1315 -7.02163 -0.0710695 -0.997471 -0.00114444
26.218 64.2173 -6.96974 -0.0565057 -0.9984 0.00215445
24.8825 64.2822 -6.98283 -0.0390111 -0.999237 -0.001764
23.9565 64.3169 -6.97488 -0.0362366 -0.999343 -0.000338187
22.4493 64.3725 -6.89295 -0.0297418 -0.999523 -0.00177296
21.8595 64.3844 -6.15932 -0.0215819 -0.999767 -0.000647745
21.7752 64.3866 -5.14407 -0.0252117 -0.999673 0.0042278
21.722 64.3911 -3.66792 -0.0261403 -0.999655 -0.00149328
21.7772 64.3829 -2.22911 -0.0271777 -0.999607 -0.00694149
21.7803 64.3803 -1.075 -0.0281933 -0.999602 -0.00101603
21.7501 64.3784 -0.125246 -0.0270108 -0.999631 -0.00299916
21.7683 64.3777 0.0965904 -0.025437 -0.999676 -0.000458694
21.7613 64.3777 0.487265 -0.0254314 -0.999676 -0.000457871
