26.9366 66.8036 0.797452 -0.0779 -0.996914 -0.00702277
27.3729 66.7787 -0.0253872 -0.0811038 -0.996622 -0.0128864
26.99 66.8096 -0.722099 -0.0583508 -0.99827 0.00474408
26.5014 66.8368 0.331663 -0.055492 -0.998459 2.48801e-06
26.6023 66.8312 0.767498 -0.0683004 -0.997541 -0.00644787
25.8165 66.8737 0.805523 -0.0526886 -0.998608 -0.00241158
26.1894 66.8535 1.614 -0.0589717 -0.998225 -0.00293682
27.4074 66.7674 1.63881 -0.0809329 -0.99669 -0.00363833
28.0792 66.7117 1.12488 -0.0927601 -0.995658 -0.00539314
28.1892 66.7073 0.0877108 -0.0935146 -0.995577 -0.00771102
28.0754 66.7188 -1.02479 -0.0901334 -0.99592 0.00433288
27.4437 66.7733 -1.63186 -0.0756925 -0.997 0.00678655
26.5296 66.8301 -1.56021 -0.061254 -0.998079 0.00925077
25.9123 66.8694 -0.962737 -0.0554423 -0.998462 0.000243747
25.7924 66.8762 0.289892 -0.0540885 -0.998534 -0.00119675
25.7896 66.8759 0.485602 -0.0526874 -0.998608 -0.00240644
25.0805 66.9122 0.584891 -0.0421529 -0.999111 0.000953872
25.197 66.9052 1.90553 -0.0463343 -0.998896 -0.00351216
26.4086 66.8337 2.45032 -0.0653517 -0.997852 -0.00383559
27.3827 66.7637 2.47053 -0.0886783 -0.996028 -0.00807765
28.8241 66.6355 1.84421 -0.0969732 -0.995269 -0.00559746
28.8921 66.6341 0.551639 -0.0971751 -0.995227 -0.00813943
28.8717 66.6447 -0.580534 -0.111052 -0.993812 -0.00203884
28.7409 66.6558 -1.75318 -0.0897764 -0.995955 0.00382994
28.042 66.7192 -2.37923 -0.0980526 -0.995111 -0.0118002
26.9739 66.8057 -2.36284 -0.0643405 -0.99788 -0.00973672
25.6156 66.8918 -2.23349 -0.0535208 -0.998466 -0.00972879
25.0999 66.9079 -1.40897 -0.0440972 -0.999015 -0.00199499
25.0813 66.911 -0.39345 -0.0422289 -0.999106 0.00185066
25.0858 66.9114 0.0123764 -0.0420271 -0.999116 0.00117272
24.3548 66.942 -0.0362248 -0.0419162 -0.99912 0.00139431
24.3606 66.9429 0.939029 -0.0395443 -0.99921 -0.00167315
24.3864 66.938 1.85312 -0.0369462 -0.999308 -0.0043075
24.7577 66.916 3.02603 -0.0409959 -0.999147 -0.00497585
26.1632 66.8486 3.19274 -0.0601583 -0.998158 -0.00509522
27.098 66.7832 3.21765 -0.0888839 -0.996011 -0.00785874
28.1539 66.6891 3.19948 -0.0886782 -0.996028 -0.00807773
29.5201 66.5626 2.72192 -0.0943334 -0.995526 -0.00547909
29.6281 66.557 1.41367 -0.119931 -0.99278 -0.0019344
29.594 66.5632 0.190813 -0.110867 -0.993835 -0.000512964
29.5572 66.5692 -0.806312 -0.109459 -0.993975 -0.00563154
29.5115 66.5768 -1.7087 -0.103976 -0.994575 0.00306624
29.3858 66.5898 -2.75586 -0.0997395 -0.994994 -0.00600101
28.4594 66.6863 -3.14194 -0.100915 -0.994866 -0.00765393
27.5495 66.769 -3.12862 -0.0786223 -0.996894 -0.00466676
26.2618 66.8588 -3.11809 -0.0638682 -0.997914 -0.00941716
25.2214 66.9176 -3.09888 -0.0381296 -0.999233 -0.00633361
24.3146 66.9438 -2.34246 -0.0273559 -0.999621 -0.00177723
24.3497 66.9404 -1.14082 -0.0440993 -0.999015 -0.00200061
24.3506 66.9417 -0.38243 -0.0419162 -0.99912 0.00139431
23.613 66.959 -0.392801 -0.0134803 -0.999903 0.00343334
23.6338 66.9636 1.02388 -0.017917 -0.999821 -0.00069896
23.6487 66.9588 1.95537 -0.0223792 -0.999738 -0.0047569
23.7404 66.9514 3.18235 -0.0193584 -0.999809 -0.00279472
24.5777 66.918 3.90641 -0.0391085 -0.999215 -0.00633811
25.9638 66.853 3.94136 -0.0555937 -0.998414 -0.00884787
27.2838 66.7637 3.9675 -0.0850674 -0.996373 0.00206298
28.606 66.6461 3.93177 -0.0931976 -0.995646 -0.000550727
29.5784 66.5535 3.82662 -0.104522 -0.994457 -0.00406881
30.2852 66.4729 3.14631 -0.120216 -0.992746 -0.00166223
30.3873 66.4646 1.6487 -0.12068 -0.992687 -0.00282442
30.352 66.4712 0.695477 -0.119909 -0.992777 -0.00388031
30.284 66.4831 -0.558573 -0.123932 -0.992273 -0.00469814
30.2472 66.498 -1.82181 -0.126045 -0.992001 -0.00666405
30.2334 66.5059 -2.93454 -0.0997395 -0.994994 -0.00600101
29.5504 66.5773 -3.88281 -0.105403 -0.994429 0.00142758
28.4846 66.6881 -3.90143 -0.0994333 -0.995036 -0.00413404
27.4396 66.7813 -3.87991 -0.0785795 -0.996896 -0.00486236
26.4019 66.8548 -3.88226 -0.0642158 -0.997932 -0.00286165
25.3672 66.9148 -3.87017 -0.0390014 -0.999211 0.00165654
24.225 66.9524 -3.80385 -0.0330733 -0.999449 -0.00263462
23.5993 66.9664 -3.15571 -0.0243312 -0.999696 -0.00189626
23.5459 66.9656 -1.94922 -0.024033 -0.999698 -0.00192307
23.6133 66.9583 -0.586521 -0.0168272 -0.999846 -0.000239219
22.8641 66.9731 -0.48993 -0.0201741 -0.999789 -0.00391179
22.7879 66.9804 -1.8565 -0.0201263 -0.999787 -0.004554
22.788 66.9842 -3.23195 -0.0154736 -0.999851 -0.00275177
22.9851 66.9836 -4.40045 -0.0214688 -0.99974 -0.00763068
24.2465 66.9531 -4.63226 -0.0309122 -0.999521 -0.00158416
25.3499 66.9109 -4.65107 -0.0449228 -0.998973 0.00594105
26.4895 66.8514 -4.65117 -0.0683303 -0.997652 -0.00128277
27.8701 66.7511 -4.6491 -0.0755067 -0.997135 -0.00228989
29.02 66.63 -4.67955 -0.106985 -0.994253 0.00381908
30.1881 66.5065 -4.63211 -0.11437 -0.993392 0.003781
30.9716 66.411 -3.89646 -0.122806 -0.992428 0.00222035
31.0008 66.4061 -2.52241 -0.127947 -0.991767 -0.00520122
30.9736 66.4033 -1.4787 -0.126821 -0.991911 -0.00532895
31.0085 66.3935 -0.470538 -0.122593 -0.992456 -0.00139674
31.0935 66.3812 0.784581 -0.121254 -0.992616 -0.00263958
31.1414 66.3727 1.7581 -0.12068 -0.992687 -0.00282453
31.1417 66.37 2.69724 -0.120216 -0.992746 -0.0016621
31.0305 66.3794 4.09387 -0.135815 -0.990719 -0.00555141
30.166 66.4768 4.62219 -0.118906 -0.992693 -0.020526
29.1983 66.59 4.66595 -0.104522 -0.994457 -0.00406874
28.2838 66.6746 4.71688 -0.0915633 -0.995798 -0.00146505
27.3194 66.759 4.72553 -0.0702876 -0.997493 -0.00653162
26.2847 66.8334 4.70385 -0.0629573 -0.997947 -0.00671305
24.9314 66.9004 4.6848 -0.0465922 -0.998872 -0.00912163
24.0021 66.9369 4.60272 -0.0339943 -0.99937 -0.00792872
22.9579 66.9642 3.96795 -0.019174 -0.999812 -0.00294939
22.9155 66.9679 2.98623 -0.0202552 -0.999782 -0.00470001
22.8939 66.9749 1.75731 -0.00554646 -0.999967 -0.00518211
22.8809 66.9709 0.208858 -0.0134675 -0.999904 0.00339615
22.8789 66.9705 0.0829033 -0.0168272 -0.999846 -0.000239224
22.1388 66.9804 0.0510213 -0.0126677 -0.999905 -0.000950108
22.1312 66.9846 1.13168 -0.0102354 -0.999922 -0.00217679
22.1433 66.9773 2.17881 -0.00471032 -0.999986 -0.00256459
22.1608 66.9739 3.10833 -0.00287511 -0.999982 -0.00526606
22.1646 66.9679 4.14129 -0.004714 -0.999971 -0.00585339
22.6808 66.9589 5.34169 -0.00525377 -0.999972 -0.00526779
23.5936 66.9438 5.37846 -0.0314171 -0.999504 0.00232568
24.5616 66.9131 5.3761 -0.0406839 -0.999144 0.00151538
25.7132 66.8601 5.45341 -0.0455193 -0.998963 -0.000544863
26.7954 66.7938 5.49568 -0.0664644 -0.997771 -0.00602438
27.7529 66.7231 5.50673 -0.0925409 -0.995709 -0.00018986
28.9807 66.6096 5.45122 -0.0915927 -0.995796 -0.00118583
30.137 66.4637 5.42508 -0.122978 -0.992286 -0.0132001
31.0446 66.3552 5.40404 -0.11518 -0.993322 -0.00663024
31.8023 66.2692 4.87871 -0.139869 -0.990133 -0.00618636
31.8528 66.2684 3.78641 -0.135815 -0.990719 -0.0055511
31.8891 66.2553 2.44681 -0.158919 -0.987245 0.00958857
31.8595 66.2565 1.36487 -0.15273 -0.988051 -0.0115323
31.7437 66.2969 -0.276077 -0.135994 -0.9907 -0.00446596
31.7103 66.3069 -1.46445 -0.141368 -0.989932 -0.00707807
31.7562 66.3051 -2.70439 -0.158789 -0.987304 -0.00399902
31.7733 66.3081 -3.68298 -0.147142 -0.989039 -0.000775739
31.7097 66.3087 -4.6404 -0.13916 -0.990251 0.00513324
31.0671 66.3911 -5.38959 -0.130706 -0.991375 0.00955602
30.1737 66.5036 -5.40728 -0.106316 -0.994323 0.00371893
28.9167 66.6417 -5.43287 -0.109647 -0.993959 -0.00482758
27.7535 66.7578 -5.39523 -0.0790361 -0.996842 0.00453354
26.5657 66.8448 -5.42441 -0.0714198 -0.997433 0.00461498
25.6368 66.8967 -5.42552 -0.0467866 -0.998903 -0.00204854
24.7155 66.9384 -5.4054 -0.0385788 -0.999255 0.000498211
23.6705 66.9738 -5.41579 -0.0288336 -0.999555 -0.00765129
22.5869 66.9881 -5.32222 -0.00576603 -0.999981 -0.00197784
22.0757 66.9913 -4.32015 0.00370237 -0.999936 -0.00381389
22.0258 66.9908 -3.18488 0.000600698 -0.999935 -5.25438e-05
22.0305 66.9874 -1.89379 -0.00836001 -0.999965 0.0010473
22.0944 66.9869 -0.909271 -0.00831018 -0.99995 -0.00245464
22.1344 66.9814 -0.0969627 -0.0116608 -0.999913 -0.00619747
21.3748 66.9902 -0.0955891 -0.0126677 -0.999905 -0.000950108
21.3769 66.9889 0.811765 0.0101089 -0.999938 -0.00450599
21.3935 66.9812 2.17897 0.00167381 -0.999943 -0.00675918
21.3977 66.9747 3.54108 -0.0048831 -0.999977 -0.00461593
21.2754 66.9764 4.52205 -0.00652176 -0.999974 0.00299889
21.4144 66.9733 5.70505 -0.0166621 -0.99986 -0.00134354
22.3225 66.9562 6.20113 -0.0134891 -0.999884 -0.00451741
23.4889 66.9465 6.25463 -0.00762108 -0.999951 -0.00618052
24.4961 66.9158 6.21766 -0.0333841 -0.999442 0.000642133
25.7754 66.8569 6.28309 -0.0524866 -0.998606 -0.000773105
26.9371 66.7819 6.2813 -0.0646317 -0.997901 0.00411586
28.0471 66.6933 6.32389 -0.091927 -0.995742 -0.00694032
28.9658 66.6082 6.23842 -0.105023 -0.994386 -0.0108148
30.1234 66.4657 6.20321 -0.12407 -0.992267 0.00352755
31.281 66.3221 6.25246 -0.119206 -0.992847 -0.0013728
32.2118 66.1987 6.12583 -0.138548 -0.990222 -0.0162516
32.5964 66.1537 5.12861 -0.143496 -0.98965 -0.00152494
32.612 66.1549 4.08286 -0.147143 -0.989079 -0.0084566
32.6036 66.1519 3.1007 -0.145272 -0.989297 0.0136595
32.6189 66.1346 2.00714 -0.139435 -0.990148 0.0110733
32.5082 66.1891 0.346588 -0.147489 -0.988852 -0.0170516
32.4587 66.1965 -0.757441 -0.141966 -0.989872 -0.000224457
32.5018 66.1869 -2.1955 -0.152824 -0.988224 0.00757083
32.523 66.1872 -3.37042 -0.155028 -0.987858 -0.0101577
32.5465 66.1936 -4.34728 -0.147135 -0.989039 -0.000782026
32.4634 66.1958 -5.69218 -0.150416 -0.98858 0.00908491
31.8486 66.2834 -6.18653 -0.146538 -0.989152 0.0101935
30.8786 66.416 -6.19405 -0.124671 -0.992154 0.00330476
29.9486 66.5268 -6.16234 -0.121805 -0.992503 0.0024946
28.9065 66.6454 -6.18298 -0.113079 -0.993585 -0.00164865
27.9968 66.7323 -6.1588 -0.0849707 -0.996364 0.0062161
26.7983 66.8235 -6.21466 -0.069723 -0.997546 0.00637474
25.7456 66.8906 -6.20258 -0.0505426 -0.998719 0.00250034
24.5849 66.9437 -6.17459 -0.0396086 -0.999211 -0.00286524
23.593 66.9743 -6.22267 -0.0204446 -0.999783 0.00411677
22.6644 66.9864 -6.20943 -0.00861276 -0.999958 0.00317395
21.7268 66.9898 -6.15626 0.0105127 -0.999944 0.000516586
21.3441 66.987 -5.035 0.00970758 -0.999953 0.000651937
21.314 66.9807 -4.11639 0.0127074 -0.999876 -0.00912203
21.263 66.9838 -3.08883 0.00851552 -0.999944 0.0063304
21.2536 66.9915 -1.9619 0.00177412 -0.999962 0.00315105
21.3115 66.9907 -0.969431 -0.00495508 -0.999987 0.0012932
21.3641 66.9914 -0.255482 -0.00831018 -0.99995 -0.00245464
20.598 66.9818 -0.447638 0.0179716 -0.999812 -0.00234521
20.4921 66.9868 -1.74359 0.0163097 -0.99982 0.0025208
20.5335 66.9763 -3.29048 0.00830968 -0.999947 0.00613169
20.5967 66.9712 -4.23456 0.0113507 -0.999906 -0.00100163
20.5267 66.9775 -5.15978 0.0192897 -0.999787 -0.00325217
20.5796 66.9748 -6.12093 0.0215485 -0.999757 0.00472693
21.3493 66.9859 -6.96625 0.0104476 -0.999945 -0.000703487
22.4582 66.9875 -7.0128 -0.00951254 -0.999954 0.000970679
23.3744 66.9735 -6.98508 -0.0184675 -0.99979 0.00890524
24.343 66.9557 -6.99807 -0.0361888 -0.999127 -0.00147518
25.3302 66.9097 -6.97705 -0.0505961 -0.998716 0.00238769
26.4702 66.8488 -7.00149 -0.0608446 -0.998102 -0.00132453
27.6503 66.757 -6.90818 -0.0936726 -0.995554 0.00412131
28.9157 66.6448 -6.95057 -0.0905012 -0.995852 0.00940481
30.2263 66.4849 -6.95878 -0.130538 -0.991422 0.00657336
31.4585 66.3338 -7.01019 -0.137405 -0.990346 0.0137286
32.726 66.1454 -6.99969 -0.146529 -0.989189 0.00580042
33.2791 66.0669 -6.2883 -0.15063 -0.98856 0.00767308
33.2985 66.0727 -5.34214 -0.150202 -0.9886 0.010496
33.2946 66.0712 -4.41363 -0.168303 -0.985703 -0.0074992
33.2799 66.0643 -3.47993 -0.16724 -0.985866 -0.00996784
33.2594 66.0692 -2.12266 -0.15333 -0.988151 0.00607087
33.2646 66.0774 -0.997651 -0.157294 -0.987535 0.00401109
33.2014 66.0829 0.0449022 -0.153757 -0.988094 -0.00544179
33.3256 66.0556 0.948514 -0.155009 -0.987875 -0.00863706
33.3697 66.0337 2.04556 -0.133606 -0.990998 0.00847731
33.2996 66.0491 3.1695 -0.142889 -0.989729 0.00396487
33.3989 66.0336 4.82766 -0.157052 -0.987578 -0.004866
33.2987 66.0422 6.2271 -0.150283 -0.988532 -0.0116713
32.5156 66.1406 7.07293 -0.140985 -0.989864 -0.0169316
31.1341 66.3411 6.99706 -0.146058 -0.98922 -0.0105584
30.0494 66.4781 7.03562 -0.123196 -0.992375 0.00392229
29.0144 66.5935 7.11943 -0.105024 -0.994385 -0.0108147
27.94 66.6973 7.16565 -0.0901208 -0.995901 -0.0074701
26.9997 66.7812 7.09673 -0.0764683 -0.996981 -0.00192794
25.3863 66.876 7.06372 -0.0569796 -0.998368 -0.00395707
24.2238 66.9254 6.96516 -0.0333881 -0.999442 0.000645819
23.0648 66.9458 7.03424 -0.00995128 -0.999928 -0.00668817
21.9776 66.9594 7.02832 -0.0188998 -0.999813 -0.00398864
20.9079 66.9678 6.89882 0.0238214 -0.999676 -0.00896313
20.5685 66.965 5.94727 0.0237066 -0.999708 -0.00457582
20.4677 66.9696 4.47893 0.0249697 -0.99967 -0.00601693
20.6016 66.9782 3.17713 0.00291457 -0.999996 -0.00025404
20.5493 66.9761 1.80642 0.00441698 -0.999988 0.00223203
20.5803 66.9811 0.623341 0.0104793 -0.99994 -0.00327444
20.6423 66.9843 0.151027 0.0110111 -0.999923 -0.00575188
20.6403 66.9845 0.105687 0.0129099 -0.999903 -0.000998983
