27.0657 67.687 0.687603 -0.0770141 -0.996863 -0.00872444
27.3382 67.6651 -0.287474 -0.0840054 -0.996368 0.00364398
26.2961 67.7388 -0.448583 -0.0649721 -0.997833 0.00265216
26.4732 67.7239 0.602033 -0.0578332 -0.998317 -0.00440383
26.496 67.7225 0.624268 -0.0594407 -0.998201 -0.00713816
26.3351 67.7252 1.3441 -0.0614614 -0.998065 -0.00938138
25.7092 67.7647 0.766389 -0.0459948 -0.998939 -0.00186791
25.6306 67.7712 -0.241629 -0.0447654 -0.998993 -0.00299645
26.1885 67.7415 -1.30463 -0.058178 -0.998281 0.00705435
27.3284 67.6618 -1.44178 -0.0762828 -0.997065 -0.00650052
27.9787 67.6043 -0.666522 -0.0973479 -0.995248 -0.00168402
28.0045 67.5972 0.645848 -0.0963129 -0.995337 -0.00531437
27.4653 67.6442 1.40829 -0.092969 -0.99564 -0.00757719
26.5247 67.7128 1.42628 -0.0610481 -0.998086 -0.00987249
26.2935 67.7207 2.14112 -0.0618746 -0.998044 -0.00889027
25.3516 67.7782 1.97633 -0.0484712 -0.998817 -0.00385535
25.0208 67.797 1.08513 -0.0472373 -0.998883 -0.000750183
24.9712 67.8002 -0.047388 -0.0459941 -0.998939 -0.00186851
24.9936 67.8022 -1.02004 -0.0448114 -0.99899 -0.00325471
25.296 67.7896 -1.8574 -0.0590508 -0.998188 -0.0037958
26.2198 67.7378 -2.10503 -0.0599396 -0.998095 -0.0146464
27.1348 67.6811 -2.1597 -0.0834869 -0.996413 -0.0083153
28.0951 67.5911 -2.02491 -0.09135 -0.995806 0.00498677
28.6783 67.5357 -1.21518 -0.0985558 -0.995128 -0.00262689
28.711 67.5278 0.1276 -0.108017 -0.994132 -0.00272008
28.6335 67.5321 1.3153 -0.0971569 -0.995253 -0.00567983
28.1625 67.5783 2.07802 -0.0929538 -0.995659 -0.000696889
27.1598 67.6671 2.16917 -0.0739822 -0.997151 -0.00660454
26.8576 67.6855 2.16219 -0.0613896 -0.998084 -0.0076567
26.8643 67.6807 2.8563 -0.0608988 -0.998123 -0.00642849
25.2854 67.7775 2.7833 -0.0613851 -0.998084 -0.00766526
24.4062 67.817 2.21534 -0.034854 -0.999321 -0.0119108
24.282 67.8247 0.803055 -0.0197542 -0.999802 0.00239979
24.2979 67.8235 -0.503726 -0.0238623 -0.999711 -0.00274431
24.3622 67.8228 -1.79337 -0.0321855 -0.999469 -0.00310256
24.7771 67.8141 -2.5761 -0.0382744 -0.999263 -0.00274756
25.6705 67.7803 -2.75826 -0.0491071 -0.998679 -0.00869699
26.5968 67.7234 -2.83055 -0.0733016 -0.997301 -0.00415706
27.9981 67.6081 -2.81253 -0.0969703 -0.995242 -0.00671253
28.9562 67.5113 -2.58969 -0.108448 -0.994068 -0.000833874
29.3533 67.4646 -1.65136 -0.116417 -0.9932 0.000141908
29.4116 67.4573 -0.56764 -0.112338 -0.993644 -0.004693
29.3824 67.4555 0.445915 -0.108157 -0.994131 0.00247118
29.3591 67.4604 1.38462 -0.121417 -0.992484 -0.00382573
29.2095 67.4649 2.44972 -0.119649 -0.992732 -0.0129472
28.3368 67.5598 2.8143 -0.0886006 -0.996014 -0.00973827
27.3846 67.6427 2.85854 -0.0870515 -0.996181 -0.0067804
27.1499 67.6632 2.86089 -0.0739728 -0.997152 -0.00660441
27.1851 67.6563 3.56107 -0.0846156 -0.996366 9.95529e-05
28.2836 67.5555 3.53216 -0.0901405 -0.995848 -0.012711
29.5407 67.4212 3.37003 -0.1215 -0.992584 -0.00251451
30.0374 67.3661 2.37225 -0.12709 -0.99182 -0.00739667
30.0365 67.368 1.41031 -0.134602 -0.990873 -0.00598589
30.0665 67.3747 0.359401 -0.13766 -0.99044 -0.00803716
30.0892 67.3776 -0.546614 -0.116791 -0.993155 -0.00146674
30.0432 67.3837 -1.78795 -0.11648 -0.993193 0.000214434
29.8796 67.403 -2.75798 -0.115582 -0.993292 -0.0026192
29.1748 67.4871 -3.3988 -0.11303 -0.993585 -0.00156895
28.2125 67.5898 -3.51078 -0.10132 -0.994813 -0.00905836
26.7425 67.7176 -3.53521 -0.0721209 -0.997339 -0.0106531
25.1767 67.8014 -3.44785 -0.0384553 -0.999253 -0.00379193
24.067 67.8407 -3.30187 -0.0210502 -0.999743 -0.00524933
23.693 67.8393 -2.23081 -0.0141229 -0.999888 -0.00500292
23.6209 67.8415 -1.23193 -0.024022 -0.999709 -0.00230622
23.584 67.839 -0.0518322 -0.0237026 -0.999714 -0.00318235
23.5873 67.8382 1.04745 -0.0172893 -0.99985 -0.000408387
23.6214 67.8371 2.22365 -0.0172839 -0.99985 -0.000509282
24.1825 67.8163 3.41301 -0.0340253 -0.99942 -0.000972699
25.2955 67.7746 3.52768 -0.0440562 -0.999017 -0.00483459
26.4234 67.7079 3.55672 -0.065443 -0.997828 0.0075542
27.0162 67.6691 3.56095 -0.0704921 -0.997482 0.00213563
26.7638 67.6859 4.27337 -0.0755355 -0.997138 -0.00328502
25.4567 67.764 4.25825 -0.044672 -0.998995 -0.00184836
24.4953 67.8063 4.23946 -0.0395003 -0.999216 0.00144963
23.3699 67.8379 4.13031 -0.0042417 -0.999991 -0.000475147
22.9354 67.839 3.23815 -0.00090352 -0.999996 0.00264335
22.8901 67.8448 2.1119 0.00337027 -0.999929 -0.0113957
22.885 67.8487 0.94351 -0.0101577 -0.99994 0.00417122
22.8973 67.8513 -0.31402 -0.00562424 -0.999959 -0.0070389
22.9319 67.8553 -1.25467 -0.0077037 -0.999907 0.00179149
22.9461 67.8499 -2.23826 -0.0161911 -0.999853 0.000149908
23.0012 67.8555 -3.16436 -0.00518071 -0.999984 -0.00210378
23.5605 67.8541 -4.05732 -0.0140318 -0.999858 0.00273462
24.4814 67.8308 -4.15281 -0.0323782 -0.999453 -0.00250336
25.9454 67.7711 -4.20638 -0.0421121 -0.999113 0.00077282
27.2594 67.6856 -4.28151 -0.0693239 -0.997563 0.00531114
28.6096 67.5486 -4.19287 -0.106897 -0.99427 0.000614345
29.6628 67.4314 -4.09009 -0.111441 -0.99377 0.00125483
30.5323 67.3238 -3.5909 -0.132227 -0.991204 0.00356888
30.6749 67.3048 -2.66388 -0.133516 -0.991006 -0.00615773
30.75 67.2897 -1.64566 -0.141469 -0.989942 -0.000631176
30.7837 67.2808 -0.74228 -0.144126 -0.989543 -0.00565692
30.7558 67.2777 0.211327 -0.140624 -0.990045 -0.00595181
30.7285 67.2748 1.32501 -0.137653 -0.990441 -0.00802945
30.7516 67.265 2.34915 -0.147104 -0.989099 -0.00657428
30.7402 67.2673 3.3265 -0.147908 -0.988985 0.00559515
29.9742 67.3646 4.11764 -0.123444 -0.992351 -0.0013647
28.5218 67.5329 4.23994 -0.0987972 -0.995071 -0.00270607
27.4493 67.6339 4.27502 -0.0846088 -0.996367 0.000107251
27.3245 67.6434 4.27404 -0.0755376 -0.997138 -0.00327913
27.0815 67.6594 4.98436 -0.0754404 -0.997144 -0.00353654
26.1082 67.7277 4.97196 -0.0590868 -0.998175 -0.0124296
24.9916 67.7859 4.94951 -0.042968 -0.999073 0.000373626
23.7705 67.8334 4.9064 -0.0194777 -0.99962 -0.011361
22.4852 67.8377 4.70166 -0.00135977 -0.999973 -0.00716731
22.1871 67.84 3.35221 -0.001158 -0.999996 0.00271879
22.1796 67.8406 2.26358 0.00614093 -0.999932 -0.00929157
22.2086 67.8491 1.12625 0.00890782 -0.999934 -0.00719792
22.1851 67.8523 0.103715 -0.00789099 -0.99995 -0.00143383
22.2068 67.8532 -1.09846 0.00224281 -0.999997 0.000971058
22.224 67.8548 -2.11912 0.00332804 -0.999993 -0.00117824
22.2704 67.8579 -3.04466 0.00391249 -0.999983 -0.00428473
22.3606 67.8605 -3.95288 -0.00521111 -0.999985 -0.000536591
23.4004 67.8541 -4.88829 -0.0140399 -0.999858 0.00272582
24.5687 67.8304 -4.88869 -0.0306224 -0.999431 -0.00408143
25.538 67.7877 -4.90895 -0.0431277 -0.999064 -0.0017978
26.8076 67.7115 -4.96515 -0.0725093 -0.997316 0.0101218
27.858 67.6272 -4.9424 -0.105139 -0.994451 0.00366721
28.769 67.5306 -4.88729 -0.111505 -0.993764 0.000433751
30.0257 67.3899 -4.83111 -0.123913 -0.992212 0.000826153
31.3669 67.2054 -4.34624 -0.135189 -0.990805 0.00400081
31.3882 67.211 -3.21908 -0.132235 -0.991203 0.00356403
31.3983 67.1974 -2.02381 -0.138964 -0.990258 -0.00631855
31.4881 67.1796 -1.12421 -0.161583 -0.986803 -0.0105183
31.4438 67.1759 0.0216515 -0.149012 -0.988654 -0.0161991
31.4207 67.1684 1.10853 -0.156609 -0.987608 -0.0101623
31.4335 67.1642 2.08115 -0.154591 -0.987978 -0.000868245
31.4843 67.1552 3.18467 -0.147083 -0.989103 0.00641707
31.3719 67.1789 4.14465 -0.149893 -0.988677 0.00593529
30.8625 67.2508 4.77782 -0.126197 -0.991998 -0.00389644
29.9155 67.3709 4.8634 -0.124821 -0.992174 -0.00263321
28.8132 67.4961 4.94175 -0.103908 -0.994547 -0.00889759
27.6986 67.6129 4.99279 -0.0895721 -0.995839 0.00121274
27.6187 67.6187 4.99184 -0.0742125 -0.997238 -0.00202131
27.7719 67.6071 5.70469 -0.0895689 -0.995839 0.00119648
28.7755 67.4991 5.66364 -0.108131 -0.994132 -0.00309146
29.8094 67.3791 5.59248 -0.12705 -0.991834 -0.010914
31.0865 67.2172 5.61665 -0.137372 -0.990301 -0.0164784
31.9106 67.0827 5.27521 -0.16835 -0.985719 -0.00400966
32.15 67.0547 4.08163 -0.16137 -0.98678 -0.0150249
32.1859 67.0426 2.69069 -0.162129 -0.986735 0.00360823
32.1132 67.0582 1.66466 -0.159625 -0.987162 -0.00209332
32.1367 67.0673 0.449103 -0.141407 -0.989702 -0.0222372
32.2052 67.0622 -0.661203 -0.146572 -0.989062 0.016526
32.0821 67.0845 -2.01674 -0.175949 -0.984365 -0.00177383
32.1183 67.0897 -3.29011 -0.17598 -0.984348 0.000867388
32.1315 67.0827 -4.75833 -0.160967 -0.986912 0.00410465
31.6329 67.1536 -5.45341 -0.150191 -0.988555 0.012561
30.6486 67.295 -5.56072 -0.145185 -0.989344 0.0104185
29.6512 67.4316 -5.54962 -0.116141 -0.993191 0.00546159
28.7038 67.5381 -5.61477 -0.107407 -0.994206 -0.000107524
27.7367 67.6383 -5.65664 -0.0920753 -0.995693 0.00202852
26.2769 67.7516 -5.63659 -0.0756428 -0.997111 -0.0068465
25.3659 67.7984 -5.61492 -0.0469421 -0.998887 -0.000775467
24.2188 67.8392 -5.62188 -0.0171153 -0.999846 -0.00377692
23.3105 67.8552 -5.64752 -0.0107491 -0.999903 -0.00500792
22.0563 67.8617 -5.37021 0.00264765 -0.999958 -0.000403482
21.622 67.8558 -4.58115 0.0114257 -0.999934 -0.00114722
21.5894 67.8496 -3.48619 0.0333011 -0.99931 0.0164788
21.5241 67.8524 -2.42674 0.00385938 -0.999988 -0.00245038
21.5117 67.8517 -1.51322 0.00332804 -0.999993 -0.00117824
21.5134 67.845 -0.16499 0.0210676 -0.999743 -0.00833367
21.528 67.8452 0.788626 0.0117911 -0.999914 0.000340357
21.4658 67.8359 2.00961 0.00944387 -0.999929 -0.00731349
21.461 67.8394 2.96742 0.00395988 -0.999962 0.00770352
21.4945 67.8413 4.01516 0.000929191 -0.999994 -0.00327829
21.6669 67.8366 5.0863 -0.000573459 -0.999905 -0.0125789
22.4763 67.831 5.59956 -0.000898826 -0.999954 -0.00784116
23.8006 67.8243 5.65225 -0.0194776 -0.99962 -0.0113609
25.0569 67.7833 5.65152 -0.0393596 -0.999136 0.00157023
26.0776 67.7229 5.69282 -0.0615568 -0.998097 0.00356318
27.2894 67.6424 5.68448 -0.072975 -0.997334 -0.000525737
27.389 67.6352 5.68596 -0.0729751 -0.997334 -0.000525722
27.4067 67.636 6.38271 -0.086444 -0.996117 -0.0055893
28.3675 67.5398 6.42284 -0.0990312 -0.994973 -0.0149148
29.5289 67.4084 6.32905 -0.128562 -0.991656 -0.00953416
30.4654 67.287 6.32315 -0.127045 -0.991835 -0.0109186
31.3856 67.1569 6.3798 -0.14386 -0.989555 -0.00924505
32.5324 66.9758 6.11697 -0.176929 -0.984206 -0.0052585
32.7648 66.9371 5.18007 -0.168271 -0.985715 -0.00711543
32.887 66.9355 3.87651 -0.176238 -0.98427 -0.0070708
32.9275 66.9254 2.93883 -0.170995 -0.985173 0.00685936
32.8322 66.9373 1.92335 -0.164987 -0.986291 -0.00310399
32.8479 66.9478 0.801709 -0.162615 -0.986112 -0.0337454
32.9015 66.9557 -0.537934 -0.187484 -0.981994 0.0231886
32.8552 66.9506 -1.57145 -0.174975 -0.984556 0.00566107
32.7724 66.9642 -2.47652 -0.178238 -0.983947 -0.00889925
32.8763 66.954 -3.51578 -0.17598 -0.984348 0.000867389
32.8614 66.9593 -5.09253 -0.187669 -0.982209 -0.00529475
32.4536 67.0179 -6.17749 -0.152988 -0.988198 0.007709
30.9734 67.2417 -6.28113 -0.144909 -0.989444 -0.00141273
29.5943 67.4308 -6.24139 -0.120582 -0.992641 0.0111437
28.6078 67.548 -6.3401 -0.103706 -0.9946 0.00296759
27.2416 67.6763 -6.36401 -0.0815468 -0.996663 0.00347544
26.2758 67.7515 -6.32945 -0.0519024 -0.998646 0.00212815
24.6377 67.8329 -6.29932 -0.03965 -0.999141 0.00492245
23.3386 67.8584 -6.34592 -0.0107548 -0.999903 -0.00500815
22.0227 67.8621 -6.21727 0.0117457 -0.999821 0.000992224
20.8693 67.8424 -5.72157 0.019824 -0.999775 0.00756207
20.8565 67.8355 -4.33548 0.030406 -0.999408 -0.016095
20.8593 67.8332 -3.09293 0.0223219 -0.999581 0.0184398
20.8102 67.8411 -1.89482 0.0242033 -0.999696 -0.00475339
20.8067 67.8338 -0.736092 0.0241926 -0.99968 -0.00736935
20.8273 67.8341 0.355162 0.0120901 -0.999908 0.00607526
20.7776 67.8334 1.37283 0.0114806 -0.99992 -0.0053921
20.7501 67.8349 2.75035 0.00395989 -0.999962 0.00770352
20.7733 67.8362 3.71075 0.0336337 -0.99939 -0.00643358
20.7832 67.8224 4.90123 0.0290695 -0.999532 -0.00907757
20.934 67.821 5.80937 0.0283011 -0.999582 -0.00590858
21.7871 67.8222 6.27744 0.00451963 -0.999954 -0.00840125
23.0936 67.8212 6.42018 -0.00631277 -0.999953 -0.00729604
24.1132 67.8128 6.38413 -0.0202117 -0.999752 -0.00082321
25.0344 67.7826 6.38039 -0.0519563 -0.998646 -0.00259146
26.0137 67.7294 6.42108 -0.0632132 -0.997995 0.00184308
27.0924 67.6593 6.37392 -0.0693625 -0.997578 0.00192632
26.9846 67.6662 7.08586 -0.0769434 -0.99692 -0.00657774
25.4049 67.7614 7.10983 -0.0566586 -0.998371 -0.00667091
24.4315 67.8029 7.13649 -0.0170925 -0.999788 -0.0105447
23.4532 67.8129 7.14934 -0.00683981 -0.999944 -0.00808845
22.3779 67.8219 7.15674 -0.00564257 -0.999973 -0.000889797
21.4101 67.818 7.12854 0.0179873 -0.999795 -0.0092655
20.4688 67.8007 6.81667 0.0275676 -0.999592 -0.00745732
20.0644 67.7962 5.883 0.0280118 -0.999592 -0.00553684
19.8985 67.798 4.75293 0.02906 -0.999533 -0.00906956
20.0078 67.8076 3.42949 0.0377351 -0.999287 -0.00102228
20.0325 67.8086 2.45529 0.0372108 -0.999307 0.000186813
20.0652 67.8171 1.55278 0.0288847 -0.999543 -0.00889672
20.0639 67.8246 0.638503 0.0235177 -0.999671 0.00150686
19.9998 67.8162 -0.691542 0.0157702 -0.999872 0.00262498
19.9818 67.82 -1.67997 0.0271594 -0.999617 -0.000383005
20.034 67.8175 -2.69922 0.0301088 -0.999539 0.00399833
20.1191 67.8074 -3.91125 0.0198844 -0.999783 0.00618345
20.0104 67.8082 -5.21606 0.0435035 -0.999025 0.00755013
20.0875 67.8103 -6.12948 0.041201 -0.999107 -0.00539762
20.9943 67.8361 -7.0132 0.0173543 -0.999836 0.00329745
22.1151 67.8606 -7.08567 0.026146 -0.999648 0.00442833
23.655 67.8499 -7.04908 -0.0184103 -0.999794 0.00783193
24.8521 67.8191 -7.08599 -0.0296358 -0.999516 0.00950713
25.9128 67.7681 -7.10816 -0.0541363 -0.998526 0.00390993
27.1815 67.6861 -7.06631 -0.0857234 -0.996287 -0.00804302
28.2763 67.579 -7.08228 -0.103508 -0.994605 0.00665553
29.265 67.467 -6.9973 -0.121194 -0.992621 0.00406844
30.71 67.2808 -7.01811 -0.13509 -0.990802 0.00790449
31.6332 67.144 -7.07532 -0.157237 -0.987559 0.00181065
32.8932 66.9462 -6.98388 -0.153575 -0.988129 0.00389673
33.5734 66.8315 -6.18114 -0.186636 -0.982406 0.00142293
33.67 66.8049 -5.01233 -0.18654 -0.982402 -0.00945233
33.6644 66.8041 -4.06973 -0.185753 -0.982594 0.00233406
33.533 66.8265 -2.62045 -0.180223 -0.983594 -0.00793701
33.6665 66.804 -1.60027 -0.179737 -0.983715 0.000243079
33.619 66.8233 -0.345321 -0.191671 -0.981313 0.0117605
33.612 66.825 0.709266 -0.179245 -0.983371 -0.0167063
33.5448 66.8186 1.6725 -0.165311 -0.986237 -0.00286778
33.6397 66.7933 2.96365 -0.175963 -0.984356 -0.00245162
33.6923 66.786 3.87419 -0.18255 -0.983196 0.000776133
33.6025 66.795 5.00596 -0.169219 -0.985511 -0.0106358
33.6077 66.7875 5.91885 -0.168038 -0.985749 -0.00787694
32.8818 66.9081 6.95832 -0.168423 -0.985715 -0.000419395
31.43 67.1435 7.11799 -0.14386 -0.989555 -0.00924505
30.2643 67.3113 7.01919 -0.137984 -0.990236 -0.0087534
29.2147 67.4458 7.10468 -0.114441 -0.993317 -0.00295723
27.5221 67.6171 7.10866 -0.0998391 -0.99498 -0.00690459
27.4492 67.6244 7.10391 -0.0944476 -0.995462 -0.00987145
