-41.0027 68.0308 -0.310371 -0.01148 -0.999931 0.0025533
-40.816 68.0317 1.00291 -0.0132584 -0.99991 0.00214268
-40.0008 68.0179 1.37404 -0.0271867 -0.999622 -0.0025433
-40.1254 68.016 0.163544 -0.0231809 -0.999714 0.00591523
-40.1875 68.0165 -0.939127 -0.021844 -0.999761 -0.000199436
-40.8449 68.0274 -1.62469 -0.0134243 -0.999905 0.00169439
-40.9687 68.0298 -0.626659 -0.0111124 -0.999936 0.00192332
-41.6992 68.0377 -0.710916 -0.0114726 -0.999931 0.00255912
-41.6422 68.04 0.206625 -0.0118365 -0.999925 0.00319186
-41.5545 68.0417 1.1043 -0.0131608 -0.999912 0.000354029
-41.319 68.0361 2.28155 -0.0121204 -0.999924 -0.00234533
-40.3282 68.0223 2.49065 -0.0226187 -0.999739 0.000427095
-39.5026 68.001 2.2659 -0.0250793 -0.999678 -0.00130733
-39.2877 67.9969 1.40259 -0.0294084 -0.999567 -7.62047e-05
-39.359 67.999 0.284128 -0.0262979 -0.999641 0.00297256
-39.3971 67.9992 -0.946143 -0.0224285 -0.999747 -0.00116125
-39.4394 68.0002 -2.19159 -0.0293838 -0.999547 0.00508363
-40.6675 68.0205 -2.64561 -0.0172897 -0.999843 0.00173869
-41.4921 68.034 -2.18229 -0.00467608 -0.999982 0.00162286
-41.698 68.0371 -1.03373 -0.0112648 -0.999936 0.000955246
-42.4176 68.0421 -1.17906 -0.00180516 -0.999991 0.00268116
-42.2674 68.0391 -2.57636 -0.00586914 -0.999981 -0.00160636
-41.3804 68.035 -3.35504 -0.012499 -0.9999 -0.00129004
-40.1424 68.0111 -3.4094 -0.0195805 -0.999808 5.91835e-05
-38.9547 67.9831 -3.21309 -0.0247106 -0.999687 -0.00388854
-38.6589 67.9759 -2.20413 -0.0350385 -0.999376 -0.0006943
-38.6506 67.9725 -1.06121 -0.0387548 -0.999245 -1.79703e-05
-38.6414 67.9732 0.0119832 -0.0426777 -0.999087 -8.4522e-05
-38.5763 67.9724 1.07995 -0.0421665 -0.9991 0.0039959
-38.5297 67.9723 2.08984 -0.0345549 -0.999402 -0.000923951
-38.9703 67.9839 3.12295 -0.0363559 -0.999331 -0.00406738
-40.2675 68.0199 3.24942 -0.0200543 -0.999798 -0.00153378
-41.474 68.0396 3.19105 -0.0115862 -0.999931 0.00210255
-42.1988 68.0458 2.61322 -0.000691355 -0.999991 -0.000597424
-42.2681 68.0437 1.48096 -0.000126628 -0.999997 0.00240429
-42.3355 68.0427 0.559556 -0.000542033 -1 0.000609371
-42.4106 68.0424 -0.377332 -0.000314052 -1 0.000332966
-42.426 68.0423 -0.676431 -0.000218683 -1 0.000419274
-43.1405 68.0412 -0.810702 0.00872719 -0.999962 0.00065508
-43.0988 68.0415 -1.71517 0.00643743 -0.999975 -0.00244613
-43.0264 68.0435 -2.98026 0.00540932 -0.999984 -0.00155178
-42.0969 68.0413 -4.01918 -0.0070373 -0.999969 -0.00341059
-41.0048 68.0271 -4.12864 -0.0183715 -0.999818 0.00522989
-39.8006 68.0045 -4.1325 -0.0193546 -0.999813 -6.44429e-06
-38.4471 67.9669 -4.00742 -0.0361857 -0.999344 0.001452
-37.8993 67.9469 -2.78356 -0.0404275 -0.999181 -0.00145765
-37.8968 67.9448 -1.69242 -0.0397132 -0.999208 -0.00228822
-37.9149 67.9437 -0.486716 -0.0420223 -0.999115 -0.00202019
-37.8497 67.9401 0.682095 -0.0421752 -0.999099 0.00400021
-37.7727 67.9438 1.99358 -0.0482916 -0.998821 0.00485001
-37.8411 67.9479 3.12128 -0.0283365 -0.999598 -0.00114973
-38.3625 67.9638 3.99756 -0.0291256 -0.999574 0.00160802
-39.3389 67.996 4.07462 -0.0311442 -0.999512 -0.0025387
-40.5596 68.0254 3.99724 -0.018914 -0.99982 0.0015175
-41.9028 68.0428 3.98278 -0.00589371 -0.999982 0.00137797
-42.8942 68.0437 3.26984 0.00258892 -0.999994 0.00158298
-42.9787 68.0442 1.99702 0.00313836 -0.999993 -0.00193867
-43.0505 68.0433 0.84158 -0.000540845 -1 0.000614444
-43.1374 68.0416 -0.18339 0.00780111 -0.999967 0.00166845
-43.8476 68.0371 -0.0521923 0.00686669 -0.999973 0.00267758
-43.7676 68.0399 0.902454 0.00667829 -0.999975 0.00223637
-43.7131 68.0397 1.97255 0.0153402 -0.99988 0.00218904
-43.7191 68.0413 2.90273 0.00812052 -0.999945 0.00181364
-43.7351 68.0422 4.24533 0.0148807 -0.999888 -0.000460252
-42.8679 68.0481 4.73142 0.00477276 -0.999975 -0.00102887
-41.7664 68.0427 4.75746 -0.00633758 -0.99998 0.000612793
-40.8306 68.0305 4.76619 -0.0145259 -0.999891 -0.00277231
-39.5233 67.9999 4.83043 -0.0311457 -0.999512 -0.00254356
-38.4219 67.9661 4.87494 -0.0308201 -0.999525 0.000117945
-37.5347 67.9389 4.67308 -0.0401683 -0.999146 -0.00127726
-37.0506 67.9165 3.95736 -0.0511844 -0.998687 -0.00126331
-37.0432 67.9135 2.78785 -0.0487134 -0.998796 0.00578679
-37.0517 67.9065 1.33333 -0.0484696 -0.998818 0.00363368
-37.128 67.9086 0.28621 -0.0431143 -0.999069 -0.00133788
-37.1561 67.9121 -0.952242 -0.0445556 -0.999001 0.0010892
-37.1212 67.9135 -2.02146 -0.048183 -0.998824 -0.00539566
-37.1235 67.9158 -2.94824 -0.0404175 -0.999182 -0.00145237
-37.2386 67.9196 -4.11946 -0.0461009 -0.998934 0.00150686
-37.8507 67.9449 -4.71386 -0.0383156 -0.999262 0.00131367
-39.1054 67.9876 -4.83849 -0.0320812 -0.999473 0.00486777
-40.0328 68.0092 -4.87327 -0.0168388 -0.999854 0.000918255
-40.9627 68.0225 -4.86922 -0.0163409 -0.999856 0.00368636
-42.0152 68.0381 -4.81631 -0.0128287 -0.999901 0.00571996
-43.3363 68.0447 -4.58755 0.00546997 -0.999984 -0.00142219
-43.7595 68.0407 -3.5643 0.00534289 -0.999984 -0.00176687
-43.8028 68.0384 -2.32539 0.00642487 -0.999975 -0.00244682
-43.8529 68.0346 -1.35637 0.00805104 -0.999964 -0.00145087
-43.8743 68.0356 -0.554039 0.0068622 -0.999973 0.00268247
-44.5917 68.0288 -0.262588 0.0138573 -0.999901 0.0022962
-44.5726 68.0272 -1.4106 0.0138101 -0.999902 -0.00153018
-44.5269 68.031 -2.47913 0.0143258 -0.99989 -0.00383972
-44.5383 68.0338 -3.85102 0.0111257 -0.999938 -0.000980106
-44.38 68.0367 -4.90553 0.0117864 -0.999929 -0.00162381
-43.5329 68.0449 -5.45996 0.00344642 -0.99999 0.000661364
-42.5852 68.046 -5.54359 0.00142745 -0.999995 0.00275938
-41.5706 68.0311 -5.59678 -0.015607 -0.999878 -0.00110546
-40.4141 68.0135 -5.60776 -0.0148958 -0.999889 -0.000714794
-39.0058 67.982 -5.56872 -0.0300945 -0.999541 -0.00340273
-37.8602 67.9442 -5.53076 -0.0386599 -0.99925 0.00127791
-36.7562 67.8961 -5.38954 -0.0509478 -0.998694 -0.0011543
-36.4443 67.8829 -4.52797 -0.0487839 -0.998785 0.00435177
-36.3966 67.8828 -3.59296 -0.0526122 -0.998584 -0.000500081
-36.3383 67.8781 -2.45868 -0.0540679 -0.998511 -0.00143427
-36.3866 67.8749 -1.44415 -0.0469392 -0.998886 -0.000679157
-36.3871 67.8772 -0.12133 -0.0431144 -0.999069 -0.00133766
-36.3328 67.874 0.896777 -0.0431316 -0.999069 -0.000117708
-36.2778 67.872 2.10737 -0.046599 -0.998903 0.00273177
-36.2901 67.8765 3.03779 -0.0526806 -0.998611 -1.72576e-05
-36.2457 67.8741 4.00366 -0.0526728 -0.998612 -0.000133844
-36.3276 67.8778 4.94825 -0.058836 -0.998259 -0.00419742
-37.1214 67.9166 5.55781 -0.0492778 -0.998784 -0.00136005
-38.2853 67.9618 5.6023 -0.0313543 -0.999505 -0.00245112
-39.2043 67.9906 5.54559 -0.0305414 -0.999533 0.000625468
-40.4613 68.0226 5.55582 -0.0155664 -0.99987 -0.00406894
-41.9116 68.0441 5.52652 -0.0104348 -0.999935 -0.00107683
-43.0306 68.0419 5.4771 0.00575295 -0.999953 -0.00784603
-44.0536 68.0336 5.35414 0.0125557 -0.999915 -0.000997683
-44.6178 68.0284 4.46565 0.0152369 -0.999882 -0.00180972
-44.591 68.0292 3.55694 0.0148325 -0.999889 0.0011671
-44.4742 68.0292 2.47714 0.0152644 -0.999881 0.00228033
-44.5036 68.0289 1.19629 0.0141825 -0.999894 -0.00333596
-44.5835 68.0292 -0.131998 0.0142723 -0.999896 0.00199066
-45.3187 68.0184 -0.166949 0.018014 -0.999829 0.00254302
-45.2705 68.0185 0.906645 0.01615 -0.999862 -0.00351739
-45.2203 68.0161 1.85724 0.0163437 -0.999864 0.00235067
-45.2637 68.018 2.84617 0.0152078 -0.999883 0.00187377
-45.3882 68.0156 4.07793 0.0192914 -0.999814 -0.000815529
-45.3679 68.0144 5.37983 0.0181034 -0.999836 -0.000585962
-44.487 68.0306 6.18118 0.0146422 -0.999884 0.000852199
-43.3757 68.0377 6.26815 0.00656148 -0.999975 -0.00279637
-42.383 68.0426 6.26164 -0.00140526 -0.999947 -0.0064946
-41.4842 68.035 6.33121 -0.0112283 -0.999895 -0.00751212
-40.4547 68.0189 6.35975 -0.0162703 -0.999858 -0.00448571
-39.3067 67.9951 6.30715 -0.0308885 -0.999521 0.00176903
-38.2314 67.958 6.43944 -0.0342215 -0.999404 0.000911078
-36.7517 67.8966 6.37146 -0.0521053 -0.998602 -0.0059435
-35.7832 67.8407 6.13478 -0.0588378 -0.998259 -0.00418723
-35.4568 67.8255 5.13622 -0.0590554 -0.998246 -0.00409669
-35.4611 67.8295 4.01861 -0.0586095 -0.998275 -0.00345665
-35.5526 67.8364 3.0118 -0.0571833 -0.998364 0.000258903
-35.584 67.8385 1.96808 -0.0584427 -0.99829 -0.00136607
-35.6096 67.8389 0.450761 -0.0716689 -0.997428 0.00125212
-35.655 67.8415 -0.457202 -0.0691214 -0.997604 3.10529e-05
-35.6281 67.8366 -1.52373 -0.0690196 -0.997609 0.00345963
-35.5946 67.8322 -2.94363 -0.0596784 -0.998211 -0.000975584
-35.5887 67.8362 -4.30951 -0.0636903 -0.997968 -0.000613388
-35.6427 67.8356 -5.20985 -0.0524627 -0.998598 0.00275417
-36.0237 67.8584 -6.08441 -0.0540084 -0.998526 0.00312177
-37.0369 67.9085 -6.29455 -0.0492593 -0.998774 0.00392181
-38.0515 67.9498 -6.28308 -0.0373541 -0.9993 0.00204793
-38.9562 67.983 -6.29254 -0.0255776 -0.999651 0.00134536
-40.0076 68.0049 -6.3263 -0.0210507 -0.99976 0.00606302
-41.3984 68.0291 -6.3274 -0.0157248 -0.999876 -0.000996471
-42.3612 68.0442 -6.30822 -0.0070351 -0.999937 0.00077372
-43.2776 68.0434 -6.26464 0.000654457 -1 0.000384166
-44.578 68.0353 -6.22558 0.0144144 -0.999893 -0.00266804
-45.27 68.0268 -5.28346 0.0122804 -0.999924 -0.000567972
-45.2982 68.0251 -3.5966 0.0111684 -0.999937 -0.000889619
-45.2805 68.0213 -2.6486 0.0139554 -0.999891 -0.00474229
-45.2968 68.0178 -1.49256 0.0129238 -0.999916 -0.000123248
-45.3181 68.0181 -0.260712 0.0213482 -0.999766 0.00340469
-45.319 68.0181 -0.240154 0.0213509 -0.999766 0.00339942
-46.0458 68.0038 0.101532 0.0218712 -0.999757 0.00232532
-46.0915 68.0014 1.58972 0.016911 -0.999852 -0.00109398
-46.0595 68.004 3.18871 0.018627 -0.999826 7.68958e-05
-46.144 68.0013 4.35156 0.017224 -0.999851 -0.00106596
-46.116 68.0009 5.6359 0.0174979 -0.999847 -0.000525969
-45.7796 68.0083 6.77033 0.0204598 -0.999789 0.001771
-44.9561 68.0241 6.99632 0.0174707 -0.999845 0.00218767
-43.6666 68.0362 7.11362 0.00440567 -0.999988 0.00217693
-42.7603 68.0395 7.03735 -0.000657331 -0.999978 0.00256861
-41.7694 68.0343 7.08067 -0.00555639 -0.999965 0.00627255
-40.7798 68.024 7.10827 -0.0128598 -0.999915 0.00034503
-39.5029 68.0026 6.99276 -0.0194018 -0.999811 -0.000845956
-38.566 67.9738 7.23499 -0.0339933 -0.999412 0.00301302
-37.3499 67.9191 7.24291 -0.0482684 -0.998833 -0.00157789
-36.3564 67.8698 7.16921 -0.0595804 -0.998207 -0.00558076
-35.1392 67.799 6.98473 -0.0581858 -0.998292 -0.00517753
-34.7094 67.7736 6 -0.0656089 -0.997816 -0.00768821
-34.7087 67.7813 4.95403 -0.0722244 -0.997365 -0.00657301
-34.6825 67.7848 3.8443 -0.0581239 -0.998302 -0.0038257
-34.7202 67.7884 2.80526 -0.0576818 -0.998334 0.00139408
-34.7716 67.7913 1.74623 -0.0624631 -0.998005 0.00514695
-34.7697 67.7788 0.688623 -0.0690814 -0.997573 0.00645647
-34.8179 67.7831 -0.451741 -0.0695814 -0.997572 -0.00278997
-34.7694 67.7766 -1.57798 -0.0693684 -0.997583 0.00406728
-34.8887 67.7878 -3.18753 -0.0667197 -0.997761 -0.00462829
-34.6692 67.7775 -4.33786 -0.063699 -0.997967 -0.00061424
-34.8169 67.7848 -5.47778 -0.0646424 -0.997907 0.00157581
-35.1372 67.8058 -6.61831 -0.0642639 -0.99793 -0.00218819
-36.0374 67.8521 -7.11206 -0.0510615 -0.998677 0.00616181
-36.9875 67.901 -7.06188 -0.0488572 -0.998777 0.00734556
-38.5278 67.9668 -7.04206 -0.035705 -0.999359 0.00184129
-39.536 68.001 -7.07448 -0.0263864 -0.999595 -0.00367557
-40.4356 68.0179 -7.07218 -0.0152024 -0.999847 -0.00730694
-41.3702 68.029 -7.05694 -0.0156339 -0.999878 -0.000221577
-42.9941 68.0431 -7.06064 -0.00296644 -0.999986 0.00443947
-43.9471 68.0421 -7.13549 0.00322071 -0.999994 0.000817334
-44.9916 68.0312 -7.16316 0.0180246 -0.999837 -0.000402527
-45.8805 68.0147 -6.67284 0.0184512 -0.999829 -0.00102005
-46.1086 68.0104 -5.66746 0.0199657 -0.999799 -0.000445131
-46.0898 68.009 -4.08259 0.0219856 -0.999758 -0.000858617
-46.0417 68.0081 -3.05077 0.021489 -0.999762 -0.00373704
-46.0426 68.0054 -1.95531 0.0189056 -0.99982 -0.00175239
-46.1175 68.001 -0.68952 0.0186855 -0.999823 -0.002239
-46.1162 68.0005 -0.428023 0.0200109 -0.999795 0.000581033
