-38.6464 70.5474 -0.705298 -0.0581589 -0.9983 0.00335021
-39.2162 70.5732 -1.38013 -0.048348 -0.998808 0.00675792
-39.3833 70.5816 -0.401069 -0.0377443 -0.999287 -0.000269789
-39.3228 70.5787 0.789675 -0.0386346 -0.999251 0.00133205
-38.6984 70.5516 0.769401 -0.0473238 -0.998869 0.00258163
-38.6246 70.5489 -0.158771 -0.0534265 -0.998556 0.00198521
-37.9113 70.5074 -0.201118 -0.0578225 -0.998315 0.00493001
-37.9832 70.5075 -1.30878 -0.0584951 -0.998286 0.00177013
-38.7862 70.5465 -2.25175 -0.0493669 -0.998765 0.00137206
-40.0965 70.6055 -1.8645 -0.0377163 -0.99928 0.00402871
-40.256 70.6144 -0.613431 -0.037607 -0.999293 -1.94137e-05
-40.2285 70.6132 0.418981 -0.0386425 -0.99925 0.00132782
-40.1716 70.6142 1.43017 -0.0389435 -0.999232 0.0042398
-39.5002 70.5918 2.15856 -0.0375982 -0.999287 0.00349348
-38.1242 70.5215 1.77064 -0.0648499 -0.997894 -0.00109443
-37.942 70.5108 0.733066 -0.0648255 -0.997896 -0.00112063
-37.9136 70.5081 -0.0698944 -0.0607702 -0.99814 0.00361547
-37.1861 70.4623 0.20454 -0.0642707 -0.997931 0.000579413
-37.1916 70.4575 -0.886588 -0.0713335 -0.997426 0.000718926
-37.2724 70.4641 -1.92606 -0.0594601 -0.998228 0.00214198
-37.6452 70.4848 -2.86052 -0.0639093 -0.997951 -0.00291861
-38.515 70.5361 -3.07256 -0.0488003 -0.998803 -0.00237892
-39.5713 70.586 -3.00474 -0.0472183 -0.998884 -0.000748101
-40.874 70.632 -2.55279 -0.0367229 -0.99932 0.000889157
-41.0064 70.6348 -1.64306 -0.0183595 -0.99983 -0.00170547
-41.0443 70.636 -0.676814 -0.0197678 -0.999803 0.00134748
-41.0452 70.6365 0.226328 -0.0206484 -0.999786 0.00135024
-40.9992 70.6364 1.16786 -0.0216781 -0.999765 0.000429985
-40.9212 70.638 2.07052 -0.0229295 -0.999727 0.00458177
-40.3315 70.6219 2.93124 -0.0313312 -0.999509 -4.81836e-05
-38.8036 70.5589 3.0357 -0.0519511 -0.998607 -0.00917825
-37.5006 70.4848 2.52745 -0.069776 -0.997529 0.00149227
-37.316 70.4691 1.62741 -0.0636072 -0.997969 0.00171475
-37.215 70.4637 0.597837 -0.0648134 -0.997897 -0.0011487
-36.4462 70.4034 0.465209 -0.0865591 -0.996236 -0.00456407
-36.412 70.4019 -0.750803 -0.0713244 -0.997427 0.000720837
-36.4654 70.4104 -2.02735 -0.0863581 -0.996262 0.00167778
-36.6476 70.4209 -3.28325 -0.0832609 -0.996522 0.00117584
-37.4218 70.4691 -3.87686 -0.0645289 -0.997903 0.00512609
-38.6156 70.5409 -3.85665 -0.0476472 -0.998864 0.000867733
-39.6308 70.5894 -3.79447 -0.0474399 -0.998874 5.91113e-05
-40.5948 70.6192 -3.72084 -0.0286286 -0.999577 0.00504641
-41.6441 70.6463 -3.14974 -0.0167049 -0.999859 0.00144108
-41.7952 70.6496 -1.98874 -0.0167652 -0.999859 -1.99865e-05
-41.834 70.6506 -0.862844 -0.0189559 -0.999818 0.002191
-41.8579 70.6531 0.0957951 -0.0197639 -0.999803 0.00135151
-41.7857 70.6534 1.11403 -0.0222947 -0.999746 0.00250714
-41.7329 70.655 2.20307 -0.0175685 -0.999845 0.00133472
-41.4644 70.654 3.41457 -0.0184464 -0.999822 0.00384507
-40.5445 70.6281 3.781 -0.0308099 -0.999525 -0.000630789
-39.4513 70.592 3.81262 -0.0419626 -0.999086 -0.00132965
-38.3678 70.538 3.79734 -0.0508592 -0.998701 0.00216203
-37.3526 70.4712 3.74875 -0.079814 -0.99681 -0.000194538
-36.6072 70.414 3.00157 -0.0783209 -0.996916 -0.00484355
-36.5318 70.4087 1.98576 -0.0864404 -0.99624 0.0057965
-36.4812 70.4036 1.09074 -0.0865619 -0.996236 -0.00455941
-35.6954 70.337 1.01407 -0.0842044 -0.996448 -0.00131648
-35.6691 70.3372 0.0482334 -0.0994006 -0.995027 -0.00644105
-35.6539 70.342 -1.32708 -0.0932 -0.99562 -6.82723e-05
-35.7072 70.3445 -2.23693 -0.0864117 -0.996259 0.000678504
-35.7826 70.3495 -3.2822 -0.0822461 -0.99661 -0.00189502
-36.0585 70.3706 -4.32197 -0.0755329 -0.997108 -0.00171936
-37.1072 70.447 -4.70039 -0.0628096 -0.998025 -0.00135877
-38.2699 70.5201 -4.65946 -0.0637036 -0.997962 0.0018161
-39.211 70.5683 -4.59385 -0.0470038 -0.998893 0.00174821
-40.5082 70.6194 -4.55521 -0.0278643 -0.999606 -0.00281045
-41.5184 70.644 -4.48068 -0.0189986 -0.999819 -0.000310586
-42.4762 70.6622 -3.72438 -0.0192371 -0.999814 -0.000880526
-42.5757 70.6625 -2.71183 -0.0179796 -0.999836 -7.81709e-05
-42.6015 70.658 -1.42849 -0.00189643 -0.999977 -0.00141651
-42.6381 70.6598 -0.0778313 -0.00753764 -0.999972 -0.000291323
-42.5828 70.6616 1.09842 -0.00474228 -0.999979 0.00436112
-42.5151 70.6627 2.64288 -0.00395282 -0.999991 0.00125053
-42.4397 70.665 3.75281 -0.00537612 -0.999982 0.00165351
-41.6354 70.6593 4.49819 -0.0149438 -0.999858 -0.00238105
-40.6525 70.6321 4.60537 -0.0301936 -0.999542 0.00217479
-39.5484 70.593 4.63767 -0.0354206 -0.999369 -0.00070307
-38.5768 70.5486 4.61345 -0.0496388 -0.998767 0.000484157
-37.4117 70.4799 4.56738 -0.0717423 -0.997423 0.000243267
-36.4269 70.4019 4.4957 -0.0862693 -0.996265 0.00370024
-35.8147 70.3466 3.93515 -0.0883928 -0.99607 0.00535416
-35.7783 70.3421 2.93274 -0.0944265 -0.995525 -0.00358853
-35.7537 70.3408 1.91859 -0.0854284 -0.996335 0.00228259
-35.7126 70.3381 1.32247 -0.0844082 -0.99643 -0.00124485
-34.9437 70.2731 1.42995 -0.0840007 -0.996465 -0.00138811
-34.9093 70.2698 0.509691 -0.0846343 -0.996402 0.00452302
-34.8872 70.2615 -0.478807 -0.113689 -0.99343 0.00528068
-34.8991 70.2657 -1.77913 -0.104287 -0.994546 -0.00175889
-34.9844 70.2775 -3.0936 -0.0995559 -0.995026 -0.00199725
-35.072 70.2858 -4.2185 -0.0998691 -0.994958 0.00653598
-35.4818 70.3209 -5.22496 -0.108996 -0.994028 0.00536003
-36.7434 70.4252 -5.51991 -0.0628689 -0.998021 -0.000279256
-37.6475 70.4822 -5.54416 -0.0614404 -0.998109 2.70403e-05
-38.6595 70.5433 -5.42025 -0.0600969 -0.998192 0.00144142
-39.6286 70.5883 -5.38159 -0.0442817 -0.999014 0.000585433
-40.6254 70.624 -5.36499 -0.0263671 -0.999649 -0.00244194
-41.6073 70.6458 -5.33329 -0.0187901 -0.999823 0.000372945
-42.5973 70.6588 -5.30672 -0.00520689 -0.999985 0.00132844
-43.2943 70.6649 -4.34018 -0.00328584 -0.999976 0.00606995
-43.3482 70.6673 -3.35401 -0.000844934 -1 -0.000124241
-43.3637 70.6642 -2.08201 -0.000226822 -0.999978 -0.00624742
-43.407 70.6625 -0.892042 -0.0023324 -0.999985 0.00497656
-43.4068 70.6653 0.450822 0.00432722 -0.999991 0.000180855
-43.3724 70.6657 1.3631 0.00358867 -0.999993 0.000873678
-43.3094 70.6664 3.07571 -0.00394056 -0.999991 0.00125282
-43.2558 70.6641 4.249 0.00609706 -0.999976 -0.00343202
-43.0552 70.6671 5.14439 0.00691108 -0.999969 0.0039006
-42.223 70.6632 5.30343 -0.00744331 -0.999972 -0.000984681
-41.1659 70.6455 5.36774 -0.0221662 -0.999747 -0.00391102
-39.9137 70.6069 5.44338 -0.0381524 -0.999271 -0.00103964
-38.7569 70.5576 5.42648 -0.0480759 -0.998843 -0.0013892
-37.4561 70.4833 5.36548 -0.0717388 -0.997423 0.000247351
-36.3858 70.4009 5.34221 -0.0858163 -0.99631 0.00155698
-35.2696 70.3029 5.233 -0.0892293 -0.996011 -0.000204749
-34.9792 70.2717 3.96608 -0.0895006 -0.995964 0.00672706
-34.9875 70.2668 3.03112 -0.0940836 -0.995553 -0.00465445
-34.9785 70.2713 2.0809 -0.0938267 -0.99556 -0.00735494
-34.9534 70.2737 1.55789 -0.0888137 -0.996015 -0.005251
-34.1602 70.1988 1.59503 -0.0936223 -0.995566 -0.00911039
-34.1969 70.1951 2.49878 -0.091282 -0.995813 -0.00206048
-34.1961 70.1964 3.44212 -0.0899818 -0.99593 0.00416572
-34.1831 70.1975 4.96839 -0.10125 -0.994857 -0.00289642
-34.8075 70.2613 6.2509 -0.0958723 -0.995371 -0.000228536
-35.7704 70.3477 6.20098 -0.0893795 -0.995998 -8.44363e-05
-36.9904 70.4477 6.11444 -0.0736895 -0.997279 -0.00200368
-38.0533 70.5234 6.17381 -0.0531886 -0.998557 -0.00130381
-39.306 70.5829 6.21879 -0.0431181 -0.999057 -0.00120958
-40.4486 70.6253 6.22319 -0.036888 -0.999315 -0.0029933
-41.549 70.6522 6.13777 -0.0213204 -0.999773 2.35151e-05
-42.5495 70.6652 6.22792 -0.00726648 -0.999973 0.000698797
-43.7325 70.6638 6.13855 0.0110498 -0.999932 0.00375327
-44.0501 70.6591 5.30209 0.0104428 -0.999945 0.00103576
-44.0905 70.6591 3.96443 0.00940814 -0.999954 -0.00182209
-44.1683 70.6625 2.82286 0.00823825 -0.99995 -0.00562156
-44.1568 70.6631 1.62309 0.0037103 -0.999993 0.00101076
-44.1828 70.662 0.650993 0.00402207 -0.999992 0.000591358
-44.176 70.6614 -0.407389 0.00484559 -0.999988 0.000879461
-44.1236 70.6603 -1.48245 0.010633 -0.99994 0.000235511
-44.1212 70.6679 -3.04764 8.27384e-05 -0.999994 -0.00239003
-44.1085 70.664 -4.61484 0.0120193 -0.999924 0.00191814
-44.1008 70.6608 -5.54773 0.00838207 -0.999957 0.00397379
-43.2373 70.6606 -6.11954 -0.00621231 -0.999979 0.00149907
-42.0255 70.6534 -6.16407 -0.0123309 -0.999902 0.0013578
-41.0047 70.6336 -6.14193 -0.0199395 -0.9998 0.00122906
-39.7173 70.5897 -6.17943 -0.0420956 -0.999109 0.00298858
-38.6367 70.5409 -6.2133 -0.0598437 -0.998208 0.000268742
-37.6363 70.481 -6.33242 -0.0614348 -0.998109 0.000576412
-36.3704 70.4011 -6.31613 -0.078528 -0.996746 0.00696845
-35.4312 70.313 -6.16883 -0.109275 -0.994011 0.00110515
-34.3184 70.1913 -5.60249 -0.109135 -0.994019 0.00323268
-34.2351 70.1948 -4.62005 -0.101944 -0.994708 0.0127461
-34.2603 70.2062 -3.64853 -0.0995563 -0.995026 -0.00199702
-34.1509 70.1895 -2.37531 -0.111836 -0.993655 -0.00545244
-34.1185 70.1785 -1.22002 -0.113779 -0.993484 -0.0066732
-34.1369 70.1817 -0.13341 -0.113616 -0.993375 0.0172364
-34.1241 70.1937 0.915773 -0.128434 -0.991694 0.00658269
-34.157 70.1992 1.51902 -0.0936273 -0.995566 -0.0091081
-33.3773 70.1011 1.67165 -0.127912 -0.991774 0.00483003
-33.3474 70.09 0.593234 -0.128957 -0.991615 0.00833517
-33.4326 70.0977 -0.47543 -0.100144 -0.994963 0.000140624
-33.3525 70.0872 -1.41886 -0.121343 -0.992604 -0.00368842
-33.4408 70.1065 -3.05188 -0.122362 -0.992464 -0.00657843
-33.458 70.1168 -4.53019 -0.116024 -0.993063 0.000776052
-33.3799 70.0975 -5.63088 -0.0985381 -0.995133 0.000630142
-33.7661 70.1371 -6.7848 -0.101689 -0.994813 -0.00239973
-34.8789 70.2512 -7.07225 -0.0986718 -0.995115 0.00110103
-35.8132 70.3407 -7.09983 -0.095405 -0.995438 0.000810294
-36.7463 70.4241 -7.11014 -0.0749946 -0.997053 0.00829405
-38.186 70.5139 -7.08887 -0.0607163 -0.998154 0.00111121
-39.1546 70.5669 -7.04525 -0.0344041 -0.999402 -0.0035328
-40.8189 70.6313 -6.96365 -0.0360325 -0.999342 0.00417664
-41.8881 70.6505 -6.94134 -0.0105898 -0.999937 0.00217102
-42.7931 70.6571 -7.06817 -0.00655619 -0.999978 0.000645364
-43.881 70.6605 -7.00354 0.00830186 -0.999965 0.000496863
-44.9677 70.6518 -6.46821 0.00845404 -0.999964 0.000732921
-44.993 70.6537 -5.45584 0.00989157 -0.999946 0.00208025
-44.9483 70.6544 -4.53137 0.0114007 -0.999935 0.000187144
-44.8831 70.6579 -3.60221 0.0138153 -0.9999 0.00211065
-44.8857 70.6584 -2.62743 0.0150085 -0.999887 0.00059449
-44.9378 70.6535 -1.72848 0.00892241 -0.999959 -0.0016967
-44.9886 70.6513 -0.716514 0.0106291 -0.99994 0.00023102
-44.973 70.6529 0.297165 0.0151943 -0.999882 -0.00226381
-44.9632 70.6529 1.79354 0.0176047 -0.999844 0.00120938
-45.0073 70.6507 2.93478 0.0193029 -0.999812 -0.00207676
-44.9445 70.65 4.15296 0.0107121 -0.999939 -0.00269212
-44.9017 70.65 5.1836 0.0114289 -0.999932 0.00221768
-44.8558 70.6512 6.63719 0.0126402 -0.999918 0.000914117
-44.0115 70.6642 7.0833 0.0126961 -0.999913 0.00293084
-43.0227 70.6665 7.16933 -0.00484934 -0.999987 -0.00152924
-42.0504 70.6621 6.99185 -0.00605836 -0.99998 -0.000408704
-41.0716 70.6441 7.00826 -0.0262426 -0.999607 0.00113827
-39.9983 70.6059 7.02822 -0.0370333 -0.999307 -0.00375598
-38.6056 70.5516 7.10756 -0.0531936 -0.998557 -0.00129773
-37.6617 70.4958 7.03046 -0.0594554 -0.998218 -0.00501109
-36.6288 70.4217 6.93742 -0.075668 -0.99713 0.0023725
-35.6113 70.3365 7.03968 -0.0871319 -0.996188 0.00286814
-34.4581 70.2255 7.10795 -0.114654 -0.993387 0.00603876
-33.594 70.124 6.85192 -0.112988 -0.993587 0.00247409
-33.406 70.109 5.72498 -0.119053 -0.992855 -0.00811783
-33.3904 70.1063 4.62504 -0.136796 -0.990598 -0.00136278
-33.4108 70.1117 3.27772 -0.132421 -0.991181 0.00049877
-33.3867 70.1029 1.79698 -0.12831 -0.991724 0.00439936
-33.3845 70.1024 1.74378 -0.127913 -0.991774 0.00483018
