-31.67 79.8929 -0.611543 -0.246803 -0.969064 0.00190611
-32.4107 80.076 -0.556759 -0.224804 -0.974394 -0.00354493
-32.3369 80.0582 0.571059 -0.231732 -0.972705 -0.00165299
-31.6247 79.8826 0.00961199 -0.244869 -0.969548 -0.0013782
-31.6263 79.8828 -0.0641849 -0.246795 -0.969066 0.00190413
-30.9785 79.717 0.15965 -0.264937 -0.964158 -0.00409189
-31.4228 79.8231 1.34946 -0.245329 -0.969408 -0.00787496
-32.5204 80.0995 1.58558 -0.239454 -0.970861 -0.0055121
-32.9989 80.2083 0.851209 -0.220521 -0.975381 0.00135892
-33.0957 80.2308 -0.221077 -0.223042 -0.974793 -0.00564088
-32.9072 80.1929 -1.46844 -0.226568 -0.973994 -0.00144982
-31.9653 79.9633 -1.78172 -0.242772 -0.970081 0.00194085
-31.0103 79.7209 -1.02806 -0.253817 -0.967249 0.00176812
-30.9594 79.7101 -0.339873 -0.25391 -0.967221 0.00368209
-30.267 79.5181 -0.272291 -0.275964 -0.961095 -0.0118712
-30.3849 79.5567 -1.65841 -0.254332 -0.967117 0.000346177
-31.177 79.7648 -2.51185 -0.251467 -0.967861 -9.57141e-05
-32.2823 80.0443 -2.50874 -0.244156 -0.969727 -0.00408417
-33.1946 80.2564 -2.39812 -0.22029 -0.975434 0.000153589
-33.7385 80.3741 -1.31472 -0.200908 -0.979604 -0.00309373
-33.768 80.3782 0.0414738 -0.199769 -0.97984 -0.00211536
-33.6993 80.3614 1.09907 -0.213979 -0.976828 -0.00439292
-33.2868 80.2732 2.20991 -0.208938 -0.97787 0.0106864
-32.0262 79.973 2.38206 -0.239458 -0.97086 -0.00552228
-30.8323 79.6682 2.25943 -0.248692 -0.96857 -0.0048668
-30.3811 79.5417 1.28615 -0.27656 -0.960995 0.00070656
-30.2826 79.514 0.424003 -0.275965 -0.961094 -0.0118714
-29.5941 79.3149 0.536465 -0.276671 -0.960928 -0.00614917
-29.5943 79.3253 -1.12176 -0.288801 -0.957377 -0.00479654
-29.7188 79.366 -2.01333 -0.293054 -0.956069 0.00166839
-30.0116 79.4571 -2.99051 -0.279379 -0.95988 -0.00138815
-31.09 79.7423 -3.27796 -0.251467 -0.967861 -9.6474e-05
-32.0957 80.0004 -3.23863 -0.246347 -0.969175 -0.00191571
-33.1022 80.2349 -3.21355 -0.21858 -0.975814 0.00324338
-34.3229 80.4968 -2.77452 -0.193857 -0.981029 -0.000817462
-34.4492 80.5214 -1.61319 -0.197504 -0.980289 -0.00257836
-34.4852 80.525 -0.409547 -0.198768 -0.980042 -0.00285943
-34.4279 80.5113 0.820283 -0.197943 -0.980213 0.00113876
-34.3585 80.4984 1.76616 -0.194163 -0.980959 -0.000913577
-34.181 80.4611 2.81205 -0.19419 -0.980961 -0.00247855
-33.3285 80.2828 3.06366 -0.226135 -0.974063 -0.00171649
-32.3456 80.0489 3.1141 -0.231695 -0.972781 0.00371339
-31.0411 79.7198 3.1055 -0.25082 -0.968029 0.0029027
-29.8144 79.3828 2.66412 -0.28548 -0.958374 -0.00453973
-29.6344 79.328 1.50725 -0.275743 -0.96123 0.00183954
-29.6027 79.3173 0.678494 -0.27656 -0.960995 0.000706561
-28.8819 79.0835 0.774099 -0.319615 -0.947459 0.00750127
-28.8659 79.0912 -0.553865 -0.321301 -0.94688 -0.0135623
-28.9186 79.1199 -1.54463 -0.314895 -0.948935 0.00143918
-29.016 79.1436 -2.47891 -0.297615 -0.954662 0.0068123
-29.1514 79.187 -3.57268 -0.307006 -0.951658 0.00338382
-30.1319 79.4876 -3.97266 -0.256871 -0.966445 0.000543039
-31.1783 79.7662 -4.01734 -0.257228 -0.966351 -0.000321901
-32.3962 80.0775 -3.96449 -0.233405 -0.972289 -0.00182502
-33.4156 80.3045 -3.95127 -0.214872 -0.97659 -0.0101047
-34.6596 80.5631 -3.78267 -0.189219 -0.981925 0.00445322
-35.1443 80.6593 -2.96374 -0.193865 -0.981028 -0.000825039
-35.176 80.6595 -1.81124 -0.175933 -0.984379 -0.00677226
-35.2135 80.662 -0.731183 -0.174211 -0.984707 0.00145952
-35.1628 80.6547 0.382229 -0.170674 -0.985313 -0.00205955
-35.0531 80.6328 1.88131 -0.190693 -0.981647 -0.00151879
-34.9897 80.6203 3.15129 -0.192586 -0.981277 -0.00127456
-33.8811 80.4021 3.84267 -0.206822 -0.978264 -0.00329998
-32.5787 80.1074 3.87278 -0.226135 -0.974063 -0.00171649
-31.5556 79.8553 3.88706 -0.247838 -0.968771 0.000163737
-30.5666 79.5956 3.86886 -0.25395 -0.967215 -0.00210934
-29.176 79.1908 3.7021 -0.28578 -0.958295 0.000434859
-28.9989 79.1397 2.70788 -0.294784 -0.955486 0.00237547
-28.887 79.095 1.30112 -0.31427 -0.949206 0.010151
-28.8833 79.0904 1.11907 -0.323051 -0.946221 0.0174563
-28.1677 78.8448 1.05028 -0.319616 -0.947458 0.00750126
-28.1467 78.8408 -0.113546 -0.31874 -0.947788 -0.00800821
-28.227 78.8763 -1.48477 -0.331563 -0.943431 -0.00207148
-28.333 78.9193 -2.88621 -0.3424 -0.939452 0.00381965
-28.3538 78.917 -3.86139 -0.333445 -0.942681 0.012906
-28.9412 79.1052 -4.68157 -0.310479 -0.950485 0.0131767
-29.9656 79.4374 -4.73602 -0.309202 -0.950872 0.0154064
-31.0039 79.7176 -4.74893 -0.26057 -0.965441 0.00439334
-31.9259 79.9583 -4.74883 -0.24613 -0.969237 -0.00035695
-32.9019 80.1944 -4.7164 -0.220676 -0.975342 -0.00328402
-34.1591 80.4617 -4.66711 -0.189999 -0.981757 -0.0013146
-35.1499 80.6537 -4.62014 -0.189623 -0.981843 0.00517845
-35.8081 80.7736 -3.97056 -0.166775 -0.985974 0.00201
-35.8935 80.7867 -2.98245 -0.161455 -0.986878 0.000909123
-35.9122 80.7924 -2.00887 -0.168674 -0.985631 -0.00203007
-35.941 80.7921 -1.00081 -0.176448 -0.984304 -0.00353558
-35.9093 80.7829 0.092104 -0.167118 -0.985921 -0.00557063
-35.84 80.7681 1.32163 -0.164841 -0.986319 0.00144587
-35.7856 80.7584 2.37928 -0.164218 -0.986422 -0.00195898
-35.7117 80.7456 3.95688 -0.164611 -0.986358 0.000889845
-35.005 80.6194 4.54752 -0.181896 -0.983273 -0.00439085
-34.0603 80.4375 4.63289 -0.198894 -0.979958 -0.00143347
-32.8515 80.1719 4.64257 -0.225551 -0.974184 0.00252482
-31.6674 79.884 4.64895 -0.24047 -0.970656 0.00126727
-30.7338 79.6377 4.65666 -0.263915 -0.964476 -0.00465618
-29.8276 79.3798 4.68281 -0.278181 -0.960474 -0.0087571
-28.717 79.0337 4.64137 -0.307742 -0.951452 0.00583116
-28.3286 78.9156 3.69585 -0.336773 -0.941586 -6.3926e-05
-28.2701 78.8937 2.59016 -0.337096 -0.941469 0.00150323
-28.1778 78.8554 1.54835 -0.348168 -0.937431 0.0015718
-28.1735 78.8536 1.41842 -0.335612 -0.941825 0.00951799
-27.4762 78.5952 1.52339 -0.344705 -0.938708 -0.00243385
-27.5529 78.6309 2.6882 -0.348693 -0.937194 0.00900685
-27.6073 78.6512 3.9042 -0.36401 -0.931291 -0.0139325
-27.5473 78.6336 4.86333 -0.352222 -0.935597 0.0244702
-28.8422 79.0775 5.47927 -0.325223 -0.945542 -0.0124331
-30.1913 79.4783 5.43114 -0.278182 -0.960473 -0.00875757
-31.1039 79.7388 5.41358 -0.248697 -0.968542 0.00869989
-32.0603 79.9804 5.38134 -0.233472 -0.972362 -0.001572
-33.0769 80.2247 5.42003 -0.221082 -0.975168 -0.00129561
-34.1947 80.4636 5.42623 -0.198889 -0.979959 -0.00142418
-35.1368 80.6432 5.35859 -0.180594 -0.983537 0.00098701
-36.2173 80.8281 5.30697 -0.157841 -0.987449 -0.00151405
-36.5136 80.8743 4.32144 -0.152699 -0.988271 -0.0017779
-36.511 80.8756 3.34899 -0.151558 -0.988447 -0.00137933
-36.5211 80.8811 2.41705 -0.164651 -0.986349 -0.00241277
-36.5646 80.8891 1.44115 -0.164511 -0.986375 0.00104327
-36.621 80.8979 0.318717 -0.156573 -0.987658 -0.00401897
-36.6708 80.9078 -0.985693 -0.151444 -0.988442 -0.00347738
-36.6483 80.9093 -1.90547 -0.148639 -0.988891 -0.000955982
-36.6304 80.9075 -2.88366 -0.155029 -0.987887 0.000881232
-36.5999 80.9031 -3.95944 -0.161185 -0.986924 -0.000785409
-36.4193 80.8726 -4.88955 -0.157828 -0.987466 0.000670955
-35.7022 80.756 -5.42404 -0.175387 -0.984493 -0.0036332
-34.2851 80.4927 -5.42103 -0.194665 -0.980839 -0.00439164
-33.0698 80.2333 -5.47421 -0.219697 -0.975568 -0.000529
-32.1166 80.0057 -5.4957 -0.247177 -0.968969 0.00168142
-31.1726 79.7616 -5.51275 -0.262079 -0.965044 0.00220092
-30.2592 79.5136 -5.50914 -0.264534 -0.964343 0.00632555
-29.3818 79.2374 -5.49733 -0.30733 -0.951554 0.00963529
-28.044 78.7868 -5.30178 -0.336105 -0.941764 0.0106731
-27.5895 78.6374 -4.47898 -0.334958 -0.942105 0.015538
-27.5599 78.6356 -3.46304 -0.348104 -0.937349 -0.0141635
-27.5816 78.6425 -2.36654 -0.352623 -0.935694 0.0115753
-27.4867 78.6133 -1.21377 -0.339261 -0.940685 -0.00373073
-27.4484 78.59 0.16883 -0.344051 -0.938923 -0.00673357
-27.4583 78.5904 0.874738 -0.344711 -0.938706 -0.00243441
-26.7883 78.336 0.691944 -0.38566 -0.922608 0.000650725
-26.7555 78.3333 -0.30132 -0.403345 -0.914899 -0.0165308
-26.7863 78.3505 -1.46144 -0.358921 -0.933169 0.0192779
-26.8718 78.37 -2.77145 -0.356577 -0.934215 0.00807503
-26.7834 78.3383 -3.71356 -0.376563 -0.92625 -0.0129811
-26.8363 78.3591 -4.64784 -0.348335 -0.937181 0.0188473
-26.9039 78.3839 -5.61976 -0.335252 -0.942116 -0.00481176
-27.5471 78.6181 -6.11991 -0.330065 -0.943891 -0.0082487
-28.4273 78.9192 -6.2034 -0.321413 -0.946915 -0.00456294
-29.2965 79.2061 -6.26305 -0.311061 -0.950389 0.00126415
-30.2874 79.5134 -6.245 -0.267 -0.96364 0.0104505
-31.3823 79.8168 -6.24172 -0.270165 -0.962739 -0.0010752
-32.6017 80.1283 -6.22052 -0.233467 -0.972261 0.0005336
-33.5036 80.3314 -6.22561 -0.219691 -0.975569 -0.00053499
-34.823 80.6019 -6.2325 -0.187481 -0.982198 9.38294e-05
-36.1108 80.8318 -6.22705 -0.16697 -0.985898 -0.0066868
-37.0164 80.9738 -5.89216 -0.158337 -0.987339 -0.0095473
-37.2584 81.0075 -4.97542 -0.154356 -0.98799 0.00456935
-37.348 81.0253 -3.95417 -0.160363 -0.987055 0.00119818
-37.363 81.021 -2.9152 -0.153678 -0.988085 -0.00841764
-37.4015 81.0224 -1.76563 -0.150813 -0.988556 -0.0023433
-37.3568 81.0132 -0.307324 -0.132888 -0.991125 -0.00180054
-37.3235 81.006 1.15036 -0.146129 -0.989203 -0.00303486
-37.2833 80.9977 2.41097 -0.132106 -0.991229 0.0035207
-37.2728 80.9911 3.73665 -0.144289 -0.989505 -0.0037969
-37.3095 81.0015 5.03574 -0.141153 -0.989816 0.0184262
-37.1728 80.9811 5.94035 -0.157986 -0.987427 -0.00523013
-36.1085 80.8073 6.18605 -0.162435 -0.986716 -0.00114891
-34.8093 80.5805 6.12382 -0.18656 -0.982443 -0.000698363
-33.7599 80.3687 6.22923 -0.208194 -0.978085 -0.00244311
-32.7655 80.1492 6.17063 -0.231352 -0.972857 0.00264062
-31.6338 79.8779 6.22389 -0.243732 -0.96984 0.00225307
-30.5983 79.5965 6.25668 -0.275899 -0.96117 0.00561854
-29.666 79.3243 6.19559 -0.280756 -0.959769 0.00437283
-28.7682 79.0391 6.24528 -0.322157 -0.946545 -0.0163694
-27.6183 78.6452 6.2418 -0.341293 -0.939698 -0.0156027
-26.8587 78.3669 5.85065 -0.368199 -0.929462 -0.0163429
-26.7641 78.3311 4.62834 -0.384355 -0.923176 0.00426188
-26.8859 78.3709 3.66833 -0.371767 -0.92832 0.0032463
-26.8241 78.345 2.5929 -0.372487 -0.928037 -0.000508661
-26.7622 78.3201 1.45839 -0.382143 -0.924083 -0.00611168
-26.7924 78.3342 1.2104 -0.382139 -0.924085 -0.00611128
-26.0728 78.0372 1.13026 -0.385666 -0.922606 0.000645705
-26.0792 78.0324 0.206235 -0.389191 -0.921127 0.00740779
-26.0524 78.0329 -0.94009 -0.405823 -0.913889 -0.010664
-26.1459 78.0858 -2.00873 -0.412863 -0.910745 -0.00911042
-26.045 78.0305 -2.92628 -0.378958 -0.925311 0.00718326
-26.0449 78.0442 -3.81683 -0.372421 -0.927815 -0.0215134
-26.1072 78.0747 -4.82763 -0.410547 -0.911837 -0.000725983
-26.1238 78.0847 -6.02848 -0.410617 -0.911785 -0.00528492
-26.508 78.247 -6.83715 -0.33885 -0.94084 -0.000786244
-27.7601 78.6991 -6.87907 -0.32522 -0.945406 -0.0105577
-28.6917 79.0084 -6.99655 -0.319921 -0.947444 6.6513e-05
-29.58 79.3018 -7.03147 -0.307576 -0.9515 -0.00668226
-30.9139 79.6933 -6.97091 -0.273321 -0.96184 -0.0125986
-31.8597 79.9393 -6.97559 -0.248796 -0.968556 0.000470567
-33.1267 80.246 -6.98949 -0.220489 -0.97538 0.00351303
-34.2687 80.4883 -6.95713 -0.193523 -0.981051 -0.00452427
-35.5205 80.7277 -7.00821 -0.176071 -0.984377 -0.00134568
-36.4144 80.8874 -6.97 -0.158414 -0.987332 -0.00892456
-37.475 81.0564 -6.83774 -0.160304 -0.986998 -0.0113087
-38.0255 81.1295 -6.26558 -0.137721 -0.990314 -0.0176094
-38.0658 81.1277 -5.26782 -0.149309 -0.988782 0.00418394
-38.0637 81.1233 -3.55774 -0.127672 -0.99178 -0.00331868
-38.1337 81.1326 -2.47043 -0.125876 -0.991983 -0.00823396
-38.2118 81.131 -1.45724 -0.131811 -0.991236 -0.00790783
-38.0824 81.1119 0.00917738 -0.134609 -0.990899 0.000438409
-38.0712 81.1035 1.57728 -0.132802 -0.991118 -0.00694199
-38.0885 81.1052 2.47904 -0.132106 -0.991229 0.00352746
-38.0705 81.1038 3.5343 -0.134643 -0.990877 -0.00363738
-38.1192 81.1132 4.8324 -0.141158 -0.989816 0.0184298
-38.0618 81.1073 5.8267 -0.117567 -0.993031 -0.00824845
-37.7488 81.0632 6.90478 -0.129009 -0.991578 -0.00740819
-36.788 80.9175 6.92026 -0.155159 -0.987889 0.000441756
-35.847 80.765 6.93334 -0.161069 -0.986942 -0.000185382
-34.857 80.5894 6.92746 -0.195321 -0.980728 0.00464162
-33.753 80.3653 7.01951 -0.208283 -0.978065 -0.00254475
-32.8069 80.1641 6.89701 -0.219525 -0.975522 0.00266886
-31.4975 79.84 7.1131 -0.25176 -0.96778 -0.00441498
-30.5087 79.576 7.15069 -0.278502 -0.960417 0.00524704
-29.5201 79.2863 6.91692 -0.285861 -0.958214 0.00521033
-28.2093 78.8568 7.0167 -0.322189 -0.946475 0.0194856
-26.972 78.3992 7.12046 -0.369739 -0.928916 -0.00439635
-26.0817 78.0443 5.96286 -0.385234 -0.922704 -0.0145309
-26.0434 78.032 4.84379 -0.384355 -0.923176 0.0042622
-26.1675 78.0814 3.91098 -0.379662 -0.925125 0.000656517
-26.0561 78.031 2.3467 -0.378677 -0.925513 0.00544024
-26.0391 78.0224 2.06589 -0.378674 -0.925514 0.00543734
-25.9745 77.9933 1.6139 -0.380406 -0.9248 -0.000340966
