15.8432 81.5887 -0.35213 0.350084 -0.936639 -0.000977262
16.6722 81.8676 -0.592169 0.296039 -0.955044 0.0104826
16.8025 81.9292 0.31091 0.312073 -0.94984 0.0108448
15.9219 81.6269 0.38545 0.338598 -0.940783 0.00534578
15.8654 81.6032 0.176877 0.352524 -0.93574 0.0108654
15.1753 81.3462 0.433738 0.358575 -0.933445 0.00422192
15.607 81.5135 1.22213 0.353266 -0.935401 -0.00725408
16.7756 81.9219 1.26301 0.325477 -0.945544 0.00336913
17.4476 82.1273 0.522517 0.274124 -0.961646 0.0085733
17.4611 82.1177 -0.486594 0.28744 -0.957548 0.01736
17.1228 82.0062 -1.29847 0.292609 -0.956232 -0.000892005
16.0041 81.646 -1.43372 0.320899 -0.947063 0.00972321
15.2446 81.3729 -0.802181 0.347643 -0.93754 -0.0128102
15.1426 81.3267 -0.187642 0.350078 -0.936642 -0.000970691
14.5022 81.0795 -0.0613341 0.384619 -0.923062 0.00235935
14.6079 81.1226 1.0725 0.365239 -0.930911 -0.00221715
15.1775 81.3442 1.85647 0.365234 -0.930912 -0.00222384
16.1989 81.7184 1.98862 0.342041 -0.939596 -0.0128997
17.4422 82.1277 1.958 0.277052 -0.960855 -0.000330905
18.0559 82.3027 1.1513 0.272843 -0.962049 0.0042794
18.1618 82.3244 -0.042574 0.268635 -0.963044 0.0176097
18.0336 82.2835 -1.38737 0.260436 -0.965062 -0.0287737
17.4762 82.1209 -2.03576 0.299477 -0.95408 -0.00669401
16.526 81.8165 -2.11983 0.321513 -0.94689 0.00200545
15.4891 81.4668 -2.11417 0.319611 -0.947527 0.00646214
14.7685 81.1841 -1.66845 0.372517 -0.928025 -0.000481295
14.536 81.0932 -0.775944 0.372426 -0.928056 0.00344115
14.5156 81.0861 -0.500126 0.378331 -0.925644 0.000682517
13.889 80.8245 -0.69672 0.393218 -0.919445 -0.000341129
13.8887 80.8231 0.475568 0.396409 -0.918072 -0.00204995
13.9343 80.8481 1.59704 0.400499 -0.916255 0.00877951
14.3935 81.043 2.56942 0.369837 -0.928907 0.0187749
15.4526 81.4491 2.66377 0.339567 -0.940572 0.00403767
16.6105 81.8654 2.68864 0.336991 -0.941501 0.00282938
17.5958 82.1736 2.69455 0.278183 -0.960523 0.00296036
18.6113 82.44 2.00801 0.1988 -0.980034 -0.00349623
18.833 82.4842 0.576298 0.206108 -0.978522 0.00380266
18.817 82.4928 -0.449576 0.238651 -0.970644 0.00508331
18.7545 82.481 -1.48817 0.239916 -0.970344 -0.0121516
18.4631 82.4151 -2.60204 0.244378 -0.969091 0.00670948
17.0318 81.9846 -2.86826 0.307158 -0.951622 -0.000965212
15.8227 81.578 -2.84715 0.323425 -0.946251 -0.00244234
14.4476 81.0467 -2.58508 0.37811 -0.925457 -0.0236994
13.9735 80.8602 -1.61255 0.39004 -0.920725 0.00896842
13.9049 80.8314 -0.925843 0.393218 -0.919445 -0.000341206
13.2728 80.5611 -1.16318 0.398716 -0.917041 -0.00375068
13.2263 80.5328 -0.170728 0.404213 -0.914637 -0.00715924
13.2351 80.5395 1.07073 0.399708 -0.916632 0.000326176
13.3044 80.5767 2.42808 0.404645 -0.914463 0.00445507
13.752 80.7817 3.30561 0.395961 -0.918193 0.00516922
14.7314 81.1887 3.38803 0.36027 -0.932577 -0.0124625
15.6448 81.5216 3.38308 0.339572 -0.94057 0.00404536
16.5715 81.8524 3.40245 0.335778 -0.94194 0.00119933
17.5137 82.1462 3.43033 0.283689 -0.958898 -0.0058481
18.4021 82.3969 3.37965 0.21522 -0.976428 0.00152405
19.1733 82.5513 2.81895 0.202986 -0.979106 0.00631403
19.4007 82.6007 1.88189 0.198963 -0.979999 -0.00391275
19.5063 82.6239 0.962177 0.187505 -0.982146 -0.0087659
19.5066 82.6378 -0.197702 0.200213 -0.979698 -0.0103572
19.4392 82.6327 -1.77958 0.161042 -0.986845 -0.014241
19.3182 82.6078 -3.11005 0.195378 -0.98034 0.00865692
18.1126 82.296 -3.4932 0.271129 -0.962373 0.0035067
17.1314 82.0181 -3.57307 0.306313 -0.951819 -0.00344841
16.0841 81.6692 -3.57075 0.319009 -0.947738 -0.000343709
15.1785 81.343 -3.53623 0.351656 -0.936066 0.0109013
13.7472 80.7603 -3.24293 0.395328 -0.918511 -0.00732862
13.4286 80.6243 -2.34888 0.387288 -0.921752 -0.0108368
13.273 80.5612 -1.16725 0.393776 -0.919203 0.00146361
12.619 80.2653 -1.24714 0.41213 -0.911125 0.000924095
12.5683 80.2433 -0.340642 0.408166 -0.912883 -0.00310899
12.5979 80.2587 1.22711 0.404149 -0.914691 0.00213167
12.6345 80.278 2.20594 0.409584 -0.91225 0.00631668
12.6924 80.3 3.34645 0.433495 -0.901052 -0.0136796
13.3407 80.5958 4.06179 0.420877 -0.907117 -0.00107701
14.3318 81.0127 4.10011 0.377135 -0.925998 -0.0172388
15.264 81.3777 4.08811 0.343422 -0.93915 -0.00768145
16.3716 81.7756 4.11194 0.34197 -0.939571 -0.0162143
17.3129 82.0906 4.15569 0.290381 -0.956851 0.0107183
18.4874 82.4068 4.11871 0.223111 -0.974711 -0.0126578
19.5918 82.6445 3.83219 0.18372 -0.982911 0.0115449
19.9496 82.7082 2.98749 0.181452 -0.983398 0.00178023
20.0931 82.7329 2.04911 0.180351 -0.983602 0.00129796
20.2188 82.7675 0.849027 0.194639 -0.980694 -0.0188331
20.1972 82.7629 -0.477698 0.169928 -0.985281 0.0186084
20.1467 82.7476 -1.73844 0.161043 -0.986845 -0.014236
20.1043 82.7419 -3.28939 0.136837 -0.990592 0.00193807
19.3872 82.6024 -4.07247 0.170389 -0.98536 0.0058515
18.464 82.4043 -4.18543 0.268967 -0.963047 -0.014071
17.5773 82.1541 -4.23212 0.293529 -0.95595 0.00118275
16.3545 81.7624 -4.27113 0.319104 -0.947685 -0.00807279
15.4598 81.4445 -4.25134 0.347295 -0.937754 0.00194687
14.2754 80.9862 -4.20033 0.371662 -0.928281 0.012702
13.4062 80.6194 -3.98489 0.398565 -0.917117 -0.00495593
12.9028 80.3963 -3.1706 0.398561 -0.917119 -0.00494866
12.7256 80.312 -2.15875 0.408403 -0.912787 -0.00521546
12.6274 80.269 -1.368 0.411801 -0.91127 0.00218626
11.9456 79.9606 -1.37662 0.422153 -0.906431 -0.00437455
11.932 79.9416 -0.207619 0.432182 -0.901734 -0.00966681
11.9562 79.9676 1.05758 0.449479 -0.893106 0.00403551
12.0055 79.994 2.15499 0.465264 -0.885171 0.000920024
11.9983 79.9664 3.32656 0.431271 -0.902061 -0.0166314
12.0397 79.984 4.27908 0.428034 -0.903743 0.00594023
12.7912 80.3403 4.78879 0.420576 -0.907257 -0.000737072
13.696 80.7547 4.81199 0.38246 -0.923838 -0.000422337
15.0463 81.2923 4.79876 0.364928 -0.931003 0.00479412
16.1757 81.6924 4.80339 0.337952 -0.94104 -0.0145109
17.2588 82.0632 4.86559 0.324292 -0.945726 -0.00836913
18.6413 82.4365 4.8461 0.227026 -0.973863 -0.0070648
19.5243 82.6429 4.7727 0.205373 -0.978387 0.00224031
20.4946 82.7763 4.25909 0.107969 -0.994121 -0.00809224
20.6435 82.8185 3.1307 0.1334 -0.990956 -0.0145252
20.7916 82.8553 1.98111 0.104778 -0.993935 0.00223738
20.9364 82.8524 0.638151 0.0865834 -0.99618 0.0113501
20.9015 82.8752 -0.310886 0.143625 -0.989576 0.0105562
20.8526 82.8576 -1.29447 0.117745 -0.992044 0.0303067
20.8249 82.8429 -2.55418 0.136625 -0.990606 0.0048916
20.8372 82.8389 -3.4564 0.116714 -0.993139 0.00720485
20.5093 82.7996 -4.65029 0.0969013 -0.995278 -0.00561131
19.421 82.6035 -4.87473 0.180747 -0.98335 -0.00767393
18.4657 82.3924 -4.89057 0.222736 -0.97474 0.00443545
17.3542 82.0848 -4.93759 0.293725 -0.955889 -0.000381813
16.0098 81.6391 -4.94676 0.338156 -0.941052 0.00846744
15.0003 81.2662 -4.94761 0.368334 -0.929615 0.00123337
13.9206 80.8422 -4.88812 0.373173 -0.927691 -0.00549575
13.0138 80.4498 -4.76054 0.401964 -0.915645 -0.00441324
12.1457 80.0475 -4.01832 0.437096 -0.899271 -0.0160788
12.1523 80.0248 -2.91112 0.446519 -0.894213 0.000810589
11.9985 79.9848 -1.84184 0.430469 -0.901984 0.0132751
11.9596 79.9667 -1.57706 0.411801 -0.91127 0.00218612
11.3086 79.6406 -1.36005 0.45808 -0.888805 0.00729325
11.4724 79.6855 -2.74559 0.446515 -0.894215 0.00081936
11.4358 79.7023 -4.01244 0.440194 -0.897815 -0.0109042
11.4638 79.7246 -5.06793 0.443964 -0.895971 -0.0114454
12.5912 80.2647 -5.48439 0.409623 -0.912253 0.00188908
13.5801 80.7023 -5.57202 0.391653 -0.920039 -0.00258313
14.8096 81.1992 -5.6544 0.355739 -0.934498 -0.00255275
16.2207 81.7134 -5.64754 0.338171 -0.941084 0.00105043
17.5645 82.1509 -5.64028 0.287471 -0.957754 0.00224203
18.472 82.4004 -5.60547 0.242761 -0.970078 0.00390049
19.6348 82.6514 -5.59148 0.197354 -0.980328 -0.00271232
20.9592 82.85 -5.45861 0.0984383 -0.99506 -0.0128964
21.5608 82.9019 -4.63717 0.103787 -0.994483 0.00638161
21.5682 82.9249 -3.43684 0.113694 -0.993413 0.0127897
21.5563 82.9057 -2.19778 0.0898679 -0.995819 -0.0163667
21.5834 82.9347 -1.1024 0.0918557 -0.994514 0.0500385
21.6191 82.9398 0.0804788 0.0362495 -0.999027 -0.0251051
21.6248 82.9162 1.38565 0.0757156 -0.997129 -0.000101817
21.4271 82.9148 2.55624 0.0761561 -0.996915 0.0189999
21.3331 82.8888 4.04238 0.130207 -0.991111 -0.0272952
21.3521 82.8652 5.07 0.10318 -0.994647 0.0052885
20.2313 82.7454 5.44391 0.113752 -0.993439 0.0118152
19.1304 82.5575 5.5257 0.221624 -0.974903 0.0211238
17.457 82.1349 5.60872 0.265571 -0.963926 -0.0178709
16.0141 81.6417 5.51092 0.328029 -0.944596 0.0114222
14.9868 81.2709 5.51697 0.359892 -0.932992 0.00196171
14.1017 80.9223 5.54977 0.38246 -0.923838 -0.000422337
13.0768 80.4702 5.55926 0.419775 -0.907623 -0.00316633
12.1271 80.0271 5.50976 0.437826 -0.898925 -0.00819017
11.3508 79.6402 4.56449 0.448465 -0.893795 -0.00293638
11.3586 79.6443 3.26385 0.456472 -0.889677 -0.00239256
11.365 79.6569 1.93815 0.465765 -0.884908 1.13479e-05
11.3194 79.6355 0.777498 0.463713 -0.885978 -0.0036995
11.2988 79.6313 -0.217027 0.457114 -0.889363 -0.00730064
11.3034 79.6373 -1.17654 0.454095 -0.890947 -0.00339308
10.6729 79.3155 -1.05787 0.458082 -0.888804 0.00729781
10.814 79.3597 -2.50608 0.457306 -0.888919 0.024879
10.8175 79.3846 -3.62968 0.487092 -0.873252 -0.00735296
10.6909 79.3336 -4.82192 0.488162 -0.872655 -0.0128437
10.9102 79.4568 -5.77353 0.447201 -0.894396 -0.00815877
11.8043 79.9077 -6.19773 0.445586 -0.895182 -0.00980637
12.6509 80.2899 -6.28267 0.409509 -0.912306 -0.000763557
13.5673 80.6976 -6.29687 0.381499 -0.924368 -0.00149701
14.6303 81.1313 -6.33424 0.356631 -0.934139 0.00297734
15.8105 81.5653 -6.33559 0.336744 -0.941544 0.00124687
16.6885 81.8636 -6.36892 0.32155 -0.946892 -0.00125089
17.6283 82.1646 -6.35589 0.281484 -0.959534 0.00778952
18.5057 82.4055 -6.32637 0.238521 -0.971023 0.0149196
19.4666 82.6234 -6.33115 0.201106 -0.979523 -0.00958735
20.4261 82.7829 -6.36713 0.144417 -0.989345 0.0184239
21.6863 82.9209 -6.25296 0.078941 -0.996852 -0.00377513
22.2732 82.968 -5.53089 0.048192 -0.998349 -0.00686038
22.3205 82.96 -4.54577 0.0277236 -0.9996 -0.00389335
22.3058 82.9541 -3.62584 0.0311902 -0.999496 -0.00588841
22.2963 82.954 -2.62235 0.0267512 -0.999626 0.0057182
22.2916 82.9659 -1.35371 0.0308068 -0.999398 0.0155695
22.2873 82.9689 -0.1136 0.0529401 -0.998292 -0.0154195
22.3396 82.9663 0.961727 0.0694325 -0.997572 -0.000439009
22.2738 82.968 1.95204 0.0551032 -0.998162 0.00725282
22.0587 82.9546 3.29154 0.0339068 -0.999417 -0.000675224
22.1166 82.9429 4.44944 0.0967027 -0.994904 -0.0172437
22.088 82.946 5.91127 0.103191 -0.994646 0.00529077
21.0443 82.8413 6.255 0.102109 -0.994737 0.00826881
19.7531 82.6664 6.17849 0.167994 -0.985472 -0.0249485
18.8576 82.5095 6.26927 0.245846 -0.96891 -0.00972861
17.9304 82.2539 6.3359 0.266154 -0.963913 0.00584044
16.9119 81.96 6.3073 0.326165 -0.945232 0.0122512
15.7416 81.5558 6.23626 0.328034 -0.944594 0.0114247
14.799 81.2 6.24973 0.359851 -0.933007 0.00208772
13.9646 80.8566 6.28234 0.394964 -0.918658 -0.00836608
12.9068 80.3845 6.2813 0.42948 -0.902887 0.00538408
11.9345 79.9267 6.24122 0.437821 -0.898927 -0.00818075
10.8334 79.368 5.87281 0.456059 -0.889906 -0.00879911
10.6902 79.3067 4.65346 0.45743 -0.889185 -0.0103904
10.7129 79.3195 3.44107 0.450528 -0.892747 0.00521142
10.7436 79.3269 2.13645 0.475497 -0.879709 0.00373496
10.6822 79.3012 1.03589 0.473682 -0.880557 -0.0156612
10.6731 79.304 0.0217927 0.460135 -0.887778 -0.0112122
10.6697 79.313 -0.83197 0.457114 -0.889363 -0.00730064
10.0652 78.9741 -1.18566 0.497036 -0.867561 0.012718
10.035 78.9563 0.204654 0.495569 -0.868562 -0.00334689
10.0258 78.945 1.20692 0.473686 -0.880555 -0.0156586
10.0689 78.9621 2.1013 0.477793 -0.878461 0.000151597
10.1034 78.9845 3.31016 0.482914 -0.875581 0.0123631
10.0845 78.9787 4.40637 0.492604 -0.870253 0.000776883
10.0475 78.958 5.66759 0.486971 -0.873358 -0.00565632
10.2303 79.045 6.81933 0.48176 -0.876286 -0.00455266
11.2119 79.5576 6.98944 0.456952 -0.889477 0.00512292
12.303 80.1129 7.00557 0.446008 -0.894745 0.00774547
13.2061 80.5365 7.06437 0.381839 -0.924222 0.00344275
14.4104 81.0412 7.05853 0.385901 -0.92245 -0.00836733
15.3731 81.4231 6.99479 0.35982 -0.933019 0.00221717
16.3924 81.791 7.01417 0.326452 -0.94511 0.0139775
17.4155 82.1124 7.08871 0.288435 -0.957465 -0.00817003
18.5034 82.4059 7.10265 0.225548 -0.973904 -0.0252938
19.3746 82.6114 6.95552 0.195382 -0.98001 -0.00431513
20.3279 82.772 6.87135 0.142754 -0.988859 0.0157365
21.2808 82.8742 7.09406 0.103664 -0.994573 0.00864278
22.3449 82.9541 7.08305 0.0179381 -0.999778 -0.0110671
22.8604 82.9726 6.20586 0.0168865 -0.99981 -0.00971086
22.9595 82.9792 4.98802 0.0228338 -0.999721 -0.00434286
22.7863 82.9812 3.93128 0.0314073 -0.999501 0.000800537
22.9256 82.987 2.67422 0.0213398 -0.999647 0.0040364
23.0233 82.9755 1.69216 0.00602307 -0.999876 -0.00164342
22.9855 82.9893 0.446703 0.00404204 -0.999964 -0.0044329
22.9767 82.9885 -1.12126 0.0177309 -0.999728 0.00918682
23.1372 82.979 -2.19181 0.0292606 -0.99956 0.00258281
22.9995 82.9752 -3.28101 0.0261161 -0.999639 0.00160689
23.0846 82.9784 -4.46002 0.0242693 -0.999704 -0.00188361
23.245 82.984 -5.36474 0.0217062 -0.999696 -0.0089275
22.7899 82.9896 -6.50749 0.0293324 -0.999437 0.000393288
21.8513 82.9432 -7.158 0.061428 -0.997876 0.00025612
20.3816 82.765 -7.10139 0.139949 -0.989967 0.0194869
19.2502 82.5696 -7.0842 0.22486 -0.974206 0.0188949
18.4104 82.3715 -7.01498 0.238521 -0.971023 0.0149196
17.5111 82.1244 -7.07519 0.272871 -0.961819 0.0168508
16.4883 81.7966 -7.0755 0.324966 -0.94571 0.00215958
15.5611 81.4745 -7.01951 0.328383 -0.944528 0.00556039
14.6917 81.1483 -7.08863 0.368162 -0.929718 0.00902999
13.7584 80.7785 -7.11594 0.374898 -0.927014 0.00339742
12.906 80.4054 -7.06979 0.412905 -0.910764 -0.00424715
12.0013 79.9971 -7.15691 0.417865 -0.908504 0.00299597
11.1106 79.5724 -7.04925 0.464535 -0.885274 -0.00192542
10.234 79.0925 -6.81734 0.483671 -0.875221 0.00659978
10.0427 78.9811 -5.89618 0.491951 -0.870611 -0.00452714
10.0311 78.9651 -4.98885 0.489725 -0.871804 -0.0112503
10.0887 78.9853 -4.04535 0.488158 -0.872658 -0.0128396
10.2148 79.0405 -3.15844 0.485105 -0.874271 -0.0179812
10.0631 78.954 -2.05297 0.475628 -0.879646 0.000357727
10.0739 78.9743 -1.36012 0.493352 -0.869515 0.023411
10.0662 78.974 -1.20896 0.493352 -0.869515 0.023411
