38.877 81.6193 0.426682 -0.375885 -0.926658 -0.0013233
39.7081 81.2705 0.461358 -0.397658 -0.91753 0.00257883
40.4404 80.9535 0.160692 -0.399989 -0.916509 0.000306463
41.3346 80.5471 0.399539 -0.41694 -0.908932 0.00160284
41.4601 80.4904 -0.194617 -0.419137 -0.907911 -0.00459296
40.3251 81.0028 -0.378423 -0.403382 -0.915028 0.00266032
39.4862 81.3667 -0.267325 -0.393769 -0.919201 0.000467191
38.5957 81.7328 -0.352504 -0.373134 -0.927774 -0.00239735
37.8718 82.0185 0.013118 -0.359413 -0.933177 -0.000236533
38.6886 81.6951 0.412062 -0.373498 -0.92763 0.00144133
38.846 81.6287 1.15667 -0.378279 -0.925683 -0.00409993
37.5305 82.1521 0.983746 -0.360748 -0.932654 0.0040994
37.0451 82.3368 0.199923 -0.359413 -0.933177 -0.000236533
37.3446 82.2233 -0.737691 -0.354939 -0.934871 0.000669026
38.2062 81.8863 -1.06497 -0.367914 -0.929856 0.00251668
39.3935 81.4044 -1.0399 -0.38953 -0.921007 -0.0036276
40.4576 80.943 -1.05553 -0.403605 -0.914933 0.000101312
41.3402 80.5468 -1.00856 -0.426197 -0.904606 0.006686
42.1904 80.1467 -0.916509 -0.429173 -0.903199 0.0056768
42.6624 79.9233 0.107864 -0.434217 -0.900808 0.00109204
42.063 80.214 1.02502 -0.425727 -0.904798 0.00162602
40.9235 80.7362 1.10356 -0.416345 -0.909207 0.000268804
39.9034 81.1877 1.12182 -0.398967 -0.916962 0.000950761
39.0042 81.5641 1.15566 -0.378275 -0.925684 -0.00410141
39.065 81.538 1.87029 -0.378703 -0.925518 -0.000996459
40.0196 81.1351 1.85715 -0.396675 -0.917932 -0.00710342
41.0844 80.6627 1.85672 -0.417189 -0.908817 -0.00134184
42.017 80.2337 1.80565 -0.426038 -0.904654 -0.00374659
42.8097 79.8527 1.62408 -0.434129 -0.900839 -0.00462505
43.2932 79.6151 0.921713 -0.447794 -0.894136 -0.00146217
43.3272 79.5989 -0.142132 -0.447634 -0.894217 -0.000166187
43.202 79.6609 -1.20664 -0.440265 -0.897808 0.00329573
42.5354 79.9778 -1.68572 -0.432207 -0.901769 0.00270279
41.6197 80.4102 -1.7283 -0.423461 -0.905914 -0.00105407
40.7166 80.8286 -1.77037 -0.403972 -0.914771 -0.000272432
39.8787 81.1991 -1.77892 -0.404337 -0.91461 -0.000646618
38.7013 81.6907 -1.81162 -0.377076 -0.926177 0.00316018
37.4659 82.1782 -1.74996 -0.357277 -0.933957 -0.00177106
36.5775 82.5078 -1.35732 -0.349758 -0.936833 -0.000293516
36.3005 82.6114 0.0787614 -0.342456 -0.939533 0.000962405
36.4695 82.5527 1.07083 -0.342635 -0.939464 0.00294481
37.1943 82.2859 1.84809 -0.363703 -0.931497 -0.000623827
38.3283 81.8388 1.88709 -0.366649 -0.930344 -0.00535825
38.5038 81.7676 1.88423 -0.378706 -0.925516 -0.0010002
38.511 81.7635 2.60712 -0.370445 -0.928838 0.00553695
39.6198 81.3022 2.58924 -0.390652 -0.920487 -0.00714219
40.8182 80.7859 2.6042 -0.407571 -0.913059 -0.000424221
41.7676 80.346 2.56069 -0.419166 -0.907903 0.00029795
42.6262 79.9367 2.48339 -0.43422 -0.900795 -0.00470937
43.4311 79.5472 2.31268 -0.449465 -0.893293 -4.51844e-06
43.9404 79.2909 1.44183 -0.449468 -0.893291 -9.69215e-06
43.9921 79.2654 0.539478 -0.448102 -0.893982 -0.000906552
43.9641 79.2802 -0.638682 -0.448221 -0.89392 0.00160125
43.9028 79.307 -1.70937 -0.452667 -0.891653 0.00515967
43.2346 79.6403 -2.45767 -0.448445 -0.893807 0.00225449
42.279 80.0993 -2.49121 -0.43299 -0.901397 0.00184009
41.3703 80.5276 -2.48308 -0.423464 -0.905912 -0.0010572
40.511 80.9205 -2.48446 -0.403995 -0.91476 -0.00166805
39.6232 81.3125 -2.46876 -0.402211 -0.915543 0.000388885
38.3813 81.8194 -2.59152 -0.37054 -0.928784 -0.00310268
37.2888 82.2474 -2.51539 -0.357274 -0.933958 -0.00177857
36.3154 82.6032 -2.30172 -0.340209 -0.940349 0.000966545
35.6029 82.8574 -1.18147 -0.335289 -0.942106 0.0028676
35.5849 82.8713 -0.0040743 -0.31835 -0.947804 0.00121026
35.7341 82.8133 1.01767 -0.331121 -0.943566 -0.00644214
35.8805 82.7636 1.9511 -0.337992 -0.941069 0.0122938
36.5768 82.5181 2.53348 -0.347881 -0.937537 -0.00163496
37.879 82.0153 2.60247 -0.370128 -0.928961 0.00609365
38.0442 81.9538 3.34796 -0.370769 -0.928712 0.00498839
39.1863 81.4861 3.33953 -0.389536 -0.920975 0.00817689
40.183 81.0567 3.34436 -0.396512 -0.918028 0.00143482
41.0112 80.6995 3.34547 -0.407576 -0.913057 -0.000414443
42.1913 80.1472 3.26141 -0.424414 -0.905466 -0.00225938
43.5129 79.5021 3.17172 -0.44462 -0.895697 -0.00625915
44.477 79.017 2.65892 -0.458441 -0.88868 -0.00398646
44.6104 78.9474 1.75672 -0.459308 -0.888276 0.00151878
44.6454 78.9312 0.225041 -0.46057 -0.887617 -0.00349919
44.6343 78.938 -0.886549 -0.460753 -0.887502 0.00339923
44.6402 78.9275 -1.85777 -0.456952 -0.889477 0.00263559
44.245 79.1332 -3.14659 -0.452578 -0.891707 -0.000114957
43.2091 79.6494 -3.2383 -0.446298 -0.894875 0.00415559
42.0536 80.2062 -3.24285 -0.43268 -0.901546 0.00132423
41.2151 80.5978 -3.22563 -0.420168 -0.907443 0.00234831
40.3539 80.9912 -3.22883 -0.402203 -0.915546 0.000384353
39.4051 81.3999 -3.26329 -0.383716 -0.923442 0.00420029
38.3964 81.816 -3.35186 -0.370542 -0.928783 -0.00309146
37.238 82.2678 -3.28572 -0.351846 -0.935978 0.000464731
36.0344 82.704 -3.08262 -0.338057 -0.941123 0.00036957
35.2187 82.9793 -2.72965 -0.314901 -0.949108 0.00566315
34.9635 83.071 -1.7597 -0.3129 -0.949752 0.00797249
34.8779 83.097 -0.47002 -0.302842 -0.953032 -0.00410915
34.922 83.0797 0.552204 -0.301748 -0.953385 -0.00214176
35.0648 83.03 1.49025 -0.295623 -0.955273 0.000235737
35.1971 82.9921 2.45265 -0.311268 -0.950321 -0.00125909
36.1154 82.6882 3.28623 -0.311861 -0.950116 -0.00465885
37.3915 82.2144 3.35096 -0.348787 -0.937199 0.000586031
37.3937 82.2135 3.35098 -0.37045 -0.928836 0.00554162
37.4609 82.1887 4.0817 -0.350583 -0.936532 0.000349514
38.4421 81.799 4.09501 -0.370162 -0.928958 0.00398173
39.39 81.4021 4.07987 -0.398606 -0.917119 0.00236077
40.4199 80.9555 4.0868 -0.400932 -0.916075 -0.0034615
41.3255 80.5542 4.06866 -0.415518 -0.909495 -0.00272995
42.2892 80.1005 3.98683 -0.428029 -0.903752 -0.00105215
43.2482 79.6287 3.92457 -0.444871 -0.895585 0.00400669
44.1181 79.1965 3.90903 -0.445842 -0.895106 0.00271082
44.9593 78.7578 3.75277 -0.462078 -0.886836 0.00245898
45.2261 78.6211 2.72787 -0.467752 -0.883855 -0.00281453
45.2786 78.5971 1.60762 -0.468104 -0.883667 -0.00341865
45.3151 78.581 0.690806 -0.469269 -0.883038 -0.00169943
45.286 78.5957 -0.472788 -0.46499 -0.885316 0.000130926
45.3198 78.5782 -1.91933 -0.46076 -0.887498 0.00339515
45.2321 78.6168 -2.99216 -0.464362 -0.885624 0.0062195
44.9384 78.7668 -3.80488 -0.465165 -0.88522 0.00280495
43.9162 79.2932 -3.9631 -0.446454 -0.894795 0.00450266
43.0006 79.7502 -4.00544 -0.440544 -0.897694 0.00243679
42.0269 80.2178 -4.00685 -0.432613 -0.901578 0.00144974
41.1536 80.6259 -3.96909 -0.419722 -0.907653 0.000292848
40.285 81.0196 -3.97186 -0.399228 -0.916851 0.00122215
39.1518 81.5016 -4.05036 -0.385305 -0.92278 0.000433832
37.9796 81.9796 -4.08603 -0.366315 -0.930485 0.00334329
36.8598 82.403 -3.98623 -0.340899 -0.940098 0.00195971
35.9747 82.7245 -3.85997 -0.328009 -0.94457 0.00123258
34.8723 83.09 -3.73924 -0.314507 -0.949255 0.000684106
34.3076 83.2751 -2.71561 -0.279677 -0.960069 0.00698857
34.2068 83.3108 -1.6717 -0.278768 -0.960352 -0.000139268
34.1769 83.3159 -0.58694 -0.280338 -0.959896 -0.0032009
34.1768 83.3133 0.378136 -0.28444 -0.958692 -0.00166398
34.2767 83.2773 1.30708 -0.297864 -0.954581 -0.00721008
34.3772 83.247 2.23626 -0.293391 -0.955962 0.00769103
34.4563 83.2278 3.33872 -0.287948 -0.957583 0.00123622
35.1604 83.0021 3.91685 -0.314228 -0.949348 0.000341314
36.3264 82.6104 4.06023 -0.333388 -0.942612 -0.0165896
36.885 82.4042 4.068 -0.350584 -0.936531 0.00034483
36.8652 82.4041 4.79229 -0.340435 -0.940158 -0.0143663
35.9759 82.7171 4.78058 -0.32634 -0.945065 -0.0188169
35.0752 83.0278 4.72713 -0.297675 -0.954632 -0.00793225
33.8168 83.42 4.40357 -0.286028 -0.958112 -0.00965881
33.6952 83.4514 3.56476 -0.279635 -0.960074 0.00789128
33.6631 83.4564 2.60775 -0.278192 -0.960514 -0.0047584
33.585 83.4798 1.69307 -0.266754 -0.963728 -0.00394744
33.5151 83.5083 0.794403 -0.27347 -0.961787 -0.00644995
33.4701 83.5236 -0.322804 -0.284648 -0.958632 -0.000595014
33.4668 83.5255 -1.25691 -0.27877 -0.960352 -0.000142695
33.5309 83.5036 -2.40627 -0.278434 -0.96044 0.00495244
33.6739 83.4491 -3.65892 -0.276994 -0.960801 0.011686
33.9667 83.3783 -4.51484 -0.286247 -0.957935 -0.00446059
34.8365 83.1012 -4.64557 -0.30811 -0.951324 0.00129809
35.961 82.7283 -4.63057 -0.328014 -0.944568 0.00124206
36.9209 82.3792 -4.74957 -0.341772 -0.939775 0.00377172
37.8661 82.0213 -4.81897 -0.365476 -0.930805 0.00549739
38.7143 81.6879 -4.79655 -0.37661 -0.926299 9.90268e-06
39.7257 81.2609 -4.73715 -0.394234 -0.918995 0.00358397
40.7485 80.8169 -4.6841 -0.410794 -0.911637 -0.000904946
41.7991 80.3259 -4.7656 -0.429888 -0.902859 0.00290981
42.7759 79.8552 -4.76664 -0.433692 -0.901054 0.00372349
43.7513 79.3737 -4.74004 -0.4474 -0.894333 0.00114093
44.7853 78.8414 -4.6959 -0.467984 -0.883718 0.00562579
45.6633 78.3757 -4.57153 -0.476252 -0.879272 0.00811504
45.9211 78.2449 -3.4824 -0.478291 -0.878182 0.00583372
45.9496 78.2344 -2.52983 -0.477422 -0.878668 0.00288864
45.9807 78.2195 -1.56971 -0.478967 -0.877823 0.00360295
45.9509 78.2425 -0.386269 -0.480448 -0.877019 0.00240292
45.9698 78.2292 0.646881 -0.473557 -0.880755 -0.00382442
45.924 78.2507 1.93459 -0.474889 -0.880039 -0.00336439
45.8975 78.2599 3.11327 -0.472947 -0.881074 0.00106934
45.7877 78.3241 4.25412 -0.46817 -0.883635 0.00233262
44.8217 78.8332 4.66892 -0.463875 -0.885881 0.00581891
43.6147 79.4491 4.66004 -0.446818 -0.894624 0.00141198
42.2903 80.0959 4.72876 -0.430372 -0.902638 -0.00498749
41.4116 80.513 4.81588 -0.418031 -0.90832 -0.00250372
40.5472 80.8978 4.83132 -0.405994 -0.91387 0.00316966
39.4001 81.4007 4.82901 -0.398587 -0.91712 0.00445565
38.3691 81.8286 4.81773 -0.371497 -0.928429 -0.00320552
37.5153 82.1686 4.80114 -0.3455 -0.938348 -0.00701248
37.0454 82.3388 4.79791 -0.340428 -0.940161 -0.0143686
36.912 82.3834 5.51855 -0.337381 -0.941368 -0.000703595
37.8702 82.0234 5.53228 -0.363419 -0.931567 -0.0104578
38.9509 81.5844 5.57629 -0.3839 -0.923333 -0.00875199
39.8814 81.1952 5.58267 -0.402009 -0.915621 0.00352607
41.0828 80.6619 5.58487 -0.410931 -0.911644 -0.00324924
42.2337 80.1199 5.49421 -0.42668 -0.904396 0.00342618
43.3688 79.5728 5.39289 -0.446733 -0.894667 0.000726108
44.2521 79.1317 5.43342 -0.453617 -0.891159 -0.00166117
45.3612 78.5523 5.42527 -0.464887 -0.885369 0.00128095
46.3074 78.0508 5.20569 -0.47493 -0.879987 0.00293248
46.6129 77.8789 4.29551 -0.481014 -0.876708 0.00187777
46.5909 77.8912 3.37153 -0.47591 -0.879468 0.00289071
46.5557 77.9082 2.35849 -0.474884 -0.880042 -0.00336177
46.6212 77.8765 1.24457 -0.47918 -0.877702 -0.00160552
46.616 77.8793 0.198319 -0.479908 -0.877318 0.000887368
46.6477 77.8581 -0.882155 -0.480426 -0.877028 0.00364241
46.6372 77.8611 -1.99112 -0.478337 -0.878174 0.00187115
46.5866 77.8845 -3.19544 -0.478294 -0.878183 0.00535905
46.5728 77.8847 -4.296 -0.479465 -0.877505 0.00914028
46.3523 77.9953 -5.37397 -0.484002 -0.875032 0.00777035
45.2893 78.5702 -5.46827 -0.471264 -0.881971 0.00529595
44.4105 79.0365 -5.47703 -0.459703 -0.887999 0.00517436
43.244 79.6259 -5.53478 -0.444485 -0.895738 0.00412
42.0581 80.2001 -5.52516 -0.429884 -0.90286 0.00290885
40.8335 80.7754 -5.43813 -0.412365 -0.910891 0.00644049
39.6336 81.2975 -5.4792 -0.394235 -0.918994 0.00358195
38.7206 81.6838 -5.53812 -0.37678 -0.926195 0.00290994
37.3414 82.223 -5.54606 -0.363189 -0.93171 0.0025623
36.0494 82.6943 -5.41534 -0.34246 -0.93953 0.00229253
34.9672 83.0569 -5.43054 -0.314743 -0.949176 0.0011397
33.5513 83.5064 -5.3984 -0.302463 -0.953155 0.00299064
32.9082 83.6706 -4.52609 -0.256769 -0.966439 -0.0080109
32.869 83.6789 -3.33797 -0.247503 -0.968873 0.00528093
32.7842 83.7117 -2.25664 -0.256399 -0.966482 0.00842947
32.7434 83.7239 -0.85508 -0.25425 -0.967077 -0.0042511
32.7695 83.711 0.156596 -0.251986 -0.96773 0.00155263
32.806 83.6976 1.15255 -0.266743 -0.963731 -0.00394526
32.9097 83.671 2.26228 -0.256603 -0.966394 -0.00210657
32.9668 83.6574 3.20058 -0.270083 -0.962833 0.00286094
32.8575 83.6887 4.21128 -0.267649 -0.963516 -0.000753363
33.4152 83.5226 5.37402 -0.276082 -0.961052 -0.0125991
34.588 83.1735 5.46917 -0.297671 -0.954633 -0.00793828
35.4575 82.9004 5.49509 -0.316255 -0.948483 -0.00301642
36.7691 82.4346 5.51772 -0.337091 -0.941472 -0.000826637
36.5277 82.5202 6.24271 -0.337123 -0.941458 0.000892808
35.5425 82.867 6.22737 -0.304408 -0.952457 -0.0110255
34.2996 83.2571 6.23342 -0.292511 -0.956189 -0.0092041
33.4176 83.5173 6.22072 -0.280725 -0.959781 -0.0037219
32.3159 83.8089 6.04455 -0.236496 -0.971473 -0.0176138
32.0004 83.8934 4.54388 -0.209097 -0.977714 -0.0187869
32.2354 83.8413 3.38967 -0.233015 -0.972364 0.00457864
32.1493 83.8601 2.39668 -0.242118 -0.970221 -0.0070559
32.0591 83.8891 1.44157 -0.233931 -0.972169 0.00252881
32.0313 83.8941 0.352055 -0.220044 -0.975424 -0.0113097
32.0273 83.903 -0.597381 -0.248899 -0.968501 -0.00385485
31.9889 83.9121 -1.70799 -0.201089 -0.979545 -0.00225393
32.0683 83.8857 -2.91818 -0.248824 -0.968473 0.0107128
32.141 83.8613 -3.83251 -0.247846 -0.968727 -0.00391495
32.1554 83.8709 -4.77268 -0.214556 -0.976656 0.0102124
32.5247 83.7683 -6.11674 -0.2482 -0.968695 0.00247255
33.465 83.5301 -6.22681 -0.272845 -0.961641 0.00139718
34.7604 83.1228 -6.21868 -0.300703 -0.953713 0.00273378
35.7251 82.809 -6.15728 -0.310403 -0.950596 0.00106126
36.61 82.4895 -6.18433 -0.341141 -0.940011 -0.00158124
37.7117 82.0759 -6.26626 -0.362241 -0.932075 0.00411252
38.6214 81.7217 -6.29789 -0.376783 -0.926194 0.00291027
39.6534 81.2852 -6.25809 -0.395527 -0.91842 0.00478233
40.5964 80.8724 -6.19533 -0.400536 -0.91626 0.00594569
41.5359 80.4423 -6.25173 -0.422778 -0.906231 -0.00216647
42.7177 79.8768 -6.29429 -0.439189 -0.898382 0.002778
43.912 79.2857 -6.30646 -0.451749 -0.892142 0.00227268
44.7093 78.8743 -6.24346 -0.468683 -0.883357 0.00418274
45.6518 78.3692 -6.28848 -0.473703 -0.880663 0.00615885
46.6489 77.8234 -6.22109 -0.48417 -0.874935 0.00826986
47.1824 77.5347 -5.52726 -0.484089 -0.874982 0.00801961
47.2524 77.508 -4.56087 -0.481083 -0.876587 0.0124139
47.2411 77.5262 -3.44658 -0.480567 -0.876941 0.00502633
47.2617 77.5198 -2.53797 -0.479251 -0.877676 0.00114502
47.3329 77.4813 -1.37989 -0.480033 -0.877247 0.00189927
47.284 77.5117 -0.0176823 -0.485607 -0.874177 9.68767e-05
47.2874 77.5089 1.01584 -0.483127 -0.875549 -0.0010646
47.2029 77.5541 2.56142 -0.486136 -0.873882 -0.00159944
47.2486 77.5294 3.6065 -0.486941 -0.873434 0.00115966
47.2818 77.5124 4.81792 -0.487019 -0.873389 0.00063748
47.0194 77.6586 5.73047 -0.485535 -0.874217 0.000536609
46.0176 78.2052 6.1657 -0.468732 -0.883337 -0.00240055
44.7251 78.8831 6.20119 -0.459918 -0.887931 0.00732676
43.5355 79.4901 6.15967 -0.44669 -0.894689 0.000683002
42.446 80.021 6.2468 -0.4307 -0.902495 0.000160051
41.6352 80.4054 6.32982 -0.421252 -0.906914 -0.000695114
40.3398 80.9907 6.32927 -0.406041 -0.913853 -0.00165817
39.4991 81.3576 6.33502 -0.399518 -0.9167 -0.00688583
38.2774 81.86 6.29864 -0.367189 -0.930112 -0.00312018
37.27 82.2493 6.26233 -0.361875 -0.932194 -0.00657178
37.0452 82.335 6.25988 -0.337094 -0.941471 -0.000836826
36.8041 82.4232 6.95771 -0.346817 -0.937865 -0.00206176
35.2208 82.9597 7.00709 -0.309365 -0.950831 -0.0146334
34.1618 83.2893 7.00405 -0.285552 -0.9583 -0.0109821
33.2664 83.5598 6.9751 -0.267467 -0.96291 -0.00484116
31.8473 83.9039 7.05607 -0.236267 -0.971498 -0.0192021
31.2119 84.0406 6.27847 -0.194592 -0.980882 -0.00190743
31.1919 84.0539 5.04946 -0.188004 -0.982022 -0.016953
31.3235 84.0445 4.13032 -0.193689 -0.980841 -0.0198432
31.4694 84.0239 3.19437 -0.220211 -0.975369 -0.00808246
31.3519 84.0523 2.2882 -0.206445 -0.978453 -0.00237234
31.2981 84.0629 1.2444 -0.225419 -0.974194 0.011539
31.3372 84.0555 -0.0659568 -0.210576 -0.977481 -0.00169835
31.3467 84.046 -1.00006 -0.20017 -0.979739 0.00623768
31.2866 84.0601 -1.96488 -0.202949 -0.979147 -0.00907179
31.3475 84.0556 -3.01946 -0.196242 -0.98054 -0.00543853
31.3562 84.0542 -4.10911 -0.213915 -0.976776 0.0122435
31.38 84.0388 -5.12746 -0.215177 -0.976541 0.00818152
31.4756 84.0123 -6.34261 -0.217395 -0.976084 0.000339794
32.0538 83.8809 -7.03333 -0.2183 -0.975874 0.0039993
33.2335 83.5891 -7.00856 -0.238965 -0.97095 -0.00663461
34.1417 83.3188 -7.06514 -0.296059 -0.955149 -0.006226
35.1448 82.9962 -6.95788 -0.331034 -0.943596 -0.00649655
36.0952 82.6687 -6.94421 -0.339819 -0.940442 0.0096147
37.6772 82.0882 -6.97317 -0.361121 -0.932514 0.00218987
39.1875 81.4779 -7.01783 -0.38791 -0.92166 0.00773482
40.2872 81.0045 -6.95123 -0.401243 -0.915963 0.00406931
41.4216 80.4967 -6.98131 -0.414196 -0.910161 0.00700739
42.5385 79.9652 -7.07907 -0.441159 -0.897429 -0.000409011
43.4803 79.5022 -7.03379 -0.449565 -0.893186 0.00343089
44.4998 78.9763 -7.0666 -0.458376 -0.88874 0.00571732
45.396 78.5009 -7.15946 -0.477789 -0.878409 0.00902352
46.2396 78.0379 -7.0731 -0.482003 -0.876086 0.0121106
47.1059 77.5632 -6.96934 -0.485248 -0.87429 0.0109647
47.8232 77.1688 -6.45466 -0.489345 -0.871977 0.0140187
47.924 77.1301 -5.0343 -0.484905 -0.874483 0.0120607
47.9202 77.1511 -3.5836 -0.484704 -0.874607 0.011209
47.9149 77.1586 -2.49945 -0.484193 -0.874961 0.000535835
48.0105 77.1078 -1.11447 -0.485649 -0.874154 0.000439845
47.9485 77.1425 0.0712867 -0.485672 -0.874141 -7.32104e-05
47.9557 77.1371 1.54599 -0.486435 -0.873716 -0.00126081
47.971 77.1269 2.48664 -0.486137 -0.873881 -0.00158824
47.9429 77.1426 3.80282 -0.487563 -0.873087 0.000339378
47.9468 77.14 4.70929 -0.488341 -0.872653 0.000132482
47.8829 77.1775 6.32559 -0.488281 -0.872685 0.00146685
47.1898 77.5666 6.92174 -0.483023 -0.87558 0.0031341
46.012 78.2059 6.96785 -0.471363 -0.881931 0.000141791
45.1789 78.6544 6.97651 -0.466959 -0.884226 0.00499429
44.1211 79.1966 6.922 -0.450701 -0.892674 -0.000825801
43.1957 79.6604 6.9384 -0.442229 -0.89688 -0.00229423
42.2337 80.121 7.03564 -0.429866 -0.90288 -0.00459956
41.1318 80.6341 7.06574 -0.413469 -0.910496 0.00636227
40.0223 81.1248 7.08699 -0.399596 -0.916691 -0.000747645
38.9056 81.6036 7.11831 -0.37829 -0.92559 -0.0105186
37.6471 82.1016 6.99516 -0.358263 -0.933603 -0.00476694
37.6359 82.1058 6.99516 -0.35619 -0.934388 -0.00686583
37.5234 82.1488 6.98677 -0.356193 -0.934387 -0.00686736
