-19.8035 87.1134 0.396394 -0.445377 -0.895342 -0.000994639
-18.8463 86.6373 0.478072 -0.445945 -0.895059 -0.00095476
-17.7139 86.0784 -0.0294396 -0.438837 -0.898559 -0.00372039
-18.4465 86.4373 -0.391624 -0.442734 -0.896637 -0.00103985
-19.406 86.917 -0.333556 -0.44686 -0.894604 0.000422338
-20.1897 87.3079 -0.228574 -0.44675 -0.894655 -0.00252084
-20.3001 87.3625 -0.201512 -0.442802 -0.896599 -0.00602479
-21.2755 87.8437 -0.116359 -0.439068 -0.898434 -0.00266135
-22.1566 88.2666 -0.286035 -0.430934 -0.902382 -0.00139288
-23.172 88.7362 -0.255738 -0.403711 -0.914875 0.00455203
-24.2746 89.2115 -0.433761 -0.379986 -0.924941 0.000798986
-25.3519 89.6439 -0.422654 -0.366272 -0.930472 0.00172601
-26.3405 90.008 -0.31032 -0.33785 -0.941193 0.00352209
-27.4188 90.3685 -0.463931 -0.282572 -0.95922 0.00656394
-28.4211 90.6622 -0.373825 -0.28073 -0.959778 0.00402468
-29.1067 90.8377 -0.292995 -0.237749 -0.971322 0.0029898
-30.1841 91.0936 -0.534222 -0.213984 -0.976802 -0.000714494
-31.0949 91.2875 -0.343282 -0.207371 -0.978254 0.00407538
-30.7061 91.2062 0.428481 -0.221264 -0.975204 -0.00149014
-29.4025 90.912 0.318463 -0.229171 -0.973336 -0.00124861
-28.1073 90.5691 0.387629 -0.262843 -0.964751 -0.0129735
-27.1956 90.3063 0.287544 -0.297636 -0.954463 -0.00497272
-26.262 89.9823 0.359796 -0.33782 -0.941205 0.00340192
-25.2746 89.6125 0.137005 -0.360058 -0.932926 -0.00267396
-24.2827 89.2126 0.0397059 -0.387497 -0.92186 -0.00450827
-23.1769 88.7408 0.234756 -0.41013 -0.911984 -0.000826117
-22.3558 88.3637 0.358289 -0.424571 -0.905338 -0.00151948
-21.3898 87.8987 0.405281 -0.439999 -0.897988 -6.77845e-05
-20.5563 87.4863 0.525619 -0.443612 -0.896218 0.00135251
-19.8314 87.1273 0.398021 -0.444448 -0.895803 0.000167186
-19.7081 87.065 1.18239 -0.44528 -0.895391 -0.00102386
-18.7869 86.6067 1.19739 -0.44382 -0.896111 0.00113613
-17.9133 86.1729 1.15008 -0.444887 -0.895587 0.000372529
-17.1181 85.7849 0.778901 -0.426839 -0.904327 -0.000811308
-17.0125 85.7365 -0.178503 -0.438836 -0.898559 -0.00372068
-17.3703 85.9175 -1.14044 -0.433198 -0.901257 -0.00871892
-18.3317 86.3843 -1.20503 -0.438401 -0.898774 -0.00323564
-19.212 86.8193 -1.12758 -0.44834 -0.893863 0.000370887
-20.1619 87.2952 -0.994244 -0.447678 -0.894195 0.000167317
-21.0365 87.7275 -0.944719 -0.435215 -0.900326 -0.000276915
-21.9032 88.1466 -0.97349 -0.43314 -0.901323 -0.000344864
-22.7183 88.5296 -1.03362 -0.424321 -0.905477 0.00795368
-23.7978 89.009 -1.12075 -0.404519 -0.914526 1.94588e-05
-24.9036 89.4667 -1.15427 -0.373555 -0.927467 -0.0161796
-26.1874 89.9535 -1.11798 -0.344315 -0.938825 0.00735682
-27.3532 90.3427 -1.17985 -0.284263 -0.958709 0.0084183
-28.3512 90.6377 -1.17316 -0.280612 -0.959808 0.00494683
-29.321 90.889 -1.16019 -0.23687 -0.971541 0.000168512
-30.6011 91.1808 -1.17532 -0.206288 -0.978487 -0.00283039
-31.6789 91.4084 -1.0448 -0.200134 -0.979731 -0.000314748
-32.0977 91.4863 -0.128335 -0.182365 -0.983165 -0.000948458
-31.7978 91.4261 0.973093 -0.192172 -0.981355 0.00358857
-30.4441 91.1474 1.13138 -0.211068 -0.977459 -0.00495089
-29.4487 90.9218 1.09275 -0.2277 -0.973708 -0.000752703
-28.1963 90.5915 1.11294 -0.265697 -0.963978 0.012316
-27.0247 90.2384 1.08947 -0.31854 -0.947842 -0.00327219
-25.9378 89.8684 1.02757 -0.342776 -0.939398 0.00271518
-25.1011 89.5496 0.92165 -0.361997 -0.93214 0.0085143
-24.2578 89.202 0.855274 -0.387613 -0.92181 0.00473763
-23.2141 88.7589 0.991949 -0.408695 -0.912588 0.00236754
-22.3354 88.3534 1.05305 -0.423455 -0.905894 0.00132387
-21.1481 87.7802 1.1735 -0.439996 -0.89799 -6.9134e-05
-20.3749 87.3966 1.19978 -0.445283 -0.89539 -0.00102768
-20.557 87.4879 1.91428 -0.446219 -0.894918 0.0033148
-21.4438 87.9224 1.87702 -0.43663 -0.899639 -0.00194306
-22.5026 88.43 1.79902 -0.427621 -0.903953 -0.00302449
-23.4439 88.8578 1.74385 -0.398084 -0.917348 -0.000942002
-24.5729 89.3358 1.64906 -0.38101 -0.92457 0.00105921
-25.595 89.7427 1.75576 -0.347452 -0.937697 0.00090169
-26.5716 90.0892 1.81589 -0.322402 -0.946579 0.00673023
-27.4843 90.3885 1.82914 -0.284608 -0.958633 -0.00448346
-28.6816 90.7345 1.83763 -0.249588 -0.968166 0.00414672
-29.8405 91.0128 1.82316 -0.227704 -0.973706 -0.00075461
-31.3081 91.3329 1.84525 -0.198333 -0.979962 0.00433639
-32.2665 91.5091 1.7263 -0.179801 -0.983687 -0.00542796
-32.7849 91.6032 0.984095 -0.156512 -0.987661 0.0054348
-32.8388 91.6152 -0.246891 -0.164989 -0.986259 -0.00175699
-32.6637 91.5841 -1.51665 -0.172253 -0.985043 -0.00429377
-31.1494 91.2962 -1.8654 -0.201939 -0.97939 0.0040001
-29.6471 90.9627 -1.90898 -0.231179 -0.972884 0.00724587
-28.7382 90.7468 -1.89953 -0.234024 -0.972213 0.00370748
-27.6344 90.4237 -1.91173 -0.281118 -0.959658 0.00540999
-26.6667 90.1227 -1.85744 -0.34325 -0.939197 0.00943164
-25.661 89.7547 -1.8439 -0.348163 -0.937394 0.00766772
-24.5369 89.3316 -1.8791 -0.362782 -0.931715 -0.00410039
-23.7015 88.9675 -1.84212 -0.406208 -0.913779 -0.0017426
-22.5784 88.4608 -1.77766 -0.416237 -0.909241 -0.00534106
-21.4481 87.9275 -1.72126 -0.434627 -0.90061 -0.000825361
-20.3023 87.3652 -1.74483 -0.447273 -0.894397 0.000607214
-19.2903 86.8586 -1.84356 -0.447593 -0.894236 -0.00140752
-18.2689 86.3531 -1.92606 -0.438196 -0.898875 0.002878
-16.8528 85.6742 -1.91536 -0.433416 -0.901178 -0.00529667
-16.369 85.4428 -1.21454 -0.412177 -0.911103 0.000425782
-16.3168 85.4202 -0.151472 -0.412323 -0.911004 -0.00509009
-16.3429 85.4189 0.925544 -0.419446 -0.90771 -0.00595789
-16.7949 85.6333 1.72986 -0.425542 -0.904934 0.00300976
-17.6907 86.0648 1.86062 -0.4435 -0.896219 0.00838786
-18.6356 86.5347 1.9099 -0.442174 -0.896923 0.00322507
-19.4512 86.9368 1.91006 -0.442515 -0.89675 0.00437311
-20.163 87.2914 1.91609 -0.446215 -0.89492 0.00331235
-20.4032 87.4139 2.63988 -0.445268 -0.895383 0.00474627
-21.2507 87.8278 2.62526 -0.438641 -0.898629 0.00776805
-22.2738 88.3186 2.54595 -0.424367 -0.905464 0.00129399
-23.2189 88.7648 2.51977 -0.411803 -0.911105 0.00086966
-24.2504 89.205 2.44195 -0.38466 -0.923049 0.00170062
-25.1068 89.5559 2.49765 -0.356257 -0.934372 -0.00542589
-26.404 90.0294 2.54929 -0.329606 -0.944119 -0.000157557
-27.6466 90.4356 2.58181 -0.284991 -0.958528 0.00220614
-28.7909 90.7644 2.58216 -0.249492 -0.968237 0.000611806
-29.7579 90.9997 2.58638 -0.228135 -0.973553 0.00866236
-30.8286 91.2393 2.61715 -0.198333 -0.979962 0.00433617
-31.9685 91.4511 2.56229 -0.176415 -0.984266 -0.00828655
-33.133 91.6578 2.39569 -0.173044 -0.984836 -0.0123822
-33.5236 91.7167 1.40468 -0.134591 -0.990769 -0.0161557
-33.5669 91.7307 -0.0622754 -0.158148 -0.987395 -0.00630974
-33.5575 91.7299 -1.13611 -0.129603 -0.991563 -0.00251529
-32.841 91.6134 -2.52714 -0.164919 -0.986304 0.0024365
-31.4461 91.3581 -2.58311 -0.198712 -0.980015 -0.00912645
-30.0395 91.0625 -2.6338 -0.22137 -0.975119 -0.00588747
-29.1492 90.8518 -2.65615 -0.259308 -0.965769 0.00702698
-27.6703 90.4335 -2.63422 -0.283026 -0.95911 -0.00198717
-26.7207 90.1375 -2.58713 -0.343694 -0.939063 -0.0038484
-25.6311 89.7422 -2.59359 -0.34642 -0.938062 -0.00075033
-24.467 89.3049 -2.61477 -0.37712 -0.925748 0.00171601
-23.2424 88.7634 -2.57162 -0.409079 -0.912493 0.00120797
-22.3095 88.3419 -2.49486 -0.414029 -0.910251 -0.00166645
-20.9071 87.6671 -2.48424 -0.439354 -0.898295 -0.000378338
-19.9879 87.2089 -2.5206 -0.446382 -0.89484 -0.00191276
-19.1482 86.7888 -2.57808 -0.44776 -0.894152 -0.00184321
-17.8326 86.1453 -2.66852 -0.429753 -0.902944 0.00195066
-16.9817 85.7421 -2.68845 -0.42443 -0.90545 -0.00379737
-15.8543 85.2101 -2.45033 -0.425608 -0.904871 -0.00774919
-15.6442 85.1143 -1.40839 -0.412468 -0.910962 0.00433666
-15.6606 85.1226 -0.499975 -0.412186 -0.911099 0.000435832
-15.6653 85.1179 0.539319 -0.407718 -0.913083 -0.00676624
-15.7042 85.1314 2.14922 -0.411427 -0.911439 0.00246622
-16.7348 85.6118 2.59746 -0.432375 -0.901621 0.0114645
-17.7287 86.0938 2.61361 -0.440408 -0.897712 0.0124222
-18.6729 86.5569 2.64793 -0.442857 -0.896575 0.00552194
-19.8525 87.1408 2.64397 -0.444312 -0.895851 0.00617577
-20.1291 87.2828 3.37315 -0.444165 -0.895926 0.00579038
-19.0028 86.7245 3.38951 -0.444242 -0.895887 0.00598271
-18.1892 86.3227 3.35714 -0.442498 -0.89675 0.00581701
-17.2254 85.857 3.33727 -0.436611 -0.899595 0.00759655
-16.0497 85.2984 3.32491 -0.428221 -0.903475 0.0189391
-15.2131 84.9327 3.17148 -0.399563 -0.916612 0.0124528
-14.9375 84.7944 2.17752 -0.36624 -0.929697 0.00811908
-15.0028 84.8273 0.884905 -0.362634 -0.931833 -0.0135449
-14.9939 84.8382 -0.240743 -0.361565 -0.932287 0.0015533
-14.9569 84.8174 -1.24566 -0.351942 -0.935888 -0.0148387
-14.8767 84.806 -2.20219 -0.355712 -0.934409 -0.0186922
-14.9856 84.8441 -3.08075 -0.376438 -0.925825 0.00785875
-15.7836 85.1952 -3.40341 -0.398551 -0.916859 -0.00783473
-16.817 85.6671 -3.43266 -0.423072 -0.906093 -0.00225875
-17.9733 86.2107 -3.4105 -0.435835 -0.899987 -0.00248799
-18.8356 86.6358 -3.34273 -0.446287 -0.894875 -0.00516248
-19.699 87.0661 -3.27795 -0.447023 -0.894514 -0.00350285
-20.8207 87.6238 -3.24374 -0.444592 -0.895733 0.000492792
-21.6998 88.0498 -3.2716 -0.4323 -0.90173 0.000921512
-22.9143 88.6165 -3.29315 -0.408822 -0.912602 -0.00462642
-23.8826 89.0468 -3.32887 -0.402846 -0.91525 -0.00574483
-24.9436 89.484 -3.35746 -0.355865 -0.934488 0.00960409
-25.7949 89.8018 -3.33852 -0.343692 -0.939063 -0.00385699
-26.7455 90.1526 -3.32349 -0.346309 -0.93809 -0.00751665
-28.0792 90.5557 -3.38796 -0.283711 -0.958909 -0.00113636
-29.194 90.8585 -3.39218 -0.259694 -0.965676 0.00204001
-30.3769 91.1363 -3.34862 -0.213003 -0.977051 -0.000360042
-31.3556 91.3465 -3.30312 -0.187943 -0.982067 0.000866581
-32.4072 91.5358 -3.30876 -0.177175 -0.984119 0.0108598
-33.3045 91.6892 -3.31299 -0.164837 -0.986319 0.00209276
-34.1445 91.8112 -2.65839 -0.130114 -0.991494 -0.00315187
-34.3057 91.8285 -1.44432 -0.129615 -0.991561 -0.00252086
-34.3036 91.8261 -0.49577 -0.128262 -0.991736 0.000290778
-34.3146 91.8302 0.452228 -0.124115 -0.992256 -0.000999902
-34.304 91.8231 1.38077 -0.134587 -0.99077 -0.0161523
-34.2526 91.811 2.3396 -0.133489 -0.991013 0.0083384
-33.5851 91.7267 3.22377 -0.146335 -0.989193 -0.00249414
-32.4466 91.5358 3.31494 -0.173109 -0.984873 0.00708181
-31.4203 91.3524 3.33092 -0.183393 -0.983017 0.00665857
-30.3472 91.1352 3.33426 -0.210276 -0.977631 -0.0047536
-29.29 90.8934 3.32004 -0.249492 -0.968237 0.000611435
-28.4064 90.6528 3.34254 -0.262547 -0.964879 -0.008806
-27.3934 90.3584 3.31981 -0.301073 -0.953582 -0.00597747
-26.3535 90.0117 3.27424 -0.338533 -0.940831 -0.00851404
-25.4471 89.676 3.25758 -0.347459 -0.937543 -0.0168731
-24.0979 89.1409 3.22192 -0.387808 -0.92174 -1.5107e-05
-23.1626 88.7381 3.2625 -0.417897 -0.908458 0.000754956
-22.2661 88.3212 3.29916 -0.427699 -0.903881 0.00487203
-21.0636 87.7429 3.37213 -0.436069 -0.89989 0.00500971
-20.1326 87.2845 3.37315 -0.442537 -0.896738 0.00480876
-20.131 87.2837 3.37313 -0.443352 -0.896331 0.00529837
-20.3036 87.3724 4.1235 -0.442008 -0.897005 0.00346492
-21.3257 87.8726 4.13308 -0.435041 -0.9004 0.00356995
-22.2802 88.3308 4.06144 -0.426804 -0.904307 0.00051818
-23.4649 88.8706 4.02268 -0.413889 -0.910308 -0.00597535
-24.3673 89.2565 3.98603 -0.385334 -0.922772 0.00203582
-25.9022 89.8439 3.99383 -0.341894 -0.939543 0.0191978
-26.9031 90.2028 4.01053 -0.310798 -0.950394 0.00684267
-27.9308 90.5221 4.10025 -0.274617 -0.961458 0.00244302
-28.8244 90.7655 4.0975 -0.262806 -0.964819 0.00762022
-30.4656 91.1572 4.05201 -0.20963 -0.977777 -0.00276849
-31.4223 91.3578 4.06586 -0.178996 -0.983823 0.00572388
-32.8236 91.6046 4.06604 -0.162472 -0.986656 -0.000598378
-33.8742 91.7675 4.00019 -0.146342 -0.989192 -0.00250704
-34.9123 91.9121 3.46691 -0.136472 -0.990617 0.00529873
-35.0542 91.9119 1.98507 -0.119614 -0.992763 0.00372715
-35.0675 91.9202 0.891147 -0.121505 -0.992576 -0.00537179
-35.073 91.925 -0.0615331 -0.109361 -0.993951 -0.00466148
-35.0313 91.9202 -1.05936 -0.123145 -0.992389 0.000202008
-35.0318 91.9265 -2.29581 -0.130123 -0.991493 -0.00315272
-35.0025 91.9142 -3.24137 -0.115133 -0.993309 0.00579607
-34.0875 91.8049 -4.07326 -0.136319 -0.990534 0.00139984
-32.8653 91.6142 -4.05614 -0.166189 -0.986046 0.00130839
-31.8862 91.4407 -4.01346 -0.174287 -0.984688 -0.00380207
-30.9824 91.2706 -4.04942 -0.20162 -0.979384 0.00117053
-29.941 91.044 -4.12471 -0.22305 -0.974737 0.00138798
-28.6493 90.7141 -4.12666 -0.260071 -0.965585 -0.00295235
-27.4712 90.3769 -4.10369 -0.285851 -0.958265 -0.00411533
-26.1481 89.9405 -4.07557 -0.343263 -0.939109 -0.0156277
-25.2397 89.6008 -4.09566 -0.366079 -0.93044 -0.0163855
-24.37 89.2582 -4.07379 -0.360973 -0.932463 -0.00339439
-23.4796 88.8709 -4.043 -0.406319 -0.913728 -0.00230938
-22.5645 88.4636 -4.03662 -0.42056 -0.907166 -0.00184874
-21.7336 88.0659 -4.04794 -0.431271 -0.902213 -0.00401493
-20.8643 87.646 -4.01347 -0.443602 -0.896222 -0.00194079
-19.9038 87.1702 -4.02044 -0.443811 -0.896118 -0.00224191
-18.9348 86.6895 -4.08024 -0.444101 -0.895952 -0.00604896
-17.8411 86.1514 -4.15055 -0.433319 -0.90113 -0.0101745
-16.444 85.4994 -4.18575 -0.422234 -0.906435 -0.00971886
-15.2275 84.941 -4.1715 -0.417477 -0.908628 -0.0101356
-14.4103 84.6282 -3.96655 -0.346209 -0.938149 0.00386277
-14.1165 84.5156 -3.13564 -0.354537 -0.935031 -0.00463778
-14.144 84.5244 -2.16801 -0.353965 -0.935258 -0.000711187
-14.3037 84.5686 -0.723236 -0.352679 -0.935668 -4.84517e-05
-14.3307 84.5729 0.300418 -0.36596 -0.930598 -0.00779936
-14.3004 84.5491 1.21922 -0.351235 -0.935934 0.00778466
-14.1792 84.528 2.72255 -0.332797 -0.942996 -0.00110011
-14.299 84.5766 3.66057 -0.324198 -0.945779 0.012657
-15.1954 84.9361 4.03069 -0.395084 -0.918504 0.0160786
-16.3902 85.466 4.08464 -0.419503 -0.907737 -0.00551223
-17.3751 85.9293 4.09215 -0.434642 -0.900603 -0.000149395
-18.2703 86.3679 4.12161 -0.442655 -0.89667 0.00628746
-19.276 86.865 4.11902 -0.443674 -0.896164 0.00659827
-19.831 87.1395 4.10711 -0.441182 -0.897407 0.00415497
-19.7342 87.0961 4.85597 -0.441574 -0.89721 0.00496558
-18.658 86.5648 4.89664 -0.44323 -0.896389 0.00584142
-17.829 86.1546 4.84798 -0.443197 -0.896405 0.00585172
-16.7901 85.6469 4.85584 -0.436562 -0.899665 0.00239101
-15.6436 85.1355 4.8018 -0.405271 -0.914127 0.0112606
-14.6363 84.709 4.7931 -0.391711 -0.920005 0.0102607
-13.7821 84.4033 4.66404 -0.316804 -0.948491 -0.000583558
-13.4433 84.2751 3.63699 -0.331596 -0.943066 0.0258911
-13.438 84.2653 2.69111 -0.334139 -0.942521 -0.00219007
-13.55 84.3017 1.5627 -0.282204 -0.958953 0.0277569
-13.6348 84.3271 0.27135 -0.288738 -0.956877 -0.0318856
-13.5802 84.3168 -0.778485 -0.318151 -0.947262 0.0383985
-13.4464 84.2608 -2.02218 -0.353494 -0.935437 -0.000268518
-13.4082 84.2502 -3.04161 -0.235462 -0.971764 -0.0138422
-13.4238 84.2914 -4.32327 -0.273615 -0.961412 -0.0286692
-14.3118 84.5936 -4.82546 -0.360954 -0.932223 0.0126916
-15.3175 84.9892 -4.9205 -0.418347 -0.90825 -0.0082292
-16.5749 85.5683 -4.91054 -0.417477 -0.908628 -0.010135
-17.4 85.955 -4.89269 -0.424868 -0.905162 -0.0129809
-18.2241 86.3461 -4.87846 -0.441447 -0.897261 -0.00683896
-19.3446 86.8964 -4.81945 -0.441041 -0.897465 -0.0062644
-20.2461 87.3416 -4.75693 -0.443606 -0.89622 -0.00194348
-21.2406 87.8336 -4.79313 -0.437293 -0.899289 -0.00282902
-22.7627 88.5555 -4.78162 -0.426192 -0.90463 0.00218046
-23.6284 88.9417 -4.78034 -0.406314 -0.913711 -0.00631844
-24.5418 89.3305 -4.81906 -0.376909 -0.926249 0.00123022
-25.4994 89.7161 -4.84279 -0.354671 -0.934775 -0.0159965
-26.6327 90.1202 -4.80399 -0.333749 -0.94266 -0.00166535
-27.9157 90.5127 -4.85027 -0.287544 -0.957761 -0.00142743
-28.9489 90.797 -4.87146 -0.259336 -0.965781 -0.00338243
-29.8531 91.0181 -4.86295 -0.233251 -0.972396 0.00640048
-31.0929 91.2877 -4.76232 -0.190384 -0.981692 0.00597763
-31.9882 91.4615 -4.72905 -0.182332 -0.98319 0.00109458
-32.971 91.6263 -4.7988 -0.158094 -0.987403 0.00642258
-34.0034 91.7913 -4.8301 -0.152141 -0.988288 0.00995008
-35.2606 91.9459 -4.72267 -0.112349 -0.993628 0.000840117
-35.8065 92.0046 -3.80259 -0.101354 -0.994845 0.00326211
-35.7766 92.0059 -2.62262 -0.0963757 -0.995332 0.00516169
-35.7517 92.0103 -1.57668 -0.0963589 -0.995319 0.00745129
-35.7917 92.0104 -0.515261 -0.109499 -0.993895 -0.0135492
-35.8303 92.0104 0.459736 -0.109223 -0.994008 0.00421848
-35.8084 92.0069 1.54478 -0.121339 -0.992592 -0.00619196
-35.7684 92.0071 2.7354 -0.106254 -0.994217 0.00431756
-35.7056 91.9946 4.01891 -0.0946044 -0.995502 -0.00502152
-35.0061 91.9275 4.70222 -0.115958 -0.992972 -0.000346147
-33.96 91.7803 4.76417 -0.147775 -0.988981 0.00311398
-32.7114 91.5857 4.82752 -0.162471 -0.986656 -0.000589731
-31.2304 91.3222 4.79242 -0.195361 -0.980538 -0.00026736
-29.6436 90.9789 4.79787 -0.229322 -0.973131 -0.00409167
-28.567 90.7016 4.88357 -0.25591 -0.966652 0.00110269
-27.2099 90.3062 4.83654 -0.300322 -0.953674 -1.50262e-05
-26.2583 89.9869 4.74988 -0.330232 -0.94376 0.00920038
-25.3952 89.6738 4.74651 -0.348413 -0.937231 0.00602496
-24.4987 89.3111 4.73739 -0.383192 -0.923662 -0.00336164
-23.2116 88.7521 4.77521 -0.412272 -0.911056 -0.00294828
-22.3902 88.3786 4.79815 -0.420544 -0.907264 -0.00393705
-21.2216 87.8239 4.89406 -0.437016 -0.899451 0.00215109
-20.3531 87.3998 4.87634 -0.441191 -0.897403 0.00415957
-19.8799 87.1676 4.86186 -0.440364 -0.897806 0.00485009
-19.6747 87.0708 5.58887 -0.441579 -0.897208 0.00496522
-18.6453 86.5625 5.6172 -0.442912 -0.896552 0.00488475
-17.6864 86.0888 5.59695 -0.438277 -0.898775 0.00875127
-16.6587 85.5933 5.56875 -0.434056 -0.900789 0.0132281
-15.3906 85.032 5.53795 -0.402134 -0.915543 0.00791613
-14.4177 84.6227 5.53739 -0.386481 -0.922261 0.00821346
-13.5374 84.3621 5.49069 -0.287534 -0.957238 0.0215464
-12.7809 84.1092 4.92304 -0.269436 -0.962307 0.0370141
-12.7066 84.0735 3.94714 -0.231989 -0.972339 0.0271872
-12.7104 84.0404 2.79228 -0.262085 -0.964151 0.00182175
-12.7877 84.0809 1.7782 -0.294154 -0.955756 -0.00206622
-12.9205 84.1065 0.576044 -0.273272 -0.961934 -0.00234151
-12.9023 84.0989 -0.536518 -0.318153 -0.947262 0.0383948
-12.7368 84.0612 -1.60967 -0.229437 -0.973199 -0.0144882
-12.6354 84.0565 -2.59039 -0.235455 -0.971766 -0.0138375
-12.6012 84.0693 -4.08848 -0.241369 -0.970254 -0.018654
-13.0341 84.18 -5.33733 -0.279474 -0.959695 0.0255623
-13.9799 84.4627 -5.6037 -0.279514 -0.959787 0.00880029
-15.036 84.8661 -5.66587 -0.401003 -0.915965 -0.00610985
-16.3186 85.4518 -5.62897 -0.416211 -0.909268 -0.000797897
-17.1465 85.8419 -5.60715 -0.427331 -0.904083 -0.00478489
-18.349 86.4129 -5.60795 -0.434556 -0.900582 -0.0106417
-19.2911 86.8755 -5.59362 -0.441043 -0.897464 -0.00626152
-20.448 87.4439 -5.50237 -0.442787 -0.896615 -0.00469905
-21.3652 87.8964 -5.56104 -0.432774 -0.901466 -0.00288377
-22.2145 88.2965 -5.56714 -0.426111 -0.90466 -0.00435373
-23.1084 88.7144 -5.52505 -0.399571 -0.916654 -0.00087066
-24.6015 89.3538 -5.54678 -0.385662 -0.922578 0.00400674
-25.5763 89.7473 -5.55225 -0.373696 -0.927529 0.00645169
-26.5354 90.0892 -5.5466 -0.325877 -0.945359 -0.00566121
-27.713 90.4612 -5.57878 -0.294578 -0.955378 -0.0218477
-28.5942 90.7004 -5.60105 -0.256826 -0.966452 0.00238872
-29.8012 91.0031 -5.60181 -0.232424 -0.972614 0.00121195
-30.7895 91.2262 -5.55104 -0.190874 -0.981614 -0.00116988
-32.2032 91.5012 -5.46352 -0.171528 -0.984981 -0.000319611
-33.2883 91.6716 -5.5487 -0.157905 -0.987427 0.00741429
-34.4501 91.8481 -5.56963 -0.146366 -0.989152 0.01248
-35.6689 91.9861 -5.5374 -0.103682 -0.994606 0.00290994
-36.534 92.0733 -4.64912 -0.0882139 -0.996098 0.00275517
-36.5528 92.0753 -3.21952 -0.0922047 -0.99574 -0.000773994
-36.5141 92.0797 -2.16864 -0.0963668 -0.995325 0.00630651
-36.4992 92.0751 -0.984214 -0.0749665 -0.997107 0.0023698
-36.5676 92.0893 -0.0371871 -0.109361 -0.993951 -0.00466103
-36.5678 92.083 1.20318 -0.0978971 -0.995176 -0.00639795
-36.5012 92.0806 2.4459 -0.0983633 -0.995127 -0.000177708
-36.5024 92.0744 3.62821 -0.102793 -0.994689 -0.00530626
-36.4656 92.0634 4.59421 -0.0920795 -0.995714 -0.00258282
-36.1004 92.0332 5.43975 -0.0944017 -0.995522 0.00494129
-34.8963 91.9143 5.51202 -0.123536 -0.992175 0.000658021
-33.8357 91.7641 5.52132 -0.147775 -0.988981 0.0031139
-32.573 91.5623 5.58386 -0.170416 -0.985321 0.000839026
-31.5762 91.3798 5.5541 -0.178589 -0.983911 -0.00153281
-30.3179 91.1266 5.50318 -0.213941 -0.976835 0.00474097
-29.3718 90.9083 5.57451 -0.246576 -0.969117 0.00229615
-28.4581 90.6742 5.64318 -0.262 -0.96496 0.000824448
-27.533 90.4043 5.63597 -0.283742 -0.958896 0.00306037
-26.6779 90.1261 5.54623 -0.316898 -0.948454 -0.00308907
-25.6504 89.7675 5.51122 -0.354487 -0.935037 -0.00621515
-24.6178 89.3577 5.50605 -0.382584 -0.923916 -0.00269724
-23.7696 89.0056 5.5203 -0.414014 -0.91027 0.00112099
-22.8005 88.5649 5.52357 -0.412475 -0.910958 0.00337096
-21.6791 88.0469 5.60922 -0.419805 -0.907612 -0.002276
-20.5404 87.4951 5.60963 -0.438633 -0.898658 0.00363517
-20.0415 87.2509 5.60694 -0.440079 -0.897949 0.0043263
-20.0158 87.2409 6.34348 -0.442421 -0.896807 0.000180048
-20.8741 87.6603 6.34117 -0.437491 -0.899216 0.00347068
-22.0866 88.2372 6.30988 -0.423233 -0.906014 0.00346316
-23.2371 88.7663 6.28394 -0.410945 -0.911643 0.00562552
-24.394 89.2645 6.27009 -0.383368 -0.923578 0.00575809
-25.4889 89.7001 6.25089 -0.35208 -0.935946 -0.00634576
-26.4827 90.0617 6.27738 -0.313101 -0.949718 0.00181226
-27.4679 90.3874 6.36564 -0.300323 -0.953674 -1.45418e-05
-28.6181 90.7183 6.38675 -0.262 -0.96496 0.000825104
-29.7807 91.0119 6.27237 -0.229486 -0.973182 0.00232961
-30.9604 91.2703 6.28466 -0.19639 -0.980358 0.00407994
-32.0919 91.4765 6.34007 -0.179592 -0.983732 0.00401214
-33.0478 91.6387 6.28723 -0.160754 -0.986994 -0.00130432
-33.9486 91.782 6.26129 -0.141533 -0.989928 0.00334901
-35.0758 91.9314 6.29869 -0.10586 -0.994378 -0.00249748
-36.4457 92.0704 6.31097 -0.0945976 -0.995495 0.00641989
-37.2413 92.14 5.26447 -0.0934653 -0.995607 0.0055049
-37.2685 92.143 3.99475 -0.0906984 -0.995821 -0.010673
-37.2268 92.1462 2.94488 -0.0662757 -0.9978 0.0013139
-37.2699 92.1467 1.66024 -0.0671393 -0.997739 0.00278299
-37.3578 92.1492 0.448681 -0.0661412 -0.997807 0.00259092
-37.3099 92.1417 -0.473187 -0.0653038 -0.997848 0.00592117
-37.2265 92.1356 -1.57001 -0.0748366 -0.997146 -0.00998263
-37.267 92.1408 -2.59963 -0.0611812 -0.998122 -0.00294757
-37.3057 92.1435 -3.72226 -0.087857 -0.99613 0.00239832
-37.2867 92.1391 -4.90862 -0.0878716 -0.996129 0.00231617
-37.1111 92.122 -5.93788 -0.0909475 -0.995853 -0.0022668
-36.1088 92.0313 -6.32295 -0.0981061 -0.995146 -0.00304067
-35.075 91.9219 -6.31813 -0.104418 -0.994527 -0.000533811
-34.1692 91.7978 -6.29366 -0.144742 -0.989469 0.000742233
-33.1762 91.6506 -6.28197 -0.150659 -0.988575 0.00334998
-32.1766 91.4969 -6.23179 -0.171528 -0.984981 -0.000318812
-31.0817 91.284 -6.28301 -0.190737 -0.98164 -0.00131889
-29.9623 91.0399 -6.33141 -0.231744 -0.972713 -0.00651398
-28.3266 90.6291 -6.32689 -0.254958 -0.966952 0.000890329
-27.393 90.3792 -6.30429 -0.307611 -0.951288 -0.0107255
-25.9731 89.8988 -6.28368 -0.319714 -0.947512 -0.00202327
-25.0135 89.5248 -6.36256 -0.375658 -0.926695 -0.00537348
-23.657 88.9543 -6.31542 -0.399568 -0.916656 -0.000873873
-22.78 88.5642 -6.31761 -0.415618 -0.909476 0.00157315
-21.5399 87.9823 -6.33544 -0.423505 -0.905878 -0.00437269
-20.66 87.5525 -6.25315 -0.441113 -0.897443 -0.00305658
-19.8225 87.1402 -6.28897 -0.440961 -0.897511 -0.00525601
-18.9823 86.7284 -6.36811 -0.440253 -0.89786 -0.0050495
-17.8318 86.1703 -6.30674 -0.436709 -0.899594 -0.00292215
-16.9203 85.7375 -6.31561 -0.426533 -0.904458 0.00505391
-16.0666 85.3382 -6.34535 -0.411134 -0.91156 -0.00275502
-15.0049 84.8574 -6.40375 -0.40101 -0.915962 -0.00611021
-13.891 84.432 -6.37603 -0.339476 -0.939618 -0.0433027
-12.9656 84.1397 -6.24507 -0.254056 -0.966986 0.0111013
-11.9988 83.8974 -5.64594 -0.242788 -0.970079 -0.000513845
-11.8807 83.8755 -4.39457 -0.268428 -0.963262 0.00853246
-11.8928 83.8766 -2.8879 -0.238543 -0.971097 -0.0082774
-12.0365 83.8966 -1.43998 -0.22648 -0.973969 -0.00957425
-12.2197 83.9263 -0.295238 -0.224452 -0.974396 -0.0131972
-12.1854 83.909 0.722469 -0.188231 -0.981863 -0.0226594
-12.0456 83.8735 1.8931 -0.17351 -0.984761 0.0117948
-11.9737 83.8697 2.96668 -0.171695 -0.985135 0.00539644
-11.9755 83.893 4.29379 -0.246736 -0.969075 -0.00379365
-11.9455 83.8851 5.22059 -0.216527 -0.97411 0.0105346
-12.2536 83.994 6.18743 -0.27535 -0.961343 -0.00119115
-13.2528 84.2807 6.3173 -0.276564 -0.960995 -0.000853019
-14.2071 84.5553 6.28825 -0.273105 -0.961948 -0.00573268
-15.1382 84.9329 6.30474 -0.387612 -0.921768 0.0100835
-16.2658 85.4236 6.30107 -0.401764 -0.915665 0.0118717
-17.2976 85.9115 6.3004 -0.434339 -0.900702 0.00802499
-18.2083 86.3506 6.34913 -0.438277 -0.898775 0.00875117
-19.1407 86.8098 6.36351 -0.441272 -0.897374 -8.61681e-05
-19.9095 87.1884 6.35236 -0.442421 -0.896807 0.000179459
-19.8783 87.1732 7.0985 -0.443017 -0.896512 0.00095675
-20.7384 87.5974 7.04722 -0.437664 -0.89913 0.00407881
-21.7605 88.087 7.10861 -0.429833 -0.902908 -0.000512759
-22.6647 88.5107 7.10541 -0.416754 -0.90898 -0.000575815
-23.5124 88.8899 7.03601 -0.401386 -0.915879 -0.00434645
-24.3628 89.2565 7.07526 -0.389769 -0.920867 -0.000260544
-25.4307 89.6753 7.10087 -0.346273 -0.938132 -0.00187851
-26.5065 90.0726 7.06173 -0.326349 -0.945111 -0.00274159
-27.738 90.4607 7.07962 -0.284461 -0.958599 -0.0130583
-28.6341 90.7204 7.21182 -0.26019 -0.965423 -0.00290151
-29.9852 91.0542 6.95989 -0.230667 -0.97292 -0.0144971
-31.0096 91.2839 7.20335 -0.196389 -0.980358 0.00407188
-32.4904 91.5503 7.05243 -0.17617 -0.984359 0.00148473
-33.4045 91.7025 7.08106 -0.149347 -0.988784 0.00156858
-34.3127 91.8365 7.05832 -0.141857 -0.989883 0.0028916
-35.3739 91.9626 7.11414 -0.106504 -0.994312 -0.000444836
-36.3624 92.0681 7.17116 -0.100381 -0.994922 0.0029029
-37.31 92.1478 7.11308 -0.074871 -0.997193 -0.000424392
-38.0918 92.2047 6.05526 -0.0725472 -0.99736 0.00322341
-38.066 92.2045 5.09319 -0.071205 -0.997458 -0.00285883
-38.0668 92.2044 3.96684 -0.0660099 -0.997816 0.00241131
-38.062 92.2018 2.91545 -0.0664568 -0.997789 0.000166127
-38.0234 92.1981 1.93732 -0.0671412 -0.997739 0.00277875
-38.1163 92.2005 0.83767 -0.0665153 -0.997781 0.00303708
-38.1156 92.1959 -0.232443 -0.0657509 -0.99782 0.00560159
-37.9637 92.1809 -1.15767 -0.0671285 -0.997713 0.00754107
-38.0501 92.1878 -2.25559 -0.0607152 -0.998152 -0.00256082
-38.032 92.1889 -3.26371 -0.0602596 -0.99818 -0.00216272
-38.0426 92.1989 -4.65723 -0.0629024 -0.997985 -0.000982054
-38.0263 92.1901 -5.95177 -0.0685681 -0.997615 0.00794807
-37.8597 92.1776 -6.81381 -0.0701471 -0.997363 -0.0185985
-36.55 92.0732 -7.08478 -0.0952783 -0.995406 -0.0069539
-35.4833 91.9682 -7.0836 -0.115526 -0.993198 0.0048971
-34.487 91.8423 -7.04071 -0.125905 -0.991947 0.0137661
-33.5757 91.7085 -7.0895 -0.152424 -0.988308 0.00385578
-32.5624 91.5531 -7.0404 -0.149271 -0.988776 0.00632453
-31.2688 91.3234 -7.03231 -0.189669 -0.981835 -0.0051092
-30.2068 91.105 -7.09171 -0.203645 -0.979032 0.00503965
-28.6647 90.7278 -7.08369 -0.248921 -0.968486 -0.00849815
-27.7139 90.4726 -7.08571 -0.30077 -0.953623 0.0118369
-26.3923 90.042 -7.09584 -0.319714 -0.947512 -0.00203379
-25.4942 89.7247 -7.24725 -0.375657 -0.926696 -0.00536676
-24.0662 89.1336 -7.05745 -0.393318 -0.919289 -0.00331753
-23.0694 88.6901 -7.12006 -0.406826 -0.913505 -0.00126902
-21.9887 88.1972 -7.08609 -0.422185 -0.906482 -0.00712758
-21.0921 87.765 -7.08896 -0.4366 -0.899656 0.000615421
-20.2747 87.3659 -7.02384 -0.439033 -0.898464 -0.00300813
-19.1054 86.7931 -7.12399 -0.439993 -0.897989 -0.00469451
-18.2303 86.3664 -7.11228 -0.436709 -0.899594 -0.00292215
-17.3112 85.9174 -7.10206 -0.432699 -0.901504 0.00173091
-15.8709 85.251 -7.10327 -0.415603 -0.909539 -0.00359263
-14.5492 84.6779 -7.14415 -0.366316 -0.929966 0.00958695
-13.5125 84.287 -7.10271 -0.353905 -0.93458 0.0362011
-12.4596 83.9965 -7.21193 -0.215207 -0.9758 -0.00131397
-11.5024 83.8083 -6.7227 -0.182578 -0.982969 -0.0208963
-11.1497 83.7536 -5.86207 -0.155581 -0.987769 0.0103782
-11.1372 83.7468 -4.48366 -0.1474 -0.98907 -0.00376378
-11.1761 83.7591 -3.27085 -0.156822 -0.987611 0.00552198
-11.1409 83.7547 -2.29975 -0.154431 -0.987675 -0.0182365
-11.2627 83.7399 -1.35183 -0.174467 -0.984175 -0.022319
-11.5006 83.7784 -0.403188 -0.191824 -0.98142 -0.00189813
-11.301 83.7429 0.572267 -0.193651 -0.980912 -0.00793671
-11.2431 83.7334 1.97514 -0.172531 -0.984946 0.0106873
-11.2377 83.7424 3.13582 -0.171695 -0.985135 0.00539652
-11.2452 83.7565 4.28155 -0.16742 -0.985805 0.0126317
-11.1532 83.7596 5.24014 -0.159066 -0.987128 0.00758023
-11.268 83.7645 6.50946 -0.183085 -0.982519 0.00885331
-12.2862 84.0021 7.21534 -0.24133 -0.969579 0.0144165
-13.3111 84.2953 7.11963 -0.269642 -0.962902 -0.0106174
-14.2156 84.576 7.03199 -0.373196 -0.927135 0.0338409
-15.257 84.9942 7.03851 -0.381914 -0.923665 0.0282641
-16.2946 85.4474 7.05401 -0.402558 -0.915295 0.01347
-17.1642 85.8513 7.09906 -0.429172 -0.903169 0.00990784
-18.0221 86.2644 7.09093 -0.436033 -0.899921 0.00394548
-18.8706 86.6769 7.11271 -0.439202 -0.89838 0.00220689
-19.8719 87.17 7.09876 -0.442421 -0.896807 0.000180048
-19.8757 87.1719 7.09845 -0.442421 -0.896807 0.000180048
