-23.453 93.5724 -0.210913 -0.360722 -0.932517 -0.00548975
-24.4129 93.9538 -0.116245 -0.368447 -0.929611 0.00840405
-23.305 93.5142 0.0324107 -0.393987 -0.91881 -0.00147183
-22.247 93.0251 0.117175 -0.428584 -0.903284 0.018349
-21.0927 92.4538 0.324706 -0.451665 -0.892186 0.00171795
-20.3137 92.0678 0.376478 -0.451719 -0.892016 -0.00945005
-19.3686 91.5699 0.315966 -0.468421 -0.883498 -0.00358931
-18.4767 91.1106 0.350288 -0.45699 -0.88947 0.00135908
-17.43 90.5783 0.233796 -0.445922 -0.895036 0.0080175
-17.2049 90.4689 -0.143298 -0.421697 -0.906731 0.00331783
-18.4957 91.1195 0.0128251 -0.458009 -0.888945 0.00228113
-19.4426 91.6112 -0.200232 -0.467037 -0.884232 -0.000716839
-20.2518 92.0377 0.0807803 -0.453927 -0.890938 -0.00040875
-21.0864 92.4505 0.278226 -0.447795 -0.894125 0.00088853
-22.2075 92.9988 -0.185939 -0.434708 -0.900315 0.0214825
-23.1934 93.4609 -0.200573 -0.424702 -0.90525 0.0113408
-23.3401 93.53 -0.220386 -0.38997 -0.919836 -0.00595632
-23.2269 93.4703 -0.983183 -0.424185 -0.905547 0.00102244
-24.1404 93.8474 -0.962002 -0.352999 -0.935423 -0.0193833
-25.3975 94.3076 -0.915301 -0.335812 -0.941816 -0.0146198
-26.7142 94.7307 -0.951151 -0.276999 -0.96087 0.000611482
-27.9974 95.0655 -1.08118 -0.227117 -0.973825 0.00912753
-29.4256 95.3726 -1.1879 -0.189187 -0.98178 -0.0177915
-30.3263 95.5456 -1.15624 -0.179847 -0.983568 -0.00887136
-31.2886 95.7068 -1.12364 -0.159592 -0.987162 -0.0064341
-32.2185 95.8389 -1.13954 -0.13441 -0.990914 0.00487527
-33.3003 95.9717 -1.09907 -0.106874 -0.994253 0.00627535
-34.1984 96.058 -0.973329 -0.0855659 -0.996316 0.005783
-34.4662 96.0798 0.34744 -0.0786486 -0.996877 -0.00710099
-33.8885 96.0257 1.03631 -0.0970667 -0.995253 -0.00533779
-32.6129 95.8964 1.08035 -0.115893 -0.993125 -0.00362976
-31.152 95.693 1.2378 -0.148301 -0.988862 -0.00622081
-29.9128 95.4628 1.15533 -0.191154 -0.981455 0.0143735
-28.5093 95.1903 1.10861 -0.201533 -0.979359 -0.00511168
-27.2737 94.8799 1.11499 -0.257173 -0.966172 -0.0120308
-26.1946 94.5807 1.06371 -0.266474 -0.963841 -0.00128987
-25.2538 94.2733 1.04763 -0.336066 -0.941694 0.00767038
-24.2992 93.9161 1.00625 -0.377335 -0.926019 0.0103301
-23.4437 93.5676 1.01101 -0.374796 -0.927073 0.0040731
-22.4056 93.1007 1.05597 -0.417253 -0.908778 -0.00460927
-21.493 92.6567 1.11301 -0.450413 -0.892819 -0.00163363
-20.2933 92.0448 1.14753 -0.457987 -0.888956 0.00232521
-19.2992 91.5327 1.10675 -0.456885 -0.889523 0.00203963
-18.2218 90.9807 1.10196 -0.45492 -0.890528 0.00230637
-17.2785 90.5077 1.07232 -0.438786 -0.898551 -0.000648087
-16.2725 90.0283 0.946309 -0.422413 -0.906356 -0.00502813
-15.4289 89.648 0.846633 -0.409745 -0.912199 -0.00130923
-14.5928 89.3025 0.844349 -0.370664 -0.928751 -0.00539346
-13.5457 88.9073 0.903605 -0.309329 -0.950773 -0.018606
-12.5258 88.5861 0.986173 -0.26681 -0.963643 -0.00204567
-11.6402 88.3518 1.02465 -0.226605 -0.973501 -0.00122819
-10.4489 88.1109 0.964942 -0.201405 -0.979485 0.00192188
-9.49495 87.978 0.943649 -0.125423 -0.992103 -0.000358979
-8.14293 87.8528 0.898096 -0.0358046 -0.998851 0.0318475
-7.22017 87.8429 0.869432 0.0183396 -0.999735 -0.00151675
-6.21297 87.8805 1.03426 0.0815967 -0.995517 -0.00395473
-4.94231 88.0252 1.05559 0.140754 -0.989462 0.0052822
-3.55396 88.2705 1.19675 0.18799 -0.981826 -0.0142758
-2.6186 88.538 1.28092 0.288706 -0.957388 -0.00761986
-1.58797 88.8591 1.27529 0.344886 -0.938386 -0.00117915
-0.605718 89.2409 1.21655 0.359037 -0.93302 0.00798337
0.374513 89.6719 1.03514 0.415115 -0.909764 -0.00301071
0.64752 89.8025 0.0504374 0.410047 -0.911934 0.00147513
0.169028 89.5692 -1.0386 0.417087 -0.908818 0.00936416
-0.602304 89.2357 -1.28826 0.387947 -0.921681 0.000674905
-1.70449 88.7838 -1.18288 0.316016 -0.947218 0.0113371
-3.08245 88.3999 -1.02059 0.253555 -0.96677 0.0178899
-4.31401 88.155 -1.05964 0.18771 -0.982157 -0.0114825
-5.2457 87.9776 -1.11702 0.146363 -0.988308 -0.00333284
-6.50551 87.8548 -1.06878 0.0452648 -0.998052 0.0150761
-7.60774 87.8458 -0.967534 0.00778416 -0.99997 0.000121009
-8.63106 87.8807 -0.935723 -0.0843314 -0.996272 -0.0181543
-9.7616 87.996 -0.958011 -0.145631 -0.989316 0.00671253
-10.6496 88.1453 -0.969605 -0.200507 -0.979619 0.00292947
-11.5434 88.3379 -1.02927 -0.237245 -0.971366 -0.0127537
-12.7518 88.6561 -1.02821 -0.267878 -0.963412 0.0088678
-13.6129 88.9333 -1.06831 -0.320536 -0.947183 -0.0100642
-14.9379 89.4468 -1.07291 -0.390399 -0.92059 -0.0101251
-15.8478 89.833 -1.09573 -0.40275 -0.915159 -0.000366888
-16.8623 90.3033 -1.02684 -0.423542 -0.905839 0.0082257
-17.6794 90.6977 -1.0008 -0.453534 -0.891181 -0.00678244
-18.5938 91.1697 -1.02434 -0.458646 -0.888617 -0.00182146
-19.5286 91.6555 -1.00336 -0.464463 -0.885592 -0.000905664
-20.4344 92.1312 -0.971533 -0.453933 -0.890935 -0.000416934
-21.5767 92.6944 -0.958468 -0.442314 -0.896855 -0.003115
-22.743 93.2454 -0.981007 -0.420737 -0.907163 -0.00585724
-23.1374 93.4287 -0.984576 -0.421419 -0.90685 -0.00543229
-23.1871 93.457 -1.84967 -0.420738 -0.907163 -0.00585562
-22.0574 92.9325 -1.8232 -0.431718 -0.90193 -0.000543801
-20.8434 92.3333 -1.79678 -0.44292 -0.896561 0.00070258
-20.0364 91.9198 -1.83441 -0.458241 -0.888794 0.00781931
-18.9381 91.35 -1.91454 -0.459634 -0.888105 -0.00241064
-17.854 90.7977 -1.94773 -0.448425 -0.893743 -0.0117481
-16.9683 90.3608 -1.91002 -0.433489 -0.901107 -0.00965662
-16.0481 89.9211 -1.91246 -0.400899 -0.916001 0.0017689
-15.214 89.5686 -1.9227 -0.389197 -0.921108 0.00927965
-14.2437 89.1559 -1.92365 -0.356144 -0.933628 -0.00594078
-12.8384 88.6799 -1.89377 -0.320567 -0.947171 -0.010151
-11.4639 88.3215 -1.88037 -0.244453 -0.969652 0.00421406
-10.3087 88.0841 -1.87298 -0.193383 -0.981107 -0.00500334
-9.24079 87.9236 -1.83035 -0.129646 -0.99156 -0.000564519
-7.77209 87.8456 -1.83499 -0.00560478 -0.99978 -0.0115534
-6.66956 87.8548 -1.90115 0.04376 -0.998026 -0.0206543
-5.4202 87.9553 -1.92495 0.0921607 -0.995274 -0.0170668
-4.33939 88.1371 -1.87362 0.165205 -0.985825 0.0292755
-3.24725 88.3613 -1.87585 0.234867 -0.972027 -0.00132521
-2.18419 88.6183 -1.95451 0.253555 -0.96677 0.0178783
-1.07925 89.0373 -2.04776 0.370871 -0.928533 -0.0108351
0.136244 89.5466 -2.11457 0.410715 -0.911164 -0.0178545
1.09567 90.0241 -1.88394 0.448222 -0.893921 0.00125704
1.32701 90.1346 -0.916595 0.450928 -0.89252 -0.00849137
1.38424 90.1539 0.0727157 0.450645 -0.892659 -0.00891154
1.30558 90.1066 1.19084 0.469094 -0.883112 -0.00216796
0.269669 89.6047 1.98699 0.406038 -0.913662 -0.0137469
-1.0458 89.0574 2.05457 0.344886 -0.938386 -0.00117919
-2.1863 88.6617 2.11478 0.308504 -0.950943 0.00214691
-3.21912 88.3672 2.04163 0.266183 -0.963698 0.0208038
-4.55128 88.0892 2.00522 0.161436 -0.986785 -0.00165603
-5.55328 87.9371 1.92895 0.136235 -0.990382 -0.0111762
-6.44972 87.8846 1.83021 0.0466321 -0.998904 0.00398189
-7.43195 87.846 1.75242 -0.0163601 -0.999315 0.0138801
-8.98026 87.9127 1.83416 -0.0806154 -0.995477 0.0157398
-10.4183 88.104 1.83864 -0.134471 -0.990884 0.00815112
-11.7111 88.3722 1.84087 -0.201405 -0.979485 0.00192183
-12.6106 88.6155 1.79285 -0.27824 -0.960495 0.0056514
-13.5435 88.89 1.75273 -0.337935 -0.940587 -0.00865481
-14.485 89.2617 1.70903 -0.368014 -0.9298 0.00618712
-15.4385 89.6561 1.72301 -0.41328 -0.91057 0.00663948
-16.3953 90.0922 1.84356 -0.426291 -0.904514 0.0114435
-17.3144 90.5259 1.88501 -0.428809 -0.903354 0.00633722
-18.2819 91.014 1.89747 -0.453879 -0.891058 0.00302255
-19.3705 91.5717 1.95053 -0.457797 -0.889053 0.00249697
-20.3449 92.0736 1.99628 -0.454806 -0.89058 -0.000236216
-21.2629 92.5384 1.98081 -0.451621 -0.892206 -0.00280004
-22.395 93.0914 1.91271 -0.417427 -0.9087 -0.00438425
-23.6327 93.6421 1.88174 -0.390376 -0.920592 -0.0108425
-24.7957 94.1017 1.89365 -0.345464 -0.938423 -0.00419245
-26.0251 94.5373 1.90125 -0.292696 -0.955611 -0.00946588
-27.6442 94.9736 1.93423 -0.250058 -0.968223 0.00306686
-29.2776 95.3448 1.92595 -0.20001 -0.979791 -0.00252458
-30.227 95.5363 1.99927 -0.174515 -0.984424 0.00151978
-31.282 95.7041 2.0836 -0.157871 -0.987395 -0.0113117
-32.2907 95.8517 1.9087 -0.128446 -0.991634 -0.00586109
-33.7014 96.0058 1.89009 -0.10161 -0.994823 0.00174718
-34.7339 96.0995 1.84808 -0.086071 -0.996283 -7.12975e-05
-35.2967 96.1435 0.599901 -0.081188 -0.996681 -0.00224892
-35.3775 96.1556 -0.382792 -0.0770762 -0.997012 -0.0050574
-35.2188 96.1473 -1.60725 -0.0678679 -0.997694 0.000952832
-34.3121 96.0692 -1.90498 -0.0900934 -0.995907 -0.00728848
-33.3431 95.9728 -1.92854 -0.106236 -0.99434 0.00151056
-32.2987 95.8486 -1.93302 -0.136025 -0.990702 -0.0026468
-31.3512 95.7185 -1.9412 -0.139072 -0.990272 0.00056414
-30.4454 95.5668 -2.0031 -0.171503 -0.985156 -0.00739252
-29.5026 95.403 -2.05142 -0.17531 -0.984491 -0.00271715
-28.4685 95.1786 -1.99687 -0.212198 -0.977226 0.00099643
-27.5051 94.954 -1.89918 -0.26361 -0.964625 0.00282875
-26.3484 94.6275 -1.81263 -0.280398 -0.959832 -0.0100198
-25.2386 94.2594 -1.81021 -0.342116 -0.939651 -0.00344107
-24.1056 93.8411 -1.82388 -0.35104 -0.936349 -0.00458184
-23.2815 93.5008 -1.84865 -0.403519 -0.914665 0.00635577
-23.2461 93.4832 -2.71026 -0.396559 -0.917744 0.00150359
-22.2114 93.0068 -2.71809 -0.431718 -0.90193 -0.00054368
-20.9454 92.3843 -2.63276 -0.448373 -0.893792 -0.00310349
-20.12 91.9606 -2.66892 -0.456636 -0.889651 -0.00205805
-19.0438 91.4057 -2.76031 -0.45894 -0.888467 -0.000150972
-18.0069 90.8767 -2.80738 -0.44426 -0.895892 0.00203215
-17.0034 90.3841 -2.80253 -0.435451 -0.900206 -0.00245346
-16.1474 89.9717 -2.78558 -0.412601 -0.910894 -0.00574066
-14.7575 89.3671 -2.77944 -0.378842 -0.925346 -7.23331e-05
-13.4095 88.8824 -2.72756 -0.314523 -0.94925 -0.000445425
-12.2199 88.5138 -2.73341 -0.249507 -0.968355 -0.0058275
-11.2489 88.2719 -2.73898 -0.185712 -0.982542 -0.0103272
-10.0608 88.0449 -2.73137 -0.187602 -0.982149 -0.0137473
-9.04735 87.8997 -2.67034 -0.103597 -0.993719 -0.0247914
-8.06076 87.8688 -2.67587 -0.0199619 -0.999512 -0.0240407
-7.08697 87.8533 -2.71219 0.0437564 -0.998026 -0.0206419
-5.70415 87.9374 -2.75035 0.0588467 -0.998264 0.00231126
-4.74802 88.0631 -2.72097 0.160448 -0.987044 0.00053521
-3.52242 88.2873 -2.70999 0.222351 -0.974848 0.00430219
-2.4976 88.5324 -2.77752 0.233412 -0.972285 0.0134833
-1.21318 88.9932 -2.85671 0.370875 -0.928532 -0.0108268
-0.292386 89.3758 -2.9476 0.38452 -0.923042 -0.0113942
0.530464 89.7595 -2.91795 0.426498 -0.904483 0.00321656
1.36344 90.1621 -2.86772 0.46595 -0.884793 -0.00524765
2.04227 90.5168 -2.05324 0.471185 -0.882016 -0.00128023
2.05958 90.5233 -1.08585 0.478186 -0.878097 -0.0168452
2.09559 90.5265 -0.00381782 0.492043 -0.870532 -0.00514601
2.09084 90.5239 1.10024 0.469094 -0.883112 -0.00216792
1.98531 90.4525 2.49693 0.463572 -0.886014 -0.00591657
1.20366 90.0477 2.78494 0.458832 -0.888514 -0.00394432
0.188237 89.5646 2.7992 0.397372 -0.917636 -0.00636911
-0.797488 89.1451 2.83695 0.355092 -0.93442 -0.00457339
-1.73058 88.8137 2.90288 0.333489 -0.942558 -0.0192143
-2.88995 88.4669 2.88679 0.235978 -0.971326 -0.0289916
-3.77676 88.2486 2.84729 0.215317 -0.976326 0.0206206
-4.67838 88.0611 2.84081 0.15975 -0.986895 -0.022765
-6.06723 87.9084 2.7377 0.0697046 -0.997359 0.0203943
-7.01119 87.8673 2.63098 0.0135551 -0.99975 0.0177714
-8.22272 87.8916 2.64754 -0.0462626 -0.99888 0.00997474
-9.15165 87.9422 2.67458 -0.0940529 -0.994652 0.0188069
-10.5078 88.1234 2.71882 -0.133211 -0.991016 0.0113727
-11.7769 88.3867 2.70781 -0.208194 -0.978085 0.0022456
-12.9933 88.7255 2.61184 -0.27724 -0.960799 -0.00102011
-14.3502 89.2152 2.5938 -0.358202 -0.933416 0.020609
-15.1976 89.5497 2.58968 -0.392208 -0.919485 0.00515839
-16.0528 89.9418 2.69342 -0.415069 -0.909784 0.00155734
-17.2482 90.4958 2.72909 -0.42069 -0.907202 -0.00204075
-18.0602 90.9 2.70375 -0.451765 -0.892125 0.000518339
-19.1656 91.4684 2.75888 -0.460292 -0.887768 0.000334229
-20.2783 92.0374 2.84095 -0.451797 -0.892117 -0.0027037
-21.0876 92.4471 2.84099 -0.452191 -0.891919 -0.00138985
-21.8924 92.8557 2.8154 -0.435368 -0.900038 -0.00266378
-22.8938 93.3168 2.7543 -0.417786 -0.908533 -0.00465655
-24.0927 93.8367 2.72457 -0.372219 -0.927747 -0.00383183
-24.9593 94.1595 2.74417 -0.345013 -0.938581 0.00256726
-25.8973 94.4788 2.74524 -0.317875 -0.947944 0.0189058
-27.2373 94.8724 2.76003 -0.250481 -0.967908 0.0203084
-28.1669 95.1132 2.77001 -0.241111 -0.97034 0.0117303
-29.2565 95.3417 2.74557 -0.202402 -0.979285 0.00578256
-30.2399 95.545 2.76364 -0.176037 -0.983974 0.00888688
-31.8679 95.7912 2.74103 -0.148054 -0.988939 0.0076857
-32.7827 95.9024 2.64399 -0.118158 -0.992938 -0.0105939
-33.7287 96.0079 2.70427 -0.0907559 -0.995856 0.00216689
-34.7141 96.1003 2.74102 -0.0930881 -0.995633 0.00706039
-35.8794 96.1822 2.25587 -0.0670789 -0.997724 0.00286668
-36.0774 96.1987 1.33345 -0.0682588 -0.997663 -0.00318385
-36.1916 96.21 -0.0534673 -0.0677903 -0.997698 -0.00195418
-36.2281 96.2148 -1.0051 -0.0659662 -0.997821 -0.00146094
-36.108 96.2083 -2.44965 -0.0685747 -0.997645 -0.00129774
-34.9124 96.1253 -2.71928 -0.0799664 -0.996754 0.00123764
-34.0033 96.0421 -2.75664 -0.0995929 -0.995004 -0.000225062
-33.0152 95.9347 -2.75001 -0.108636 -0.994076 0.00343072
-31.7005 95.7655 -2.75964 -0.14213 -0.989841 0.00377208
-30.4501 95.574 -2.84725 -0.175309 -0.984491 -0.00270395
-29.1019 95.3284 -2.88436 -0.197354 -0.980088 -0.00707337
-28.2069 95.1274 -2.82243 -0.223648 -0.974667 -0.00227728
-27.2971 94.9011 -2.74058 -0.266531 -0.963609 -0.0204858
-26.3975 94.6504 -2.65316 -0.277984 -0.9604 -0.00875308
-25.4822 94.3357 -2.65778 -0.326008 -0.945171 0.0192713
-24.5467 94.0106 -2.67295 -0.346575 -0.938001 -0.00401111
-23.3629 93.5307 -2.70796 -0.376333 -0.926484 0.0010886
-23.3603 93.5286 -3.5681 -0.378268 -0.925685 -0.00223171
-22.3902 93.0926 -3.56707 -0.413195 -0.910627 -0.0053204
-21.0181 92.4237 -3.4988 -0.448372 -0.893792 -0.00311194
-20.0641 91.9338 -3.52923 -0.458073 -0.888912 -0.00205118
-19.0057 91.3872 -3.62501 -0.457235 -0.889334 -0.00367598
-17.7719 90.7557 -3.63884 -0.450379 -0.892803 -0.000570559
-16.3179 90.0545 -3.62236 -0.425826 -0.904736 -0.00495095
-15.3045 89.5955 -3.65969 -0.4035 -0.91488 -0.00889781
-14.1796 89.1412 -3.57691 -0.353493 -0.935254 -0.000224191
-12.8539 88.6874 -3.56474 -0.31661 -0.948308 0.0216662
-11.5198 88.335 -3.57733 -0.252912 -0.967448 -0.00701548
-10.6359 88.1632 -3.58196 -0.183831 -0.982933 -0.0069245
-9.73952 87.9952 -3.56422 -0.159332 -0.986757 -0.00908553
-8.52025 87.8988 -3.53856 -0.0480511 -0.997792 -0.0346083
-6.99671 87.8623 -3.57787 -0.0265776 -0.999514 -0.0162705
-5.80923 87.9286 -3.59766 0.0643158 -0.997895 -0.00233426
-4.91277 88.0354 -3.58113 0.158382 -0.987371 -0.00162151
-3.68389 88.2567 -3.5625 0.211291 -0.977411 -0.0048785
-2.78127 88.4614 -3.62002 0.328803 -0.944324 -0.00732671
-1.90233 88.7622 -3.6512 0.323303 -0.946183 -0.0145678
-1.05358 89.0645 -3.69212 0.367915 -0.929689 -0.00625861
0.347105 89.6708 -3.76038 0.411681 -0.911242 -0.0125357
1.21325 90.0899 -3.74813 0.464232 -0.885689 -0.00657814
2.19593 90.6061 -3.67344 0.47803 -0.878215 -0.00823313
2.81736 90.9439 -2.97374 0.494133 -0.869316 -0.00648934
2.80756 90.9321 -1.92137 0.501718 -0.864991 -0.00834894
2.79015 90.9177 -0.908478 0.485091 -0.874347 -0.00779904
2.7891 90.9184 0.0052702 0.492035 -0.870537 -0.00514806
2.81899 90.9248 1.09176 0.499467 -0.866324 -0.00373089
2.8565 90.9445 2.64879 0.493612 -0.869681 -0.000853932
2.32178 90.6385 3.56871 0.482801 -0.875629 0.00186924
1.35552 90.1221 3.6842 0.465353 -0.88508 0.00105318
0.37134 89.6383 3.59675 0.417527 -0.908366 0.000673676
-0.787185 89.158 3.6335 0.376701 -0.92628 0.0100547
-1.93654 88.7276 3.73698 0.326024 -0.945246 -0.0148083
-3.02962 88.4106 3.67419 0.233513 -0.972023 -0.0253531
-4.30654 88.1289 3.65168 0.201089 -0.97897 -0.0343733
-5.52557 87.9592 3.64898 0.0723221 -0.997375 -0.00347289
-6.58625 87.8832 3.5197 0.0422302 -0.998697 -0.0046564
-7.5163 87.8704 3.4725 1.62298e-05 -0.999869 0.000295232
-8.50426 87.9181 3.48672 -0.0567515 -0.99835 -0.00872758
-9.67473 88.0153 3.54636 -0.125683 -0.991993 -0.0114355
-10.8673 88.2011 3.58991 -0.202626 -0.979193 0.0111428
-11.8491 88.4041 3.5708 -0.205415 -0.978638 0.00670255
-13.0337 88.7507 3.46202 -0.291501 -0.956254 0.0246105
-14.5802 89.3115 3.46302 -0.363504 -0.931573 -0.00599739
-15.5546 89.7145 3.50656 -0.412107 -0.91113 0.00126552
-16.7651 90.2692 3.57683 -0.422076 -0.906552 -0.00403584
-17.8178 90.7809 3.53431 -0.447323 -0.894371 -0.00175873
-18.7003 91.2263 3.5493 -0.459252 -0.888304 -0.0015457
-19.9614 91.8767 3.65308 -0.454111 -0.890938 -0.0011694
-21.1569 92.4822 3.71086 -0.451802 -0.892117 0.00123956
-22.1551 92.9718 3.65662 -0.421533 -0.906796 -0.00134253
-23.0644 93.3987 3.58722 -0.411063 -0.911459 0.0051825
-24.2513 93.8942 3.57485 -0.379526 -0.925142 -0.00849358
-25.3404 94.2986 3.61123 -0.340515 -0.940238 0.00122632
-26.3968 94.6482 3.58223 -0.284815 -0.95858 0.00202696
-27.4393 94.9426 3.61307 -0.241104 -0.970342 0.0117237
-28.5189 95.2007 3.61288 -0.225006 -0.974296 0.00232266
-29.4248 95.3877 3.59663 -0.196261 -0.98052 0.007816
-30.5114 95.5933 3.58273 -0.15062 -0.988576 -0.000276421
-31.506 95.7394 3.62545 -0.141905 -0.98988 -0.000111989
-32.7501 95.9038 3.482 -0.117249 -0.993063 0.0089033
-33.6663 96.0082 3.5446 -0.111244 -0.993784 0.00417474
-35.1039 96.1407 3.60006 -0.0778601 -0.996888 0.00732947
-36.0878 96.2068 3.46612 -0.0638454 -0.997917 0.0076136
-36.8378 96.2502 3.01572 -0.0596218 -0.998219 0.00183287
-36.9213 96.255 1.76994 -0.0543804 -0.998418 0.000227902
-36.9885 96.254 0.738306 -0.0397054 -0.999208 0.00165423
-37.0357 96.2559 -0.23201 -0.0395902 -0.999215 -0.00104647
-37.0645 96.2589 -1.13178 -0.0404259 -0.999181 -0.0020113
-37.0766 96.2607 -2.10969 -0.0476468 -0.998843 -0.00648111
-36.9313 96.2571 -3.16013 -0.0566934 -0.998391 -0.000821591
-36.1898 96.2149 -3.59315 -0.0653482 -0.997847 0.00129841
-34.9207 96.1249 -3.56914 -0.0799734 -0.996753 0.00122794
-33.862 96.0273 -3.58917 -0.100351 -0.994911 0.00127773
-32.7917 95.9109 -3.55653 -0.114966 -0.993334 0.00126071
-31.2817 95.7075 -3.61605 -0.142627 -0.989759 -0.0059023
-29.7346 95.4425 -3.74536 -0.182405 -0.983196 0.00518414
-28.8106 95.2681 -3.72458 -0.204667 -0.978616 0.00348484
-27.3809 94.9397 -3.60047 -0.223656 -0.974666 -0.00230457
-26.259 94.6058 -3.53627 -0.289453 -0.957187 0.00296812
-25.2749 94.2735 -3.53743 -0.333872 -0.942567 -0.00574235
-24.3115 93.9195 -3.55404 -0.380199 -0.924888 -0.00556046
-23.8546 93.7318 -3.57543 -0.380199 -0.924888 -0.00556046
-23.8291 93.7268 -4.46134 -0.379954 -0.924987 -0.00589713
-24.7526 94.0851 -4.42091 -0.340495 -0.940213 -0.00549954
-25.7655 94.4534 -4.40495 -0.313713 -0.949015 -0.0025922
-27.1832 94.878 -4.45551 -0.287765 -0.957665 0.00833676
-28.3933 95.1694 -4.54291 -0.237805 -0.971231 0.0107072
-29.6026 95.4142 -4.61336 -0.187803 -0.982197 -0.00427844
-30.8036 95.627 -4.5181 -0.160361 -0.98705 -0.00403933
-31.7447 95.7783 -4.41498 -0.13355 -0.990939 -0.0011876
-33.3252 95.9716 -4.40554 -0.114967 -0.993334 0.00127102
-34.4443 96.0793 -4.41674 -0.0952824 -0.99545 -0.000521424
-35.5344 96.1674 -4.47418 -0.0731163 -0.997312 0.00336015
-36.7456 96.247 -4.48954 -0.0599952 -0.998198 0.00145563
-37.7795 96.2966 -3.96357 -0.0361904 -0.999342 -0.00251533
-37.9054 96.2983 -3.03261 -0.0356219 -0.999355 -0.00445887
-37.9278 96.2944 -2.12156 -0.0367581 -0.999315 -0.00397683
-37.8799 96.2896 -0.522218 -0.0369783 -0.999315 -0.00145555
-37.8415 96.2883 0.633207 -0.0352594 -0.999343 0.00596283
-37.7693 96.2901 1.96495 -0.0399136 -0.999198 0.00287586
-37.7227 96.2936 3.38015 -0.0385479 -0.999243 0.00528184
-37.2702 96.2793 4.23417 -0.052131 -0.998618 0.00426418
-36.0347 96.2082 4.39571 -0.0593241 -0.998227 0.00493751
-35.0142 96.1367 4.47818 -0.087652 -0.996145 0.00344368
-34.0172 96.0487 4.49349 -0.0966056 -0.995283 0.000392452
-33.0969 95.9472 4.36846 -0.111098 -0.993809 0.000880758
-31.8576 95.7899 4.49956 -0.141882 -0.989884 0.000212217
-30.8826 95.6507 4.78391 -0.148195 -0.988927 0.00120884
-30.0093 95.5103 4.52853 -0.187677 -0.982076 0.000245555
-28.7622 95.251 4.51188 -0.209377 -0.977802 -0.00331435
-27.5614 94.9785 4.48651 -0.248399 -0.968478 -0.00186178
-26.3321 94.6274 4.43161 -0.28513 -0.958482 -0.00356006
-25.0034 94.1756 4.46364 -0.339465 -0.940612 -0.00354157
-24.0013 93.7921 4.42772 -0.377221 -0.926016 0.0141039
-22.7598 93.2571 4.44911 -0.421593 -0.906768 -0.00268178
-21.48 92.6439 4.54702 -0.446649 -0.894636 -0.0094657
-20.6398 92.2189 4.54262 -0.449407 -0.893313 -0.00426995
-19.7576 91.77 4.47525 -0.456803 -0.889566 0.00195312
-18.9081 91.3327 4.42402 -0.458508 -0.88869 0.000260873
-17.8358 90.7893 4.40288 -0.444764 -0.895645 0.00215886
-16.9824 90.3721 4.46099 -0.432123 -0.9018 0.00517584
-15.9428 89.893 4.46229 -0.410471 -0.911867 0.00353121
-15.0209 89.4904 4.38975 -0.372228 -0.928122 0.00594733
-14.1778 89.1561 4.32464 -0.337982 -0.940679 0.0183939
-12.9805 88.7573 4.32051 -0.322565 -0.946439 0.0117861
-11.9286 88.4408 4.42244 -0.289998 -0.956638 0.0272915
-10.9278 88.2023 4.46599 -0.18279 -0.982893 -0.00452821
-9.84721 88.0245 4.43714 -0.147738 -0.989014 0.00495854
-8.6937 87.9199 4.35517 -0.05349 -0.9985 -0.0117133
-7.62859 87.879 4.3267 -0.0140982 -0.999867 0.00821507
-6.67602 87.8754 4.36981 0.0422248 -0.998697 -0.00464733
-5.73411 87.9416 4.51126 0.0790753 -0.996279 0.0225693
-4.70298 88.073 4.50451 0.13705 -0.990245 0.0251352
-3.80698 88.2041 4.43245 0.217304 -0.975496 -0.0298623
-2.55581 88.5183 4.54791 0.245426 -0.96941 -0.00309734
-1.16011 89.0058 4.4578 0.365916 -0.930546 0.000258635
-0.203826 89.3957 4.41965 0.374348 -0.927226 -0.00961861
0.700134 89.8025 4.4864 0.438918 -0.898522 0.000307843
1.89565 90.4151 4.51366 0.472795 -0.881168 0.00274036
2.75877 90.8875 4.4457 0.503744 -0.86384 -0.00386747
3.44591 91.29 3.80539 0.505915 -0.862572 0.00429443
3.60277 91.3814 2.6526 0.513199 -0.858265 0.000820893
3.56686 91.3549 1.41638 0.506346 -0.862287 0.000493892
3.51067 91.3387 0.1909 0.519683 -0.854231 -0.00506042
3.50159 91.3318 -0.840418 0.509197 -0.860646 -0.00265977
3.53382 91.3523 -1.81885 0.505244 -0.862947 -0.00474818
3.58427 91.3865 -2.91686 0.499864 -0.866104 -0.000415973
3.48667 91.3368 -4.05651 0.517599 -0.855492 -0.00733087
2.41477 90.7289 -4.5618 0.479279 -0.87763 0.000726124
1.26608 90.1196 -4.58159 0.462309 -0.88671 0.00406343
0.347673 89.6761 -4.57465 0.413612 -0.91044 0.00486443
-0.772187 89.1928 -4.53426 0.36526 -0.930404 -0.0305532
-1.74969 88.8274 -4.49747 0.328801 -0.944325 -0.00731665
-2.75454 88.471 -4.47159 0.334304 -0.942465 -7.15583e-05
-3.72987 88.2458 -4.41594 0.203267 -0.979097 -0.000607776
-4.65349 88.0803 -4.41201 0.154874 -0.987927 -0.00179349
-5.7976 87.9365 -4.44603 0.0693854 -0.997554 -0.00841685
-6.74191 87.8691 -4.45067 0.0371129 -0.998094 0.0134985
-7.8521 87.8889 -4.40891 -0.0181597 -0.999783 0.0102178
-8.78545 87.9223 -4.40981 -0.0645306 -0.997825 0.01344
-10.0978 88.0515 -4.42929 -0.126666 -0.991866 -0.0125478
-11.0666 88.2307 -4.46018 -0.224349 -0.974505 -0.00287043
-12.0978 88.4825 -4.42777 -0.261423 -0.965147 0.0122674
-13.1147 88.7673 -4.39222 -0.306736 -0.951333 -0.0145886
-14.3588 89.2092 -4.46294 -0.353493 -0.935254 -0.000224574
-15.2306 89.5744 -4.50361 -0.394475 -0.918834 -0.0115613
-16.0684 89.9489 -4.48653 -0.417764 -0.908506 -0.00953687
-17.2138 90.4863 -4.49134 -0.439075 -0.898411 -0.00451094
-18.0617 90.9067 -4.48567 -0.450019 -0.892973 -0.00561115
-19.4097 91.5984 -4.42424 -0.457475 -0.889215 -0.00381436
-20.4476 92.1326 -4.35157 -0.45702 -0.889454 -0.00185489
-21.295 92.563 -4.36674 -0.44504 -0.895444 0.000703119
-22.342 93.0723 -4.43317 -0.426747 -0.904289 -0.0017202
-23.2828 93.5 -4.47222 -0.411852 -0.911248 -0.00225822
-23.3761 93.5408 -4.47399 -0.379954 -0.924987 -0.00589713
-23.3957 93.5532 -5.35041 -0.400996 -0.915902 0.000677802
-22.0783 92.9494 -5.29101 -0.426749 -0.904287 -0.00171278
-21.1115 92.4633 -5.18839 -0.452762 -0.891604 0.00700169
-19.6444 91.7203 -5.24281 -0.453769 -0.891109 0.00256741
-18.4775 91.1215 -5.31674 -0.454342 -0.890821 -0.00127891
-17.4661 90.6161 -5.33749 -0.445437 -0.895312 0.00118784
-16.652 90.2269 -5.3391 -0.41836 -0.908206 -0.0116981
-15.7281 89.8022 -5.34112 -0.413193 -0.91054 -0.0126851
-14.6471 89.327 -5.32571 -0.366563 -0.929718 -0.0114903
-13.7892 89.0171 -5.26217 -0.33128 -0.943428 -0.0140489
-12.7163 88.6637 -5.25319 -0.282195 -0.959238 -0.0151407
-11.7384 88.3868 -5.32555 -0.228614 -0.973499 -0.00252949
-10.6825 88.1436 -5.32125 -0.197033 -0.979927 -0.00797465
-9.74524 88.0157 -5.27634 -0.122513 -0.992459 0.0039816
-8.46486 87.9028 -5.27294 -0.0384186 -0.999257 0.00298565
-7.20183 87.8725 -5.24619 -0.00845916 -0.999964 0.000541718
-5.9748 87.918 -5.31239 0.0914809 -0.995762 -0.00940671
-4.94486 88.0345 -5.27988 0.145632 -0.98924 -0.00794333
-3.8438 88.2279 -5.28257 0.198589 -0.980065 -0.00592752
-2.94857 88.4075 -5.3166 0.23923 -0.969657 -0.00440849
-1.9782 88.7428 -5.35474 0.332363 -0.943122 0.00745463
-0.947545 89.1323 -5.34665 0.378615 -0.925489 0.0109885
0.0800562 89.5521 -5.39247 0.389519 -0.92086 -0.00124916
1.29476 90.1307 -5.40835 0.446801 -0.894428 -0.00341279
2.10251 90.5635 -5.39628 0.472901 -0.881115 -0.000337198
3.30101 91.2352 -5.33877 0.506302 -0.862323 0.0075785
4.08502 91.7128 -4.9974 0.528812 -0.848735 -0.00246893
4.3078 91.8462 -3.6637 0.534486 -0.845142 -5.05693e-05
4.29581 91.8261 -2.60616 0.533222 -0.845913 -0.0103051
4.25927 91.7975 -1.65615 0.542451 -0.840015 -0.0110041
4.23193 91.7677 -0.731143 0.54454 -0.838691 -0.00735487
4.24243 91.7784 0.265091 0.514476 -0.857473 0.00743058
4.26083 91.7831 1.18823 0.52723 -0.849704 -0.00565999
4.32457 91.8133 2.58101 0.533013 -0.84607 -0.0036077
4.26469 91.7821 4.0217 0.538614 -0.842543 0.000571197
3.88717 91.5532 5.12046 0.529861 -0.848003 -0.00287627
2.99561 91.0236 5.33098 0.502332 -0.864673 -0.00154465
2.12624 90.5318 5.36751 0.467097 -0.884174 -0.00752264
1.19198 90.0426 5.41347 0.449561 -0.893192 0.00214977
0.083743 89.4983 5.29376 0.406111 -0.912985 -0.00748588
-0.826261 89.1348 5.29044 0.371385 -0.92841 -0.01123
-1.7426 88.7822 5.3642 0.353314 -0.935172 -0.0249479
-2.60089 88.4961 5.3366 0.259521 -0.965522 -0.0167958
-3.65162 88.2228 5.2647 0.253362 -0.967009 -0.0264734
-4.86819 88.0725 5.38391 0.128601 -0.991496 0.0145462
-5.8567 87.9628 5.34322 0.111852 -0.993638 -0.0131244
-6.85061 87.8718 5.21687 0.0084145 -0.999723 0.00577268
-8.31287 87.8956 5.18428 -0.0368099 -0.999224 0.00169874
-9.40849 87.9714 5.2735 -0.114452 -0.992715 0.0376661
-10.5771 88.1525 5.32855 -0.167342 -0.985848 0.0100701
-11.8147 88.413 5.29344 -0.270088 -0.962675 0.00981673
-12.7694 88.6909 5.23128 -0.304277 -0.95221 0.00316576
-14.0941 89.1427 5.17716 -0.337982 -0.940679 0.0183939
-15.0982 89.533 5.30045 -0.356525 -0.93414 0.0150597
-15.9446 89.9016 5.34267 -0.413885 -0.910266 0.0107417
-17.0913 90.4311 5.32785 -0.425843 -0.90473 0.0110474
-17.9921 90.8691 5.26406 -0.445984 -0.895035 0.00315644
-18.8491 91.3035 5.27407 -0.458399 -0.888746 0.00108541
-19.8568 91.8228 5.3415 -0.45745 -0.889234 0.00143593
-20.9696 92.3816 5.40571 -0.446635 -0.894714 -0.00138979
-21.8895 92.8377 5.37194 -0.443735 -0.896158 -0.000464397
-22.9418 93.3369 5.287 -0.416098 -0.909307 0.00480992
-24.4087 93.9478 5.29891 -0.350305 -0.936599 -0.00189013
-25.7357 94.4187 5.31395 -0.311235 -0.95 0.00613648
-26.6884 94.7303 5.25767 -0.274224 -0.961557 -0.00791169
-27.6901 95.009 5.32759 -0.269288 -0.963058 -0.0016869
-29.1125 95.3259 5.40411 -0.205942 -0.97856 0.00257868
-30.1801 95.5373 5.43614 -0.170819 -0.985298 -0.00281475
-31.1506 95.6894 5.5436 -0.140569 -0.990071 0.000829554
-32.1898 95.8402 5.41682 -0.13136 -0.991239 -1.26416e-05
-33.4096 95.983 5.30237 -0.108171 -0.994127 -0.000418591
-34.3363 96.0788 5.4106 -0.0848182 -0.996394 0.000792262
-35.4703 96.1762 5.31036 -0.0854231 -0.996344 -0.0014174
-36.3793 96.2341 5.22691 -0.0589145 -0.998234 0.00766729
-37.6083 96.2976 5.22557 -0.0455646 -0.99894 0.00533067
-38.568 96.3299 4.53052 -0.0342756 -0.999351 0.0110406
-38.6412 96.3267 3.47066 -0.0348259 -0.999392 0.00181623
-38.6352 96.3202 2.17779 -0.0214042 -0.999757 0.00523108
-38.6345 96.3149 1.1727 -0.0214112 -0.999756 0.00538789
-38.6741 96.314 -0.05878 -0.0238487 -0.999679 -0.00492237
-38.7436 96.3195 -1.03044 -0.0157895 -0.999868 -0.000894178
-38.7779 96.3271 -2.59303 -0.0095284 -0.999937 -0.00588676
-38.7063 96.3208 -3.77525 -0.0162612 -0.999864 0.00289549
-38.5616 96.3194 -4.86747 -0.0273461 -0.999598 -0.00611594
-37.8073 96.2984 -5.28431 -0.0310134 -0.999516 -0.00250826
-36.7775 96.2484 -5.35242 -0.0606789 -0.998157 3.85574e-05
-35.313 96.1467 -5.32484 -0.080252 -0.996549 -0.0211953
-34.2024 96.0566 -5.25211 -0.0974615 -0.995232 0.00182597
-32.9763 95.934 -5.22077 -0.099633 -0.995016 0.00417285
-31.3593 95.7167 -5.30582 -0.146161 -0.989247 0.00520209
-30.1073 95.5063 -5.45453 -0.179979 -0.983667 0.00260143
-29.17 95.3352 -5.47532 -0.197434 -0.98012 -0.00223966
-28.1523 95.1054 -5.36869 -0.240898 -0.970538 0.00489439
-27.1011 94.8449 -5.29356 -0.240565 -0.970624 0.00413875
-25.5818 94.3935 -5.25309 -0.285542 -0.958357 0.0020205
-24.3803 93.9538 -5.31684 -0.346066 -0.938206 -0.00287732
-23.5306 93.6094 -5.35087 -0.381718 -0.924263 0.000296595
-23.6961 93.6743 -6.20602 -0.384829 -0.922977 0.00448126
-22.828 93.2955 -6.17415 -0.415189 -0.909709 -0.00597975
-21.7435 92.7806 -6.1508 -0.450789 -0.892613 -0.0025342
-20.9043 92.3593 -6.03967 -0.451317 -0.89231 -0.0087783
-20.0882 91.9428 -6.04332 -0.454641 -0.890607 -0.0110003
-19.2394 91.5116 -6.09656 -0.453769 -0.891109 0.00256741
-18.23 90.9994 -6.16741 -0.45217 -0.891925 -0.00349329
-16.9395 90.371 -6.18249 -0.419016 -0.907897 -0.0122372
-16.0646 89.9674 -6.20254 -0.418356 -0.908207 -0.0117049
-14.9233 89.4465 -6.22645 -0.388659 -0.92086 -0.00500294
-13.7638 89.0194 -6.11146 -0.337167 -0.941443 0.0016382
-12.6697 88.6544 -6.12009 -0.289341 -0.957225 -0.00029777
-11.7238 88.3885 -6.19956 -0.232779 -0.972512 -0.00580766
-10.5655 88.1377 -6.16152 -0.169618 -0.985369 -0.0166886
-9.57397 87.9912 -6.12594 -0.108829 -0.993884 -0.00674451
-8.56773 87.8953 -6.14129 -0.0663434 -0.997246 -0.00114686
-7.34675 87.8742 -6.07144 -0.00730172 -0.999973 -2.32606e-05
-6.13326 87.9161 -6.19971 0.0770452 -0.996836 -0.0195218
-5.0268 88.038 -6.16465 0.13478 -0.99079 -0.0112187
-3.9447 88.2034 -6.15342 0.187923 -0.982146 0.00461489
-3.0035 88.4079 -6.17448 0.285835 -0.958094 -0.0188338
-1.61151 88.8787 -6.18151 0.34927 -0.937016 -0.00338406
-0.662614 89.2391 -6.17166 0.389513 -0.920863 -0.00125709
0.338076 89.6771 -6.22299 0.416162 -0.90907 -0.00901935
1.30214 90.1506 -6.21906 0.447707 -0.893974 -0.019227
2.32816 90.6859 -6.21665 0.473828 -0.880611 0.00341783
3.33504 91.2583 -6.221 0.515655 -0.856793 -0.00261382
4.17569 91.7714 -6.15068 0.529596 -0.848247 -0.00223381
4.94849 92.2515 -5.26007 0.529596 -0.848247 -0.0022339
4.99606 92.2869 -3.98962 0.540351 -0.841433 0.00332329
5.00971 92.2766 -2.6487 0.535855 -0.8442 -0.0129844
4.98697 92.2622 -1.53 0.541213 -0.840848 0.00304575
4.94007 92.2291 -0.52121 0.546628 -0.837367 -0.0037054
4.95976 92.2297 0.591392 0.549675 -0.835331 -0.00866039
4.9897 92.2423 1.54727 0.5509 -0.834552 -0.00567018
5.00619 92.2517 2.69979 0.54065 -0.841243 0.0028874
5.00024 92.2521 3.7192 0.538614 -0.842543 0.000571316
4.98153 92.236 4.83045 0.534234 -0.845304 0.00266733
4.59949 91.9811 6.0731 0.524397 -0.851398 -0.00780427
3.53943 91.3356 6.1803 0.510616 -0.859735 -0.00254048
2.48357 90.724 6.18022 0.504214 -0.863448 -0.0120131
1.60999 90.2625 6.2182 0.458015 -0.88893 0.00507663
0.445788 89.6751 6.22398 0.431368 -0.902057 0.00660746
-0.376661 89.3038 6.15437 0.370299 -0.928848 -0.010976
-1.55733 88.8284 6.33581 0.372985 -0.927751 -0.0126109
-2.42958 88.5393 6.28001 0.30995 -0.950751 0.00170633
-3.42015 88.2641 6.17612 0.243655 -0.969524 0.00401445
-4.31893 88.1361 6.20669 0.123681 -0.992279 -0.00927955
-5.24507 88.0219 6.22142 0.114168 -0.993413 -0.00983693
-6.33625 87.8983 6.1437 0.0701269 -0.996576 -0.000142887
-7.23407 87.8751 6.04886 -0.0175178 -0.999821 0.00209103
-8.55282 87.9059 6.0262 -0.0368099 -0.999224 0.00169871
-9.77456 88.0237 6.14136 -0.132455 -0.990516 0.00570268
-10.9378 88.2221 6.14755 -0.167704 -0.985792 0.00948726
-11.8543 88.4415 6.11968 -0.260802 -0.965169 0.0207726
-13.0771 88.8047 6.05697 -0.329189 -0.944242 0.00642187
-13.958 89.1112 5.99198 -0.322565 -0.946439 0.0117861
-15.1164 89.5481 6.11338 -0.379218 -0.924722 0.0156247
-16.438 90.1357 6.17477 -0.409624 -0.912081 0.0162769
-17.5794 90.6681 6.17015 -0.434192 -0.900721 0.00544669
-18.5216 91.1359 6.06689 -0.443872 -0.896075 0.00486924
-19.6027 91.6909 6.16531 -0.457113 -0.889406 -0.00210631
-20.4203 92.1059 6.22465 -0.450191 -0.892922 -0.00256509
-21.2859 92.537 6.22488 -0.44545 -0.895304 -0.00213083
-22.4258 93.0946 6.1708 -0.429784 -0.902917 -0.00523181
-23.297 93.5038 6.10243 -0.401324 -0.915742 -0.00409414
-24.4619 93.9734 6.16813 -0.351191 -0.93628 0.00658714
-25.5342 94.3774 6.19777 -0.330187 -0.943507 0.00430941
-26.5238 94.6868 6.11188 -0.281641 -0.959352 0.00759646
-27.7089 95.0143 6.15202 -0.265786 -0.964023 0.00382587
-28.7854 95.2581 6.24298 -0.207352 -0.978265 0.00184209
-29.6976 95.4512 6.30757 -0.187677 -0.982076 0.000245342
-30.621 95.6116 6.17595 -0.163321 -0.986541 -0.000616068
-31.5086 95.743 6.26009 -0.144857 -0.989449 0.0028242
-32.5948 95.8893 6.24357 -0.12369 -0.992277 0.00936732
-33.648 96.0129 6.24611 -0.10776 -0.99415 0.00728024
-34.5946 96.1035 6.33895 -0.0889308 -0.996024 0.00120143
-35.7903 96.2049 6.15657 -0.0728191 -0.99724 0.00462222
-36.7728 96.263 6.07234 -0.0587259 -0.99826 0.0050163
-37.8124 96.3144 6.09179 -0.045037 -0.998895 0.0134569
-38.906 96.3516 5.9797 -0.0212277 -0.999744 0.00696106
-39.3922 96.3599 5.20477 -0.0239499 -0.999696 0.005427
-39.4794 96.3509 4.04182 -0.0149157 -0.999843 0.00759047
-39.5099 96.347 2.91547 -0.0253551 -0.999649 0.00758093
-39.4777 96.3353 1.61528 -0.0233382 -0.999701 0.00681465
-39.4627 96.3268 0.503157 -0.0182926 -0.999802 0.00785405
-39.5767 96.3324 -0.787441 -0.0157894 -0.999868 -0.000894175
-39.6271 96.3306 -1.75957 -0.0120142 -0.999915 -0.00129574
-39.6058 96.337 -2.87812 -0.00976761 -0.999931 -0.00647529
-39.549 96.3383 -4.09072 -0.0273092 -0.999572 -0.0104674
-39.4808 96.345 -5.10027 -0.0250003 -0.999683 -0.000177721
-38.8859 96.3303 -5.99147 -0.0250003 -0.999683 -0.000177721
-37.9589 96.304 -6.12474 -0.0284217 -0.999586 -0.00375558
-36.7006 96.2449 -6.17331 -0.0598064 -0.998203 -0.00342176
-35.5157 96.171 -6.17995 -0.0699828 -0.997528 0.00197249
-34.5585 96.0928 -6.13193 -0.0947832 -0.995493 -0.00298004
-33.3055 95.9669 -6.14581 -0.10254 -0.99471 -0.00611403
-32.3748 95.8632 -6.05654 -0.146221 -0.98925 -0.000886472
-30.8471 95.6381 -6.24972 -0.145663 -0.989334 0.000519993
-29.4184 95.3835 -6.26142 -0.177406 -0.984132 -0.000950304
-28.3886 95.1633 -6.21869 -0.229779 -0.973109 -0.00502716
-27.4819 94.936 -6.17575 -0.240235 -0.970709 0.00338836
-26.3225 94.6158 -6.07436 -0.285721 -0.95831 -0.00220325
-25.0919 94.2135 -6.12648 -0.340427 -0.940199 -0.00517116
-23.8071 93.7206 -6.20303 -0.386513 -0.92227 -0.000297771
-23.7352 93.6906 -6.20635 -0.384829 -0.922977 0.00448126
-23.7045 93.6806 -7.04422 -0.394757 -0.918776 0.00426855
-22.5448 93.172 -7.00018 -0.412624 -0.910896 -0.00302629
-21.254 92.5418 -7.03627 -0.447996 -0.894013 -0.00637753
-20.2716 92.0467 -6.9244 -0.454914 -0.890481 -0.00984506
-18.9674 91.3749 -7.04725 -0.460721 -0.887534 -0.00446705
-18.0856 90.9266 -7.01693 -0.451519 -0.892261 0.000768894
-17.2682 90.5236 -7.01277 -0.431065 -0.902213 -0.0027553
-16.4127 90.1271 -7.01695 -0.416823 -0.908986 0.00160139
-15.5518 89.7322 -7.06712 -0.416461 -0.909151 0.00185554
-14.7245 89.3816 -7.15678 -0.361224 -0.9324 -0.0121067
-13.7479 89.0093 -7.02797 -0.340219 -0.940331 0.00540651
-12.7823 88.6874 -7.02302 -0.288493 -0.957482 0.000897253
-11.8291 88.4139 -7.04194 -0.253901 -0.966936 -0.00755921
-10.575 88.1536 -7.00296 -0.176961 -0.983985 -0.0213919
-9.64432 88.0012 -7.01494 -0.0956867 -0.995375 0.00858254
-8.04627 87.8688 -6.95912 -0.0377065 -0.998536 0.00248274
-7.06485 87.8638 -6.92219 -0.0158071 -0.999294 0.0318604
-6.14917 87.9197 -7.0555 0.0759836 -0.997097 0.00487243
-4.94091 88.0545 -7.06045 0.138957 -0.990207 0.00433154
-3.87302 88.2175 -7.07738 0.183235 -0.983069 -0.000786111
-2.95591 88.439 -7.03358 0.285808 -0.958104 -0.018715
-2.02304 88.7278 -7.05991 0.296638 -0.954621 -0.0265573
-1.17719 89.0383 -7.0149 0.391676 -0.919814 -0.0230712
-0.052893 89.5226 -7.0345 0.398523 -0.916913 -0.0211882
0.833873 89.9271 -7.04883 0.445131 -0.895437 -0.007166
2.18968 90.6119 -7.07318 0.454801 -0.890498 -0.0130015
3.27074 91.2222 -7.06556 0.515658 -0.856791 -0.00261785
4.51252 91.9835 -7.09277 0.530678 -0.847573 0.000421359
5.58991 92.6678 -6.57138 0.542513 -0.840042 0.0014461
5.70884 92.7444 -5.67653 0.544735 -0.838607 0.00143195
5.71475 92.7499 -4.71715 0.544829 -0.838546 0.00124081
5.70581 92.744 -3.39619 0.548341 -0.836205 -0.00560889
5.71917 92.7406 -1.78185 0.553881 -0.832591 -0.00276496
5.70429 92.7315 -0.883818 0.548693 -0.836009 -0.00502898
5.70593 92.7256 0.235369 0.549017 -0.835787 -0.00569352
5.71979 92.7244 1.53493 0.550983 -0.834498 -0.00555781
5.69963 92.7044 2.55673 0.551056 -0.834451 -0.00543672
5.70224 92.7012 4.06175 0.543023 -0.839703 -0.00418824
5.73838 92.7163 5.46304 0.540526 -0.841291 -0.00788422
5.76346 92.7216 6.47986 0.543066 -0.839664 -0.00663685
4.94076 92.1902 6.98351 0.535496 -0.844538 0.000460277
3.96493 91.5887 7.05145 0.518618 -0.854956 -0.00926889
3.00997 91.0142 7.01364 0.507202 -0.861587 -0.0203622
2.00455 90.4611 7.08405 0.473704 -0.880681 0.00214947
1.05129 89.9713 7.10312 0.438834 -0.898378 -0.000361356
0.220489 89.5808 7.06847 0.421022 -0.907045 0.00313479
-0.814318 89.1166 7.07935 0.373507 -0.927525 -0.0137506
-2.05901 88.6671 7.19358 0.324493 -0.945766 0.0152125
-2.96488 88.3825 7.13544 0.243657 -0.969523 0.00402224
-4.2448 88.1422 7.05041 0.126437 -0.99197 -0.003103
-5.28529 88.0041 7.04713 0.126082 -0.9918 -0.0186256
-6.69926 87.9032 6.95832 0.0307681 -0.999249 0.0229433
-7.59162 87.8747 6.88451 0.0349685 -0.99919 0.0198909
-8.64117 87.9301 6.95942 -0.105747 -0.994214 0.0188684
-9.90146 88.0696 6.97065 -0.12474 -0.991209 0.0440868
-10.9293 88.2304 6.96533 -0.168081 -0.985694 0.0124783
-12.3765 88.5841 7.02375 -0.285502 -0.957851 0.0101938
-13.3221 88.8954 6.98923 -0.321227 -0.946869 0.0118475
-14.3046 89.2421 6.88772 -0.354907 -0.934902 0.000192044
-15.2816 89.6311 6.9696 -0.3785 -0.925443 0.0170879
-16.2402 90.0469 7.02059 -0.414198 -0.910118 7.65784e-07
-17.1031 90.4504 7.04161 -0.423328 -0.905963 0.00483553
-17.8911 90.8289 7.0513 -0.443872 -0.896075 0.00486974
-18.9614 91.3624 7.04455 -0.452425 -0.891796 0.00323911
-19.9176 91.8465 7.03938 -0.452395 -0.891804 -0.00488189
-20.7809 92.2894 7.05731 -0.456785 -0.889577 -0.000753216
-21.5972 92.6958 7.04548 -0.435498 -0.900189 -0.000732084
-22.4107 93.0894 6.99565 -0.435498 -0.900189 -0.000737513
-23.4068 93.5416 6.94895 -0.386185 -0.922397 -0.00666891
-24.5626 94.0238 7.04324 -0.369369 -0.929053 0.00416357
-25.6019 94.3928 7.0686 -0.306583 -0.951819 -0.00690947
-26.709 94.7414 6.99203 -0.274285 -0.961571 -0.00415247
-27.6584 94.9976 7.0547 -0.242851 -0.970015 -0.00973609
-29.1774 95.3484 7.08764 -0.194378 -0.980816 9.49348e-05
-30.0633 95.5138 7.03992 -0.170218 -0.985406 5.91642e-05
-30.9691 95.666 7.01067 -0.150376 -0.988603 -0.00162101
-32.4245 95.8733 7.11647 -0.137572 -0.990491 -0.00068471
-33.8352 96.0316 7.08634 -0.0936153 -0.995608 -0.000598987
-35.1617 96.1562 7.11714 -0.0906867 -0.99586 0.00200062
-36.3872 96.2427 6.89758 -0.059217 -0.99824 0.00320418
-37.607 96.3158 7.01426 -0.0567642 -0.998375 0.00497311
-38.5034 96.3539 7.08025 -0.0217726 -0.999719 0.00936856
-39.4531 96.3727 6.9824 -0.0196692 -0.999754 0.0102065
-40.2225 96.3819 6.42229 -0.0136419 -0.999896 0.0046246
-40.3418 96.3781 5.37414 -0.0142521 -0.999884 0.00529411
-40.3632 96.3682 4.2034 -0.0137764 -0.999842 0.0103282
-40.3894 96.3606 3.19887 -0.0124354 -0.999918 0.00281825
-40.3663 96.3517 1.71092 -0.0160111 -0.999808 0.0110999
-40.3502 96.3421 0.725704 -0.0117143 -0.99992 0.00477729
-40.3725 96.3396 -0.345053 -0.000912159 -0.999996 -0.00265329
-40.4304 96.3407 -1.26585 -0.00321297 -0.999988 0.000938286
-40.4233 96.3424 -2.7405 -0.00489115 -0.999967 -0.00646129
-40.4046 96.3499 -3.79429 -0.00895592 -0.999946 -0.00528914
-40.3807 96.3553 -5.23516 -0.00757154 -0.999968 -0.00270565
-40.3365 96.3573 -6.27446 -0.00500967 -0.999978 0.000970442
-39.6884 96.3503 -6.95647 -0.0213168 -0.999758 -0.0055009
-38.3899 96.3212 -6.95343 -0.0255181 -0.999657 -0.00530054
-37.0758 96.269 -7.06663 -0.048353 -0.998829 0.00188801
-36.1708 96.2165 -7.02042 -0.0768818 -0.997035 0.00307379
-35.2231 96.1434 -7.0289 -0.0747332 -0.997185 0.00525911
-34.3022 96.0678 -7.02524 -0.0907058 -0.995874 0.00289171
-33.2913 95.9624 -7.06615 -0.112336 -0.993652 0.00234238
-32.3129 95.8542 -7.08016 -0.117484 -0.993028 0.00565631
-31.3186 95.7088 -7.0598 -0.148002 -0.988985 -0.00065639
-30.0684 95.5084 -7.05699 -0.172232 -0.984925 -0.016103
-28.8243 95.2604 -7.07352 -0.203045 -0.979152 0.00584588
-27.6992 94.995 -7.07015 -0.244638 -0.969593 -0.00646159
-26.8003 94.7626 -6.94159 -0.277121 -0.960421 -0.00563012
-25.7446 94.442 -6.92982 -0.287137 -0.957886 0.0026384
-24.4969 94.0166 -7.19173 -0.363623 -0.931102 -0.0102844
-23.8677 93.7506 -7.06697 -0.394757 -0.918776 0.0042679
-25.0774 94.1962 -0.0339044 -0.32354 -0.946198 0.00567863
-26.2151 94.5877 0.125337 -0.296519 -0.95442 0.00848717
-27.1562 94.8497 0.295794 -0.269022 -0.963129 -0.00307215
-28.3727 95.1587 0.35507 -0.214022 -0.976827 0.00208731
-29.8251 95.4537 0.305915 -0.184914 -0.982705 -0.00458072
-29.0095 95.2975 -0.375928 -0.199656 -0.979718 0.00673268
-28.0467 95.087 -0.00933399 -0.220295 -0.975387 0.00453099
-27.2196 94.8692 -0.0395227 -0.269588 -0.962953 -0.00661006
-26.3454 94.6249 -0.101199 -0.273289 -0.961913 -0.00299778
-25.4566 94.3268 0.137308 -0.323544 -0.946196 0.00567888
-30.1096 95.5039 -0.322741 -0.180798 -0.983515 0.00316165
-31.1138 95.6779 -0.253744 -0.151434 -0.988423 0.009387
-31.5912 95.7504 -0.313052 -0.155523 -0.987791 0.00147765
-32.6079 95.8939 -0.356138 -0.131208 -0.991351 0.00290868
-33.1772 95.9611 0.15218 -0.0970664 -0.995253 -0.00533812
-32.0824 95.8254 0.214296 -0.135097 -0.990823 -0.000507608
-30.8905 95.6498 0.394591 -0.166116 -0.985969 0.00626571
-30.3131 95.5434 0.330581 -0.180796 -0.983516 0.00315781
-16.6242 90.1997 0.0986813 -0.425583 -0.904901 -0.000541029
-15.8127 89.8249 -0.108061 -0.415346 -0.909646 -0.00566582
-14.6333 89.3229 0.103902 -0.37066 -0.928753 -0.00539372
-15.2112 89.5545 -0.321143 -0.383399 -0.923508 -0.00121675
-16.3475 90.0691 -0.307776 -0.419321 -0.907783 0.00881332
-16.4712 90.1271 -0.284126 -0.422619 -0.906285 0.00577177
-13.7214 88.969 -0.193176 -0.326615 -0.945157 0.000113972
-12.9855 88.7246 0.163524 -0.315393 -0.948908 0.0100095
-11.6789 88.3671 -0.0583832 -0.248898 -0.968509 0.00631673
-11.5125 88.3272 -0.256485 -0.210215 -0.97756 -0.0136367
-12.8167 88.674 -0.0629131 -0.26764 -0.963485 -0.00803645
-13.5554 88.9116 -0.162821 -0.326622 -0.945155 0.000115003
-10.4709 88.111 -0.0578108 -0.195518 -0.980694 0.00336018
-9.28108 87.9398 -0.0637363 -0.118773 -0.992729 0.019532
-10.3158 88.0806 0.0880291 -0.170231 -0.985066 0.00273224
-10.3725 88.0919 0.0874165 -0.195521 -0.980694 0.0033648
-7.64601 87.846 -0.0285323 0.00632633 -0.999971 -0.00267742
-7.6221 87.8462 -0.043679 0.00739343 -0.999973 0.000575628
-6.36498 87.8911 -0.264524 0.0841046 -0.996112 0.00480956
-5.24573 87.9814 -0.337281 0.0936875 -0.995297 0.0176561
-4.09799 88.1922 -0.213438 0.194217 -0.980921 0.00855924
-3.06125 88.3987 -0.0745227 0.232032 -0.971771 -0.00740175
-2.09619 88.6905 0.00359932 0.312733 -0.949205 0.0347704
-1.37529 88.9094 -0.504282 0.350425 -0.935404 0.0155975
-0.404431 89.3177 -0.35507 0.400667 -0.916044 0.00643899
-0.839931 89.1318 0.293881 0.400669 -0.916043 0.00642951
-1.71908 88.8257 0.514481 0.317516 -0.947932 -0.0246676
-3.03777 88.3981 0.523471 0.246977 -0.967596 -0.00622835
-4.12159 88.1807 0.313508 0.202189 -0.978872 -0.0304831
-5.04197 88.0056 0.0461236 0.140756 -0.989462 0.00527241
-5.82911 87.9311 0.0307146 0.0858611 -0.996088 -0.0208871
-6.27333 87.8932 0.0094776 0.0858611 -0.996088 -0.0208871
