-15.1587 21.7089 -0.0754491 0.220355 -0.975192 0.00146029
-16.1599 21.4541 -0.347211 0.245228 -0.969407 0.0106291
-17.1917 21.1554 -0.338859 0.300113 -0.953891 -0.00487188
-17.8784 20.937 -0.47359 0.310448 -0.950554 0.00585887
-18.9468 20.5777 -0.468052 0.319699 -0.947517 0.00182811
-19.8366 20.2597 -0.295985 0.352629 -0.93575 -0.00488835
-20.7863 19.8951 0.0412796 0.367456 -0.930036 -0.00204011
-20.2094 20.114 0.446567 0.350909 -0.936352 -0.0103981
-19.12 20.519 0.307118 0.331467 -0.943301 -0.00971284
-18.2214 20.8221 0.230314 0.314255 -0.949288 -0.00679619
-17.0844 21.1859 0.296426 0.29151 -0.956483 -0.00831626
-16.1615 21.4595 0.184358 0.264065 -0.964242 -0.00056792
-15.2174 21.6963 0.310442 0.220354 -0.975192 0.00146009
-14.2836 21.887 0.305361 0.201493 -0.97948 -0.00371674
-13.3024 22.0749 0.249636 0.169864 -0.985401 -0.0114738
-12.3378 22.2084 0.169358 0.119719 -0.992767 -0.00900995
-13.2311 22.0855 0.0956498 0.139342 -0.990236 0.00413197
-14.438 21.8569 -0.0350004 0.202915 -0.97918 -0.00564921
-14.7859 21.7851 -0.0793802 0.201493 -0.97948 -0.00371339
-14.7993 21.7887 -0.914611 0.202634 -0.979218 -0.00845785
-15.8092 21.5399 -1.00428 0.247566 -0.968869 0.00182701
-17.082 21.188 -1.10689 0.304481 -0.952498 0.00618769
-18.0662 20.87 -1.17042 0.31607 -0.948717 0.00597946
-18.9847 20.5635 -1.18143 0.328436 -0.944462 0.00500801
-20.06 20.1795 -1.05541 0.344902 -0.938578 0.00165004
-21.4266 19.6442 -0.900896 0.374193 -0.927301 -0.00184003
-21.7869 19.4937 -0.00857787 0.387394 -0.921914 0.00111571
-21.1805 19.7316 1.01029 0.360622 -0.932708 0.00264925
-20.3262 20.0626 1.13312 0.347204 -0.937674 -0.0137972
-18.8947 20.5894 1.06769 0.342497 -0.93949 -0.0055295
-17.7895 20.9553 1.07916 0.310149 -0.950688 -0.000671136
-16.7027 21.2959 1.05456 0.286624 -0.95804 0.00250578
-15.7154 21.5719 1.03868 0.243052 -0.970007 -0.00346922
-14.7343 21.801 1.03366 0.200016 -0.979636 0.0175237
-13.7242 21.9952 0.988322 0.163995 -0.986437 -0.00485523
-12.5468 22.1777 0.898113 0.121845 -0.992545 -0.00107044
-11.1958 22.3439 0.889825 0.100415 -0.994663 -0.00826926
-9.71162 22.4632 0.873428 0.0724801 -0.997306 -0.000807139
-8.61408 22.4998 0.95 0.0310537 -0.99948 -0.00361914
-7.70411 22.5216 1.00803 0.0165361 -0.999863 0.000831796
-6.73069 22.5219 1.0363 -0.0201052 -0.999731 0.00811048
-5.41581 22.4797 0.94215 -0.0334829 -0.999345 0.0137471
-4.16088 22.3993 0.976932 -0.0687975 -0.997615 0.0055679
-3.13001 22.3092 0.930046 -0.0910665 -0.995837 0.00383151
-1.98302 22.1658 0.950204 -0.153496 -0.988113 0.00843224
-0.706663 21.9532 1.07799 -0.191417 -0.981459 0.00211539
0.437869 21.7218 1.19189 -0.221527 -0.974818 -0.00264675
1.76916 21.3698 1.26103 -0.26216 -0.965012 0.0048625
2.84469 21.0472 1.24743 -0.306489 -0.951842 0.00777502
3.71067 20.7683 1.24904 -0.314163 -0.949315 0.00203431
4.70854 20.4172 1.23779 -0.335848 -0.94191 0.00341279
5.94213 19.9604 1.18078 -0.361016 -0.932552 0.000968778
7.02166 19.5298 0.61211 -0.378447 -0.925609 0.00514302
6.82101 19.6054 -0.543122 -0.377341 -0.926065 0.0036945
5.85111 19.9887 -0.931573 -0.363587 -0.931545 -0.00540432
4.55393 20.4824 -0.909838 -0.334194 -0.9424 -0.00191812
3.66437 20.7863 -0.889315 -0.323435 -0.946199 -0.00983257
2.72605 21.0899 -0.911036 -0.287401 -0.95772 5.97112e-05
1.83254 21.348 -0.937819 -0.277246 -0.960768 -0.00771138
0.874679 21.6128 -0.920208 -0.248979 -0.968207 -0.0132089
-0.648943 21.9439 -0.89015 -0.17756 -0.984064 0.00281662
-1.67608 22.1146 -0.899133 -0.13457 -0.99087 0.00826131
-2.69129 22.2528 -0.91796 -0.119796 -0.99257 0.0119434
-3.7565 22.367 -0.915634 -0.08768 -0.995949 0.00321429
-5.07464 22.4448 -0.90342 -0.0540634 -0.99846 0.0124695
-6.11783 22.4873 -0.861909 -0.0341218 -0.999394 0.00679707
-7.37691 22.5167 -0.796772 -0.0122822 -0.999911 0.00515149
-8.45447 22.5137 -0.789322 0.0235317 -0.999702 -0.00466247
-9.6068 22.4816 -0.850606 0.0293032 -0.999567 -0.00275966
-10.8472 22.3862 -0.856766 0.0962598 -0.995356 -0.000678126
-11.9451 22.2637 -0.853212 0.118482 -0.992916 -0.00115659
-13.071 22.1093 -0.854648 0.137356 -0.990436 -0.0130299
-14.2744 21.897 -0.874216 0.202635 -0.979218 -0.00845872
-14.0101 21.947 -1.65503 0.184794 -0.982751 0.00719102
-15.0628 21.7293 -1.7052 0.245698 -0.969337 -0.0016678
-16.2054 21.4424 -1.77882 0.24383 -0.969804 -0.00515879
-17.1663 21.1559 -1.85379 0.304137 -0.952605 0.00663729
-18.4453 20.7401 -1.90397 0.315104 -0.94905 0.00365613
-19.5653 20.3522 -1.84833 0.338618 -0.940916 0.00281878
-20.6213 19.9633 -1.79116 0.366679 -0.930338 -0.00429205
-21.572 19.5848 -1.71453 0.382916 -0.923783 -0.00100118
-22.3534 19.258 -1.13255 0.385695 -0.922617 -0.00402385
-22.4993 19.1944 0.020263 0.388521 -0.921438 -0.00048779
-22.4463 19.2147 0.971518 0.389651 -0.92096 -0.00209129
-21.3975 19.6497 1.7153 0.37368 -0.927435 -0.00221083
-20.2995 20.0674 1.82613 0.354785 -0.93492 -0.007257
-19.2526 20.4529 1.86432 0.339124 -0.9407 -0.00882123
-18.1271 20.8448 1.82114 0.309088 -0.951033 0.0004568
-17.0838 21.1763 1.83513 0.294862 -0.955523 -0.0056772
-16.2111 21.4449 1.81634 0.264838 -0.964023 -0.000480451
-15.2046 21.6982 1.78562 0.243979 -0.969777 -0.0027138
-14.1107 21.9301 1.7592 0.159315 -0.987222 -0.00342186
-13.1276 22.0931 1.63373 0.168675 -0.985652 -0.00629068
-12.0816 22.2358 1.66068 0.121641 -0.992573 0.00144004
-10.9672 22.3613 1.64596 0.10584 -0.994338 -0.00943512
-10.0168 22.438 1.65836 0.0633556 -0.997964 -0.0073735
-8.73233 22.4994 1.6853 0.0296614 -0.999551 0.00416869
-7.63692 22.5268 1.74315 0.0134642 -0.999879 0.00783672
-6.27699 22.5117 1.74294 -0.0265638 -0.999647 0.00090101
-5.27017 22.4831 1.68764 -0.0526612 -0.998386 0.0107331
-4.27531 22.4204 1.69952 -0.0631656 -0.997671 0.0257575
-3.26685 22.3247 1.69441 -0.0930938 -0.995629 0.00660563
-2.37348 22.2225 1.67738 -0.139887 -0.990164 -0.00247269
-1.4497 22.0897 1.74279 -0.168677 -0.98553 0.00234261
-0.124602 21.8414 1.85718 -0.191417 -0.981459 0.0021154
0.750171 21.6331 1.9298 -0.244073 -0.969666 -0.0132758
1.63634 21.4095 1.96953 -0.253117 -0.967339 -0.00420837
2.80539 21.0656 1.95169 -0.294527 -0.955534 0.00053439
4.03552 20.6552 1.93762 -0.32184 -0.946787 -0.00370779
4.9841 20.3196 1.92809 -0.347183 -0.93778 -0.00574799
6.09848 19.8979 1.88265 -0.360864 -0.932615 -0.0025456
7.07983 19.511 1.77002 -0.381487 -0.924356 0.00583553
7.66059 19.2703 1.15385 -0.379462 -0.925203 0.00294802
7.76887 19.2211 -0.294939 -0.376236 -0.926521 0.0022457
7.41469 19.3627 -1.60141 -0.376548 -0.926397 0.00069435
6.2251 19.8431 -1.70658 -0.372879 -0.927877 0.00242807
4.96407 20.3268 -1.67126 -0.344952 -0.938601 0.00599988
4.06514 20.6573 -1.65807 -0.334194 -0.9424 -0.00191631
3.13079 20.9575 -1.67013 -0.297558 -0.954672 0.00782968
2.17287 21.2559 -1.69929 -0.287402 -0.95772 6.05484e-05
1.28816 21.4997 -1.707 -0.264006 -0.964518 -0.00233973
0.262946 21.767 -1.67211 -0.198768 -0.97979 0.0132693
-1.22746 22.0459 -1.64157 -0.182089 -0.983264 0.00542983
-2.60229 22.2312 -1.67677 -0.132817 -0.99106 0.0126193
-3.55064 22.3383 -1.66824 -0.104868 -0.994397 0.0126908
-4.78672 22.424 -1.65386 -0.0537591 -0.998553 -0.00129191
-6.05548 22.4793 -1.61703 -0.0328157 -0.999437 0.00696789
-7.38889 22.5124 -1.57545 -0.0126516 -0.999904 0.00571746
-8.69646 22.5087 -1.58865 0.0269207 -0.999637 -0.000684816
-10.0009 22.4518 -1.5669 0.0698371 -0.997227 0.0257167
-11.3684 22.3277 -1.59498 0.109736 -0.993961 -0.000480537
-12.3328 22.2154 -1.62567 0.127229 -0.991872 -0.0018264
-13.8093 21.9848 -1.65153 0.184794 -0.982751 0.00719115
-13.6177 22.0192 -2.43114 0.180512 -0.983544 0.00456037
-15.0373 21.7403 -2.44247 0.223058 -0.974512 0.00316143
-16.242 21.4375 -2.52837 0.254118 -0.967022 0.00596125
-17.1952 21.1577 -2.58133 0.292705 -0.955949 -0.0220309
-18.3381 20.7782 -2.63149 0.32351 -0.946196 -0.00737482
-19.5752 20.3479 -2.57565 0.340241 -0.940338 0.000988459
-20.5067 20.0119 -2.52909 0.351837 -0.935916 0.000179057
-21.39 19.6618 -2.48761 0.378427 -0.925585 -0.00204981
-22.4294 19.2289 -2.41668 0.383503 -0.923539 0.000841514
-23.1385 18.9215 -1.50532 0.396537 -0.918018 -0.000494333
-23.1665 18.9097 -0.604389 0.398882 -0.916996 -0.00166733
-23.1798 18.9011 0.352956 0.401929 -0.91567 -0.00140292
-23.1341 18.9197 1.30115 0.40335 -0.915036 -0.00336899
-22.7984 19.0645 2.22067 0.399471 -0.916743 -0.00220938
-21.9222 19.4332 2.43277 0.384302 -0.923196 0.00463022
-21.0279 19.7898 2.48083 0.353325 -0.935501 -0.000500953
-19.7932 20.2562 2.58115 0.345337 -0.938432 0.00220744
-18.4524 20.7363 2.56294 0.33473 -0.942304 0.00135249
-17.3926 21.0764 2.61364 0.286148 -0.95813 -0.000842194
-16.5109 21.3486 2.60124 0.28292 -0.958985 -0.0109697
-15.2304 21.688 2.53778 0.244578 -0.969611 -0.00610373
-13.9474 21.9533 2.49148 0.162506 -0.986621 -0.013033
-12.7548 22.1408 2.39702 0.143181 -0.989644 -0.010155
-11.4525 22.3034 2.40822 0.10695 -0.994257 -0.00377927
-10.4398 22.4106 2.40809 0.0806328 -0.996501 0.000775775
-9.11879 22.4901 2.42087 0.0528156 -0.998558 0.00238229
-8.04067 22.527 2.46307 0.00710699 -0.999933 0.00142719
-6.83254 22.5276 2.51964 -0.0133566 -0.999804 -0.00170227
-5.65307 22.4958 2.49312 -0.0343621 -0.999374 -0.00169506
-4.57339 22.451 2.42217 -0.0568487 -0.998216 -0.00601455
-3.4591 22.3482 2.44531 -0.0957435 -0.995398 0.00400896
-2.35054 22.2198 2.42062 -0.139322 -0.990243 0.00271193
-1.07501 22.0257 2.50659 -0.173214 -0.984759 0.00283306
0.506502 21.6992 2.63554 -0.231362 -0.972746 0.000684136
1.74572 21.3773 2.68241 -0.265807 -0.964022 -0.00289493
2.61479 21.1243 2.65932 -0.286119 -0.958147 0.0094857
3.64891 20.7872 2.63859 -0.322437 -0.946566 0.00686362
4.66927 20.4366 2.63527 -0.340651 -0.940096 0.00839739
5.63632 20.0767 2.61748 -0.35748 -0.933789 0.012218
7.05284 19.5269 2.53655 -0.37115 -0.928495 0.00166229
7.96768 19.1452 2.44834 -0.390405 -0.920629 0.00255582
8.37002 18.9693 1.11967 -0.395049 -0.91866 0.000614017
8.42019 18.9408 0.20523 -0.40233 -0.915463 0.00736231
8.44993 18.9247 -1.14904 -0.397438 -0.917624 -0.00303809
8.41068 18.9423 -2.09303 -0.39631 -0.918117 0.000146587
7.23192 19.4364 -2.47673 -0.381642 -0.924286 0.00308042
6.16534 19.8647 -2.45924 -0.372474 -0.928035 0.00376722
5.18906 20.2443 -2.42926 -0.34933 -0.936977 0.000995907
4.27417 20.5809 -2.42081 -0.345345 -0.938468 -0.00384621
3.2783 20.9102 -2.42412 -0.302218 -0.953198 0.00511191
2.3883 21.1881 -2.45081 -0.285562 -0.958238 0.0054991
1.16186 21.5361 -2.47216 -0.268582 -0.963209 0.00457386
0.264648 21.7485 -2.44275 -0.213663 -0.976636 0.0230206
-0.781793 21.9585 -2.40842 -0.180304 -0.983584 0.0073371
-2.06128 22.1513 -2.43999 -0.12928 -0.991588 0.00639891
-3.50471 22.3222 -2.41509 -0.101788 -0.994689 0.0152464
-4.91217 22.4267 -2.40566 -0.0471975 -0.998857 0.0075192
-6.07317 22.4752 -2.37495 -0.0324025 -0.999456 0.00610565
-7.46719 22.5085 -2.34349 -0.0129674 -0.999885 0.0077508
-8.8693 22.5045 -2.34958 0.0368641 -0.999209 0.00750437
-10.186 22.4283 -2.31092 0.0702451 -0.997453 0.0124088
-11.1077 22.356 -2.3355 0.109467 -0.99399 0.00103472
-12.317 22.2181 -2.40091 0.122682 -0.992427 0.00254983
-13.3183 22.0727 -2.43003 0.175871 -0.984379 0.00827464
-13.5566 22.0301 -2.43107 0.17587 -0.984379 0.00827337
-13.5306 22.0293 -3.20391 0.173541 -0.984826 -0.00120756
-14.6376 21.8145 -3.18522 0.205366 -0.978678 -0.00384205
-15.7721 21.5529 -3.22556 0.261908 -0.964807 -0.00464642
-16.9696 21.2327 -3.29928 0.270288 -0.962515 -0.0113709
-18.035 20.8887 -3.36426 0.323168 -0.946287 -0.0101347
-18.91 20.5895 -3.33197 0.329389 -0.944139 -0.00730548
-20.1585 20.1401 -3.26146 0.340545 -0.940188 -0.00863492
-21.077 19.7866 -3.22715 0.369116 -0.929378 0.00204078
-22.3132 19.2781 -3.19611 0.386515 -0.922274 -0.00416685
-23.3188 18.8518 -3.098 0.403707 -0.914855 -0.005097
-23.7912 18.6388 -2.44656 0.408057 -0.912954 -0.00189712
-23.8298 18.6199 -1.28599 0.408812 -0.912613 -0.00271169
-23.8452 18.6117 -0.33009 0.400778 -0.916168 -0.00379706
-23.8842 18.5914 0.652591 0.403349 -0.915036 -0.00336845
-23.8448 18.6041 1.5611 0.404845 -0.914384 0.0016399
-23.7625 18.6425 2.63813 0.408129 -0.912911 -0.00145995
-23.143 18.913 3.13659 0.398913 -0.916988 0.000661539
-22.2683 19.291 3.17704 0.378435 -0.925586 -0.00463579
-21.0324 19.7877 3.21126 0.363387 -0.931566 -0.00322074
-20.1196 20.1326 3.27067 0.353492 -0.935437 -0.000322616
-19.0706 20.5169 3.321 0.332276 -0.94318 -0.00203285
-18.0654 20.8678 3.32949 0.327639 -0.944795 -0.00382876
-17.0013 21.1926 3.39599 0.286145 -0.958131 -0.000843395
-16.1112 21.4487 3.33629 0.270965 -0.96245 -0.0163452
-15.0195 21.7292 3.28 0.219183 -0.975402 -0.0234296
-14.0691 21.9234 3.23643 0.162507 -0.986621 -0.0130341
-13.0209 22.1007 3.16099 0.157394 -0.987454 -0.0035374
-12.1207 22.2262 3.17488 0.11095 -0.993802 -0.00691306
-11.1275 22.3354 3.17877 0.104082 -0.99455 -0.00524662
-10.1554 22.4342 3.19504 0.0806328 -0.996501 0.000775883
-9.18717 22.4843 3.19057 0.0440424 -0.999022 -0.00369831
-8.10642 22.5242 3.23928 0.0157972 -0.999722 -0.0070181
-7.03537 22.5245 3.27555 -0.00115062 -0.999988 -0.00431656
-6.00084 22.5063 3.26738 -0.0324264 -0.999454 -0.000529624
-4.9164 22.4637 3.1913 -0.040283 -0.999187 -0.00144839
-3.86639 22.3905 3.21888 -0.0845811 -0.996322 -0.00328563
-2.71239 22.2636 3.16073 -0.115389 -0.993291 -0.00761948
-1.49745 22.0901 3.22371 -0.160607 -0.987001 -0.00586523
-0.520344 21.9256 3.28106 -0.210775 -0.977391 -0.008899
0.896599 21.6062 3.39622 -0.235138 -0.971805 -0.0047135
1.77206 21.3679 3.40617 -0.26607 -0.963952 -0.00158349
3.07141 20.9806 3.35108 -0.31182 -0.95014 -0.00159815
4.16213 20.6174 3.33451 -0.327609 -0.944783 0.0046821
5.13792 20.273 3.34093 -0.340652 -0.940096 0.00839851
6.15743 19.8791 3.32231 -0.366439 -0.930387 0.0101382
7.05505 19.5261 3.29411 -0.378599 -0.925558 -0.00240469
8.00579 19.13 3.24995 -0.38877 -0.92132 0.00531601
8.99681 18.7017 2.58974 -0.413438 -0.910526 -0.00346471
9.02674 18.6873 1.68577 -0.394317 -0.918966 0.00300505
9.07133 18.6609 0.769117 -0.401532 -0.9158 0.00905075
9.11389 18.6328 -0.200544 -0.405405 -0.914135 0.000717062
9.15647 18.6147 -1.33942 -0.405633 -0.914029 -0.00279924
9.14275 18.6229 -2.54537 -0.401634 -0.9158 0.000559038
8.42073 18.9346 -3.20989 -0.390833 -0.920434 0.00540477
7.55861 19.2967 -3.26831 -0.386878 -0.922126 0.00289477
6.46929 19.7407 -3.21653 -0.367564 -0.929991 -0.00368916
5.30688 20.195 -3.19095 -0.353317 -0.935486 0.00583886
4.38972 20.5415 -3.17868 -0.34933 -0.936977 0.000995768
3.40331 20.8643 -3.19182 -0.30973 -0.950703 -0.0152
2.29746 21.2109 -3.21273 -0.278869 -0.960309 -0.00507289
1.34175 21.4868 -3.25505 -0.258302 -0.965783 0.00441225
0.381805 21.7209 -3.22799 -0.215156 -0.976577 -0.00224565
-0.76324 21.9518 -3.16547 -0.176828 -0.984241 0.00084646
-1.99363 22.1424 -3.1938 -0.134188 -0.99093 -0.00710838
-3.28735 22.2997 -3.17678 -0.0990347 -0.995051 0.0041879
-4.23003 22.3892 -3.16962 -0.0944298 -0.995487 0.00939297
-5.38003 22.444 -3.15828 -0.0473141 -0.998873 0.00323219
-6.31015 22.4757 -3.13484 -0.0295003 -0.999517 0.00980958
-7.39897 22.5005 -3.11619 -0.0136959 -0.999865 0.00905108
-8.42827 22.5145 -3.12564 0.0170886 -0.999338 0.00924573
-9.59502 22.4591 -3.07437 0.0473257 -0.998796 0.0125362
-10.5837 22.3903 -3.08003 0.070638 -0.997421 0.0127177
-11.9352 22.2593 -3.15431 0.117929 -0.993007 0.00543052
-12.8498 22.1499 -3.20621 0.151652 -0.988113 0.00397149
-13.4429 22.0447 -3.20485 0.173541 -0.984826 -0.00120756
-13.4491 22.0424 -3.96799 0.162315 -0.986665 0.0120804
-12.0086 22.2523 -3.93636 0.112778 -0.99359 0.00148152
-10.7643 22.3804 -3.85829 0.0824705 -0.996533 -0.00272583
-9.77373 22.4554 -3.86419 0.0753693 -0.997099 -0.0106018
-8.42735 22.5078 -3.85196 0.0426759 -0.999041 0.00114411
-7.01618 22.4914 -3.88396 -0.0181215 -0.999804 -0.00448184
-5.92174 22.4659 -3.94018 -0.023089 -0.999733 -0.00121111
-4.38962 22.3947 -3.9442 -0.0489237 -0.998799 0.00249694
-3.40013 22.3042 -3.95378 -0.0937315 -0.995597 -0.000971547
-2.42346 22.2049 -3.94673 -0.130572 -0.991384 0.00462719
-1.47475 22.074 -3.93623 -0.154553 -0.987809 0.00167181
-0.389389 21.884 -3.93543 -0.174645 -0.984621 0.00328506
0.705965 21.6321 -4.03676 -0.235775 -0.971808 -0.000440052
1.8505 21.3436 -4.03726 -0.274784 -0.961472 0.00228533
3.0501 20.9842 -3.97744 -0.293934 -0.955826 -0.000449066
3.99178 20.6793 -3.95457 -0.327451 -0.944867 0.00145963
5.1274 20.262 -3.9493 -0.35479 -0.934946 -0.000920761
6.17113 19.8604 -3.96151 -0.365302 -0.930888 0.00150341
7.13033 19.4741 -4.00305 -0.386525 -0.922275 9.2851e-05
8.02347 19.1002 -4.03687 -0.390904 -0.920402 -0.00507195
9.11166 18.6314 -3.96295 -0.394699 -0.918775 0.000262166
9.78735 18.3372 -3.25579 -0.407382 -0.913255 0.00218503
9.87188 18.3017 -2.33746 -0.409176 -0.912448 -0.000795243
9.83494 18.3129 -1.08679 -0.405633 -0.914029 -0.00279924
9.7693 18.3439 0.2443 -0.404519 -0.914527 0.00212852
9.73577 18.368 1.21022 -0.409608 -0.912206 0.0100491
9.71861 18.375 2.32637 -0.412998 -0.910724 -0.00380563
9.69876 18.3837 3.51145 -0.412446 -0.910949 0.00770652
8.57902 18.8844 3.98641 -0.401363 -0.915904 -0.00533233
7.65943 19.277 4.00852 -0.379274 -0.925281 2.58433e-05
6.79103 19.6338 4.04269 -0.372664 -0.927931 0.00119188
5.90403 19.9831 4.05419 -0.366756 -0.930317 -0.000924604
4.88541 20.364 4.06078 -0.332778 -0.943003 0.00221895
3.82783 20.7367 4.03432 -0.322638 -0.946423 0.0077113
2.85245 21.0593 4.06597 -0.296682 -0.95474 0.00235752
1.98367 21.3083 4.11644 -0.26607 -0.963952 -0.00158478
0.989497 21.5737 4.13026 -0.250237 -0.968121 -0.0111432
-0.0747792 21.819 4.02807 -0.201513 -0.979291 -0.0195181
-1.26052 22.0419 3.9817 -0.162476 -0.986614 -0.0139157
-2.18438 22.1968 3.9314 -0.148026 -0.988785 -0.00772749
-3.46964 22.3537 3.97441 -0.116263 -0.993168 0.0100199
-4.46805 22.4273 3.93421 -0.0732458 -0.997263 -0.0100897
-5.67593 22.4912 3.9864 -0.0374581 -0.999296 -0.00213424
-6.74035 22.5197 4.01621 -0.00500789 -0.999951 -0.00737382
-7.72466 22.5218 4.03659 -0.00241706 -0.999984 -0.00496899
-8.66943 22.4986 3.9482 0.0312824 -0.999447 -0.011268
-9.67006 22.4597 3.93511 0.0508809 -0.998644 -0.00836756
-10.7343 22.3711 3.93141 0.101149 -0.994859 -0.0049018
-11.8326 22.2533 3.9307 0.111962 -0.993699 -0.00518619
-13.2765 22.0504 3.95473 0.168539 -0.985661 -0.00820363
-14.2446 21.8845 3.9916 0.165523 -0.986141 -0.0106194
-15.5264 21.599 4.03555 0.226451 -0.973805 -0.0185898
-16.631 21.3035 4.10638 0.268545 -0.963206 0.0108331
-17.7171 20.9856 4.07319 0.309699 -0.950613 -0.00735498
-18.7064 20.6426 4.05922 0.326381 -0.945232 -0.00293984
-19.884 20.2256 4.03237 0.346963 -0.937843 0.00232774
-21.2552 19.6966 3.95138 0.370574 -0.928798 -0.00204148
-22.2238 19.3027 3.94231 0.38454 -0.923072 -0.00822594
-23.5747 18.7164 3.88439 0.406597 -0.913606 -0.00153985
-24.3764 18.3619 3.63628 0.40872 -0.912635 -0.00550954
-24.501 18.3102 2.42288 0.411415 -0.911437 -0.00455903
-24.5298 18.3007 1.49245 0.404808 -0.914393 -0.0018467
-24.5527 18.2915 0.405468 0.413869 -0.910334 -0.00135798
-24.4885 18.3226 -1.01875 0.410083 -0.912043 -0.00213292
-24.5135 18.3156 -1.94564 0.408811 -0.912613 -0.00271293
-24.4769 18.3336 -3.01367 0.407654 -0.913135 -0.00149109
-24.1127 18.5005 -3.82418 0.409549 -0.912219 -0.0112106
-22.9201 19.0302 -3.94504 0.391704 -0.920036 -0.00716803
-21.8353 19.484 -3.94731 0.376934 -0.926159 -0.0040256
-20.9239 19.8442 -3.95552 0.367303 -0.930099 0.00190253
-19.9608 20.2182 -3.96505 0.338078 -0.941089 -0.00655415
-18.6038 20.7022 -4.091 0.32939 -0.944138 -0.00730585
-17.6822 21.005 -4.088 0.311432 -0.950249 0.00612239
-16.5677 21.3466 -4.03303 0.280795 -0.959756 0.00483039
-15.3409 21.6649 -3.93452 0.212175 -0.977224 0.00380996
-14.1135 21.9275 -3.95343 0.189454 -0.981752 -0.00252544
-13.6301 22.0127 -3.96218 0.167928 -0.985745 0.00543659
-13.697 21.995 -4.71293 0.161719 -0.98683 0.00294061
-14.9209 21.7572 -4.6799 0.21038 -0.977605 -0.00528933
-16.0899 21.4837 -4.74985 0.267507 -0.963524 0.00780921
-17.3118 21.1269 -4.82492 0.295247 -0.955279 -0.00288038
-18.2643 20.8159 -4.82978 0.309963 -0.950736 -0.00475601
-19.2875 20.4595 -4.77053 0.337001 -0.941504 0.00103017
-20.464 20.0238 -4.70733 0.363313 -0.93165 0.0056171
-21.475 19.6247 -4.71457 0.367969 -0.929835 0.00225338
-22.5752 19.1829 -4.70254 0.391704 -0.920036 -0.00716938
-23.7538 18.6723 -4.6951 0.40353 -0.914904 -0.00762308
-24.8222 18.1886 -4.47845 0.411067 -0.911556 -0.0094436
-25.1728 18.0143 -3.43441 0.429447 -0.90309 -0.00199212
-25.1868 18.0085 -2.24919 0.422361 -0.906421 0.00123051
-25.1485 18.0239 -1.12999 0.421881 -0.90665 -0.00140597
-25.2116 17.992 0.336898 0.413869 -0.910334 -0.00135798
-25.2182 17.986 1.52283 0.418189 -0.908355 -0.00300848
-25.1707 18.0057 2.9924 0.412164 -0.911105 -0.00043849
-25.0803 18.0402 4.20853 0.412108 -0.9111 -0.00802257
-24.3429 18.3703 4.61382 0.413146 -0.910637 -0.000866659
-23.3565 18.8115 4.67265 0.40597 -0.913883 -0.0026977
-22.1392 19.3341 4.71325 0.381478 -0.924371 -0.0035756
-20.9589 19.8121 4.70216 0.368067 -0.929789 0.00435462
-19.7893 20.2585 4.77198 0.340682 -0.940177 -0.00180945
-18.8224 20.6012 4.78967 0.325121 -0.945671 -0.00189782
-17.8397 20.94 4.80362 0.3097 -0.950613 -0.00735489
-16.5334 21.3381 4.83258 0.293579 -0.955893 -0.00225588
-15.4497 21.6031 4.75722 0.226448 -0.973806 -0.0185895
-14.1169 21.9082 4.77726 0.225384 -0.974228 -0.00904881
-13.0663 22.0866 4.72218 0.163802 -0.986482 0.000737959
-11.8096 22.252 4.69018 0.108282 -0.994119 0.0015351
-10.6909 22.373 4.67352 0.0998514 -0.994997 -0.00324167
-9.68697 22.4491 4.66564 0.0562 -0.998336 -0.0128926
-8.64571 22.4924 4.70784 0.0290762 -0.999571 -0.00357385
-7.74115 22.5188 4.78753 0.0145955 -0.99972 -0.00727452
-6.56358 22.5104 4.75932 -0.00779409 -0.999913 -0.0106882
-5.62484 22.4877 4.71608 -0.0435798 -0.998992 -0.0072027
-4.38233 22.4137 4.65206 -0.066717 -0.997724 -0.00617167
-3.451 22.3577 4.7075 -0.0947954 -0.994822 -0.00181959
-2.21857 22.1957 4.72694 -0.148027 -0.988785 -0.00772513
-1.31844 22.044 4.73972 -0.164383 -0.986377 -0.00471134
-0.420116 21.8805 4.72798 -0.200921 -0.979598 -0.0018734
0.617034 21.6693 4.82325 -0.199047 -0.979976 -0.00513457
1.78281 21.3618 4.84366 -0.257288 -0.966329 0.000612039
3.275 20.9296 4.74715 -0.296682 -0.95474 0.0023576
4.21525 20.6016 4.74455 -0.331702 -0.943383 0.0015808
5.21278 20.2442 4.79328 -0.351283 -0.936242 -0.00715822
6.17416 19.8759 4.77288 -0.366066 -0.930588 -0.000499604
7.15835 19.4848 4.74928 -0.38059 -0.924742 0.001467
8.03427 19.1236 4.73347 -0.381229 -0.924481 0.000473224
8.89485 18.7497 4.72279 -0.403131 -0.915089 0.00987706
10.0589 18.2271 4.58256 -0.416284 -0.909218 0.0055509
10.4407 18.0413 3.26007 -0.421852 -0.906618 0.000886176
10.3991 18.0671 2.14737 -0.414002 -0.910271 -0.00109416
10.4341 18.0474 0.848376 -0.420885 -0.907109 0.00103743
10.4841 18.0218 -0.514259 -0.414683 -0.909961 0.00290733
10.5299 18.0025 -1.71505 -0.411435 -0.911434 -0.0028422
10.5327 18.0058 -2.81542 -0.409177 -0.912448 -0.000794883
10.4217 18.0543 -3.83606 -0.40595 -0.913895 0.000231965
9.85618 18.3055 -4.63997 -0.405988 -0.913878 6.09777e-05
8.86636 18.7437 -4.76274 -0.399944 -0.916509 -0.00352032
7.65729 19.2556 -4.78433 -0.386643 -0.922226 -0.00240643
6.3645 19.7827 -4.71172 -0.367979 -0.929825 0.00415639
5.33603 20.1812 -4.71471 -0.356586 -0.934261 0.00187292
4.4887 20.505 -4.71978 -0.341066 -0.939856 0.00326081
3.59694 20.8108 -4.72171 -0.324347 -0.945906 0.00784314
2.47342 21.1619 -4.75568 -0.294704 -0.955587 0.00102067
1.38844 21.4669 -4.83987 -0.252277 -0.967492 0.00319672
0.382326 21.7081 -4.78777 -0.227999 -0.973601 0.0108516
-0.725986 21.9407 -4.68774 -0.17047 -0.985363 -0.00026426
-1.62816 22.0964 -4.70438 -0.140149 -0.989891 0.0069612
-2.96928 22.2613 -4.76075 -0.119788 -0.992723 0.0123389
-3.90029 22.35 -4.73193 -0.0725129 -0.997286 0.012786
-5.26785 22.4355 -4.72905 -0.0493955 -0.998774 0.0033443
-6.56099 22.4823 -4.67743 -0.0244586 -0.999698 -0.00251389
-7.85803 22.5062 -4.64202 -0.0022302 -0.999928 0.000420063
-9.15148 22.4825 -4.60994 0.0300703 -0.999537 0.00461789
-10.4542 22.4043 -4.64012 0.0895721 -0.995967 0.00515359
-11.6476 22.2858 -4.70607 0.109936 -0.993879 0.0104308
-12.5516 22.184 -4.73931 0.137167 -0.990156 0.00902332
-13.374 22.0482 -4.72335 0.162957 -0.986621 0.00487366
-13.394 22.0434 -5.48477 0.16048 -0.987039 0.00101028
-14.463 21.8545 -5.44152 0.204369 -0.978893 0.00168455
-15.5793 21.6197 -5.46301 0.238944 -0.970565 0.00126028
-16.4676 21.372 -5.56169 0.272951 -0.96198 0.0079942
-17.4562 21.0845 -5.57803 0.295245 -0.95528 -0.00288079
-18.5043 20.733 -5.5574 0.325789 -0.945385 0.00935522
-19.8837 20.2454 -5.50155 0.350158 -0.936577 0.00332124
-20.8991 19.8527 -5.44556 0.358768 -0.933398 -0.00623821
-22.0842 19.3878 -5.47567 0.36638 -0.93041 -0.0101577
-23.4259 18.8153 -5.43313 0.397886 -0.917435 -0.000426581
-24.575 18.3056 -5.46803 0.409836 -0.912158 -0.00120505
-25.5873 17.8287 -5.17799 0.437117 -0.899402 -0.00224029
-25.8419 17.6976 -4.1019 0.430995 -0.902312 -0.00698895
-25.8525 17.6958 -2.75867 0.42237 -0.906413 0.00437133
-25.8129 17.7157 -1.60451 0.421408 -0.906871 -0.0009028
-25.8396 17.7024 -0.56926 0.42142 -0.906866 -0.000485411
-25.8929 17.6785 0.330328 0.419413 -0.907793 -0.000494733
-25.8997 17.6717 1.64672 0.420329 -0.907365 -0.00332838
-25.8426 17.6997 2.56845 0.413374 -0.910559 0.00202515
-25.8487 17.6982 3.57841 0.411529 -0.911376 -0.00546033
-25.8627 17.6803 4.78382 0.413807 -0.910332 -0.0014424
-25.2061 17.9829 5.37946 0.414061 -0.910228 0.00614299
-24.1229 18.4719 5.4214 0.409518 -0.912301 0.00115633
-22.7961 19.0581 5.45715 0.404941 -0.91434 -0.00104806
-21.5779 19.5657 5.45787 0.383548 -0.923521 -0.000500314
-20.7268 19.9066 5.43222 0.35487 -0.934895 -0.00618101
-19.7198 20.2803 5.50484 0.341793 -0.939761 -0.00517195
-18.3872 20.7522 5.53421 0.32497 -0.945712 0.00489902
-17.2748 21.1128 5.5477 0.301579 -0.95342 -0.00640713
-16.0413 21.4585 5.51245 0.230957 -0.972953 0.0044984
-14.9221 21.7199 5.52629 0.220454 -0.97537 0.00726958
-13.966 21.9363 5.56787 0.21345 -0.976892 -0.000962233
-12.8466 22.1203 5.49881 0.16073 -0.986995 -0.00261551
-11.7408 22.2607 5.46573 0.108284 -0.994119 0.001535
-10.6233 22.3669 5.41477 0.0796342 -0.996711 -0.0103351
-9.67251 22.44 5.43393 0.0598712 -0.998129 -0.0117644
-8.43804 22.4956 5.48697 0.0290771 -0.999571 -0.00357303
-7.53657 22.516 5.51895 0.0060762 -0.999831 -0.00546637
-6.3822 22.5048 5.49579 -0.0135137 -0.999877 -0.0054053
-5.3842 22.469 5.43253 -0.0540909 -0.998505 0.00785616
-4.17359 22.4005 5.35691 -0.0584509 -0.99829 0.00070917
-2.88159 22.279 5.47641 -0.131141 -0.991354 -0.00434845
-1.48924 22.0715 5.4889 -0.165401 -0.986187 0.00542643
-0.297711 21.8561 5.44058 -0.202794 -0.97922 0.00138599
0.71074 21.6469 5.54605 -0.230828 -0.972592 -0.00353816
1.88199 21.3335 5.56824 -0.258743 -0.965943 -0.002337
2.81438 21.0672 5.50269 -0.287555 -0.957713 -0.000528036
3.68486 20.7921 5.44133 -0.332699 -0.943009 0.00674184
4.91157 20.3565 5.5081 -0.345593 -0.93835 0.00325605
6.11096 19.901 5.50727 -0.363241 -0.931692 -0.000635803
7.31794 19.4184 5.47939 -0.380914 -0.924609 -0.00148397
8.21465 19.0489 5.46701 -0.385689 -0.922604 -0.00384775
9.14201 18.6451 5.4645 -0.404969 -0.914317 0.0048774
10.1177 18.2059 5.43657 -0.415714 -0.909465 0.0074061
11.0079 17.7926 4.94397 -0.421978 -0.906558 0.00887269
11.1379 17.7173 3.65975 -0.421853 -0.906617 0.000886247
11.1032 17.7431 2.32307 -0.42004 -0.907488 -0.000932996
11.146 17.7186 1.30547 -0.42131 -0.906909 0.00373588
11.1403 17.7211 0.376656 -0.420459 -0.90731 -0.00166059
11.1628 17.7099 -0.695246 -0.427192 -0.904161 0.00014575
11.1982 17.6931 -1.7167 -0.427257 -0.90413 -0.000522731
11.1963 17.6965 -2.87761 -0.425572 -0.904917 -0.00371641
11.154 17.7208 -4.24188 -0.418874 -0.908033 -0.00417437
10.9586 17.8127 -5.14059 -0.408266 -0.912858 -0.000429546
10.0653 18.2129 -5.40869 -0.407987 -0.912982 -0.00323426
9.05606 18.6615 -5.49749 -0.405075 -0.914267 -0.0054921
8.00213 19.1116 -5.53735 -0.387038 -0.922063 0.00136064
6.97118 19.5398 -5.49096 -0.3708 -0.928694 0.0043271
5.96559 19.9383 -5.44233 -0.364783 -0.931081 0.00250189
4.67864 20.4335 -5.4695 -0.341066 -0.939856 0.00325852
3.43277 20.8609 -5.47647 -0.324418 -0.945881 0.00793783
2.49989 21.1556 -5.53088 -0.299532 -0.954081 -0.00322996
1.20137 21.5136 -5.6154 -0.239167 -0.97071 -0.00168564
0.175168 21.7478 -5.58028 -0.217953 -0.97581 0.0133772
-0.722442 21.9403 -5.47809 -0.18919 -0.981691 0.0078184
-1.64637 22.0922 -5.47938 -0.119744 -0.992771 0.00819677
-2.62579 22.2101 -5.55288 -0.121548 -0.992544 0.00479416
-4.16673 22.3607 -5.49018 -0.0708227 -0.997465 -0.00685844
-5.36495 22.4396 -5.49889 -0.0545817 -0.998504 -0.00322664
-6.46124 22.48 -5.45699 -0.026355 -0.99965 0.00183012
-7.54356 22.5049 -5.41563 0.00119565 -0.999903 5.26632e-05
-8.60378 22.4954 -5.37524 0.0186978 -0.999742 0.00595282
-9.87944 22.4574 -5.40544 0.0605123 -0.997677 0.00039902
-11.0728 22.3477 -5.45512 0.103775 -0.994526 -0.00356981
-12.5234 22.1794 -5.50368 0.122531 -0.992385 0.00468221
-12.9548 22.1148 -5.49776 0.159799 -0.987142 0.00312242
-12.9005 22.1195 -6.26349 0.144408 -0.989352 0.00951876
-11.9797 22.2401 -6.25452 0.129698 -0.991457 0.0138032
-10.8139 22.3738 -6.2468 0.0921858 -0.995738 -0.00270067
-9.36458 22.4698 -6.13027 0.0294715 -0.999558 0.00391963
-8.45404 22.497 -6.18847 0.0194906 -0.999809 -0.00147775
-7.53848 22.4993 -6.19015 -0.010773 -0.999916 0.00713873
-6.31319 22.474 -6.23678 -0.0272117 -0.999626 0.0025573
-5.13135 22.4282 -6.25511 -0.0577785 -0.998329 -0.001055
-3.89025 22.3463 -6.25917 -0.0822228 -0.996528 -0.000442795
-2.78084 22.2314 -6.31378 -0.125566 -0.992081 -0.00124654
-1.71341 22.0939 -6.25888 -0.123784 -0.992284 0.00422513
-0.673394 21.9134 -6.27343 -0.208372 -0.97774 0.024613
0.273317 21.7248 -6.41278 -0.216523 -0.97627 -0.00387617
1.19002 21.5151 -6.39893 -0.247312 -0.968786 0.00353417
2.09972 21.2679 -6.32012 -0.261176 -0.965282 0.000380648
3.06972 20.9735 -6.20978 -0.311031 -0.950347 0.00998112
4.02821 20.6553 -6.19492 -0.326992 -0.945025 -0.00190834
4.93278 20.3376 -6.25362 -0.349595 -0.936769 0.00208088
5.88201 19.9678 -6.20096 -0.362003 -0.932167 -0.000497883
6.83763 19.5877 -6.23653 -0.373249 -0.927703 0.00722248
7.75032 19.2162 -6.27237 -0.387794 -0.921743 0.00201803
9.06615 18.6615 -6.23992 -0.396813 -0.917845 -0.00140827
10.0239 18.2341 -6.17794 -0.40789 -0.913025 -0.00317591
11.0037 17.7904 -6.07788 -0.421854 -0.906661 0.0023482
11.8065 17.4143 -5.52142 -0.427305 -0.904105 -0.00188665
11.8428 17.4027 -4.14759 -0.422949 -0.906134 0.00137478
11.8726 17.3809 -2.93244 -0.419472 -0.907752 -0.00535794
11.8617 17.3815 -1.92505 -0.416936 -0.908933 -0.0016823
11.835 17.3923 -0.756946 -0.427119 -0.904195 3.26631e-05
11.8175 17.4034 0.287062 -0.426407 -0.904526 0.0029626
11.8613 17.3888 1.77265 -0.420643 -0.907215 0.0045748
11.8105 17.411 3.0746 -0.417196 -0.908799 -0.00486979
11.879 17.38 4.12003 -0.413879 -0.91031 0.00633301
11.7402 17.4555 5.56191 -0.422494 -0.906348 0.00562759
10.735 17.9276 6.13815 -0.42233 -0.906423 0.00582555
9.85354 18.3293 6.2292 -0.410009 -0.91208 0.00178911
8.52304 18.9132 6.19052 -0.390373 -0.920635 -0.00629029
7.31384 19.4188 6.21188 -0.380824 -0.924646 -0.00155638
6.0235 19.9332 6.2368 -0.361343 -0.932431 -0.00208671
5.16475 20.2656 6.24318 -0.343805 -0.939016 -0.00247994
3.92407 20.7129 6.16344 -0.335949 -0.941862 0.00361418
2.44071 21.1789 6.25405 -0.292141 -0.956355 0.00285597
1.55813 21.419 6.27626 -0.255461 -0.966676 0.0166455
0.682776 21.651 6.245 -0.230827 -0.972592 -0.00354229
-0.725895 21.9476 6.18877 -0.188927 -0.981807 0.00618784
-1.9882 22.1661 6.28017 -0.146781 -0.988898 0.00694934
-3.39333 22.3436 6.1937 -0.128297 -0.991726 -0.00111322
-4.45749 22.4221 6.17458 -0.0652769 -0.997811 0.0105641
-5.43136 22.4781 6.26771 -0.0528686 -0.998562 0.00871344
-6.34316 22.4966 6.25808 -0.017262 -0.999802 -0.00990441
-7.28554 22.5129 6.2491 -0.0135134 -0.999877 -0.00540841
-8.24408 22.4934 6.22984 0.0216125 -0.99974 -0.00399228
-9.39903 22.4501 6.18544 0.0619608 -0.998073 -0.00346068
-10.4957 22.3751 6.15249 0.0731557 -0.997319 -0.00157215
-11.6278 22.2744 6.22607 0.108543 -0.99409 0.00190875
-12.6831 22.1464 6.25384 0.154187 -0.987997 -0.00407066
-13.7511 21.9748 6.29249 0.182579 -0.982867 -0.00304901
-14.7988 21.7536 6.31016 0.213451 -0.976892 -0.000961064
-15.8669 21.5044 6.26287 0.231695 -0.972772 0.00560797
-16.8832 21.2281 6.30436 0.290475 -0.956599 -0.0233099
-18.0549 20.8561 6.26692 0.310256 -0.950607 -0.00935201
-19.4411 20.379 6.24292 0.343213 -0.939248 0.00434764
-20.3403 20.0483 6.18968 0.354013 -0.935227 -0.00159679
-21.3495 19.6605 6.18754 0.383707 -0.923454 0.00121254
-22.1796 19.3161 6.25394 0.383223 -0.923655 0.000662259
-23.5023 18.7468 6.20362 0.403842 -0.914829 0.000458826
-24.6475 18.2374 6.19073 0.40924 -0.912422 0.00260546
-25.9044 17.6666 6.11231 0.418413 -0.908246 0.00330749
-26.5275 17.3797 5.47603 0.418055 -0.908421 0.000243252
-26.6246 17.3367 4.51044 0.417575 -0.908606 -0.00642285
-26.5592 17.3714 3.46319 0.420912 -0.907088 0.00102704
-26.5537 17.3663 2.00703 0.422445 -0.906379 -0.000260255
-26.5841 17.3584 0.639877 0.420329 -0.907365 -0.00332899
-26.5338 17.3813 -0.292735 0.41945 -0.907777 0.00155386
-26.4681 17.4096 -1.51917 0.428348 -0.903613 0.0011699
-26.4949 17.3949 -2.47844 0.4287 -0.903441 0.00325124
-26.5218 17.3783 -3.45249 0.428518 -0.903526 0.00360457
-26.5071 17.382 -4.38215 0.428111 -0.903724 0.00029052
-26.4219 17.4237 -5.38977 0.429005 -0.903301 0.000189175
-25.9456 17.6588 -6.18033 0.4301 -0.902733 -0.00935726
-25.0132 18.1028 -6.22249 0.417916 -0.908477 0.00380858
-23.6793 18.7026 -6.20157 0.401282 -0.915953 0.00202816
-22.534 19.1996 -6.19055 0.392922 -0.919566 -0.00321729
-21.368 19.675 -6.21159 0.362328 -0.932034 -0.00554426
-20.4505 20.0287 -6.2018 0.355207 -0.934762 -0.00693231
-19.1303 20.5068 -6.32302 0.323347 -0.946216 -0.0110039
-18.1553 20.8441 -6.32812 0.322229 -0.946628 0.00779997
-17.1848 21.1589 -6.36103 0.279419 -0.96014 0.00757024
-16.2031 21.4384 -6.29045 0.259024 -0.965575 0.0195778
-15.3186 21.6696 -6.2077 0.227957 -0.973145 0.0204978
-14.0748 21.9333 -6.22588 0.181847 -0.982883 0.000723901
-13.5317 22.0179 -6.24674 0.159118 -0.987246 0.00523435
-13.4443 22.0343 -7.03674 0.153182 -0.98819 -0.00393256
-11.903 22.2562 -7.00904 0.130487 -0.991075 -0.0272724
-10.6081 22.3935 -7.00005 0.0921949 -0.995741 0.00068874
-9.60336 22.4635 -6.94318 0.0378033 -0.999262 0.00231988
-8.46059 22.498 -6.97172 0.0194917 -0.999809 -0.00147683
-7.38833 22.4977 -6.93212 -0.0094025 -0.999956 -0.000286466
-6.27087 22.4739 -6.97638 -0.0277881 -0.999613 -0.00161258
-5.18839 22.4338 -6.97934 -0.0490436 -0.998717 0.00171626
-3.85261 22.3381 -7.05563 -0.093547 -0.995599 0.00567922
-2.73734 22.2275 -7.05248 -0.114969 -0.993239 0.00488909
-1.39679 22.038 -7.02017 -0.164995 -0.986128 0.0174691
-0.355657 21.8467 -7.16281 -0.165755 -0.986093 -0.0121026
0.734003 21.6155 -7.18373 -0.232728 -0.972482 0.0107908
2.08314 21.2753 -7.06641 -0.276027 -0.960984 0.00508041
2.97078 21.0078 -6.94962 -0.302087 -0.953124 0.0021968
3.95066 20.6835 -6.92514 -0.318664 -0.947828 -0.0066717
4.88934 20.3455 -7.07087 -0.336395 -0.94168 0.00873397
5.85054 19.9838 -6.96337 -0.368299 -0.929682 -0.00155942
6.94269 19.5434 -6.98517 -0.374011 -0.927423 0.00143164
7.80632 19.1934 -6.99204 -0.382047 -0.924112 0.00064244
8.63952 18.8422 -6.97869 -0.392359 -0.919791 0.00177653
10.093 18.204 -6.94455 -0.407918 -0.913018 9.93744e-05
11.3169 17.6482 -6.84634 -0.422128 -0.906486 -0.00953548
12.2114 17.2292 -6.76955 -0.420239 -0.90741 -0.00247368
12.5176 17.0835 -5.63749 -0.419242 -0.907864 -0.00437909
12.5232 17.0795 -4.7151 -0.424946 -0.905199 0.0059808
12.518 17.0861 -3.48966 -0.425186 -0.905105 0.00087069
12.5624 17.0599 -2.50396 -0.418538 -0.908192 -0.00267629
12.5538 17.0631 -1.43592 -0.416934 -0.908934 -0.00168088
12.5163 17.0783 -0.259936 -0.416679 -0.909048 0.00191541
12.5082 17.086 0.647619 -0.417844 -0.90851 0.00400759
12.5616 17.0661 1.74424 -0.41786 -0.908504 0.00378016
12.5278 17.0846 2.87587 -0.41793 -0.908468 -0.000131569
12.5846 17.0597 4.19429 -0.417283 -0.908758 0.00270895
12.5458 17.0769 5.10626 -0.42274 -0.906234 0.00561385
12.4566 17.1219 6.31232 -0.427376 -0.904073 -0.000861032
11.7759 17.4439 6.91939 -0.427564 -0.903985 0.000130884
10.807 17.9011 6.94176 -0.422129 -0.906493 0.00879906
9.31404 18.5739 6.95099 -0.410067 -0.912051 0.00273204
8.17862 19.06 6.92921 -0.390579 -0.920568 0.00173251
7.02474 19.5387 6.94361 -0.38034 -0.924845 0.00188904
5.91009 19.9788 6.9659 -0.361923 -0.932204 0.00263371
4.68926 20.4375 6.9613 -0.348464 -0.9373 -0.00636611
3.6312 20.8138 6.91804 -0.310623 -0.950403 0.0017355
2.08495 21.2855 7.03367 -0.287879 -0.957667 -0.000506617
1.16718 21.5349 7.00577 -0.241689 -0.970175 0.00659964
0.23525 21.7534 6.91148 -0.207661 -0.977788 0.011953
-0.728522 21.9538 7.08644 -0.188928 -0.981806 0.00618992
-2.21906 22.2044 7.01616 -0.144458 -0.98928 0.00615063
-3.71213 22.3753 6.87076 -0.0886776 -0.996017 -0.00636767
-4.73443 22.4503 7.12801 -0.0584612 -0.998215 0.0100691
-5.89699 22.4909 7.01753 -0.0295762 -0.999556 -0.00363566
-6.82019 22.5077 6.98529 -0.00699822 -0.999886 -0.00288082
-7.79073 22.5045 6.95311 0.0036659 -0.999939 -0.0103805
-9.42929 22.445 6.94815 0.0503634 -0.998662 -0.011695
-10.5527 22.3689 6.93438 0.0726222 -0.997356 -0.00273881
-11.4927 22.2899 7.00108 0.101144 -0.9948 -0.00598159
-12.5268 22.1609 7.06096 0.149663 -0.988673 -0.0112316
-13.5869 22.0022 6.99236 0.174455 -0.984192 -0.00851811
-15.0781 21.6888 7.06235 0.2061 -0.978512 -0.00612933
-16.2034 21.414 7.14794 0.264903 -0.96375 -0.0158185
-17.6558 20.9812 6.99971 0.297322 -0.954619 -0.0109092
-18.9718 20.5505 6.99053 0.312666 -0.94983 -0.00789851
-20.2924 20.067 6.92383 0.349252 -0.937029 -4.25099e-06
-21.1436 19.7477 7.00132 0.36867 -0.929407 0.00237502
-22.2599 19.2815 7.07139 0.388475 -0.921457 -0.000680347
-23.085 18.9317 7.00817 0.400769 -0.916174 0.000818391
-24.406 18.349 6.96029 0.406417 -0.913678 0.00282754
-25.3582 17.9233 6.99713 0.407364 -0.913253 0.00485349
-26.606 17.3419 6.86174 0.423275 -0.905963 -0.00382025
-27.2146 17.07 5.77315 0.411407 -0.911424 -0.00381575
-27.2853 17.0315 4.074 0.415552 -0.909533 0.00116923
-27.2401 17.0524 2.9098 0.420457 -0.907293 0.00585619
-27.2587 17.0416 1.68229 0.417516 -0.908663 -0.00294066
-27.255 17.0478 0.739191 0.418823 -0.908058 -0.00428266
-27.2116 17.0615 -0.171978 0.428381 -0.903588 0.00438937
-27.1386 17.0921 -1.2669 0.427997 -0.903778 0.00202418
-27.2784 17.0224 -2.64677 0.428881 -0.903356 0.00289665
-27.2576 17.0285 -3.65558 0.428002 -0.903773 0.00267818
-27.1867 17.0602 -4.58807 0.427486 -0.90402 0.0017509
-27.1936 17.0566 -5.61557 0.429273 -0.903173 0.00154675
-27.1745 17.0736 -6.49641 0.441595 -0.897209 0.00307087
-26.1492 17.5705 -7.02467 0.430046 -0.902762 -0.00899534
-25.199 18.016 -6.99885 0.417755 -0.908558 -0.00126679
-23.7948 18.6576 -6.96132 0.407871 -0.913009 -0.00239793
-22.4577 19.2348 -6.94799 0.387219 -0.921954 0.00140177
-21.574 19.5993 -6.9853 0.381518 -0.924342 0.00602216
-20.6497 19.9555 -6.90084 0.345576 -0.938383 0.00176587
-19.7274 20.2985 -7.04767 0.349109 -0.937077 0.00303074
-18.83 20.6179 -7.04985 0.323348 -0.946216 -0.011003
-17.9396 20.9127 -7.05449 0.323094 -0.946344 0.00661602
-17.0647 21.1878 -7.13098 0.282164 -0.959346 0.00475298
-15.7101 21.56 -7.01073 0.255412 -0.96623 -0.0341134
-14.6964 21.7951 -7.01568 0.21053 -0.977572 0.00539852
-13.5578 22.0167 -7.04272 0.153183 -0.98819 -0.00393254
-11.194 22.3489 -0.121967 0.115653 -0.99326 -0.00362627
-10.8733 22.3832 -0.101761 0.0887922 -0.995944 -0.0091721
-10.9899 22.3719 -0.106635 0.103925 -0.994554 0.000538626
-9.84943 22.4654 -0.0262909 0.0813259 -0.996531 -0.0176647
-9.84395 22.467 -0.0905588 0.0813252 -0.996531 -0.0176634
-9.10446 22.4939 0.0296982 0.0324017 -0.99945 -0.00563386
-7.67184 22.5213 0.319079 0.0190238 -0.999805 -0.00234823
-8.9577 22.4974 0.184707 0.0253883 -0.999619 -0.00453103
-9.07674 22.4936 0.178394 0.0339718 -0.999371 -0.00995722
-7.46925 22.5227 0.280794 -0.0110582 -0.999922 0.00562177
-6.65856 22.5131 0.0789535 -0.0230148 -0.999621 0.00791439
-5.10055 22.4558 -0.132276 -0.0445388 -0.998915 0.0091178
-4.16632 22.3949 -0.183101 -0.0683485 -0.997661 -0.000189857
-3.11977 22.3083 0.101518 -0.10229 -0.994693 0.011102
-3.65688 22.3608 0.11156 -0.0815119 -0.996571 0.000628401
-4.88126 22.4447 0.210032 -0.0687959 -0.997615 0.00556978
-5.86672 22.4829 -0.119735 -0.0358283 -0.999316 0.00918024
-6.63229 22.5146 0.345186 -0.0230157 -0.999621 0.00791448
-7.10861 22.5179 0.109586 -0.0102014 -0.999926 0.00665495
-2.49959 22.2356 -0.193586 -0.137303 -0.990447 0.0127848
-1.50667 22.0902 0.282238 -0.151727 -0.988409 -0.00508985
-0.471393 21.9069 0.370158 -0.19657 -0.980416 -0.011992
0.786469 21.6352 0.518062 -0.248909 -0.968372 0.00703158
1.99298 21.3075 0.560541 -0.269325 -0.962995 0.00418421
3.28266 20.9077 0.552047 -0.305463 -0.952159 -0.00923022
4.16735 20.6124 0.571665 -0.32927 -0.944205 -0.00193644
5.18618 20.2505 0.536198 -0.348369 -0.937233 -0.00107244
6.27009 19.8285 0.187298 -0.36112 -0.932508 0.0045255
5.29484 20.2062 0.0613221 -0.36181 -0.932243 0.0040711
4.15842 20.6138 -0.0875913 -0.32361 -0.946188 0.00234123
3.25078 20.9242 -0.0938889 -0.314536 -0.949174 -0.00344292
2.37693 21.1899 -0.155196 -0.276612 -0.960934 0.00956365
1.50702 21.4403 -0.149008 -0.269326 -0.962995 0.00418491
0.33424 21.7351 -0.107438 -0.235779 -0.971687 0.0152586
-0.797685 21.97 -0.144337 -0.170207 -0.985388 0.00632959
-1.9522 22.1607 -0.117299 -0.144515 -0.989428 0.00384546
-2.1408 22.1868 -0.116974 -0.137303 -0.990447 0.0127848
