-21.6392 21.3636 0.364031 0.373243 -0.927669 -0.0014199
-21.6087 21.3771 -0.416443 0.373245 -0.927668 -0.00141983
-22.7273 20.9128 -0.3572 0.383413 -0.923576 -0.00115686
-22.1937 21.1333 0.365919 0.383533 -0.923526 -0.00135665
-21.6695 21.351 0.38517 0.383413 -0.923576 -0.00115686
-21.7167 21.3298 1.0666 0.37526 -0.926877 -0.00329861
-22.7412 20.905 1.01532 0.386883 -0.922121 -0.00138567
-23.5945 20.5449 0.031026 0.390304 -0.920685 -0.00123657
-23.2131 20.7078 -1.07884 0.391446 -0.920198 -0.00188667
-22.1175 21.1685 -1.16027 0.382599 -0.923907 -0.00380203
-21.229 21.5271 -1.11207 0.365569 -0.930779 -0.000806667
-20.5992 21.7703 -0.283406 0.363379 -0.931638 -0.00239082
-20.8109 21.6874 0.786002 0.363996 -0.9314 0.000404002
-21.588 21.3806 1.0725 0.367654 -0.929953 -0.00432691
-21.6491 21.3539 1.77603 0.373109 -0.927752 -0.00504552
-20.755 21.7076 1.76223 0.362695 -0.931868 -0.00558473
-19.9795 22.0089 1.17923 0.356233 -0.934368 -0.00742436
-19.8982 22.0414 0.231719 0.361529 -0.932352 -0.002638
-20.0055 22.0054 -1.10588 0.364719 -0.931111 -0.00333888
-20.7598 21.7131 -1.80962 0.365625 -0.930723 -0.00667
-21.8863 21.2663 -1.84646 0.374471 -0.927206 -0.000744991
-22.8738 20.855 -1.88465 0.392774 -0.919632 -0.00229823
-23.9087 20.4107 -1.6131 0.396047 -0.918223 -0.00353596
-24.2556 20.2612 -0.648291 0.398857 -0.917008 0.000277853
-24.2574 20.2602 0.603181 0.400342 -0.916365 -4.42713e-05
-23.77 20.4719 1.54485 0.393724 -0.919206 0.000471524
-22.642 20.9432 1.74054 0.38345 -0.923544 -0.00564396
-21.8599 21.2679 1.75631 0.38089 -0.92459 -0.00683398
-21.9525 21.2238 2.46889 0.378343 -0.925631 -0.00802467
-22.9309 20.819 2.43628 0.383458 -0.923541 -0.00564419
-24.1861 20.2891 2.44561 0.399467 -0.916744 -0.0022755
-24.8237 20.012 1.81961 0.402603 -0.915369 -0.00146137
-24.9337 19.9641 0.661622 0.401165 -0.916006 0.000627703
-24.9281 19.9665 -0.759752 0.403539 -0.914957 0.0011184
-24.862 19.9953 -1.72924 0.403614 -0.914928 -0.00140852
-24.1495 20.3101 -2.47473 0.399656 -0.916653 -0.00222853
-23.3012 20.6738 -2.59128 0.392965 -0.919552 -0.00169706
-22.3916 21.0608 -2.61432 0.380122 -0.924931 -0.00274157
-21.4955 21.4239 -2.58143 0.372616 -0.927984 -0.00151374
-20.1032 21.9721 -2.49324 0.360603 -0.932694 -0.00693969
-19.3971 22.2434 -2.03648 0.343826 -0.938801 0.000216977
-19.2581 22.2914 -1.08184 0.322235 -0.946629 -0.00496006
-19.2366 22.2926 -0.0411379 0.316976 -0.948422 -0.00470948
-19.227 22.2942 0.897971 0.330698 -0.943648 -0.00161868
-19.3796 22.2254 2.06441 0.340413 -0.94024 -0.00651476
-20.3014 21.8761 2.52704 0.360292 -0.932835 0.00283436
-21.219 21.5223 2.54905 0.362697 -0.931867 -0.00558779
-21.6799 21.335 2.49447 0.378343 -0.925631 -0.00802428
-21.7562 21.3007 3.20798 0.380314 -0.924856 -0.00144863
-22.7274 20.9017 3.15628 0.380269 -0.924876 -0.000163355
-24.1286 20.3116 3.22454 0.398995 -0.916948 -0.0029265
-24.9607 19.9491 3.23212 0.402754 -0.915294 -0.00353848
-25.4815 19.7195 2.50108 0.405571 -0.914062 -0.00170675
-25.5866 19.6742 1.59883 0.405014 -0.914308 -0.00202166
-25.6045 19.6682 0.346601 0.404468 -0.914552 -0.000769598
-25.5877 19.6733 -0.937672 0.40479 -0.914406 0.000490122
-25.5406 19.6969 -2.31102 0.403614 -0.914928 -0.0014086
-24.8116 20.0217 -3.14218 0.402626 -0.915346 -0.00582191
-23.8051 20.4604 -3.28902 0.39526 -0.918564 -0.00163418
-22.3517 21.0763 -3.33552 0.386555 -0.92226 0.00338898
-21.4983 21.424 -3.32481 0.371755 -0.928329 -0.000119247
-20.4719 21.8303 -3.27255 0.361765 -0.932265 0.00292184
-19.5904 22.1713 -3.18859 0.343037 -0.939158 0.00150361
-18.7863 22.4512 -2.87814 0.327014 -0.945005 0.00527363
-18.5481 22.5344 -2.02272 0.3242 -0.945989 0.000382493
-18.5608 22.5214 -0.546385 0.32027 -0.94727 -0.0103061
-18.5272 22.529 0.451278 0.322619 -0.946496 0.00789022
-18.524 22.5394 1.56838 0.330697 -0.943649 -0.00161587
-18.6631 22.4806 2.78098 0.329212 -0.944214 -0.00886108
-19.5675 22.1541 3.29715 0.343016 -0.939327 -0.0023069
-20.5517 21.7818 3.29502 0.363416 -0.931614 -0.000740417
-21.3626 21.4625 3.24978 0.373426 -0.927625 -0.00287895
-21.2142 21.5196 3.99593 0.370316 -0.928888 -0.0020294
-22.1873 21.1237 3.94891 0.379595 -0.925153 -4.65742e-06
-23.1326 20.7351 3.91354 0.384179 -0.923229 -0.00436181
-24.1012 20.3206 3.95568 0.400139 -0.916452 -0.00235685
-25.1542 19.8608 3.98661 0.400397 -0.916337 -0.00271532
-25.9739 19.4977 3.75733 0.406289 -0.913741 -0.0027354
-26.2014 19.3994 2.63918 0.404339 -0.914605 -0.00237957
-26.284 19.3661 1.46361 0.402434 -0.915447 -0.00183807
-26.266 19.3732 -0.00503923 0.408622 -0.912701 0.00218256
-26.2829 19.3647 -1.26326 0.408023 -0.912971 -0.00133672
-26.2615 19.3757 -2.18755 0.408112 -0.912931 -0.00142347
-26.2109 19.4013 -3.09154 0.407289 -0.913294 -0.00314708
-25.5085 19.716 -3.88628 0.40616 -0.913797 -0.00288287
-24.6714 20.0877 -3.96372 0.400526 -0.916256 -0.00482006
-23.5746 20.5616 -4.03265 0.394124 -0.919034 -0.00596422
-22.568 20.9864 -4.06103 0.388069 -0.921603 -0.00710546
-21.5479 21.4044 -4.06621 0.367704 -0.929927 -0.00540032
-20.6372 21.7638 -4.03537 0.360489 -0.932745 0.00527081
-19.705 22.1233 -3.9545 0.349669 -0.936773 0.00902236
-18.3741 22.5959 -3.79915 0.322351 -0.946588 -0.00231169
-17.8745 22.7576 -2.98761 0.299614 -0.953954 -0.00751616
-17.8294 22.7759 -1.70785 0.291248 -0.956629 -0.00146272
-17.8614 22.759 -0.79909 0.28862 -0.957411 -0.00792035
-17.8169 22.77 0.704883 0.312669 -0.949853 0.00424883
-17.8264 22.7711 1.91673 0.311754 -0.950161 0.00171853
-17.9253 22.7315 3.20896 0.301783 -0.953332 -0.00927804
-18.7196 22.4568 4.04341 0.32646 -0.945203 0.00384885
-19.6588 22.1226 4.07116 0.34622 -0.938141 0.00475493
-20.5816 21.7683 4.02999 0.365789 -0.930698 0.000153471
-20.9504 21.6233 4.01009 0.365788 -0.930698 0.000154069
-20.9016 21.6426 4.74622 0.370317 -0.928888 -0.00203281
-22.2747 21.0878 4.65963 0.377221 -0.926115 -0.00211055
-23.1516 20.7201 4.64907 0.388029 -0.921606 -0.00871496
-24.0268 20.3512 4.69276 0.394083 -0.919029 -0.00553765
-25.2966 19.796 4.75801 0.40066 -0.916222 -0.00307052
-26.2857 19.3565 4.60384 0.403019 -0.915181 -0.00273534
-26.8759 19.1023 3.54648 0.39975 -0.91662 -0.00273609
-26.9219 19.0833 2.3139 0.402757 -0.915303 -0.00276865
-26.974 19.0602 1.14147 0.409392 -0.912337 0.00626984
-26.9522 19.066 0.110805 0.409572 -0.912277 0.000976831
-26.9896 19.0487 -1.0609 0.407934 -0.91301 -0.0012512
-26.9449 19.0701 -2.1075 0.408025 -0.91297 -0.00133843
-26.9235 19.083 -3.05144 0.407745 -0.913089 -0.00356074
-26.8728 19.1091 -3.95377 0.420527 -0.907278 -0.001579
-26.3151 19.3604 -4.59634 0.406578 -0.913605 -0.00441418
-24.9599 19.9615 -4.69403 0.404853 -0.91438 -0.00195257
-24.064 20.3562 -4.72959 0.394124 -0.919034 -0.00596421
-22.9668 20.8241 -4.79114 0.390059 -0.920769 -0.00567429
-21.9689 21.236 -4.80743 0.376694 -0.926338 -0.000337364
-20.7756 21.7064 -4.76973 0.357156 -0.934038 0.00370632
-19.7971 22.0818 -4.68589 0.34967 -0.936773 0.00902217
-18.5763 22.5263 -4.64012 0.33634 -0.941705 0.0044151
-17.3676 22.9352 -4.4645 0.317991 -0.94806 -0.00807049
-17.1331 23.0001 -3.25546 0.304841 -0.952227 -0.018309
-17.0734 23.0069 -2.25516 0.291251 -0.956628 -0.00146408
-17.1027 22.9921 -1.32909 0.288365 -0.957494 -0.00706156
-17.1341 22.9737 0.0640163 0.289806 -0.956878 0.0118999
-17.0731 23.0168 1.14128 0.312213 -0.950007 0.00298378
-17.1211 22.9869 2.25587 0.291901 -0.956324 -0.0154515
-17.158 22.9735 3.3051 0.29761 -0.954655 -0.00481793
-17.3422 22.9106 4.37822 0.304355 -0.952559 0.000612099
-18.1409 22.6486 4.77467 0.309169 -0.950963 -0.00918383
-19.2449 22.2781 4.81841 0.317983 -0.948075 -0.00584754
-20.1238 21.9429 4.78722 0.357663 -0.933835 -0.00543348
-20.6466 21.7428 4.76005 0.361726 -0.932266 -0.00264194
-20.6219 21.7498 5.49919 0.362309 -0.932042 -0.00384965
-19.3116 22.2529 5.55205 0.337516 -0.94106 -0.00244749
-18.3161 22.5854 5.53011 0.312572 -0.949876 -0.00418038
-17.0257 23.0067 5.42598 0.310178 -0.950658 -0.00617303
-16.4685 23.1593 4.76954 0.230347 -0.973107 -0.00191235
-16.4398 23.1726 3.57493 0.238626 -0.970991 -0.0152259
-16.3755 23.2094 2.34508 0.235744 -0.971708 -0.0139323
-16.3444 23.2152 1.37255 0.245316 -0.969436 0.00379893
-16.4271 23.1889 0.14366 0.289808 -0.956878 0.0118981
-16.384 23.206 -0.821396 0.269674 -0.962663 0.00218042
-16.3378 23.2141 -2.04497 0.258536 -0.965998 0.00278187
-16.3851 23.2146 -3.33608 0.26079 -0.965293 -0.0140489
-16.4586 23.1883 -4.54038 0.255461 -0.966712 0.0144102
-17.4711 22.9075 -5.43286 0.276046 -0.960904 0.000827637
-18.5965 22.5154 -5.42264 0.336339 -0.941705 0.0044142
-19.6676 22.1286 -5.44906 0.348604 -0.937195 -0.00120396
-20.9403 21.6406 -5.52294 0.357145 -0.934043 0.00341953
-22.2659 21.1156 -5.53803 0.376761 -0.92631 -0.000648436
-23.261 20.7002 -5.51432 0.392711 -0.919662 -0.000461408
-24.286 20.2623 -5.47088 0.392998 -0.919539 -0.000330116
-25.218 19.8561 -5.4283 0.405739 -0.913926 -0.0104846
-26.3919 19.3306 -5.38879 0.411333 -0.911479 -0.00239152
-27.3491 18.8899 -5.31636 0.419916 -0.907548 -0.00514563
-27.613 18.7658 -3.84533 0.420612 -0.90724 -0.00117377
-27.6101 18.7652 -2.92994 0.420444 -0.907316 -0.00198502
-27.6685 18.7439 -1.79808 0.412883 -0.910775 0.00225697
-27.6842 18.7362 -0.691415 0.4103 -0.911948 0.00101994
-27.6393 18.7581 0.565593 0.409167 -0.912459 0.000848726
-27.6834 18.7421 1.50937 0.412689 -0.910863 0.00402006
-27.5921 18.7856 2.58068 0.411731 -0.911303 0.00211438
-27.6171 18.7765 3.76133 0.411229 -0.911528 0.00250492
-27.3967 18.8626 5.13513 0.405536 -0.914035 -0.0087854
-26.3766 19.3149 5.41567 0.406945 -0.913452 -0.000606344
-25.5161 19.6967 5.46927 0.405907 -0.913912 -0.00118358
-24.3835 20.1938 5.46652 0.401473 -0.91587 -0.00113587
-23.5469 20.5527 5.40525 0.388781 -0.921329 0.00141642
-22.6855 20.9162 5.38071 0.386641 -0.922226 4.19449e-05
-21.3898 21.4459 5.49208 0.373902 -0.927466 0.00216732
-21.1815 21.5299 5.49927 0.369842 -0.929076 -0.00153353
-21.1357 21.5436 6.26029 0.365782 -0.930686 -0.00523199
-22.4255 21.0233 6.14745 0.3845 -0.923124 -0.00133079
-23.6706 20.4987 6.18221 0.39247 -0.919762 -0.00221525
-24.7585 20.0287 6.24563 0.401041 -0.91606 -0.000327
-25.5896 19.6636 6.27869 0.403796 -0.914848 -0.00112762
-26.696 19.1745 6.184 0.403389 -0.915011 0.00564107
-27.7084 18.7281 6.11533 0.402461 -0.915421 0.0054835
-28.3042 18.464 5.35012 0.400484 -0.916304 -0.000759079
-28.3763 18.4333 4.37636 0.403854 -0.914794 -0.00486352
-28.3082 18.4638 3.40702 0.410808 -0.911716 0.00326937
-28.338 18.4474 2.16814 0.411809 -0.911267 0.00248731
-28.3482 18.4406 0.93507 0.408932 -0.912565 0.000357932
-28.3237 18.451 -0.104777 0.409034 -0.912517 0.0016312
-28.3905 18.4179 -1.24523 0.410301 -0.911948 0.00101935
-28.2927 18.4571 -2.26541 0.414484 -0.910045 0.00465775
-28.3005 18.4484 -3.35201 0.410241 -0.911959 0.00317934
-28.3265 18.4377 -4.32345 0.412596 -0.91091 -0.00270182
-28.3525 18.4291 -5.60993 0.415359 -0.909641 -0.00415533
-27.3843 18.8788 -6.22445 0.418837 -0.908041 -0.00592991
-26.2035 19.4169 -6.18894 0.413081 -0.910694 -0.00106476
-25.3228 19.8138 -6.18492 0.409584 -0.912265 -0.00371728
-24.3681 20.2273 -6.245 0.39349 -0.919328 0.000980121
-23.4448 20.6221 -6.26596 0.388614 -0.921381 0.00266274
-21.9646 21.2387 -6.25631 0.380639 -0.924705 0.00256882
-21.0909 21.5775 -6.2642 0.361051 -0.932527 0.00026412
-19.9649 22.0122 -6.25453 0.359164 -0.933272 0.00225683
-18.9642 22.385 -6.21207 0.33387 -0.942602 -0.00161655
-17.7114 22.8231 -6.21824 0.33039 -0.943843 0.00181065
-16.6091 23.1457 -6.24818 0.25496 -0.966916 -0.00742054
-15.8557 23.3396 -5.84861 0.251979 -0.967718 -0.00532553
-15.6788 23.3907 -4.78694 0.232638 -0.971748 0.0288205
-15.6707 23.4021 -3.73724 0.251888 -0.967756 0.000984521
-15.6135 23.4126 -2.53347 0.261908 -0.965029 -0.0111067
-15.6172 23.4058 -1.44451 0.253094 -0.967434 -0.00386528
-15.6689 23.3931 -0.344962 0.235647 -0.971688 -0.00291225
-15.6389 23.3959 0.614764 0.223772 -0.974612 0.00758531
-15.5694 23.4089 1.7369 0.233276 -0.972362 -0.00968707
-15.6228 23.3848 2.78773 0.233178 -0.972369 -0.0112392
-15.7024 23.3509 3.79399 0.238947 -0.970934 -0.0138252
-15.652 23.3527 4.70568 0.230347 -0.973107 -0.00191289
-15.8061 23.3131 5.74373 0.217959 -0.975943 -0.00394776
-16.8599 23.0518 6.22087 0.241012 -0.970478 -0.00166554
-17.9906 22.6881 6.28781 0.308761 -0.951133 -0.00365393
-19.3795 22.2255 6.30705 0.33881 -0.940593 -0.00474506
-20.3569 21.8497 6.2613 0.36231 -0.932041 -0.00384979
-20.9756 21.6065 6.26021 0.365781 -0.930686 -0.00523286
-20.6944 21.7184 6.98628 0.365559 -0.930781 0.00356941
-22.2829 21.0832 6.92486 0.380514 -0.924759 -0.00214746
-23.2489 20.68 6.89433 0.392941 -0.919562 0.00156018
-24.5249 20.1302 7.02906 0.397095 -0.917774 -0.00264969
-25.342 19.7719 7.08123 0.404039 -0.914741 -0.00135548
-26.1733 19.4046 6.98585 0.404281 -0.914634 -0.00158448
-27.2819 18.918 6.95787 0.396985 -0.917783 0.00318752
-28.2712 18.4772 6.96279 0.408483 -0.912756 -0.00436738
-28.965 18.1768 6.14937 0.393074 -0.919505 -0.0016543
-29.0766 18.1283 5.18703 0.397378 -0.917654 -0.00106902
-29.0672 18.1286 3.68411 0.399327 -0.916785 0.00658706
-29.0678 18.1235 2.57362 0.399165 -0.916875 -0.00272706
-29.057 18.1249 1.0971 0.403968 -0.914762 0.00447981
-29.0394 18.1317 -0.00123147 0.406231 -0.913769 0.00109151
-29.0299 18.1344 -1.08597 0.405107 -0.914269 0.000457165
-28.9944 18.1464 -2.09678 0.401736 -0.91573 0.00679935
-28.9792 18.147 -3.29759 0.405988 -0.913876 0.00206119
-29.1941 18.0459 -4.72326 0.412778 -0.910829 -0.00214947
-29.0522 18.1122 -6.20784 0.414079 -0.91024 0.000341928
-28.3745 18.4269 -6.86516 0.426538 -0.90447 0.000686657
-27.5154 18.8243 -7.0082 0.417751 -0.908537 -0.0067399
-26.659 19.2108 -7.01409 0.412049 -0.911158 -0.00158354
-25.6987 19.6465 -6.96183 0.415659 -0.909514 -0.00148566
-24.6038 20.1255 -7.12081 0.396987 -0.917813 0.0022091
-23.3371 20.6666 -6.99769 0.388539 -0.921423 0.000653965
-22.5004 21.0155 -6.98798 0.38098 -0.924578 0.00312275
-21.0029 21.616 -6.99181 0.358011 -0.933702 -0.00313591
-20.0917 21.9622 -6.97289 0.358882 -0.933382 0.00145163
-19.0803 22.3431 -7.00268 0.336178 -0.941724 0.00796703
-17.9442 22.74 -7.01564 0.330042 -0.943965 0.00162206
-16.533 23.1773 -7.03855 0.273938 -0.961389 -0.00466442
-15.0882 23.5241 -6.67379 0.202425 -0.979226 0.0118897
-14.8973 23.5556 -5.78711 0.212594 -0.976737 -0.0280786
-14.8587 23.5638 -4.85639 0.209816 -0.976785 0.0432329
-14.9294 23.5581 -3.53786 0.189681 -0.981811 -0.00829917
-14.9103 23.5578 -2.44537 0.188257 -0.982111 0.0040515
-14.9038 23.5711 -1.53313 0.203633 -0.978949 0.00454869
-14.9106 23.5659 -0.275501 0.218672 -0.975735 -0.00718121
-14.8759 23.5711 0.61418 0.223772 -0.974612 0.00758715
-14.8154 23.5725 1.80262 0.183038 -0.983075 0.00772501
-14.8391 23.5639 2.817 0.212396 -0.976997 -0.0190743
-14.9434 23.5209 4.20184 0.217573 -0.975939 -0.0143324
-14.866 23.5278 5.11753 0.218904 -0.9757 -0.00924927
-15.0464 23.4828 6.53578 0.218199 -0.975904 -0.000275122
-15.9653 23.2837 7.11557 0.229297 -0.973212 0.00533126
-17.2597 22.9217 6.98195 0.281699 -0.95931 -0.0192523
-18.4858 22.5197 7.08856 0.318316 -0.947951 -0.00801614
-19.4795 22.1852 7.152 0.338809 -0.940593 -0.00474585
-19.9319 22.0115 7.00208 0.358726 -0.933441 -0.00175136
-20.6458 21.7375 6.98645 0.361973 -0.932177 0.00103331
