6.5009 21.5488 0.0607711 -0.372701 -0.927937 -0.00519532
7.20771 21.2667 0.413327 -0.373906 -0.927457 -0.000118305
8.1881 20.8668 0.274297 -0.382611 -0.923892 0.00118298
7.98054 20.9507 -0.409346 -0.37846 -0.925616 0.00192849
6.9544 21.3698 -0.4859 -0.37509 -0.926977 -0.00167107
6.5983 21.5104 -0.0524754 -0.372702 -0.927936 -0.00519539
5.63279 21.8872 -0.0968689 -0.346525 -0.938034 -0.00361886
5.95533 21.765 0.976011 -0.362415 -0.931983 -0.000992165
6.8573 21.4059 1.20479 -0.368902 -0.929467 0.000205002
7.75619 21.0431 1.18674 -0.377871 -0.925857 0.00109419
8.76813 20.6245 1.01677 -0.387726 -0.921772 0.00214664
9.10409 20.48 0.204303 -0.389479 -0.921015 0.00610331
8.94512 20.5428 -0.807689 -0.39276 -0.919641 -0.0002486
8.11967 20.8923 -1.10966 -0.378616 -0.925552 0.00173652
6.74053 21.4554 -1.25025 -0.377477 -0.926017 0.00185527
5.9455 21.7758 -1.14366 -0.346786 -0.937935 -0.00406186
5.65784 21.88 -0.627506 -0.346525 -0.938034 -0.00361985
4.8694 22.1705 -0.416002 -0.346785 -0.937936 -0.00406092
4.90654 22.1602 0.496188 -0.352225 -0.935907 0.00392929
5.14715 22.0714 1.48442 -0.354406 -0.935087 -0.00251694
5.97781 21.7552 2.00278 -0.350656 -0.93649 0.000186951
6.84191 21.4131 2.00221 -0.368113 -0.92978 0.00121241
7.77881 21.0355 1.98886 -0.378637 -0.925544 0.00140057
8.98227 20.5351 1.99089 -0.389137 -0.921179 0.00103027
9.66578 20.2454 1.57706 -0.399586 -0.916695 0.00121954
9.7619 20.2021 0.632431 -0.399144 -0.91688 0.00343243
9.91275 20.1299 -0.526254 -0.397777 -0.91747 0.00471416
9.83087 20.1628 -1.21845 -0.395756 -0.918348 0.0032968
8.77649 20.6124 -1.7026 -0.393834 -0.919172 0.004299
7.76725 21.0353 -1.88065 -0.382812 -0.923787 0.00591857
6.79269 21.4299 -2.03441 -0.374614 -0.927147 0.0079241
5.60311 21.899 -2.07502 -0.350812 -0.936426 0.00616866
4.92506 22.1531 -1.08038 -0.347048 -0.937836 -0.00450289
4.90927 22.1586 -1.02425 -0.347048 -0.937837 -0.00450302
4.15904 22.4356 -0.909664 -0.348525 -0.937293 -0.00199642
4.2134 22.4169 -1.99693 -0.344404 -0.938821 0.000727151
4.72376 22.2367 -2.83383 -0.349444 -0.936897 -0.0047296
5.83691 21.8086 -2.92051 -0.362963 -0.931794 0.00262153
7.08949 21.31 -2.76647 -0.371361 -0.928483 -0.00309349
8.02995 20.922 -2.63336 -0.388959 -0.921255 -0.000161183
9.06349 20.4856 -2.50496 -0.389795 -0.9209 0.000688322
9.87041 20.1405 -2.31337 -0.39413 -0.919044 0.00441974
10.6998 19.7851 -1.78505 -0.397383 -0.91765 0.0021758
11.3108 19.5198 -1.19532 -0.405729 -0.913973 0.00603069
10.7844 19.7531 -0.448557 -0.397063 -0.917782 0.00415025
10.5475 19.8593 0.532018 -0.400163 -0.916442 0.00173589
10.521 19.8731 1.94175 -0.400113 -0.916465 0.000278208
10.1087 20.0527 2.8247 -0.401538 -0.91584 0.001026
9.08878 20.4917 2.86427 -0.388476 -0.92145 0.00399266
7.97266 20.9569 2.81935 -0.377558 -0.925979 -0.00185036
7.13649 21.2964 2.79653 -0.373288 -0.927704 -0.0033603
5.92805 21.7772 2.79725 -0.35806 -0.933625 0.00345935
5.06382 22.0976 2.78189 -0.350656 -0.93649 0.000186781
4.33017 22.3685 2.21736 -0.34025 -0.940322 -0.00497351
4.21546 22.4018 1.29067 -0.321552 -0.946743 -0.00662486
4.11466 22.4529 0.299026 -0.348593 -0.937268 0.00232183
4.12946 22.4469 -0.540237 -0.350106 -0.93671 0.00051271
3.39719 22.6895 -0.498668 -0.297633 -0.954672 -0.00232172
3.42388 22.6832 -1.48297 -0.294082 -0.955762 -0.00597095
3.39148 22.695 -2.55165 -0.284165 -0.958763 0.00179252
3.93712 22.5113 -3.63233 -0.329705 -0.944063 0.00581102
5.04481 22.1108 -3.72983 -0.354425 -0.935037 0.00938601
6.10552 21.7001 -3.71812 -0.364437 -0.931227 -0.00106796
7.43283 21.167 -3.53093 -0.381117 -0.924526 -0.00120468
8.27081 20.8204 -3.42478 -0.389795 -0.920901 0.000691007
9.44026 20.3243 -3.37789 -0.392383 -0.919799 0.000875306
10.7179 19.7725 -3.25031 -0.397943 -0.917403 0.0035471
11.3268 19.506 -2.63335 -0.401666 -0.915784 -0.000223836
11.9193 19.2466 -1.84984 -0.4003 -0.916383 -0.00106703
11.9726 19.2283 -0.833554 -0.405731 -0.913974 0.00583852
11.37 19.4991 0.212852 -0.4005 -0.916294 0.0021782
11.353 19.5082 1.72639 -0.402835 -0.915272 -0.00012152
11.2192 19.5664 3.17816 -0.407033 -0.913389 -0.00360366
10.2971 19.9725 3.72267 -0.40243 -0.915447 0.00271465
9.0169 20.5257 3.71984 -0.388476 -0.92145 0.00399268
7.88713 20.9913 3.64892 -0.37273 -0.927911 0.0073275
6.84473 21.4109 3.6025 -0.373288 -0.927704 -0.00336009
5.93013 21.7748 3.59819 -0.369535 -0.92921 -0.00365034
4.45193 22.3265 3.61924 -0.342945 -0.939337 0.00551871
3.52655 22.6412 3.02925 -0.298621 -0.954364 -0.000545505
3.45541 22.6659 2.0932 -0.301577 -0.953441 -0.00130537
3.41968 22.6785 1.03263 -0.311898 -0.949927 -0.0116545
3.38188 22.6918 0.0455632 -0.300956 -0.953632 -0.00282527
2.59992 22.9363 0.102482 -0.288442 -0.957298 0.0195275
2.66328 22.9166 1.65816 -0.299736 -0.954022 0.000579495
2.705 22.9012 2.78848 -0.300733 -0.953702 -0.00347655
2.96085 22.8349 4.36438 -0.275437 -0.961187 0.0159616
3.8543 22.5472 4.46318 -0.322105 -0.946438 0.00873258
5.09061 22.0958 4.43147 -0.344271 -0.938857 -0.000591221
6.09766 21.7086 4.38407 -0.364616 -0.931131 0.00708491
7.47591 21.1628 4.45499 -0.372405 -0.928044 0.00692133
8.76279 20.6362 4.55489 -0.388292 -0.921529 0.00380128
9.91931 20.1411 4.57187 -0.402694 -0.91533 0.00289868
10.8301 19.7391 4.51027 -0.406109 -0.913824 0.000468607
11.6865 19.3586 4.44879 -0.405656 -0.914026 0.000298467
12.1001 19.1727 3.62815 -0.407564 -0.913173 0.0024627
12.1308 19.16 2.50523 -0.411265 -0.911491 -0.00674955
12.1588 19.1502 1.21296 -0.416229 -0.909257 0.0024309
12.334 19.0677 -0.134976 -0.415097 -0.909777 0.000909532
12.8627 18.8258 -0.888599 -0.412005 -0.911151 -0.00428771
12.5044 18.9908 -1.96272 -0.412708 -0.910861 -0.00193667
12.1089 19.1648 -3.02908 -0.40251 -0.915394 0.00379314
11.6453 19.3678 -4.25069 -0.403008 -0.915139 -0.00303749
10.7328 19.763 -4.26083 -0.399848 -0.916573 0.00401
9.76799 20.1818 -4.27806 -0.395651 -0.918394 0.00236844
8.73608 20.6213 -4.29196 -0.390589 -0.920563 0.00190504
7.89527 20.9752 -4.30511 -0.386981 -0.92208 0.00382728
7.03929 21.3304 -4.42156 -0.376122 -0.926553 0.000244829
6.11001 21.6993 -4.55635 -0.365278 -0.930896 -0.00188297
4.90211 22.1657 -4.5421 -0.351115 -0.936316 -0.00561788
3.7016 22.5897 -4.48816 -0.328519 -0.944489 0.00401874
2.79687 22.8767 -4.10692 -0.287577 -0.957754 0.00243607
2.56424 22.9423 -3.14136 -0.285992 -0.958211 -0.00617683
2.59236 22.9359 -2.12199 -0.281876 -0.959425 0.0070783
2.61655 22.9308 -1.02629 -0.285626 -0.958256 -0.00581263
2.59849 22.9278 -0.335507 -0.282277 -0.959178 0.00407564
1.79849 23.1678 -0.385476 -0.288441 -0.957299 0.0195265
1.82162 23.1635 -1.90987 -0.273442 -0.961884 -0.00291407
1.74997 23.1832 -3.02698 -0.284623 -0.958612 -0.00723305
1.76208 23.1779 -3.97254 -0.241488 -0.970335 0.00511315
2.1463 23.06 -5.15136 -0.277074 -0.960771 0.0121849
3.02306 22.8042 -5.27492 -0.304087 -0.952613 -0.00157628
3.89937 22.519 -5.32736 -0.321891 -0.946676 -0.00526179
5.22271 22.0499 -5.38686 -0.348213 -0.937278 0.00148833
6.07663 21.7126 -5.39025 -0.367997 -0.929826 0.00150781
7.15874 21.2807 -5.22681 -0.379514 -0.925144 0.00316664
8.18181 20.8516 -5.12682 -0.387411 -0.921899 0.00381828
9.15659 20.441 -5.1772 -0.391732 -0.920078 0.000826181
10.263 19.9655 -5.16281 -0.401152 -0.916011 -0.000667633
11.513 19.4221 -5.16011 -0.395912 -0.918288 0.000758041
12.3754 19.0489 -5.18277 -0.409448 -0.912288 -0.00910231
12.7805 18.8569 -4.21092 -0.407525 -0.91315 -0.000527999
12.9552 18.7874 -3.2803 -0.405991 -0.913845 0.00772273
13.0989 18.7223 -2.35106 -0.412708 -0.910861 -0.00193642
13.4048 18.5853 -1.54792 -0.40668 -0.913519 0.00972257
13.3515 18.6052 -0.650406 -0.403139 -0.915133 0.00325209
13.1407 18.7017 0.220028 -0.404541 -0.914512 0.00376232
12.9757 18.7785 1.1245 -0.405739 -0.913983 0.00101536
12.9038 18.8106 2.28571 -0.409045 -0.912514 0.000399409
12.9231 18.7992 3.29799 -0.411952 -0.911199 -0.0018244
12.8694 18.8257 4.29918 -0.41175 -0.911268 0.00719533
12.5638 18.9686 5.11584 -0.406802 -0.913505 0.00298719
11.3778 19.4974 5.31852 -0.405366 -0.914147 0.00350693
10.2036 20.0182 5.35967 -0.403789 -0.91485 0.00198952
9.17356 20.4663 5.39037 -0.388267 -0.921541 0.00324302
8.26599 20.8484 5.34802 -0.382842 -0.923794 0.00106837
7.35266 21.2168 5.26845 -0.372655 -0.927969 0.00156175
6.08251 21.7203 5.18797 -0.364374 -0.93123 0.00640601
4.74699 22.221 5.28103 -0.335155 -0.942136 0.0071985
3.63957 22.6176 5.28224 -0.335076 -0.942167 -0.00680908
2.65085 22.9383 5.29064 -0.274927 -0.961379 0.0128582
1.82615 23.1686 4.88298 -0.275184 -0.961282 0.0144106
1.89732 23.1254 3.49111 -0.275709 -0.961112 0.0157351
1.912 23.1325 2.39236 -0.265668 -0.963984 -0.0122095
1.89745 23.1445 1.11818 -0.266926 -0.963708 -0.00411037
1.80562 23.1722 -0.0671928 -0.275879 -0.961004 0.00939396
1.80421 23.1693 -0.226023 -0.288442 -0.957298 0.0195285
1.07336 23.3721 -0.208446 -0.263317 -0.964709 -0.000743313
1.07045 23.368 -1.69774 -0.20481 -0.978799 0.00246601
0.957736 23.3929 -2.95577 -0.223453 -0.974498 0.00496807
0.98392 23.3748 -4.36919 -0.242941 -0.970027 -0.0051406
1.12221 23.341 -5.44942 -0.209689 -0.977709 0.0106896
1.77389 23.1652 -6.10779 -0.255507 -0.966681 0.0156429
2.9061 22.8381 -6.10788 -0.298379 -0.954443 0.0030655
3.84316 22.5426 -6.14219 -0.321891 -0.946676 -0.00526178
4.91647 22.1624 -6.20003 -0.348212 -0.937278 0.00149073
5.94859 21.7612 -6.2217 -0.360505 -0.93274 0.00317363
7.1487 21.2821 -6.02456 -0.379514 -0.925144 0.00316639
8.2741 20.8111 -5.97565 -0.385786 -0.922587 0.00179296
9.17049 20.4335 -6.03077 -0.390692 -0.92052 0.0018141
10.0263 20.0697 -6.02789 -0.396961 -0.917824 -0.000413502
10.9395 19.6709 -6.07581 -0.400065 -0.916485 -0.00160924
11.9633 19.2297 -6.11182 -0.389831 -0.920881 -0.00326969
12.9089 18.8179 -6.04755 -0.409206 -0.9124 -0.00875321
13.6023 18.5041 -5.43657 -0.402843 -0.915239 -0.00738048
13.6271 18.4872 -4.48731 -0.399409 -0.916772 -0.00115361
13.7186 18.4461 -3.52716 -0.4027 -0.915308 0.00328544
13.888 18.3655 -2.43531 -0.405572 -0.914022 -0.00473893
13.9519 18.3419 -1.53268 -0.40668 -0.913519 0.00972158
13.907 18.361 -0.453876 -0.403221 -0.915099 0.00251997
13.7606 18.4296 0.715154 -0.405737 -0.913984 0.00101603
13.6433 18.4801 1.6284 -0.406935 -0.913456 -0.00173238
13.6764 18.4625 2.85307 -0.402964 -0.91518 -0.00134933
13.6931 18.4564 3.80569 -0.396398 -0.918073 -0.00155945
13.549 18.5261 5.11144 -0.410553 -0.911803 0.00776571
13.0762 18.7451 6.06388 -0.409677 -0.912214 0.0054684
11.8563 19.2891 6.14231 -0.404613 -0.91448 0.00377047
11.0148 19.6616 6.12783 -0.405037 -0.914296 0.00258053
9.93715 20.1375 6.15216 -0.403792 -0.914849 0.00199047
9.10469 20.4962 6.18697 -0.392412 -0.919787 -0.00221786
8.15934 20.8912 6.18204 -0.377537 -0.925994 -0.000777883
7.00699 21.3558 6.08011 -0.370701 -0.928752 7.3787e-05
5.97435 21.766 6.00878 -0.366537 -0.930401 0.00218717
4.83891 22.1962 6.14625 -0.3359 -0.941846 0.00987284
3.93061 22.5191 6.11413 -0.336802 -0.941532 0.00855859
3.04821 22.822 6.15206 -0.30958 -0.950865 -0.0038555
2.00451 23.1251 6.16823 -0.259724 -0.965678 0.00319305
1.13859 23.3497 5.66349 -0.244047 -0.969717 0.00952407
0.999362 23.378 4.61454 -0.244373 -0.969678 -0.00240272
1.07927 23.3606 3.51962 -0.260041 -0.965395 0.00666525
1.07205 23.3634 2.34991 -0.264618 -0.964302 -0.00993908
1.15932 23.3476 0.964101 -0.263296 -0.964715 -0.00100827
1.11875 23.3594 0.28398 -0.263307 -0.964712 -0.000875096
0.386149 23.5317 0.412747 -0.198829 -0.980014 0.00563995
0.378193 23.5221 1.44273 -0.213542 -0.976836 -0.0138584
0.164615 23.5713 2.39749 -0.217232 -0.976118 0.00179569
0.300305 23.5423 3.27461 -0.214694 -0.976664 -0.00204645
0.213875 23.5635 4.2167 -0.211765 -0.977317 0.00260419
0.155357 23.5689 5.15629 -0.195142 -0.980684 -0.013135
0.404199 23.5099 6.39312 -0.208768 -0.977902 0.0111173
1.56703 23.2525 6.96397 -0.245641 -0.96921 0.00674741
2.7388 22.9148 6.9482 -0.307258 -0.951563 -0.0109547
3.66516 22.6165 6.96013 -0.299096 -0.954156 -0.00774788
4.63552 22.2726 7.04466 -0.350628 -0.936507 -0.00366722
5.6401 21.8971 7.02136 -0.357615 -0.93383 -0.00258064
6.50756 21.555 6.89465 -0.371149 -0.928573 5.88898e-05
7.7522 21.0571 6.94831 -0.372621 -0.927983 -0.0012979
8.63515 20.6964 7.02898 -0.39265 -0.919688 0.000603492
9.92433 20.1443 6.92946 -0.399408 -0.916757 -0.000778338
11.2621 19.553 6.90895 -0.404565 -0.914509 0.000568666
12.8774 18.8383 6.91452 -0.407198 -0.913332 0.00224067
14.2205 18.2361 6.55474 -0.405217 -0.9142 0.00615793
14.2889 18.1981 5.65606 -0.405133 -0.914212 0.00914727
14.4397 18.131 4.39014 -0.396825 -0.917885 -0.00418838
14.4137 18.1448 2.99675 -0.398422 -0.917185 0.00398431
14.3518 18.1646 2.03961 -0.403151 -0.915117 0.00273052
14.4193 18.1364 0.917232 -0.408135 -0.912913 0.001089
14.5334 18.0858 -0.150489 -0.405761 -0.913973 0.000658876
14.5952 18.0552 -1.15812 -0.403059 -0.915165 0.00398421
14.4675 18.115 -2.70952 -0.39927 -0.916813 -0.00612226
14.4096 18.1488 -4.27622 -0.39925 -0.916832 -0.00435466
14.4229 18.1449 -5.4771 -0.397959 -0.917373 -0.00601723
14.3317 18.1907 -6.59389 -0.400047 -0.916495 0.000623207
13.5508 18.5336 -6.97483 -0.417008 -0.908884 -0.00583859
12.7161 18.9146 -7.11093 -0.399519 -0.91664 -0.00601074
11.6781 19.3517 -6.88562 -0.394348 -0.918918 -0.00251064
10.2387 19.9818 -6.89904 -0.400251 -0.916379 -0.00689097
9.21509 20.414 -6.89538 -0.390625 -0.92055 -9.48181e-05
8.33783 20.784 -6.84681 -0.385783 -0.922589 -0.000346612
7.50317 21.133 -6.79896 -0.388176 -0.921576 -0.00251426
6.52155 21.5319 -6.94803 -0.37278 -0.927918 0.0016163
5.61243 21.8914 -7.04604 -0.358873 -0.933386 -0.00110351
4.54096 22.2991 -6.98274 -0.342409 -0.939471 0.00347975
3.49262 22.6507 -6.9208 -0.297167 -0.954813 0.0046508
2.19676 23.0517 -6.95879 -0.270818 -0.962344 0.000341608
0.837088 23.4027 -6.93198 -0.248303 -0.968657 -0.00601389
0.215203 23.5368 -6.32364 -0.206338 -0.978464 -0.00581973
0.17674 23.5445 -5.38305 -0.209687 -0.97771 0.0106865
0.158809 23.5611 -4.30384 -0.196169 -0.980434 0.00334843
0.144633 23.5659 -3.16074 -0.194662 -0.980768 0.00117657
0.064503 23.5773 -2.16231 -0.20584 -0.978576 -0.00148333
0.23447 23.5446 -1.09061 -0.204992 -0.97876 0.00275016
0.263723 23.5489 -0.399071 -0.205688 -0.978487 0.0159713
0.276098 23.548 -0.29536 -0.201764 -0.979343 0.012136
