12.4475 23.6359 -0.327363 -0.37101 -0.928613 0.00523022
13.2186 23.3269 -0.895778 -0.369933 -0.929055 0.0027016
13.3279 23.2865 0.0695951 -0.376161 -0.926552 -0.00208573
12.7375 23.5249 0.715598 -0.374093 -0.927387 -0.00121288
12.3755 23.6669 0.0283583 -0.372117 -0.928169 0.0055795
11.7752 23.9084 -0.108788 -0.376288 -0.926502 0.00103064
11.819 23.8916 0.942639 -0.370873 -0.928683 -0.00114225
12.3204 23.6902 1.55211 -0.371875 -0.92828 -0.00202151
13.489 23.2193 1.51258 -0.369599 -0.929152 0.00307952
13.895 23.0559 0.756962 -0.358996 -0.933318 0.00252381
13.9843 23.0268 -0.300048 -0.359009 -0.93332 -0.000213749
13.9086 23.0519 -1.22088 -0.361479 -0.93237 0.00430585
12.9512 23.4309 -1.75636 -0.369925 -0.929058 0.00269837
11.9823 23.8233 -1.24928 -0.375674 -0.926752 0.000327568
11.8062 23.8954 -0.456358 -0.376289 -0.926502 0.00103143
11.1329 24.1687 -0.580829 -0.378841 -0.925452 0.002645
11.1231 24.1775 0.839863 -0.381341 -0.924433 0.000846672
11.2042 24.1435 1.76746 -0.381849 -0.924224 -0.00154592
11.8134 23.8935 2.35773 -0.375159 -0.926954 0.00210082
12.9958 23.4188 2.36962 -0.373632 -0.927575 0.000389652
13.8785 23.0716 2.27089 -0.364031 -0.931384 0.00243892
14.5169 22.8185 1.44415 -0.358996 -0.933318 0.00252416
14.6002 22.7887 0.328965 -0.35579 -0.934559 -0.0030801
14.6158 22.78 -0.733893 -0.361545 -0.932345 0.00421155
14.5518 22.8006 -1.64367 -0.360592 -0.932718 0.00287529
13.7588 23.1079 -2.46922 -0.366832 -0.930278 -0.000624288
12.4168 23.645 -2.44719 -0.374098 -0.927386 0.00153062
11.5905 23.9803 -2.20422 -0.380036 -0.924956 0.000921085
11.1512 24.1613 -1.24579 -0.383577 -0.923504 -0.00313252
11.1419 24.1649 -0.769773 -0.376279 -0.926506 0.000987817
10.4859 24.4364 -0.681736 -0.384379 -0.923173 -0.00199855
10.4429 24.4565 0.447741 -0.380435 -0.924805 0.00200684
10.4303 24.4649 1.4324 -0.391025 -0.920378 0.00209694
10.4974 24.4394 2.4765 -0.388139 -0.921597 0.00266054
11.0132 24.2229 3.07194 -0.383821 -0.923388 0.0023772
11.9374 23.8451 3.17823 -0.37516 -0.926953 0.00210328
13.0781 23.3848 3.12177 -0.374705 -0.927144 -0.00086713
14.2646 22.9228 3.07514 -0.362643 -0.931925 0.000537109
15.1054 22.5951 2.38837 -0.359971 -0.932957 0.00361053
15.2141 22.5544 1.48847 -0.353693 -0.935361 -0.00145454
15.264 22.534 0.318684 -0.360711 -0.932662 0.00537597
15.2686 22.5261 -0.908826 -0.361465 -0.932376 0.0042157
15.2392 22.5392 -1.83097 -0.352158 -0.935941 0.000146694
14.9901 22.6349 -3.08533 -0.351918 -0.936 -0.00674429
14.086 22.9813 -3.24286 -0.364757 -0.931101 0.00175285
12.6528 23.5498 -3.21242 -0.372786 -0.927917 0.00117225
11.2579 24.1197 -3.06061 -0.384715 -0.923035 -0.000849341
10.5201 24.4258 -2.31372 -0.383444 -0.923563 -0.00166306
10.4916 24.4352 -1.23437 -0.383978 -0.923338 -0.00256459
10.4932 24.4342 -1.07476 -0.384379 -0.923173 -0.00199855
9.82707 24.7163 -1.10482 -0.394006 -0.919106 -0.0018987
9.80164 24.7297 -2.09232 -0.392224 -0.919861 -0.00394554
9.90001 24.6902 -3.58138 -0.390669 -0.92053 0.00122992
11.0839 24.1918 -3.84097 -0.38382 -0.923406 0.00136322
11.9228 23.8433 -3.88469 -0.374359 -0.927284 -0.000160622
13.0768 23.3792 -3.97005 -0.371114 -0.928587 -0.000469858
14.1163 22.9743 -4.00397 -0.353267 -0.935476 -0.00933963
15.1124 22.5968 -3.94653 -0.355347 -0.934713 -0.00628363
15.9485 22.2774 -3.06198 -0.347837 -0.937542 -0.00498071
15.9514 22.2712 -2.04368 -0.351031 -0.936358 -0.00201893
15.9536 22.2685 -1.13698 -0.343954 -0.938986 -0.000465752
15.9487 22.2712 -0.108764 -0.344044 -0.938945 0.00366611
15.9139 22.2907 1.25092 -0.345907 -0.938261 0.00372218
15.8899 22.2979 2.16603 -0.344254 -0.938872 -0.00284978
15.8108 22.3256 3.07136 -0.360012 -0.932943 0.00289895
15.2684 22.5365 3.7328 -0.354321 -0.935048 0.00821568
14.414 22.8647 3.86298 -0.355771 -0.934573 -0.000502148
13.3106 23.2912 3.88861 -0.365678 -0.930722 0.00179709
12.0877 23.7866 3.93297 -0.375817 -0.926688 0.00322633
10.9024 24.2715 3.85683 -0.379692 -0.925104 0.00402079
9.93532 24.6779 3.66065 -0.38843 -0.921478 0.000626378
9.7444 24.7586 2.62954 -0.391312 -0.920256 0.00188276
9.71701 24.7686 1.71972 -0.390871 -0.920442 0.00252893
9.75005 24.7518 0.78657 -0.391886 -0.920004 0.00430982
9.82243 24.7171 -0.548311 -0.394273 -0.918992 -0.00127133
9.82932 24.7147 -0.819363 -0.394006 -0.919106 -0.0018987
9.15228 25.0051 -0.885593 -0.394273 -0.918992 -0.00127155
9.09332 25.0295 0.35332 -0.393212 -0.919441 0.00183163
9.03427 25.0573 1.25948 -0.390871 -0.920442 0.00252893
9.03387 25.061 2.68503 -0.391444 -0.9202 0.00210118
9.10019 25.0337 3.88843 -0.392824 -0.919613 -0.00055114
9.6023 24.8188 4.56417 -0.388975 -0.921237 -0.000270684
10.5312 24.4297 4.59862 -0.386588 -0.922243 0.00415693
11.8629 23.881 4.67543 -0.380616 -0.924725 0.003508
12.8663 23.474 4.68063 -0.375288 -0.926899 0.0041549
13.8406 23.0844 4.65932 -0.365677 -0.930722 0.00179756
14.9982 22.6401 4.61585 -0.348105 -0.937373 -0.00573577
16.1236 22.2298 4.48902 -0.347151 -0.937704 0.0139682
16.5825 22.0515 3.85881 -0.342401 -0.939484 0.0103784
16.5784 22.0462 2.9542 -0.339095 -0.940726 0.00706188
16.6137 22.0336 1.80286 -0.345487 -0.938418 1.10535e-05
16.637 22.0221 0.670634 -0.342988 -0.939337 0.00222284
16.6586 22.0115 -0.289761 -0.342991 -0.939335 0.0027622
16.66 22.0098 -1.3285 -0.342241 -0.939606 -0.0021923
16.6454 22.0189 -2.24519 -0.339801 -0.940493 -0.00239324
16.68 22.0075 -3.34271 -0.343456 -0.93915 -0.00292653
16.48 22.0826 -4.34696 -0.355215 -0.934784 0.000974249
15.2455 22.5476 -4.71159 -0.350227 -0.936649 0.00541203
14.2032 22.9384 -4.76737 -0.352888 -0.93565 0.00537772
13.223 23.3178 -4.71993 -0.366589 -0.930363 0.00117841
12.2591 23.7069 -4.65136 -0.376269 -0.926507 0.00250934
11.0763 24.1932 -4.62393 -0.382917 -0.92378 0.00212723
10.1017 24.5999 -4.67657 -0.393142 -0.919473 0.00260097
9.15712 25.0068 -4.29003 -0.398365 -0.917227 -5.72222e-05
9.07789 25.0412 -3.3311 -0.398154 -0.917319 9.43432e-05
9.09657 25.0322 -2.36385 -0.394962 -0.918694 -0.00236532
9.14971 25.0069 -1.21035 -0.394021 -0.919099 -0.00196842
8.45436 25.3052 -1.13624 -0.395242 -0.918574 -0.00216154
8.43697 25.312 -0.0940915 -0.395092 -0.918641 -0.000513358
8.34274 25.3577 1.51694 -0.398282 -0.917261 0.00210223
8.33961 25.3595 2.4215 -0.396639 -0.917974 0.00133038
8.3497 25.3563 3.55436 -0.396 -0.91825 -0.000351335
8.55976 25.2644 5.0337 -0.394596 -0.918853 -0.000513106
9.36843 24.9184 5.38662 -0.39324 -0.919436 -0.000535638
10.3831 24.4934 5.36688 -0.384163 -0.923264 0.000827304
11.3009 24.1142 5.36192 -0.381047 -0.924553 0.00220468
12.2279 23.7349 5.43754 -0.3746 -0.927183 0.00277354
13.1763 23.3536 5.44522 -0.366226 -0.930508 0.00276982
14.6001 22.7902 5.37657 -0.36165 -0.93229 0.00191755
15.7031 22.3806 5.35964 -0.34017 -0.940302 -0.0103149
16.634 22.0409 5.35469 -0.343472 -0.939083 -0.0122964
17.2878 21.802 4.54669 -0.335077 -0.942189 -0.000886613
17.3297 21.7803 3.40925 -0.331468 -0.943426 0.00872353
17.2958 21.7869 2.3849 -0.33372 -0.942668 -0.00278496
17.3252 21.7721 1.28253 -0.342734 -0.939431 0.00151536
17.3579 21.7578 0.370185 -0.34328 -0.939229 0.00277784
17.364 21.753 -0.556098 -0.339781 -0.940489 -0.00112359
17.3522 21.7611 -1.4659 -0.335659 -0.941978 -0.00331249
17.3442 21.7673 -2.42016 -0.33536 -0.942083 -0.00359081
17.3446 21.7608 -3.46533 -0.328875 -0.944338 0.00817027
17.3528 21.7509 -4.37457 -0.351745 -0.936078 0.00357648
16.995 21.891 -5.20216 -0.35411 -0.935186 -0.00578792
16.0799 22.236 -5.41929 -0.342217 -0.939619 0.00207989
15.1076 22.5947 -5.49808 -0.35013 -0.936687 0.00522644
13.8937 23.0576 -5.51932 -0.360567 -0.932713 0.0061452
12.8072 23.4823 -5.43355 -0.374243 -0.927326 0.000876241
11.9712 23.822 -5.37143 -0.37857 -0.925568 0.00136232
10.7114 24.3426 -5.40699 -0.386471 -0.922288 -0.000837009
9.87609 24.6967 -5.47437 -0.388438 -0.921457 0.00146253
9.02889 25.062 -5.46333 -0.398289 -0.917257 0.00238078
8.37131 25.3481 -4.59225 -0.398194 -0.917301 -0.000259576
8.36985 25.3474 -3.28211 -0.395881 -0.918301 -0.00165819
8.37604 25.3427 -2.32896 -0.39589 -0.918294 -0.00268901
8.4158 25.3234 -1.57752 -0.395506 -0.918458 -0.00298237
7.68939 25.6357 -1.53583 -0.395123 -0.918622 -0.00327443
7.73738 25.6131 -0.518479 -0.395227 -0.918583 -0.000783072
7.70906 25.6284 0.382701 -0.397221 -0.91771 0.00489549
7.66484 25.651 1.60008 -0.391274 -0.920252 0.000897563
7.66342 25.652 2.64619 -0.396824 -0.917894 0.000846719
7.6317 25.6658 3.70803 -0.396 -0.91825 -0.000352593
7.69509 25.6355 4.84231 -0.393715 -0.919229 -0.00267792
8.2176 25.4083 6.08127 -0.392927 -0.919566 -0.0022472
9.45781 24.879 6.15991 -0.389788 -0.920893 -0.00319076
10.7905 24.3255 6.10239 -0.382093 -0.924121 0.00150628
11.9215 23.8591 6.19046 -0.378433 -0.925619 -0.00215846
12.9496 23.443 6.21017 -0.375507 -0.926817 -0.00125708
13.8271 23.0994 6.16415 -0.367423 -0.930026 0.00667941
15.1952 22.5606 6.09885 -0.361776 -0.932249 0.00120882
16.1295 22.2143 6.17904 -0.344507 -0.938739 -0.0057562
17.0935 21.864 6.16697 -0.332516 -0.943011 -0.00932093
17.9248 21.5767 5.62684 -0.3306 -0.943767 0.00265817
18.0238 21.5394 4.3332 -0.322215 -0.946663 0.00263151
18.016 21.5368 2.993 -0.328916 -0.944339 0.00615031
17.9937 21.5347 1.74629 -0.329299 -0.944143 0.00943849
18.0576 21.5054 0.759316 -0.321118 -0.94702 0.00599816
18.0456 21.5097 -0.572825 -0.336245 -0.941762 -0.00487654
18.0507 21.5126 -1.55903 -0.335357 -0.942084 -0.00358911
18.065 21.512 -2.65991 -0.33506 -0.942189 -0.00386707
18.0777 21.5034 -3.70588 -0.321037 -0.946996 4.56823e-05
18.137 21.492 -4.65948 -0.307601 -0.951193 0.012506
17.7403 21.6192 -6.10207 -0.33068 -0.943678 -0.0110763
16.7348 21.9946 -6.18624 -0.350976 -0.936382 0.00189639
15.3365 22.5049 -6.2494 -0.346173 -0.938153 0.003651
14.3075 22.8953 -6.27605 -0.35599 -0.934489 0.0010207
13.0733 23.376 -6.21384 -0.372152 -0.928172 -0.000498081
12.2378 23.7118 -6.15615 -0.378571 -0.925568 0.00136479
11.1247 24.1691 -6.12666 -0.381027 -0.924548 0.00502895
10.0102 24.6349 -6.237 -0.392205 -0.919846 0.00417881
8.93511 25.1007 -6.26612 -0.397927 -0.917415 0.00201088
8.1132 25.4585 -6.16327 -0.399138 -0.916889 0.00189914
7.63195 25.6688 -4.94908 -0.397719 -0.917507 -7.78067e-05
7.64828 25.6614 -3.9307 -0.397798 -0.917473 -0.00037068
7.63596 25.6634 -2.72788 -0.3981 -0.917336 -0.00327308
7.6496 25.6542 -1.93153 -0.395122 -0.918623 -0.00327513
6.93118 25.9652 -1.99801 -0.397732 -0.917489 -0.00485892
6.91782 25.9762 -3.10338 -0.397814 -0.917459 -0.00361229
6.94541 25.9652 -4.11851 -0.390284 -0.92069 0.00284337
6.93072 25.9677 -5.14804 -0.383461 -0.923557 0.00026479
7.0125 25.9372 -6.46437 -0.393401 -0.919325 -0.00227496
7.73273 25.6214 -7.07956 -0.399521 -0.916721 0.00241506
9.11647 25.0175 -6.98309 -0.399463 -0.916728 0.00578237
10.5358 24.4113 -6.95109 -0.387146 -0.922011 0.00298252
11.3707 24.0632 -6.96109 -0.381032 -0.924546 0.00502908
12.5048 23.6062 -6.95072 -0.3703 -0.928906 -0.00247702
13.7463 23.1081 -7.00456 -0.364185 -0.931282 -0.00103341
14.6243 22.7737 -7.0106 -0.352417 -0.935816 -0.0035077
15.5047 22.4463 -6.99829 -0.340157 -0.940357 -0.00460705
16.608 22.0401 -7.01081 -0.35063 -0.936512 0.0021504
17.6189 21.6725 -7.08719 -0.330658 -0.943732 -0.00592454
18.4425 21.3828 -6.92773 -0.318394 -0.947828 -0.00848048
18.8342 21.2524 -6.2181 -0.30611 -0.951978 -0.00588427
18.8782 21.2401 -5.25271 -0.297392 -0.954738 0.00580166
18.8559 21.2512 -4.22828 -0.313198 -0.949653 -0.00807871
18.745 21.2845 -3.26767 -0.297768 -0.954612 -0.00474288
18.7595 21.275 -1.6336 -0.312337 -0.949971 -0.000127039
18.7312 21.2805 -0.361707 -0.313931 -0.949442 -0.00257599
18.7676 21.2659 0.842181 -0.313686 -0.949525 -0.0018486
18.7022 21.2948 1.84521 -0.321652 -0.946821 0.00838592
18.7214 21.2955 3.03601 -0.323376 -0.946252 0.00587296
18.729 21.2983 3.94183 -0.322896 -0.946424 0.00413499
18.7597 21.2919 5.35782 -0.322107 -0.946699 0.00286477
18.7227 21.3038 6.26798 -0.321126 -0.947031 -0.00277479
17.9655 21.5572 6.90831 -0.322709 -0.94646 -0.00806049
16.8324 21.9511 6.98552 -0.345655 -0.938326 -0.00539301
15.9789 22.2708 6.93404 -0.348642 -0.937252 -0.000574858
15.0651 22.6127 6.95541 -0.356891 -0.934143 0.00259743
13.7761 23.1187 6.89296 -0.363851 -0.931455 -0.00147196
12.6162 23.5762 6.98029 -0.36889 -0.929471 0.0021078
11.6059 23.9882 6.94145 -0.381739 -0.924269 -0.00158955
10.6209 24.3934 6.90059 -0.378884 -0.925431 -0.00334887
9.21481 24.9796 6.99103 -0.387182 -0.922002 -0.00166929
7.99028 25.5028 6.90744 -0.394956 -0.918693 -0.00357365
7.10857 25.8827 6.2689 -0.39374 -0.919217 -0.00287702
6.97441 25.9416 5.14103 -0.383145 -0.923682 0.000755088
6.90738 25.9653 3.95919 -0.380346 -0.92484 0.00283765
7.00406 25.9282 2.36567 -0.384304 -0.923201 -0.00117091
6.97443 25.9399 1.44901 -0.389052 -0.921208 -0.00371845
7.01881 25.9251 0.485048 -0.391441 -0.920191 0.000186702
7.04557 25.9115 -0.510406 -0.396296 -0.918121 -0.00143536
6.99015 25.9358 -1.23448 -0.397885 -0.917429 -0.00229032
6.96763 25.947 -1.5596 -0.398436 -0.917185 -0.00447578
