15.7359 26.0131 -0.200642 -0.323412 -0.946235 -0.00637486
16.0964 25.8814 1.07551 -0.326624 -0.945135 -0.000126913
16.4122 25.7785 0.425251 -0.321956 -0.946729 -0.00692674
16.5724 25.7296 -0.648509 -0.323015 -0.946393 -0.00120611
15.9581 25.9383 -1.07336 -0.314071 -0.94938 0.00606814
15.8378 25.98 -0.418344 -0.322484 -0.946562 -0.00406679
15.1035 26.2269 -0.484888 -0.317184 -0.948363 0.00129578
15.1451 26.2102 0.74722 -0.326627 -0.945134 -0.000126243
15.3538 26.1428 1.62826 -0.328404 -0.944521 0.00553262
16.2063 25.8486 2.00699 -0.316243 -0.948578 0.0050629
17.1294 25.5507 1.34766 -0.304204 -0.952592 0.00522379
17.2024 25.5215 0.37844 -0.296658 -0.954941 0.00293636
17.1749 25.5345 -0.872007 -0.301568 -0.953395 -0.00968868
16.8465 25.6461 -1.85518 -0.300837 -0.953673 0.000449445
15.8476 25.9694 -1.90712 -0.314329 -0.949288 0.00701207
15.1797 26.1953 -1.3203 -0.319437 -0.947573 0.00814865
15.1102 26.2244 -0.654829 -0.318308 -0.947969 0.00472263
14.444 26.4493 -0.790054 -0.350688 -0.936467 0.00477106
14.5456 26.4186 -1.90827 -0.345091 -0.938545 -0.00677268
15.4734 26.0882 -2.59799 -0.318357 -0.947948 0.00392519
16.5638 25.7327 -2.70618 -0.299614 -0.954057 0.00242772
17.6855 25.3812 -2.4236 -0.300838 -0.953672 0.000447817
17.8021 25.3428 -1.53604 -0.301813 -0.953342 -0.00561042
17.8783 25.3174 -0.158598 -0.28909 -0.9573 0.00157095
17.8584 25.3235 1.06915 -0.27765 -0.960527 0.00897001
17.6527 25.3885 2.12181 -0.293305 -0.956007 0.00474693
16.8428 25.645 2.64228 -0.309102 -0.951027 -0.00167369
15.5189 26.0919 2.68546 -0.328784 -0.944385 0.00619172
14.6474 26.3953 1.94086 -0.343305 -0.939214 0.00419906
14.5047 26.4401 0.891178 -0.34662 -0.937968 0.00834628
14.4436 26.4545 -0.135097 -0.346617 -0.937979 0.00717545
13.7966 26.6968 -0.0491713 -0.354759 -0.934955 0.00236548
13.805 26.6922 -1.20525 -0.355413 -0.934709 -0.000261654
13.8724 26.6683 -2.20962 -0.345654 -0.938348 -0.00210804
14.3617 26.4847 -3.16859 -0.345409 -0.938446 0.00354657
15.4753 26.0869 -3.33859 -0.322387 -0.946608 0.000842671
16.4581 25.7628 -3.41111 -0.301793 -0.953348 0.00692566
17.8319 25.3365 -3.31108 -0.293253 -0.956035 -0.000666352
18.4603 25.1522 -2.7427 -0.283231 -0.959022 -0.00220207
18.5035 25.1366 -1.49483 -0.265586 -0.964066 -0.00189216
18.55 25.1142 -0.343184 -0.277182 -0.96072 -0.00323288
18.5628 25.1204 0.611489 -0.266325 -0.963717 0.0178851
18.5062 25.1429 1.5953 -0.273 -0.961909 -0.0141826
18.4135 25.1572 2.53479 -0.29345 -0.955964 0.0043109
17.41 25.4687 3.35088 -0.293597 -0.955922 0.00387628
16.2205 25.8481 3.45993 -0.310401 -0.950605 0.00102543
14.7354 26.3689 3.35499 -0.329243 -0.944223 -0.00446409
14.0032 26.6346 2.77163 -0.34701 -0.937827 0.00798464
13.9116 26.6631 1.7155 -0.343234 -0.939238 0.00472286
13.8292 26.6882 0.721521 -0.344929 -0.938603 0.0065348
13.8122 26.6921 0.431913 -0.35069 -0.936466 0.00477017
13.1607 26.9434 0.451219 -0.360841 -0.932622 0.00322617
13.228 26.9199 1.66164 -0.362946 -0.93181 0.000643144
13.2565 26.9132 2.88433 -0.35036 -0.936575 0.00866102
13.548 26.8121 3.74115 -0.349339 -0.936974 0.00312577
14.37 26.5058 4.10413 -0.349768 -0.936836 0.00108185
15.5427 26.0823 4.15778 -0.326987 -0.944991 -0.00850238
16.3981 25.7936 4.17284 -0.300563 -0.953737 0.00575209
17.6044 25.4123 4.07684 -0.297445 -0.95472 0.00408503
18.6715 25.0893 3.95286 -0.288502 -0.957476 0.00247404
19.1279 24.9514 2.97461 -0.268641 -0.96319 -0.00979672
19.2024 24.9457 1.68128 -0.26952 -0.962909 -0.0128893
19.256 24.9325 0.65678 -0.260385 -0.965366 0.0163947
19.2256 24.9315 -0.725603 -0.261091 -0.965288 -0.00435627
19.2032 24.942 -1.86912 -0.265899 -0.963991 0.00425238
19.2008 24.9406 -2.99913 -0.252462 -0.967594 0.00182823
18.8894 25.0291 -3.85701 -0.270964 -0.962576 -0.00509368
17.9298 25.3068 -4.08147 -0.293706 -0.955895 0.000778133
17.0593 25.5738 -4.14146 -0.29325 -0.956036 0.000231484
16.1517 25.8667 -4.11031 -0.31239 -0.949892 -0.0108278
15.2912 26.1547 -4.04586 -0.322207 -0.946641 -0.00730462
14.1419 26.5609 -3.99003 -0.346135 -0.938157 0.00729244
13.267 26.8958 -3.22179 -0.360994 -0.932558 0.00427189
13.1713 26.9348 -1.91403 -0.357871 -0.933771 -0.000938532
13.1259 26.9517 -0.967991 -0.358942 -0.933355 0.00167201
13.1577 26.9443 0.358809 -0.360777 -0.932648 0.00295837
12.4927 27.2012 0.2654 -0.360841 -0.932622 0.00322567
12.5701 27.1761 1.55543 -0.361926 -0.932203 0.00206826
12.5477 27.1845 2.6824 -0.362608 -0.931942 -0.000537593
12.7037 27.1248 4.1443 -0.348324 -0.937371 -0.0024109
13.5646 26.8053 4.73822 -0.345965 -0.938248 -2.91837e-05
14.6114 26.4155 4.86541 -0.351314 -0.936257 0.000343861
15.6009 26.0557 4.885 -0.318188 -0.947949 -0.000614578
16.4898 25.7663 4.86956 -0.309387 -0.950908 0.00727327
17.36 25.4922 4.82023 -0.293619 -0.955903 0.00616376
18.2589 25.2158 4.77272 -0.291062 -0.956689 0.00431755
19.2282 24.9279 4.75415 -0.280521 -0.959823 0.00689535
19.8048 24.757 4.09086 -0.237076 -0.971107 -0.0273192
19.8574 24.7583 3.07489 -0.2336 -0.97232 0.00497357
19.8975 24.7459 2.07248 -0.269081 -0.963049 -0.0113431
19.9331 24.7461 1.15822 -0.271431 -0.9624 -0.0105458
19.9938 24.7266 0.253442 -0.258646 -0.965901 0.00785931
19.8768 24.7594 -1.38023 -0.250907 -0.968009 0.000192141
19.8952 24.7568 -2.29174 -0.253324 -0.967378 -0.00270214
19.9016 24.7559 -3.39528 -0.251603 -0.96781 0.00635797
19.7441 24.7908 -4.29819 -0.261284 -0.965193 0.000631578
18.4265 25.1529 -4.77886 -0.280485 -0.95974 0.00410052
17.0699 25.5703 -4.86645 -0.293706 -0.955895 0.000778134
15.5735 26.0645 -4.77646 -0.313609 -0.949504 -0.00937171
14.4203 26.4526 -4.73784 -0.331253 -0.943435 0.00350105
13.5628 26.7768 -4.69081 -0.353638 -0.935382 0.00117601
12.6417 27.1322 -4.0713 -0.36034 -0.932798 0.0064744
12.5435 27.1772 -2.93657 -0.359542 -0.933122 0.00143635
12.4812 27.1989 -1.54035 -0.357871 -0.93377 -0.000938523
12.4407 27.2179 -0.588402 -0.36023 -0.932856 0.00382177
12.4885 27.2026 0.187037 -0.360503 -0.932752 0.00338984
11.8115 27.4769 0.194999 -0.377864 -0.925806 0.0101108
11.9104 27.4403 1.11783 -0.379615 -0.925142 0.00220703
11.9068 27.4401 2.16045 -0.37288 -0.927879 0.00085934
11.8924 27.4495 4.02348 -0.375416 -0.926853 0.000447559
12.2094 27.319 4.99245 -0.375716 -0.92671 -0.00541608
13.0436 26.9952 5.43503 -0.34644 -0.938057 -0.00528573
14.2078 26.5651 5.55872 -0.348094 -0.937447 -0.00384375
15.4142 26.1169 5.58047 -0.325149 -0.945454 -0.00127292
16.8114 25.6661 5.56379 -0.306991 -0.95169 -0.00644997
17.9545 25.3123 5.51291 -0.295115 -0.955459 -0.00217195
19.1664 24.9531 5.5402 -0.277052 -0.960827 0.00435787
20.0811 24.6858 5.45687 -0.267104 -0.96352 0.0106814
20.534 24.5672 4.56594 -0.232147 -0.972453 -0.0207068
20.5646 24.5902 3.42456 -0.235338 -0.971713 -0.011173
20.5835 24.5793 2.38008 -0.236129 -0.971697 0.00686889
20.6338 24.5599 1.45893 -0.236156 -0.971683 0.00790818
20.6827 24.5453 0.26303 -0.254319 -0.967087 -0.00800068
20.5898 24.5747 -0.974752 -0.250905 -0.968009 0.000192673
20.5561 24.5812 -1.96932 -0.253965 -0.967206 -0.000782407
20.6275 24.5675 -3.25128 -0.254929 -0.966952 -0.00380141
20.551 24.5853 -4.50999 -0.245659 -0.969353 0.0024011
19.9653 24.7347 -5.33292 -0.253635 -0.967267 -0.00226001
18.6652 25.0823 -5.5 -0.27219 -0.962061 0.00233899
17.1438 25.5467 -5.59306 -0.294193 -0.955745 0.00111707
15.6868 26.0272 -5.49177 -0.314342 -0.94931 -4.31636e-05
14.5769 26.3949 -5.46934 -0.331252 -0.943435 0.0034988
13.273 26.8798 -5.4492 -0.354496 -0.935008 0.00958498
12.3636 27.2362 -5.22424 -0.371184 -0.92848 0.0121394
11.8677 27.4406 -4.07079 -0.371853 -0.928291 0.00101266
11.8666 27.4478 -2.83002 -0.386202 -0.922412 0.00173205
11.8253 27.4681 -1.81109 -0.385193 -0.922832 0.00274776
11.7774 27.483 -0.832973 -0.378079 -0.925744 -0.00100568
11.7833 27.4852 -0.106597 -0.377865 -0.925806 0.0101091
11.1175 27.7618 0.026429 -0.396085 -0.918214 0.000699964
11.1156 27.7626 -1.01259 -0.396085 -0.918213 -0.000842322
11.1611 27.7448 -2.00667 -0.386202 -0.922412 0.00173205
11.2 27.7277 -2.92726 -0.38721 -0.921991 0.000716333
11.1659 27.7347 -4.07694 -0.393424 -0.919318 0.00567436
11.2324 27.6991 -5.58558 -0.399028 -0.916922 0.00546887
12.1327 27.3167 -6.1262 -0.380163 -0.924827 0.00718389
13.322 26.8542 -6.20183 -0.355124 -0.934781 0.00614098
14.6898 26.3529 -6.1924 -0.336994 -0.941469 0.00188112
15.8045 25.9883 -6.20905 -0.307615 -0.951504 0.00217947
17.2038 25.5274 -6.3113 -0.303561 -0.95276 -0.000197141
18.1326 25.2478 -6.32415 -0.288207 -0.95755 -0.00599659
19.0174 24.9809 -6.23164 -0.27219 -0.962061 0.00233899
20.044 24.7126 -6.16714 -0.244083 -0.969718 0.0049589
21.2059 24.4225 -5.52901 -0.243517 -0.969883 -0.0052065
21.2873 24.3985 -4.59831 -0.250299 -0.968152 -0.000577067
21.3173 24.3855 -3.22003 -0.254925 -0.966953 -0.00380025
21.3075 24.3969 -2.01871 -0.232532 -0.972553 0.00337258
21.328 24.3865 -0.721604 -0.22855 -0.973522 -0.000734352
21.3973 24.3783 0.194115 -0.220694 -0.975313 0.00768195
21.3478 24.3911 1.33827 -0.224043 -0.974578 -0.00131518
21.2838 24.41 2.51267 -0.23494 -0.971981 0.00740844
21.2831 24.406 3.84996 -0.233373 -0.972092 -0.0239539
21.3331 24.3721 4.84754 -0.231581 -0.972669 -0.0169044
21.185 24.3995 5.80137 -0.255895 -0.966664 0.00414094
20.1759 24.6663 6.30552 -0.264526 -0.964341 0.000252648
18.9667 25.0095 6.25355 -0.278963 -0.960288 0.00117127
17.9949 25.2982 6.2338 -0.293116 -0.956053 -0.0055431
17.0093 25.5974 6.3046 -0.29901 -0.954183 -0.00758783
15.7105 26.0164 6.28435 -0.306366 -0.951876 -0.00817777
14.4312 26.4791 6.28484 -0.34693 -0.937876 0.000509591
13.2436 26.9171 6.18471 -0.345988 -0.938226 -0.00495591
12.0067 27.3891 6.16343 -0.366095 -0.930508 -0.0040213
11.3915 27.646 5.47047 -0.38452 -0.92311 -0.00341553
11.2652 27.7037 4.51032 -0.375416 -0.926853 0.000447057
11.0946 27.7698 3.43368 -0.374112 -0.927381 0.0024045
11.2326 27.7112 2.32406 -0.373496 -0.92763 0.00163175
11.2709 27.6996 1.32575 -0.374561 -0.927192 -0.00446637
11.1416 27.7516 0.306316 -0.386974 -0.92201 0.00540543
10.4762 28.0383 0.159504 -0.395034 -0.918666 -0.0004619
10.4704 28.041 -1.18335 -0.396705 -0.917945 -0.0014572
10.5262 28.0165 -2.70187 -0.397993 -0.917384 0.00270718
10.485 28.0307 -4.03406 -0.397911 -0.917421 0.00231796
10.3495 28.0867 -5.00872 -0.398818 -0.91702 0.00411026
10.6533 27.9469 -6.49308 -0.401532 -0.915802 0.00769271
11.417 27.6156 -6.94944 -0.389268 -0.921111 0.00493693
12.463 27.179 -6.93923 -0.368388 -0.929609 0.00493668
13.5632 26.7608 -7.0025 -0.350142 -0.936689 0.00373665
14.8869 26.2857 -6.92366 -0.330403 -0.943837 -0.00232102
15.9359 25.9455 -6.96236 -0.305189 -0.952291 0.000849749
17.4806 25.4368 -7.04274 -0.313056 -0.949734 -0.000824617
18.4949 25.1311 -7.04115 -0.286192 -0.958066 0.0142656
19.5187 24.8447 -6.95756 -0.263754 -0.964396 -0.0070795
20.6098 24.5699 -6.99762 -0.237461 -0.971383 0.005151
21.4733 24.3605 -6.85984 -0.233072 -0.972457 0.00109839
21.9411 24.2501 -6.27055 -0.22939 -0.973328 -0.00149182
21.9804 24.2366 -5.28524 -0.227563 -0.973754 -0.00421791
22.0497 24.2158 -4.24871 -0.226418 -0.974012 -0.00599844
21.9391 24.2371 -3.27713 -0.222483 -0.974932 -0.00138218
22.1647 24.1926 -1.8444 -0.232532 -0.972553 0.00337108
22.0756 24.2151 -0.702663 -0.223313 -0.974699 0.0096844
22.1281 24.2158 0.451054 -0.216612 -0.976218 0.00650261
22.0297 24.2386 1.4037 -0.213873 -0.976861 0.00128708
22.0163 24.2354 2.68933 -0.227079 -0.973829 0.00136362
22.0388 24.2276 3.699 -0.234031 -0.971948 -0.0233936
22.0512 24.2103 4.87493 -0.214753 -0.976601 -0.0104039
22.018 24.2006 6.45112 -0.222236 -0.97487 0.00228685
20.6233 24.5442 7.11116 -0.245575 -0.969263 0.00415862
19.7497 24.7896 7.06374 -0.271438 -0.962451 0.00305104
18.8678 25.042 6.97086 -0.280167 -0.959913 0.00727235
17.5842 25.4258 7.00487 -0.284265 -0.958699 0.00951167
16.6637 25.7021 7.04369 -0.305832 -0.952032 -0.0100894
15.2771 26.1691 6.97987 -0.329737 -0.944057 0.00550161
13.8705 26.6798 6.98201 -0.340361 -0.940288 -0.00354308
12.927 27.0276 6.92385 -0.351775 -0.935994 -0.0109866
11.9522 27.4045 6.96729 -0.367413 -0.930027 -0.00762286
11.0414 27.7825 6.89868 -0.385244 -0.922778 -0.00824614
10.5853 27.9801 6.09075 -0.3873 -0.921932 -0.00355479
10.639 27.9616 5.14202 -0.386644 -0.922221 -0.00399615
10.4298 28.0562 4.07202 -0.387716 -0.921759 -0.00609712
10.4485 28.0464 2.87093 -0.396825 -0.917891 0.00027544
10.6249 27.9709 1.83765 -0.397959 -0.917399 -0.000572416
10.5651 27.9993 1.02495 -0.396422 -0.918063 -0.00295175
10.5491 28.0066 0.908387 -0.395727 -0.918365 -0.00170683
