17.3222 26.3938 0.169873 -0.285276 -0.958346 -0.00583118
17.2894 26.4034 -0.935101 -0.29 -0.957021 0.0031512
16.5992 26.6186 -0.848741 -0.301493 -0.953451 0.00572773
16.4196 26.6737 0.352531 -0.296487 -0.955036 -0.00140598
16.7698 26.5654 1.22236 -0.298141 -0.95452 0.0020539
17.2623 26.4117 0.669377 -0.29643 -0.955053 -0.001338
17.2038 26.4303 0.376586 -0.296431 -0.955053 -0.00133654
17.9571 26.2112 0.326394 -0.274121 -0.96164 -0.0103273
18.0117 26.19 -0.871226 -0.279365 -0.96012 0.0111798
17.6521 26.2903 -1.93447 -0.289994 -0.957024 0.00300576
16.5915 26.6198 -2.07881 -0.303913 -0.952685 -0.00533876
15.9019 26.8359 -1.39101 -0.302693 -0.953071 0.000189317
15.8178 26.8681 -0.295822 -0.321995 -0.946718 0.00668027
15.8017 26.8777 0.661468 -0.319651 -0.947532 -0.000283734
16.0198 26.8012 1.69948 -0.309509 -0.950824 -0.00011836
17.1052 26.4623 1.98762 -0.29836 -0.954451 0.00218927
17.8923 26.2177 1.54341 -0.282648 -0.959147 -0.000148764
17.9501 26.2073 0.866885 -0.27412 -0.96164 -0.0103289
18.6137 26.017 0.97806 -0.273525 -0.961825 -0.00854964
18.5126 26.041 2.31474 -0.253957 -0.967202 0.00410753
17.6846 26.2863 2.67843 -0.29189 -0.95645 0.00182417
16.3633 26.6894 2.6872 -0.299244 -0.954126 -0.00977525
15.3938 27.0154 2.37886 -0.325035 -0.945689 0.00444699
15.2014 27.0789 1.38614 -0.323033 -0.94638 5.05652e-05
15.1614 27.0927 0.448053 -0.318864 -0.947798 0.00199545
15.1968 27.0748 -0.942853 -0.323454 -0.946229 0.00454008
15.2552 27.0524 -1.86514 -0.319564 -0.947526 -0.00312991
16.1375 26.7684 -2.7955 -0.306576 -0.951819 0.00691375
16.9981 26.494 -2.78003 -0.303893 -0.952687 0.000658596
18.3009 26.1111 -2.51695 -0.268023 -0.96341 0.00214233
18.6761 26.0048 -1.70833 -0.257821 -0.966153 -0.00748925
18.6505 26.008 -0.543284 -0.268112 -0.963282 0.00408608
18.6029 26.0244 0.386323 -0.277634 -0.960674 -0.00496406
18.6146 26.0191 0.756653 -0.275877 -0.961157 -0.0076454
19.288 25.8409 0.713542 -0.246468 -0.969127 -0.00519834
19.2756 25.8411 1.87614 -0.252679 -0.967549 0.00114003
19.2046 25.8576 2.87469 -0.257907 -0.966109 -0.00754205
18.2077 26.1288 3.39276 -0.268938 -0.963118 0.00194279
16.7393 26.5644 3.38274 -0.29197 -0.956367 -0.00709171
15.4095 27.0164 3.34914 -0.32389 -0.946072 0.00650452
14.6668 27.2673 2.73042 -0.334033 -0.942506 0.00283239
14.5419 27.3133 1.61524 -0.346244 -0.938145 0.000409003
14.5157 27.3207 0.47465 -0.346467 -0.938055 0.00369184
14.5531 27.3026 -0.812503 -0.347616 -0.937636 0.00141875
14.6029 27.2828 -2.13727 -0.34817 -0.937429 -0.000858851
14.728 27.2352 -3.11322 -0.354127 -0.935194 0.00247061
15.4212 26.9948 -3.48154 -0.314433 -0.94924 0.00493434
16.4035 26.6788 -3.52408 -0.304767 -0.952409 0.00580883
17.3549 26.3804 -3.46097 -0.285774 -0.958285 -0.00492276
18.6657 26.0058 -3.32138 -0.267331 -0.963577 0.00732923
19.2858 25.8398 -2.364 -0.255218 -0.966864 0.00611492
19.3717 25.8207 -1.37241 -0.25286 -0.967498 -0.00295984
19.3054 25.8353 -0.46076 -0.249134 -0.968454 0.00081958
19.277 25.844 0.458004 -0.244886 -0.969551 -0.00102878
19.9678 25.6695 0.438461 -0.246468 -0.969127 -0.0052011
19.9913 25.6537 1.45164 -0.250364 -0.968126 -0.00411559
19.9492 25.665 2.5289 -0.25379 -0.967259 -0.000198573
19.8859 25.6748 3.52553 -0.241813 -0.970255 -0.00362512
18.7223 25.9901 4.12011 -0.27272 -0.962047 0.00942807
17.2251 26.4234 4.07491 -0.284201 -0.95875 0.00520332
16.3401 26.6975 4.07717 -0.323518 -0.946218 -0.00273928
15.1289 27.1098 4.09699 -0.326938 -0.944994 -0.00688024
14.2865 27.4083 4.02145 -0.329467 -0.944121 -0.00104962
13.9698 27.5211 2.79258 -0.342326 -0.93958 -0.00162509
13.8567 27.5662 1.45454 -0.345913 -0.938265 0.00128347
13.8698 27.5588 0.364666 -0.346026 -0.93822 0.00292288
13.9052 27.5429 -0.860502 -0.347924 -0.937521 0.00184479
13.9424 27.5278 -1.78669 -0.348169 -0.937429 -0.000858997
13.9253 27.5386 -3.33943 -0.35158 -0.93615 -0.000120651
14.7459 27.2244 -4.18606 -0.34514 -0.938498 0.00885281
15.6816 26.9116 -4.27381 -0.309841 -0.950728 -0.00874239
16.6064 26.6161 -4.23653 -0.304228 -0.952572 -0.00720736
17.4818 26.3456 -4.1631 -0.285185 -0.958468 -0.00293396
18.4694 26.0544 -4.09555 -0.26099 -0.965302 0.00186759
19.4528 25.7948 -3.92696 -0.254649 -0.967027 -0.00359496
19.9284 25.6711 -3.0742 -0.247471 -0.968895 0.000812163
20.0416 25.6443 -1.73637 -0.251327 -0.967884 0.00380746
20.0311 25.6505 -0.697852 -0.245409 -0.969409 0.00459634
19.958 25.6724 0.0356981 -0.245149 -0.96948 0.00178311
20.6424 25.4995 0.103441 -0.245149 -0.96948 0.00178311
20.6769 25.4889 1.44024 -0.223638 -0.974661 -0.00315534
20.6593 25.4906 2.47891 -0.227701 -0.973731 -5.15254e-05
20.6383 25.4944 3.43792 -0.22828 -0.973594 -0.00174302
20.5438 25.5192 4.3326 -0.236529 -0.971605 -0.00189162
19.7181 25.7186 4.89336 -0.252067 -0.967462 0.00782425
18.6607 26.016 4.85794 -0.271205 -0.962434 0.0129572
17.7041 26.2852 4.7876 -0.278461 -0.960399 0.00731632
16.7639 26.5739 4.77742 -0.295744 -0.95518 0.0129124
15.45 26.9978 4.80833 -0.320679 -0.947178 -0.00436903
14.5919 27.2919 4.86467 -0.338273 -0.941009 -0.00426981
13.7427 27.6023 4.79434 -0.349546 -0.93689 -0.00182024
13.3556 27.7515 4.01617 -0.355593 -0.934623 0.00580572
13.3078 27.7623 2.8175 -0.348958 -0.937102 0.00209152
13.1961 27.814 1.72744 -0.359554 -0.9331 -0.00660282
13.2226 27.8074 0.590513 -0.362207 -0.932096 -0.001675
13.2518 27.7915 -0.849076 -0.360008 -0.932944 0.00299819
13.285 27.7724 -2.26399 -0.354104 -0.935151 0.00233644
13.2348 27.7932 -3.28031 -0.344766 -0.938649 0.00488853
13.4357 27.7027 -4.61631 -0.34521 -0.93844 0.0125311
14.4499 27.329 -4.92624 -0.343567 -0.939117 0.00456448
15.6618 26.9259 -4.98455 -0.313374 -0.949592 -0.00784436
16.528 26.6466 -4.96984 -0.304316 -0.952545 -0.00713841
17.741 26.2706 -4.86189 -0.287379 -0.957811 -0.000601405
18.6309 26.0015 -4.82266 -0.271132 -0.962269 0.00972122
19.6416 25.7382 -4.78352 -0.243612 -0.969743 0.0106204
20.5319 25.5214 -4.43438 -0.24056 -0.970627 -0.00265078
20.6302 25.4918 -3.50691 -0.244215 -0.969708 -0.00265507
20.6733 25.4817 -2.51424 -0.237725 -0.971254 0.00580039
20.7705 25.4698 -1.33076 -0.229374 -0.973326 0.00251329
20.6708 25.4911 -0.150019 -0.237068 -0.971449 0.00144549
21.3934 25.3261 -0.158724 -0.21927 -0.975655 0.00412905
21.3712 25.3302 1.22768 -0.223641 -0.97466 -0.00315619
21.362 25.3263 2.13757 -0.226153 -0.97408 -0.00326491
21.3468 25.329 3.04657 -0.22828 -0.973594 -0.00174284
21.3586 25.3231 4.37171 -0.222415 -0.974915 -0.00810167
21.037 25.39 5.41468 -0.23221 -0.97261 -0.00654929
20.186 25.5995 5.62484 -0.240553 -0.97062 -0.00551177
19.3051 25.8383 5.62028 -0.265836 -0.963991 0.00718143
18.2336 26.1393 5.54654 -0.272371 -0.962184 0.0036249
17.0767 26.4826 5.49889 -0.29568 -0.955271 0.00552022
16.0583 26.7981 5.50069 -0.298343 -0.95443 0.00746684
15.1433 27.0991 5.55941 -0.320374 -0.947287 -0.0027475
14.2135 27.4302 5.6298 -0.343568 -0.939128 -0.000701316
13.0936 27.8427 5.43711 -0.348068 -0.937469 -0.000227206
12.6512 28.0246 4.16878 -0.367791 -0.929844 -0.00887096
12.6021 28.0446 2.95298 -0.371705 -0.928351 0.000477898
12.5257 28.0717 1.85714 -0.363899 -0.931417 0.000522119
12.5726 28.0596 0.786553 -0.360696 -0.932673 -0.00360482
12.565 28.0606 -0.156243 -0.374375 -0.927274 0.00240274
12.6118 28.0386 -1.10234 -0.367508 -0.929993 0.00251068
12.6466 28.0203 -2.29918 -0.364077 -0.931345 0.0063979
12.5414 28.0605 -3.72894 -0.372339 -0.928073 -0.00415517
12.6313 28.0199 -4.97123 -0.373488 -0.92754 0.0132578
13.4076 27.7091 -5.56422 -0.345006 -0.938598 0.00234845
14.4036 27.3422 -5.65679 -0.333816 -0.94252 0.00169482
15.6 26.945 -5.69252 -0.313587 -0.949533 0.00709713
16.5686 26.6333 -5.68873 -0.303379 -0.952848 0.00646126
18.0671 26.1707 -5.56617 -0.28971 -0.957114 0.00100608
19.0805 25.8708 -5.5454 -0.243614 -0.969743 0.0106193
19.9804 25.6536 -5.56504 -0.234533 -0.972102 0.00352305
20.8649 25.4388 -5.45616 -0.233889 -0.972236 -0.002365
21.3328 25.3253 -4.62484 -0.226733 -0.973949 -0.0037324
21.3199 25.3261 -3.69364 -0.22605 -0.974113 -0.00227706
21.3483 25.3211 -2.7603 -0.228016 -0.973605 0.0101003
21.4198 25.3126 -1.85912 -0.230018 -0.973163 0.00673445
21.4258 25.3173 -0.533818 -0.219272 -0.975655 0.00412994
22.1409 25.1578 -0.520174 -0.212516 -0.977158 -0.000278213
22.1686 25.1494 -1.47202 -0.211886 -0.97723 0.011209
22.0415 25.1665 -2.5295 -0.206121 -0.978488 0.00798709
22.009 25.1662 -3.68756 -0.224611 -0.974443 0.000657498
22.0861 25.1512 -4.81808 -0.225885 -0.974151 -0.00260023
21.9579 25.1845 -6.01551 -0.228213 -0.97361 -0.00158842
21.0876 25.3888 -6.30576 -0.227389 -0.973804 -0.000749186
19.98 25.6509 -6.33128 -0.234528 -0.972103 0.0036319
18.7925 25.9525 -6.28225 -0.269915 -0.962684 -0.00892022
17.5108 26.3383 -6.34137 -0.293705 -0.955887 -1.62508e-05
16.0071 26.8073 -6.39544 -0.300541 -0.953753 0.00271188
15.0026 27.1425 -6.36953 -0.321087 -0.947039 -0.00439293
14.1051 27.4467 -6.35839 -0.333816 -0.94252 0.00169482
12.6753 27.9815 -6.28239 -0.358371 -0.933536 0.00104793
12.0062 28.2481 -5.65609 -0.361273 -0.932303 0.0152051
11.8585 28.3397 -4.38484 -0.375084 -0.926703 0.0100673
11.8844 28.3178 -3.32636 -0.3746 -0.927123 -0.00829558
11.9652 28.292 -2.42711 -0.382366 -0.923812 0.0191647
11.9602 28.3034 -1.32231 -0.383016 -0.923734 -0.00371048
11.909 28.3245 -0.330292 -0.374014 -0.927417 0.00337092
11.9282 28.3182 0.576946 -0.369274 -0.929183 -0.0160132
11.8756 28.3255 1.54011 -0.363899 -0.931417 0.000521672
11.9173 28.3175 2.807 -0.371878 -0.928233 0.0073325
11.9747 28.2938 3.74571 -0.368363 -0.929678 -0.00253781
11.9246 28.3032 4.78684 -0.377325 -0.926043 -0.00838616
12.1664 28.1948 5.95221 -0.377311 -0.926061 -0.00692613
13.568 27.6663 6.30203 -0.350465 -0.936558 0.00349798
14.4701 27.3413 6.34616 -0.337686 -0.941246 0.00497544
15.4225 27.0027 6.25307 -0.309359 -0.950858 0.00236136
16.4518 26.6789 6.21113 -0.307135 -0.951638 -0.00476851
17.6358 26.313 6.23775 -0.284924 -0.958465 0.0049574
18.841 25.9713 6.34666 -0.26918 -0.963061 0.00641233
19.7988 25.7076 6.34861 -0.265657 -0.964046 0.00642823
21.0312 25.3874 6.29965 -0.237998 -0.971258 -0.00382086
21.8753 25.1899 5.78272 -0.227158 -0.973707 -0.0171679
22.0934 25.1546 4.60339 -0.220545 -0.97533 -0.00958549
22.0328 25.1735 3.32713 -0.220291 -0.97543 0.00271987
22.0639 25.1711 2.24229 -0.191729 -0.981439 -0.0040649
22.0909 25.1707 1.08518 -0.193083 -0.981157 0.00241971
22.0813 25.1729 0.171135 -0.219093 -0.975694 -0.000325978
22.1204 25.1622 -0.273696 -0.215894 -0.976406 0.00192586
22.8484 25.004 -0.481122 -0.201595 -0.979349 0.00729613
22.8823 24.9923 -1.67737 -0.209723 -0.97772 0.00801166
22.7703 25.0111 -2.68082 -0.207561 -0.97821 0.00481252
22.7237 25.0111 -3.64683 -0.199689 -0.979812 0.00395306
22.8153 24.9987 -4.62853 -0.18944 -0.981886 -0.00347622
22.8291 25.001 -5.81377 -0.195247 -0.980618 -0.0130772
22.7816 25.0151 -6.7462 -0.208399 -0.977808 0.0214842
21.233 25.3576 -7.04915 -0.228898 -0.973435 -0.00425661
20.231 25.5905 -7.09164 -0.21967 -0.975523 0.00092868
19.2886 25.8335 -7.14434 -0.257289 -0.966314 0.00628725
18.0806 26.1677 -7.0443 -0.285955 -0.958237 -0.00354279
17.1838 26.4398 -7.09067 -0.29585 -0.95523 0.000757967
15.9303 26.8296 -7.07013 -0.296917 -0.954897 0.00341221
14.2917 27.3764 -7.06065 -0.321529 -0.946766 0.0159187
13.4062 27.7028 -7.05989 -0.351328 -0.936208 0.0072391
12.3206 28.1144 -7.05886 -0.366376 -0.930332 0.00288618
11.4666 28.471 -6.9342 -0.388336 -0.921501 -0.00558856
11.2204 28.5692 -6.05135 -0.39391 -0.919119 -0.00251915
11.2156 28.5778 -4.92857 -0.384699 -0.922624 0.0198733
11.2111 28.5974 -3.53107 -0.388106 -0.921535 -0.000488514
11.2981 28.5688 -2.60239 -0.395017 -0.918627 0.00926852
11.2244 28.6099 -1.65126 -0.386446 -0.9223 -0.000749814
11.252 28.5967 -0.424457 -0.386581 -0.922251 -0.00270222
11.2466 28.5965 0.51046 -0.390261 -0.920675 -0.00523931
11.2196 28.5963 2.1858 -0.386213 -0.922336 0.00198882
11.26 28.5857 3.23427 -0.377801 -0.925871 -0.00546806
11.2156 28.5927 4.71476 -0.377871 -0.925816 -0.00881319
11.1749 28.5992 5.90187 -0.379759 -0.925068 -0.00305254
11.5249 28.4552 6.79498 -0.381874 -0.924213 0.00141156
13.0345 27.8608 7.00063 -0.354073 -0.935136 -0.0123614
13.9209 27.5327 7.04007 -0.346833 -0.937917 -0.00424838
14.7877 27.2218 7.03226 -0.336959 -0.941471 -0.00952999
15.6656 26.9252 6.95013 -0.310418 -0.950532 0.00294517
16.7552 26.5812 6.95771 -0.292263 -0.956323 -0.00538056
17.7519 26.281 6.91841 -0.275266 -0.961303 -0.000713857
18.9923 25.9345 7.16343 -0.26918 -0.963061 0.0064099
20.5706 25.4975 7.01595 -0.252618 -0.967442 -0.000215786
22.132 25.1213 6.93906 -0.231793 -0.972764 0.00138626
22.8498 24.9879 6.14975 -0.198874 -0.979941 -0.0122998
22.7913 25.0069 5.15447 -0.199805 -0.979827 -0.00408252
22.7175 25.0303 3.84187 -0.191713 -0.981401 -0.00986339
22.7476 25.0333 2.91999 -0.190335 -0.981678 -0.00901244
22.8658 25.0157 1.93578 -0.191677 -0.98145 -0.00398091
22.8024 25.0287 0.973258 -0.194386 -0.980884 0.00898773
22.7815 25.0296 0.621528 -0.191122 -0.981537 0.00607571
22.7417 25.0361 0.26914 -0.189267 -0.981866 0.00901677
