-33.1251 27.7647 -1.14864 0.265218 -0.964169 0.00256641
-33.2854 27.7215 -0.20509 0.258403 -0.966036 -0.00140937
-33.2264 27.7363 0.521506 0.259349 -0.965759 -0.00545961
-32.5708 27.9164 -0.0392946 0.271285 -0.96248 -0.00605504
-32.9682 27.8088 -1.13944 0.270175 -0.962808 0.00232038
-32.8674 27.8349 -1.97915 0.27059 -0.962691 0.00258802
-33.8531 27.5692 -1.52762 0.252065 -0.967701 -0.00420801
-34.025 27.5232 -0.48376 0.259885 -0.96564 1.28965e-05
-33.9703 27.5317 0.932498 0.260294 -0.965483 -0.0095103
-33.1709 27.7449 1.9692 0.271738 -0.962316 -0.0103266
-32.1861 28.0211 1.70927 0.276127 -0.961082 -0.00133602
-32.0052 28.0794 0.72242 0.283422 -0.958985 -0.000321613
-31.971 28.0892 -0.641498 0.270525 -0.962702 -0.002002
-32.4823 27.9432 -1.94606 0.270175 -0.962808 0.00231888
-32.7514 27.8675 -1.97051 0.27059 -0.962691 0.00258802
-32.8623 27.8328 -2.69345 0.270146 -0.962803 0.00557821
-34.1227 27.4989 -2.58638 0.253484 -0.967331 0.00413239
-34.5692 27.3924 -1.81158 0.21976 -0.975542 0.00348264
-34.6932 27.361 -0.482415 0.224231 -0.974513 -0.0033196
-34.6602 27.3614 0.727226 0.23587 -0.971727 -0.00855908
-34.5432 27.3856 2.0623 0.239705 -0.970841 -0.00289322
-33.9752 27.5325 2.6285 0.248832 -0.968547 -8.71327e-05
-32.8144 27.8408 2.72339 0.275826 -0.961207 0.000690419
-31.8294 28.1276 2.64229 0.292034 -0.956355 0.0021493
-31.3865 28.2606 1.63861 0.297594 -0.954639 0.0101393
-31.3105 28.2827 0.283854 0.283128 -0.959074 0.00401384
-31.3338 28.2799 -1.09247 0.295781 -0.955217 -0.00626143
-31.4677 28.2455 -2.27369 0.288346 -0.957515 0.00462292
-32.5064 27.9327 -2.69813 0.27741 -0.960713 0.00387653
-32.6231 27.8999 -2.70921 0.270146 -0.962803 0.00557821
-32.6609 27.8852 -3.41606 0.27741 -0.960713 0.00387653
-31.5752 28.2075 -3.42984 0.286511 -0.958068 0.00339725
-30.7388 28.4688 -2.41196 0.297832 -0.954618 0.000822296
-30.6687 28.4908 -1.46186 0.300798 -0.953682 -0.0034632
-30.6428 28.4957 -0.516656 0.300738 -0.953686 -0.0057957
-30.6561 28.4811 0.674064 0.307551 -0.951488 -0.00366596
-30.6881 28.4793 1.61263 0.31144 -0.950207 0.0105291
-30.7608 28.4652 2.52754 0.306366 -0.951913 0.00129605
-31.2092 28.3223 3.308 0.303463 -0.952838 0.000134284
-32.4444 27.951 3.48852 0.283235 -0.959034 0.00565841
-33.8496 27.5647 3.41804 0.250339 -0.968153 -0.00193157
-34.8334 27.3095 3.23276 0.238726 -0.970983 -0.00441348
-35.2736 27.2186 2.46228 0.211673 -0.977133 -0.00590763
-35.305 27.1992 1.48112 0.223335 -0.974553 0.00492072
-35.3656 27.2059 0.0571719 0.211407 -0.97732 -0.00809786
-35.3523 27.2175 -1.13881 0.21857 -0.975787 -0.00820045
-35.2928 27.2259 -2.12205 0.221902 -0.975052 0.0058029
-35.0025 27.2899 -3.1299 0.222952 -0.974819 -0.00243334
-34.0413 27.5169 -3.37388 0.254734 -0.967005 0.00305541
-32.8414 27.8346 -3.40433 0.263065 -0.964741 0.00377732
-32.9127 27.8194 -4.12637 0.252183 -0.967607 -0.0117409
-33.8916 27.5624 -4.10506 0.250415 -0.96802 -0.0146399
-35.1584 27.2595 -4.03392 0.221198 -0.975216 -0.00506115
-35.9401 27.0854 -3.36081 0.186958 -0.982367 -0.00132581
-36.0051 27.066 -2.4627 0.202885 -0.979084 -0.00218653
-36.0312 27.069 -1.53111 0.215553 -0.976448 0.000279079
-36.0706 27.0498 -0.31241 0.217521 -0.976039 -0.00407477
-36.0023 27.0552 1.05896 0.20307 -0.979093 -0.00822171
-35.9992 27.0626 2.26946 0.211676 -0.977132 -0.00590867
-36.0638 27.0257 3.16626 0.202769 -0.978952 -0.0168561
-35.5463 27.1458 3.95474 0.211098 -0.977394 0.0117937
-34.1175 27.4922 4.14074 0.252631 -0.967544 0.00182275
-33.0035 27.7883 4.19198 0.274448 -0.96152 0.0057467
-32.0287 28.075 4.16803 0.282185 -0.959358 -0.00199204
-31.0702 28.3688 4.13368 0.304093 -0.952626 0.00459843
-30.1619 28.6592 3.37273 0.306195 -0.951967 0.00201123
-30.0362 28.6983 2.19565 0.306635 -0.951827 0.00096379
-29.9802 28.708 1.24215 0.315345 -0.948966 0.00449157
-29.9701 28.7076 0.0404093 0.314241 -0.949343 0.000945859
-29.9922 28.7035 -1.26531 0.300978 -0.953624 -0.00360886
-30.06 28.6838 -2.49287 0.306673 -0.951795 -0.00140193
-30.2154 28.6402 -3.64615 0.31057 -0.95053 -0.00632546
-31.2254 28.3176 -4.13649 0.303234 -0.952916 0.000543448
-32.3118 27.9844 -4.1415 0.283223 -0.959021 0.00801608
-32.5731 27.9074 -4.12848 0.266932 -0.96352 -0.00143083
-32.631 27.9005 -4.85 0.250643 -0.968018 -0.0108831
-31.3364 28.2825 -4.87236 0.304322 -0.952569 -0.0011416
-30.2972 28.62 -4.8659 0.320871 -0.947123 0.000516454
-29.573 28.8598 -4.26071 0.313818 -0.949394 -0.0130409
-29.4424 28.8909 -3.36795 0.310699 -0.95049 -0.00591863
-29.3545 28.9252 -2.22707 0.338763 -0.940867 9.39198e-06
-29.3197 28.9372 -0.826129 0.335135 -0.94217 0.000969003
-29.2942 28.9314 0.14096 0.320989 -0.946998 -0.00688453
-29.3207 28.9334 1.73981 0.34277 -0.939359 0.0106455
-29.3939 28.9216 2.88434 0.341305 -0.939871 0.0123415
-29.5389 28.8804 4.40213 0.327457 -0.944824 0.00877811
-30.3886 28.5904 4.88074 0.327174 -0.944937 0.00708854
-31.3969 28.2705 4.85763 0.301891 -0.953318 0.00680335
-32.3645 27.9748 4.88263 0.27445 -0.961519 0.00574912
-33.3382 27.706 4.93098 0.266713 -0.963681 0.0134876
-34.2804 27.4551 4.86975 0.253421 -0.967327 0.00742575
-35.5705 27.1478 4.72671 0.208364 -0.978046 0.0031134
-36.5264 26.9407 4.49502 0.199814 -0.979728 0.0074409
-36.7568 26.893 3.40785 0.188532 -0.982062 0.00308656
-36.6677 26.919 2.13365 0.189633 -0.981815 -0.00885346
-36.6915 26.9168 0.93463 0.19136 -0.981496 0.00330834
-36.7792 26.8965 -0.383604 0.192281 -0.981301 -0.00488821
-36.7312 26.9124 -1.54751 0.202285 -0.979164 -0.00665772
-36.6932 26.9314 -2.52005 0.193079 -0.981091 -0.0134359
-36.6638 26.9479 -3.52137 0.188215 -0.982108 0.00364768
-36.3543 26.9976 -4.66078 0.20303 -0.979037 6.35679e-07
-35.042 27.2898 -4.77948 0.218893 -0.97572 -0.00684334
-34.014 27.5434 -4.81987 0.247106 -0.968845 -0.0166759
-32.8221 27.851 -4.84873 0.250645 -0.968018 -0.0108823
-32.6306 27.9027 -5.56879 0.251041 -0.967976 -1.48701e-05
-33.869 27.5819 -5.54003 0.248371 -0.968659 0.00181505
-35.1559 27.2666 -5.5327 0.2213 -0.975184 -0.00252029
-36.037 27.0712 -5.53168 0.216542 -0.976273 0.000897036
-37.1127 26.8455 -5.33954 0.192079 -0.981376 0.00256101
-37.3798 26.8119 -4.46697 0.173909 -0.984749 0.00503147
-37.3728 26.8105 -3.22788 0.186752 -0.982343 -0.0111659
-37.3959 26.7947 -2.32814 0.186058 -0.982459 -0.0125119
-37.4724 26.7696 -1.06233 0.186152 -0.982509 -0.00480899
-37.4798 26.7583 -0.0399446 0.188461 -0.982019 -0.0109607
-37.3695 26.7846 1.22979 0.194735 -0.980821 0.00826264
-37.3726 26.7824 2.14673 0.190116 -0.981724 -0.00854362
-37.4599 26.7569 3.11785 0.190137 -0.98171 0.000687051
-37.4221 26.7743 4.53415 0.180515 -0.983553 0.00617157
-37.0782 26.8369 5.39876 0.186051 -0.982522 2.30194e-05
-36.1344 27.0297 5.43198 0.209622 -0.977781 0.00165277
-34.765 27.3441 5.56772 0.243755 -0.969703 0.0161204
-33.6577 27.6252 5.6703 0.256701 -0.96638 0.00830905
-32.6405 27.9044 5.65709 0.264752 -0.964316 -0.000438218
-31.3461 28.2882 5.56362 0.301046 -0.953609 -0.00130679
-30.2339 28.649 5.59471 0.327497 -0.944829 0.006648
-29.0393 29.0641 5.44237 0.330413 -0.943814 -0.00653782
-28.6947 29.1772 4.5819 0.338089 -0.941061 0.00456159
-28.7289 29.1644 3.6081 0.34494 -0.938623 0.00191792
-28.7203 29.1637 2.6892 0.342048 -0.939609 0.0116966
-28.6402 29.1813 1.69907 0.34277 -0.939359 0.0106465
-28.6333 29.1767 0.287461 0.356108 -0.93444 -0.00294324
-28.6524 29.1746 -1.10539 0.348192 -0.937376 0.000655922
-28.6541 29.1774 -2.39526 0.338764 -0.940867 9.08688e-06
-28.7412 29.1501 -3.38185 0.347966 -0.937484 -0.00658651
-28.7842 29.1416 -4.28325 0.347608 -0.937606 -0.00795066
-29.2404 28.9767 -5.52667 0.334419 -0.942306 0.00148521
-30.1925 28.6545 -5.60867 0.323324 -0.946254 0.00615601
-31.244 28.3113 -5.5825 0.304992 -0.952351 0.00281097
-32.574 27.9173 -5.56881 0.253842 -0.967233 -0.00291096
-32.5477 27.9277 -6.27741 0.25732 -0.966291 0.00820034
-31.2175 28.3134 -6.3025 0.299959 -0.953889 0.0109598
-30.0683 28.6895 -6.32605 0.326232 -0.945233 0.0103698
-29.2006 28.9916 -6.32968 0.360819 -0.932607 -0.00218346
-28.2211 29.3648 -5.79557 0.360441 -0.932737 -0.00913465
-28.0518 29.4194 -4.64484 0.374107 -0.927188 -0.019113
-28.049 29.4074 -3.42153 0.349507 -0.936914 -0.00576899
-27.9742 29.4286 -2.45543 0.348115 -0.937373 -0.0121877
-27.9631 29.4232 -1.26779 0.339701 -0.940525 0.00109463
-27.9825 29.4239 0.242696 0.349567 -0.936819 0.00803545
-27.9631 29.4288 1.64744 0.361793 -0.932192 0.00631959
-28.0118 29.4291 2.60015 0.360218 -0.932674 0.0190324
-28.0261 29.4234 3.96047 0.3447 -0.938712 0.000336351
-27.927 29.4654 5.32734 0.37358 -0.927574 0.004686
-28.6653 29.2001 6.3005 0.342776 -0.939352 0.0110738
-29.5192 28.8903 6.38882 0.31747 -0.94824 0.00734167
-30.6822 28.4999 6.3198 0.313332 -0.949605 0.0071087
-31.6022 28.2063 6.31715 0.289865 -0.956977 0.00364567
-32.7451 27.8754 6.40229 0.271719 -0.96233 0.00407685
-33.8922 27.5776 6.38759 0.248649 -0.968444 0.0170532
-34.8482 27.3343 6.30766 0.243281 -0.969854 0.0140926
-35.8673 27.0882 6.19357 0.211963 -0.977254 0.00526368
-36.9679 26.8616 6.25317 0.190659 -0.98165 0.00364972
-37.8307 26.6958 6.02484 0.178653 -0.983903 -0.00322108
-38.1302 26.6455 4.92297 0.170948 -0.985246 -0.00575633
-38.1572 26.6322 3.916 0.167848 -0.98573 0.0127621
-38.1326 26.6285 2.83991 0.188456 -0.98203 -0.00968631
-38.0429 26.6571 1.74991 0.186384 -0.982449 -0.00553825
-38.14 26.6257 0.50629 0.180188 -0.983584 0.00368495
-38.176 26.6365 -1.10154 0.187308 -0.982264 -0.00788384
-38.1272 26.6541 -2.00769 0.184223 -0.982838 -0.00954566
-38.082 26.6782 -3.52947 0.18744 -0.982227 -0.00981811
-38.1535 26.6767 -4.53211 0.155576 -0.987732 0.0110524
-38.1221 26.6648 -5.49646 0.151642 -0.988325 0.00261271
-37.4366 26.7886 -6.29691 0.166072 -0.98596 -0.0173874
-36.4691 26.9777 -6.264 0.212126 -0.97724 -0.00211261
-35.2059 27.2595 -6.27427 0.224726 -0.974401 0.000308114
-33.8747 27.5809 -6.26737 0.250193 -0.968193 -0.00240506
-33.1072 27.7785 -6.30202 0.251354 -0.967858 0.00490716
-32.9292 27.8222 -7.07395 0.245388 -0.969423 0.00161321
-31.7892 28.1416 -7.03354 0.297923 -0.954546 -0.00920531
-30.3435 28.5858 -7.04407 0.30872 -0.950935 0.00327969
-28.958 29.0836 -7.07223 0.348009 -0.937484 -0.00374362
-27.4979 29.6558 -6.77457 0.37619 -0.926525 0.000616646
-27.401 29.6956 -5.72347 0.376223 -0.926529 0.000339331
-27.3212 29.7142 -4.64598 0.375802 -0.926526 -0.017799
-27.3984 29.6651 -3.67638 0.377873 -0.925647 -0.0197275
-27.2835 29.6925 -2.59317 0.382954 -0.92367 -0.0123431
-27.2159 29.7082 -1.53077 0.378574 -0.925513 -0.0103566
-27.2972 29.6786 -0.484569 0.358872 -0.933319 0.0112755
-27.2729 29.6955 0.684117 0.354328 -0.935108 0.0050318
-27.2843 29.7055 2.33695 0.364303 -0.931159 0.0150377
-27.3309 29.6952 3.38189 0.36279 -0.931727 -0.0163716
-27.2701 29.7225 4.66603 0.37413 -0.927335 0.00857397
-27.2913 29.7221 5.99299 0.374475 -0.927237 -8.48652e-05
-28.2799 29.3413 7.00907 0.35354 -0.935223 0.00968455
-29.2321 28.9917 7.12066 0.330749 -0.943592 0.00165558
-30.1342 28.6899 7.10632 0.317132 -0.948356 0.00693608
-31.0609 28.3822 7.10186 0.308852 -0.951088 0.00646959
-31.9537 28.1068 7.09766 0.280295 -0.959913 -0.00114342
-33.0136 27.8001 7.10491 0.27763 -0.960685 0.00234758
-34.0004 27.5489 7.11375 0.242166 -0.970167 -0.0108728
-34.9977 27.2993 7.06364 0.252093 -0.967698 0.0031194
-35.8691 27.0949 6.97069 0.214305 -0.976726 0.00887435
-36.9826 26.8614 7.02249 0.19151 -0.98148 0.00445088
-38.1583 26.6442 6.97885 0.164135 -0.986425 0.00501322
-38.9401 26.5028 6.40723 0.164074 -0.98634 0.0118432
-38.8828 26.5139 5.47984 0.166032 -0.986082 -0.00868024
-38.9136 26.5075 4.42408 0.173618 -0.98481 0.0024828
-38.8945 26.5014 3.51062 0.167292 -0.985835 0.0118971
-38.8075 26.5046 2.48135 0.176299 -0.98423 0.000279161
-38.8025 26.5063 1.02743 0.180187 -0.983585 0.00368657
-38.9246 26.4884 -0.0563739 0.17706 -0.984169 -0.00675896
-38.8684 26.5217 -1.57883 0.173868 -0.984583 -0.019141
-38.7544 26.5605 -2.88344 0.156314 -0.987484 -0.0203919
-38.9324 26.5522 -4.15946 0.157247 -0.987493 -0.00497759
-38.9834 26.5389 -5.17059 0.155575 -0.987732 0.0110494
-38.9188 26.5487 -6.05345 0.15747 -0.987474 -0.00582496
-38.4373 26.6253 -7.00963 0.16519 -0.986242 0.00591437
-36.9891 26.8679 -7.04688 0.163901 -0.986477 0.000742583
-36.0786 27.0625 -7.01226 0.211833 -0.977306 0.000544222
-35.1971 27.2564 -7.0365 0.219133 -0.975674 0.00273294
-33.8674 27.5848 -7.07335 0.247792 -0.968808 -0.000393565
-33.6464 27.6407 -7.07335 0.245389 -0.969423 0.00161475
