-36.9685 33.0922 0.392599 0.130451 -0.991447 -0.00390472
-36.9838 33.0959 -0.738131 0.132306 -0.991178 -0.00787407
-37.5381 33.0261 -1.42133 0.13363 -0.991028 -0.00239606
-37.8188 32.9834 -0.421798 0.130532 -0.991437 -0.00376563
-37.6998 32.9945 0.777023 0.124075 -0.992186 0.00589027
-37.1362 33.0688 0.740169 0.130448 -0.991447 -0.00390528
-36.2073 33.2053 0.858208 0.153759 -0.988108 0.00050378
-36.3663 33.1747 1.88501 0.149039 -0.988814 -0.00584389
-37.1736 33.0651 2.17958 0.128671 -0.991682 0.00337273
-38.0736 32.9613 2.04916 0.111373 -0.993759 -0.00627932
-38.4236 32.9168 1.19343 0.0871374 -0.996196 -0.000672792
-38.5211 32.9071 0.0865173 0.086678 -0.996228 0.00398262
-38.544 32.9004 -0.940315 0.0863586 -0.996248 0.00551385
-38.3372 32.9256 -1.89553 0.0963613 -0.995326 -0.00562386
-37.5395 33.0269 -2.26758 0.130136 -0.99148 -0.0056812
-36.4181 33.1798 -1.90352 0.141812 -0.989893 0.00116196
-36.1984 33.2091 -0.971008 0.143563 -0.98959 -0.0100762
-36.2016 33.2058 0.0035945 0.153765 -0.988107 0.000501458
-36.2092 33.2047 0.281004 0.153761 -0.988108 0.000504242
-35.4533 33.3224 0.447655 0.153762 -0.988108 0.000499528
-35.4406 33.318 1.48505 0.150156 -0.988632 -0.0077119
-35.5844 33.2938 2.7205 0.155728 -0.987729 0.0118065
-36.4458 33.1613 3.03096 0.142055 -0.989718 0.00541223
-37.8176 32.9842 2.96043 0.120023 -0.99272 -0.00145208
-38.8719 32.8734 2.70438 0.102129 -0.99477 -0.00143451
-39.1204 32.8532 1.7062 0.0938835 -0.995573 -0.00428341
-39.2261 32.847 0.580247 0.0871784 -0.99619 0.00137067
-39.2966 32.8366 -0.661463 0.0866789 -0.996228 0.00398216
-39.2557 32.8342 -1.6086 0.0914924 -0.995765 -0.00104482
-39.1085 32.8527 -2.54305 0.0963171 -0.995347 -0.00268237
-38.1549 32.9505 -3.03213 0.115015 -0.993229 -0.005956
-37.0192 33.0994 -3.03849 0.129993 -0.991501 -0.00530092
-36.1315 33.2243 -2.94275 0.145583 -0.989333 -0.00516577
-35.5081 33.3165 -2.17162 0.167019 -0.985953 -0.00106572
-35.4343 33.3282 -1.18438 0.168145 -0.98576 -0.00150191
-35.4431 33.3237 -0.20489 0.160921 -0.986938 -0.0012702
-34.6902 33.453 -0.409633 0.169038 -0.985606 -0.00272343
-34.6908 33.4551 -1.74667 0.168212 -0.985751 2.94185e-05
-34.7809 33.4416 -2.96102 0.168178 -0.985753 -0.00280695
-35.2847 33.3601 -3.67051 0.162891 -0.986612 -0.00801031
-36.2459 33.2107 -3.76287 0.142892 -0.989737 -0.00188192
-37.3989 33.0527 -3.81757 0.13166 -0.991293 -0.00173438
-38.4992 32.919 -3.79691 0.10208 -0.994767 -2.7418e-06
-39.537 32.8107 -3.60134 0.0920326 -0.995655 0.00632835
-39.9985 32.7723 -2.75765 0.0853749 -0.996336 -0.00512996
-40.0144 32.7685 -1.80645 0.0812757 -0.996671 0.00614778
-40.0236 32.7724 -0.487221 0.086427 -0.996253 -0.0031122
-39.979 32.7782 0.428636 0.0939495 -0.995567 -0.000147964
-39.9201 32.7788 1.46706 0.093882 -0.995573 -0.00427972
-39.8112 32.7848 2.83623 0.0933687 -0.995626 -0.00322846
-39.103 32.8485 3.60522 0.0847731 -0.996359 -0.0039491
-38.1108 32.9523 3.75211 0.11241 -0.993603 0.00569917
-36.7408 33.1233 3.82339 0.142057 -0.989718 0.00541809
-35.3808 33.3372 3.86528 0.159124 -0.987235 -0.00242131
-34.7823 33.4343 3.212 0.169309 -0.985487 0.0122382
-34.6679 33.4429 1.91818 0.172449 -0.98501 0.00416795
-34.6808 33.4496 0.679545 0.167138 -0.985889 -0.00934429
-34.6896 33.451 0.319027 0.169034 -0.985606 -0.00272454
-33.9194 33.588 0.332197 0.20313 -0.979138 -0.00445382
-33.9267 33.5992 -0.781683 0.192821 -0.981141 -0.0134961
-33.8961 33.606 -1.70112 0.186596 -0.982437 -8.18145e-05
-33.9524 33.5906 -2.8449 0.185668 -0.982589 0.00673334
-34.1536 33.5613 -4.19656 0.177108 -0.984143 -0.00980728
-35.2819 33.365 -4.58534 0.160514 -0.987028 -0.00318177
-36.264 33.2089 -4.55488 0.146507 -0.989197 -0.00315081
-37.679 33.0121 -4.61042 0.130495 -0.991432 0.00586762
-39.0381 32.8603 -4.56869 0.105663 -0.994402 -9.14575e-05
-40.2204 32.749 -4.37494 0.0763627 -0.997053 0.00373925
-40.7348 32.7109 -3.32536 0.0861072 -0.99628 -0.00339716
-40.7842 32.7051 -2.0578 0.0806261 -0.996735 0.00443765
-40.7829 32.7069 -0.617909 0.0753091 -0.997092 0.000228131
-40.7358 32.7122 0.360518 0.0679815 -0.997683 -0.000216028
-40.6859 32.7168 1.70012 0.070795 -0.997491 -0.000457152
-40.6684 32.7179 2.61169 0.0709879 -0.997477 -0.000202394
-40.5967 32.7194 3.51311 0.0742732 -0.997228 -0.00363733
-40.1288 32.758 4.43589 0.0847729 -0.996359 -0.00394884
-39.1693 32.8412 4.52894 0.109751 -0.993959 0.000142522
-37.8136 32.9955 4.60629 0.117549 -0.993033 0.000797742
-36.3272 33.1894 4.65662 0.149832 -0.98871 0.00178169
-35.4349 33.3264 4.70094 0.159125 -0.987235 -0.00242126
-34.1338 33.5455 4.25722 0.164195 -0.986423 0.000616366
-33.9252 33.5814 2.89212 0.205195 -0.978719 -0.00182656
-33.8838 33.5887 1.68623 0.206956 -0.978349 0.00185964
-33.9149 33.5858 0.807247 0.204755 -0.978792 -0.00645059
-33.142 33.7463 0.994078 0.203127 -0.979139 -0.00445976
-33.1867 33.7403 -0.279373 0.200709 -0.979648 -0.00231408
-33.1245 33.7537 -1.20934 0.196279 -0.980548 -0.000952413
-33.1235 33.7567 -2.22577 0.203651 -0.979013 -0.00261704
-33.2246 33.7317 -3.40978 0.208687 -0.977977 -0.000281109
-33.3313 33.7224 -4.64555 0.203045 -0.979091 -0.0124035
-33.8201 33.6284 -5.39007 0.205793 -0.978542 -0.0101964
-35.1821 33.3845 -5.39553 0.163502 -0.986508 -0.00701773
-36.6118 33.1615 -5.34168 0.148828 -0.988844 -0.00614809
-37.6408 33.017 -5.40823 0.113081 -0.993583 -0.00176228
-38.6924 32.8972 -5.40891 0.107043 -0.994234 -0.000632606
-39.7093 32.7918 -5.30998 0.102977 -0.994674 -0.00447633
-41.0213 32.6917 -5.16346 0.0655842 -0.997818 -0.000968134
-41.4486 32.6666 -4.43752 0.0617508 -0.998069 -0.00421404
-41.5489 32.6515 -3.05289 0.0665846 -0.997772 -0.00408425
-41.576 32.6581 -1.8411 0.0528296 -0.998599 0.002916
-41.5579 32.6589 -0.939749 0.054727 -0.998501 -0.000846444
-41.4967 32.6616 0.296539 0.0665934 -0.997777 -0.00235398
-41.457 32.6623 1.56824 0.070595 -0.997505 -0.000708015
-41.4307 32.6636 2.64291 0.0717884 -0.997412 -0.00292866
-41.4239 32.6582 4.09042 0.0564086 -0.998384 -0.00511491
-40.7329 32.7047 5.31162 0.0708159 -0.99747 -0.00604555
-39.685 32.7844 5.31343 0.0947034 -0.995364 -0.00508575
-38.475 32.9187 5.42217 0.109589 -0.993975 0.00156371
-37.141 33.0674 5.40665 0.131852 -0.991092 -0.00235329
-35.6236 33.2959 5.48571 0.159781 -0.987069 0.00215395
-34.3703 33.5143 5.45759 0.171935 -0.985087 0.00641985
-33.3167 33.708 4.5706 0.205808 -0.978592 0.00107975
-33.1703 33.7385 3.50812 0.205195 -0.978719 -0.00182602
-33.1228 33.7512 2.49454 0.206378 -0.97847 -0.000379661
-33.1293 33.7473 1.23005 0.205838 -0.978574 -0.00227089
-32.3333 33.9203 1.52537 0.211231 -0.977408 0.00552559
-32.4152 33.8964 0.286511 0.199912 -0.979812 -0.00217153
-32.3662 33.9058 -0.887532 0.198107 -0.980179 0.001565
-32.3415 33.9136 -1.999 0.199007 -0.979965 -0.00808986
-32.4375 33.8996 -3.30667 0.208687 -0.977977 -0.000284186
-32.5 33.8894 -4.21077 0.206046 -0.978497 -0.00776596
-32.4912 33.9029 -5.21151 0.198404 -0.980081 -0.00876937
-32.7904 33.8459 -6.13526 0.202067 -0.979371 -0.000826658
-33.7046 33.6568 -6.25733 0.200953 -0.979593 -0.0029058
-34.7396 33.4645 -6.23711 0.165831 -0.986151 0.00244365
-35.669 33.3085 -6.11719 0.160852 -0.986957 -0.00144107
-37.1432 33.083 -6.16778 0.150881 -0.988552 -0.000614747
-38.2237 32.9505 -6.24438 0.116649 -0.993154 -0.00356275
-39.2859 32.838 -6.14678 0.100849 -0.994901 -0.00133662
-40.1811 32.7537 -6.10181 0.0729786 -0.997329 0.00162452
-41.5751 32.6573 -6.04183 0.0609432 -0.998133 0.00394959
-42.2017 32.6229 -5.16852 0.0594456 -0.998226 0.00202131
-42.2813 32.6079 -3.59555 0.0356376 -0.999347 -0.00551244
-42.367 32.6152 -2.20589 0.0537029 -0.998527 0.00665036
-42.3231 32.6103 -0.763092 0.068392 -0.997632 -0.00727834
-42.279 32.6102 0.164893 0.0658089 -0.997829 -0.00236508
-42.2516 32.6096 1.24553 0.0658549 -0.997827 -0.0021468
-42.2323 32.6124 2.22417 0.0485649 -0.998714 0.0145206
-42.285 32.6123 3.1977 0.0445705 -0.998984 -0.00665305
-42.2571 32.6111 4.09781 0.0564082 -0.998384 -0.00511513
-42.1492 32.6077 5.08468 0.048909 -0.998749 -0.00653017
-41.8135 32.6331 6.11988 0.0493048 -0.998739 0.00950875
-40.5126 32.7159 6.13949 0.0718756 -0.997397 -0.00566803
-39.4339 32.8131 6.15346 0.11243 -0.993654 -0.00107038
-37.9246 32.9799 6.20135 0.108425 -0.994104 0.00144955
-36.6972 33.1336 6.23498 0.1412 -0.989963 0.00603954
-35.5239 33.3186 6.26269 0.171379 -0.985182 0.00680533
-34.4653 33.5028 6.24634 0.176455 -0.984233 0.0105268
-33.2352 33.7278 6.14982 0.192514 -0.981167 0.00884087
-32.4951 33.8786 5.04132 0.203679 -0.979035 0.00140913
-32.4005 33.9015 3.64777 0.208622 -0.97799 -0.0033359
-32.3364 33.9204 2.20849 0.212442 -0.977166 -0.00197037
-32.3313 33.9208 1.56754 0.213678 -0.976903 0.00117095
-31.5644 34.0906 1.72494 0.248828 -0.96851 0.0082926
-31.5866 34.083 2.7563 0.264771 -0.964295 -0.00557285
-31.6248 34.0725 3.98028 0.257381 -0.966278 0.00790015
-31.6796 34.0589 4.98146 0.238822 -0.971023 -0.0088063
-31.7613 34.0338 6.06442 0.202016 -0.979371 -0.00172411
-32.6545 33.8456 6.91006 0.20081 -0.979613 -0.00588762
-34.0577 33.5783 6.97226 0.181942 -0.983303 -0.00350988
-35.0342 33.4013 6.98772 0.173342 -0.984834 -0.00407014
-36.5673 33.1567 7.02551 0.142156 -0.989818 0.00688704
-37.5204 33.0208 6.99995 0.123474 -0.992176 0.00169864
-38.9985 32.8598 7.01312 0.109949 -0.993879 -0.00866583
-40.3168 32.7301 6.94192 0.0742212 -0.997242 -0.000289146
-41.4273 32.6476 7.00137 0.0625526 -0.997939 -0.00604753
-42.8924 32.5778 6.68718 0.048517 -0.998777 -0.00945675
-43.0713 32.572 5.76281 0.042069 -0.9991 0.00544642
-42.9818 32.5745 4.66849 0.0414461 -0.999135 -0.00342649
-43.1156 32.573 3.53427 0.0424622 -0.999083 -0.00457439
-43.0524 32.5749 2.38403 0.0485666 -0.998714 0.0145191
-43.0286 32.5739 1.22467 0.0344278 -0.999376 0.00553772
-43.0829 32.5657 0.185128 0.029481 -0.999564 -0.00177667
-43.1124 32.5667 -0.816003 0.0293846 -0.999565 -0.00234037
-43.1777 32.5754 -2.11728 0.0473527 -0.99879 -0.0132762
-43.1201 32.5768 -3.06012 0.0348318 -0.999387 -0.00359795
-43.017 32.589 -4.6551 0.0403351 -0.999159 -0.00125311
-42.9907 32.5857 -5.55772 0.0436678 -0.999027 0.00598785
-42.7289 32.5937 -6.73395 0.0256151 -0.999462 0.00822478
-41.7253 32.6449 -6.93611 0.0611407 -0.998123 0.00353532
-40.5266 32.7248 -6.95118 0.0757444 -0.997121 0.00245953
-39.1849 32.8462 -6.9645 0.102375 -0.994737 0.00417782
-37.8421 33.0002 -7.08435 0.122323 -0.99249 0.000958215
-36.5226 33.1795 -6.95406 0.153568 -0.988128 -0.00453107
-35.185 33.3898 -7.03601 0.155865 -0.987764 -0.00532274
-33.9098 33.6195 -7.10128 0.199289 -0.979927 -0.00512254
-32.666 33.8723 -7.06968 0.200948 -0.979594 -0.00290643
-31.7308 34.0747 -6.69886 0.219334 -0.975576 -0.0119883
-31.6979 34.0769 -5.72893 0.247322 -0.968929 1.61685e-05
-31.7043 34.0767 -4.73817 0.244994 -0.969524 0.00144632
-31.6991 34.072 -3.64199 0.247001 -0.968977 -0.00859787
-31.614 34.0807 -2.55376 0.241718 -0.970292 -0.0102818
-31.5942 34.0739 -1.00797 0.244524 -0.969638 -0.00275753
-31.6365 34.0607 0.21129 0.2455 -0.969383 0.00211936
-31.5827 34.079 0.829449 0.247083 -0.968965 0.00748138
-31.571 34.0845 1.14928 0.247084 -0.968965 0.00748134
