24.1134 34.8101 -0.770414 -0.0703223 -0.997498 -0.00426033
23.4941 34.8573 -1.19351 -0.069125 -0.997558 -0.00999932
23.3744 34.8639 -0.210053 -0.0715085 -0.997439 0.00148111
23.2638 34.8794 1.00042 -0.093601 -0.995583 0.00278868
24.0702 34.8106 1.38253 -0.0824363 -0.996566 0.00209413
24.1559 34.8063 0.339004 -0.076287 -0.997086 -0.000645169
24.1285 34.8091 -0.737981 -0.0738985 -0.997262 0.000416423
24.891 34.7539 -0.838276 -0.0724606 -0.997363 -0.00398296
24.9127 34.7485 0.125428 -0.0743728 -0.997225 -0.00231504
24.8885 34.7508 1.21422 -0.0646137 -0.997902 0.00396069
24.3959 34.7856 2.24573 -0.0699651 -0.997548 0.00172032
23.2864 34.8786 2.36291 -0.0904986 -0.995839 -0.0106833
22.549 34.9502 1.23365 -0.0989663 -0.99509 -0.00117294
22.6183 34.9392 -0.228914 -0.102866 -0.994676 0.00555456
22.7352 34.9328 -1.73978 -0.0963214 -0.995289 -0.00801246
23.9161 34.8272 -2.2336 -0.0899389 -0.995947 0.000806768
24.7773 34.7582 -1.61261 -0.0702691 -0.99751 0.00605359
24.8874 34.7546 -0.928708 -0.0713651 -0.997437 0.00103397
25.6922 34.6965 -1.03734 -0.0622062 -0.998002 0.000169817
25.5782 34.7098 -2.28277 -0.0588148 -0.998253 -0.00572192
24.5098 34.7737 -2.91718 -0.0734401 -0.997207 -0.000868514
23.2602 34.8844 -3.079 -0.0909406 -0.995852 0.00280296
22.174 34.9857 -2.6687 -0.0903717 -0.995896 0.00441574
21.9473 35.0093 -1.75416 -0.118815 -0.992916 -0.000102819
21.9047 35.0175 -0.517599 -0.121421 -0.992594 0.00386691
21.8105 35.0322 0.720629 -0.118556 -0.992944 0.00184235
21.8153 35.0364 2.09858 -0.117879 -0.993021 0.0037987
22.3728 34.9665 3.04598 -0.108566 -0.994017 -0.00182258
23.7154 34.8353 3.20888 -0.0893552 -0.995965 -0.000163253
25.1596 34.7287 3.0505 -0.0705373 -0.997443 -0.0114862
25.5988 34.7034 2.07198 -0.0666192 -0.997773 -0.00342684
25.6721 34.699 0.951625 -0.0593188 -0.998212 -0.00103029
25.6854 34.7009 -0.110505 -0.0519518 -0.99864 0.00432282
25.6803 34.6998 -0.422957 -0.0519518 -0.99864 0.00432279
26.4585 34.6595 -0.379429 -0.0506329 -0.998711 0.00299365
26.4306 34.6592 -1.74726 -0.0493553 -0.998781 0.000652815
26.3926 34.6622 -2.71728 -0.0513172 -0.998645 -0.00321003
26.1092 34.6802 -3.63679 -0.0434002 -0.999055 0.000483277
24.9912 34.746 -3.7606 -0.0599419 -0.998201 -0.0014761
24.0309 34.8157 -3.80841 -0.0869379 -0.996214 -0.000264816
22.8828 34.9153 -3.87686 -0.0875771 -0.996147 0.00387608
21.6239 35.048 -3.69734 -0.127426 -0.991822 -0.00307748
21.1607 35.1054 -2.59687 -0.120639 -0.992692 -0.00307984
21.1916 35.0997 -1.47246 -0.119717 -0.9928 0.00274083
21.1101 35.1162 -0.139092 -0.120628 -0.992694 0.00222027
21.0307 35.1323 1.03871 -0.132988 -0.991097 0.00394165
21.0407 35.1294 2.37785 -0.125249 -0.992094 0.00135434
21.533 35.0743 3.75151 -0.128779 -0.991649 0.00692018
22.9238 34.912 3.93912 -0.100968 -0.994878 0.00474253
24.1164 34.8034 4.01163 -0.0812198 -0.996696 0.000817568
25.4799 34.706 3.87839 -0.0599374 -0.998201 -0.00159863
26.2614 34.6635 3.1516 -0.049175 -0.998779 -0.00481598
26.4263 34.6583 1.79816 -0.0483918 -0.998828 -7.3184e-05
26.4578 34.6583 0.690502 -0.0475091 -0.998869 -0.00175459
26.4661 34.6612 0.0989216 -0.0529925 -0.998581 -0.000849055
27.2262 34.6251 0.0567993 -0.0412448 -0.999131 -0.00248163
27.2179 34.6211 1.43739 -0.047318 -0.998879 -0.00126461
27.171 34.6227 2.6086 -0.0294768 -0.999545 -0.00643268
27.074 34.6234 3.87265 -0.0431587 -0.999068 0.00104011
26.3456 34.6532 4.58878 -0.0496334 -0.998715 -0.00312549
24.9494 34.736 4.77473 -0.0705246 -0.997451 -0.00066058
24.0345 34.8089 4.7781 -0.0773638 -0.996981 -0.00659082
22.8908 34.9191 4.7269 -0.103342 -0.994635 0.000903682
21.5115 35.0782 4.64778 -0.131065 -0.991374 0.000543685
20.6042 35.1977 4.42321 -0.131272 -0.991346 -0.000774074
20.3274 35.2354 3.35401 -0.142012 -0.989853 0.00475629
20.2705 35.2357 1.74862 -0.141999 -0.989854 0.00493886
20.3378 35.2192 0.34275 -0.13336 -0.991027 0.00896934
20.4338 35.1986 -1.03211 -0.146708 -0.989171 0.00429041
20.4075 35.2004 -1.98342 -0.142489 -0.989772 -0.00464888
20.3512 35.2155 -2.94734 -0.138314 -0.99036 -0.00746263
20.4625 35.2062 -4.23651 -0.130602 -0.991402 -0.00801295
21.3858 35.0861 -4.51654 -0.131771 -0.99125 -0.00778985
22.4962 34.9474 -4.63035 -0.0901591 -0.995915 -0.000982306
23.3933 34.8698 -4.64044 -0.0858021 -0.996311 0.00173189
24.4054 34.7822 -4.56565 -0.076483 -0.996997 0.00310641
25.5475 34.7094 -4.5504 -0.0630138 -0.998003 0.0043592
26.6294 34.6565 -4.47586 -0.042027 -0.999114 0.00210391
27.1797 34.6323 -3.75257 -0.044775 -0.998996 -0.00113251
27.1888 34.6284 -2.80376 -0.0383923 -0.999263 -0.000338631
27.1978 34.6255 -1.58241 -0.0361686 -0.999333 -0.00504669
27.2126 34.6239 -0.552112 -0.0417908 -0.999122 0.00296851
27.2212 34.6248 -0.120758 -0.041795 -0.999122 0.0029709
27.9989 34.5983 0.0700573 -0.0162065 -0.99986 -0.00157714
27.9718 34.5966 -0.918102 -0.0249366 -0.999642 0.000452598
27.9858 34.5976 -2.02647 -0.0305372 -0.999497 -0.0024626
27.9593 34.6036 -3.21053 -0.0235716 -0.999717 -0.00233924
27.9403 34.6078 -4.46293 -0.0290701 -0.999561 -0.00566742
27.5014 34.619 -5.29409 -0.0317198 -0.999455 0.00359381
26.3141 34.6677 -5.36595 -0.0422414 -0.999104 0.00277653
25.3442 34.7205 -5.35772 -0.0649738 -0.997887 0.000517145
24.2333 34.7929 -5.37742 -0.076483 -0.996997 0.00310641
23.3201 34.8731 -5.44345 -0.0890743 -0.996016 0.00335874
22.3259 34.9664 -5.41848 -0.0940636 -0.995559 -0.00377781
21.3315 35.0923 -5.35804 -0.135357 -0.990794 0.00237302
20.2729 35.2359 -5.30933 -0.132381 -0.991194 0.00231525
19.6117 35.3194 -4.57079 -0.128672 -0.991666 -0.00645824
19.554 35.329 -3.49022 -0.147538 -0.989056 -0.000195496
19.606 35.3198 -2.31052 -0.146668 -0.989184 -0.00183883
19.6543 35.3137 -1.13955 -0.143056 -0.989697 -0.000335129
19.6168 35.3143 -0.212252 -0.138139 -0.990391 0.00131122
19.5413 35.3349 1.02406 -0.138177 -0.990378 0.00744147
19.5355 35.3442 2.45339 -0.150701 -0.988395 0.0127242
19.5821 35.3389 3.81071 -0.150328 -0.988636 -3.36544e-05
19.7857 35.312 4.86241 -0.159499 -0.987173 0.00701369
20.977 35.1484 5.44631 -0.130257 -0.99148 0.000689621
22.182 34.9944 5.4458 -0.112634 -0.993555 0.0114647
23.5758 34.8439 5.52686 -0.106788 -0.99426 0.00286226
25.0389 34.7282 5.52861 -0.0756035 -0.997136 -0.00209039
26.5088 34.6425 5.41696 -0.0496335 -0.998715 -0.00312547
27.7609 34.5927 5.20887 -0.0379171 -0.999248 -0.00726364
27.9259 34.5984 4.13845 -0.0191112 -0.999795 -0.00662901
27.9811 34.602 2.7331 -0.0203944 -0.999792 0.000581409
27.9876 34.5996 1.46615 -0.0233612 -0.999722 0.0032699
27.9981 34.5971 0.4988 -0.0227531 -0.999741 0.000504486
28.0006 34.5969 0.320494 -0.0198799 -0.999791 -0.00236465
28.7982 34.5829 0.412408 -0.017011 -0.999842 -0.00523823
28.7702 34.5814 1.49189 -0.0233238 -0.999723 0.00328803
28.8323 34.5833 2.76038 -0.023443 -0.999723 0.00228643
28.7586 34.573 4.33553 -0.0319625 -0.999339 -0.0173361
28.6687 34.5578 5.64644 -0.0303739 -0.999514 -0.00438133
28.0012 34.5763 6.21185 -0.0379153 -0.999248 -0.00726913
26.647 34.6315 6.2504 -0.048834 -0.998751 -0.00681613
25.4244 34.7011 6.25617 -0.06142 -0.99809 -0.00101902
24.3191 34.7817 6.31987 -0.0759228 -0.997113 -0.00108025
23.3707 34.8731 6.30916 -0.107369 -0.994178 0.00905626
22.1807 35.0057 6.21599 -0.117407 -0.992981 0.014269
21.0145 35.1441 6.25254 -0.123832 -0.992231 0.0074823
19.9473 35.2973 6.28375 -0.151362 -0.988424 0.0103707
19.1088 35.4236 5.81944 -0.158566 -0.987348 -0.0013079
18.9041 35.455 4.94559 -0.1587 -0.98729 0.00834073
18.7628 35.4695 3.77944 -0.167734 -0.985824 0.00152678
18.7822 35.4704 2.53893 -0.162211 -0.986652 0.00724442
18.8087 35.4379 1.11802 -0.165461 -0.986028 0.0191294
18.86 35.4207 0.0214138 -0.137432 -0.990476 0.00828961
18.8815 35.429 -1.63182 -0.172142 -0.985048 -0.0051269
18.8218 35.4372 -2.6954 -0.147141 -0.989113 -0.00212787
18.7758 35.4462 -3.71269 -0.149052 -0.988822 -0.00379594
18.8167 35.4388 -4.81304 -0.164164 -0.986338 -0.000659202
18.8887 35.4338 -5.8301 -0.166352 -0.985946 -0.0111176
19.8868 35.285 -6.13795 -0.134657 -0.990887 0.000776327
20.8284 35.1576 -6.1659 -0.134167 -0.990952 0.00368195
21.9855 35.0007 -6.19045 -0.117401 -0.992937 0.00209032
23.3692 34.8677 -6.28206 -0.0902186 -0.995921 0.00117606
24.6524 34.7654 -6.14809 -0.0665445 -0.997778 -0.00344349
25.7356 34.6982 -6.16768 -0.0564396 -0.998399 -0.00386265
27.0495 34.6358 -6.19085 -0.0397693 -0.999208 0.0013183
27.9517 34.6033 -6.15323 -0.0231599 -0.999716 0.00551988
28.6806 34.5904 -5.45119 -0.0147491 -0.999835 0.00685296
28.7475 34.5884 -4.26545 -0.0143788 -0.999849 -0.00817206
28.767 34.5838 -3.30254 -0.0244598 -0.999701 -9.565e-05
28.8288 34.5795 -2.26522 -0.0192435 -0.999801 -0.000615426
28.7392 34.585 -0.810731 -0.0153801 -0.99988 0.00206937
28.7736 34.586 -0.0995438 -0.0162068 -0.99986 -0.00157847
29.5045 34.5752 -0.33631 -0.0148027 -0.999882 -0.000958969
29.5993 34.5725 -1.42346 -0.00673608 -0.999973 0.00309039
29.5789 34.5684 -2.82385 -0.00712332 -0.999972 0.00182393
29.5806 34.5708 -3.81058 -0.0137361 -0.999816 -0.01339
29.5619 34.578 -4.73981 -0.0134101 -0.999897 -0.0051348
29.4755 34.5798 -6.05379 -0.00683745 -0.99994 0.00854283
29.2107 34.5769 -6.90566 -0.00556838 -0.999971 -0.00173699
28.1896 34.5959 -6.98618 -0.0239692 -0.999712 0.000643865
26.6719 34.6454 -6.98026 -0.0484102 -0.998772 0.00386709
25.6537 34.7035 -6.97605 -0.0566364 -0.998395 -0.00021952
24.7272 34.7631 -6.94302 -0.0734232 -0.997256 0.00255017
23.5554 34.854 -7.1113 -0.0872751 -0.996178 -0.00353243
22.5619 34.9433 -7.03442 -0.088963 -0.995964 -0.0115663
21.3684 35.0816 -6.98482 -0.134216 -0.990946 0.00337148
20.4472 35.2103 -6.97052 -0.135279 -0.990805 -0.00215142
19.5137 35.3393 -7.00874 -0.138391 -0.990372 -0.00327743
18.2447 35.554 -6.9231 -0.171939 -0.985107 -0.00142923
17.8911 35.6112 -5.71458 -0.175558 -0.98444 -0.00748186
18.0549 35.5716 -4.32955 -0.177783 -0.98404 -0.00751166
18.0149 35.572 -2.91966 -0.180621 -0.983516 0.0042139
18.0264 35.5775 -1.97151 -0.170888 -0.98529 -0.000649568
18.0874 35.5594 -0.663036 -0.180944 -0.983425 -0.000894117
18.0809 35.572 0.61029 -0.184796 -0.982745 0.00514764
18.0392 35.5799 1.54376 -0.181478 -0.983395 0.000168297
18.0267 35.5962 3.16548 -0.164988 -0.986288 0.000198456
18.0051 35.6019 4.43638 -0.167637 -0.985834 0.00535185
18.1364 35.5789 5.40416 -0.153543 -0.988138 0.000256204
18.2755 35.5554 6.56274 -0.15562 -0.987817 -0.000355634
19.1796 35.41 7.07412 -0.158898 -0.987293 -0.00187194
20.2 35.255 7.08945 -0.148612 -0.988844 -0.0101446
21.1837 35.1254 7.03676 -0.116854 -0.993117 -0.00797315
22.0804 35.0203 6.98808 -0.116854 -0.993117 -0.00797315
23.3676 34.8769 7.06578 -0.10268 -0.994693 -0.00440302
24.7135 34.7556 7.10646 -0.0707159 -0.997482 0.00541886
25.6149 34.6917 7.12108 -0.0683976 -0.997644 0.00464489
26.7721 34.619 7.19046 -0.0488335 -0.998751 -0.00682047
28.0017 34.5743 7.04775 -0.0337461 -0.99943 -0.00117001
29.1946 34.5433 6.71768 -0.026129 -0.999658 -0.00106499
29.5327 34.5475 5.47119 0.000376299 -0.999984 -0.00557082
29.5606 34.5534 4.47245 -0.00905616 -0.999813 -0.0125041
29.5881 34.5696 3.57241 -0.0201643 -0.999784 -0.00501524
29.6146 34.5641 2.14127 -0.0149647 -0.999868 0.00155822
29.6406 34.5657 1.19939 -0.0160036 -0.999863 -0.0041671
29.6014 34.5694 0.557245 -0.0161446 -0.999859 -0.00468647
29.5321 34.573 0.0254866 -0.0161413 -0.999859 -0.00468645
