-39.0978 36.3359 -1.16785 0.0696107 -0.997559 0.00515671
-38.9281 36.3546 0.0816629 0.0719058 -0.997401 0.00464212
-38.9913 36.354 1.0617 0.0732247 -0.997313 0.00222786
-39.5534 36.3176 1.38222 0.0580244 -0.998307 0.00401311
-39.7278 36.3034 0.349407 0.0576032 -0.998331 0.00421135
-39.6529 36.3015 -0.988219 0.0561246 -0.998418 0.00236378
-39.1461 36.3319 -1.39542 0.0664619 -0.997781 0.000536842
-38.3192 36.3891 -1.48919 0.069371 -0.997586 0.00307379
-39.003 36.3428 -2.29005 0.0635491 -0.997977 -0.00199023
-40.0098 36.2816 -2.27272 0.0548224 -0.998496 0.000265474
-40.3866 36.2611 -1.37577 0.0549367 -0.99849 9.25216e-05
-40.4323 36.2607 -0.135334 0.0576029 -0.998331 0.00421136
-40.4213 36.2665 1.20554 0.0579598 -0.998311 0.00390178
-39.7768 36.3028 2.29554 0.0614214 -0.998101 -0.00457528
-38.7036 36.3729 2.3477 0.0685948 -0.997639 -0.00344131
-38.1744 36.4145 1.28468 0.0713174 -0.997445 -0.00119442
-38.1424 36.411 0.0234782 0.0720992 -0.997385 0.00505565
-38.2767 36.3945 -1.02027 0.069846 -0.997532 0.007241
-38.3118 36.3903 -1.25815 0.0696108 -0.997559 0.00515724
-37.5594 36.4474 -1.31823 0.1007 -0.99489 0.00500288
-37.4295 36.4695 -0.189329 0.0876896 -0.996085 0.0112019
-37.4098 36.475 0.811684 0.0881429 -0.996105 0.00217412
-37.4384 36.4716 2.3909 0.0887611 -0.996052 -0.00121296
-38.5174 36.3829 3.16096 0.0696572 -0.997567 -0.00238749
-39.4497 36.3207 3.13941 0.0632809 -0.997992 -0.00290992
-40.3495 36.2656 3.11171 0.0459369 -0.998941 0.00240795
-41.11 36.2317 1.88238 0.0463657 -0.998923 -0.00173903
-41.1582 36.2309 0.953952 0.0417453 -0.999113 0.00552659
-41.1493 36.226 -0.00743374 0.0369864 -0.999294 0.00112172
-41.1575 36.2265 -1.06339 0.0362024 -0.999344 -0.00136582
-41.0903 36.2293 -2.46449 0.0344327 -0.999395 0.00356142
-40.367 36.2611 -3.05894 0.0557386 -0.998445 0.00118953
-39.4443 36.316 -3.10086 0.0645118 -0.997914 0.000678502
-38.4647 36.3794 -3.08133 0.0736338 -0.997275 -0.00464349
-37.5908 36.4473 -2.39138 0.0825313 -0.996582 -0.00215427
-37.561 36.4452 -1.50725 0.0913261 -0.995746 0.00259612
-36.7826 36.5252 -1.37175 0.100402 -0.994893 0.0103596
-36.669 36.5373 -0.111773 0.0943433 -0.995486 0.00542715
-36.6676 36.5407 0.809573 0.0878939 -0.996126 0.00256524
-36.6472 36.5429 2.16635 0.0992104 -0.995042 0.00482206
-36.7326 36.5356 3.26545 0.109595 -0.993976 0.00111963
-37.4906 36.4551 3.88863 0.0860001 -0.99616 0.00429913
-38.8771 36.3567 3.90503 0.0751967 -0.997148 -0.00320397
-40.2786 36.2724 3.87187 0.059247 -0.998232 0.00473164
-41.2629 36.2253 3.83559 0.0459423 -0.99894 0.0024086
-41.822 36.2033 2.56064 0.0226753 -0.999741 -0.00172806
-41.8864 36.2022 1.39656 0.0200033 -0.9998 0.000653332
-41.8879 36.2012 0.305169 0.0247374 -0.999661 -0.000304076
-41.889 36.2028 -0.842287 0.0308829 -0.999513 0.00445849
-41.9136 36.1989 -2.37916 0.037007 -0.999314 0.00126472
-41.7456 36.2039 -3.34751 0.026043 -0.999653 -0.0027893
-41.0031 36.2259 -3.78434 0.0378187 -0.999238 -0.00274925
-39.963 36.2798 -3.8722 0.0597738 -0.998188 0.003454
-38.7383 36.3628 -3.87281 0.0719623 -0.997396 -0.00431461
-37.4956 36.4543 -3.78887 0.0736744 -0.997272 -0.00443705
-36.8374 36.5156 -3.21435 0.102788 -0.994651 -0.010181
-36.7929 36.5189 -1.87535 0.100402 -0.994893 0.0103628
-36.0442 36.5961 -1.98425 0.106978 -0.994241 0.00641995
-35.9561 36.6076 -0.500485 0.0958596 -0.99539 -0.00303539
-35.9318 36.6089 0.598348 0.0938867 -0.995573 0.00417833
-35.9065 36.6149 1.78487 0.0992152 -0.995042 0.0048204
-35.9162 36.6253 3.01589 0.105525 -0.994387 0.00517122
-35.9907 36.6174 3.97967 0.108834 -0.99406 5.90951e-05
-36.9229 36.5193 4.66179 0.101236 -0.994827 0.00835401
-38.2697 36.4 4.68914 0.0751957 -0.997148 -0.00320773
-39.4932 36.3166 4.6141 0.052872 -0.99859 -0.0048206
-40.4012 36.2686 4.60259 0.0560605 -0.998411 -4.29402e-05
-41.541 36.2136 4.6357 0.0448137 -0.998989 0.00101195
-42.4632 36.1871 4.03514 0.0236035 -0.999721 -0.00110754
-42.5872 36.1851 3.0144 0.022681 -0.999741 -0.00172745
-42.6285 36.1876 1.77789 0.0210373 -0.999776 -0.00104909
-42.6425 36.1884 0.602681 0.0180381 -0.999836 -0.00151901
-42.6184 36.1869 -0.302746 0.0191012 -0.999803 0.00461219
-42.6537 36.1812 -1.3536 0.0228621 -0.999734 0.00290449
-42.6693 36.182 -2.40773 0.021761 -0.999762 -0.00142343
-42.641 36.1841 -3.55669 0.0219329 -0.999759 -0.00106221
-42.2826 36.1952 -4.40831 0.0258357 -0.999652 0.000902249
-41.2556 36.2203 -4.65047 0.0260431 -0.999653 -0.00278493
-40.1385 36.2699 -4.62995 0.0474999 -0.998861 -0.00445789
-38.6994 36.369 -4.65881 0.0719648 -0.997396 -0.00431409
-37.4444 36.4613 -4.61304 0.0733785 -0.997297 -0.00387777
-36.2153 36.5896 -4.28872 0.105754 -0.994392 0.000685337
-36.0545 36.5937 -3.07188 0.100031 -0.994922 -0.0111574
-36.0559 36.5916 -2.47294 0.106978 -0.994241 0.00642013
-35.309 36.6773 -2.59962 0.125885 -0.992012 0.00621594
-35.2801 36.6771 -3.6043 0.130142 -0.991483 0.00501854
-35.3441 36.6777 -4.70123 0.106345 -0.994273 -0.00588405
-36.0358 36.6077 -5.32473 0.102864 -0.994692 0.000652785
-37.1427 36.4902 -5.38132 0.105752 -0.994392 0.000687777
-38.2377 36.407 -5.43257 0.072291 -0.99736 -0.00684522
-39.1625 36.3389 -5.41669 0.0723802 -0.997362 -0.00487776
-40.4449 36.2588 -5.42298 0.0475527 -0.998859 -0.00448124
-41.4565 36.2129 -5.42585 0.0352556 -0.999339 -1.78803e-06
-42.9325 36.1722 -5.25161 0.0243448 -0.999688 0.00201316
-43.4163 36.1695 -4.24896 0.0145137 -0.99989 0.00150163
-43.4101 36.169 -3.21396 0.0163816 -0.999866 -0.000520271
-43.4256 36.1666 -2.18269 0.0169066 -0.999854 -0.00247316
-43.3698 36.1652 -1.21946 0.0120919 -0.999858 0.00620628
-43.37 36.1765 0.32272 0.00608573 -0.999934 -0.00163924
-43.4003 36.1744 1.37621 0.0152915 -0.999881 0.000861988
-43.3623 36.1736 2.69985 0.0108348 -0.999934 -0.00372377
-43.3694 36.1683 3.92143 0.00989853 -0.999937 -0.00526105
-43.0338 36.1675 5.26164 0.0203377 -0.999745 -0.00982467
-41.98 36.1975 5.46014 0.0417029 -0.999127 0.00262499
-40.9464 36.2417 5.46285 0.0483658 -0.99883 -0.000330835
-39.5043 36.3146 5.35877 0.0522463 -0.998634 -0.00115383
-38.5477 36.3745 5.43804 0.078386 -0.996919 -0.00277321
-37.6195 36.4526 5.48237 0.0968998 -0.995288 0.00130558
-36.637 36.5505 5.46794 0.0991596 -0.995071 -0.000791411
-35.4068 36.6979 5.01375 0.126815 -0.991782 0.0119526
-35.1696 36.7073 4.02032 0.114257 -0.993421 -0.00386501
-35.14 36.7196 2.90622 0.11968 -0.992782 -0.0077892
-35.1583 36.6997 1.80583 0.130871 -0.991292 0.0141771
-35.1948 36.6876 0.851052 0.129224 -0.991607 0.00413105
-35.1997 36.6891 -0.080722 0.120371 -0.992659 -0.0118016
-35.241 36.6963 -1.51161 0.116485 -0.993177 -0.00553137
-35.298 36.6819 -2.27491 0.122339 -0.992439 0.00988748
-34.5285 36.7794 -2.52159 0.129432 -0.991585 0.0025444
-34.4476 36.7857 -3.72697 0.13014 -0.991483 0.00502025
-34.4528 36.7867 -4.63301 0.140007 -0.99015 0.000838942
-34.6116 36.775 -5.66225 0.134749 -0.990714 -0.0181442
-35.3413 36.6841 -6.11959 0.136219 -0.990593 -0.0105132
-36.3893 36.5677 -6.15036 0.101078 -0.994864 0.00532592
-37.7925 36.4447 -6.20856 0.072479 -0.997345 -0.00710919
-39.0987 36.3486 -6.16751 0.0740043 -0.997236 -0.00661516
-40.3528 36.2666 -6.16337 0.0475486 -0.998859 -0.00448148
-41.3607 36.2211 -6.1764 0.0422885 -0.999091 -0.0054382
-42.8 36.1762 -6.15507 0.0204704 -0.999789 -0.00140478
-44.0462 36.1559 -5.73106 0.00424484 -0.999948 0.000226924
-44.1614 36.1574 -4.23873 0.0162848 -0.999867 -0.000669962
-44.1515 36.1569 -3.24858 0.0166814 -0.999859 -0.00145776
-44.1829 36.1537 -2.15985 0.00839287 -0.999926 -0.00172985
-44.1439 36.16 -1.19303 0.00726812 -0.999863 0.0148755
-44.1295 36.1724 0.0288826 0.00608272 -0.999934 -0.00164385
-44.1882 36.1621 0.94624 0.0128498 -0.999884 -0.0057508
-44.1232 36.1665 2.36978 0.0126523 -0.999913 -0.000570402
-44.1732 36.1616 3.6672 0.0102388 -0.999938 -0.00429371
-44.106 36.1582 4.84121 0.0063596 -0.999978 -0.00202117
-44.0201 36.1552 5.90938 0.00978802 -0.9999 -0.0102547
-43.0674 36.1619 6.16832 0.00978579 -0.9999 -0.010252
-42.1202 36.1865 6.27286 0.0274507 -0.999615 0.00395287
-41.2162 36.2245 6.22917 0.0524075 -0.998611 -0.0053425
-40.2724 36.2746 6.13378 0.0506038 -0.99871 -0.00270134
-39.1781 36.3361 6.14567 0.0623161 -0.998045 0.004817
-38.2143 36.3985 6.20955 0.086513 -0.996212 0.000314678
-36.9246 36.5212 6.23841 0.0968998 -0.995288 0.00130558
-35.5476 36.6798 6.14164 0.123846 -0.992279 0.00294048
-34.7091 36.7892 5.7967 0.12977 -0.991544 0.000742972
-34.4313 36.8062 4.5382 0.118703 -0.992575 0.0265312
-34.3839 36.8038 3.27955 0.109004 -0.993965 -0.0122922
-34.4103 36.8014 1.86396 0.13661 -0.990551 0.0120873
-34.4727 36.7802 0.421719 0.129569 -0.991564 0.00351192
-34.4292 36.7876 -0.800391 0.131332 -0.991202 -0.00665753
-34.4871 36.7869 -1.79641 0.139006 -0.990221 0.00145587
-34.4895 36.7862 -1.84892 0.128607 -0.991693 0.00219272
-33.7737 36.8779 -2.15023 0.131835 -0.991214 0.0106954
-33.6712 36.889 -3.26456 0.129575 -0.991567 0.000371368
-33.5895 36.9064 -4.25226 0.138208 -0.990386 -0.00575877
-33.7053 36.8958 -5.3994 0.141375 -0.989927 -0.00759175
-33.8341 36.8956 -6.59672 0.153763 -0.987713 0.00668567
-34.6919 36.7767 -6.93559 0.137686 -0.990472 -0.00287743
-36.0596 36.5982 -6.97923 0.118935 -0.992886 -0.00561629
-37.1177 36.4983 -6.98931 0.0728451 -0.997334 -0.00434766
-38.0488 36.4302 -6.98264 0.0756169 -0.997128 -0.0023447
-38.9556 36.3592 -6.94617 0.0755147 -0.997143 0.0017398
-39.927 36.2905 -6.90684 0.0588124 -0.998258 -0.00471351
-41.2531 36.2216 -6.93855 0.0494337 -0.998747 0.00439056
-42.5706 36.1802 -6.9226 0.0194251 -0.999809 0.00193172
-44.108 36.1501 -6.93593 0.00936883 -0.999868 0.00697611
-45.0219 36.1613 -6.0941 -0.00208849 -0.999948 0.00501249
-44.9131 36.1524 -4.61173 0.00152511 -0.999981 -0.00380481
-44.8932 36.1524 -3.70334 0.00289109 -0.999992 0.0017327
-44.9645 36.154 -2.29488 -0.00355867 -0.999974 0.00320641
-44.9047 36.1612 -1.27567 -0.00691428 -0.999948 0.00747594
-44.9772 36.1683 -0.333628 -0.00469525 -0.999974 0.00390891
-44.9301 36.1628 1.23578 -0.00335977 -0.999988 -0.00345243
-44.8857 36.1641 2.4754 0.00137072 -0.999992 -0.00300383
-44.9563 36.1571 3.73464 0.00232972 -0.999986 -0.00456204
-44.8494 36.1525 5.32933 0.00427416 -0.999985 -0.00250773
-44.8326 36.1464 6.48617 0.00512839 -0.99996 -0.00730253
-44.049 36.1471 7.04529 0.00599142 -0.999957 -0.00701459
-42.9777 36.1633 7.01615 0.0278501 -0.999607 -0.0033007
-42.0567 36.1889 7.04668 0.0299955 -0.999542 0.000114943
-41.1001 36.2254 6.98622 0.0517393 -0.998621 -0.00884163
-39.9778 36.29 6.82981 0.0593447 -0.998164 0.00533923
-38.6312 36.3669 6.94231 0.0618511 -0.998057 -0.00754946
-37.6948 36.4499 6.95914 0.0922711 -0.995717 0.00465815
-36.0408 36.6293 6.97652 0.119964 -0.992719 0.0107819
-34.9311 36.757 6.90442 0.119518 -0.992699 0.00358845
-33.9033 36.899 6.7784 0.147696 -0.989025 -0.00090969
-33.7028 36.9258 5.66286 0.136554 -0.990631 -0.00161758
-33.6274 36.9114 4.56802 0.131375 -0.990761 0.0336769
-33.6259 36.8926 3.33118 0.145144 -0.989036 -0.00993416
-33.5268 36.9275 2.21294 0.12938 -0.991429 -0.00402047
-33.7484 36.8874 0.854465 0.144312 -0.989532 0.00117449
-33.7142 36.8902 -0.254892 0.148418 -0.988924 -0.000828797
-33.644 36.9062 -1.12916 0.139007 -0.990221 0.00145584
-33.6443 36.9044 -1.29214 0.131835 -0.991214 0.0106954
