-40.2791 38.8671 -1.30142 0.0318501 -0.99949 -0.00244013
-40.783 38.85 -1.40198 0.037001 -0.999309 0.00365825
-40.9005 38.8453 -0.0473883 0.0312343 -0.999512 -0.000811898
-41.0417 38.8432 0.84478 0.0205422 -0.999784 0.00302256
-40.302 38.8678 1.32915 0.0357149 -0.999331 0.00654593
-40.1017 38.8713 0.331827 0.0386949 -0.999239 0.00497303
-40.1712 38.8694 -0.830607 0.0318501 -0.99949 -0.00244006
-39.432 38.8974 -0.970571 0.04242 -0.999097 -0.00245319
-39.3783 38.899 0.0941096 0.0417091 -0.999123 0.00365386
-39.4648 38.9008 1.46265 0.0387423 -0.999243 0.00341712
-40.0872 38.8811 2.52131 0.0337128 -0.999413 -0.00611277
-41.0592 38.8487 2.45035 0.0292141 -0.999554 -0.00292456
-41.6938 38.8319 1.37181 0.0202693 -0.999787 0.00380148
-41.6924 38.8277 -0.0264654 0.0178132 -0.999836 0.000583737
-41.6735 38.8286 -0.939358 0.0147143 -0.999886 0.00255258
-41.5339 38.8262 -1.91428 0.0134983 -0.999903 0.0032991
-40.7772 38.8461 -2.56082 0.0370083 -0.999309 0.00335826
-39.5885 38.8932 -2.21338 0.0422136 -0.999108 0.000287852
-39.4607 38.8973 -1.39586 0.0424174 -0.999097 -0.00245328
-38.72 38.9291 -1.54788 0.0420011 -0.999116 -0.0014161
-38.6527 38.9296 -0.58465 0.0424446 -0.999096 -0.00242361
-38.6427 38.933 0.413778 0.049798 -0.998717 0.00918566
-38.6849 38.9383 1.56887 0.0495956 -0.998761 0.0041457
-38.8317 38.9276 2.84853 0.0468594 -0.998872 -0.00769433
-39.5421 38.8978 3.30948 0.0390254 -0.999235 -0.00237588
-41.1439 38.8469 3.33272 0.0247156 -0.999694 0.000260768
-42.353 38.8194 2.52053 0.0212833 -0.999771 -0.00207395
-42.4258 38.8168 1.29159 0.0144022 -0.999874 0.000737556
-42.4573 38.8167 0.140536 0.00766474 -0.999964 0.00351564
-42.4339 38.8169 -0.954365 0.0153532 -0.999882 0.000557603
-42.3932 38.8152 -1.85646 0.0129212 -0.999914 0.00204977
-42.1798 38.8182 -2.8257 0.0170792 -0.999839 -0.00545201
-41.2053 38.8392 -3.24372 0.0207447 -0.999761 -0.00693717
-40.1239 38.8691 -3.35818 0.0425629 -0.99909 0.00228368
-39.2063 38.9087 -3.16356 0.0425673 -0.99909 0.00228394
-38.7905 38.9264 -2.33496 0.0415783 -0.999135 -0.000382503
-38.7454 38.9282 -1.99378 0.0415812 -0.999135 -0.000383166
-37.9861 38.966 -2.03486 0.0545359 -0.998506 -0.00333764
-37.9336 38.9672 -0.967993 0.0556593 -0.99845 8.86686e-05
-37.8813 38.9722 0.287308 0.056931 -0.998374 0.00296043
-37.9068 38.976 1.46241 0.0485554 -0.998816 0.00282397
-37.9404 38.9704 2.71375 0.0468598 -0.998872 -0.00769192
-38.1113 38.9605 3.64042 0.0651552 -0.997865 0.0042404
-39.1572 38.9103 4.09763 0.0391059 -0.999228 -0.00368285
-40.0635 38.8747 4.13247 0.0349467 -0.999377 -0.00209746
-41.5317 38.8328 4.07752 0.0194654 -0.999781 -0.00203728
-42.5647 38.82 3.90843 0.00826471 -0.999966 -0.000647995
-43.1008 38.816 3.23029 0.00840665 -0.999959 0.0020022
-43.1596 38.8115 1.84637 0.003169 -0.999994 0.00147648
-43.2234 38.8119 0.443251 0.00809573 -0.999963 0.000591687
-43.1948 38.8097 -0.614717 0.0059142 -0.999981 0.00145117
-43.1485 38.8079 -1.85456 0.0056022 -0.999983 0.00168834
-43.0653 38.8068 -2.98624 0.00410929 -0.999987 0.00243346
-42.5723 38.8098 -3.76541 0.0216058 -0.999762 0.00292448
-41.4074 38.8344 -3.99594 0.0293653 -0.999538 0.00780239
-40.4175 38.8591 -4.12331 0.0349542 -0.999383 -0.0035138
-39.3796 38.8979 -4.12449 0.0459239 -0.998935 0.00127943
-38.0595 38.9629 -3.69297 0.0511009 -0.998691 0.000484154
-37.9731 38.9687 -2.62065 0.0545334 -0.998506 -0.00333707
-37.2128 39.0099 -2.52768 0.0535864 -0.998559 -0.000660356
-37.202 39.0086 -1.4388 0.0562226 -0.998418 -0.0010922
-37.1538 39.0114 -0.483313 0.0599448 -0.998188 0.00412722
-37.1323 39.0193 0.753111 0.0629654 -0.998002 0.00528978
-37.1711 39.016 1.96893 0.0621224 -0.998063 0.00198646
-37.1683 39.0197 2.90313 0.0650823 -0.997875 0.00301949
-37.2822 39.0166 3.99933 0.0631985 -0.997991 0.00303358
-37.9633 38.9753 4.76288 0.0612368 -0.998123 0.000456131
-38.9021 38.9264 4.87489 0.0492862 -0.998775 -0.00440047
-39.8096 38.8823 4.91288 0.0305707 -0.999524 0.00406303
-40.7211 38.855 4.89763 0.0298089 -0.99955 0.00339049
-41.8017 38.8285 4.84842 0.0124288 -0.999911 -0.00489263
-42.7895 38.8175 4.77762 0.00610322 -0.999975 -0.00288669
-43.7886 38.8125 4.04661 0.00242514 -0.999994 0.00126818
-43.919 38.8102 2.68642 0.00172988 -0.999995 0.00217228
-43.9299 38.8083 1.3552 0.00315994 -0.999994 0.00162249
-43.9633 38.8068 0.34633 0.00138505 -0.999997 0.00161369
-43.9168 38.8049 -0.929528 0.00591864 -0.999981 0.00145315
-43.8984 38.8036 -1.87019 0.00567248 -0.999983 0.00156576
-43.8539 38.8029 -2.90933 0.00491267 -0.999988 0.000644206
-43.781 38.8013 -4.08028 -9.09587e-05 -1 -0.000478501
-42.8789 38.8023 -4.62241 0.00727428 -0.999949 -0.00474138
-41.7881 38.8176 -4.71656 0.0232004 -0.999683 0.00764417
-40.8666 38.8446 -4.85405 0.0336374 -0.999425 0.00163153
-39.8308 38.8817 -4.91685 0.0416738 -0.999081 -0.00612185
-38.8267 38.9303 -4.88071 0.0498424 -0.99872 -0.00837341
-37.58 38.9953 -4.59136 0.0572996 -0.998315 -0.00916485
-37.1681 39.0137 -3.18498 0.0643723 -0.997912 -0.00529961
-37.1899 39.0105 -2.84623 0.0585051 -0.998262 -0.00164265
-36.4262 39.0583 -2.8043 0.0638969 -0.997945 -0.00264488
-36.4079 39.0595 -1.35429 0.0667879 -0.997767 -0.00037271
-36.3718 39.0657 -0.000671402 0.0688777 -0.99762 0.00332915
-36.3991 39.0649 1.22581 0.0663261 -0.99779 -0.00145553
-36.4006 39.0644 2.18451 0.0621282 -0.998063 0.00198685
-36.4005 39.0737 3.49437 0.071567 -0.997407 0.00695082
-36.5417 39.0663 4.71081 0.0735632 -0.997289 0.00160571
-37.3338 39.0142 5.50637 0.0613027 -0.998119 0.000309513
-38.5631 38.942 5.63894 0.05706 -0.998369 0.00165749
-39.6621 38.8905 5.68155 0.0313414 -0.999498 0.00472814
-40.7593 38.8565 5.67184 0.0312072 -0.999508 0.00274566
-41.6962 38.8259 5.64584 0.0225156 -0.999688 -0.00139775
-43.0685 38.8138 5.57087 0.00792754 -0.999967 -0.00181236
-43.9835 38.8111 5.37176 -0.00213603 -0.999994 -0.00269733
-44.5249 38.8135 4.50462 -0.00115667 -0.999998 0.000727335
-44.6589 38.8116 3.22574 0.000324181 -0.999998 0.00187263
-44.6691 38.8096 1.90696 -0.0089925 -0.999959 0.000347788
-44.6916 38.8061 0.801306 0.00142444 -0.999999 0.000904399
-44.6758 38.8041 -0.362831 -0.00207897 -0.999989 -0.000194954
-44.6435 38.8062 -1.26988 -0.00658975 -0.999978 0.00035206
-44.6255 38.8049 -2.3099 -0.00568307 -0.999983 0.00147835
-44.6087 38.8038 -3.2254 -0.00452409 -0.999984 0.00275823
-44.5962 38.8021 -4.4512 -0.00179634 -0.999998 -0.000305243
-44.1635 38.8027 -5.26273 0.00521726 -0.999968 0.000423091
-42.8947 38.8061 -5.44373 0.00727776 -0.999949 -0.00474145
-41.821 38.8203 -5.50589 0.0133097 -0.999896 -0.00556186
-40.7336 38.8502 -5.651 0.037387 -0.999299 -0.00209838
-39.7868 38.8873 -5.6929 0.0451737 -0.998972 -0.00100429
-38.5644 38.9464 -5.6353 0.0487531 -0.99881 0.000851431
-37.4498 39.0078 -5.49059 0.0575854 -0.998324 0.0058164
-36.4489 39.0665 -4.94089 0.0597876 -0.998207 -0.00292941
-36.3673 39.0686 -3.92626 0.0607867 -0.99814 -0.00427487
-36.4088 39.061 -3.08185 0.06144 -0.998093 -0.00593329
-35.6612 39.1091 -2.7689 0.0663479 -0.997796 0.000642455
-35.6495 39.1113 -1.62083 0.072611 -0.997353 0.0012327
-35.585 39.118 -0.613749 0.0689361 -0.997617 0.00276646
-35.629 39.1187 0.44032 0.0691325 -0.997601 0.0035679
-35.6493 39.1168 1.47791 0.0779858 -0.996908 0.0020888
-35.5918 39.127 2.66471 0.0864814 -0.996253 -0.000719299
-35.6262 39.1304 3.88474 0.0710111 -0.997468 0.00398569
-35.82 39.122 5.30586 0.083359 -0.996509 0.00453561
-36.8067 39.053 6.25123 0.0689463 -0.997615 0.00320008
-38.2875 38.9577 6.38554 0.0578942 -0.998312 -0.00464252
-39.5207 38.8955 6.4565 0.0360987 -0.999335 0.00083021
-40.4341 38.866 6.46754 0.0326577 -0.999463 -0.00274537
-41.4035 38.8345 6.45091 0.0275433 -0.999602 0.00073172
-42.41 38.8182 6.40622 0.00820942 -0.999966 6.34592e-06
-43.5468 38.8089 6.32341 0.00854753 -0.999963 -0.000314283
-44.9547 38.8099 6.1611 -0.00111196 -0.999986 -0.00524658
-45.3329 38.8139 4.90742 -0.000771271 -1 -0.00059782
-45.3808 38.8152 3.78855 -0.0124885 -0.999919 -0.00262604
-45.4385 38.8164 2.8185 -0.011387 -0.999934 0.00134367
-45.4464 38.8159 1.67468 -0.00858273 -0.999962 0.00130662
-45.4529 38.8106 0.676287 -0.0105489 -0.999926 0.00611293
-45.432 38.8089 -0.382283 -0.00786179 -0.999966 -0.00256266
-45.3724 38.8109 -1.3349 -0.00783187 -0.999966 -0.00252048
-45.3634 38.8086 -2.67249 -0.00822267 -0.999961 0.00200018
-45.3982 38.8064 -3.88867 -0.0114613 -0.99993 0.00292317
-45.3939 38.8057 -4.98343 -0.00420679 -0.999981 -0.00379037
-45.254 38.8107 -5.90081 -0.00774242 -0.999955 -0.00227819
-44.1203 38.7978 -6.21853 -0.00125003 -0.999945 0.00354686
-42.8622 38.8086 -6.25555 0.0124983 -0.999906 0.00446062
-41.6416 38.8241 -6.31625 0.0119194 -0.999929 -0.000410144
-40.5761 38.8577 -6.4476 0.0355006 -0.999359 -0.00385726
-39.269 38.9115 -6.44469 0.0451737 -0.998972 -0.00100429
-38.255 38.9613 -6.37329 0.0492418 -0.998787 0.000573961
-37.0704 39.0283 -6.26261 0.0657928 -0.997833 0.000526851
-35.9304 39.0997 -6.02558 0.0678702 -0.997634 -0.00588835
-35.6092 39.1174 -5.12255 0.0599618 -0.998197 -0.00277509
-35.5936 39.1144 -3.62038 0.0607816 -0.99814 -0.0042775
-35.6068 39.1123 -3.41901 0.063891 -0.997945 -0.00264607
-34.8476 39.1711 -2.9979 0.08946 -0.995948 -0.0092327
-34.7949 39.1765 -2.10073 0.0763416 -0.997081 0.00107837
-34.8298 39.1883 -0.459536 0.0981326 -0.995059 0.0150843
-34.9353 39.1759 0.896482 0.0911564 -0.995817 -0.00165027
-34.6901 39.2055 2.33972 0.0863 -0.996258 0.0029754
-34.8482 39.1948 3.45278 0.0922401 -0.995722 0.00537576
-34.8123 39.2055 4.58737 0.0857768 -0.996314 0.00117857
-34.8326 39.2066 5.75925 0.0826312 -0.996573 0.00109737
-35.0252 39.1839 6.68894 0.0825563 -0.996529 -0.0107147
-35.9088 39.1111 7.12046 0.0558259 -0.998441 -6.74756e-05
-36.9265 39.0475 7.14008 0.0694266 -0.997583 0.00281889
-38.1566 38.9615 7.19813 0.0638998 -0.997931 -0.00110449
-39.1403 38.914 7.24239 0.039988 -0.999191 0.00422585
-40.1858 38.8722 7.23949 0.0368331 -0.999311 0.00306534
-41.4817 38.8363 7.26067 0.022699 -0.999732 0.00444109
-42.7094 38.8158 7.20659 0.00854486 -0.999963 -0.0003172
-43.8639 38.8055 7.15941 0.00462285 -0.999978 -0.00163978
-45.1934 38.8072 7.17733 -0.00823023 -0.99995 0.00129935
-46.0299 38.8184 6.79522 -0.012082 -0.999923 -0.00285293
-46.179 38.8219 5.59133 -0.00971435 -0.999953 -0.000217325
-46.1936 38.8245 4.10752 -0.0123282 -0.99992 -0.00297426
-46.2066 38.8255 3.04449 -0.0113898 -0.999934 0.0013418
-46.1821 38.8237 2.07148 -0.0112881 -0.999935 0.00162574
-46.2207 38.8192 0.719126 -0.0102681 -0.999932 0.00554881
-46.2188 38.8157 -0.624072 -0.00783525 -0.999966 -0.0025245
-46.1651 38.8179 -1.66888 -0.00780576 -0.999966 -0.00248284
-46.1401 38.8169 -2.64306 -0.0107881 -0.999941 0.00160146
-46.1875 38.8159 -3.64073 -0.0110446 -0.999937 0.00183982
-46.184 38.8132 -4.5176 -0.0116239 -0.999925 0.00376807
-46.161 38.8155 -5.42237 -0.0133734 -0.999888 -0.00678083
-46.0387 38.8201 -6.74017 -0.0125429 -0.999919 -0.00176115
-44.8623 38.8058 -7.04961 -0.011248 -0.999937 -0.000286848
-43.3301 38.8012 -7.07969 0.0105996 -0.999924 0.00572681
-42.3244 38.8126 -7.12391 0.0158089 -0.999862 0.00518298
-41.0415 38.8452 -7.17856 0.0329037 -0.999452 -0.00343249
-40.1047 38.8766 -7.29058 0.0375294 -0.999284 -0.00110048
-38.6146 38.9459 -7.15589 0.0488785 -0.998791 -0.00520719
-37.2309 39.0184 -7.10114 0.056081 -0.998403 -0.00684999
-36.281 39.0808 -7.11467 0.072161 -0.997381 -0.00149666
-35.2916 39.1567 -6.83144 0.0763797 -0.997053 -0.00566274
-34.8321 39.1898 -5.84561 0.0909429 -0.995833 -0.00671905
-34.7983 39.188 -4.79547 0.0919937 -0.995754 -0.00345281
-34.7929 39.1851 -3.97595 0.0910831 -0.995816 -0.0067855
-34.7933 39.1836 -3.81966 0.0894621 -0.995947 -0.00923471
