27.1952 43.3691 1.59305 0.00522905 -0.999973 0.000776601
27.6465 43.373 0.783799 0.0103395 -0.999946 0.000992908
27.7521 43.3728 -0.493926 0.00814886 -0.999963 -0.000333896
27.7619 43.3729 -1.11562 0.00945744 -0.999946 -0.000171864
27.3834 43.3703 -1.43004 0.00556197 -0.999984 0.00136786
27.1791 43.369 -0.252226 0.00595378 -0.999981 -0.00164652
26.9405 43.3687 0.856405 0.000113923 -1 0.000562581
26.9833 43.3689 1.25028 0.000113923 -1 0.000562581
26.3383 43.3689 1.6007 0.000350031 -1 0.000319686
27.1728 43.3714 2.54181 0.00654798 -0.999962 0.00340749
28.1865 43.3819 2.31419 0.0113186 -0.999931 0.00298389
28.4371 43.3815 0.991804 0.0121258 -0.999923 0.0001415
28.4552 43.3821 -0.123677 0.0145919 -0.999894 -0.000164813
28.458 43.3831 -1.04367 0.0159412 -0.999873 -0.000319631
28.2635 43.3803 -2.45713 0.0129518 -0.999915 0.00135216
27.0326 43.3669 -2.63587 0.0062844 -0.999974 0.000717088
26.4558 43.3656 -1.5614 0.00393882 -0.999992 -0.000568752
26.2864 43.3663 -0.0928927 0.00112218 -0.999997 0.00238694
26.2533 43.3686 0.895767 0.000615574 -0.999998 0.00147682
26.267 43.3687 1.00601 0.000231977 -1 0.000441134
25.5824 43.3662 1.15971 0.0041427 -0.999991 0.000303497
25.7814 43.369 2.59789 0.00244264 -0.999994 0.000832113
26.4975 43.3714 3.2293 0.00437927 -0.999989 -0.00153391
27.9308 43.3799 3.29891 0.00747634 -0.999971 -0.00125731
29.0084 43.39 2.63014 0.00963179 -0.999952 -0.00204163
29.125 43.3899 1.42391 0.0139346 -0.999888 -0.000621117
29.1684 43.3926 0.45318 0.0186833 -0.999824 -0.00132
29.1519 43.3942 -1.10083 0.0157992 -0.999875 -0.00080478
29.1562 43.394 -2.11513 0.015239 -0.999884 0.000298327
28.9931 43.3907 -3.00358 0.0161443 -0.999869 0.000351689
27.5185 43.3721 -3.41511 0.00915081 -0.999958 -0.00080769
26.5058 43.3634 -3.36498 0.00378846 -0.99999 -0.000186756
25.8359 43.3633 -2.412 0.00313386 -0.999993 0.00218136
25.7152 43.3642 -1.50482 -0.00170733 -0.999998 0.00108585
25.6164 43.3648 -0.610039 -0.0014502 -0.999999 1.2342e-05
25.5646 43.3667 0.383828 0.00374264 -0.999993 -0.000730664
25.5705 43.3664 0.810221 0.00374639 -0.999993 -0.000734105
24.865 43.3687 0.82773 -0.00612211 -0.999981 0.000987445
24.8682 43.3668 -0.298838 -0.00563182 -0.999981 0.00257108
24.9388 43.3658 -1.26847 -0.00157876 -0.999998 0.000549095
25.0862 43.3631 -2.5761 -0.000821619 -0.999996 0.00258259
25.2756 43.3599 -3.74865 -0.00149553 -0.999997 0.0015095
26.2359 43.3638 -4.11243 0.0052466 -0.999985 -0.000799124
27.407 43.3715 -4.11614 0.0094248 -0.999955 -0.000968151
28.4557 43.3817 -4.13077 0.00967507 -0.999952 -0.00133622
29.54 43.4 -3.92171 0.0168514 -0.999858 0.000434497
29.8613 43.4061 -2.75225 0.0214871 -0.999769 0.000933998
29.8956 43.4086 -1.48483 0.0206089 -0.999786 0.00172129
29.8823 43.4065 -0.4238 0.0185613 -0.999826 -0.0015458
29.8787 43.4054 0.742858 0.0183378 -0.999832 -0.000817006
29.8407 43.4029 1.67706 0.0190241 -0.999816 -0.00238417
29.7708 43.3994 2.63544 0.0197607 -0.999804 -0.00117816
29.5232 43.3965 3.89459 0.0159183 -0.999872 0.00161612
28.1905 43.3815 4.04418 0.00711258 -0.999975 7.48791e-05
27.1292 43.3742 4.02054 0.0059921 -0.999982 0.000457249
25.9599 43.3679 3.94899 -6.67635e-05 -0.99999 -0.000871586
25.1108 43.3719 3.25995 -0.00451529 -0.99999 -0.00020418
24.9568 43.3705 2.16166 -0.003721 -0.999988 0.00324655
24.8717 43.3687 0.946694 -0.00580075 -0.999983 0.000516162
24.1529 43.3712 0.756198 -0.00177311 -0.999993 -0.00129953
24.1547 43.3709 -0.22372 -0.00553545 -0.999982 0.00221246
24.2228 43.3675 -1.32781 -0.00469711 -0.99998 0.00395562
24.3096 43.3644 -2.30391 -0.000803897 -0.999996 0.00253846
24.4003 43.362 -3.23455 -0.00149553 -0.999997 0.0015095
24.4218 43.3614 -4.447 -0.00183485 -0.999998 -0.000152145
25.6431 43.3599 -4.87307 0.00211175 -0.999991 9.74064e-07
26.872 43.3669 -4.83564 0.00669984 -0.999977 0.000408111
28.1751 43.3789 -4.85557 0.0104353 -0.999942 0.00270619
29.3151 43.3959 -4.86859 0.0179683 -0.999838 -0.000765206
30.4061 43.4164 -4.43298 0.021602 -0.999766 -0.000262921
30.5274 43.4196 -3.53995 0.0219931 -0.999758 0.000854007
30.5902 43.4217 -2.63766 0.0213381 -0.999772 0.000702325
30.6212 43.4228 -1.57657 0.0213824 -0.999767 -0.00114126
30.6107 43.4221 -0.345972 0.0232102 -0.999728 -0.00176145
30.5975 43.4193 0.859874 0.0208351 -0.999782 -0.0011232
30.564 43.4166 1.80159 0.0195077 -0.999807 -0.00213175
30.4883 43.4136 3.01851 0.0200136 -0.9998 -0.000224569
30.4119 43.4123 3.96253 0.0217211 -0.999764 -0.000166774
29.9603 43.4021 4.77027 0.0182927 -0.999832 -0.00149635
28.8726 43.3859 4.82375 0.00667227 -0.999978 -0.000407728
27.8651 43.3792 4.76854 0.00688908 -0.999976 -0.000163205
26.9088 43.3734 4.75048 0.00555823 -0.999983 0.00160105
25.6194 43.3696 4.71987 -0.00267888 -0.99999 0.00218202
24.6501 43.3741 4.63269 -0.004682 -0.999989 0.000418133
24.391 43.375 3.76385 -0.00381286 -0.999992 0.000670272
24.2639 43.3734 2.44251 -0.00400421 -0.99999 0.0015742
24.191 43.3721 1.44404 -0.000126188 -0.999999 0.00130228
24.1784 43.3718 1.23183 -0.000126188 -0.999999 0.00130228
23.4785 43.3718 1.18308 -0.001771 -0.999993 -0.00129619
23.4527 43.3747 -0.0452094 -0.00462197 -0.999988 0.00151394
23.5152 43.3707 -1.20542 -0.00366655 -0.999981 0.00497641
23.5578 43.3667 -2.11897 -0.00280605 -0.999992 0.00291165
23.6647 43.3643 -3.04168 -0.00402706 -0.999991 0.000422103
23.5992 43.3648 -4.26906 -0.00451886 -0.99999 -3.93619e-05
23.6232 43.361 -5.19355 -0.00177139 -0.999992 0.00272733
24.8415 43.3603 -5.58513 -0.000544251 -0.999999 0.000885992
26.0229 43.3615 -5.61223 0.0048635 -0.999987 -0.00018282
27.0998 43.3686 -5.56247 0.00769944 -0.99997 7.23553e-05
28.1821 43.377 -5.57708 0.00906784 -0.999956 0.00138973
29.102 43.3926 -5.62387 0.0180512 -0.999837 -0.000673055
30.0521 43.4103 -5.60531 0.0200265 -0.999799 -6.04299e-06
30.9171 43.4272 -5.29933 0.023885 -0.999703 0.000943884
31.2291 43.4367 -4.43589 0.0275452 -0.99962 0.00121724
31.3084 43.44 -2.99513 0.0268432 -0.999639 0.000629743
31.3456 43.4405 -1.39679 0.0252718 -0.999679 -0.00157006
31.3632 43.4381 -0.00839486 0.0226183 -0.999739 -0.00318791
31.2931 43.4334 1.46133 0.0270185 -0.999634 -0.00125913
31.251 43.43 2.79274 0.0243251 -0.9997 -0.000751957
31.1738 43.4287 3.83334 0.0213948 -0.999771 -0.00102369
31.1828 43.4271 4.78465 0.0219635 -0.999754 -0.00299634
30.4901 43.4107 5.54584 0.0183189 -0.999831 -0.00176504
29.3363 43.3894 5.60185 0.0141896 -0.999888 0.000129721
28.1441 43.3806 5.52893 0.00681202 -0.999976 -0.000830709
27.18 43.376 5.50761 0.00370841 -0.999993 -0.000296326
26.0039 43.3724 5.4801 -0.000675752 -0.999992 0.00394591
25.0498 43.373 5.48428 5.40293e-05 -0.999996 0.0014712
23.9843 43.3835 5.32869 -0.0082346 -0.999956 0.00355878
23.676 43.3804 4.20149 -0.00544158 -0.999976 0.00417959
23.5629 43.3771 2.62737 -0.00361777 -0.999986 0.00334898
23.5074 43.3725 1.68487 -0.00122773 -0.999992 0.00319617
22.8096 43.3763 1.59505 -0.0132464 -0.999905 0.0034472
22.73 43.3809 0.414694 -0.0104999 -0.999934 0.000112221
22.7788 43.377 -0.60989 -0.00461911 -0.999982 0.00341154
22.8121 43.3718 -1.54507 -0.00876147 -0.999944 0.00392751
22.8134 43.3685 -2.56335 -0.00413348 -0.99999 0.00154291
22.9217 43.3676 -3.64163 -0.00391552 -0.999992 -0.000700896
22.7647 43.3694 -4.92014 -0.0254129 -0.999674 -0.00245515
22.976 43.3647 -6.05298 -0.0181404 -0.9998 -0.00107251
24.01 43.3603 -6.29864 -5.07806e-05 -1 0.000330707
25.0525 43.3596 -6.33366 -0.00059784 -1 0.000694025
26.3254 43.3637 -6.32854 0.00462327 -0.999987 -0.00203237
27.8807 43.3742 -6.2917 0.00755489 -0.999971 0.000800141
28.8375 43.3872 -6.35111 0.0160038 -0.999868 -0.000632656
30.224 43.4129 -6.32968 0.0189401 -0.99982 0.000668238
31.4107 43.4406 -6.17003 0.0285791 -0.999591 0.000840713
31.954 43.4565 -5.33277 0.0280003 -0.999608 0.000251031
31.9544 43.4567 -4.42696 0.0277743 -0.999614 0.000734436
31.9995 43.4584 -3.50692 0.026946 -0.999637 0.000449213
32.1015 43.4617 -2.40795 0.0282394 -0.9996 6.17091e-05
32.0409 43.4592 -1.1491 0.0294895 -0.999565 -0.000552068
32.1157 43.4593 -0.252944 0.0278779 -0.999609 -0.00203993
32.0226 43.4536 1.14183 0.0277322 -0.999612 -0.00242329
32.0546 43.4522 2.43048 0.0266022 -0.999644 -0.00218961
31.9167 43.4465 3.41742 0.0274942 -0.999621 -0.00105703
31.9409 43.4456 4.43419 0.0274519 -0.99962 -0.00244066
31.8822 43.4422 5.66538 0.024076 -0.999709 -0.0016188
31.0402 43.4215 6.2701 0.020704 -0.999786 0.000376111
30.0252 43.4005 6.3297 0.0195222 -0.999808 -0.000834395
28.7465 43.3851 6.31171 0.0100441 -0.999947 0.00229365
27.3861 43.3765 6.28625 0.00370708 -0.999993 -0.000293993
26.3143 43.3733 6.25848 0.00136372 -0.999999 -0.000382489
25.3439 43.3725 6.24605 -0.00354352 -0.999982 0.00106814
24.3562 43.3807 6.36486 -0.00955113 -0.99995 0.00200406
23.4193 43.3898 6.09471 -0.0101158 -0.999949 -0.00016121
22.8895 43.3918 5.31859 -0.00830099 -0.999945 0.00643819
22.9371 43.386 4.41585 -0.0111803 -0.999922 0.00508897
22.8752 43.3825 3.09905 -0.0108348 -0.999938 0.00251671
22.8356 43.3787 2.12859 -0.0123153 -0.999912 0.00502376
22.0433 43.388 2.04768 -0.0132464 -0.999905 0.00344722
22.0098 43.3867 1.09276 -0.0131899 -0.999907 -0.00122229
22.002 43.3863 0.203357 -0.00880028 -0.999951 0.00453464
22.1125 43.3832 -0.760342 -0.0140332 -0.999896 0.00278824
21.9423 43.3827 -1.72625 -0.0126691 -0.999912 0.00378228
22.1985 43.3709 -3.23091 -0.00833411 -0.999951 0.00458694
22.0781 43.3823 -4.62886 -0.010907 -0.999831 -0.014799
21.8777 43.3938 -5.68507 -0.0255058 -0.999671 7.01502e-05
22.3927 43.3759 -6.91779 -0.0177207 -0.999816 0.000783387
23.3342 43.3655 -7.07858 -0.0105891 -0.999938 -0.00354176
24.6932 43.3583 -7.03378 -0.00147367 -0.999993 0.00354545
25.9094 43.3635 -7.17211 0.00462362 -0.999987 -0.00202777
27.4792 43.371 -7.03414 0.00375387 -0.999985 0.00140341
28.5478 43.3845 -7.07256 0.0136152 -0.999907 -0.000665363
29.6222 43.4006 -7.07828 0.018685 -0.999824 0.00188085
31.1702 43.4314 -6.98587 0.0244092 -0.999693 0.00171312
32.3897 43.4683 -6.71737 0.0315308 -0.999501 0.00162234
32.7315 43.4779 -5.89397 0.0281345 -0.999603 -0.00104908
32.7609 43.4788 -4.98359 0.0268909 -0.999638 -0.000509665
32.6771 43.4765 -3.89775 0.0266706 -0.999644 0.0007003
32.8757 43.4825 -2.60612 0.0269987 -0.999635 0.000676355
32.779 43.4806 -1.512 0.0270978 -0.999633 0.000708855
32.8658 43.4812 -0.449926 0.0279881 -0.999604 -0.00279482
32.77 43.4752 0.795588 0.0276278 -0.999615 -0.00243245
32.8206 43.4737 2.06867 0.0274925 -0.99962 -0.00196093
32.7688 43.4701 3.22127 0.0274947 -0.999621 -0.00105457
32.7008 43.4671 4.1626 0.0270408 -0.999629 -0.00324777
32.6887 43.4636 5.33817 0.0262961 -0.999653 -0.00161557
32.6843 43.4634 6.2451 0.0272773 -0.999628 -0.000116663
31.6835 43.4351 7.01323 0.0249177 -0.999685 -0.000737112
30.0129 43.3994 7.03384 0.020878 -0.99978 -0.0020378
29.0618 43.3888 7.04833 0.0099893 -0.99995 -2.21762e-05
28.0854 43.3793 7.06227 0.00760738 -0.999969 0.000108457
27.1501 43.3751 7.1523 0.00290934 -0.999995 -0.00017168
25.9996 43.3728 7.03437 0.00300921 -0.999989 -0.00220292
24.8674 43.3792 7.04711 -0.00818085 -0.999958 0.00408263
23.9309 43.3851 7.09491 -0.00614166 -0.999978 0.00229988
23.0055 43.3932 6.9889 -0.00278978 -0.999988 -0.00414506
22.0603 43.4022 6.06317 -0.00749797 -0.999968 -0.00114974
22.0987 43.3986 4.90912 -0.0118965 -0.999916 0.00516986
22.105 43.3919 3.52084 -0.0108334 -0.999938 0.00251929
22.0548 43.3911 2.80787 -0.0111823 -0.999936 0.00187356
22.053 43.3908 2.62746 -0.0117488 -0.999924 0.00344866
